-0.17582001
-1.05827719
0.55386839
0.27154775
-0.12311549
0.13300898
0.04748318
1.32115083
0.65211915
-0.62288905
-0.69149769
0.70262501
-0.07713631
0.46489181
-1.29985036
0.02809904
0.30374496
-1.52363326
1.41257745
0.04519113
2.25199510
-0.34119777
0.09171176
1.47202347
0.17616712
-0.88197935
-1.21399290
-1.28339644
-2.11570882
1.79606716
1.12287588
-1.08026251
-0.74929041
-0.22836244
-1.47027877
0.36263741
-0.75083220
1.88418457
-3.22894084
-1.35040385
1.14979718
0.48579921
-0.74191381
2.27976046
0.90777089
0.05389726
0.87760093
0.69303286
1.66598705
0.59440674
-0.29331682
0.43562866
0.12480510
-1.37443732
-0.08781521
0.54202273
-0.54177984
-0.97983257
-0.39936986
0.83158503
-1.54427054
0.11192830
-0.31882165
0.83197040
0.51103516
-1.90798582
0.22564978
1.12407201
-0.52238916
0.95379679
1.35129951
0.68174167
-0.30863823
0.64519415
1.74048462
1.31138181
-0.79646804
0.29578024
-1.39368089
0.46379465
-0.32810819
-0.65004192
-0.06819877
-0.14666417
-0.83216482
0.54073272
1.02172085
-0.95009864
-1.22780042
0.25194425
1.32081609
0.99199769
0.96778470
-0.29513779
-0.08318847
1.10334812
1.00850447
-0.53834263
1.40898441
-1.16897168
0.09311997
-2.01114651
1.25898537
-0.51463862
-0.04211422
-1.00606932
1.20174151
-2.21026454
-0.83061829
0.02997310
-0.83031015
0.80885376
0.14443603
-0.22453297
1.36975905
-0.30572803
1.18513106
0.22383816
-0.33582735
1.59413869
0.94409408
-1.44812516
0.76449458
-1.57858167
0.21018244
-0.83299715
-0.64662319
1.56713182
-0.88038264
0.38846084
1.93359257
-1.12304028
-0.05686401
-0.26098456
-1.89458823
-0.08651024
1.30305230
0.36543706
-1.54760613
1.96362034
-0.24028130
-0.66427102
-0.03469568
-1.04309326
2.68424595
1.65725172
0.15642430
0.63673593
-0.24141292
-0.66899902
0.13719948
-0.23223888
-1.16123931
1.13630737
0.29185106
-0.54880158
-0.04026213
1.52460814
-0.25903931
0.79075680
-0.15556331
0.84484442
1.05942646
-1.19408652
-2.07490233
-0.29133791
1.81757909
-1.53961521
1.61251462
-1.21218444
0.44313012
0.90415476
1.93965299
-0.83211587
1.43301691
-1.70181151
-1.14144347
0.32866876
0.35273420
3.29564413
-0.78507171
-0.64778924
-0.47266996
-2.11161766
0.93862877
0.57112340
-0.36014008
-1.87999093
2.23485667
-1.16473533
-0.64552675
-0.19229259
-0.69981230
0.79367615
-1.54264152
-0.62443719
-0.14651911
0.61887222
0.52892218
-0.46562936
2.41208054
0.26510404
-0.57161903
1.20687999
0.76681228
-0.01227101
-0.08553581
0.58313172
-0.33663687
-0.58027101
-1.95394997
-2.05267270
1.42712470
2.68328564
0.44020460
-0.62113410
1.49980267
0.08022117
-0.35846936
0.76649951
-0.33235525
0.29368506
0.89754429
-0.16931528
1.38274780
0.80502834
1.42877890
-0.33384356
0.06233956
1.14976998
-0.22433806
0.51169310
0.07121509
-2.35570312
-1.04071106
-0.65402087
-0.84399096
-2.40895714
0.27689568
-0.90383740
-0.90526413
-1.83727431
-1.64786067
-1.03524262
-0.63161512
1.05869017
-0.96389117
-0.15496993
0.21563248
1.98112938
0.18648156
0.59078689
0.54774875
0.85130320
2.58259054
-0.20206183
-1.57961251
0.39155394
-0.64637160
0.12049193
-0.25545611
-1.03712178
1.20060734
-0.64410748
-1.66710764
-0.39977881
0.73718860
-0.78809115
-1.96087599
0.58702389
0.48563905
0.87791159
-1.23155679
-0.98657939
0.54864545
-1.42844283
0.31711684
1.86662323
2.04672158
0.95560514
1.67782913
-0.25454435
0.92817468
1.08041903
0.20808683
1.13036737
-0.41221685
-0.05297967
-1.42788092
-0.53827527
0.48928825
-3.26015855
1.35166694
1.78863703
1.01457076
0.90874554
-1.12173351
-1.29940668
0.36821130
0.89588448
-0.03020152
-2.13383731
0.85747324
0.60440270
-1.38690354
0.12538831
-0.82384940
0.11336494
1.41474720
0.19137420
0.82117808
-1.00571668
-1.47077459
-1.32918028
-0.65399611
0.49240489
1.32282699
0.88852618
1.04397853
1.22364195
-0.98686641
0.54483893
0.19738247
-1.18431846
-1.24322820
-0.12785707
1.33987360
-0.18574221
1.49726897
0.75925520
0.56152418
0.77683830
1.32509061
0.31613864
0.08038719
-0.28720932
-0.63267155
0.33219181
1.93591688
-0.88862918
1.52491515
0.50369794
-1.13602349
1.41754785
-0.25271714
-0.14715384
-0.73824566
-0.58672336
-1.35252051
-0.69464579
-0.87415547
-0.09964371
-1.76830647
0.28138259
0.91195754
0.51316593
0.54772167
-0.02103648
-2.31609996
0.17161840
1.12392434
1.72663787
-0.95905838
-0.22909523
-0.87530756
-0.73586337
-0.76242642
-2.40775437
-1.59296960
0.23081018
0.63878464
-0.13008677
-0.32374062
-0.11396509
-1.02173586
-0.32210564
-2.06291531
-0.26146276
0.59974449
-0.71431003
-1.07868325
1.26830933
-1.21567664
-2.75188440
-1.41737582
-0.73775512
-2.44360504
0.39241913
1.04812495
1.55451341
-1.51689955
0.95369991
-1.68799002
-0.30318895
0.45404026
-0.34296512
0.98804484
0.56314379
-0.98956727
-0.19539042
-0.27443680
-1.22515136
0.84521833
-0.42156105
-0.28823861
0.09426437
-0.06783245
1.65629980
0.51080266
-0.06546685
-0.16446968
1.35204302
-0.94303289
0.14075127
1.27904429
-1.11977038
-2.37493839
-0.79314546
2.49106604
0.65642231
-0.67298375
0.03966057
-1.81646706
0.60902130
0.25594411
-0.57749984
0.72524250
1.60883369
1.41033089
-0.12221147
0.81717904
-0.57040027
-0.69458395
-1.78658404
-0.49081362
-0.70262690
-1.47871249
0.72986991
-2.27509854
-1.18282456
1.02861022
-1.68339970
-0.77995584
2.24797378
0.09703594
0.08412987
0.28975561
0.82789714
-0.42522592
0.12934413
0.54095379
0.11997820
-0.11162719
-0.37075228
-0.00027157
0.73308839
-0.22175815
1.15836586
0.47375791
-2.11773070
-0.50076718
0.09980861
1.17688980
1.97823199
-1.09068254
-0.64914016
-0.01238089
-1.57847324
0.05174948
-0.93628263
-1.61301571
-0.14541476
0.07796182
0.31652674
0.66969061
0.88296454
0.17473713
2.78431241
-2.11538398
2.35767425
0.33199723
-0.68650244
2.30847935
-2.11076245
-0.00996800
-0.48109077
1.27155645
0.99168174
-0.11898230
-0.42984548
0.67148147
0.42821761
0.28113025
-0.69434509
-0.56939561
0.90537088
-0.07737176
1.29015091
0.20257302
-0.04499748
0.13798063
-3.80314903
0.22467555
1.08433568
-0.49920872
-0.00510051
0.20927980
-1.71944527
-0.65030669
-0.73744264
1.58878771
0.50118780
-0.61716092
1.15525689
2.12064767
-0.03833770
-1.47488733
0.59318755
2.13598563
0.79875286
0.72808518
-1.17636065
-0.83193974
-0.56957836
0.31446193
-1.82504505
-0.47148643
0.94395265
0.72771732
2.17083019
-0.22535035
-0.60093068
-0.28660724
1.19321334
0.37540084
-0.27389844
0.24208902
0.47991613
0.47681009
1.23333058
0.87682438
0.42349426
0.32537870
-2.14889247
2.86805607
-0.67408592
-0.84209643
-0.84842940
0.00057233
1.71394984
-1.36204435
0.95526179
0.94208433
-0.02795885
0.19560185
0.30603848
-1.22419641
-0.01158877
1.63566418
-0.37599541
-0.19237821
1.61609105
1.72478320
1.10169456
-2.20883243
0.49901646
-0.89590860
0.26741896
1.33538551
0.73931304
-0.75045836
-0.33317453
1.17753219
1.75667133
0.72761587
-0.89599351
-1.54765395
-0.24684791
0.38838146
-0.40053477
-1.04883496
0.53495587
-0.46208566
-1.54705788
-2.06158181
-1.23063250
-0.15879921
1.24626676
1.21893080
-1.10548332
-0.74942331
-1.22032683
-0.49591901
-1.14152801
-0.89957914
-0.80658866
1.09958600
0.93494596
-1.01436452
-1.10515340
-0.39207573
-1.74008311
-0.26282386
0.61094242
-0.32960364
0.04429596
-1.17024949
1.49305992
0.49984207
-0.18903581
-1.27509235
-0.85518708
-0.12560093
1.98442340
-0.00950239
-2.52318724
0.39203538
-0.80207536
-0.49124453
0.99114955
-0.51067698
-1.00837984
1.03887812
-0.90141835
-0.12426619
0.43691789
-1.25276316
-0.03922357
0.33748862
-1.08987671
2.72840116
0.35580349
1.93544354
0.01773465
-0.89669831
1.36347137
-0.26685151
0.02204433
1.37260335
3.43506751
-1.89585438
0.21583225
1.33359037
0.97488819
-0.58377139
1.05053688
1.21913825
-0.70755832
2.96219544
-0.06044676
-0.51278355
0.08145766
0.16821922
0.68206332
-0.80083549
-0.28742236
-0.43827721
-0.91516291
2.40809154
1.47972407
-0.21834908
-0.37310737
0.09061043
-2.35351760
-1.52098120
1.38935809
-0.60518457
-0.37007495
0.88951229
0.58158405
-0.33612349
1.95671274
1.25261954
-1.17368189
-1.47359079
-0.13719701
0.16870911
-0.56536850
-1.69757061
0.43825726
0.20905866
-1.32065831
0.36143138
-0.99691829
1.07304664
0.56703846
2.63409509
0.55115401
-1.04974499
-1.08999693
0.01546715
0.64043446
0.07631913
0.36232664
0.23195296
0.05341724
0.98064671
-0.74505340
-0.55498205
-0.78448537
-0.27095809
-0.30958903
1.33834369
0.94024644
-2.25823911
0.36244789
-2.01081369
0.34237484
1.18443230
-0.11221438
-0.68232542
-0.34733696
0.54394398
-0.64389107
0.14526293
0.52553915
1.47068260
-1.77387275
-0.95676620
-1.08430035
-1.08890212
-1.85916219
-0.67603327
-1.12727361
1.53182080
0.89662075
-0.10869577
1.09429478
2.04087663
-0.66140542
1.66955795
-2.35524046
-0.44988472
0.94445474
1.53944400
-2.81479259
-0.82876254
-1.40315792
-0.45393460
1.95495233
-0.83245967
1.52764975
1.34377450
-0.89819741
-0.03187997
2.35277762
-0.19727631
-0.34181747
-1.27717219
-0.30515157
-1.02076956
1.44569057
0.28511028
-1.52505871
-0.36219349
0.16184699
0.90892523
0.62476850
0.27774098
1.36453691
-0.03549639
-2.46146354
0.75458672
0.63902263
-1.73783386
-1.25726384
-0.01121911
1.71714624
-0.65963914
0.92326263
-0.29637251
-2.04772792
0.30278280
1.62776877
0.14741670
-3.16700199
0.02412622
-0.11093600
0.25525074
-1.02575889
-0.99161491
-0.84758446
0.40199341
-0.75501317
-2.89020486
-0.35182536
-0.09874242
1.01098291
-1.28805655
1.16066807
1.23753710
-0.15676610
2.07126383
0.92231180
-0.02594549
-0.67726764
-0.19973941
-2.36070820
1.84192747
-1.55629318
0.78459560
0.08938095
1.26356399
-0.27310515
0.27559105
0.48456728
-0.96438071
-0.43919271
0.80076345
0.72057786
0.52093396
2.24027615
0.59989998
-0.49129915
0.70991352
0.15096792
0.44317233
1.70492241
-0.31866103
-0.35728479
-1.75212095
1.73710476
-0.15914085
0.04530850
0.19535752
0.20945585
-1.42652054
0.81244594
-1.22847845
-0.88897798
-0.17634034
2.58193344
-0.78945180
-1.79933533
-0.28788237
-0.98567789
-0.63621087
-0.78941056
-2.14054762
-2.53274492
-2.13182698
-0.82371914
-2.10656080
-0.57703761
-1.58141679
-0.15781960
1.18269380
1.19183480
-0.80226425
1.07414264
0.25528653
2.24443282
1.92698027
2.14759836
1.54677375
1.77689043
1.16414933
2.53720372
0.94036645
2.15422461
1.31823061
0.40869792
3.10618553
0.86902893
0.65771415
1.02645960
0.59853107
0.50101595
2.03240089
-0.69703739
-1.00422443
-0.76557623
-1.95611782
-0.91071496
-0.78259013
-0.85133171
-2.58879402
-1.17750130
0.60993558
-0.52041623
-1.26363035
0.29805084
-0.67352365
0.55877732
0.00567337
-0.10363182
-0.89077851
-0.30042608
0.40153529
1.28168214
0.56557477
2.05614036
-1.54896807
-1.41568569
0.65170011
1.67323450
-1.65845906
-0.66349840
0.00373653
0.98984230
-0.39717827
1.49350326
-0.45795092
-0.23889778
0.36577018
0.72742138
-0.49070229
-0.38537992
-0.15325474
-0.53128523
0.91608146
1.27044911
0.90072908
0.14150636
0.38219192
0.09943693
-0.22394438
0.77019224
0.19104359
0.45360509
0.83213736
1.49463877
-0.30908789
1.26950159
0.43838764
-0.61035399
-0.55853139
1.22125674
-0.86177408
-0.18738347
-0.82467471
-2.18846125
0.22309272
1.28331968
-0.51216323
-0.32424032
-0.11088567
-0.50240780
1.18975388
-0.20457207
1.15211757
0.48188323
-0.39858309
-1.17578659
0.79651144
-0.85658166
-3.34597027
0.16767550
2.03711877
0.46411421
-1.03256201
1.44535638
0.76227700
0.41529511
1.29948515
0.72252407
0.15085263
1.82183167
-0.87610407
-0.42479181
1.45868231
0.32557460
-2.61786268
-2.32780806
0.31510056
1.14938935
0.46670496
0.84076516
-0.95948811
-0.63090643
-1.18264326
0.48123662
0.97397900
-1.22682372
-2.03995548
0.12870941
0.41417566
0.19634306
0.18323975
-2.46952623
0.36064692
0.35382160
0.50930810
1.13166569
-0.04963478
0.22638835
-0.03819506
-1.51010973
-1.68386122
0.09451769
0.05424636
-0.07090338
1.59652226
0.13264960
-0.64115402
0.30812164
-1.06795546
-0.27399480
-2.33730248
1.16062585
0.42485276
0.00909273
-0.22438838
0.47558407
-0.07726044
1.14037354
0.59132630
-0.75149205
0.81780786
0.47710080
-2.00800987
0.27916736
1.63293115
-0.05839178
-2.14992009
0.14940563
1.74949046
0.41832829
-1.10411959
1.81815768
0.33326776
0.38739600
-0.84618773
0.62331047
-0.01993025
-1.02809579
-1.42177292
0.81245602
0.11808953
1.50501434
-1.02959708
-0.91592140
0.97446282
0.34773401
0.84178904
0.51104410
-0.75671410
1.45428910
-0.09389322
1.30915897
1.76628293
-0.89157709
0.78267919
-1.54988503
-0.21660050
0.11583366
-0.59345699
-0.08016352
-3.03739015
-1.14860106
-1.30656339
0.57382748
1.27647368
-0.00750157
0.57142029
-0.96422686
1.03680562
-2.06034589
-0.59865640
0.69684528
1.49774254
-0.38368944
0.15492210
0.00415336
-0.10047014
0.29209126
0.93753901
0.04892039
-0.04628403
-2.56062738
-1.18326505
-0.94977024
-1.56363512
2.24919271
0.16462523
0.08765590
-0.31632464
-0.42563925
0.54803753
1.66637815
1.13009706
-0.13274987
-1.27219179
0.14770147
1.26042567
0.92836640
1.17225274
-0.30852712
2.75702586
-0.29632059
-0.83412017
-0.70179073
0.30300400
-0.61487630
0.49407232
0.19226015
1.27391209
-0.53201311
0.14288791
1.89599485
0.14307049
-1.20874635
-2.26592784
-0.36993563
0.51360526
-0.07176173
-0.26880448
0.93548123
-0.73144823
0.19487663
0.31978158
-0.88893216
-0.27044778
-0.18554116
-0.70197585
1.77909071
1.47785456
1.50202090
-0.34807395
1.79797577
0.99269340
0.45936400
2.20788378
0.80383001
-0.38012754
-1.33846907
1.81962786
1.83220102
-0.82389620
-0.15967649
-2.36762366
-0.77383724
0.30422925
0.48448778
-0.95465510
-2.23500108
-1.16807293
0.04138321
1.08559066
-3.00798316
0.76704629
-1.45069019
0.10315889
0.21263793
-0.06319445
1.37585309
-1.04622078
0.10718130
-0.36174340
-0.46325521
1.30885946
0.53416609
0.34874426
1.42696365
-0.70722225
0.87335845
-0.15260614
-1.59563750
1.51697897
0.53980692
-1.59716833
-2.23667056
-0.30792436
-0.54854097
-0.71299262
-1.54382762
-1.36504089
1.76333105
0.51064053
-0.98363779
1.37968461
0.56183919
0.97872225
1.22200451
-1.21034973
-1.45382303
1.46716155
-0.21359391
-0.73358712
0.81140464
0.59952829
1.24285003
-0.63857811
-1.31790970
0.75651246
0.87403853
0.15910152
0.34887947
-0.58708045
-1.56653396
1.40629034
-0.25090001
0.71161210
0.19112779
-2.04431197
-0.28153312
0.16311690
-0.55710219
0.27835620
0.48225748
-0.82138373
1.29654598
0.14276243
-0.74713605
0.09911720
1.39477946
-1.55918607
-0.51711347
-1.71732994
-0.31837343
-0.01964873
0.48917087
-0.42047157
1.21971234
1.06391343
1.32476808
-2.80585541
-1.13725403
-0.59145804
1.75503000
0.42299359
-0.49986910
-0.62180096
0.17917401
0.56316491
1.10468796
-0.83792912
-1.34304004
-0.41044942
-0.03054638
0.32053565
-1.59549464
0.95699487
-0.62152237
1.59096603
-1.47418977
-1.45801465
0.32068899
-1.33879794
0.37935186
-0.29494369
2.41546243
0.96390132
-0.56872414
0.37714503
-1.48361505
0.45182597
1.21022030
-0.47360331
-0.54649668
-0.79098124
1.57528970
-0.56089565
0.66741627
1.26783153
-0.06630598
-0.98032222
-2.05645467
0.60129534
0.36350190
-0.07418119
-1.63805911
-3.25698058
0.11879062
0.19009740
-0.51886611
0.47511548
0.19823588
0.36873840
0.22123587
0.93181778
1.09532447
0.34682435
-0.07107691
0.43603089
-0.53039440
0.25531390
-0.93812559
-0.44024814
0.86343065
0.04582900
0.76399147
-1.17206163
1.37871147
0.40141579
0.62796763
1.23914205
1.45122377
-0.77993079
-2.79221882
1.53723745
1.21968404
-0.46124813
-0.66318528
-0.61765895
1.70639325
0.81697904
-1.15669486
-2.08950898
0.82622009
0.49624879
0.98021944
-0.66292877
-0.13088124
-1.56266690
-0.00892603
-2.49499938
-1.30387008
0.43013497
1.90072467
-0.48810755
1.95775461
-0.75430717
2.03693258
-1.69506636
-0.54470095
-0.60313791
-0.42087350
0.15906396
2.02951749
0.34078078
0.46082887
-0.22356953
-0.25920387
-0.93909555
1.44548561
-2.82279460
-1.65438751
-0.00858762
0.81337967
0.84361744
1.43357300
2.37782555
1.93942277
1.60646723
1.02681965
-1.36856720
-0.41815487
-0.02650635
1.32855574
1.00649944
-0.54143427
0.87333817
0.01606906
-0.45606666
-0.52205638
-0.65562895
0.24567610
-0.98681846
-0.57760557
0.56695055
-2.64679955
-0.68029920
0.96969427
-0.59837593
0.17958622
2.88612224
-0.89954969
0.27289869
-0.01255546
1.41612555
0.32017794
-1.63348084
0.59244954
-1.24583751
0.60882199
-1.71911811
-1.29617780
-0.75013895
-1.30281525
0.83541266
1.70378709
-1.90652547
0.36746395
1.91589046
0.35000007
-1.46542638
-0.36732547
0.77639254
0.28783244
-2.51194436
1.03533320
0.16317875
-0.90067997
-0.20400757
0.50810810
-0.18121126
-0.66156950
0.98769010
-0.32473047
2.02698069
0.05545249
0.34247810
-0.27326409
0.37966434
-0.90126732
-0.69197290
-1.92993807
-3.07414368
1.53428321
-0.55350583
0.43798308
1.34215435
-0.07856457
-1.83329709
0.92099458
-0.00075182
0.58821222
1.19205738
-0.06334496
-0.87234355
-0.69622935
-2.12423697
-0.77920797
-0.09038227
-0.37405477
-1.32101375
-0.40019144
-0.37074774
2.00278920
1.10988007
-0.35695373
1.30666023
-1.44198825
-0.89537298
-1.37832319
0.10928628
0.58498794
-0.83457809
-0.05519310
0.11968376
-1.27100134
1.27668783
-1.42252284
-1.24147471
0.38989760
-1.63570025
0.51911657
1.30334819
1.11843429
1.23473452
0.17554712
-0.53515093
-1.00690283
0.29439494
1.17667738
0.79345640
2.54078373
-0.22031249
0.69957385
-0.12374488
0.26684937
0.74975137
1.91506258
-0.68154459
-0.61876270
3.42700021
-1.34487857
-1.81037351
2.50591867
1.70722847
0.30485979
-1.01576330
0.52228099
-1.36813257
0.62011661
-0.49976535
1.23122129
2.25643295
0.07159084
1.68616736
-1.25213948
0.85710946
0.31461098
-1.70254005
0.65208182
0.19711844
-0.05878729
-0.47370502
-1.51846913
1.30774309
-0.15702159
-1.17875190
0.06192184
0.40742242
-0.08106449
-0.88035110
0.53614859
-0.00129879
-0.55293008
0.88803513
1.15659045
-0.60997705
-1.26892701
1.72722429
-0.49373059
1.72714543
0.65131483
0.02946398
-0.50760201
-0.05985313
-0.83016890
1.55132747
1.69016593
1.01394826
-0.95677437
0.72851673
-0.93936344
0.98583798
1.24266560
1.31826949
-1.59884078
-0.81580235
-0.60462658
0.19062757
-0.70984422
-1.02466222
0.98262822
1.69296283
-2.61398666
0.51668775
0.74577573
0.41981245
0.43512022
-0.22278644
-0.35234901
0.70217209
0.12822951
1.20077554
1.96536997
0.71789081
-0.60570061
1.38216415
0.31862841
0.04726199
-1.57138918
-0.03636028
-1.12289426
1.70160140
-2.61216813
-0.62612512
1.05741981
1.34811887
0.55378429
0.67910311
0.70371971
1.43852695
0.78376607
1.59334716
1.68230584
-0.24104396
-2.03909220
-0.00835424
-0.72539832
0.79120030
0.92036322
0.66960466
0.88408461
0.87339323
-0.92941761
-0.19180896
3.91302826
-0.75623598
1.51787502
0.83880516
-0.03064845
-0.91384288
-0.17933733
1.63371290
-0.00332401
-0.16394454
-1.24188374
-1.74841519
2.97937403
0.89586038
-1.26482939
0.99705616
-0.83261512
1.62405295
0.43664024
-0.07514000
-0.98577351
-0.10609527
2.49839012
-1.17706798
0.04862127
0.00935237
-0.08464094
0.43877905
1.70012932
0.41763143
-1.12946947
0.61997044
0.46400438
-0.98190038
-3.32741075
-0.44177557
-2.03964545
0.36269494
-0.05458447
0.39746494
1.65401696
1.44710949
-0.02495705
0.31206838
0.76309136
-0.88580995
-0.59345115
1.08595772
-1.17149973
0.90833402
-0.78817699
-0.45832752
-0.31136119
0.12907128
2.40419494
1.16394612
1.76892553
0.92537372
0.02186244
-0.84804958
0.40515682
2.18022540
-1.01130582
-0.20795888
-0.95234432
0.69189631
1.16103198
0.33910646
1.12028890
-0.65533033
-1.28736430
-0.94368001
0.68101772
-1.22141384
-0.24545311
0.62264821
-1.08071909
0.62712708
1.01799405
0.17197948
0.84607890
-0.04942793
0.19917797
-1.03499797
-0.30231361
1.03954585
-1.36350763
0.57079288
0.09409276
1.70987977
2.99495557
1.61118153
0.71653602
-0.44217975
-0.48777256
-1.08711434
-0.07760666
-0.15631695
-2.19864073
-0.21078395
-1.69190962
0.82815696
3.40820529
0.28047167
1.71536718
-1.48064242
0.05265213
0.13960790
-1.09836503
0.59582328
0.23133892
0.16024791
-0.84691302
1.38758286
-0.31644638
0.87544876
-1.31048366
0.59338386
1.30712356
0.59110012
0.47857058
-1.03003416
1.36792250
0.06186481
-3.75629075
1.66677303
0.09310104
1.43977411
-2.21185974
1.64851526
-0.01449877
0.18682422
1.46026900
0.25086808
-0.25515403
-0.01795896
0.71810571
1.58295192
0.70944517
1.93921026
-0.00072869
-0.56214571
-1.65447213
-0.53416252
-0.42412516
0.23419903
0.98851425
2.21547645
-0.49642255
-0.81167917
-0.08412588
0.97212182
0.02963979
0.85255315
-0.33003558
0.55475626
-0.08907531
-0.02771089
3.20073308
0.29331524
-1.88714786
-1.85621372
-0.08530250
1.29148276
-0.68874005
-1.25340225
-2.63664482
-1.02308756
-0.14356556
-0.50347533
-1.92537074
-0.47778736
0.52850595
0.98960638
0.11163303
-0.91568136
-1.54743839
-0.41165510
-0.87125193
-1.56186052
1.27286292
0.71965645
-0.57112544
-0.45318992
1.01578011
0.12618545
0.15317453
-2.35562397
0.03497098
0.54185501
0.00505316
0.11221821
0.29663947
-0.73476303
-0.85523052
-0.05746786
-1.87842412
1.68443905
0.88339225
-0.55282453
-2.13191658
-1.07673076
0.68623105
0.54640917
-0.78538419
0.60045266
-0.33818937
-0.36041968
-1.56961056
-1.02417318
1.47576136
1.67942686
-1.53422383
-1.38480255
-0.69135125
-0.42377065
0.99016215
0.09165223
0.49199790
-0.14267803
1.44340231
-0.00911387
0.81070736
-1.50035827
0.95014251
0.42809670
1.09578777
0.42110162
0.35424855
-0.13427907
2.10866921
1.49831979
-0.15332970
0.87188988
-0.01627230
-0.00216387
0.44118300
0.37766426
-0.59246825
-0.31890870
-2.03982100
0.81091336
-2.54975506
-1.40498850
0.55574775
-2.63533415
-0.93643667
0.72990245
-1.18499995
0.27915490
0.21514892
-0.23148356
-1.44648927
-0.03571439
2.94820244
0.14105760
-1.18499863
1.81367350
0.09704228
0.10153405
-0.31977356
1.05626990
-0.76696303
0.16553766
1.09286208
2.33052573
-0.85504036
-0.83737876
-0.06221773
-0.05899741
0.08251618
-0.53223359
1.91394595
-0.54114324
0.15627736
-2.19989144
-0.41682341
1.36207716
1.68294287
1.18814524
-0.12862437
1.46409800
-0.39392513
-0.62328561
0.09210540
-0.91545843
0.53022635
-0.59357407
-0.55141728
0.47841783
-0.20713109
0.08005649
-0.58948195
0.83670791
-0.66404718
0.31325202
0.15531343
-0.54599054
0.26127234
-0.74338210
1.62474677
0.43744867
-2.01868561
1.88266619
0.84056829
1.18076362
0.93888033
-1.42651211
0.83025711
0.66438339
-0.14844931
-0.89493668
-0.66673237
-1.54544723
-2.79682631
-0.85377297
1.09530891
-1.75645590
-1.00673036
0.04769341
0.92519127
0.39622419
-1.73933457
-0.49784319
-0.39995565
-1.28047025
-1.64207292
1.12187962
-0.25799847
0.25994617
1.59837402
1.03630049
-1.15811518
2.45310244
0.94163978
0.41424445
0.18609375
-0.14885137
-1.39986120
-0.66297676
-0.67970170
0.56561930
0.58471356
0.03479680
0.38703739
1.01988993
2.01674021
-0.23203044
0.41266936
1.39348012
0.87494745
0.07812389
-1.05796120
1.89927915
-0.01960920
0.43016072
1.66098256
-0.80612423
0.50657942
1.45322832
-0.73986008
-0.82343291
-1.54582520
-0.62718249
2.00008884
1.94235042
-0.38535149
-0.76226456
1.59259346
-0.83865905
0.14461688
1.11184241
-0.46019831
1.75324120
-0.21568977
0.57719577
1.36507959
-1.13321042
-0.19284578
0.56641999
0.94521728
1.29072647
-0.11731528
-0.78291306
-0.30674277
0.33463322
-0.27850860
1.07067354
-0.73087853
0.15958517
-0.39460015
-0.44027478
1.06608437
1.01021969
-0.40867200
-1.66707295
2.24821321
-1.11031087
-2.04495652
-0.08020020
0.42476988
0.41077459
0.79235958
1.37184879
0.79677115
-0.34748752
-0.30407941
-0.27834078
0.56706628
0.78038007
1.48287588
0.06537612
0.98330201
0.42641486
-0.47593082
1.67928039
-0.45285337
-0.47518672
-0.28019622
-0.67918680
0.76173132
0.35406573
-1.46018240
-1.62648987
-0.06353857
-1.36594635
-2.36095058
-0.35305362
-0.97245445
-2.32228278
-0.97202481
2.83036800
-2.02947384
-0.79103751
-0.23041847
-0.71633362
0.07869771
0.60453378
0.54594085
-0.74922083
