1.34625302
0.61380070
0.64164351
0.27645096
0.20694477
1.71447958
2.16761178
1.05541406
-0.89019356
-0.20887618
-1.06262690
1.41592644
0.50450278
-1.11695623
2.73518446
-0.40207967
-1.04701076
-1.36270120
1.01158546
-0.55326381
0.45748967
-0.68160587
-2.99156819
-0.02874973
-0.06383537
0.85359316
0.35008681
0.36953278
0.40441309
2.31501516
-0.62501959
-1.03225189
-0.18333847
-0.00029615
0.22811526
0.79524518
0.43751018
-0.01276254
-0.33422379
1.07228893
0.18711738
0.59479988
-0.82235962
-0.27878423
-0.27025935
-0.34165946
-1.90489763
0.05785974
0.84424076
0.42275607
1.08655830
1.04500408
0.61451551
0.86854396
0.60428786
-0.49500544
0.18130942
0.84232148
0.31227559
-0.59325652
-1.00525654
-1.23913408
1.27612833
1.38230352
-0.42775898
-1.63693590
0.25787792
-0.07653968
-1.92464555
-1.01440358
-2.34824285
-0.25034667
3.98896895
-1.90944755
-0.97678434
0.69707061
-1.26821497
1.27948766
-0.50429103
1.34890891
-1.17742494
1.11675563
0.45846920
-0.84055252
1.42656924
0.84756739
0.13128461
-1.35735881
-0.70770854
-0.34781072
-0.67145245
-1.12924396
-0.39893636
0.52505760
-0.20708942
-0.29630143
-0.88553589
-0.40776469
1.29328739
-0.11907376
1.62395431
1.39041036
0.09743218
0.83828224
1.86694451
0.66453353
1.84355567
-0.73948772
0.24523253
-0.16540670
0.29685225
-1.71293176
-0.29616324
-0.57180210
1.53827170
1.01291800
-1.08574617
0.18232088
0.45595447
0.93687529
-1.18270302
0.27438309
-1.79099251
2.50631969
-0.30625200
-0.20470151
-1.47396733
-0.24725470
-1.36278731
0.00067524
-1.44611132
1.35611903
-0.02034925
-0.82955527
0.43711167
2.17020637
-1.98441619
-0.49081091
0.03021251
-0.63390941
0.68716854
0.21817632
-0.55662500
-0.22033273
0.05731569
0.71058331
-0.73004023
-0.12401492
2.01898456
-0.59814968
-0.44151468
1.44363588
1.08055885
-0.62842089
1.04706692
-0.38931382
0.98302286
0.06033748
-1.99117702
0.33783526
-0.33578916
-0.43413647
0.56850527
-0.65407193
-1.02097624
0.58381627
1.05851978
0.82969352
-0.38580300
1.03824009
-0.60127096
-1.69578848
-0.88900673
-0.22478762
0.00082037
0.94870922
-1.56652568
-0.46834392
0.47479297
-0.43676228
-1.79159214
0.44659930
0.57889472
0.00533377
0.65959963
-0.99653386
-0.94352952
-0.35219701
-1.28594111
-0.12976725
-0.49417181
0.64987228
-0.49929678
-0.42486645
-0.40737079
0.74143638
-0.55260739
2.16063469
-0.12877533
0.60523097
-1.14295727
1.06068987
-1.38829328
-0.74609029
0.13266952
-0.19327523
-0.34165372
2.19765328
-0.27006095
-1.26574532
-0.80647658
-0.43587267
-0.31123821
0.07336431
-0.70655845
1.00830720
-2.09762607
0.18120094
0.65053790
1.12486764
-0.48781190
0.64730726
1.25878141
-1.83399621
-0.95080388
0.27408042
-1.59973869
1.00948189
-0.34871752
1.14091523
0.97347382
-0.35377245
-0.29309903
-0.07599668
1.06271389
-0.82917056
1.45196365
0.73829859
-1.07907126
1.06732944
-0.09634949
1.66029129
0.08781336
-0.26676229
-1.38716817
0.90216145
0.45870458
-1.34325074
-0.70550500
0.21055419
0.99046786
2.13228390
-1.09258725
0.19540207
1.31041235
-0.58906558
1.42341324
0.81452842
-0.00401487
0.30638831
0.46076311
-0.99997310
-2.54388867
0.01444466
0.97364072
1.46090051
0.38570307
0.28398202
-0.24864484
-0.36667828
-0.06547670
-0.89990481
-0.07181880
0.82542532
1.11872420
0.30425391
0.35307053
-0.40141379
1.72270261
0.43575643
-1.07768490
0.90369734
0.09611031
-0.33277916
-1.17006992
-0.13322822
0.66277081
-1.37474736
0.20088289
-0.73819002
0.26386512
-1.99508876
-0.05863302
0.67883384
1.22719798
0.25664401
1.71080728
1.46117114
0.91222744
1.84584103
-0.29835343
-0.98518652
-0.56538381
0.24889357
0.64765445
-1.33078418
-0.58682717
1.43788580
-0.60591816
-0.66388306
0.77617325
-0.94768121
1.74304321
-0.22748437
1.09691432
0.71629066
1.47905141
1.45185472
2.82753138
-0.47476056
-3.18071242
0.74900279
-0.37984613
-0.10494971
0.85285137
-0.00991815
-1.50540999
1.46248255
0.75957123
0.95575948
1.54680060
0.29056985
0.28976801
1.05812224
-2.31314603
-0.68952481
-1.50170551
0.14573802
0.05302196
-1.61664517
1.30279462
-0.90002841
-0.68976240
-0.93069067
-1.27924362
-0.43333462
-0.28226864
-0.58628012
-1.46200060
-0.22602972
-0.06527445
-0.48643148
0.54005889
-0.74690097
-0.58347536
-0.61475934
0.67908485
-1.77715390
-1.38762245
-0.69166282
0.65772480
-0.76114038
0.26946354
-0.31183451
0.68851408
-0.04874671
-0.24903551
-1.36139307
-0.87845703
-0.34723218
-0.00577735
-0.06808340
0.84956563
2.13383988
-1.89313787
-0.03936444
-1.59242949
-0.83200099
-0.51885671
-0.06757123
-0.05323284
-0.21265620
-1.63736539
-0.92864270
0.22491067
1.09883924
1.54208166
2.33085323
-0.84668580
-0.44385193
0.01899529
-1.20585095
0.46447412
1.30906255
-0.36102329
-0.17748560
-1.39030298
-0.84310646
0.84984802
0.85728714
0.94044162
-0.45086992
0.47427250
0.76814745
-0.27290599
-0.61002965
1.43965425
-0.60527402
-0.53886375
-0.64467508
-0.29989649
0.79763267
0.04192171
-0.06694911
0.51803372
-0.04633018
-0.50492277
-0.40334189
-0.11758390
1.14977426
-0.83996743
-0.31320841
0.26649434
-1.44176980
-0.63657380
0.89775443
-0.12308139
-0.32137595
-0.35955160
0.87225585
0.26900271
-0.71872032
0.14768797
-0.85688879
0.77862732
-1.08921485
-0.75299708
-0.70355505
1.26297921
1.52878908
2.03417752
-1.14874209
0.06471863
-0.26074101
0.02078610
0.88483972
1.37678805
-1.81076779
0.11986269
0.69961479
-0.31856778
0.05899351
-0.04842185
-0.70118496
-0.31300804
0.80653205
0.40660472
0.14144630
-0.97603667
-0.23111962
-0.36225003
0.62190087
0.07298142
0.63215815
0.75303010
-1.03825863
0.17186883
0.89987847
-0.19820346
-1.45930202
-1.42239093
0.16769733
-0.57031827
-0.73193648
-0.99684607
0.85544291
-1.19559946
-1.10134019
-1.46569625
-0.25563547
0.67764084
0.65545771
-2.35496125
-0.16317585
-2.78992613
-0.55140890
-0.79694538
0.98710094
-0.75224808
-0.91215034
0.19470274
0.40620615
-0.04547524
-0.80912627
-0.89589049
-0.03082738
2.18679071
-0.62276329
0.00157014
2.69055062
1.03175839
0.19490724
0.85283170
0.27510344
-0.10107620
0.31649207
0.82693047
1.06420954
0.91147752
0.56401735
0.19879603
-1.86182255
-0.86133247
-0.45247146
0.05949843
-0.87824094
-1.38823292
1.16120811
-0.67242132
-0.62894055
-0.20408806
0.19432626
1.17972392
0.75017321
-0.33981448
1.55635025
-0.30802613
-1.88957673
0.47056107
-1.42776289
0.61764349
0.28410744
-0.58038238
1.42471594
0.20212145
-0.64206439
-1.26673472
0.09057990
0.78518914
-0.70844549
-0.59072937
1.82048955
1.41816342
-2.50715680
0.53883221
-0.15649930
0.96498746
-0.66739552
0.55532736
0.14345556
-0.59930786
-0.34323771
0.64836157
-2.70950722
0.38152169
2.03482588
0.43669344
-1.39816154
0.56831141
-0.51769295
0.54800126
-0.41694427
2.19651116
0.03210815
1.16959866
-0.81291936
0.01393208
-1.79532400
1.18560699
1.68231909
3.40803348
-0.35936845
-0.75644527
-0.70100148
0.54626799
-0.08973048
-0.24729719
-0.22555274
-0.92300406
0.74021875
-1.48757945
0.64377432
-1.21265923
-1.14020163
-1.72955884
-0.26691688
1.33929402
-0.67565862
-0.54617922
1.03777873
1.29289408
0.91054088
0.88043942
-0.38752693
-0.14728591
-2.58332906
-0.71315449
0.16147737
0.14878081
0.93571741
-0.23581097
1.64545329
-0.50417774
0.66106664
-1.64886035
1.47633419
2.29031580
0.92188966
1.39797808
-0.51323287
0.91054257
-1.70477829
0.78497413
0.20351449
-1.10392557
-0.47333870
1.23114965
0.54364442
0.88427034
-0.86906733
-0.57307096
-0.25838937
-1.10726648
-0.13276189
1.11951848
1.42398452
1.27039509
1.10078333
-0.40295330
1.17337038
-0.78705690
0.92393161
-0.02734354
-1.08547586
0.08724937
-0.44150576
0.63423548
-0.48080287
-0.42967378
-0.02158923
0.07318559
-1.61224300
-1.45746751
-0.23162351
-0.44939766
-0.66600301
0.23597256
1.31547315
-0.85666111
0.63333348
-0.14392285
0.35323051
0.35526035
-0.08051649
0.91156650
-0.36451783
-0.12924860
-1.41554244
1.67790592
0.99885753
0.27575037
1.14512297
0.46783950
0.13309036
0.55240660
-0.58790997
-0.30388758
0.88556559
-0.03143617
0.40181928
0.61621295
-0.29926337
1.02426602
0.79742562
-0.97307396
-0.44878135
0.50196462
-0.26983086
-0.42516920
1.40992104
-0.18385625
0.07745071
1.53958645
0.84221571
1.09629682
0.21154212
1.36077613
0.73502845
-1.32348464
-1.37479878
2.09285460
0.46067641
-0.04375918
0.53830017
1.04305046
1.09840330
1.20382355
-2.12635155
-0.06992999
0.23249555
-2.20457844
1.18724472
-1.55361674
1.56613307
1.21165772
-0.57362267
-0.51876581
1.28046302
1.79837734
-0.67210861
1.13511601
0.49255266
-0.86222417
0.11631108
0.48668300
1.01592221
-1.13850132
-1.51455704
-2.06361387
-0.05760895
-2.97062556
-0.64619878
1.00417210
0.01056497
-1.12531669
-0.72419427
-1.24928983
-2.28798440
0.01419126
-0.93085084
-0.60689296
0.19632205
-2.02597631
-1.94040783
-1.57029891
-0.34134366
-1.94203008
-0.40193041
-1.30160159
-0.49657162
-0.05785157
-1.78107315
0.94571829
-0.82689142
-1.10421679
0.83874566
1.43926166
-0.02165311
2.43922371
-0.17017417
1.56944442
2.58014406
1.58741674
2.04480992
1.80034146
3.01275117
1.58816693
2.56628627
1.12775850
2.19592010
0.82098639
1.14464145
2.45707339
1.52846349
-0.25633020
-0.47161331
-0.76920348
-0.62885290
0.12376602
0.04828752
-0.78673093
0.38992111
-0.03516442
-2.43477885
-1.97482985
-1.00272380
-0.56976175
-1.81015121
-0.72355242
0.65526192
-0.39220479
-1.31964038
-0.97116276
-2.07733816
0.71717124
0.06431636
-1.48405029
0.87949844
0.26294763
-0.42783010
1.13018199
0.43518059
-0.04100524
-0.61398549
-0.88833299
0.22534054
-0.08055637
-1.67393204
-0.79079558
0.79192814
1.00769011
-1.79736952
1.68810921
-1.34344535
-1.49140494
0.39514696
1.66482455
-0.25208283
-0.58280034
0.54938393
-0.95820615
0.18463373
0.03346089
0.51326995
-0.33076729
0.94753462
1.55921319
-0.29739310
1.83985486
-0.06212504
-0.51814619
0.80052472
1.28734704
0.18090770
1.86201778
1.55483810
0.38169097
0.56874713
-0.41264664
0.30894483
-0.00438324
1.43518761
2.02752761
-0.18644238
1.56105854
-1.42560488
-0.29599194
-0.35796922
0.89745208
0.48115436
0.47617296
1.30349829
-0.46123470
1.03477603
0.24863118
0.30972037
0.47496672
-0.18768979
-0.25110186
0.67846044
-0.75515276
0.79904660
1.25550708
-1.23670806
1.43524973
0.21267153
1.98813014
1.53687235
1.35517675
0.65533033
0.27338194
1.40388275
0.67713120
1.55856647
0.24532186
-1.02193241
-2.02903086
1.22647545
-1.31007226
0.84044694
-1.06732948
-1.17078949
1.19171400
-0.91417730
0.22983562
-0.21380264
1.51664660
1.51541195
-0.04401351
-0.22925253
-2.25255914
0.37903110
1.30296305
-1.01947796
-2.73508831
1.98250242
-1.90056596
-1.49258744
0.94243888
-0.32239245
0.46805633
1.02328914
0.00109686
-0.87549206
-0.05066133
-0.88258550
0.29024515
0.11136664
0.31861963
1.86203788
1.37266721
-1.84067167
1.01121256
0.43617935
-0.99792490
1.88623253
0.33421260
-0.99901777
0.10220120
-0.31911086
-0.49169131
-0.02192914
0.63802886
0.47083577
-0.67114125
0.94466736
0.71322769
0.15460855
0.57306320
0.78060491
-0.03997323
-0.26151778
0.12702057
-0.78155917
-0.18622053
-0.46960843
-0.41361612
0.96576602
-1.61803590
0.14258918
-0.22343883
2.00309412
-0.39919640
-0.37520435
-0.17454771
-0.54268935
0.57236069
-1.56554474
0.34399158
0.51356391
0.51090708
-0.97705296
0.74653840
-0.65971894
-2.27289114
-0.54102306
0.27551697
-0.93065358
0.60284479
-0.76327387
-0.20290296
0.99651022
-1.28302965
-0.62864903
0.09714459
0.56210722
-0.19779659
-0.22864136
0.85975339
1.42359677
-1.42192623
0.31558894
-0.13717971
-0.65814134
-2.14916335
0.77903260
0.51249591
-3.11544217
-1.35520081
1.56310170
0.90909143
-0.72115684
0.84701387
-1.61280078
-0.52676947
-1.52164466
0.22094862
-1.08640956
0.48991296
1.45943681
-1.07312223
-0.23528181
-1.03840837
-0.13120845
1.07634907
-2.21049614
0.80609647
-1.09977602
-1.22782561
0.34277278
-0.04885502
-1.09643081
0.04098384
-1.71898736
1.43491546
0.69911459
1.74951112
0.73319710
-0.15438450
0.44655585
-1.60050925
-1.06908380
-0.69538696
-1.36874717
-2.45761840
-0.56586498
-1.18346090
1.34095744
0.49066092
0.45531717
-1.08335725
0.87614352
-0.01948868
-0.59721544
1.06226734
-0.79246463
0.06466582
0.71902300
-0.60522661
-0.76167407
0.97931270
1.38482682
0.60031675
-0.03514031
-0.26052885
-0.68473478
2.65705887
-1.15224532
0.93084080
0.10062672
0.29892663
0.07132510
1.35767636
1.55402371
0.30071726
-0.47394159
-1.38242461
-0.12056753
-0.73723459
1.26705740
-1.11715918
0.10634871
-2.25124986
0.77808803
0.14877024
1.13384740
0.41124548
-1.09994650
0.65394432
0.25299180
-0.73731884
-1.19631816
-0.35856627
-1.71395412
1.52589368
1.50269798
0.35834873
-0.30901001
-1.66899240
0.83829026
-0.39969541
-0.15426437
0.00734221
-1.19814438
-0.61508439
-0.51449742
-0.33287695
-0.50037655
1.35233120
-0.35470722
-0.16267714
-0.97118273
0.59777454
-0.85473236
-1.63363557
0.59368190
1.29556140
-1.62023926
-0.18942215
-0.28465421
-0.59387394
0.64177035
0.90784275
0.57221935
1.58293062
0.91175850
0.25137863
1.43898584
0.10751691
-0.73962014
2.21719828
-1.25144467
-1.04699213
-0.82309732
1.19337833
-0.77727812
1.91365769
-1.98614796
0.48015045
-1.06552187
-0.35376446
1.69131740
-0.59213585
1.46934208
0.19958115
1.15453312
1.67706176
-0.37088933
0.58684620
-1.48776628
-1.24936780
1.00374580
0.48960434
-1.69524141
-1.36082908
0.43695886
-0.81300787
-0.19081355
-0.36090342
0.92341407
-0.79158457
1.64073861
0.12840762
0.62745285
-0.23265404
0.53422804
0.42904767
-2.18149909
-0.16745555
-0.00605301
-0.93853728
-0.06999479
-0.34138259
-0.33503424
0.66454322
0.94240835
-0.05484831
0.54656998
-1.16147100
1.26966899
0.21581170
-0.74930602
1.15347592
0.09991710
0.10680690
0.54974260
0.52741021
-1.03402363
1.79021228
0.54469551
-0.55050777
1.36771197
1.99101700
-0.94357264
-0.70659021
0.60360910
1.07709239
-1.63039607
-0.49009996
0.35990597
-1.48147361
0.05195108
-1.55560682
0.45944675
-1.59376266
0.48463379
-0.57615100
-1.72133079
-0.62831535
-0.53864809
-1.26329665
-0.61791909
0.22226387
0.34260890
-0.66571214
-0.58358603
0.49662684
0.22591794
-1.46354727
0.82891487
1.54762602
-0.98720956
3.04240625
0.30604552
-0.45898498
0.22028760
-0.24930477
-0.14195739
-0.40769534
0.12342656
0.75625315
-0.46581574
-1.38158288
-0.81538040
-0.33794908
-1.05064318
-0.78639626
0.66639115
0.33098400
-1.74699107
0.28992187
-0.51102349
0.88793443
-0.29727356
1.91744929
-0.43898090
1.17759098
-0.60123610
0.55944586
-0.07238666
-0.90910095
-1.45231707
-0.26733711
0.66989661
-0.65679783
-0.94469025
-0.01437118
0.53535390
0.45366381
-0.28217405
-0.94073775
-1.65351537
-1.69733184
-0.38840973
1.51738033
0.60610212
0.34414705
-0.59807073
0.54612271
-0.55190958
0.66015191
0.41339306
1.52478432
-0.79046006
-0.18750955
-0.71439293
0.45691253
1.23591725
-1.07302738
-0.02894654
-0.05423547
-1.48915755
-0.88881938
2.00031218
0.30054857
1.86634298
-0.68972771
0.11409714
-0.88554710
0.80445702
0.79213013
0.48503083
1.06064727
0.62586259
-2.08341921
-0.05378345
0.54549475
-0.19566974
-1.14669012
0.53951344
-1.29815561
0.19865486
-2.18869354
-1.64947457
-0.79508033
1.77470636
-0.20984050
2.26500790
-1.02794974
-0.47135747
-0.77358177
0.79623664
1.04686176
-1.44685004
-0.60503647
1.19539875
-0.36899737
0.86187537
-1.85276084
-0.63436176
-0.00759774
-0.35877654
-2.58985870
-0.34627753
0.35859327
0.00968991
0.20723107
0.52819107
0.04526841
0.56614455
-1.56302631
1.04040522
-2.22288945
-0.91175163
-0.60107346
1.41542255
1.14480007
0.84280316
-1.53347391
-1.04945418
1.39918448
-0.64396690
-1.80536207
-0.93720996
-0.54597099
-0.83794880
-2.07358374
1.15524222
2.07775816
1.29797668
-1.25158327
0.35027227
1.04060776
0.22799786
-0.04727114
-0.17620622
0.20697118
-0.64577936
-1.26706559
0.95629314
0.05027436
-0.30953915
0.23617292
1.95002424
2.38283452
0.38355145
-0.21329934
-0.41684611
-0.14057757
0.03466835
-0.47637019
0.79942967
1.26547281
0.45925137
0.57194840
0.00476473
-0.34441391
-1.94086266
0.25337627
-0.32879718
-1.43558823
-0.08502935
0.73731787
-0.01655797
2.13625590
0.30960868
-0.17484338
0.46505058
-0.36197136
-0.44553069
-1.40452016
-0.82795990
0.27110827
0.59065331
1.65186849
0.45333419
0.60048094
-0.19831941
0.60616448
0.19838069
-1.29653801
-0.80262664
0.41555497
0.56317752
0.01787932
-0.78221010
-0.25282645
0.32434010
-0.25682117
1.14428780
-0.14064400
0.84303737
0.34923086
1.68030430
-0.57683408
1.21587886
-0.09846895
1.21001618
-0.56189228
-1.36197611
1.15133508
-0.00401155
0.61685250
1.37362964
-1.50210970
0.29998670
0.26174860
0.87735228
1.16194118
0.93057273
-1.31455174
1.10536631
-0.12181244
-0.24420790
0.18656764
-1.26474037
-1.30864152
-0.34735161
0.27290839
2.02824500
-0.73907731
1.69624531
-0.13237880
-1.33080637
-0.60668563
-0.06439275
-1.22076195
0.89512580
-0.09198480
1.34820901
-1.20860853
1.56248717
-1.10765931
-1.80766292
-0.27550400
-0.12568809
-1.23160770
-1.56801097
-0.01160758
-0.27828667
1.34141481
-0.98171574
-0.48617317
-1.79067795
-1.35549698
-0.61795391
0.73832825
1.18196801
-1.39343583
0.00319705
1.03339087
0.87929706
0.57007669
-0.74394625
-1.21864436
-1.41930129
0.03123856
1.32246595
-0.30243008
-0.31160367
2.37407679
-0.64789601
-3.35064277
-1.04447304
-0.31261996
0.47328724
1.47273965
0.18595845
0.37283862
-1.31697755
-1.11857419
0.88791223
-0.41754893
-0.67765578
0.76099629
0.19441676
-0.33272914
-0.40650155
-0.14707276
0.18818555
0.65399423
1.72519840
0.48815728
0.59951029
0.77824428
0.64368577
-1.31664008
-1.34148513
-1.67725013
1.18805674
0.74842374
0.31555355
0.58619541
1.46298937
-0.87238801
0.18646510
-0.00198555
1.37680816
-1.16472563
0.77159818
1.51496002
0.09223045
1.57078063
-0.47161345
1.41089659
-0.68358298
0.08923544
-0.15179259
0.41760713
-1.07775021
-0.99368887
0.11748771
-0.46209707
-0.24770676
-0.28583199
0.53189516
0.36443470
2.06596620
1.58860519
-0.14427808
-0.25225092
-0.09355791
-1.74106023
-2.87029938
1.13504173
-0.13701752
3.12120082
0.20453570
-0.56375763
-0.10618924
0.81441512
0.98428947
0.42467463
0.57832580
0.58850469
-0.86887980
-1.24388142
2.41869909
0.99410811
-0.96666444
0.53323187
-0.49667816
1.37586463
-0.14000180
0.74952501
1.35728461
-0.53383031
1.72246706
-0.17339290
0.07065047
-0.77842257
0.60080063
-0.18061084
-0.92717115
-1.05781933
1.99216992
0.51848567
-0.41384892
1.06511046
-1.85736281
0.75915436
-0.18244438
0.16045974
0.98708274
1.28422360
0.53902405
-0.48132195
-0.05311798
-0.05006180
-0.23410051
-0.28962837
-0.99647380
-0.43596195
-0.17248613
1.69433600
0.89303932
-0.20719789
-1.20224655
-0.89428302
-0.30656435
-0.64756597
-0.59419736
2.10062553
0.32415303
0.04073622
1.12153158
0.42935767
-0.72591766
0.25293519
-2.24930233
0.37419846
-0.70219077
0.11094628
0.90138160
-0.10068644
0.37590998
-0.35172044
0.22957200
-0.94933190
2.09589214
-0.31071258
-0.02887920
0.18897326
-0.06771558
-0.73635675
-0.49689955
0.19291236
-0.44927257
1.63611761
-0.40158027
-1.09359515
-1.76922060
-0.38981668
0.26323753
0.97276631
0.25162332
0.77882767
2.21708423
1.32039267
0.50517091
0.65734652
-0.11253050
-0.46721170
0.81152895
-0.43819399
0.96441653
0.60661794
0.01239269
0.03643958
-0.40641252
0.30550261
-0.56304998
-1.41346324
1.26348776
1.13005908
1.18288994
-0.04838329
0.40026463
0.74281033
1.68926697
-1.48311101
-0.07711843
-0.39350966
-0.28623879
-0.37259939
1.47563451
0.57638899
0.57091300
-0.67267358
-0.25187017
1.10960012
-1.09501550
-1.64521471
2.00690974
-0.35915610
0.96117902
-1.59033896
-1.48484890
-1.67459574
0.95599636
1.46649185
0.21505190
0.56292671
0.62275448
-0.43446259
-0.40295909
-1.11244086
-2.32177715
-1.67731244
3.61435311
0.12926970
1.85563957
-0.63230524
0.98222240
-1.63515678
-0.18137197
1.34630153
-1.53647849
-1.27200408
-1.00646720
-0.76596750
0.07075031
2.84187168
1.73959711
-1.28602310
-1.72733494
0.49526341
0.29850777
-1.48618305
0.63210526
0.70309437
-0.62549678
1.10557483
0.32850800
0.02051055
-0.42747477
2.30216273
0.33120528
-1.52337722
0.37952097
0.51013092
0.28389207
0.62107242
1.74669951
0.75705179
1.21397091
0.09741104
0.45924561
-2.08788980
0.26120972
-0.20911215
1.09350086
0.95667952
-1.13085322
0.14323627
0.21780724
-0.35648186
0.19750338
-0.46668843
0.34357793
0.50190371
-0.87613118
-0.33546305
-1.05068493
0.14050060
0.05993211
0.71916818
1.14214106
0.38953792
0.42677850
-0.62264837
-0.16105356
0.88210080
-0.99001470
-1.89115668
0.48334393
0.43428150
0.81020378
-0.07030797
-0.57482008
0.23269929
0.27482673
-0.37645185
-0.98168036
1.35723904
1.17407372
0.87266535
-0.31960488
0.36765698
-1.08004302
2.23626572
0.05880228
-1.14242409
0.94279856
-0.12991168
-0.97503454
2.39836944
0.95617422
-0.09063153
0.00029091
-1.51480827
-1.63224735
0.78057267
-0.78004478
-1.48108630
-0.12185234
0.79649291
-0.85598669
-0.84507116
0.26910915
-0.09176054
-1.89205906
-0.20687149
-0.80760554
1.93204550
0.67735418
-0.94991741
-1.09519748
0.34025222
2.18674774
0.04211891
-0.42565276
-1.58801927
2.96948313
0.56044174
-1.02433155
-0.18262166
0.33812911
-1.01117983
-0.75982062
0.70549346
-0.35402118
-0.95347896
0.14207424
-1.59770864
-0.53812099
1.74860517
-0.21688702
-0.03573327
-0.96908685
1.27005459
-0.78477211
-0.86640863
1.51562704
1.13435322
-1.83425356
-1.14468201
0.26656358
1.40501912
0.32004955
-0.86872795
0.03577521
0.80492239
0.27766506
-1.51200951
0.41147452
-0.54340487
-0.41100761
0.31824101
-1.11767610
-0.13755581
-0.89139529
-0.14439010
-1.20753644
-0.49424258
-0.60986605
1.88265165
-0.53001000
-0.07926532
1.62304898
-0.87444439
1.06117542
-0.79556057
0.29442350
0.71069325
-1.66071922
0.55624415
0.12164739
0.87590029
1.56267697
1.18326534
-0.65995801
0.67701300
0.27228882
-0.80376884
1.15715853
-0.91311153
-0.98245301
1.56133702
-1.98592639
1.48425208
0.60511691
0.34805048
0.32683898
-0.75912530
-0.56709578
2.18195945
-0.87201736
0.20928719
-0.76567379
0.50198046
-1.20785055
-1.15931461
0.15728520
-0.76890980
-0.03304492
-0.50664945
-0.80850923
-1.10370106
-0.51053255
1.20651973
1.38894450
-1.42271240
-0.71549990
-0.23385395
-1.01374760
0.49338244
-2.09265048
0.76072575
0.37129035
0.36141498
0.25240847
0.09494482
0.40372837
-0.44899493
1.18021718
1.10294500
-1.14179530
1.06679477
0.17262892
0.44772710
-0.14853512
-0.36910787
-0.77149506
-1.03689598
-2.08488606
0.46968527
-1.21602573
-0.17309522
1.11492465
-1.68431360
0.85185014
-0.56150558
0.36750720
0.73703913
-2.44876369
0.83194380
0.26556019
0.51359737
-0.40939249
-0.03146252
-0.85412426
0.94046421
0.95629640
0.43764230
0.05474611
1.80045655
1.02847350
0.31691764
-0.27519232
-1.33578157
1.23522144
-2.13572942
-0.02344734
-1.05180108
-1.39549297
1.48994742
0.21421866
-0.98684626
-2.04310796
0.17764389
1.05381434
-0.61281979
-1.03375285
-0.21015405
-0.25945346
-0.56508370
0.44030828
-0.70923123
1.79005369
-0.95399797
0.44390601
0.51263202
-0.13183453
0.13588061
-0.76764813
-1.49653490
1.60897222
0.09955974
1.29072534
-1.20731993
-0.02397470
2.00548820
-0.72236008
-1.79675468
-0.11987292
-0.07344742
-0.41689206
-1.27675435
-0.09110473
-1.58901294
-1.23812992
0.58907053
1.84421166
0.53852642
-0.57493468
0.69431882
-0.56081040
0.92920305
-0.37168090
1.37272079
1.50986853
0.75398816
-0.26041357
0.93357573
0.97502088
-0.55979546
0.94359047
0.21224670
0.40681804
-0.31793385
-0.19617510
0.53429462
-0.96193520
1.90547804
1.21438159
-2.24875421
1.83788419
2.59741203
-1.30129249
-0.58830938
-0.56550894
0.10464089
1.02796323
-1.04905117
0.16407230
0.05214536
0.60346135
0.14399879
1.23323686
0.82465855
-0.50476661
0.47904834
0.94529608
0.38619720
1.63003525
-0.60921438
-2.88930964
1.89274497
-1.08656629
-1.55714229
-0.15413621
-0.13052321
0.41371460
0.02967283
0.65859855
-0.64020033
1.31958882
-0.72428477
0.95366221
1.87765856
