-0.42713472
0.08048395
-0.03951382
-0.16909586
-0.26373298
-0.13370208
-0.86422538
0.43458391
0.36438376
0.74479202
-0.21351383
-0.31743048
1.03769061
0.48521307
0.97749191
-0.65754704
-0.94577821
0.21865545
0.29906420
-0.69165920
-0.27731469
-0.55408495
0.74996754
-0.45450552
0.56339540
-0.35902955
0.00726148
-0.84055549
0.27243051
0.04738528
0.15799882
0.60202493
-1.05507126
0.14596800
1.11182759
0.98795299
-0.16119427
-0.27342074
-0.12600826
0.34122700
-0.33899364
-0.12275627
-0.44379173
0.38842089
-0.33610411
0.03451040
-0.14214938
-0.11053461
-0.16797248
-0.29346346
-0.22330194
0.35777013
0.20728605
-0.64535183
-0.61638973
1.02486671
0.66517356
-0.27344074
0.03489709
-0.19771694
-0.32876751
0.15170568
0.28592502
0.29793236
0.27345974
0.10707987
-0.82490775
0.24420855
-0.22851774
-0.28959498
0.73848175
-0.23321273
-0.79347524
0.16196382
0.28613614
0.41100590
-0.77759907
-0.16081771
0.10670009
-0.00401656
-0.66342101
-0.15913157
0.37039744
1.01773858
-0.09573293
-0.57997443
-0.84959147
0.20504168
0.09440669
0.18745695
-0.46560214
-0.79950924
0.09579973
0.25209973
-0.00068289
0.32342563
-0.02606100
-0.59710536
-0.29679024
0.00578461
0.79989550
-0.54129874
-0.15707788
-0.50111995
0.39104614
0.23961702
-0.19503863
0.03210533
0.23933429
-0.44028475
0.55454590
0.52205688
-0.15884053
0.13905183
-0.01293493
-0.50786409
-0.06543732
-0.35910517
0.88616326
0.22959387
0.20573509
0.01320620
-0.33862048
0.07237824
-0.06969082
-0.55185405
0.11651923
1.15124759
-0.73178226
-0.13080365
-0.69499971
-0.08840101
-0.17187515
0.18781454
-0.09013959
-0.56996893
-0.24700613
0.66176076
-0.33310567
-0.79369661
0.11001704
-0.99491666
0.40892886
-0.33214571
-0.48641166
0.09160064
0.08632893
-0.22823162
0.09849823
0.12475030
-0.03729934
-0.13266751
-0.91646946
0.00425948
0.43328302
0.68705433
0.05875329
-0.18918372
-0.79518924
-0.82573620
0.57335738
-0.63195996
-0.97530405
-0.52676990
0.66677312
-0.62517214
-0.16659818
-0.27758426
-0.81088367
0.03564808
0.75424874
-0.84207971
0.36226815
0.42950534
0.04150219
0.07218466
-0.05668486
-0.44674483
0.10177598
-0.02681573
0.25452982
0.26430048
0.98805750
-0.21286554
-0.39666189
0.22090675
0.05828012
-0.12652546
-0.15250392
-0.28924285
0.25067852
0.11256107
-0.19473787
-0.31525137
0.18622666
0.69679297
0.06597864
0.40811824
-0.09710514
0.71801815
-0.07603536
0.34802776
-0.17871385
0.76659262
-0.12687436
0.24253204
0.22668698
-0.79278831
-0.08815341
0.46115463
-0.70048268
-0.12230319
0.34407035
0.25381747
-0.71561854
0.88193766
0.27383413
-0.33907068
-0.30925401
0.24091238
-0.01334621
0.41136592
-0.08464802
-0.16654249
0.28445978
0.03378426
0.34401993
0.79293512
-0.19571923
-0.11801969
-0.22731520
0.20470080
-0.16612789
-0.36056985
0.22279710
0.32517293
0.23915735
0.45992537
-0.05841931
-0.05964840
0.02259737
-0.24253338
0.68058049
0.47342114
-0.11647189
0.63631879
-0.60308736
-0.23880991
-0.22032240
-0.26289145
0.36741119
-0.13151998
0.10688957
0.24068577
0.18806605
0.33188064
-0.05168961
-0.23645340
0.50394580
-0.29590396
1.16170365
0.15503054
-0.42914677
-0.31000961
0.47102090
0.30986419
-0.56067525
0.21028785
0.21479947
0.39898205
-0.00609161
0.13405272
0.09685765
-0.37133691
0.25764962
-0.31315676
0.82552739
0.07866024
0.22469918
0.20573357
-0.69095447
-0.24884760
0.85364265
0.68995362
0.43514811
0.58610942
-0.16302010
-0.58328970
-0.54093886
0.19273360
0.41992751
-0.42008522
0.10585456
-0.27632416
0.12928480
-0.50016778
0.14314891
-0.37748851
0.42979117
-0.39963661
-0.56049480
1.07590836
-0.59206201
-0.13018965
0.01075403
-0.03867109
0.13321693
-0.51462379
0.68397596
0.64867182
-0.18076173
-0.08357880
-0.48504150
0.00490549
-0.08833701
0.38804677
0.43362392
0.12377843
-0.45428220
0.03306188
-0.81824055
0.03983286
0.56487916
-0.46337592
-0.04395912
0.20664045
0.23685218
0.05054024
0.03294138
0.90423207
0.60252957
0.04213362
0.14237999
0.03909569
-0.31183212
0.19036064
-0.14979447
-0.02859464
0.18486746
-0.09032716
0.08269154
0.08830072
-0.03330555
-0.27397300
0.17147946
1.03536829
0.09063475
-0.65648797
-0.73918425
-0.25382850
0.03694778
-0.17384374
-0.43587078
0.20331377
0.03049776
0.15347836
0.35667467
0.88893869
0.17308178
0.92528309
-1.09709237
-0.31437421
0.35687572
0.14951589
0.98847287
-0.91367842
0.54377605
0.29097972
-0.73038221
-0.84021394
0.30900701
-0.67231571
0.58324191
-0.57039711
0.15410017
0.63044984
-0.41838864
-0.63426337
-0.18333103
-0.60358178
-0.20801644
-0.64148826
-0.38182606
-0.25372015
0.23003149
-0.05100546
-0.12302185
0.08588624
-0.93188739
0.16498540
-0.33640299
0.28168758
-0.19524894
-0.31177560
0.18152033
-0.49368677
0.27546232
0.68661797
0.41085506
-0.42944976
0.59935348
-0.29678457
0.25067072
0.04577338
-0.51647394
0.22603844
-0.10084550
-0.26198033
0.80403027
-0.32103662
-0.06691322
1.02694071
-0.43982235
0.80587898
-0.64254595
-0.32765448
0.53357650
0.01197306
-0.09617030
-0.08762011
-0.10917003
0.04011170
0.01852371
0.47882836
0.13979944
-0.04783671
0.75897879
0.19321877
0.03066738
-1.09933309
0.75750598
0.69986207
-0.04765480
0.53984302
-0.57577466
-0.51262371
0.97999141
-0.26664782
0.34873975
0.16470102
0.25847699
0.68260309
-1.20741088
-0.80186768
0.05468718
0.51535846
0.26776444
-0.02379039
0.73979908
-0.21554421
-0.67576351
0.38711699
0.04458347
0.30268578
-0.93703946
-0.95137000
0.59434884
-0.30113559
0.29624938
-0.37207964
0.01592880
0.13705432
0.06119265
0.98479217
-0.17373383
-0.43768575
-0.14446220
0.34299763
0.10255736
-0.78433431
-0.18340270
-0.01211334
-1.12971712
0.03365520
-0.18763490
0.12427232
-0.70741260
-0.13422048
0.09666403
0.10121538
0.52116566
0.62565103
-0.06400777
-0.32187015
0.55451139
-0.87490447
0.15620664
-0.39962752
0.58128676
-1.10141262
-0.27925050
-0.65073286
-0.06548962
-0.09711578
-0.50876469
-0.29327522
-0.55289023
-0.02513601
0.64223547
-0.26587713
0.13603541
-0.37490357
-0.27540168
0.52062323
-0.04590653
0.02117698
-0.48067828
0.08383869
0.27029180
0.08655349
-0.12926713
-1.02773890
0.08834858
0.02466584
-0.06746905
0.73553672
0.10411834
-0.05884545
0.35446269
0.08843013
0.04277171
-0.51044456
0.42134302
-0.10471421
0.71987541
0.71720291
-0.22117418
-0.34376840
-0.35307944
0.32580056
-0.51425404
0.13877530
-0.72674789
1.32813441
0.02704306
-0.80243030
-1.29968289
-0.23682495
0.50547322
0.37203343
0.42006461
1.12479403
-0.28354315
-0.04307054
0.55084668
0.07731551
0.09062300
0.09604157
0.30739600
0.15833743
0.43350589
-0.80056906
0.21951363
-0.16554629
-0.07226190
0.81572339
0.35208006
-0.31186440
-0.22148141
0.50177852
0.07577162
0.03095983
0.39835162
-0.76772444
-0.94180312
0.09510050
-0.46643514
-0.42891147
-0.55743191
0.01797121
0.32696298
0.00010588
0.14428313
-0.24916838
0.23628070
-0.71791525
0.10695356
0.12176435
-0.22876666
0.11421309
-0.52031120
0.09472241
0.82085608
-0.53783452
-0.15258857
0.05345068
0.01094395
-0.18431097
-0.28060458
-0.38562723
0.25894233
-0.33185190
-0.77088329
-0.42010636
-0.03228426
-0.02116892
0.75731770
0.37064625
-0.17210431
-0.10275697
-0.06155836
-0.42391874
0.44804301
-0.07782271
0.05021765
0.63609516
-0.32378236
0.14220452
-0.26514417
-0.18149323
1.20370942
-0.52062725
-0.52607507
0.28586905
-0.35669772
-0.21505328
-0.37977946
-0.66202585
0.09976339
-0.56943233
-0.02941614
-0.98978381
-0.12053152
0.36229394
-0.30126811
-0.09991125
-0.66355568
0.26252293
-0.38915356
-0.25522862
0.03941514
-0.01172510
-0.42436116
-0.27238445
-0.19245291
-0.43996092
-0.56286482
-0.76593155
-0.05866094
-0.05543967
0.51754219
0.05072290
-0.08315055
0.19782892
0.28294998
-0.94675748
-0.92848036
-0.28239223
0.06056236
-0.52589042
-0.26600905
0.20001691
-0.00194179
0.30962244
-0.13155503
-0.07181009
-0.14880089
0.15142596
-0.78463653
-0.45498247
-0.57195135
0.45215701
-0.24808940
0.58821807
-0.28987461
-0.17273141
0.69392506
0.51257391
0.41606595
-0.48304797
0.25933107
0.49481273
0.03383485
0.57117413
0.48906419
-0.03881369
-0.53615941
0.22592422
-0.26925738
0.41662142
-0.75858660
0.26618886
-0.61997426
0.78179169
-0.28825852
0.53237231
-0.49373051
0.07628604
0.82354859
0.09653172
0.02920805
0.15524308
0.16468773
-0.44698343
-0.33779118
-0.71441281
-0.84922792
0.88509583
0.20697728
0.14449768
-0.32332346
-0.77891510
-0.13029120
0.52798743
-0.19534031
0.47334257
0.32726555
-0.28310240
-1.08394270
-1.08914619
-0.18505245
0.00365185
-0.41533383
0.45982643
-0.52182034
0.65660432
0.25261928
0.01119724
0.01369711
-0.34764775
0.09509290
-0.30816535
-0.44748221
-0.30734105
0.16683362
-0.16913233
-0.70735918
-0.45201764
0.65811577
-0.65653745
-0.39789957
0.09000844
0.78228063
-1.51337241
-0.05620478
-0.16628606
0.57268889
-0.50784102
0.33322620
0.19711532
-0.92943638
-0.05301561
0.15936070
0.74433344
0.38992390
-0.54569939
0.73411406
-0.33736769
0.22774847
-0.36006198
-0.00178728
-0.02830228
0.30262292
-0.04838870
-0.31412062
-0.36633280
0.48845600
0.29933403
0.65043798
0.32492188
-0.25591339
-0.49629810
-0.13066638
-0.11647380
0.12653943
-0.54069743
0.20507531
-0.09693016
-0.40450230
-0.86756077
-0.11814329
0.33828289
-0.38933574
0.01017204
-0.13743174
0.37537799
-0.38580588
0.21809234
0.13854745
0.05836510
0.50944371
0.17606386
0.14849243
0.28711360
-0.18267323
-0.01181028
-0.62978418
0.02252531
-0.60914535
0.46571902
0.16500360
-0.70097262
-0.49173758
-0.44953926
-0.11319964
-1.00291851
-0.39965585
-0.27718347
-0.15043894
-0.18240527
0.50156371
0.35037389
-0.30026174
0.22129561
-0.56144221
-0.25061508
0.09766926
0.46455414
-0.55330936
0.09930268
1.12237800
-0.15373333
-0.70756675
-0.10915025
0.32130383
-0.61069845
0.19331791
-0.72336636
-0.86495907
-0.01492814
0.46518415
-0.39644524
-0.11460673
1.08861345
0.33137064
-0.10580371
0.46532081
0.02159517
-0.59790093
-0.35574368
0.20735626
-0.02724121
-0.56940981
-0.24248686
0.25952214
-1.00799021
0.22364281
0.36186480
-0.27807010
-0.19618780
-0.11214098
0.08876773
0.01884682
0.09570160
-0.07776334
0.32696963
0.05531657
0.16395781
-0.40446472
-0.31965200
0.17586558
-0.60628248
0.29213449
-0.28334303
0.47716987
0.22895351
0.03405335
0.45577530
0.71287919
0.29766289
0.16538618
0.21962010
-0.10564303
0.38997960
-0.50963690
-0.80899817
-0.05999935
-0.62665263
0.30646433
0.36077473
0.53714677
0.19707807
0.10467647
0.45720100
0.40526256
0.55201228
1.38824808
-1.05777957
-0.14100265
0.45516496
0.32947147
-0.10992588
-0.44729003
-0.25433407
-0.34631348
-0.09506618
-0.38605950
-0.39550845
-0.24034982
0.05777440
0.98746799
-0.23548570
-0.73779855
0.01143112
-0.23060187
0.31130861
-0.10951555
-0.06325597
0.68167336
0.22291467
0.45005873
-0.62499401
-0.70778662
0.25489624
0.17427572
0.61499344
0.60966491
-0.10059477
1.33825849
0.68397091
-0.02730591
-0.39974377
0.21494392
-0.41193577
0.02776749
0.25334564
-0.40922214
-0.14667693
-0.18218832
0.32198591
0.67328571
0.14453064
-0.38667031
-0.01709527
-0.34436112
0.21391521
-0.07852427
-0.60290784
-0.39209865
-0.32269433
0.12056636
-0.12436176
0.27045700
-0.01732198
0.68715227
-0.19374662
0.18433061
-0.01316176
-0.18363885
-0.00612735
0.14675129
-0.09562338
0.32214848
0.86243472
-0.05052707
0.64950366
0.15238172
-0.13005081
0.13012219
-0.43220094
0.11027850
-0.45493435
0.20536551
-0.30542317
-0.01108990
-0.55490360
0.41703982
0.43126910
0.29080510
-0.83375255
0.06795479
-0.66487503
-0.40472763
0.59702356
-0.65693657
-0.68679514
0.40659562
0.23691215
0.80687226
0.53857135
0.49245837
0.16169277
0.56017725
0.21343204
0.59963153
0.24207106
-0.35026050
0.24658362
0.12491240
0.10477327
0.29311570
-0.52390141
0.38889162
0.02400195
-0.12749163
-0.44072204
-0.10040891
0.77122777
0.53311770
0.17011375
-0.22086670
-0.82580186
0.29717161
-1.10667593
0.13801704
0.62998040
1.10701804
-0.54679698
0.30297196
0.49001908
-0.17650737
-0.11144494
0.28233233
0.46621335
-0.10109466
0.37076429
-0.25362843
0.41464590
0.81583698
0.56705969
-0.26268171
0.06877685
0.01233080
0.67287632
-0.34939698
0.28571201
0.16654502
0.67803753
0.40259670
0.25897785
0.37294284
0.57752374
-0.28485366
-0.91588709
-0.56375707
-0.16513037
0.46258590
0.18581881
0.08104331
-0.57473802
-0.82345841
-0.10391028
-0.75995044
0.55112331
0.13898354
-0.17532234
-0.15064771
-0.20235565
0.28842887
0.48534088
-0.16187040
0.24562244
0.15529000
0.49045002
0.30018329
0.08081568
-0.37364049
0.00218374
-0.15993350
-0.23183329
0.23915486
-0.01132666
1.06523818
-0.17697125
-0.61036886
0.11860021
-0.03620513
0.08803052
-0.54288188
0.02889453
-0.50356297
0.63925661
0.03050212
0.89932316
0.60448581
-0.80244458
0.78325083
0.14142131
0.04540342
0.03748384
0.28011079
-0.19639691
-0.56216041
0.74182192
-0.43653762
-0.04498526
0.78852700
-0.48672957
0.18414035
0.22611873
-0.41189392
-0.77323785
-0.15104496
-0.03758786
-0.86950113
-0.62069711
-0.01113000
-0.65464198
-0.87409958
0.50313714
-0.50460097
0.32982271
-0.23387661
0.34174916
0.31353804
-0.01113400
-0.08267393
0.14727741
0.08767299
0.06641472
0.88291142
1.41803060
0.46049709
-0.09962029
0.82700803
1.37577284
0.39139103
0.03925426
1.72275858
0.95619826
0.52443689
0.50988123
0.57273920
0.34867087
1.18082984
-0.64825852
0.58331895
0.40628810
-0.71428521
-0.12945191
-0.38793564
-0.74032447
-0.44585572
-0.14936554
-0.42302085
-0.12496181
-0.41067625
-0.46260511
-0.99063341
-0.38538260
-0.40767456
-0.89263392
-1.00388230
-1.18587832
-0.37434755
0.03838776
-0.17575862
-1.12890016
-0.57510579
-0.12055364
-0.64222281
-0.18388968
0.27981502
-0.01324512
-0.31309569
0.37013647
-0.84440069
-0.31143172
-0.39721928
0.42179511
0.46885684
-0.10512285
-0.27682685
-0.08466902
-0.55789007
-0.25166798
0.05320042
0.01122080
0.57638179
-0.11405649
-0.33585673
0.41881905
0.33557908
-0.40609762
0.09435189
-0.31892978
-0.34576289
-0.20188534
-0.32822721
0.71095987
-0.16000450
-0.16232270
0.56030180
-0.43881299
-0.43118014
-0.54994214
-0.28030158
0.63923683
-0.75941337
-0.73396934
0.48642202
0.00379911
0.25427649
0.50937421
-0.07293456
-0.00385397
0.64870526
-0.18341786
0.47460459
-0.00770900
0.43530050
0.02513720
-0.07102898
0.68436670
-0.54129926
-0.33385782
0.11447990
0.40969337
0.43590687
0.51709715
0.34745905
0.23033811
0.57667168
0.30165224
0.19060702
1.25316325
0.41171742
0.10968461
-0.15536685
-0.12749392
0.90360581
-0.55513036
0.00819935
0.40483514
0.33749546
-0.29411290
0.10262558
0.47507698
0.27382032
-0.12045572
-0.17008148
0.48922213
-0.22005383
-0.57187316
-0.28271427
-0.84713962
-0.80161007
-0.34809497
0.19372568
0.02414522
0.96191641
-0.01001965
0.08043153
-0.23126546
-0.81600178
0.51280065
-0.08990662
-0.29767021
-0.22849105
-0.06899619
-0.88942497
0.14253945
-0.27707066
0.32535704
0.81902250
0.17168512
0.28955402
0.08247309
-0.38082249
0.44991837
0.71188762
0.17213305
0.29003168
0.90289825
-0.19796771
-0.27364889
-0.63039062
-0.36557248
0.37411308
0.12451437
0.10923707
0.05496471
-0.02590325
-0.46366075
-0.10316167
-0.30930498
-0.53825670
0.72541868
0.39447177
1.53798846
0.35617095
-0.46477527
0.03217304
-0.33563102
0.46964925
-0.15864043
1.33353603
0.91473417
0.02815332
-0.19093861
0.26738572
0.75634147
-0.19065522
-0.35998274
0.18243632
0.36655908
-0.44081611
-0.50610958
0.22621918
-0.46529968
0.60874869
-0.41886516
0.20132194
0.33620566
-0.60137899
-0.02237206
0.23330972
0.09033156
-0.43707887
0.32762071
0.54427895
-0.25517810
-0.71195932
-0.00463730
-0.56510376
0.19313307
0.10170769
-0.47574875
0.99963860
-0.81793235
-0.09476613
0.05290338
-0.24442073
0.00537486
0.43383668
0.28673635
0.22747338
1.01119121
0.77193649
-0.31074046
0.53006426
-0.00995763
-0.01182506
0.40401642
0.49012799
0.57712053
0.52165256
-0.13459553
0.05360661
0.23087616
0.05917612
0.44223749
-0.95261013
-1.05036639
0.45308387
0.42861427
-0.17816272
0.36151900
0.23364143
0.10075193
-0.61383455
0.55525553
0.25689207
0.29301643
0.78902802
-0.31410981
0.68896117
-0.42803380
-0.08351370
-0.27487423
-0.65858521
0.07425365
-0.45229561
0.78984311
0.33865827
-0.04028208
0.20994973
0.57709465
-0.15901706
-0.50203830
-0.27980973
-0.12249203
0.29281696
0.15146043
0.08689498
-0.40606933
-0.17818949
-0.19942764
0.76211335
-0.08091297
0.12113004
0.02123417
-0.02315082
-0.44671413
-0.17489727
0.30460023
-0.65637510
-0.14418368
0.36541471
0.25959402
-0.53149165
-0.30402860
-0.44278620
0.07358428
-1.25827525
-0.41176280
-0.44334411
-0.32615714
0.28433179
0.13755322
0.07107558
0.70051320
-0.41132274
0.17878319
-0.09409133
-0.01810231
0.11428319
0.64352207
-0.19001320
-0.35381479
-0.53580295
0.23654146
0.02407966
0.26973802
-0.72161772
0.67998666
1.51781962
-0.43618525
-0.23354194
0.05295197
-0.74253535
-0.17425296
0.31051069
-0.13124877
0.42424746
0.41036196
-0.03648774
0.23137911
-0.68615075
0.22793634
-0.08816805
-0.15875845
0.81261541
0.50334700
-0.30375128
0.17839409
-0.32718221
0.15203757
0.11593973
0.66353333
-0.60602810
0.10458975
-0.34605295
1.08537771
-0.12911389
-0.65521686
0.34691590
0.38685067
-0.47399906
-0.14369924
-0.37400987
-0.07881709
0.37080935
0.39542744
0.34431960
-0.76654806
-0.12766999
-0.40532812
-0.61005030
0.65176245
0.54640408
0.53304775
0.20349653
0.28229560
-0.09732457
-0.46067632
0.04606656
-0.65148763
-0.39937590
-0.67278985
-0.81655961
-0.73686534
-0.50552974
0.03503521
0.23091828
0.05853269
-0.12201160
-0.67095993
-0.18231706
0.45240533
-0.15411866
-0.27948814
-0.04966096
0.27737410
0.68254166
0.00198186
-0.52576105
0.21278455
0.42439828
0.61576261
-0.53445031
-0.03891013
0.53948601
0.21793601
0.04201842
-0.38400448
-0.14431128
0.69071384
0.65640808
0.51477771
0.04004648
-0.24948791
1.03268434
-0.66854879
0.24849666
-0.68979589
-0.72836140
0.08096802
-0.87798292
0.38143373
-0.27996771
0.29302042
0.16838699
-0.05828610
-0.43259627
0.05054474
1.22380463
-0.47634158
-0.50368916
-0.18490207
0.14129005
-0.57417426
0.14322575
-0.39384459
0.50008169
-0.40583203
-0.12079785
0.10765489
0.44655696
0.79852340
0.41347085
-0.32208939
-0.47260432
0.42756338
-0.22598553
-0.24600768
-0.48142957
-0.28626634
-0.64939609
-1.12230484
-0.25125751
0.12635228
-1.22148336
0.05888887
0.87622058
-0.11154561
0.55838990
0.14057773
-0.16356586
0.49054695
0.26475495
0.18124939
0.26175789
0.20688971
0.72131765
0.07539887
0.37490297
0.11720468
0.65668576
0.02086271
-0.49318775
-0.12216531
0.29097538
-0.11910173
-0.50640383
0.10084356
0.01233774
0.14307520
0.29682301
-0.06703475
-0.87633685
0.51392445
0.28319221
-0.78140956
0.14302366
0.44462392
-0.66822946
0.08412761
0.00355438
1.05557213
0.84423046
-0.25687069
-0.11825967
0.54489466
0.36137026
0.24022353
-0.20865731
0.67935342
-0.50371288
-0.06216439
0.52026675
-0.38157930
-0.90890256
-0.34482546
0.82776818
-0.30685752
0.00058768
-0.35201390
0.67778912
-0.02400507
-0.07901478
-0.77553165
0.04192169
-0.01419223
-0.15800420
-0.13950660
0.59117105
-0.40615787
0.23075739
0.31694105
-0.37297383
-0.06750426
0.63197948
-0.55603338
-0.20024202
-0.30809320
-0.45007447
-0.54002695
0.04081791
0.75001072
0.08060666
-0.61363221
-0.15571522
0.07363807
0.21910420
-0.40801742
-0.32389421
-0.69211123
0.38032071
0.17927043
-0.25657492
1.04376078
0.05304561
0.48420855
0.59273045
-0.42140319
0.86712183
0.55989851
-0.04171324
-0.45947063
0.51747136
0.64882103
0.02482913
-0.74508479
-0.40273142
0.63206995
-0.28390846
1.06100105
-0.42896409
0.16030373
0.27185344
0.44201468
0.09528128
0.13160941
0.00825249
-0.23486751
-0.18611276
0.46565090
0.41655646
0.12360880
-0.19020702
-1.11914371
0.09281327
0.75565649
0.96688640
-1.19285035
-0.07707677
-0.56673798
0.19574142
-0.31217591
-1.16937334
0.04832037
0.80450765
-0.51297002
0.29463744
-0.26957066
-0.02238672
0.18934308
0.20766651
-0.27992498
0.41703477
-0.52338184
-0.10938318
-0.37221074
0.27704258
-0.01292040
0.90062817
0.09935238
0.14808291
0.13539389
0.10118794
-0.03515102
0.17139630
-0.05015131
-0.48486914
0.36484470
0.57210605
0.68862211
-0.31428731
-0.11394452
-0.63584524
0.07051044
0.25216980
-0.75134014
0.59505338
-0.20753877
0.09265529
0.07993117
-0.14255680
0.35532960
-0.09824793
0.00128026
-0.07114953
0.73800194
0.81153094
0.19996689
0.21406274
-0.04494577
0.43269492
-0.40824470
-0.02400904
-0.31823845
0.36654973
0.33073181
0.09349029
0.73664588
1.00029082
0.81728874
0.47326461
-0.50033783
-0.41662599
0.94053457
-0.02581008
-0.95103943
-0.56444910
0.20486372
0.49282825
-0.42056811
0.00605236
-0.44601071
-0.28410593
-0.32227522
0.47056694
0.00124737
-0.52453790
-0.88469493
0.11764664
-0.46006532
0.22015157
-0.37771552
-0.52708579
-0.67037622
-0.12656514
-0.21779126
-0.09599518
0.60357427
0.15499784
0.58028625
-0.59081935
0.39412860
0.98175845
-0.18313269
0.86950283
0.26899791
1.12542140
-0.14297219
-0.31128657
0.01036387
0.80437748
0.18112617
0.58458575
-0.01151688
0.19031903
-0.06000884
1.27886040
0.25598297
0.55417324
0.26808767
-0.53618161
-0.47207762
-0.19259342
0.68620843
-0.74321980
-0.22060374
0.91335364
0.58726766
1.15861169
-0.05875046
-0.05865572
-0.39707244
-0.52059469
-0.06676564
0.44781621
-0.70358366
-0.10039243
0.35028935
0.10911106
-0.06948104
-0.06631017
-0.01531702
0.50391432
-0.53079274
-0.49626212
-0.52876479
-0.33940475
0.82800219
-0.72809910
-0.51061269
-0.15323976
-0.23832858
0.80995015
-0.17052047
0.14572506
-0.28034915
0.01678082
-0.37216641
-0.30414579
0.93717517
-0.24076640
0.04445850
0.29895482
0.76078797
-0.04022310
0.32104382
0.20023596
-0.06301639
0.87883883
0.25273550
0.02858827
0.27875415
0.22757512
-0.34532687
0.56637110
-0.21057711
-0.31088767
-0.18628533
0.51727524
-0.24286148
0.44331991
-0.33052593
0.02542585
-0.29753226
0.09779379
0.55873157
0.37354314
-0.67149085
0.30007402
0.23444191
0.40862901
0.18380926
0.17792054
-0.09319230
0.19561761
0.46377750
0.57262365
0.52381631
-0.03839779
0.02420121
0.10304795
-0.79491274
-0.88792450
-0.25919995
0.04759278
-0.01432162
-0.69278303
1.29999535
-0.10047689
0.31221077
-0.00082951
-0.39376146
0.00459400
0.20268513
-0.15114423
0.55522380
0.25932818
0.17153755
0.61823109
-0.37126427
-0.36606731
0.89696771
-0.20216484
-0.07348310
0.19081582
1.45145455
-0.42637536
-0.01160484
-0.98167856
0.71122750
0.15693549
0.27436640
-0.75482856
0.20643882
-0.03774229
-0.72496345
0.28147854
0.13972113
-0.46766556
0.71797464
0.33565269
-0.53894787
0.35352668
0.76048824
-0.46729776
-0.76281369
0.57299676
-0.06218523
-0.12073543
-0.40155680
0.77469130
0.94826715
-0.24820703
-0.35758929
0.15756619
-0.35759509
0.60681132
0.64875672
0.49752355
-0.00346216
-0.51379651
-0.28197309
-0.94195562
-0.15848708
-0.13551187
0.79522827
0.68550844
-0.33463293
-0.78365590
-0.24770540
-0.16976006
0.98356252
0.04609683
-0.30221518
-0.45455645
0.45798177
-0.83911365
-0.20521047
-0.63140224
-0.26243209
0.28968433
0.95989043
-0.24500943
0.42784295
-0.24476035
-0.58620537
0.10348962
0.31338938
-0.74025703
-0.02316024
0.91737322
0.08658400
-0.50753472
-0.00154248
-0.22709736
0.44800266
0.51349948
0.45084869
0.60928617
-0.01739399
-0.01020065
-0.78672142
-0.40183806
0.35098747
-0.54200556
-0.25140335
-0.02654432
-0.39480304
-0.64507457
0.57286649
-0.71049670
0.41328975
-0.19829910
-0.30172737
0.55096409
-0.20144048
0.31009188
0.28406010
0.00711114
-0.05670563
0.00442995
0.14519095
0.04085232
-0.26561814
-0.16163096
-0.32508623
-0.24720770
-0.60678029
-0.26390055
-0.72038629
-0.03610103
-0.30148810
-0.14350012
-0.65581709
1.17022956
-0.74000853
0.24899547
-0.10391380
0.07889308
-0.38654426
0.41595722
-0.38194978
-0.51691571
-0.60920214
-0.11896176
1.03493100
0.50382531
-0.61330528
-0.71667391
0.88346352
-0.42898762
-0.18132714
-0.96548212
