0.28360143
0.24138570
0.27312171
0.33760930
0.02344366
0.06703922
-0.23483041
0.55780915
0.04396350
-0.07262227
-0.08981366
-0.51868091
0.39661675
-0.16417118
-0.05380893
0.02998430
0.04114796
0.14087720
0.07986710
0.36350568
0.17436679
-0.06425367
-0.14144048
0.09039409
-0.30003956
-0.17831068
-0.24984841
0.02255116
-0.35256722
0.01404571
-0.97473000
-0.14538417
0.08818734
-0.09089485
0.09709484
-0.01832623
0.09319611
0.08208464
0.00791229
-0.07634839
-0.28738614
0.15205689
-0.21426674
-0.18636909
-0.35789431
0.06505238
-0.10855088
0.33089891
-0.06127301
-0.48188595
-0.40614182
-0.04621138
0.28352326
-0.21185295
-0.05429168
-0.57431471
0.11463203
-0.12683124
0.28754894
0.01322476
0.11955489
0.05643474
0.14685585
0.16666788
0.50531984
0.41458130
-0.37208674
0.28222024
-0.39018075
0.39822573
-0.38449432
-0.17063741
0.61598589
-0.16530848
0.60342850
0.24755361
0.03499883
0.21382020
0.12047885
-0.15190040
-0.10813827
0.50021996
-0.05195252
0.66507047
0.57612873
0.03684857
0.21342472
0.06604115
-0.34710112
0.20223566
-0.73244148
0.21271320
-0.33402610
0.10562774
-0.49720761
-0.19803807
0.00871983
0.21258188
-0.01423229
0.36096876
0.46789569
0.10445036
0.29658248
-0.12021998
0.16389329
-0.32453624
-0.13534519
0.04944116
0.05234959
-0.19516667
0.08756308
0.34563568
0.16133532
-0.01035885
-0.12853784
0.11706389
-0.22745114
0.33632812
0.07912638
-0.03019770
-0.12070860
-0.21633300
0.13705942
-0.32757582
0.08179100
-0.08831941
-0.21541992
0.62888481
0.07094177
-0.08492164
-0.21060689
0.37046990
-0.03447351
0.03977765
-0.28415666
0.05949438
0.07026320
0.10095363
-0.13234947
-0.07367003
0.02210206
0.39356799
0.07266464
0.25288378
-0.18746790
0.54763609
0.45182572
-0.19249164
0.11685272
0.05302246
0.08489967
0.08872156
-0.04362378
0.23167320
-0.08707912
-0.37839268
0.24940752
-0.15509327
0.04396468
-0.35756537
0.10533228
-0.12419369
-0.14609152
0.43552530
-0.16283147
-0.24034170
0.00228859
-0.13172410
-0.08480634
-0.62721033
0.20740162
0.04046042
-0.10597926
0.06263574
-0.25117666
-0.39873071
0.04591941
-0.12125884
0.05372273
0.50918960
0.06728837
-0.35061657
0.13567554
-0.27552878
-0.20019334
0.10596631
-0.01087459
0.33148244
-0.40065050
0.08893051
-0.15983724
-0.08343794
-0.07856707
-0.63206624
-0.07636223
0.00170235
-0.06103717
0.35051305
-0.15786057
-0.40393029
-0.43005465
0.01343695
0.23572769
0.41073961
-0.02572268
0.19465535
0.24449318
0.05882979
0.06536278
0.18131924
0.31973026
0.20951706
-0.07997338
-0.02132835
-0.03994825
0.26166366
0.61454704
0.29700002
0.20692081
0.05592940
0.03779218
0.00307403
0.03873393
0.13471093
-0.16051958
0.28149198
0.44019674
-0.30232322
-0.13431154
0.05816146
0.11326060
0.00736537
-0.09536745
0.43329556
0.18538416
-0.07699903
-0.35830485
0.60810068
-0.21190872
0.27056399
-0.09202715
-0.23817699
-0.76063367
0.03750731
0.09844147
-0.27594596
0.15119196
0.27115672
-0.19546444
0.15462699
-0.02939337
-0.09101237
-0.15474443
-0.26189225
-0.07068498
-0.03692674
0.01832990
0.55258118
-0.12342474
-0.00452083
0.10039141
-0.15118291
0.22519193
-0.52658045
-0.04132526
0.00539833
-0.34595687
-0.20458376
0.09417750
-0.48162679
0.02613349
-0.01122434
-0.45236706
-0.11670194
0.09030879
0.07508471
0.02715889
0.04222372
-0.02046793
0.70411160
-0.46172784
-0.07067540
-0.30808688
0.08096013
-0.11107867
-0.22248825
-0.10897540
0.11874888
0.11510934
0.44986124
-0.25756627
0.29200005
0.29077062
0.09603852
-0.01852412
-0.12469979
-0.26422990
0.23826656
-0.51199075
0.05882877
-0.14242967
-0.03776363
0.60009628
-0.37905659
-0.41369702
-0.14469596
-0.31465348
-0.17601020
0.07923348
-0.21752582
0.45131733
0.07732675
0.01816253
-0.18752389
-0.12393970
-0.15534542
-0.24151823
-0.32597870
-0.25945118
-0.17963176
-0.10786483
0.05547743
0.46948393
0.09592826
-0.20307378
-0.02577710
-0.26204952
0.01437375
0.21515086
-0.18936867
0.49754010
0.16345407
-0.13257117
-0.15494245
-0.30012046
0.12825435
0.51966148
-0.41474709
-0.31242999
-0.39569763
-0.10077444
0.12594595
-0.20686278
-0.25766954
0.54199659
0.38601825
-0.32160090
-0.27811225
-0.10512504
0.25201688
0.35360161
-0.48510854
-0.08667160
0.28683609
-0.06005946
0.25871050
-0.19159564
0.65218038
0.33777346
0.50156202
0.07629975
-0.55213941
-0.03028105
0.11534835
0.31492180
0.36332446
-0.21711700
0.27913331
0.32859701
0.07872078
-0.03117768
0.23101224
0.29716347
-0.52484211
-0.35039774
-0.46503033
0.01516270
-0.18786938
-0.02448349
0.59367777
-0.00963797
0.26159772
-0.44682617
-0.00100911
0.35851609
-0.47112865
-0.19525098
-0.56069247
-0.19873759
0.21669463
-0.09957509
-0.11294094
-0.03814782
-0.15330341
-0.08625794
0.08624094
0.33737645
-0.11883213
0.09656170
-0.54084832
0.11709725
0.16186334
0.01911295
0.20402591
-0.24263483
0.29040649
-0.37087645
0.38893507
0.62197523
0.48636903
-0.27871734
-0.09207743
0.02944753
0.07430881
-0.25313447
-0.56506210
0.03593221
-0.24474504
-0.02468072
-0.09731483
-0.08741815
-0.03415897
0.16448237
-0.45719607
-0.06780576
-0.54380231
0.43900880
-0.38710874
0.04156274
-0.66417263
-0.13807510
0.34773609
0.26069329
-0.18748366
0.04838439
0.12402458
-0.37138782
0.13744181
-0.07845113
0.15903779
-0.17565854
-0.08493638
0.17063991
0.20673535
0.37709737
-0.10666553
-0.07533051
0.15264965
0.17462657
-0.07375802
-0.26987099
0.07739588
0.26274418
0.23122191
-0.15386122
0.29837064
0.08034760
0.37328426
0.17584978
0.03602051
0.13995987
0.16633526
0.21254758
-0.06575745
-0.04575340
-0.13238895
0.03999598
-0.24572091
0.08726120
-0.41395435
0.39251810
0.09411953
0.00833920
0.14139861
0.41129607
-0.02259025
0.23270576
0.05793554
-0.48238886
0.19033220
0.02655404
-0.10352013
0.22749717
-0.49456172
-0.30785484
0.23514152
0.21792330
-0.49160606
-0.93442309
0.03480352
0.02756982
0.28464922
0.22293454
-0.15000350
-0.35931102
0.50242218
-0.20738204
-0.32102943
-0.02458034
0.31047253
-0.03364331
-0.37192405
0.10788599
0.21287738
0.29337979
0.48471625
-0.35915827
-0.34446909
-0.02562293
0.14683606
0.63699304
-0.06122719
0.29121284
-0.00281907
0.16385769
0.11229449
-0.17340568
0.55155368
0.05710046
-0.11452072
0.24816422
0.44419780
0.07656976
0.27609795
0.36128837
-0.30313470
0.35883696
-0.05807741
0.57286125
0.17835866
0.05103252
0.20744771
-0.32751483
0.05170732
-0.10928928
-0.01244197
0.22820158
0.43410461
-0.23335228
-0.65630607
-0.51413648
0.26001988
0.24037291
-0.19399128
-0.08088511
0.05088476
-0.42233346
-0.05319544
0.02712194
-0.36863359
-0.04545033
-0.42718936
0.07090771
-0.27360350
-0.19471516
-0.08189985
0.39037786
-0.25914616
-0.93246873
-0.14693557
0.36430987
-0.11840542
-0.00181091
-0.23457296
0.01229135
0.23918538
0.18718993
0.00459644
-0.20559261
-0.07576031
-0.09392395
0.08336275
-0.16729484
-0.08623802
-0.08111177
0.13086334
-0.30837907
0.01293596
0.39289666
-0.18775533
-0.02166871
-0.11128338
0.14012978
-0.12100946
0.01710960
-0.28281189
-0.27074404
-0.26472923
-0.16934219
0.41883320
-0.57077736
0.00384748
-0.01065624
0.03990642
-0.34560492
-0.44421514
-0.21492648
-0.13369387
0.14533139
-0.07412572
0.08825784
-0.35572730
-0.52550515
-0.33774375
0.04974809
-0.25079829
0.07361023
0.15756468
-0.09862743
0.35830117
0.28871389
-0.02786635
-0.00194231
-0.40026946
0.04556420
-0.26130215
0.23838786
0.13053399
-0.44151166
0.16019349
-0.46124012
-0.16691571
-0.15960118
0.44676986
0.10915916
-0.03148676
-0.03436528
0.01490638
-0.22746075
-0.27602786
0.21327785
-0.21246439
-0.22716591
0.05594626
-0.37942557
0.00175482
-0.18079314
-0.42809260
-0.04476715
0.13666127
0.13060041
-0.18724544
-0.64751752
-0.12491787
-0.65416338
-0.16171088
0.09103630
0.44833166
-0.24763100
-0.17702805
0.58256319
-0.03346508
-0.43758053
-0.02910875
0.32901823
0.00604722
-0.08337274
0.42354576
-0.02312263
-0.96418372
0.00479730
-0.11792324
0.13495205
-0.20365086
-0.07424458
0.36009112
-0.22874484
-0.03242667
-0.28077986
-0.56266854
0.29558952
-0.10556993
0.25536228
0.22351485
-0.25736751
-0.06398601
-0.06131390
-0.38102672
0.24393772
0.18599021
-0.12716835
0.44293169
-0.07683329
-0.09544514
0.11771435
0.08693811
0.12159233
-0.49969804
0.23700577
-0.19513462
0.39643415
0.27844751
-0.36969533
0.18637220
-0.31887193
0.22132718
0.05171854
-0.47918874
-0.15962639
-0.28463072
0.00833946
-0.13175314
-0.05088697
0.03858027
-0.26264926
0.07151548
-0.06189199
0.32172741
-0.35666887
-0.09827701
0.01648564
0.23108753
-0.12097253
0.19862649
0.44805096
0.60622389
-0.13468632
-0.33018402
0.12443110
-0.24036589
-0.10433912
0.28501064
-0.27585791
0.62066631
0.08955020
-0.12257266
-0.29445796
-0.45546768
-0.09332804
-0.22378794
-0.10578005
-0.18280746
-0.26911931
0.05580805
0.14169397
-0.08058212
-0.09563365
-0.17354343
0.13874792
0.04118031
-0.20045085
0.22571279
0.14129566
-0.26800632
-0.44117905
0.09274965
0.19869017
-0.34925107
-0.32102459
-0.22051820
-0.01525586
0.01018904
-0.20714778
-0.21497624
0.31696316
0.13060825
-0.33739181
0.03516271
-0.19899680
0.38144235
-0.14873641
-0.23102001
0.13098557
0.42432826
0.05498618
0.62932757
-0.30217153
-0.15546179
-0.21004232
-0.05817700
0.09771326
0.27102893
-0.19615590
0.05330909
0.00136342
0.35131440
0.23430096
0.17365485
0.13070654
0.02961567
-0.20809623
-0.00635816
0.16516058
-0.41177068
-0.21808754
-0.24960591
-0.55712986
0.04892280
0.11900493
-0.23747872
0.04361570
0.35723873
0.04131152
0.45649762
0.06996978
0.49986537
0.23355782
0.00157227
-0.02558080
0.22182914
0.02274480
-0.73844043
-0.10894960
0.40305716
0.02583031
0.28989408
-0.27865514
0.16540738
0.06321101
0.25845218
0.10229091
-0.13879783
-0.02248944
0.01157036
-0.03047230
-0.17418582
0.28182892
-0.21659801
0.11810081
0.04410274
0.24693217
-0.20309308
-0.21189950
0.02621752
0.56196744
0.21778209
-0.42037042
-0.34695198
0.35151053
-0.21577717
-0.00396039
-0.00470926
0.01326799
0.17622294
-0.10748070
0.05897709
-0.40747043
0.24947973
0.05306342
0.18164514
-0.27426808
-0.21228207
0.11461082
0.38217778
-0.27897411
0.29428900
0.05667757
0.12615972
0.26102494
-0.67500964
-0.03362795
0.04575604
-0.15368694
-0.32314078
-0.17381330
-0.46112850
0.37841752
0.10182757
-0.10415733
-0.74909510
0.25443748
-0.14281930
0.44119191
-0.01606575
0.27259210
0.01490314
0.31004705
-0.13020576
-0.11017194
-0.47395906
-0.29895355
-0.16951341
0.08506831
-0.10394867
-0.26210887
0.25405844
-0.32364842
-0.19410122
-0.03757219
0.29086945
-0.02362096
0.07033177
-0.13607103
0.45093128
0.17127605
-0.29649209
0.12438268
0.19044939
0.00811255
-0.42586807
0.37611251
-0.02258283
0.04474282
0.25161366
0.42328286
0.29511862
0.12394072
0.44811975
-0.35863577
-0.27624776
-0.12280846
0.32498885
0.07954568
-0.20816141
-0.51084061
-0.11565620
0.26247873
0.33574254
0.05023019
-0.04719155
-0.31231739
-0.08746786
-0.20768214
0.01847950
0.39955919
0.38092321
0.19691811
-0.03335278
-0.24025004
0.41263467
0.29829716
0.05596658
0.33774041
0.31184566
-0.15454271
-0.02473363
-0.07181402
-0.36126941
-0.16010501
-0.00358127
0.02789999
0.24818465
-0.27224996
-0.09591328
0.64751146
0.09916911
-0.25299259
-0.10749758
-0.15168045
0.27892885
0.45658813
-0.33621965
0.27803529
-0.26257091
0.04550887
0.21922018
0.20679580
-0.25838926
0.43191862
-0.09495637
0.55355806
0.25558139
-0.28878274
-0.61647036
-0.05665061
-0.10563401
-0.17242542
0.41673802
0.21342413
0.07419439
-0.36284167
-0.39007481
0.08323844
0.04071618
-0.05927735
0.39795145
0.17260645
-0.01450699
-0.16097522
-0.53619297
-0.36172412
-0.07048081
-0.06497328
-0.15526645
0.22323196
0.46048713
0.16068454
0.27160928
-0.05798122
-0.22244964
-0.20442844
-0.07885443
0.37822741
0.17153609
0.34328329
-0.20792826
-0.21404465
0.40743390
0.28516332
-0.40361173
0.51871563
-0.03848463
0.19118219
-0.25539917
-0.25130272
0.09450939
0.01875093
-0.11208528
0.11891251
0.48267872
-0.26788378
-0.03462429
-0.49316549
-0.24370753
0.05251397
-0.14317268
-0.22860372
0.30325578
0.30251731
-0.15573163
-0.17209871
0.26250777
0.44418697
-0.18618040
-0.24833443
0.11173276
-0.17929015
-0.36685677
-0.04577137
-0.50768936
0.41140781
0.14487018
0.17671034
0.00633700
-0.27600235
0.05729422
-0.32151466
0.02205856
0.35844913
0.12213308
0.03315118
0.00050448
0.17447298
-0.10822650
-0.09544099
0.49211230
-0.10852238
-0.49057143
-0.14489730
-0.46921942
-0.28154682
0.04264543
0.10736553
-0.50381111
-0.22575285
0.27826092
-0.13252858
-0.17954046
-0.37322032
-0.21765328
-0.04357385
-0.29746080
-0.01453494
0.67843884
-0.06829569
-0.30073274
0.02533372
-0.06892691
0.11541674
-0.22974542
0.38785061
0.26545649
0.16490291
0.07751012
-0.47043734
0.07725650
0.19181404
-0.13377892
0.46220470
-0.45295937
-0.08589532
-0.31281171
0.79039052
-0.16264278
-0.46171103
0.11831151
0.06605226
0.26310777
0.04391069
-0.35154211
0.06368869
-0.20829484
-0.18357574
-0.16097512
-0.04053375
-0.34690278
-0.01631026
-0.25019072
-0.17243363
0.63697834
0.66516552
0.10883415
0.44685561
0.07197248
-0.20337878
0.42551882
0.41303881
-0.16817142
-0.15920684
-0.28314830
0.07427296
-0.27339737
-0.27169909
0.28667003
-0.15618530
-0.02672088
-0.15156996
0.30760675
0.56383578
0.14729133
-0.22841929
-0.53930123
0.41471732
-0.22430241
0.16728460
0.20060987
-0.01120873
-0.24209018
0.14673192
0.02767176
-0.31767357
-0.34228575
-0.10890345
0.07515515
-0.38949013
-0.19387466
-0.09865854
-0.14948926
-0.37729394
0.04136017
0.23292891
-0.05009659
0.37770864
-0.08741901
0.33588563
0.29899486
-0.06194929
-0.12999490
-0.02747909
-0.22100083
-0.10195651
0.03865942
0.01080171
-0.07271126
0.29673624
-0.26291292
0.18636595
-0.06254786
0.09857598
0.19009781
-0.25989361
-0.06879037
0.02205387
0.17243051
0.04727362
-0.10357386
-0.18467320
-0.27906564
0.13394556
0.32554038
-0.25347608
0.13371384
-0.44412991
-0.31819106
0.23079698
-0.16450699
0.73361079
0.13289624
0.02847643
-0.31451429
-0.11567968
0.07708751
0.08975380
-0.05665309
-0.60165277
-0.25822219
-0.05089033
-0.24112453
-0.02882174
0.32926483
0.10224792
0.32134236
-0.06891437
0.08217751
-0.30080773
0.08479510
0.26077658
0.01729258
-0.05115125
-0.33820031
-0.38035526
-0.24650051
0.41664674
-0.17705184
-0.35285908
-0.20923001
-0.07861784
0.02419558
0.38913442
-0.21626331
-0.22338122
0.34970935
-0.12830619
0.11952796
-0.08598207
-0.27606498
0.18855385
-0.28250391
0.02384836
0.08692558
0.57997886
0.41235099
-0.17433523
0.26444870
-0.29684005
0.49242051
0.25983619
0.04115018
-0.01823789
-0.06610197
0.39763062
0.14931188
-0.10281100
0.09195668
-0.07829713
-0.31605300
-0.17863709
0.05589649
0.35636057
0.13440039
-0.12049843
0.32357227
-0.24017675
0.31804037
0.06064412
-0.27346191
-0.11608665
0.06796222
-0.03797666
-0.04969971
0.00528815
0.19939046
0.67902629
-0.36376067
0.15770035
0.02227565
-0.22065121
0.44191351
-0.27886694
0.37477308
0.20937606
0.09853253
0.03649787
-0.31976111
-0.10796579
-0.18664407
0.01329195
-0.08429125
-0.21321250
-0.42200940
0.15218725
-0.56578170
0.33141988
0.04497446
-0.15230580
0.22032409
-0.39628894
-0.27127684
0.06994084
-0.22395110
0.23493615
-0.46955433
-0.00531174
0.27201783
-0.22943168
0.33286281
-0.44199830
-0.16056629
-0.09916542
0.69726683
-0.14341947
-0.37841145
0.01477247
0.06952897
-0.20203547
0.29540731
-0.08150089
-0.14265319
-0.43834574
-0.04517573
0.44515720
-0.30654907
0.22305212
0.14215458
0.07768945
0.11704202
0.15827385
0.52671575
0.04695862
-0.02469255
0.16012594
0.07745531
0.50051915
-0.33780337
0.11699364
0.18527993
0.04156450
-0.00789000
0.44222065
-0.43197302
-0.36897789
0.19966854
-0.17625925
0.34333062
0.20917823
0.09621462
-0.19497664
0.23061171
-0.05565791
0.27992845
0.01921651
-0.22568917
-0.12753481
-0.21266719
0.05174603
0.23867065
-0.25886124
-0.39061543
-0.27599516
-0.06138879
0.01056787
-0.17189617
0.29349075
0.06417029
-0.03718196
0.13924949
-0.16501838
0.15528532
0.15041600
-0.10853478
-0.08301130
0.32283856
-0.07361420
-0.08991830
-0.27977889
0.32482811
0.17503916
0.06848171
-0.24737597
-0.33928493
-0.26575091
0.42991987
0.14647632
0.03854521
-0.05052787
-0.00637961
0.15056419
-0.35161943
-0.14605737
0.00196178
-0.02138541
-0.29455087
-0.07543575
0.32677177
0.12720578
-0.19050383
-0.16559474
-0.15875214
0.09073519
0.06062434
-0.21348986
-0.31961280
-0.23624577
-0.26711812
-0.02320814
0.00206018
-0.02748292
0.03686816
0.00165054
0.20390203
0.04566348
0.10109511
-0.03423408
0.00720659
0.15283366
0.00652616
0.38800369
0.05593236
-0.20108630
0.15234174
0.06065716
0.28679146
0.08998579
-0.24071193
-0.00085544
-0.06037160
-0.19467570
0.26584542
-0.51694769
0.24821015
-0.32073749
-0.40349558
-0.09589601
-0.30926055
0.27280603
-0.19639601
0.07533185
-0.29583011
0.33002667
0.16779729
-0.75460379
-0.37727818
0.07951893
0.08147387
0.12691306
0.04364449
-0.19000172
0.16088509
-0.02813543
0.50134080
0.32216914
0.11300793
0.24443769
0.00380333
0.18778242
-0.31842741
-0.31817726
-0.32951997
-0.16237699
-0.12468624
0.32981244
-0.10579125
-0.28917104
0.25486779
0.26901213
0.07160442
0.21725616
0.36514763
-0.44657731
0.01009954
-0.07228904
0.18677183
-0.32266037
-0.23428807
0.25311929
-0.34210011
-0.04822851
0.28226169
0.30068616
-0.15811807
-0.35431268
-0.12449416
-0.15407935
0.09204781
0.32383256
-0.10669583
-0.20246771
0.26494463
-0.33117319
0.16432022
-0.13904193
0.17847492
-0.00038387
0.16069068
-0.15326946
-0.22128185
0.12289630
-0.17155650
0.53972884
0.25179593
-0.28924406
0.11577681
-0.04742134
0.38058087
-0.09604841
0.04834502
0.16145234
-0.17638112
0.35923473
-0.21725023
0.04681900
-0.39850605
-0.09309289
0.21283001
0.00981764
-0.32434104
-0.16895723
-0.24317321
-0.46223305
0.06037422
0.25435228
0.02877346
-0.56359377
0.01979610
-0.31515028
-0.18001697
0.03205205
-0.06957631
-0.07241302
0.46422579
-0.05911947
0.18854259
0.10143860
0.25742518
-0.01518860
-0.22390921
-0.05518250
0.11439920
0.21051662
-0.15902960
-0.04436471
0.04484292
0.08888904
-0.22233251
0.57079216
0.01066777
-0.17132751
0.22764907
0.15548497
0.60962297
0.00046737
0.14609093
-0.68007405
0.07561931
-0.22544622
-0.40292887
-0.08199990
-0.23976669
0.34071261
0.12036708
0.10387486
-0.31625232
0.08932419
-0.02316387
-0.06607415
0.05913224
0.31963721
0.19718727
0.28760282
0.59477409
0.05733180
-0.09204204
-0.21384029
0.00251409
-0.26831387
0.18520118
-0.27221840
0.20545732
-0.39828913
0.37901343
-0.40528068
-0.13919378
-0.02030715
0.12257845
-0.20166262
-0.02359069
-0.65943994
-0.02323577
-0.02220288
0.24450560
-0.44971734
0.00296731
0.00538971
0.25917645
-0.19466911
-0.19513010
-0.10604245
-0.26710458
0.04726853
-0.17255200
-0.20894923
-0.24833159
-0.45388240
0.12607160
-0.32377685
-0.23068235
-0.02792932
-0.00532470
0.12589941
-0.39099229
0.28108673
-0.23454432
0.07643715
0.13496485
-0.14442494
-0.01233164
0.10710044
-0.47974807
0.00661332
-0.38204613
0.10208253
-0.09057790
-0.14930396
0.18053487
-0.19621971
0.11926509
0.45970242
0.10620155
0.59500874
-0.01576418
0.16193590
-0.25234877
-0.15724602
-0.01011187
-0.61981216
0.00740434
-0.03961581
-0.26242727
0.09805501
-0.31244685
-0.04861127
-0.19287893
-0.22077631
-0.29576159
-0.02344897
-0.42475739
-0.00003251
0.06341571
-0.26973057
-0.03478207
0.01933776
0.67961062
-0.14104488
0.07065599
-0.20090873
0.39529446
-0.37449544
-0.14250128
-0.03040139
-0.01899068
0.18432991
0.18599574
-0.44186580
-0.01339968
0.13531960
0.22099392
-0.20934561
-0.19167497
0.23167763
0.23111508
0.32467527
-0.08750800
0.13378640
-0.30515785
-0.11750264
-0.16146526
-0.04206360
-0.20850733
-0.10246135
0.28046741
0.25419255
0.08037007
-0.39984988
-0.05244994
0.51877594
0.36366666
-0.03264487
0.27193735
0.37947292
-0.07850937
0.72576716
0.58045614
0.05201435
0.43704363
0.59076103
0.07987089
0.36436159
0.11862886
-0.00591267
0.02007772
0.25867481
-0.04872030
0.06519475
0.07737201
-0.16405168
-0.08688728
-0.26528183
-0.30687426
0.38086907
-0.02284433
-0.18736172
0.11493616
-0.13828818
-0.05558155
-0.04250747
0.33474078
0.08799046
-0.24424608
-0.48560088
-0.06455579
-0.63850042
-0.27835151
-0.24266165
-0.05808738
-0.39168249
-0.17637099
-0.31557500
-0.00195401
-0.30690925
-0.39300948
0.23989374
0.12352801
-0.00177751
0.18253723
0.25374982
-0.03241301
-0.05484998
-0.12299987
0.48166647
0.23227519
-0.05527657
0.08729124
0.16926349
-0.10084438
-0.14242129
-0.36344454
-0.14235033
-0.24444419
0.28167245
-0.37178517
-0.50296046
0.75815335
-0.06400534
-0.04394910
-0.37887760
0.07923925
-0.27432443
-0.23756405
0.25900487
-0.30148013
0.14395142
0.38825666
-0.03670936
-0.10466208
0.24480887
0.10859404
0.30960160
-0.25408639
0.45413013
-0.05159109
-0.36524629
0.26755929
-0.23682264
0.38271448
-0.12330603
-0.02971064
0.27231850
0.10612612
0.18158600
0.05759005
-0.54748682
0.03547135
-0.40068859
-0.15634073
-0.10075432
-0.18828242
0.02208874
-0.17936553
-0.53513554
-0.33356801
-0.23806534
-0.27505448
-0.56512968
-0.29910510
-0.56496446
-0.46116557
-0.14491933
0.05185769
0.09119345
-0.06176310
-0.43861546
-0.30176459
-0.14117149
-0.42261269
-0.06305367
-0.39929789
0.52949883
-0.25154291
0.40223090
0.55621926
-0.04493031
0.42352684
0.16705615
0.41634439
-0.01269122
0.74914918
0.41882836
-0.07897320
0.06059708
0.50929551
0.82186355
0.48436589
0.55452283
0.52687086
0.09459817
0.30957927
0.42776908
0.18669573
0.00472540
0.04568082
0.09621970
-0.09893595
0.04105155
-0.12006652
0.25330868
-0.16432755
0.11475473
-0.09698181
0.09517103
-0.28041834
-0.14738070
0.25961476
-0.21102175
-0.01739034
-0.28296799
-0.30142355
0.05183179
-0.16764731
-0.37997215
0.25368392
0.01914695
-0.23224146
-0.39342521
0.09007137
0.13333839
-0.00474607
0.00805750
0.01492278
-0.14406738
-0.15917280
-0.43672340
-0.22421574
0.04740451
0.04750869
-0.13816527
-0.30762819
0.09141981
0.13454363
-0.55339129
-0.22703245
-0.21538962
0.22379852
-0.35639500
0.07819858
-0.04804140
0.24306884
0.16781164
-0.05440410
-0.22707958
0.02066023
-0.19372640
-0.21960041
0.07036017
-0.34907835
0.25393379
-0.19979003
0.03620306
0.10614111
0.10711777
-0.05479797
0.47847698
0.41548811
0.31072598
0.55235673
0.00466959
0.06532420
-0.18975601
-0.27092234
-0.33294866
0.44852160
0.11941104
0.04488714
-0.36567438
-0.22735584
0.21358685
0.19900779
-0.11805551
0.00600632
-0.26840650
0.33925100
-0.14788139
0.01736452
0.13737007
0.04902762
-0.01427079
0.31905464
-0.34868296
0.19624447
0.12748635
-0.08849516
0.09878325
0.02689439
-0.20879486
-0.29272315
-0.36987067
-0.10215821
-0.42728006
0.19219918
-0.10432437
-0.00288647
-0.26689180
-0.08712716
-0.26656493
-0.05475779
0.30870492
0.01216199
0.51330615
-0.05497444
0.08483599
-0.22019113
0.31368371
0.27542019
-0.06502397
0.06445473
0.00218829
-0.31881766
0.03621563
0.72322242
0.04794370
0.35619890
0.23691504
-0.03716185
0.58145365
-0.19314381
0.22446125
-0.01712627
0.59015719
-0.26469784
0.04305461
0.29730707
-0.15400043
-0.11388515
-0.13586148
-0.02598024
0.32624624
-0.19483477
-0.42861871
-0.23267668
-0.20978685
-0.27370736
0.22060003
-0.18866712
-0.31840404
0.08191070
-0.01161153
-0.09966430
-0.41879917
-0.17861850
0.28162432
0.20534330
-0.24482532
-0.23893610
0.15916976
-0.11554402
0.33538615
0.15859194
0.94182899
-0.21978726
0.11054470
0.18162330
-0.21249422
0.29716860
-0.04730569
0.14505177
-0.28121082
0.18508352
-0.12648611
0.00467816
-0.20303182
0.13336564
0.15702631
-0.49196377
-0.62787337
0.25724673
0.32462164
-0.08667148
0.11501345
0.33459326
0.18535508
-0.03091488
-0.36460823
-0.20852081
0.00611716
-0.40864282
-0.51489799
0.00557895
-0.10787628
-0.29008948
-0.25977863
-0.03146741
-0.02422719
-0.55234213
0.49366165
-0.51136471
0.28085870
0.45882349
0.45098680
-0.14308210
-0.00265975
-0.20076828
-0.06285869
