1.26432334
-0.15289806
-0.06101065
-0.52188515
-0.18650237
-1.41165048
-0.47494880
0.50148967
-0.10619226
-0.49895096
0.98361487
-0.00959033
0.65735902
-0.41237228
0.31166628
0.20206096
-0.48215998
0.76308663
0.82357632
0.61599401
-0.83275693
-0.37589302
-0.56517155
0.23304008
0.10473681
0.59940331
0.51809727
0.92813406
-0.17668967
0.40032629
-1.21253318
0.57261663
-0.13771638
0.10411135
-0.09882626
-0.43455514
1.29385682
1.11864948
0.47533230
-0.55646344
-0.26477428
0.22040577
0.28401305
-0.08368078
0.17309456
-0.68815367
-0.76099684
0.24009324
-0.06213656
0.50524211
0.52800103
0.27793134
-0.32803156
-0.73310751
-0.34849067
-0.26685831
0.24741345
-0.52507550
-0.48578109
-0.17580564
-0.03531826
-0.20679027
0.31087884
0.06993948
0.62310883
-1.43477420
-0.54846758
0.25119039
-0.41802810
-1.64725182
0.90082436
0.26918739
0.21319217
-0.05748164
0.37975339
0.17118177
0.01478918
0.01908805
0.20384205
0.25785178
0.30837364
-0.13975017
-0.00089638
-0.67612080
-0.86257548
-0.37773776
0.43664960
-0.28615510
-0.36387589
0.20056145
-0.34179123
1.60752499
0.49180027
0.37177717
-0.12644364
-0.68765329
0.29835552
0.28263312
-0.77669891
0.05626833
-0.19612751
-1.69717442
-1.22223018
-0.65311572
0.38128057
0.68426536
-0.20065011
-1.53147255
-0.47972248
0.80376060
0.65935030
-0.08231754
-0.19914280
-0.06355046
-0.81429769
0.05896571
1.46063477
0.10998537
-0.81455868
-0.16088334
0.68797108
-0.22377109
0.02384569
0.41939010
0.33836141
-0.23911373
0.93690154
-0.16638094
0.43651119
0.00138837
-0.82539366
0.00333238
-0.35835492
0.30159016
-0.62900528
0.50673011
-0.46190975
0.16957766
-0.68791057
0.54043921
0.19969855
-1.43387409
-0.09859125
0.14993913
1.32408782
0.81602834
-1.60285060
0.14155580
0.21829895
-0.63916588
1.10408139
-0.94263235
0.08153743
0.15074126
0.05372278
0.69152525
0.46620014
-0.98106061
0.28567301
-0.68815413
0.12527929
0.75533881
-0.50862059
-1.10509655
0.69021501
0.63201804
-0.60021403
-0.22326131
0.51473437
-1.36918795
0.56291723
0.24226517
-0.75213888
0.17281340
-0.16734680
-0.40644662
-0.53970293
-0.37532030
0.12697680
-0.38812106
-0.72683408
0.21099769
-0.08602713
0.24435038
0.76186899
-0.31962503
0.25534910
1.15332767
-0.27529969
-0.87672808
0.01280684
-0.68424775
-0.02807291
0.52277002
0.30361082
1.06575825
-0.75859456
0.78860679
-0.54894548
0.39642522
-0.68175110
0.19434091
0.69420911
0.45570659
-0.38921525
-0.22536796
-0.72385076
-0.59262372
0.20586219
-0.03130415
0.23677680
0.16495341
-0.22629640
-0.69447406
-0.22580262
1.25279715
-1.51067633
-0.25812521
0.54415860
-0.16437194
-0.46271310
-0.34053680
1.22763576
-1.16008580
-0.12830158
-0.09304603
-1.33332995
0.85240435
-0.49653119
-0.68146639
0.66130307
0.28766858
0.35503107
-0.19883905
0.62560894
0.52874515
1.32669924
-0.60821970
0.40703224
1.30481763
-1.17369025
-0.49953516
1.29886278
0.12463448
-0.77367925
-0.41002256
0.37112081
0.02669711
0.13829549
-0.20989150
0.01042980
0.76875208
-0.35496895
-1.05096549
0.12069553
-0.23661799
0.55338930
-0.48408456
0.68775210
0.67051631
-0.08890835
0.23521102
0.25117277
-0.05623025
-0.50972638
0.63215778
-0.22254570
0.79508344
-0.27152522
0.35350443
-1.40287805
-0.22923535
-0.22078494
0.32097986
0.49348091
-0.69563680
0.01182273
-0.41589281
0.19987675
0.01913213
1.53325683
0.52859077
0.25039768
0.94376650
-0.31904001
0.21424583
-0.76919999
-1.06208543
0.42814026
0.31308287
-0.82455485
0.09119110
0.24687500
-0.31071028
0.21347641
0.26145223
0.22777042
0.25400147
-0.00002345
0.42408239
0.59237342
-0.38272317
0.59030139
-0.66648655
0.57559716
0.82821822
0.22889353
-0.04796779
0.05935321
-0.25206160
1.00537915
-0.13684222
-0.19564496
-1.41697615
0.94486669
-0.91615476
-0.62835586
-0.19053200
0.19452233
0.49325092
0.45278922
0.13614376
-0.10082849
-0.28340476
-0.38702607
-0.62151665
-0.30983969
0.18060416
-0.25575895
0.80587980
0.86994837
-0.26865515
0.05554599
-0.80236576
0.25621401
1.54418121
0.36471315
0.36510057
0.04965680
-0.01426455
0.54163499
-0.19441513
-0.55231913
0.35693907
-0.13171770
0.52531599
0.59425460
0.58534899
1.41923850
-0.30326903
0.34141441
-0.24387020
-0.20385990
0.87985609
0.25102124
-0.29899023
-0.49506542
-0.23994719
-0.49017740
-0.27739994
-0.02261617
0.59585409
-1.39703547
-0.08022331
-0.87006102
-0.43041884
0.08152271
0.86521516
-0.24037682
0.02852333
-0.48067482
0.66288216
-0.64947524
-0.72626189
-0.63936838
-0.56783158
0.12080715
-0.41239695
0.44301171
0.20699468
-0.14133369
-0.77508756
1.51915294
-0.37606606
-0.23749167
0.94430607
-0.11678616
-0.39889044
0.09206935
-0.74308393
-0.91764783
-0.26744016
0.06260634
0.77818094
0.46598783
-0.65310842
-0.91761041
-0.23779917
0.99990971
0.34712284
0.14387992
-0.02125641
-0.21649274
-0.53020588
-0.16366580
-0.05291404
-0.16288350
1.21079403
0.55741955
-1.57271494
0.39282637
-0.16371612
-1.74932703
-0.14513838
-0.22482856
0.92119637
-0.42924260
1.25334078
0.37950809
-0.71722011
-0.42380726
-0.00592380
0.90630226
-0.61358738
0.11559794
-0.36644659
0.01131217
0.16449673
-0.87784095
-0.31302258
-0.47027406
0.43319185
-0.33130417
0.41408817
-0.64070559
0.77596540
-0.18822189
0.27199275
-1.25114084
0.44317485
-0.20082548
0.56046393
0.57997123
0.23428455
0.37738164
-0.43268584
0.81621809
0.46402954
-0.25900799
0.38368831
-0.06312255
-0.21411607
0.52549770
-1.14395551
-1.82155492
0.88874744
-0.30621792
-0.92190456
0.85252297
-0.27937120
-0.04670815
1.59337354
0.17636418
0.70823633
0.12465544
-0.20581295
-0.04387418
0.20113692
0.04694920
0.24206609
-0.99446801
-0.29082241
1.24625602
0.04780583
0.31335275
-0.21709672
0.79980198
-0.04389862
-0.71541555
-0.62425220
0.98138658
0.13628624
1.00080202
0.03852889
-0.63009099
0.46970733
-0.20797120
-0.67567037
-0.45691398
0.38222403
-0.97893272
0.10090719
0.37963459
0.11921511
-0.45466564
-0.19644645
-0.42621910
-0.41510143
-1.44062510
-0.92586659
0.09251529
0.24067650
-0.23692215
-0.23166957
-0.25228059
-0.48378794
0.17104277
1.29555445
-1.30397084
-0.16854104
-0.99051884
0.39881886
0.65452755
-1.62841774
0.78351331
-0.23690323
-0.55420731
0.12218777
0.56662369
-0.00355884
0.43217702
-0.67108158
-0.26792575
0.15335665
-0.26163993
-0.51761509
0.52089069
0.82230278
0.33946095
0.73445436
0.02476154
0.16828272
-0.15951758
1.25295667
-0.24756714
1.40680041
0.66758380
-1.37590642
0.56873468
0.86130170
0.91869205
0.30812468
-0.49614104
0.38336002
0.51868258
0.89882828
-0.01564832
-0.50931711
-0.61601880
0.63429192
-0.72732330
0.00092251
-0.71286971
1.16513354
0.26307875
-1.04059315
-0.13785714
-0.29416405
0.14298505
0.32598303
0.38643948
0.43266405
-0.61630097
0.09453627
0.12950601
-0.51353975
-0.15746679
0.92018401
0.71944371
0.15053595
0.31451508
0.48149208
1.12161094
-1.36412827
0.39015352
0.18284417
-0.15722989
-0.49679526
-0.49050372
0.94312478
0.66199934
-0.82018866
0.21031992
-0.43047235
0.70389876
-1.19383266
-0.47293043
0.94096053
-0.13493620
-0.27235389
0.68598926
-0.43900656
0.28790311
-0.29624099
-0.15108487
0.48775178
0.40253881
1.11029209
0.06933483
0.69565575
0.00121272
0.28231049
0.52684493
-0.78520026
-0.22529682
0.24337522
-0.13401066
-1.50536623
-1.45986381
-0.10776793
-0.26400998
-0.32458162
-0.90196981
0.36147208
-1.06493482
-1.17053926
-0.11596911
-1.09651406
-0.25468096
0.27582599
0.49942620
0.03924800
-0.70434664
-0.11082444
-0.33107781
0.71122290
0.42299277
0.02642933
-0.18340558
-0.18496987
-0.03957433
0.15576550
0.26108648
-0.08334603
0.66750957
-0.39066898
0.58626310
-0.23494974
0.41847204
0.14933453
-0.45233350
0.07024897
0.42502753
0.87548636
-0.03809763
0.29396905
-0.69141931
-0.49256117
-0.48466801
-0.53356590
-0.10633571
0.21206112
-0.48931905
0.06196352
0.24717572
-0.37739839
-0.61455967
0.46466929
-0.53805917
0.21288421
0.43517904
-0.07333983
-0.68985495
0.86029715
0.52871270
0.04460697
-0.55446183
0.05395613
-0.01751492
-0.75867387
-0.53673502
1.33578724
-0.98074781
-0.38315401
0.24339784
-0.93059200
1.45171621
-0.13211541
0.40737499
-0.23461157
-0.81569244
-0.54888039
0.42749413
-0.49561924
-0.64294608
-1.02203860
-0.31852539
0.44443108
0.33856822
-0.11739091
-0.42351762
-0.11207765
-0.22240726
0.62731936
-0.29565031
0.57128698
0.38938931
-0.46193379
0.76770271
-0.24002238
-0.12961856
-0.63917589
-0.19813905
0.81095126
-1.34449623
-0.59348340
-1.41296435
-0.93866158
-0.34999301
-0.37347023
-0.10071364
0.47554251
-0.08361149
-0.26150928
-0.21180143
0.51317396
0.21050553
-0.49687361
-0.00491702
-1.24185930
-0.72464083
1.56003151
-0.67501314
-0.17425724
0.43745870
-0.56955426
0.14558932
0.38373972
-0.34565362
0.21929976
0.19736338
0.22228511
0.54393455
0.90804540
0.47130425
-1.24067397
-0.00665257
1.09576427
0.95022479
-0.55650144
-0.38460709
-0.24472963
0.00039414
0.49280709
0.41726084
0.12339248
-0.09242156
-0.29535024
0.40341872
0.15695788
-0.65208109
0.70723898
-0.09024118
0.32545759
0.48523293
-0.29351426
0.67468745
0.41857734
0.44141737
0.32605244
0.85877827
-0.61945011
0.82277411
-0.13460833
0.35684594
-0.55225036
0.47737102
-0.02053711
0.64180244
-0.35512923
0.49934445
-0.48927043
0.97488292
-0.08280493
-0.96473405
1.00782051
0.78763413
-0.12698626
0.50789050
0.16819885
-0.81779969
0.42047066
0.51003185
0.11191523
-0.26600161
1.71502783
-0.21035246
0.43439676
0.09556371
-0.86277260
-0.24339179
0.79608332
1.21464196
-0.93975974
0.92206218
1.18572408
-0.25503041
0.61312712
0.44195263
-0.12879515
-0.71020947
-0.49177558
-0.66700793
-0.18388829
-0.68565363
-1.01977110
-1.14350150
-0.98482826
-0.37228497
-0.70984037
-1.25910956
-0.97807348
-1.02287385
-2.23668196
-1.12448660
-1.00718843
-1.40958842
-1.34656047
-1.60127021
0.44865776
0.12725081
0.15455339
0.54143043
0.82458353
0.76823887
0.67233034
1.12837391
1.27022672
-0.82982921
2.42678143
1.47003515
1.65461898
1.71198120
1.88164211
2.02165782
2.91170482
2.09343454
1.33784637
1.17840031
1.17597071
0.69334824
0.70250070
-0.19226514
-0.00619348
0.65395447
0.05331962
1.07547339
-0.38837025
-0.95462135
-0.63531729
-0.18103662
-1.15061579
-0.81892666
-0.62951399
-1.13361171
-1.20979374
-0.24390794
-1.69260275
-2.01920925
-0.79016067
-1.31816018
0.04662198
-1.59468562
-0.62034794
-0.15713929
-0.14702309
-1.55164259
0.43674208
-0.44648915
0.28902584
-0.29439306
-0.10970373
-0.22314361
-0.07337775
-0.65517696
-0.15234108
-0.04086811
1.81690467
0.88392428
-0.24978588
-0.17698432
-0.84261256
0.08860874
-1.48243095
0.32161853
0.91195027
-0.25939018
0.32196921
0.33719442
0.19280609
0.16790151
-1.47781428
0.79154649
-0.04526552
-0.06453174
-0.00159139
0.50177477
-0.71269919
-0.26331793
-0.56530759
-0.35268677
0.71724180
0.51091711
0.53622848
-0.10135368
0.05999094
0.31714847
-0.52939912
0.02422752
0.29225382
0.62589968
0.60195283
-0.20334356
-1.30220310
0.46626668
0.20269447
-1.26978729
0.69769878
0.58558216
-0.43225893
-0.10469039
-0.77926014
0.55125039
-0.43152218
0.28757314
-0.68467540
0.02053777
-0.01277962
1.22379946
-0.31798717
0.09428686
0.84848508
0.03339721
0.67689766
-0.14533283
-0.31713064
1.73145595
-0.76618271
0.48949743
0.16640094
0.69981304
0.86064461
0.57578349
0.31714986
0.96086052
0.57037706
-0.27973842
1.15146852
-0.44030673
-1.29803330
0.09072334
0.80836318
0.47735304
-0.18593688
-0.19573895
-0.84036502
0.58588479
0.79807627
-0.27765699
-0.57298246
-0.27622977
0.00288375
-1.11807756
0.36230050
-0.14316848
0.50640643
-0.34048388
-0.23254595
-0.22735181
0.67189952
0.28176766
-1.22975699
-0.59063504
-0.00471620
-0.38692880
-0.29885798
-0.06836942
0.22450909
0.17995310
-0.27864484
0.22217712
-0.30934194
1.11232320
1.03893615
-0.54012823
-0.27485946
0.57866017
-1.46483269
-1.04830541
0.15991638
-0.28115115
0.20449411
0.78271781
0.67836593
1.38992792
-0.33964777
-0.06048268
0.86276012
0.16840462
-0.50209345
0.12781616
-0.34188995
0.66898765
-0.21751965
0.16323103
-0.19897978
-1.42427406
1.18250457
-0.71249749
0.28257357
-0.08609748
-0.64867677
0.00753503
-0.92407895
0.28131867
-0.04255317
1.22615166
-0.37170014
-0.93028137
-0.18753628
0.17187119
-0.67270303
-0.12154551
-0.85334837
-0.96742215
0.65045385
-0.27454187
1.15622744
0.06172255
0.61645481
0.02974455
0.87131839
0.01313120
-0.51791335
0.20029451
0.30904724
0.26521652
0.10274932
0.17012209
-0.98869178
-0.05752816
0.24799174
0.33252734
0.67481242
-1.48560235
-0.63650752
0.00693680
-1.00200814
1.02748116
-0.08819823
0.20393615
-0.42935966
0.74612961
0.39402003
0.27697600
0.17652755
0.09614192
-0.27988863
0.46804794
0.08143258
0.54890159
-0.84940027
-0.78127897
0.45191070
-0.71201716
0.50966940
0.19305577
0.08269602
0.35187904
-0.12481775
-1.08119568
0.29097403
0.56844782
0.33269050
-0.12999762
0.57690814
0.94912390
-0.98455401
0.69552555
-0.11842047
-0.41174172
-0.20285644
0.74312776
0.79010938
-0.41342965
0.00133373
0.76590309
0.26455048
0.23084322
0.68051435
0.75393704
0.31548222
0.09921031
0.05246671
-0.54410453
-0.56832873
-0.81662808
0.80490872
-0.76889314
-0.13243939
-0.26712298
-0.73442872
-0.50291460
0.01722343
0.17841753
-0.41775620
-0.97489365
-0.46882009
-0.92206576
0.07732073
0.19090486
-0.80721739
0.01783066
0.33371736
0.29361103
0.21618234
-0.69273317
-0.02455159
0.61506240
-0.49473213
-0.39357862
0.33385827
0.18776122
-0.13135515
0.56254644
-0.34936725
-0.52767899
0.43128324
-0.00016373
0.17584190
-0.95361749
-0.87685796
0.67130168
-0.47779162
-0.16479140
0.76195959
-0.19618970
-0.40962435
0.11062809
-0.66161207
-0.95423871
-0.02300691
-0.14720793
0.29684421
0.62044301
-1.09229801
0.14840999
0.01788886
1.03187147
-0.05373393
0.17684326
-0.23437090
-0.66549842
-0.52630232
0.76757860
-0.04080412
0.57631740
-1.04507916
-0.32526776
-0.23503646
0.55864589
0.24703429
-0.48133433
0.88621644
0.55178099
0.56807269
-0.23072757
-0.50515913
-0.07956757
0.14558093
-2.07317831
-0.15274297
-0.93698879
-0.12719192
-0.01922074
0.76380706
0.33252205
0.33953834
0.86734776
-0.35195685
-0.16326739
-0.79096906
-0.32852228
0.09816955
-0.96535221
0.50133778
0.39311414
-0.32367349
-0.86091359
-0.60245818
0.18184995
0.03173056
0.33278006
-0.06622048
-0.46918308
-0.82326295
-0.54972893
-0.39139782
-1.53035885
-0.83146493
0.09563966
-0.32421264
-0.16986780
0.49674290
-0.41968450
-0.02090936
0.86323839
-0.16311508
0.56646073
0.55550511
-0.42484041
0.98832287
-0.33104312
-0.06790146
0.57988113
0.07537637
-1.20150402
0.15851179
-1.36138297
-0.45163107
0.65101066
0.02430862
-0.42900436
0.34890592
-0.23966905
-1.01357898
-0.48366501
0.17460868
0.13342396
-0.77347189
0.33681511
0.22180158
-0.37118821
-0.18990942
-0.91673843
-0.53495246
-0.35534119
0.57580649
0.55725529
-0.24053977
0.17115964
-0.50846051
0.73815232
0.75392491
0.83750734
0.36539360
-1.00174241
0.44155859
-1.00864088
1.25081301
-0.84069983
-0.06272729
-0.87086246
-0.96461295
-0.00268323
-0.44382559
0.45089609
-0.45543694
0.61534630
0.42900683
-0.70230345
1.19964912
0.46423399
0.61757302
-0.65550565
-0.51717029
0.62751112
1.25078880
-1.74931584
-0.76035860
-0.34596836
0.09010679
1.52774222
-1.66748576
0.64658716
-0.31841707
0.10709102
0.59708745
-0.20551982
-0.47402340
0.40025964
0.81252749
-1.43060579
0.10845781
1.09149160
-0.23705792
0.05566920
-0.68154046
-0.11552817
0.95571165
-1.70661423
-0.61649100
-0.23365347
-1.88065994
-0.69105699
0.20790990
0.25291410
-0.85991839
-1.35159709
-0.39318787
0.90755531
0.91669227
-0.18129928
0.09091684
-0.82105524
1.04567727
-0.97991120
-0.55219853
0.46160409
-0.25802382
-0.17455855
1.22662607
-0.08247658
1.34297033
-0.31963157
-0.38355163
-0.13431080
0.68256489
-1.60356974
-0.34860113
-0.20663304
0.86152120
-0.59852101
-1.14978347
0.93716497
0.63632392
-0.08993104
0.25524288
-1.34265338
-0.97189977
-0.87055074
-0.48810533
-0.12984504
0.16979666
0.34060389
0.47042540
0.83521847
0.16758798
0.36571162
-0.42557111
-0.04919433
-0.63946956
-0.42568646
-1.18486731
-0.20015339
-1.11611135
0.47857660
0.13141925
0.25197092
-1.25939277
-0.76549337
-0.20945064
-0.04635970
0.50703434
-0.10235099
-1.18783986
-0.57981395
0.22717651
0.12747753
-0.96381063
0.44260080
-1.44752456
-0.65817235
-0.93247063
0.37917124
0.91236459
-0.11625360
-0.69654813
0.29383155
-0.27161716
0.12720192
0.15116475
0.38411733
-0.17588145
-0.35337662
0.96859755
1.29917888
0.27275015
-0.84045297
-0.62489605
-0.29672428
0.08405754
-0.20513605
0.05799051
-0.99677910
-0.33042231
0.26420196
-0.24425302
-0.65746595
-0.92302246
-0.04318476
0.35704034
-0.09281666
0.85068230
0.06145184
0.68094021
-0.31905354
0.07800393
-0.24713279
-1.12855229
-0.36419664
0.31474654
-0.53282940
-0.66841853
1.20590666
-0.45918071
-0.18959490
0.78859818
-0.43492474
-0.86168924
-1.02107160
0.61550400
0.20287687
-1.19612591
-0.25200737
-0.71261702
-0.42979803
-1.05324816
1.40271987
-0.77289350
0.73077918
-0.76263319
0.26565032
0.11104556
0.41580721
-0.57161788
0.41759967
0.91502448
0.06730973
1.16987700
-0.90937855
-1.18991016
0.60912274
-0.63452207
0.91301031
0.68591293
0.22768097
0.20852767
0.95288217
0.20220600
-0.54207545
0.10126941
0.38197197
0.03314884
0.11206148
0.09869218
0.38404210
0.60274619
0.61574333
0.53431199
0.70008817
0.97477262
-0.24427737
0.09259963
-0.30597380
-0.16315953
-1.06244217
-0.01102673
0.31132913
0.52765514
0.34545864
-0.37949918
0.39612072
0.46289183
-0.37109427
0.57309971
0.59596487
0.59401565
0.76736705
0.05321461
-0.15457876
-0.19708561
0.55046691
0.68848079
0.49402536
-0.66056411
0.53096082
0.43277988
-0.55205612
0.67468215
0.66283709
0.99627623
-0.61364070
1.51177626
-0.89435588
-2.02374530
0.79026666
0.10275418
0.43603505
-0.01178196
0.39510989
0.38571137
0.20683119
0.58854929
-0.56261306
0.99723252
-0.69532158
-0.38721054
0.43594150
-0.36003854
-0.01991897
-0.58660683
-0.27794391
-0.26713241
-0.75608817
0.93742927
0.11576166
0.11516010
0.14566475
-0.81731135
-0.13290451
0.22938156
0.39338170
0.31447084
0.46337363
0.20972735
-0.79830747
-0.05937186
0.45715140
-0.07930530
0.55571473
0.02977925
0.78758423
0.72936021
-0.08031393
-0.04676159
1.10597450
-0.24083221
-0.93326938
-0.85447381
-0.52033515
-0.75063246
-1.27261512
-0.25048230
0.44354976
-0.00900489
-0.70825692
-0.75654062
1.60301498
0.25177710
0.09479963
-0.39274715
1.06069912
-0.67760736
-0.32459195
-1.57903040
0.88013223
-0.56807694
-0.19316590
0.45354655
0.78832134
0.24917470
-0.07304606
0.03431630
1.30367452
-0.46708795
0.19650857
-0.23783877
-0.24814937
-0.77885449
-0.09865784
0.25100005
0.49899155
-0.38269561
0.43068017
0.26325946
-0.69794263
0.78679881
0.87703982
0.32144823
0.47791643
0.37742641
-0.12583330
-0.09431022
0.15530735
-0.30122652
-1.29711567
0.66138486
-0.08701157
-0.25066570
1.30399717
-0.78278650
0.03466167
-0.14126661
0.76192058
0.62229254
0.29488996
-0.14679624
0.40603545
0.09651467
0.68496387
0.15364639
-0.17343568
1.34242674
-0.55338883
-1.32684651
0.38551555
0.22039679
-0.42064741
0.36741448
-0.38484373
-0.81576278
0.93865172
-0.35801060
-0.96500410
-0.75192800
0.35238955
-0.55278932
1.23619554
0.37989993
1.38880171
0.82847425
-1.02225347
-0.50807729
-1.18079225
0.13145274
0.06297093
0.37551193
0.97630684
0.44458306
-0.27701475
0.90277559
0.59750149
-0.47883861
1.25085141
0.01018300
-0.85509581
-0.07868006
0.07159150
0.62122484
-1.16997016
-0.23807618
0.18481542
-0.28208503
1.58507137
-0.75924025
-1.39120237
0.74759835
0.46411697
-0.22369385
-0.78701099
0.84284816
-1.00160313
-0.79502949
1.49073048
0.81160343
-0.00846363
0.48527812
0.20446791
-0.83330109
0.51942496
0.10906515
-0.73024634
-0.03926438
0.20971025
-0.10875630
0.19384747
-0.89953549
-0.63692464
-0.67619069
-0.56387113
0.10463987
-0.18828379
0.17623634
0.18005724
-1.34988019
-0.17965263
-0.01837409
0.43596539
0.00879499
-0.11955799
-0.34177336
-0.12844102
-0.02598018
-0.50678270
-0.64906641
-0.14197123
-0.18534588
0.47492894
-0.79648544
0.50840236
0.24304501
0.48816217
-0.89430283
-0.09353218
-0.40315335
1.08424361
-0.19911531
0.30217138
0.33113190
-0.31967602
-0.32559838
0.14617010
-0.65228917
1.17743576
-0.10699464
-0.11974016
-1.78832067
0.56718125
-0.29206009
0.42336304
-1.05306310
0.40963721
0.15509905
0.02246677
-0.21475062
0.18978939
0.14581341
-0.34276342
0.15861658
-0.17594807
0.17531721
1.03938099
0.38977564
-0.23096976
0.89567115
-0.59662012
0.20984853
0.31693310
0.07808621
-0.04616096
0.49412335
0.35746014
-0.33850844
-0.40622533
-0.51485434
-0.36087703
0.50159837
0.51635030
-1.16235176
0.37361267
0.15065789
-0.14954175
0.55636212
0.47822977
-0.15469152
-0.53812126
-1.19530096
-0.27860300
-1.17467548
0.81704883
-0.45404698
0.24095875
-0.03884591
-0.51541738
0.88311176
0.90100421
-0.88291767
1.09069123
0.20481991
-0.41669593
0.00287325
-0.21122427
-0.95685477
-0.07284795
0.64678539
0.41086954
-0.11704661
-0.33347195
0.78790290
0.13220610
-0.38416675
-0.20763390
-0.09763822
1.11282621
0.46665465
0.59640080
0.33336477
-0.10471069
-0.04091479
0.75845373
-0.25487873
-0.16252631
0.13803217
-0.22788696
-0.65303685
0.81190942
0.70553857
0.05312592
0.31558297
-0.72887043
-0.49114032
-0.13550313
0.39279971
0.40483874
-0.20756317
-0.00164089
0.53046842
-0.75818805
-0.02429587
-0.39863372
1.06995051
0.90876519
-0.42977072
0.26984250
0.06189422
-1.26198205
-0.37533121
0.04921922
0.54682057
0.28588858
0.11787761
1.56514670
-0.55293571
0.90768675
-0.89857180
0.35754113
-0.95748997
-0.90180049
-0.38145386
-1.49367322
0.67447538
-0.36715620
0.16375079
-0.30063576
0.70607668
0.30731734
0.68571349
0.96669306
-0.38464291
0.22533812
0.75402230
-0.21378492
-0.31357851
-0.40511362
-0.13259333
0.54133753
-0.14821128
0.08131405
0.82773439
-1.03894497
-0.81260606
-0.81414501
-0.82465742
-0.22172062
0.29450224
0.53150680
-0.41827167
-0.03038005
-0.50299577
-0.04527540
-0.00582633
-0.94399382
0.00715431
0.36177832
-0.32520330
0.51218984
0.01444655
0.13656701
0.58526564
0.07880215
-0.74634871
-0.44263410
-0.88797072
-1.22998444
-1.21003366
0.02278006
0.31640814
0.01861204
-0.07137293
-0.07149625
-1.11934729
0.40739334
0.23951033
-0.10844905
0.38209746
-0.01731465
0.58729859
-0.50316805
-0.64347842
-0.09055886
-0.59995236
0.43965771
-0.30401354
0.50964529
-0.26177591
1.05467538
-0.32343665
-0.65908809
0.52781616
0.27285716
0.12022641
-0.09567914
0.42771679
0.92952935
-0.35639982
-0.27811224
-0.68867119
0.25147290
-0.00461002
0.46415619
0.25108585
0.66782274
-0.13847734
-0.28784685
-0.34989171
-0.68261630
0.99002970
0.54046870
0.18656088
-0.63096206
0.15507117
0.07832581
0.04849802
0.23865757
-0.24466569
0.72774895
0.68083959
0.06428384
-0.39463621
0.59354603
-0.56768456
0.31620818
-0.36144918
-0.12696211
-0.70272844
-0.12437534
-0.02108720
-0.75695062
-0.13159438
-0.52923720
-0.01057321
-0.95359620
0.46904746
-1.32800513
0.83367007
0.02201712
0.15816297
-0.00696132
-0.54663477
-1.49163633
-0.93726217
0.13668562
-0.44581642
-0.20967156
-0.76021574
-0.00652613
-1.37698999
0.34653508
0.57106906
-0.28416501
0.20742754
0.45306102
-0.76374813
0.25815749
0.31009321
0.00634976
0.55470485
-0.53558406
-0.31040908
0.82189837
-0.45190160
1.29904147
-0.05213074
0.60729452
0.33608903
-0.18503587
0.95982260
-1.07149834
-0.10394298
-0.12161351
0.60660328
-0.59249469
0.45509998
0.32501502
-1.18378661
0.94302003
0.26484386
-0.02188300
0.23761518
0.19619987
0.82063292
0.53427974
0.83977787
-0.36182957
0.02360098
-0.22834834
-0.48441651
-0.15045402
-0.66577396
-0.12193778
-0.03681352
0.05402213
0.78472479
-0.78652071
0.61615427
-0.43498048
0.73291510
-0.99006490
-0.51887453
-0.17389443
-0.77558923
0.75595336
0.81459062
0.34838800
0.25023068
0.14705526
-1.16078485
1.14353075
0.00980006
-0.10901249
