-0.11411404
-0.18334802
-0.39980143
0.68365705
-0.19358612
-0.60188409
0.64174338
-0.20199221
0.08237898
0.98196910
0.43871833
-1.12838519
-0.41695671
-0.41787527
-0.24946823
-0.36412478
0.06458241
0.15491580
-0.29851006
0.02632267
-0.45292082
-0.30940132
0.05877389
0.33835675
0.18142027
0.01375156
0.15644261
-0.24670155
0.22568717
-0.00338443
-0.14366008
0.48499020
-0.80761747
-0.80196709
0.92832360
0.71911336
0.44662415
-0.92702677
-0.22584255
0.04283390
-0.10371410
0.44167598
0.08445109
0.41145461
0.29904772
0.25810842
0.14115130
0.25950284
-0.27541516
-1.42695924
-0.41616389
-0.32952033
-0.38968383
-0.11273508
-0.01719868
-1.01763765
-0.09938219
0.14022372
0.17117934
-0.26142647
0.24656079
-0.04066896
-0.45844099
0.14639489
-0.13254730
-0.07656513
0.13380292
0.04686347
-0.72249024
-0.47991307
-0.39640346
0.15296489
0.74514657
0.19666883
-0.45659891
-0.30544124
-0.55665961
0.57646534
0.28435683
-0.30240290
-0.01193405
-0.54622237
0.00430946
-0.41716320
-0.13673339
-0.08051554
0.09525557
0.19258275
-0.14367582
0.33125926
-0.14023909
0.44410535
0.22227985
-0.02089687
-0.00495026
0.33621522
-0.53270872
-0.22758149
-0.33412196
0.12855399
0.34310154
-0.25030484
1.60432279
0.32480870
1.09612568
-0.13452827
0.56794505
0.13523421
0.22338445
0.69972335
0.34560568
-0.27110342
0.10064187
-0.17183754
0.32311720
0.31652158
0.01758461
0.35198087
0.02013035
0.24172602
0.90734440
0.87440690
0.32228163
-0.05690450
0.17302168
0.52566865
-0.04097509
-0.11182658
0.34914365
-0.20341965
0.79719661
-0.54469865
-0.91565274
-0.28285175
0.52898301
-0.38624294
0.73966556
-0.11538968
0.30836068
-0.60628289
-0.46054238
-0.44649181
0.65294572
-0.23802538
0.00554606
-0.53973121
0.33908884
-1.03220058
0.15005901
-0.19745264
-0.52507779
-0.61901521
0.65776606
-0.12920782
-0.25382418
0.07260428
-0.13998437
-0.64846170
0.20061892
-0.79502573
-0.06222130
0.23653832
-0.49612253
0.48863456
-0.21970479
-0.12357027
-0.22795068
0.35568657
0.25826110
0.16771812
0.37724982
-0.55748590
0.06290248
-0.20386332
0.44949336
0.16385971
0.19556190
0.67684151
0.17502842
0.23163070
0.17488232
0.75233574
0.45508914
-0.17950536
-0.08476186
0.27650509
0.06497021
-0.48892456
0.01040891
0.21188753
0.20149701
-0.02854264
-0.10989060
0.04847200
-0.64311925
-0.02621077
0.27702869
-0.39050062
0.42270902
0.63997705
-0.13088505
-0.54387040
0.68583747
-0.86799171
-0.75494959
-0.12476034
-0.19127431
0.53315287
-0.62990984
0.40187219
0.15556054
0.46237744
-0.06174420
0.47353614
-0.21330269
-0.13713783
0.69054953
0.53169347
0.37545489
-0.44148208
0.53394998
0.37833942
0.26627051
-0.39416956
-0.62011046
0.42049906
0.18441127
-0.33404920
-0.56008845
-0.50658035
0.19840956
0.20940391
0.62407335
-0.62719137
-0.32758436
0.32637301
0.20553389
0.27722212
0.54696775
0.04560588
-0.32273824
0.06520393
0.09784467
0.09678765
0.14562277
0.28833434
0.43148452
0.07979729
0.32553094
0.13752112
-0.50415535
-0.55063587
-0.25743078
-0.63898696
-0.13508287
0.01537985
-0.40914668
-0.32690529
-0.13271963
-0.23966778
-0.15551577
-0.38971456
0.45667407
0.36452281
-0.80250245
-1.57135171
-0.09916227
-1.14276049
0.12814572
0.12571406
-0.03083428
-0.34986449
0.05000209
-0.20100753
0.47182114
0.02597593
-0.36120589
-0.30832318
0.39806199
0.79243550
-0.04569211
-0.03411108
-0.44230945
-0.12505522
-0.18207068
0.04637607
-0.01188339
-0.66044273
-0.52019341
0.95219318
-0.14293674
-0.82363186
0.43895463
-0.71539313
0.54680391
-0.03199022
-0.12308672
1.04736731
0.51748062
-0.16202954
-0.09565409
0.04927517
0.58037376
-0.20279722
-0.07510687
0.74360759
-0.17002602
0.27161552
-0.01127131
-0.14697140
-0.60127154
-1.00058207
0.06888819
-0.32978909
-0.09636208
-0.00631168
-0.19348627
-0.54537129
0.45660613
0.33102492
0.44580993
-0.68354793
-0.53444027
0.51365076
-0.21903576
-0.17225221
-0.24644198
-0.54676886
0.11358587
-0.15812853
-0.41019501
0.09705332
-0.22137459
0.04036083
0.92386323
-0.57890629
0.36653852
-0.14926475
-0.04472206
0.15437171
-0.13128040
0.01470107
-0.66449738
-0.76026050
0.00547707
0.21839549
0.38647019
-0.05562060
0.22921016
-0.15372535
-0.31359720
-0.28274777
0.32739620
-0.57422229
-0.11450379
-0.55723107
0.11041730
0.19377933
-0.32547113
-0.04705562
-0.33346840
0.33483453
0.11943319
-0.04640348
-0.66329861
0.08669812
0.12324279
0.18443331
-0.09915341
-0.07638113
-0.33976686
-0.97587959
0.21034588
0.91614650
-0.14311172
0.29329899
-0.36669589
-0.18981660
-0.29065544
0.36485501
0.41699333
-0.29496666
-0.11935450
0.34695105
-0.12118133
-0.50782171
-0.66542483
-0.49049154
-0.38562081
0.21484679
0.49439525
-0.69681117
-0.35037574
0.60172821
-0.24938104
0.37035458
-0.42614785
0.40487105
0.11246301
0.00568131
0.18648484
0.58467684
0.53266993
-0.07139374
0.12925980
-0.40197827
0.61733036
-0.07816476
-0.09970354
-0.58178208
-0.38288825
-0.44142499
-0.21184205
0.22594816
-0.07516942
-0.63853761
0.22957862
-0.35217296
0.58748448
0.27497710
-0.23438889
0.35555350
0.60931204
0.12384578
-0.45193974
-0.34779405
0.19455839
-0.14054943
-0.41357013
0.55618703
0.27768313
0.27888854
-0.20622927
-0.88065871
-0.67361031
0.36741938
0.22014762
0.38148830
-0.44011385
0.33171363
-0.14988250
0.34839765
0.46287258
0.39683221
0.27741693
-0.41162082
-0.51470735
-0.04801694
-0.51497993
0.02128494
-0.04814569
-0.41553795
-1.31935551
0.10054820
-1.05391270
-0.06104886
0.46916118
-0.30549278
0.06556606
-0.42635846
-0.26657540
-0.01360754
-0.13998388
0.15225646
0.09089846
0.04293632
-0.43161548
-0.22195118
0.13118216
0.46215831
0.27946925
0.15221262
0.02072646
-0.76312918
-0.09708076
-0.25716737
0.18122419
0.64236061
-0.23064841
0.17428330
-0.97684082
-0.15561818
-0.38007049
-0.00005892
-0.16446353
-0.35818721
-0.07488835
1.15452109
-0.33979761
0.14874169
-0.36046208
-0.14370862
0.82792580
-0.72165542
0.37906290
-0.39789037
-0.46069494
0.07312113
-0.32266115
0.56954071
0.54728833
0.47336766
-0.25085019
-0.90350037
-0.20221329
0.16013192
-0.00645599
-0.27126467
-0.81126578
0.30490918
0.31439714
-0.54276883
0.01046756
-0.69593237
0.42572586
-0.27725552
-0.21790630
0.45573205
-1.07777083
0.54399289
0.44261319
-0.17191637
-0.21177928
0.03261317
-0.55977798
0.28418603
-0.26824945
0.09909585
0.14159229
-0.12529156
0.14422216
0.30235033
0.54188961
-0.02297410
-0.09786820
0.47981992
0.07029877
0.68833983
-0.22092437
0.11787728
0.34333521
0.11843836
-0.00071139
0.42125873
0.86007933
-0.30572696
0.63572934
-1.09610193
0.29989694
0.00817253
-0.87966190
-0.23618510
0.58800295
-0.41226610
0.32517843
0.10527596
0.45549963
0.58542502
0.03689079
-0.77406440
0.24575808
-0.60581564
0.18522513
-0.28096240
0.18569542
0.39918807
-0.45323072
0.55247398
0.75439323
0.23570394
0.52000084
-0.47818584
-0.18743589
-0.10203741
0.13302200
0.93728229
0.17330664
-0.57971244
0.02240942
0.89317281
0.11542050
0.28851354
0.27767769
0.31211240
-0.75896718
-0.52725164
0.77644216
0.47011909
1.00430250
0.23038411
1.03646529
0.40636797
0.00994854
-0.07515762
-0.73368089
-0.40531388
0.30925988
0.64120618
-0.07801381
0.65166228
1.06264270
0.81203662
0.12498883
0.58741363
0.13839611
0.21931460
0.34956254
-0.81883372
0.12384802
-0.88252939
-0.24103809
-1.34948463
-1.07558647
-0.43763703
-0.73056864
-0.63369659
-1.42274111
-0.94797221
-1.53256085
-0.85067571
-1.33608398
-0.90900606
-1.43265837
-0.90337477
-0.98965443
-0.90291782
-1.16012519
-1.30534418
-1.21397971
-0.31277109
0.54117300
0.41484476
0.67904283
0.77795831
0.49400836
1.07493758
0.80913405
1.51139658
1.03456186
1.79356836
1.99616673
1.80481019
1.38126881
2.04160267
1.76808037
0.77348665
1.84563108
1.27548266
0.78995160
0.39129793
1.41691829
0.13769473
1.01324693
1.23401997
0.08304959
-0.24904922
-0.88341240
-0.94375094
0.11760518
-1.26919536
-1.03916587
-0.13585535
-0.52027692
-0.55315315
-0.85646356
-1.45589024
-0.85188559
-0.90065007
-0.32997965
-0.29242148
-0.10386053
-0.59371690
-0.30424860
0.28811503
-0.24659584
0.01694876
0.69749109
0.27640954
-0.05612757
-0.05229844
-0.45162378
-0.03197363
0.34538793
-0.26691791
-0.34050414
-0.35899466
0.65370470
-0.49223081
0.34860399
0.29386035
0.18113298
0.21330843
0.22363847
0.09128556
-0.09600349
0.97863209
-0.31975805
0.02199400
-0.07882961
0.10979582
-0.27436074
-0.79095635
0.48252470
-0.80001151
0.09314511
1.47094179
0.70539434
0.11836338
0.93273689
-0.40703805
-0.14409333
-0.48148432
0.39883056
0.47397825
-0.02622657
-0.09671111
-0.03786952
-0.52496500
-0.32601101
0.32102235
0.56701815
0.69524038
0.40088941
0.89693746
-0.05684407
0.54027693
-1.11694480
0.29448149
0.44432329
0.34720958
-0.81722666
-0.39342319
-0.24616042
-0.13041637
0.19130031
-0.83029195
-0.16052218
0.12095266
0.19671413
0.52405937
0.07847471
0.18979997
0.21560254
-0.21508312
0.07099693
0.24677799
-0.31516745
0.13085454
-0.43283344
0.06793267
0.03835515
-0.07610642
0.49422420
0.30007760
0.05199480
-0.00175209
-0.40662395
0.41336341
0.65357205
0.40577814
0.28478183
-0.25893126
0.27746038
-0.17257717
0.16485363
0.25713556
-0.74539848
0.62212654
-0.27829768
-0.59408416
-0.38020387
0.31966256
0.43838884
0.36247023
0.17283456
0.47998579
0.47553005
0.23813897
0.62028297
0.60177098
-0.13998484
0.23424556
-0.35142332
-0.43943226
-0.32477980
-0.85260108
0.17767280
0.81386056
-0.26847557
-0.33624880
-0.48510031
-0.13130351
0.23040259
-0.39159742
0.42698316
0.20856885
-0.40602997
-0.31226544
-0.55367811
-0.45338309
-0.18311706
0.12607765
0.16555015
-0.13529268
0.35837081
-0.19902331
0.29356240
0.24686497
0.46766747
0.05955445
-0.60143189
-0.18884183
0.40416943
0.62248069
0.04805484
0.45106886
-0.10563322
-0.10112316
-0.09388991
0.38756223
0.39219040
-0.16975784
-0.10093531
0.61787050
0.25303336
-0.07712334
0.41435849
0.11154031
0.50997727
-0.04705127
-0.38901808
-0.89401881
-1.21701174
-0.09450953
-0.15590790
0.64548133
0.13886716
0.18999748
-0.26177579
0.22136947
-1.00796359
-0.64934742
-0.11256856
0.06327958
-0.71224482
-0.15687452
-0.61087969
-0.56878908
-0.25861104
0.26177770
0.31264540
0.69522573
-0.21656184
0.73461728
-0.52287763
0.54565730
0.17516775
-0.55044722
0.21324814
0.23009284
0.11837219
0.65624897
1.16787456
0.69465745
0.30709090
0.08622786
0.18797884
0.53672121
0.46553774
0.67727009
0.21728108
-0.63418851
0.44408070
-0.41698011
0.01035106
0.24741148
0.41855287
0.68327061
-0.25152781
0.30543798
-0.30947164
-0.15981557
-0.35101458
-0.27069013
0.07290508
0.37657379
-0.42992686
0.35652766
-0.45718779
0.38292870
1.24696215
0.29139773
0.75351428
-0.67946470
-0.11573355
-0.17657071
0.10056102
0.15813169
-0.12526618
-0.19083922
-0.08388184
-0.16467494
0.86861502
-0.34224978
-0.50159089
-0.72615466
-0.38035187
0.23076772
-0.31553383
-0.43452067
-0.52674226
-0.05303887
0.03679948
-0.39416353
-0.01795009
-0.29091064
-0.35054676
0.72772180
0.22361863
-0.73919793
-0.28273500
0.00391520
0.37791766
-0.25564228
-0.33069117
-0.22689767
0.25677094
0.84792247
1.01568793
0.11310356
-0.27512744
0.03078750
0.30937535
0.42721359
0.73013116
-0.69596218
-0.42298702
-0.57716417
0.05696418
-0.44025323
0.73206489
0.25293303
-1.00480394
0.53451331
-0.03346312
-0.31665800
0.09354094
-0.78977444
-0.42186208
0.43261344
-0.53794825
-0.20034164
0.54940661
-0.62374697
-0.09783544
-0.42541906
0.68207550
0.24956108
0.21452146
-0.02617940
-0.33383860
-0.41579814
-0.05016396
0.52047832
-0.87099343
0.42213747
0.15309978
0.25405227
-0.65614721
0.50816171
0.60337762
-0.09565325
-0.15290662
0.73509878
-0.01917610
0.93276770
-0.02205428
-0.12623214
0.80522204
-0.29132141
0.78005647
0.07149122
-0.04143798
-0.00606818
0.13973182
0.56008821
-0.22011458
0.13748574
-0.03915313
-0.33036204
0.00951358
0.16527922
0.31470286
-0.31718906
-0.84321233
-0.40835333
-0.16212274
0.14538639
-0.08044941
-0.46335030
0.38901924
-0.06049403
0.96031681
-0.64756778
0.08635673
-0.39857596
0.17725326
0.44266148
-0.42289059
-0.52912418
0.78897281
0.24547657
0.05141586
0.24827987
0.15127944
-0.32475207
0.36456293
0.44932020
0.13626703
0.42122020
0.08663891
-0.62034892
-0.08415541
0.66142311
-0.23781791
-0.57094798
0.38130143
0.17804096
0.01624736
-0.51882730
-0.19987601
0.34944319
0.20340671
0.29131172
-0.27885168
0.13685701
-0.03954513
0.29770703
-0.13197275
-0.01646853
-0.72492942
0.09085751
0.02852189
-0.85471990
-0.29858331
0.41975613
-0.34576576
0.05800949
0.74530817
-0.68220143
0.27671780
-0.21937550
0.14659029
-0.13829213
-0.40340620
-0.33445877
-0.19931715
-0.03652245
-0.12836027
-0.10422276
-0.14008916
0.34254635
0.21374584
0.31784072
0.46096643
-0.32814614
-0.52867779
-0.37953576
-0.07783663
-0.32132987
0.11908988
-0.32705312
0.45104915
-0.52965077
0.26552609
0.19625840
-0.27982414
-0.34708773
-0.25086646
0.39607745
0.30063224
-0.49465444
-0.09527812
0.57714184
-0.27728593
0.57399684
-0.38960048
-0.16818597
-0.53061087
-0.62397601
-0.18487305
-0.00171793
-0.30103150
0.29870697
-0.29487444
0.01755335
0.13144169
0.00561501
-0.17286373
-0.55966722
0.54067528
-0.19256912
0.59761839
-0.74736064
-0.34454645
-0.37209988
0.55744874
-0.55254845
-0.06970509
0.12352324
0.38661592
-0.51858445
-0.18924343
-0.09517078
0.23844528
1.61718491
-1.11908795
-1.04243682
-0.05846039
0.44169983
-0.29881769
0.08684591
0.30891744
0.32134662
0.67982754
-0.97206173
0.14612264
0.25805927
-0.37856275
0.09024238
0.07732442
-0.35492219
-0.12112279
0.53479836
-0.30877401
0.28076396
-0.29959355
0.25157554
0.35760003
-0.27152792
-0.28883733
0.06681916
-0.20106436
-0.21626513
0.32622705
-0.39642155
-0.13316444
-0.17446685
-0.12324748
-0.43653407
0.35133046
0.31155596
0.12046821
0.12533767
-0.05547572
-0.56921401
0.78969186
0.24781066
0.14699438
-0.00199455
0.40201071
-0.18709929
0.00298390
-0.17651382
0.04499001
-0.31865955
0.02763297
0.20293168
0.22269689
0.11618226
0.00146585
0.38064573
-0.43408515
-0.60788701
-0.38351454
-0.28340031
0.06250419
0.25420219
-0.57270288
0.01398862
-0.23741093
-0.00959978
-0.43637992
0.25542559
-0.34767278
0.39837327
-0.64365852
-0.60902706
0.46174200
0.91252626
-0.34797248
0.14387928
-0.30147881
0.52459420
0.07916964
0.89530395
0.25937045
-0.26540308
-0.07922441
0.62400055
0.80038049
0.48885561
-0.57885895
-0.01086605
-0.21712913
-0.12103838
-0.10267396
-0.06990469
0.36836638
-0.01842893
-1.36785703
-0.28533644
0.75703481
0.58274773
-0.11677684
0.08214539
0.53244768
-0.51936900
-0.06838037
-0.27307819
0.06331720
-0.30734369
0.04581044
-0.16822696
0.60891642
0.18106439
-0.00228181
-0.19670589
-0.05977064
0.15839678
-0.44212885
0.46719691
-0.06519306
-0.80650283
-0.42807938
-0.38899848
0.25054364
-0.43771868
-0.14472367
0.26852250
0.19004527
-0.97712311
-0.32130579
-0.55336215
-0.49195202
0.10496011
-0.04188804
-0.37584969
-0.42330592
0.32137241
0.13033485
-0.56419988
-0.85097175
-1.14515621
0.02538413
-0.58652186
-0.28956165
-0.05968729
0.30931466
0.06724000
0.30260487
0.64133263
-0.79962421
0.16362312
0.67344840
0.23637478
-0.34118662
0.03431270
0.45049691
-0.58981964
-0.40050289
0.70949913
0.04156521
-0.58313803
0.12458594
0.13821367
-0.20217009
-0.76656169
-0.08053855
0.06991908
-0.43728323
0.73541218
0.68007000
0.13642305
-0.02839805
0.87062265
-0.99400907
-0.12574765
0.14432345
-0.22318815
-0.24746028
-1.09757721
-0.00414499
-0.73737144
-0.27928350
-0.00851519
0.04992457
-0.52139640
0.15946595
-0.19091159
-0.27751571
0.06467156
0.29185225
-1.09416677
-0.39140984
-0.20832723
-0.01220617
-0.54751027
0.11006872
-0.21189977
-0.37400854
-0.58929244
-0.03779943
0.76552433
0.22335353
-0.22483207
-0.20971387
0.66708146
-0.14199028
0.15182328
0.11336462
-0.33021948
0.32741346
0.20249140
0.13152684
0.63838339
-0.01138559
-0.03315998
-0.24223885
-0.22745700
-0.61073792
-0.26412068
0.16651063
0.19726336
0.34313234
-0.28697489
0.13876970
0.13875847
-0.67731005
-0.14346944
0.78965782
0.92072414
-0.08926819
-0.51591973
-0.03504056
0.33172555
-0.43366291
0.68178808
-0.22799492
0.46812472
-0.34884769
-0.25613624
0.00487080
0.56499907
-0.35338384
0.43356386
0.43073895
0.12143395
0.18698034
0.07102918
0.02167503
0.24449186
-0.28211047
0.79645521
-0.04637724
0.34300600
-0.05972002
0.54714123
0.19514499
0.43890151
-0.29028560
0.15908585
-0.04192441
-0.14194833
-0.00000310
0.07039839
0.42241042
-0.65879247
0.13587115
-0.14575561
-0.20401870
-0.95386782
0.01811503
-0.72515000
0.19075254
-0.65877887
-0.09985471
-0.15228557
-0.13781124
0.26216453
-0.17192564
0.06613688
-0.99462411
-0.64079018
-0.04794484
0.55657026
0.35815493
-0.08165200
-0.74682888
-0.20228565
0.11002119
-0.53034043
0.57877791
-0.94917634
0.19337369
-0.11738918
-0.20140149
0.06706826
0.76934683
1.09844366
0.26035746
0.08081048
1.00954782
0.09650789
0.41326518
0.09987478
-0.85236395
-0.20275268
-0.00620728
-0.35910577
-0.79928272
-0.28156086
-0.16890337
0.38064515
-0.82897334
0.35405881
0.02819724
-0.39356570
0.32384161
-0.48113148
0.31464171
0.11726443
-0.27071585
-0.86624883
-0.01609332
0.47315325
-0.27891256
-0.06267815
-0.84517917
0.93887572
-0.31900916
0.57982447
0.50558255
-0.40667701
-0.01151273
-0.14468215
-0.20025868
0.43583007
0.55389348
-0.79927928
0.31142337
-0.24754679
-0.41287278
-0.80029379
0.41953414
-0.36500464
-0.27199778
0.42112447
0.21909623
0.24440521
0.09433379
0.05916206
0.36064427
0.36451541
-0.45748954
1.11819809
-0.08469197
0.31717924
0.30450678
0.99417247
-0.35509093
0.08672304
-0.34599826
0.59605387
-0.22595600
-0.23859967
-0.24437769
-0.11842088
0.37494135
0.34315087
0.44623711
0.20324587
0.54927974
-0.03585440
-0.19052882
0.64520720
0.61635353
-0.20726572
-0.09092685
0.23154733
0.22833449
-0.49642650
1.02406936
-0.00078770
0.91206108
-0.23705825
-0.61027229
-0.27497064
-0.00367516
-0.02422281
0.42731302
0.14417990
-0.31339654
-0.24071160
-0.46066487
-0.33175183
0.10550575
0.62897838
-0.13769369
-0.54495344
0.46150214
-0.21883446
0.22132714
0.45349529
-0.18085205
-0.50011863
-0.08754502
-0.25363299
-0.47926448
-0.63991968
0.11419822
0.34090621
0.68420434
-0.50717455
0.01017058
0.17293270
-0.12785499
-0.55653640
0.28252090
0.02230209
0.22850825
-0.38769035
0.06541215
0.37241088
-0.35965370
0.68043160
0.69961776
-0.22029621
-0.13119808
0.19262270
0.79992334
-0.06540005
0.19131539
-0.91238409
-0.32564764
-0.42432508
0.44565503
-0.50160279
0.45015580
-0.53829114
-0.35124720
0.27337010
0.18927295
-0.05983566
-0.67783051
-0.94691850
0.97766251
-0.54950981
0.53707682
-0.00342305
0.13054713
-0.25183050
0.39383645
-0.86845545
-0.14987037
-0.25106056
-0.76705748
0.22121532
-0.97070373
-0.16718460
-0.12141551
0.33994241
-0.28604183
-0.15734127
-0.63386310
0.22464551
0.53988510
0.07078622
0.05302423
0.55215241
0.34047903
0.29814124
0.20443689
-0.99073184
1.22761720
0.54765041
-0.65584299
0.74084224
-0.75223334
0.14030767
-0.12330845
-0.95407880
-0.18375525
-0.14858554
-0.52062645
0.28485000
-0.15775713
0.63719433
0.26985332
-0.09007788
-0.43550304
-0.01299801
0.19042610
-0.66367434
-0.68166004
-0.29721347
0.04892245
-0.92912651
-0.00164705
0.19902452
1.02165661
0.46173628
0.01681008
0.13799646
0.28320591
-0.79495215
0.29179311
0.06259708
-0.25560561
-0.05684782
0.18473152
-0.69139820
0.61393897
0.26852503
-0.59402660
-0.40344618
-0.08913549
0.13776143
0.53655295
-0.30583760
0.29339667
-0.36265093
0.02116134
0.38257258
0.21728784
-0.21318208
0.56518222
-0.49383541
-0.10437770
0.27784347
-0.19376965
-0.25914527
-0.42763580
0.61996009
-0.39249000
0.22561339
0.20010816
-0.00476658
-0.69830279
0.25102742
0.15860312
-0.16813216
0.49656668
-0.12668649
-0.24454457
-0.15422414
-0.24414054
1.06641703
-0.12403377
0.16099334
0.02840146
0.20867855
-0.22002251
-0.32168194
0.31461981
0.54034596
0.37713914
0.08308467
0.04029861
0.07293834
0.15657084
0.23927286
0.82219747
0.23718669
-0.50938947
0.79801452
-0.99726927
-0.02690484
0.03118376
-0.38804965
-0.05661574
0.87326364
-0.09446605
-0.75385455
0.40340122
0.16863970
0.23075763
0.05565297
0.55687376
-0.10925360
0.27389429
-0.08881941
0.75311381
0.09412008
0.52823452
-0.65800840
-0.74551404
-0.21567900
-0.17189447
0.00067097
-0.51161835
0.10587100
0.10393147
-0.17422052
-0.16664643
-0.14374228
0.12160499
0.53170000
-0.10144017
-0.32377574
-0.76937623
0.04652781
-0.22117250
-0.21276057
-0.26864369
0.66883301
-0.19695457
0.02418240
-0.45554618
-0.56599341
-0.17706323
-0.37052802
-0.21383711
-0.10886260
0.35468474
0.34938686
0.02770017
-0.30273642
-0.29183431
0.10085905
0.48116451
0.15173074
-0.07468105
-0.02677306
0.87227740
-0.46461508
-0.94813433
-0.21578106
0.23073724
0.06335396
0.57435906
0.10909688
0.17167543
-1.02015346
0.31811014
-0.02788976
0.39431463
0.03858319
-0.17997226
0.45336213
0.16751255
-0.19957165
-0.13122347
-0.46913031
0.20595966
0.03829501
-0.23603463
-0.52243582
-0.05143416
0.44725689
0.16189923
-0.66211233
0.40019864
0.11285580
0.44682039
-0.41696652
-0.02817455
0.92104095
-0.05490112
0.45105535
-0.16713998
-0.46752974
0.22598267
-0.61933403
0.52260433
-0.07468395
0.09619807
-0.14868324
-0.12221200
0.27155622
0.35432902
-0.15151536
-0.19900181
0.17841266
0.80144273
-0.78918782
0.49746410
-0.36981772
-0.24988954
0.05642945
-0.48151244
-0.10188879
0.00995787
-0.29164116
0.03415532
0.00164768
0.69423262
0.01298873
-0.01125629
0.21210786
0.16819835
0.18985941
0.56378623
0.43478632
-0.31210036
0.35400206
0.22400443
-0.63179859
0.59456057
0.82588554
-0.14022755
-0.66364291
-0.65505344
-0.51926570
0.20079562
-0.00119943
-1.19709879
0.39455792
-0.02730383
-0.05111637
0.71515688
0.08195518
0.02578449
0.15006048
-0.16378546
-0.36807216
0.05828192
-0.56110185
1.04062602
-0.74840513
0.19209357
0.37067804
0.77849614
0.23325721
0.33432020
-0.35539930
-0.64947746
0.01363776
-0.44365058
0.04642641
0.06915773
-0.11153528
-0.41523049
-0.87959094
0.29682244
0.06206078
-0.05798283
-0.05637101
0.08895727
0.11563551
0.16890388
-0.02227562
0.12530150
-0.26893853
-0.03846633
0.15786018
0.09622411
0.05920165
0.07701394
-0.11458245
-0.30444870
-0.36798318
-0.26973418
-0.28979412
0.15492071
-0.20244123
0.14404768
-0.58978847
0.26033197
0.53826501
0.35730514
0.74720721
0.00910700
0.84937505
-0.34356134
0.18592319
0.46480653
-0.12694958
0.62352215
-0.10943208
0.25763915
0.20394976
-0.26857740
-0.13076526
0.16784418
0.09596592
0.39640583
0.35340114
0.40746410
0.14395049
0.24957274
0.36273819
-0.34896781
-0.43089741
-0.30903600
-0.24119776
0.19780181
-0.85228963
0.90252558
0.72182672
-0.09773094
-0.43084101
0.11227148
-0.38908020
-0.42487344
-0.33310269
-0.15794366
0.18767350
0.20911713
-0.12717750
0.04312194
0.16350115
0.11898917
0.16176610
0.22275777
1.08040943
-0.36965293
0.26479770
-0.45287678
-0.21215470
0.01223449
0.13893405
-0.01002970
0.16611183
-0.13333855
0.51387874
-0.10109848
0.58787750
-0.95580391
-0.04979071
-0.51984424
0.28909258
-0.31394022
0.17370242
0.62005990
-0.04099660
-0.49585524
0.22500674
-0.39186339
-0.66177889
-0.08845962
0.64980339
-0.26346279
0.64391366
-0.72437156
-0.00619614
-0.26844437
-0.32645374
-0.38078283
0.01970017
0.29154315
0.13216964
0.21080675
0.11189500
0.32533729
-0.57214383
0.53839457
0.03250741
0.22304426
0.22024357
0.65336711
-0.73281022
0.00064404
-0.34039455
-0.66902975
0.31644308
0.06358043
-0.62969922
0.01541163
-0.19359763
0.04980109
0.67223041
0.12907267
0.25311594
0.58929676
0.10008117
0.21529583
-0.59775635
0.59585917
0.47259149
0.59007776
-0.01623195
-0.69428516
0.07394128
-0.43541966
0.16768987
-0.23508916
-0.35276667
-0.31662021
1.22416161
-0.12355727
0.03812988
-0.00117529
0.57403199
-0.25266897
-0.51492798
-0.30255662
-0.05847493
0.87917515
0.82456565
-0.29463268
