-0.03540459
0.48087174
0.91190277
-0.10799225
-0.40432494
-1.18894723
0.36411276
0.52520757
-0.32770557
-0.55783038
0.18618675
0.21006265
1.08137933
-0.29034551
-0.05977277
-0.36123659
-0.17002649
0.65406986
-0.02642198
-0.21770426
0.23658013
1.08127865
-0.21692484
0.14644705
0.15058610
0.23584834
-0.43155736
-0.09578288
-0.27084092
-0.32021897
-1.07477521
0.84097814
-0.63834202
-0.06881913
0.48074084
-1.22475993
-0.69364177
-0.31775150
0.84572739
-0.21938339
0.12223829
0.44033677
-0.49045847
-0.43546298
0.62212978
0.66695009
-0.38733192
-0.17888348
-0.06865291
0.01553019
0.27264223
-0.28462419
0.04106789
-0.31054192
-0.16443828
0.69381220
-0.30787643
-0.44792950
0.23322113
0.70919755
-0.04852459
-0.65791229
1.12309043
-0.39487310
0.12502534
0.17374006
0.09074658
0.42511698
0.35132272
-0.84063072
-0.65930498
0.83091539
0.08741951
-0.64336173
0.00500685
0.11210064
-0.21787797
1.20594052
0.25271717
-0.12979403
-0.22768019
0.72678037
-0.14513354
-1.03294210
-0.54740078
0.88622016
-0.03056622
-0.37962292
0.24529537
-0.43872999
0.43549718
0.62025174
-0.42875489
0.01679243
0.64919521
0.03552387
0.24741660
0.00958735
0.19186589
-0.13928665
-0.78558342
-0.37791661
0.70180123
0.73881320
-0.01979758
-0.38362119
-0.68904459
-0.43185575
0.43043335
0.17381940
0.99222658
-0.13965275
0.18825019
0.33150840
-0.34567040
-0.03573972
0.03057772
0.07285130
-0.80658511
-0.36963713
-0.48012747
-0.83167878
0.27213159
-0.09446430
-0.72358219
-0.17684427
-0.79633954
1.02942572
-0.10448328
-0.74747875
0.47312570
-0.45425946
-0.85819950
-0.62054974
-0.53174645
0.17831411
0.63257112
1.42342342
-0.30500606
0.19751686
0.16536478
1.03975435
-0.74502307
-0.11486227
-0.40423446
0.52057657
0.07482102
-0.88577764
-0.04543010
0.11173172
0.23980616
0.51016061
0.79161503
-0.40447018
-0.64023863
-0.00172048
-0.36058159
0.04677399
-0.56436179
-0.28664432
0.47552722
-0.89769464
-0.44555651
0.43227136
0.42587534
-0.88445866
-0.04918939
-0.06474783
-0.46945157
0.36673150
0.34394421
0.37353066
-0.12212472
0.26824416
0.27684066
-0.65295066
0.46438550
-0.31001466
0.36089904
0.57635079
0.04317433
-0.42939003
-0.16143641
-0.20731521
0.77766606
-0.06745925
0.34586972
-0.20812735
0.67892134
0.03299526
-0.63919248
-0.02941570
0.11926174
-0.44766654
0.42745840
0.31513878
-0.39493687
0.31221515
0.31282375
0.94167165
-0.45369532
-0.22129345
0.09781941
-0.09719845
-0.39059067
0.50909145
-0.64080249
0.20906363
0.67867387
-0.30244725
0.02993776
-0.32053362
-0.93207100
-0.92982799
0.66703977
0.88020123
-0.26266704
-0.64003854
0.21287848
-0.24923348
-0.36328621
1.54200884
-0.46264765
-0.77501913
-0.02693126
-0.17418215
-0.34685192
0.38247218
0.71040086
-1.12260505
-0.49482866
0.40410874
-0.21983379
-1.05081396
0.41550840
-0.74263867
-0.77680878
-0.07530779
0.30135492
-0.52236985
0.00798188
-0.60522604
-0.15774769
0.23135300
0.37264167
-0.03322836
-0.35055946
0.06063541
-0.44961247
-0.04548328
0.00306017
0.40126316
-0.06416777
-1.30513692
-0.10492654
0.34045236
0.00522965
0.25705693
-0.37584693
0.31832991
-0.04019000
0.86481862
0.16020633
0.05636527
-0.16021061
0.66599361
0.22202409
0.31641467
-0.78295448
-0.55667393
-0.37699925
0.19836061
0.23943902
0.23804767
-0.55970878
-0.44584243
-0.38792302
-0.21407806
-0.54678676
-0.19026798
0.43435744
0.18569547
0.48916608
0.18622516
-0.02732648
-0.51011958
0.07802299
0.30791747
0.11632973
0.02313495
-0.56520554
-0.12062230
0.11521542
-0.51914982
0.43727456
0.36881397
0.45821912
-0.59212808
0.44175100
0.52306192
-0.30580530
-0.58420581
1.03612305
0.24133563
-0.03523070
-0.30071561
-0.80534221
-0.00968376
-0.04336166
-0.14168358
0.40347999
-0.00195372
0.37836007
0.05545653
-0.41238026
-0.60043641
-0.54523802
-0.65966592
0.07534558
-0.07206772
0.49371088
0.67492622
-0.30190369
-1.11377316
-0.13153437
-0.38189879
0.58591156
0.64209465
0.38151818
-0.38454371
0.40680386
-0.11732997
0.15179930
-0.24275082
0.19989527
0.17330192
0.66284594
-1.03657375
-0.59593821
0.26765435
-1.18676743
0.21104977
0.15359239
1.07907404
-0.20432849
-0.15946834
-1.24634379
-0.47345576
0.41975907
0.01391218
-0.82406421
1.08132014
-0.23198071
-1.25728941
-0.17535055
-0.80940274
-0.23427715
0.19781244
0.72667660
-0.63834963
-0.22041098
0.78607193
-0.00743623
-0.21296562
-0.33929072
-0.03124780
-0.89237304
-0.32166383
-0.23166892
0.35678805
0.15291203
0.24231412
0.37712811
-0.56145089
0.74811583
-0.74348009
0.69205497
0.22032114
0.92685404
0.20352965
0.11308351
-0.41795575
0.55401668
-0.29298700
-0.67863343
0.53528136
0.13894258
-0.61770280
-0.90017519
-0.92182540
0.63691602
-0.69011326
-0.08820745
-0.37303304
-0.28008480
-0.17847540
-1.15183756
0.24650041
-0.27313499
0.49075449
-0.04758771
0.00234120
-0.15536494
-0.34592931
0.82949065
-0.66393855
-0.50133725
0.12464004
-0.67924325
0.29804446
0.49869855
0.34585043
-0.56100616
0.48092439
-0.82383771
0.68045324
0.84635665
-0.94975850
0.22447342
0.14969900
-0.15140369
0.08040801
0.75486139
-0.43935818
-0.09883988
0.23510315
0.20641364
-0.42661809
0.15508464
0.11084852
-0.51162907
0.19444080
-0.05746938
-0.72398327
-0.70556030
-0.25815334
-0.06497678
0.13733475
-0.75343157
-0.55774656
0.42068626
-0.02133474
0.32054802
-0.26280967
0.19241259
0.69674960
0.16415015
0.21045224
-0.46208151
0.12073682
-0.46889899
-0.85676808
1.23875174
-0.05914441
-0.57737417
-0.13138865
-0.27391314
-0.17984088
-0.49851063
-0.72440562
0.07150761
0.47431952
-0.39936552
0.02170932
0.03272724
-0.49361709
-0.90145589
0.44306598
0.40827808
0.49485964
-0.12070538
-0.00363877
-0.72276905
-0.17253452
0.29501492
0.69961039
0.04808597
0.17033248
-0.80334473
0.03060350
-0.57512203
-0.44811889
-0.42517268
0.34505173
0.04023158
-0.20174961
-0.59890802
1.27914450
0.36204539
-0.11412284
0.37612642
0.74570270
-0.21903925
0.90803037
-0.28858237
-0.32559216
0.68259952
-0.23337337
0.23490931
-0.60544699
0.00892825
-0.22278254
1.18835067
-0.03926200
0.30628541
0.71505451
-0.30002824
-0.00682622
0.23091198
0.01615317
-0.17730566
0.16957893
-0.20165282
0.46625225
0.21484479
-0.06028654
-0.23639878
0.26841590
-0.68210147
0.84902833
-0.19700792
0.07387355
-0.19267525
-0.39951675
0.74099798
0.27178971
1.05168773
-0.03639948
-0.09791972
0.22163164
-0.59643066
0.25848570
-0.10179324
0.43952460
0.26419496
-0.39156901
0.22448385
-0.06192938
-0.34447652
-0.48763381
-0.22880030
-0.21341318
-0.41607791
0.45844255
0.02994803
0.47182152
-0.22992046
0.05949465
-0.28579055
-0.15217118
-0.44154446
0.80589839
0.52048393
-0.48537216
-0.64334302
0.48420622
0.15210293
-0.80575042
-0.04393936
0.40557620
0.57088638
0.49006121
-0.04741328
-0.47184272
0.30367665
0.25829090
-0.25941974
-0.92406694
0.21742952
0.02839986
-0.54723138
0.57188513
-0.12645663
0.30139716
-0.07436536
0.82819929
0.88106855
0.29909694
-1.05290928
0.15815626
0.03060461
-0.36369272
0.20324439
-0.02933057
-0.67100800
0.49401742
0.40010611
0.21777555
-0.21701113
-0.57208534
0.81882987
0.37872246
-0.98094403
-1.20645161
0.64837551
-0.63930902
-0.20860724
0.43143395
0.12535704
-0.54445604
0.20627405
0.73942774
-1.07549769
-0.33565857
-0.02351552
0.36592056
0.14845422
0.62570877
0.57685761
0.05672860
0.11545407
0.32483467
-0.74583369
0.25917735
0.21409105
-0.29675601
-0.02515598
0.47434617
0.56158294
0.04935973
-0.44237542
-0.80733644
-0.35251252
0.37174873
-0.01265897
0.25266223
0.78591665
-0.12633910
-0.02711319
-0.11926715
0.75448433
0.61082660
-0.80934356
0.13867071
0.32704119
0.45173274
-1.16715454
-0.48628171
0.49074815
0.58381880
-0.16758707
-0.15419031
1.10163128
-0.05114838
-0.24193838
0.03449826
0.35515459
-0.06556441
0.42858850
0.72498058
0.16705637
0.76219083
0.47759402
-1.12629649
0.25615433
0.49609552
0.04418884
-0.20933105
-0.62186578
0.32340056
-0.11794128
-0.32996239
-0.36541702
-0.24108661
0.79047199
-1.12133439
0.23847519
-0.83729230
0.16058999
0.34833281
-0.87955588
-0.51309543
-0.45159270
0.11478827
0.59799364
-0.43199998
-0.32824452
-0.91666769
0.67732835
-1.44453739
-0.31445878
-0.23528330
0.80629276
-0.19441042
0.70417299
-0.14908909
-0.18356256
0.76618670
-0.31498594
-0.17549096
0.71860229
-0.14468798
0.04416503
1.00229988
-0.84564631
0.48421381
-0.23955075
-0.21999540
-0.18778308
-0.11857723
-0.05314876
-0.26558918
0.47258680
-0.09093035
0.27585223
0.89736594
-0.53649793
0.44220711
-0.55524770
0.16321321
-0.88409066
-0.14335733
0.42226403
0.60838959
0.25341871
-0.02619082
0.73517632
0.13908804
0.08412772
-0.58042823
-0.86817835
0.05256881
-0.53459614
0.03700462
-0.46015291
0.30017091
-0.27206142
-0.44304485
0.15733503
-1.07702804
-0.20744409
-0.47744538
-0.12002945
0.15799812
0.06522571
-0.11920764
-0.35872952
-0.42879274
0.15501045
0.18327052
0.02500423
0.40782258
-0.04630609
0.45927942
-0.45298307
-0.75127993
0.30269700
-0.04225599
-0.86082109
-0.56508905
0.23153768
0.11034568
0.62957015
-0.52882594
-0.75423622
0.09765661
-0.12619721
-0.04451288
-0.17086621
-0.21010701
-0.16767631
0.53126148
-0.97757853
-0.69840369
-0.19022190
0.08014571
-0.39576589
-0.45086742
0.36153422
0.21687745
-0.65443434
0.69563664
-0.81483939
-0.40753859
0.16935470
0.82152009
-0.48455464
-0.26507998
1.00077312
-0.25560427
-0.68814080
-0.87217082
-1.49595550
0.14133712
0.45207212
-0.03535132
-0.56911621
-0.19438981
0.04499239
0.09084499
0.54081841
0.30572573
-0.19707276
-0.00543501
0.54378620
-0.03575905
0.97878201
0.47789641
0.91788623
0.56772076
0.69626402
0.63659439
0.68578231
0.49047584
0.76508937
0.14637838
-0.25853227
-0.14586749
0.91018525
-0.04322759
-0.38800417
-0.80324743
-0.65975294
-0.40493418
-0.44309622
0.49387661
0.09675636
-1.23556935
-1.41294384
-1.59588617
-1.25487284
-1.33039943
-1.64880678
-1.17769102
-1.41857263
-1.44630729
-0.31591058
-1.14777894
-1.56357546
-1.88141895
-1.34239150
-1.15556223
-0.79182725
-1.13680182
0.36195378
-0.65547617
1.05629496
1.41806904
1.03692675
0.12174732
0.93387688
0.95810096
1.35970585
1.60749684
1.97797520
2.26749087
1.08305975
2.27429889
1.82758886
1.06718077
1.78020324
1.09847498
0.60270367
1.70169936
1.34679706
1.23807267
0.26076172
0.41379577
-0.14182605
-0.26480277
-0.70700097
0.20732357
-0.74247723
-0.36170493
-0.53580087
-1.40372078
-0.82845927
-0.80926248
-0.88971689
-0.77176876
-0.92628482
-1.22220716
-0.27812387
-1.28503133
-0.43353879
-0.08146850
-0.58469037
-0.63540875
-1.08403281
0.02364185
-0.66165930
-0.74686168
0.65968399
-0.50433667
-0.05516249
0.29648077
0.70100821
0.08515268
0.70991288
-0.29411351
0.03217598
0.61737351
0.40674089
0.48781324
-0.48689685
-0.04694387
0.54630004
0.62386978
0.93040911
0.74550557
0.34278141
-0.20370037
0.65334377
0.07297831
1.38993823
0.75131634
0.28665716
-0.26338082
0.39426387
-0.39584718
0.18310263
-0.15171655
0.56368911
-0.38681222
1.03654316
-0.43946478
0.41974953
-0.25148330
0.20000901
0.60748630
-0.13556118
-0.67648338
0.24025398
-1.12506284
-0.67229220
-0.29458948
0.04569756
-0.09751057
-0.15931471
0.26514864
0.44132083
-0.10415626
-0.98253616
-0.28746660
0.37292682
0.20838818
-0.13070103
0.01769832
0.31632523
0.02725920
-0.22989202
0.03595507
-0.19937713
0.31559978
0.12245712
-0.67131516
0.91450195
0.04581664
-0.31796395
-0.40003351
0.21217897
0.21529488
0.09664596
-0.47843366
-1.18612292
0.35857206
-0.42472499
0.53881012
0.15521323
-1.05443271
0.39387737
0.22099057
-0.25961586
0.62742320
-1.06167357
0.23481440
0.33853678
-0.48070621
0.51776778
-0.09816609
-0.52236036
-0.31181947
-0.42400227
0.24727446
0.84052964
-0.62877320
-0.84611510
0.48021985
0.85556505
-0.21107543
-0.12612639
-0.32528693
0.74392749
-0.23245496
0.25558165
0.12266379
-0.15331665
1.74063058
0.17923059
0.54619048
0.35546585
-0.03058800
-0.22052406
-0.25509219
-0.03794074
-0.53699568
-0.11197505
-0.29501485
-0.23260489
-0.48754303
-0.29175765
0.53937939
0.07756628
0.07088717
0.51848661
-0.13457960
0.14728472
0.14728209
-0.03993118
-0.75552487
0.14685623
-0.57818100
0.44417530
-0.45089628
-0.49644577
0.92025652
-0.48684490
-0.16960089
0.38107760
-0.45496573
-0.12128991
-0.01772061
-0.28756622
-0.93858691
0.06679448
0.36412846
-0.63807917
0.14575699
0.02136688
0.15268692
-0.21853735
-0.27126753
0.15249166
-1.35455333
-0.96264895
0.32750452
-0.47456462
0.51731505
0.26433011
-0.43399674
-0.29125335
-0.17238603
-0.13783802
-1.23556670
-0.03433295
-0.27831285
-0.74057079
-0.88282608
-0.03596987
0.26833645
0.44468300
-0.45301093
-0.15377345
-0.85167689
0.38928774
-0.13875295
-0.07146359
0.03068304
1.09434520
0.38480557
0.71818412
-0.24378240
0.01552704
-0.29777170
-0.46561819
0.24479143
-0.33505118
0.31166507
-0.71359133
-0.28358349
0.67592116
0.21468248
-0.16635746
0.23495901
0.17217673
0.31089716
0.10386665
-0.45505122
0.28140486
0.15006889
-0.69267243
-0.29260057
0.02864674
-0.35521213
-0.81600111
-0.48032132
-0.02628738
-0.29383073
0.09803552
-0.12042302
-0.54444288
-0.65306530
0.21654760
-0.45946144
-0.76409640
0.61631240
0.04861541
-0.11274619
-0.86296404
0.73380568
-0.38445820
0.08685922
0.21681476
0.50961346
0.23995710
-0.67215984
-0.94852331
-0.78184201
-0.25343734
-0.20425539
0.21765892
-0.05613750
-0.33242749
-0.27133826
-0.03709455
0.17423028
-0.88623153
-0.21823658
-0.04934464
-0.17776089
0.03129791
-0.15117969
0.65685516
0.03377104
0.29249157
-0.60903542
0.33341377
-0.53673514
-0.65916935
-0.50775110
-0.10014072
0.52101112
-0.46454979
-0.41749773
-0.37961793
0.27063142
-0.52297595
0.51842759
-0.43096010
1.11597465
-0.54444115
-0.05558294
-0.01605546
-0.11604366
-0.79213802
0.63079048
-0.74706578
0.51968264
-0.35802694
0.66570190
-0.00877183
0.29874238
-0.46813305
0.44189355
-0.18161566
-0.19609570
0.10135658
-0.19475708
-0.06130944
0.31309641
0.01728068
0.04800910
0.78927247
-0.58447761
0.38999312
-0.69455908
-0.23945784
0.63466560
0.00586955
0.24893953
0.37641055
-0.10173746
0.74850504
0.91559280
0.92773436
-0.26388337
-0.17165012
0.48425988
0.43736151
-1.18586770
-0.59857275
0.14090030
-0.28773261
0.62227395
0.43729737
0.26868075
0.62361313
-0.01710014
-0.82068781
0.42478424
0.33086610
0.66977417
-0.30063326
0.40900299
-1.06891897
-0.28211019
0.22216186
0.35026264
-0.48326496
0.77227357
0.51149719
0.63533833
0.19064110
-0.43781535
0.52350518
-0.26431913
-0.52049089
-0.00133161
0.26181415
0.26037301
-0.18299905
0.43871713
0.95853730
-0.10110463
-0.15949744
-0.59130194
-0.00081446
0.05046512
0.31217715
-0.39354292
0.68662879
0.28660783
-0.12639367
0.15044100
0.19838324
-0.37131383
0.28663453
0.55099478
0.30871013
0.10623359
0.10065593
0.06755205
0.06330603
-0.41496022
0.10890595
-0.38843411
-0.42067278
0.19719293
0.10912593
0.00506442
0.09627935
-0.03729039
0.19327593
-0.74521514
-0.20533700
-0.48368278
0.15316546
0.49901405
-0.01431005
0.06736942
-0.47152042
-0.15367165
0.02458942
-0.06591208
-0.65914184
0.28594179
0.15271695
-0.46815073
-0.07356123
0.03675142
-0.13885456
0.42818861
0.94665133
-0.65571526
0.07112553
-1.09155212
0.00494866
0.33980334
0.21037592
0.05550900
0.25171438
-0.63726792
0.40947561
-0.15782131
0.32678943
-0.11353678
-1.23883336
-0.11285786
1.30239789
0.67148477
0.93694631
-1.00391315
-0.60617465
-0.46771141
0.57062147
-1.38859855
-0.36872775
-0.49927562
-1.20705623
0.00127833
0.03577480
0.45291004
1.04034859
0.44486430
-0.48359734
0.40937995
0.74377319
0.47816247
0.25633469
-0.41617799
-0.39358156
-0.34230252
0.40385750
0.36698120
0.27590129
0.01021922
0.67751631
-0.01226819
-0.41009626
0.17159082
0.13715814
0.23156735
-1.53929839
1.18367040
-1.16334372
0.42725784
-0.27566039
-0.22324775
0.07378688
-0.53539674
0.49861540
-0.63734659
0.10145099
-0.23797732
-1.22909280
-0.65026064
0.04679348
-0.50621770
0.42011632
-0.36108931
-0.40462091
0.17659314
-0.09778980
-0.29884775
-0.41239797
0.73979408
0.24334242
0.01665633
-0.07146438
0.13296858
-0.05009014
-0.33754013
0.36217331
0.22470520
0.84491362
0.88367142
-0.27940672
0.18834497
-0.43144601
-0.01183901
-0.12205054
0.12743098
0.05705997
-0.02743752
-0.10966406
-0.19797208
-0.37844681
0.40073825
-0.10959490
0.41890203
-1.20570609
-1.03001943
0.07202694
0.17895577
0.22703713
-0.98947328
1.40357006
-0.02967457
0.11108482
0.84024395
0.64532016
0.22925199
-0.12928304
0.04285187
0.16773648
-0.76611082
0.19929021
0.19470883
0.06235646
0.81789641
-0.09550890
0.04687006
0.54500981
0.01873573
-0.02865847
-0.23562010
-0.87111691
0.13826039
-0.31316354
-1.19971601
0.07401880
0.54763741
0.82106478
-0.04630275
0.00772426
-0.59616851
-0.01056960
0.25068969
-0.34695107
1.04567569
0.73617794
0.79200159
-0.56660094
0.31466248
0.05465650
-0.56149764
0.32038860
0.05755544
-0.77599422
0.56981989
0.02665907
-0.03208699
0.24924917
0.16268472
-1.02029965
0.76146942
0.43910990
0.31305691
0.81157091
-0.00245673
0.40637215
0.00172994
-0.24216211
0.51071732
-0.43509667
-0.75954141
-0.03760587
-0.81720413
0.26918959
0.41688686
0.16984493
-0.06562916
0.42127507
-0.67163091
0.21190225
0.39575658
0.66950525
0.64520321
-0.14227890
0.06008324
0.00798484
-0.32419084
-0.09450342
-0.36732430
-0.22082727
-0.34892221
-0.23256336
-0.35102918
0.62128839
0.07134536
-0.48303572
0.71013225
-0.49001965
0.26567027
-0.30103668
-0.19981030
-0.29548043
0.55723369
-0.26509168
0.92629851
0.16333790
-0.29485521
0.20200149
0.86397580
-0.33034081
0.24423103
-0.11354130
0.13229594
-0.24660423
0.57511938
0.28776895
-0.19966925
0.01374295
-0.07452290
0.21739818
0.72473454
0.45674674
0.18532480
-0.08167332
0.19506693
-0.34592781
0.65386504
0.42806627
-0.62370947
0.40798215
0.02494406
-0.42447387
0.19495531
-0.73391323
0.53996399
0.95477451
0.24421314
1.15542776
0.49062844
0.44993925
-0.17551527
0.24252630
0.12204363
0.17347281
-0.14246185
-0.03655068
0.35470413
0.44714335
0.33897266
0.29111133
-0.07257871
0.49803974
-0.33503494
0.00590813
0.41582408
-0.33038703
-0.24726651
-0.52693848
-0.01965436
-0.01493516
-0.74724801
1.62106138
0.07180155
0.56998333
-0.47385803
0.05663507
0.21889215
0.36606929
-0.29534275
-0.86676253
0.88569990
-0.18880831
0.33896988
0.09130788
1.06658901
-0.31298357
0.29066086
0.14957161
-0.52570933
-0.01320100
0.37645043
-0.44755397
-0.00880851
-0.06903723
-1.05589040
-0.29551700
0.79240342
-0.10066582
0.24724514
0.22030733
0.59494989
1.04226057
-0.75913642
0.01834066
-0.07130532
-0.14696296
0.10072535
-0.38672441
0.56556729
0.70109530
0.70187572
0.87666507
0.03435780
-0.08916774
0.26778982
-0.02499144
0.45471079
-0.86690259
0.08129125
0.20166103
-0.61552810
0.16918626
-0.13142281
-0.74480243
-0.86629781
0.53595178
0.15711942
0.53994284
-0.41662128
0.01797856
0.35850623
-0.33223042
0.15569402
-0.40674754
0.24366963
-0.14234044
-0.16715215
0.11378693
0.18352666
-0.13483909
0.53791770
0.15077831
0.06360901
-1.20073909
0.69676960
1.15585985
-0.05953390
0.25994592
-0.44597599
0.46484787
0.24573859
0.52997223
0.74952818
0.51961581
-0.06406299
-0.14789939
-0.08925121
0.10886394
-0.02429960
-1.02976896
0.12471567
0.51398334
-0.16026742
-0.55058661
-0.10064597
-0.01235005
0.68286395
-0.45490454
-0.25197173
0.77324719
0.59653193
0.66978243
-0.12718108
0.76720740
0.08432854
-0.15049443
-0.29242904
-0.30239037
0.02470356
0.52705613
-0.04136092
-0.08664595
-0.26717855
-0.07676672
0.09399667
0.13881844
0.20325593
0.29594914
-0.53763204
-0.58297400
0.19250898
0.52847381
0.22990515
0.12648140
0.19984011
0.05438897
-0.52848509
0.15377547
0.30011476
-0.02769377
-0.17878621
0.11023937
0.66384717
-0.01272778
-0.16755901
-0.47413452
-0.06415203
-0.12893695
-0.24575573
-0.11595146
-0.43589770
-0.12035381
-0.06116666
-0.72600589
0.44938924
0.34435183
0.23133340
-0.76377852
-0.08294236
-0.27313937
0.40936797
0.48273637
0.19651871
-1.17501573
-0.35727701
-0.24454335
-0.55467478
0.54198569
-0.53333846
-0.03232873
0.19279654
-0.73896949
-0.36636724
-0.28538225
0.27838991
-0.36511720
-0.75731951
-0.42126890
-0.49240992
-0.49160119
0.82141892
0.49535198
0.17498751
0.62802166
0.63205357
-0.30052890
-0.51391595
0.33032765
-0.02475740
0.27454578
0.35760142
0.32270171
-0.81012928
0.29417905
0.85575557
0.54660921
-0.32064098
0.82639510
-0.12726254
0.27588865
-0.58056970
0.29201993
-0.13636354
0.05583082
-0.07266368
-0.36642593
-0.08706860
0.38614310
-0.13142182
0.44674031
0.62900629
-0.15735217
-0.44075093
-0.11997496
0.38221356
0.00670840
0.22985061
0.09925013
0.17382245
0.19454821
0.32835468
0.06151877
0.57438232
-0.30537570
0.75867632
-0.22080779
-0.48687366
0.22573317
-0.12935553
-0.85364572
0.48945960
-0.11144770
0.56235875
0.20518892
0.25704424
0.13583121
0.12900804
-1.06212415
-0.49348487
0.02343527
-0.33254065
0.21723361
0.45988869
0.02971222
0.60714788
0.30313000
-0.07654452
0.41893845
0.82762755
0.90502685
0.14511595
-0.86257829
0.08360060
-0.10829800
-0.94509497
-0.31207822
-0.26653400
-0.43225827
1.21817480
0.17355585
0.18243782
-0.65093004
-0.74857344
-0.65767803
-0.98830350
-0.73389609
-0.28251999
0.04624378
0.57403208
0.17986795
0.02569919
-1.08966501
-0.07492217
0.17012702
-0.70264826
0.37474278
0.19730121
-0.12473852
-0.17068618
-0.56215501
-0.82610468
0.24545245
-0.04210749
0.04110668
-0.60695991
0.41728169
-0.44717469
-0.21493736
-0.11450901
0.18421388
0.28542792
-0.10875189
-0.56058030
0.31757337
0.03639369
-0.48620596
0.41289401
-0.08470609
-0.96465068
0.18221485
0.15640413
-0.34603952
0.02662521
-0.81350281
-0.20299781
-0.11324153
0.32180896
-0.14035221
-1.38408399
-1.01162251
0.32693103
-0.47269941
-0.35185762
-0.26892878
-0.11642026
0.02156731
0.30735816
0.55734350
-0.07347785
1.06381316
-1.17235193
-0.28090834
0.49791368
-0.70402238
-0.17132093
-0.31076817
1.18534610
0.16321672
0.33513695
0.34460158
0.12262418
-0.48103395
0.36125821
-0.92856151
-0.26044209
0.01438638
-0.34531892
-0.32881698
-0.25460412
-0.27374202
-0.62970931
0.56362268
0.07826349
-0.56715899
-0.02472184
0.05947124
0.86129550
-0.61516918
0.35513714
-0.09228770
-0.09223317
0.49854143
1.10749379
1.35629914
0.01402079
-0.86751651
0.30887535
0.18348200
0.14428789
0.27976224
0.38891925
-0.74442458
-0.05261568
0.41722907
0.04850264
-0.86792032
0.02584951
-0.16009897
0.22844570
0.00272273
-0.83746776
0.05132668
-0.08053767
0.17971197
0.38731291
0.25964169
-0.48716209
1.33119767
0.23420556
-0.57738746
0.32040079
-0.31889294
-0.42874914
-0.23811649
0.21788761
0.34229083
0.09773684
-0.31831375
0.10723163
-0.59067330
-0.96813774
-0.24934950
0.13588084
-0.60945252
-1.00726698
0.66814868
0.25718759
-0.87411506
-0.12467770
0.58340404
-0.63548020
-0.48521599
0.17812338
-0.58779717
0.45621582
0.42417432
0.13224170
-0.04184234
-1.12239569
0.23676399
0.47101575
-0.28826469
-0.17812790
-0.57453838
-0.35368564
0.44410765
0.67862681
0.76771318
-0.45024223
0.60111243
0.44218625
-0.22909911
-0.37161387
1.02754231
0.33694047
0.45364035
0.07826727
0.50877197
-0.66932129
-0.29992653
0.56420185
-0.09901961
0.00069061
-0.39236749
0.09603330
0.48618151
1.08991643
0.29010442
0.37468306
0.43935842
-1.09209708
-0.73678054
0.78579460
-0.36100124
0.42093922
0.15528698
-0.96633723
-0.09324421
0.13831403
-0.58689060
-0.26842282
-0.09357166
-0.09120004
0.02589965
-0.43780824
-0.00500810
-0.07162663
-0.55559962
0.09243914
0.39619420
-0.01276613
0.85761778
-0.51202059
0.93691807
0.04143757
-0.18332964
0.28495364
0.40275030
-0.15693433
-0.96953263
-1.17126673
-0.60558222
0.18470548
1.20263624
0.26090363
-0.40449437
0.50261614
-0.74023121
-0.38547985
-0.59056721
0.70171698
-0.16216606
0.47371016
0.17220267
-0.65733047
-0.26224509
-0.34292119
0.14166335
0.13272145
-0.55410405
-1.22753394
-0.73184377
0.30566292
-0.49174025
-0.31703497
0.44614254
