-0.04700090
0.05522394
-0.14113549
-0.20034873
0.03093832
0.08283514
-0.14967267
-0.19294613
-0.11193669
-0.02770095
0.04510623
0.11401693
-0.03799998
-0.17677734
0.35782464
-0.14869685
-0.07974225
0.15877612
0.09500750
0.14109880
0.34936346
0.49435432
-0.01726766
0.22393483
0.17897450
0.16568047
-0.11092061
-0.35396743
-0.52389974
-0.07456416
0.14650779
-0.06830034
-0.14929940
0.03357776
0.26918855
0.18930493
0.01732435
0.07677543
0.23777465
-0.03538524
0.06839820
-0.05904151
0.10211719
-0.05360835
-0.11671868
-0.08103586
-0.02984008
0.05820337
-0.11388739
0.27904802
0.24006000
-0.20986493
0.21362501
-0.07748151
-0.26182667
0.16660735
0.20431495
0.27300913
0.26438101
0.07559291
-0.09992205
0.18269248
-0.20822820
0.01907785
-0.09943843
-0.24660218
-0.21706317
-0.00590984
0.05581938
0.10811421
0.15420704
0.05820774
0.08628046
-0.15304201
-0.22325710
-0.23080184
-0.22132281
0.24639296
0.13218331
-0.29916200
-0.03082720
0.08496137
-0.10646715
-0.12292265
0.39629209
0.31526108
0.03516708
-0.31730774
-0.09092685
0.06982681
-0.15245053
0.00409492
0.24314482
0.08130937
-0.07162270
0.00228222
-0.05809041
0.12774845
-0.02968864
0.05631701
0.25782854
-0.19257933
-0.08943221
-0.02641436
-0.08992859
-0.41737821
-0.03631685
-0.24156039
-0.29746258
0.41000410
-0.23406154
0.08669810
0.21993926
0.08021448
-0.02250491
-0.03249325
0.10790360
-0.01970260
-0.12715138
0.06704533
-0.21757768
0.23249813
-0.01970885
0.04890454
0.04322128
-0.26295987
-0.04671293
-0.02106726
0.10190799
0.36959997
-0.22887821
0.21771397
0.14919771
-0.03143680
0.07377149
-0.22108752
0.43566160
0.16005399
0.02978318
-0.25390253
-0.06439285
-0.31518948
0.14843678
0.05394972
-0.06038644
-0.21161452
-0.14809019
-0.33911311
0.42990936
-0.20485488
-0.13271974
-0.14110994
-0.15553300
0.07514366
-0.05788121
-0.05774521
-0.12821255
-0.06641985
-0.09669129
-0.13333005
-0.20431071
-0.00406624
0.33113829
0.35202319
-0.16543241
0.02707596
-0.18327806
-0.10121129
-0.15284005
-0.19238028
0.52848604
0.40922362
0.24853569
-0.04766814
-0.09296019
-0.20595240
-0.37292976
0.04073854
-0.39622389
-0.04057524
0.05450742
0.26352031
0.19598739
0.15114342
0.01883282
-0.17525788
-0.35894413
-0.06943100
0.03459720
0.09306078
0.06799555
0.16605866
-0.02596950
0.03631359
0.01608271
-0.29177381
-0.03754937
0.03231910
0.23074649
0.06988406
-0.00241979
-0.03893286
-0.07861151
0.08300950
0.01949049
-0.09618936
0.09674516
0.17977875
-0.16916946
0.29334561
-0.18823754
-0.17616727
-0.24230288
-0.21642901
-0.17861691
0.08300866
0.27286548
0.00381148
0.20162765
0.27540324
-0.11012136
-0.27978089
0.11893289
0.19129364
-0.08061733
0.41396540
-0.02839218
0.18744293
-0.06889437
0.18932125
0.06677790
0.00338786
-0.02709073
-0.09371307
-0.08717398
-0.04927588
0.14997451
0.16127661
-0.14809443
-0.10227145
0.20746286
-0.24358919
-0.23310387
-0.36150942
0.30445409
-0.25307665
0.23437149
0.21550144
0.05735793
0.27884169
-0.33035429
-0.25017159
0.00721791
0.02457111
-0.17452270
0.11438610
-0.22414260
0.23894099
-0.14380063
-0.08890800
-0.28267262
-0.00021427
0.14456898
-0.22111599
0.32568180
0.42922840
0.04675873
0.09987244
-0.40623775
-0.00734862
-0.23437074
0.03473369
0.23697714
-0.13959890
-0.02404170
0.14658820
-0.01654880
0.10497164
0.09941660
0.30393281
-0.17635216
-0.13661501
-0.03010008
0.22777966
-0.07919048
0.29701252
-0.30059307
-0.28305044
-0.05405425
-0.02635267
-0.15173541
-0.06087268
0.00128593
0.17724187
0.12520328
0.26896113
-0.33517775
0.14338958
0.03356196
-0.04394486
-0.15044001
0.02383381
0.29350670
0.08971904
0.02234472
0.29399924
-0.00040064
0.06772526
-0.14616872
0.08964883
-0.07457434
-0.25228950
-0.10487069
0.20358249
-0.14903349
0.04810390
0.25594957
0.14055406
0.22699049
-0.19411660
-0.13900643
-0.07758378
-0.20437603
0.02929017
-0.09173500
0.25731163
-0.16842034
0.29478328
0.00956218
0.11030519
0.20713991
-0.00429565
0.11011228
-0.14451509
0.26669306
-0.01208082
0.30997153
0.11766513
0.27844840
-0.17817428
0.21529606
-0.01394242
-0.17693268
0.10607433
0.13278067
0.33352700
0.11866984
-0.18892600
0.07489450
-0.27541715
0.47638593
-0.09508399
0.26154321
-0.11729612
-0.20259110
0.02546234
0.00582600
-0.23394149
0.53346531
0.09706708
-0.03409782
0.34449015
-0.35847800
-0.03005796
0.29491063
-0.14236849
-0.28415275
0.31946438
0.09819622
0.20230290
-0.17389208
0.61464044
0.06478088
0.30616467
-0.11624179
0.23513226
-0.02687007
0.07602374
0.01378131
0.05111307
0.06946517
-0.12911053
-0.14835829
0.14670176
-0.31149225
0.11707179
0.24962865
0.33043880
0.04266870
-0.22132545
0.22166972
-0.04214785
0.04663787
-0.10970060
0.14726139
-0.01879206
0.11729138
0.17498508
0.20898868
0.17842578
0.16776194
-0.02605167
0.13610296
-0.42727903
-0.05137147
0.12455995
-0.05972829
0.10097289
-0.09980726
0.09973450
0.14638640
-0.26881905
-0.17306889
0.09307524
-0.23049058
0.10358713
-0.03459064
-0.03249102
-0.27621299
-0.20913124
-0.10331637
0.26848980
0.29055116
0.04552134
0.09595536
0.32272417
-0.12335265
0.18452927
-0.09635327
0.40902378
-0.06393941
-0.26067111
-0.14712533
-0.12863611
0.16082755
-0.20109942
-0.06454707
0.08754542
0.34632042
0.03832759
-0.16217520
-0.17923757
0.05044531
0.03000270
0.27667259
-0.24482632
0.15338255
0.13401528
0.06364446
-0.25163052
0.16130420
0.16228288
-0.18034335
0.23331573
-0.13786759
-0.22913708
0.25376874
0.02423143
-0.10550630
-0.20900936
0.04625061
0.07227360
0.11648748
-0.12539156
0.03511951
0.00950976
0.12540184
0.33971589
0.24074461
-0.27111318
0.13537814
0.15748986
-0.30605060
0.13482114
-0.03763669
-0.21407937
0.17110368
0.04678309
-0.18882841
0.03107118
-0.12109912
0.14409952
-0.14219661
0.18328361
-0.25278618
-0.09557773
0.21964270
-0.12138015
-0.02560110
-0.01614329
-0.18861643
0.49420660
0.03830975
0.06056763
-0.12001207
-0.04650214
-0.01270435
0.28520568
-0.33065785
-0.37461569
-0.11903446
-0.12316434
-0.00541517
0.10503284
0.24143755
0.43368056
0.06824914
-0.01772780
-0.08817152
0.01906132
0.17244577
-0.15390794
0.11836640
0.11894012
0.17342563
-0.12976810
-0.28454724
0.22935498
-0.07672583
0.09289876
-0.14990858
-0.15387502
-0.02852974
-0.41728874
-0.05765583
-0.20966234
0.05217822
0.03728502
-0.07334348
-0.07353519
0.08221978
0.00549923
-0.31622980
0.11533315
0.07092904
0.04333496
0.16200851
-0.47469541
-0.09743926
0.19164016
-0.16494056
-0.33145404
-0.18306553
0.15498277
0.15554988
0.32441746
-0.39250762
0.06266402
-0.26209771
-0.20137838
-0.09932419
0.15488747
0.10922834
0.00430491
0.35180699
-0.10754409
0.22553060
0.11085852
0.04159876
-0.22436569
-0.27904058
-0.03540164
-0.24608941
0.12571479
0.26735182
-0.08844266
0.13247141
0.13230630
-0.11053520
0.11983667
-0.31130173
-0.41211970
-0.16697611
-0.03582314
-0.06640239
-0.16041814
0.21607919
-0.07909197
0.08312918
0.31691016
0.03094471
-0.08380636
-0.03919549
-0.15320026
0.15774437
0.13589743
-0.04878431
-0.12202526
0.23145895
-0.19573001
-0.15766466
-0.08216607
0.23991267
0.03728557
0.06673302
0.23002646
-0.22797993
-0.04389893
0.24471140
0.26225357
0.12169783
0.05060760
-0.39622582
0.04125254
-0.59472746
0.50062390
-0.38414143
-0.01760809
0.13056771
0.23678776
-0.18344096
0.19200022
0.03621023
-0.04286179
0.08466433
-0.12641562
-0.15525735
0.00695322
0.17453955
0.05729164
0.19630923
-0.16929504
-0.02740045
0.37302306
0.06316981
-0.05920280
-0.25169055
-0.01996991
0.05317479
-0.34276051
-0.04379334
0.09754563
-0.39368365
-0.35450430
-0.29204738
-0.34365456
0.04759764
-0.23400933
-0.01091777
0.11548169
0.03438008
-0.14255834
-0.03274852
0.02875792
-0.15904652
-0.21747589
-0.07263532
-0.17064381
0.07307292
-0.06310818
-0.04131438
-0.19113548
0.23334476
0.38784877
0.19946894
-0.09479828
-0.19576058
0.18085024
0.29770065
0.15773094
0.43785128
-0.29711628
-0.11902058
0.12083862
-0.13312442
-0.04710580
0.09491480
0.01860715
0.10670150
0.05820879
-0.56567184
-0.33304107
-0.03340250
0.08676749
-0.10670099
-0.00240219
0.27307077
-0.17451999
0.01753535
-0.10618101
-0.15777303
-0.10288245
0.04060018
0.07622969
-0.07786451
-0.21389282
-0.01771173
-0.05867409
0.16974582
0.33703275
-0.08971842
-0.26201986
-0.11925825
-0.10329307
-0.01108878
-0.24982682
-0.25084132
-0.05920027
-0.21257940
-0.22645771
-0.14696282
0.06568157
-0.00342228
-0.14550513
0.03886298
-0.04342834
-0.18595996
0.25017548
0.32520396
-0.38494981
0.09219050
0.10263963
-0.13540049
0.39402111
-0.05821973
-0.18578779
0.24591896
0.00897463
0.42543453
0.02262384
0.07394679
-0.04208932
0.02882612
-0.07087098
0.07185678
0.09515001
-0.06346464
0.10229225
-0.24442836
-0.05540753
-0.19272313
-0.09477701
-0.26742718
-0.16808775
-0.01492225
0.10167561
-0.18090751
0.16112568
-0.02384342
0.07288212
0.05797205
-0.08180030
-0.38393070
0.18558359
-0.07581787
-0.38271820
-0.26310663
0.01887484
-0.25457461
-0.01074167
-0.17289199
-0.15446076
-0.02418559
0.10119457
-0.14190722
0.19211026
0.19857955
0.12980087
0.38401649
-0.04726561
-0.15230773
0.01524814
-0.31310039
-0.04311951
-0.17122220
0.10451960
-0.07126205
-0.09368109
0.04719757
-0.05278982
0.07688549
0.17175379
0.03003662
0.04718273
0.04176466
-0.05319857
0.10987369
0.14073514
0.17303979
-0.00806205
0.21144404
0.27924951
-0.05229202
-0.28326501
0.11426022
0.30124999
0.00358533
0.13235479
-0.03886219
-0.19485489
0.02872722
-0.20148902
-0.22154840
-0.33558928
-0.01627642
-0.06186328
-0.11630409
-0.28250896
0.29122382
0.38748804
0.06862735
0.19660066
-0.00523957
0.00166782
-0.16724304
-0.06256753
-0.09209383
-0.15709779
-0.21711565
-0.00064011
-0.16682078
0.06019655
-0.41222700
-0.34704193
-0.06377859
0.08645229
-0.08945164
-0.00095468
0.14615688
-0.27536691
-0.06473864
-0.09526917
-0.05574345
0.08833936
-0.14183225
-0.25812142
0.12870693
-0.00863116
-0.24150192
-0.34113636
0.01536333
-0.05096344
-0.04071556
-0.23517215
0.04254420
-0.17718070
0.01846283
-0.01959526
0.23227436
-0.04891828
-0.16738062
0.01356284
-0.26717299
-0.43478432
-0.01181487
-0.05218805
0.16988976
-0.04470938
0.04992590
-0.01084057
-0.05525438
-0.18440799
-0.22575659
0.09105243
-0.30502349
0.04927115
-0.10891653
0.11283287
-0.26910187
0.29880397
-0.15610670
-0.04909965
0.02009632
0.01355220
-0.09042664
-0.30103779
0.10398687
-0.14770479
-0.01952495
0.00302317
0.15736246
-0.29152947
-0.01398502
0.06789414
0.18953232
0.01516662
0.01168921
0.23915888
0.20162100
0.12524797
0.01387375
0.15281322
0.35513377
-0.12862491
-0.03946583
0.15460980
-0.06874749
-0.08061100
0.00401214
-0.05471474
0.33609624
-0.27545794
0.04067405
-0.12493701
-0.09210013
-0.02797698
0.00761600
-0.20736143
-0.26127415
0.09842714
0.25109648
0.06125953
-0.06262547
0.20982091
0.18527325
0.37642458
0.36187487
-0.28640268
0.01933117
-0.10496847
0.12827703
-0.16774025
0.12874628
-0.29089597
0.38211664
-0.06366675
0.11082380
-0.16514050
-0.00597753
-0.16184313
0.02618131
0.15727534
0.06766817
-0.16187753
0.08957241
0.05245763
-0.07482527
0.13420895
0.00027719
0.37812118
0.07428439
0.06090346
0.00727152
0.02888183
-0.07089448
0.07837045
0.02257304
-0.04328975
-0.31839582
0.22744844
-0.19326524
-0.15035735
0.02600528
0.06342362
-0.15880241
0.28933132
-0.09825820
-0.21759435
-0.30206095
0.15677522
-0.14555649
0.12152429
0.06153193
0.22158330
-0.15694665
-0.02832394
-0.03103983
-0.02219569
-0.42727787
-0.00973710
0.23026723
0.22885013
-0.17745329
0.13349843
-0.16155996
-0.11096795
0.05399737
0.17320468
0.34164204
-0.30076726
0.13202020
-0.17134110
0.13455106
0.25767256
0.28431308
0.36151713
-0.14918937
-0.51145804
-0.13899589
0.19650182
0.12307042
-0.00874075
0.15353366
-0.28260386
0.18973134
0.25604184
0.27571288
-0.17721075
-0.04342320
0.31169818
-0.20218308
-0.03117937
-0.17033336
-0.00538901
-0.02158719
-0.42142094
-0.40476349
0.04873501
-0.05114758
0.19672896
0.43839047
0.12258493
-0.05318322
0.13651223
-0.02947331
0.31809781
0.18487174
-0.29031306
0.27729444
0.04300064
-0.13673755
0.18629624
0.36311571
-0.16510823
0.08399824
-0.11835241
-0.24807243
0.14962484
0.16968638
0.07070866
-0.03200131
0.04676037
0.10338428
0.14914182
0.01359860
-0.23816114
0.02355406
0.23642440
-0.05030748
0.20746728
-0.02844427
0.02338784
-0.00669670
-0.05381801
-0.12245585
0.15720311
-0.07227620
0.16225809
0.08176070
0.05938097
0.19529656
-0.29944646
-0.16386136
-0.04620977
0.14426977
-0.20888950
-0.15922447
0.17682905
0.07065601
0.21690848
0.19722903
0.14284194
0.29352036
0.38789100
-0.04693093
-0.03851955
0.12187624
-0.08123233
0.22823440
-0.35623614
0.10386297
-0.30760548
0.04123022
0.06489977
0.21816611
-0.28182461
-0.01791284
0.25741155
-0.08762958
-0.01497025
-0.12806605
0.14232298
0.12313667
0.35253196
0.17758516
0.34883930
0.17552248
-0.01408519
0.02863844
0.16058812
0.28602201
0.11595412
-0.10087707
0.16768339
0.02275322
0.12798574
0.09736751
0.27995436
0.15244859
0.15595832
-0.14446774
-0.31821609
0.20603912
-0.20892869
0.20249188
-0.28319926
-0.12180550
-0.04221955
0.03328241
-0.24297520
-0.18143469
-0.23800505
0.04275997
0.20030188
-0.53288884
-0.08591391
-0.34276332
0.17373957
0.02493613
0.19039402
0.40035256
-0.14586643
-0.06612446
-0.13679145
0.06211877
0.01799975
0.14035645
0.19532352
0.06752264
0.14214254
0.24393805
-0.15989700
-0.14717436
0.28487481
-0.06546302
0.00317885
0.02298405
-0.09411605
0.31422952
0.15039210
-0.10564299
0.09045882
-0.01537848
-0.02002292
0.31132799
0.03908597
-0.43222853
-0.02270204
-0.09367619
-0.02130879
-0.21315121
-0.30028068
-0.02887700
-0.39614828
-0.32596096
-0.14011201
0.03937753
-0.31067423
-0.18721251
-0.41354732
-0.35143672
-0.29199424
-0.36019004
-0.44112040
-0.21428199
-0.37537767
-0.44744343
-0.15016543
-0.41867380
-0.43718036
-0.44419622
-0.25535905
0.06697942
0.24972230
-0.08649123
-0.07380064
0.04896905
0.25556253
-0.07584179
0.40353983
0.26683640
0.24825857
0.38956496
0.53316702
0.42891452
0.62180324
0.52864881
0.66472944
0.40916495
0.47146605
0.62081640
0.74150694
0.46112488
0.25132297
0.15996987
0.31254484
-0.07807607
-0.20454244
0.10745829
-0.37966956
0.05058443
-0.44455209
-0.02655908
-0.42649134
-0.31099221
-0.07053561
-0.59178949
-0.41340673
-0.43298928
-0.13181977
-0.54214364
-0.37970775
-0.58214585
-0.22641054
-0.11042304
-0.21921946
-0.62728097
-0.29406915
0.06176472
-0.34563623
-0.17820527
0.12931128
-0.03093521
0.39533679
0.15555875
0.08008273
-0.07477667
0.09744130
0.24400908
0.10639004
0.33347592
-0.01758111
-0.09104665
0.05195084
0.12218183
0.07408851
0.02302304
0.22989056
0.01243097
0.46021470
-0.08330571
0.08101057
-0.01945715
0.22376958
-0.11680182
0.07896142
-0.06852789
0.29558997
-0.32241026
-0.25589859
-0.08371294
0.20482974
0.20138144
0.01711374
0.23951535
-0.22171714
0.34416265
-0.03156508
0.16329892
0.01761912
0.02617943
-0.32778082
-0.17811294
0.40980473
0.01399570
0.18348389
-0.10648374
0.03445899
0.11289332
0.01042181
0.25279527
0.04342719
-0.02412332
0.07538302
0.01475075
-0.03518349
-0.03615714
-0.06045954
0.12508628
-0.26189474
-0.12941712
0.00694246
-0.01388429
-0.09014043
-0.05801379
-0.09821844
0.17731582
-0.06857223
0.06193736
-0.17578759
0.16740047
0.01357970
0.12129029
0.08143497
-0.04380058
0.01352808
-0.09893394
0.01619319
-0.18303820
-0.01069385
-0.26826818
0.04253411
0.16228387
0.12514659
0.23372414
0.42868346
-0.37115554
-0.16903883
-0.04800427
0.08136190
-0.08542393
-0.16268940
-0.04067548
-0.40226932
-0.15677731
-0.07269953
-0.03306985
-0.19841209
-0.31031392
-0.02969531
-0.02693172
-0.14540540
0.12731409
-0.00910788
-0.02377707
-0.18975229
-0.26381468
0.18369744
0.04086048
0.00903527
-0.00914012
0.04195712
-0.21694016
0.08965251
0.49203011
0.09208678
0.10104259
0.27974865
0.16197765
0.09311477
0.39574189
0.30088623
0.21904516
0.18210955
0.14406152
0.31048805
0.33936894
0.08935620
-0.04266480
0.17620494
-0.17246532
-0.18312280
0.04512640
-0.13449439
-0.15677625
-0.36227762
0.00706086
-0.11913770
-0.05392853
-0.24257955
-0.13466639
0.15163234
-0.18510984
-0.55652831
-0.28835208
-0.45761321
-0.63424151
-0.19442297
-0.48042037
-0.29763886
-0.38146644
-0.08716759
-0.07116458
-0.35737825
0.15904320
-0.09022812
0.27598213
0.30994605
0.15371515
0.12273619
0.15232875
0.32352646
0.29936813
-0.02346419
0.21858481
0.32474631
-0.12638512
0.26203340
0.24273502
0.41284753
0.32671955
-0.21086285
0.20534358
-0.00475677
0.06335010
0.19766687
-0.09047818
-0.04802645
0.02102323
0.10436303
0.08526318
-0.03944304
0.24867484
0.38432246
-0.04551725
-0.08175148
-0.33794749
-0.08839649
0.17902171
0.54676746
0.00295926
-0.27226830
0.13118885
-0.04921304
-0.24528618
0.36161060
-0.16505729
-0.26304555
-0.03575289
0.19941069
-0.06398910
-0.04783625
0.05131314
0.01390479
-0.01821863
0.04759826
0.08115982
-0.11943950
0.10152203
0.11060226
0.38309074
-0.29637695
-0.01280804
0.00014590
0.21456653
-0.03136768
0.24136635
-0.10159920
-0.02221203
-0.09841567
0.15997554
0.23982221
-0.10944289
-0.02021889
-0.02727771
-0.13123089
-0.20707449
-0.18766738
0.07754104
0.05317853
0.41172121
-0.19416703
0.05866028
-0.12141563
-0.31983344
0.28974103
-0.02863549
-0.13166988
0.24927928
-0.14769223
0.07233010
0.16409415
-0.29143221
0.13418645
0.05436982
-0.07231781
0.26144551
0.32600418
0.04942443
0.17567014
-0.04292050
-0.13274020
-0.15441665
-0.27292503
-0.05795730
0.11035811
-0.11406987
-0.16196639
0.26708759
-0.00231950
0.06502987
0.09945366
0.07109171
0.08186195
-0.24768219
0.14189360
-0.10279302
-0.13235847
0.17588746
0.25396377
-0.14694499
0.26589971
0.13010795
-0.32980541
0.02795570
-0.12166157
-0.09891767
-0.00059570
-0.08714124
-0.07300866
0.09804599
0.10656906
-0.02659336
-0.22036676
0.24088999
0.16100660
0.07398396
0.25080528
-0.22663677
-0.13063772
0.07289607
0.07591709
0.13591234
-0.20460515
0.04860322
-0.36629933
0.17394801
0.13918593
0.03628329
-0.34782733
-0.22607612
0.01761888
0.02053463
0.18646054
-0.26730311
-0.41501448
0.02086519
-0.04368103
-0.18708576
0.23131005
-0.00456471
-0.02437192
-0.33574988
0.26925025
0.03869100
-0.22127034
-0.00639857
0.05122824
-0.10552902
-0.13904022
0.12357216
-0.08977549
0.06083846
0.28022072
-0.07745486
0.17207962
0.15922380
-0.01077276
-0.02118621
0.33867963
-0.17040064
0.35437407
0.15827409
0.02954564
-0.00744362
0.01362956
0.00195611
-0.43402329
-0.22543029
-0.10668351
0.11197519
-0.27562622
0.12428317
0.29418970
-0.37531175
-0.18709653
-0.36002433
-0.02312010
0.25122096
-0.10745419
0.13922774
-0.19545985
-0.05214969
0.16723596
-0.18098571
-0.20577637
0.04274244
0.12366816
0.32243961
0.01569572
-0.27115838
0.17509133
-0.08260348
-0.24254825
0.35333658
0.14655572
-0.00525790
0.30456586
-0.02205775
-0.10862605
-0.05936671
-0.26576038
-0.11927312
0.42116415
0.11202136
0.17640709
-0.24556196
-0.19343781
0.09522899
-0.15826759
-0.34318206
0.16408734
0.22956349
-0.00574973
-0.13978766
0.04883282
-0.02369462
0.11748968
0.12136558
0.08963746
-0.34247148
-0.01405737
-0.04967803
0.14425204
-0.19433507
-0.19074269
-0.07891230
-0.36758176
0.22949462
-0.06768316
-0.04955635
-0.14919528
0.02745834
-0.03949369
-0.08546541
-0.28726012
-0.05945586
-0.30420894
-0.20695378
0.14041562
0.04372590
-0.18591317
-0.11754588
-0.29560761
-0.00771335
0.20815009
-0.28134803
-0.17736878
0.12460119
0.16175638
-0.14047553
0.29177601
-0.00267880
0.13107393
-0.60348208
0.06726860
0.43009069
0.07995555
-0.07392260
-0.05211582
-0.19118884
0.07549008
-0.08466773
0.12024771
0.17043926
-0.09945985
0.10237643
0.08292619
0.02997522
0.12923772
-0.17063039
-0.26503264
-0.07553867
0.10599589
0.01592697
0.06913916
-0.02942042
-0.29565004
-0.24309684
0.00022259
0.11974377
0.00235522
-0.06932383
-0.01776623
0.02833872
0.29948618
-0.00305193
0.10201447
-0.39475796
-0.00899772
-0.05204367
-0.02101644
-0.26462648
-0.01557725
-0.12219800
0.15929167
-0.03778506
-0.02595497
-0.18063927
-0.03773789
0.20022579
0.06550213
-0.10924889
0.27940904
-0.09654993
0.12753211
0.20019826
0.16758173
-0.11093594
-0.11841361
0.16498742
0.04306961
0.26273906
0.12768093
0.18751506
0.01476199
-0.42832751
-0.39187696
0.06192334
0.22963803
-0.07207183
-0.16548492
-0.07008798
0.15399793
-0.09023530
0.01106509
-0.31561035
0.04507942
-0.08985289
0.19392574
-0.23161191
-0.13068492
-0.20176973
-0.08162771
-0.09615275
-0.12685706
-0.01061051
0.13805115
-0.27384292
-0.06548354
0.27870734
-0.11311923
0.37143935
0.10576023
-0.31618515
-0.20643658
0.02834448
-0.10644376
0.22424173
0.07528142
0.01075116
-0.31778443
-0.13483830
0.07199949
-0.36739594
0.08511079
-0.07105295
0.50731634
-0.11502143
-0.01812076
-0.08239745
0.16442810
-0.08457678
-0.14352963
0.10685437
0.08132397
0.09766256
-0.30624324
-0.23499732
0.19001315
0.11840997
0.40480326
-0.04259966
-0.15045994
-0.10668115
0.14684662
-0.27892055
0.02985565
-0.02730107
-0.04787958
0.03317856
0.19447371
0.30279138
-0.05877745
-0.13772180
-0.05229805
-0.07714608
-0.25300996
0.04849218
-0.01678513
-0.15685664
-0.16052853
0.18686248
-0.18859498
0.03155278
-0.02934618
-0.29611612
-0.08137359
0.14209933
0.09218843
0.06298458
0.28814470
-0.22981373
-0.04674376
-0.20076135
-0.04042333
0.09924984
-0.05330297
0.07661805
-0.09295894
0.23002710
-0.11296813
0.09117459
-0.03585915
0.13071229
0.04818644
-0.00031985
-0.28742952
0.03791881
-0.03097510
0.09457923
-0.07002382
0.02956465
-0.00483758
0.02518702
0.10011935
-0.26673285
0.13542755
0.11597919
0.10644273
-0.04065521
-0.05370315
0.00342619
0.33146201
-0.11956629
0.06164371
0.14308145
0.09029740
-0.46100680
-0.18821398
-0.24852198
-0.18498611
0.21925691
-0.22887112
-0.00201105
0.15777930
0.10156832
0.47824920
0.16433281
0.09624174
0.00626939
-0.00018715
0.20291841
0.25178284
-0.15687591
-0.24330275
0.26980916
0.03829159
0.07991012
-0.19121342
-0.04837127
-0.22827865
0.29283003
-0.04006543
-0.13739241
0.12407848
-0.05088580
0.16409523
-0.01053650
-0.12654952
0.18408848
0.05947469
0.24134199
0.03353955
-0.02322918
-0.17231495
-0.16248723
0.22659683
-0.01849326
-0.06746916
-0.15672616
0.21881590
0.04253978
-0.04188915
0.29877283
-0.15140059
0.00340999
0.11211216
-0.09832448
0.04012726
0.21638508
0.42430710
0.08983218
0.16764905
0.01538417
0.08756234
-0.05738009
0.19896220
0.11750749
-0.14615745
-0.42414346
0.08106766
-0.28974027
0.00389249
0.00426847
0.01906096
-0.03109650
-0.28004567
-0.31353194
0.04239481
0.01834131
-0.06256791
0.17483405
-0.22335185
0.32550957
0.22621563
-0.27156646
-0.39120882
-0.06919300
0.20183575
0.08017375
-0.02619841
-0.23197570
0.02010063
-0.05745489
-0.12100941
-0.01978314
0.13530527
0.22083066
0.20028000
-0.13130787
0.34291116
-0.14256361
-0.17987540
0.04471440
0.13246394
0.31483816
0.00137609
-0.08220569
-0.10514457
-0.08241408
0.03586310
-0.29065635
-0.15099525
0.05956590
-0.17855743
0.08242719
0.00534869
-0.00371931
0.25340897
0.08961399
0.28279758
0.29798035
0.38566868
-0.09765450
0.07592095
0.27309220
0.00947802
-0.40487262
-0.20473474
0.01811664
-0.03412262
0.17104952
-0.15442576
0.10501614
0.19562985
-0.11747006
-0.18325804
0.08515460
-0.29390694
0.13072081
0.11163092
-0.14676143
-0.35989541
0.24908992
-0.36523250
0.00706358
-0.00021214
0.38574860
-0.12306474
-0.20177689
-0.04141167
-0.13713989
0.21132167
-0.16963097
-0.05111047
0.01779300
0.12644331
-0.06096471
0.01812188
-0.20671469
0.14260324
0.23300769
-0.05290849
0.09158503
-0.13195248
-0.17389870
-0.30760020
-0.26661645
-0.21812637
-0.22663086
-0.19505360
-0.34006542
0.06979798
-0.06886721
-0.21500868
0.16976874
-0.02393461
-0.25014989
0.20773913
0.25015186
-0.26484968
-0.01375123
0.07952993
0.16213285
-0.09929856
0.23368588
0.28263593
-0.23757475
-0.14537116
0.31491944
