0.06790319
0.37554637
-0.07057489
-0.43022229
-0.15569144
0.12414437
0.66423999
-0.58845244
0.08132940
0.08335578
-0.42528017
-0.09970102
-0.28493864
0.57004584
0.81349663
0.03051661
-0.00102054
-0.88824918
0.40929489
-0.53388784
-0.49082628
0.31453019
0.29407325
0.36496693
0.23654016
0.15822284
-0.28427246
0.78027157
0.72422759
0.43031615
0.27677286
0.31922881
0.07973981
-0.05575479
0.18891075
0.21957037
-0.05393104
-0.76920120
-0.02765370
-0.31325098
0.29562086
0.41946057
-0.47574803
-0.62883576
-0.12339261
0.21344733
0.44108225
0.49602024
-0.38564697
0.01666618
-0.18981880
-0.01170292
-0.59901360
0.20826826
0.54466821
-0.21533226
-0.05020374
-0.09558797
0.10844649
-0.62900899
0.19985998
0.04140062
0.13436648
-0.13111740
0.01545978
0.28363910
-0.40065325
-0.00007758
-0.57096297
-0.87432981
0.37320382
0.65241068
-0.19472284
0.13552951
-0.29814419
-0.13939783
-0.14475188
-0.20764494
0.17005171
-0.07589412
-0.06101906
-0.10327485
-0.22373059
-0.28313021
-0.07433290
-0.66390435
0.15515957
0.16415844
-0.31174417
0.44697143
0.31893716
-0.14483422
-0.72507398
-0.56232846
-0.04487816
-0.09085160
0.51193709
-0.27177846
-0.08772905
-0.41650374
-0.36527506
0.48495657
-0.16056546
-0.07949237
0.30459166
0.74429576
-0.81920936
-0.28044202
-0.56137400
0.45528683
0.23872688
-0.40149258
0.06825633
0.20672844
-0.76333669
-0.27163852
0.03924745
0.02836158
-0.35182675
-0.46113649
0.40683503
-0.31299983
-0.15602972
0.34364934
0.10367910
0.20389426
-0.43175303
-0.15372708
-0.68432931
0.11177603
0.34713330
-0.10732826
-1.06909098
0.59908309
-0.09376906
1.10444971
-0.14897491
0.10104182
0.93222647
0.78388967
-0.06296109
-0.86881850
-0.17509351
-0.08421212
-0.21738302
0.14519813
-0.19869807
-0.07353298
-0.29792127
0.29266785
-0.79888655
-1.12450017
-0.53547255
-0.30977702
-0.11333529
0.12221643
0.10815089
-0.28154812
-0.84126423
-0.03325133
-1.12242267
0.26965823
0.33989921
0.60126716
0.29675319
-0.05110773
-1.00385388
-0.21254110
0.15498500
0.03069466
0.48720460
-0.16671032
0.45501088
-0.01297391
0.91145936
-0.01026938
-0.24189298
0.49137447
-0.52786400
0.32731034
-0.24047304
-0.83240237
-0.64479365
0.82577668
0.54572195
0.85924887
-0.00840286
-0.05180065
0.18749997
0.53764903
-0.24963470
-0.73986642
-0.27008253
0.02265924
0.57847880
0.55244910
0.05363829
-0.00798629
0.16350368
-0.25166575
-0.28296658
-0.24724344
-0.79404132
-0.35449965
0.32461809
0.01305887
0.27855069
0.33552621
-0.01474104
-0.03267439
-0.24055569
-0.29296274
-0.24013268
0.29277991
0.17629207
-0.20875287
0.24474610
0.36370653
-0.29738097
-0.33849471
0.20231946
-0.55707444
-0.06639567
0.39254449
0.17069235
-0.26306703
-0.57295374
0.68122293
0.24681721
0.29999870
-0.03607004
-0.31191118
-0.30947082
-0.34589302
0.45947550
-0.61541022
0.13965362
-0.53388744
0.71939489
0.14485462
-0.67876458
0.20253516
-0.25449765
0.28230126
0.36841786
-1.36753673
0.75668022
0.53185138
0.70306720
-0.18758598
-0.79312914
0.52424871
0.00882668
0.15264924
0.19484684
-0.34094312
-0.37461392
0.46684106
0.71144833
0.45220315
0.72110129
-0.53983422
0.01465141
-0.18883303
0.30412235
-0.30417147
0.04284081
0.15045252
-0.08233500
-0.55301048
-0.39339567
-0.36249395
-0.08461769
0.32298158
0.50306266
-1.13407446
0.51036859
0.35220957
0.07812305
0.27805801
0.65172191
0.13574516
0.71221129
0.01875945
-0.08641424
-0.56449583
0.03197728
0.15082156
-0.25082156
0.31340063
-0.54786983
0.23821262
-0.02549060
0.02503651
0.30108310
0.06216594
-0.20320263
0.56048321
-0.10849556
-0.19660922
-0.11621544
-0.91502691
-0.00028778
-0.08251112
-0.28002444
-0.28393611
-0.38797286
0.09499290
-0.14499843
-0.62429877
-0.07753271
0.47768774
0.32442777
-0.23932906
-0.09610095
-0.20166545
0.77552332
0.52880312
0.27528052
-0.28444529
0.07803013
0.18570642
0.44045958
-0.37481822
0.58529285
-0.27222473
-0.09370654
0.39017978
-0.21730075
-0.59481239
-0.06950438
0.86401254
0.40431017
0.14793513
0.24454991
-0.36867050
0.51787105
-0.04491358
0.04315613
0.08204555
-0.14917604
-0.56118132
-0.47674007
-1.11400972
0.18300163
-0.19266002
0.05979206
0.28891119
-0.42536561
0.11080056
0.06751108
-0.29339347
0.10903167
-0.27851055
0.17348473
1.03022568
0.42237998
0.08157488
0.13559928
0.53196292
0.39230132
0.26800212
0.50003282
-0.12156652
0.87309917
-0.39957207
-0.37628882
0.62678328
0.55822352
0.55257149
0.53812955
1.01776955
-0.15033010
-0.08068744
0.11114019
0.10985535
0.25836484
-0.43251328
-0.20539972
-0.35111187
0.57574216
-0.15961150
0.21266994
0.48407070
0.00823010
0.23223631
0.10584761
0.41127748
0.00934996
0.44798415
0.06684906
0.58011300
0.32312944
-0.12679589
-0.35364553
0.09253148
0.64267507
-0.56984796
-0.13284919
0.20368624
-0.00134519
0.11617855
0.38854330
0.79815824
-0.94839094
0.36079745
-0.01320733
0.30906027
-0.37044827
0.04032647
0.35697892
-0.13369988
0.10087017
0.29890323
0.44049033
0.11963821
-0.69509657
-0.03028032
-0.76649453
0.19556956
-0.35733805
-0.06334128
-0.20384253
0.56086771
-0.15939380
0.38099281
0.20926768
-0.11514972
0.07238644
0.38183791
-0.41592886
0.10316474
0.78423612
-0.58118625
-1.18678217
0.37773077
-0.23325581
0.55698353
0.21843580
-0.23898646
-0.06091651
-0.25676799
0.74383057
-0.42058493
-0.20844548
-0.49714377
0.27827871
0.33177107
-0.26665606
-0.34097475
0.16578840
-0.41490700
-0.24998667
-0.06929731
0.64081142
-0.61058378
-0.83471520
-0.59983932
-0.74487287
-0.91372233
0.18360031
-0.99665998
-0.00549119
0.24660995
0.06242746
0.15747292
-0.28325126
0.43287323
0.38568709
0.69137608
0.66208129
-0.59592140
-0.29250231
-0.35424376
0.53471007
-0.21759383
-0.48184340
-0.32259089
0.12810280
0.52603869
0.15496203
0.00035925
-0.26290192
0.16689491
-0.22221230
0.52250457
-0.35390666
0.12685534
0.56954031
0.22292625
-0.09937708
0.20306671
0.31147007
0.11420834
0.48209124
-0.13206183
-0.34001410
-0.10538994
-0.62206052
-0.48804197
0.66921404
1.03192500
0.45746868
-0.04218457
-0.11871746
0.43210508
0.50996745
0.39259724
0.27419329
-0.94630733
0.99190303
-0.15504882
-0.70366490
0.33660657
-0.44191628
0.10494453
-1.13756693
-0.27139399
0.02328655
0.06776923
-0.86637933
0.34045927
0.17786742
0.99336325
-0.85329844
-0.10468460
0.04022054
-0.23484214
-0.24592597
0.58767732
0.14736189
-0.58231961
-0.23790030
0.26822093
0.63671471
0.14596368
0.01471835
-0.58991719
0.63831704
0.16770738
-0.03101097
0.29961671
0.52798849
-0.04492203
0.25900966
-0.17792113
0.34166375
1.05884743
-0.55177418
0.43223384
0.21686248
0.28268406
0.38334584
0.04807823
-0.25377695
0.14191523
-0.88069332
0.20789811
-0.16005639
-0.43662402
0.01575225
-0.15912566
0.14597252
-0.80073955
0.52982286
-0.25982541
-0.53041623
-0.34771387
0.60590069
0.15479288
0.37585296
0.44239626
0.04030456
-0.14366870
0.23338583
0.01887268
0.24393254
-0.33551218
-0.17608836
-0.71233191
0.45078603
-0.34983604
-0.52569358
-0.48525020
-0.03001911
0.61371054
-0.75511173
0.18215593
-0.59003789
0.22731517
0.06682645
-0.64213826
0.19068964
-0.64762760
-0.55698033
-0.46940149
0.17277884
-0.22152976
0.57239679
-0.45009914
0.53584145
-0.48721097
-0.30205363
-0.05564600
0.39137220
-0.24012996
-0.48053526
-0.02970365
0.96868369
0.60591832
-0.75490365
0.37878817
-0.63249247
-0.15140124
0.09069509
0.34164655
-0.41440300
-0.53602168
-0.47853497
1.08666456
-0.36190861
0.15660207
-0.07576508
-0.86766146
-0.30924801
0.51335464
0.68223098
0.10442203
0.51599335
-0.61686718
0.31550830
0.21778055
-0.42302063
0.04481191
-0.75314845
-0.23722541
-0.11541420
0.44508433
-0.25470700
0.17745019
0.66698517
-0.76714480
0.15420738
0.42325089
-0.27450750
0.59037124
-0.61908535
0.66389557
-0.00624144
0.21584141
0.56634206
-0.53581012
0.06411114
-0.15575035
0.60456565
-0.64452370
-0.04840540
-0.31399753
-0.26945976
-0.02958232
-0.37454775
-0.05175540
-0.20350876
0.04829924
-0.30005674
0.09369662
0.54641658
1.03195251
-0.16460654
-0.68347006
0.46847149
-0.46636585
0.07155883
-0.19760508
0.30019744
-0.28667383
0.32491990
0.89345341
-0.13042618
0.44376287
0.31940840
0.51223604
0.28094450
-0.83913387
-0.51775731
-0.11919123
-0.32082197
0.42376244
-0.06972371
0.37655192
-0.39786175
-0.04965809
-1.03616630
0.25379077
0.12937205
-0.20680793
-0.50384774
0.01011753
0.52921599
-0.55095948
0.02592526
0.20445004
0.38008150
-0.33912530
-0.10835877
-0.56156832
0.31093464
0.25948908
0.47119053
-0.16062427
-0.77796284
-0.30534958
-0.25121090
0.14254544
-0.56267100
-1.24520201
-0.09778024
0.90748103
0.36007966
-0.09105359
-0.28512965
0.24911385
-0.35810387
0.23436690
0.28533388
-0.39581978
-0.49833941
0.65220804
0.56493514
0.19691958
0.67686160
-0.21049181
0.11629589
-0.05759455
0.02671869
0.60474384
-0.47747019
-0.08920086
0.16095417
0.22969435
0.42722074
-0.18702223
-0.06794213
-0.05409079
-0.40386325
0.25749738
0.25361478
0.07795138
-0.45583017
-0.61006600
0.20522849
-0.70305719
0.13338222
-0.12379922
0.21558803
0.86694148
-0.00639987
0.41310470
-0.61753461
-0.30031842
0.56711007
0.05031426
0.31182186
-0.71173111
0.47336371
-0.71964090
-0.22692510
0.34515867
0.29935991
-0.04094263
0.34488625
-0.20005713
0.87438582
0.25787793
0.09173291
0.63599475
0.18835705
0.85269388
0.31569281
0.31522401
0.23120778
-0.03125481
0.77020187
0.69413753
0.42843564
-0.20829047
0.21519521
0.34731741
0.36157884
-0.79147458
0.02181074
-0.18440688
-0.41810683
-0.70969426
-0.59256196
-0.31896235
-0.26392808
-1.04718511
-1.62060411
-0.81014230
-0.94337676
-0.69320574
-1.63561410
-1.05940835
-2.38544667
-0.71506226
-1.02585861
-1.32723213
-1.22799439
-1.30156467
-1.22061435
-1.23824795
-1.26116089
0.57330176
-0.17986830
0.21389616
0.44416507
0.49063878
0.14468273
0.79780200
0.90838109
0.66911607
2.43550879
1.80539556
2.05770820
1.56542736
2.32397790
1.43076034
1.91652606
2.09916483
1.99521013
1.94353064
1.53072558
0.74253743
0.64350749
1.05200632
0.90423095
-0.02142781
-0.16207624
-0.08001228
-0.04889681
-0.03070799
-0.22605525
-0.77768433
-0.62565728
-0.76990923
-0.67139302
-0.78037630
-0.67602257
-0.44922989
-0.35771354
-0.51977107
-0.49578031
-0.28731353
-0.79027806
-0.71647356
-0.74770019
-0.11704817
-0.37609069
-0.41862542
-1.14918275
0.17705008
-0.26685693
-0.27440353
-0.48428816
0.80622243
-0.26147358
-0.19126195
-0.02024335
-0.07903638
-0.63849836
0.28400394
-0.10329686
-0.57784705
0.94673691
-0.00950838
0.72653402
0.58893104
-0.05479971
0.30519758
0.55105371
0.06464895
0.04533448
-0.44081009
-0.38413682
-0.47440241
0.94912589
-0.49968986
0.21873530
0.07798114
-0.36952896
0.42230710
0.49647988
0.14066922
0.00298554
0.30978742
-0.26791579
0.17687681
-0.27231493
0.26411613
-0.51194599
-0.21933788
0.61543812
-0.28158279
0.40997621
0.07293640
0.23727005
0.32233759
-0.71788514
-0.57543546
-0.06709505
-0.35082461
0.78940617
0.39324224
0.22309435
0.11783052
0.59862430
-0.20824235
-0.26005865
0.45947437
-0.18530102
-0.11538694
-0.44581376
0.43989640
0.07715525
-0.20296331
0.47201290
0.13575366
0.09728353
-0.44980986
-0.12928083
-0.64316090
0.52684967
0.10679441
-1.41312444
0.06228076
-0.32874585
-0.45817602
-0.17810561
0.10367057
-0.29085978
-0.06515941
-0.50062904
0.10509048
-0.65501647
-1.19350298
0.10113361
-0.41544282
-0.51652293
1.06059458
-0.22841108
-0.31808259
-0.22530854
-1.00324853
-0.08918459
0.82511192
-0.05988325
0.33493381
0.10164291
-0.18375254
-0.15541186
-0.74281217
-0.59523382
0.06749644
0.83231324
0.09340145
0.24413801
0.22950513
0.18877044
0.75750345
0.86208291
0.19430842
-0.59408448
-0.37675612
0.42682469
-0.00709456
0.15684306
-0.52384826
-0.51885443
-0.48713744
-0.26175057
-0.22428050
-0.35799456
-0.15760626
-0.14157097
0.38833686
0.59545530
0.00562973
-0.81725973
0.35689813
0.03127387
0.37633317
0.05867547
-0.01316381
0.63237859
-0.45394262
-0.43633461
-0.33839411
-0.07978479
0.26895607
-0.42332102
-0.30168524
-0.24264622
0.07669809
0.86241456
-0.13540319
-0.09967789
-0.47187822
-0.09471765
0.25283750
0.01705480
0.57913245
-0.49895745
0.27984211
0.19145433
0.11804724
-0.72579995
-1.10781903
0.25292971
0.40355462
0.48729635
-0.27946300
0.61171390
-0.32395087
-0.23455261
-0.34783646
-1.10229139
0.18120062
-0.44847445
0.07431828
-0.13170782
-0.38730904
-0.48769501
-0.15712410
-0.02134623
-0.75693655
0.13378152
-0.15606089
-0.19426650
-0.05089644
-0.30319818
0.34934514
-0.70445434
0.63844448
-0.16156449
0.10248992
0.84476248
-0.49160788
0.03512655
-0.51424733
-0.24464063
0.68464215
0.29675177
-0.36077982
0.08182162
-0.61892680
-0.28105936
-0.06824340
0.65669346
-0.36750441
-0.03454340
-0.22226162
-0.08650169
0.21843725
0.40124019
-0.08299402
0.21458910
-0.02670868
0.49175315
0.17914285
0.92861920
0.10649811
0.24472710
0.68674865
-0.48165177
0.21773151
-0.50433753
0.06132638
-0.11806293
-0.21593681
0.06441091
0.76334717
-0.14740118
-0.65342074
-0.76018395
-0.18141471
0.59680690
0.37486915
0.18412383
-0.06086769
-1.14561930
0.04340597
-0.98902097
0.20055024
-0.81808691
-0.82338633
-0.27089425
-0.13698905
-0.74186309
-0.45433277
0.36991733
-0.02243864
0.69607770
0.38693345
-0.81076590
-0.73152538
0.13416905
0.19541329
0.02840320
-1.38919459
-1.08498310
0.23519560
-0.27841835
-0.38836140
0.14666949
0.25850594
-1.43879019
-0.07230406
-0.40730804
0.66844870
0.11673043
-0.49013994
0.06966696
0.21295361
0.09802519
-0.00303748
-0.55689019
-0.69911117
0.07482488
0.26383954
-0.29930306
0.20543407
0.40170416
0.51389051
0.20238877
0.21046577
0.49092721
-0.02684660
0.15536469
-0.15396987
0.59519522
0.58450629
-0.64309263
0.71003035
-0.11211993
-0.22876038
0.47293218
0.38523026
0.36115752
0.09398507
-0.47431311
-0.27520038
0.13847806
0.02361460
0.38255346
-0.02663122
0.65175561
-0.03430306
0.01286195
-0.01784183
-0.16384483
-0.18231548
-0.12480578
-0.82501748
-0.76927637
0.77533592
-0.12364502
-0.16128653
-0.14825416
-0.06381179
-0.17979435
0.13761022
-0.29999713
0.07749665
0.10971726
-0.08320249
0.71342026
-0.39652599
0.32875474
-0.16901095
-0.13060070
-0.16868327
-0.31333146
0.03440960
0.15706240
-0.26305513
-0.29780421
-0.23019664
0.13071493
0.33782455
-0.13699224
0.62004025
-0.85538218
-0.72921064
-0.41488574
0.51188194
0.28955091
0.62925025
-0.35963531
-0.13030271
0.23024412
0.18216240
-0.02292649
0.43874145
-0.40053982
-0.48286481
-0.73446197
0.22919292
1.34819613
-0.31193607
0.53920321
0.53684475
-0.59439457
-0.18445228
-0.43087612
-0.33611941
0.28030927
0.17699366
0.02292545
0.19079990
-0.14211608
0.04719746
0.58747945
0.19105672
-0.22370571
0.37988974
-0.01404925
-0.21712433
-0.72103993
-0.02811448
0.30013319
0.14472858
0.49322700
1.03649479
0.13912956
-0.84975937
0.13477681
-0.24485009
0.75380296
-0.17626101
-0.12968193
-0.06245372
-0.24595911
-0.49081015
-0.23136595
0.06612446
0.85194230
0.13588817
-0.54001101
-0.77944447
-0.76678830
-0.42672862
-0.65956497
0.20764668
-0.34126892
-0.26522426
-0.24207618
-1.05770849
-1.67003183
-0.39044216
0.31899643
-0.43469740
-0.56813904
-0.28960093
-1.16420220
0.22741476
0.54122351
0.52072521
-0.09190178
-0.03705132
-0.52298777
0.03588744
-0.65608354
-0.62579578
-0.64802321
0.18382750
-0.58373683
0.13252800
0.26473023
0.06931034
0.32596160
0.48511988
-0.44539079
0.19076001
0.16248509
-0.43556637
0.54286612
-0.20058042
0.40139302
-0.30816054
-0.19431752
0.01773892
0.15216630
0.30059000
0.17576190
0.57058559
0.81654161
-0.50347002
-0.55089655
-0.16353578
0.03032668
-0.61567554
-0.41645979
0.10719674
0.29145066
-0.77579571
-0.46163928
0.19639435
0.68097164
-0.38852367
-0.04097384
0.28248405
-0.14676794
0.39133595
0.05554896
-0.69350072
-0.18121654
0.24075700
0.07049687
0.36132576
-0.05760488
-0.26575684
-0.38811428
-0.59845138
-0.15221736
-0.53994751
0.10079744
0.18334527
-0.74273106
0.38169291
-0.27352504
-0.21524125
-0.49294595
-0.07158832
0.11591021
-1.11991871
-0.40101749
0.49142749
0.32334596
0.26555113
0.66184043
0.27335253
-0.37382229
0.09058735
0.16634497
0.19055528
-0.71832545
0.48009352
0.02662128
-0.31050807
-0.89484486
-0.02345375
0.42688478
-0.37597607
-0.25400776
-0.47333485
0.21291548
-0.11171500
0.15170502
-0.05018578
0.04393237
-0.72212427
-0.35966366
0.01095009
-0.31190655
0.44021445
0.29452888
0.15415755
0.16414963
-0.53600806
-0.57666475
-0.21955120
-0.80647089
-0.15200887
-0.97744357
0.13971888
0.50958934
-0.15389720
0.12156212
-0.13458590
0.00069689
0.33311928
-0.12232890
0.08277048
-0.01202333
0.59227725
0.22531232
0.30417225
1.28503239
0.40786012
0.11936764
0.51775926
0.55594000
-0.17919471
0.00104801
0.47250197
0.17738124
-0.30516473
-0.02113912
-0.12945940
0.53773139
0.60982863
-0.56044546
-0.13642370
-0.42266400
0.07007727
0.12799892
0.30722363
-0.32148233
-0.48667163
-0.09601838
-0.16120116
0.24346410
-0.63678772
-0.02742239
-0.21669250
0.05324056
0.76836759
-0.17323799
-0.40301909
0.67949139
0.01009701
-0.27605485
0.07076398
0.13358909
-0.77023369
0.03182678
0.03638603
0.11236197
0.53524974
0.15520546
0.07957729
0.08691752
0.28287859
0.39707550
-0.23886514
-0.25719048
-0.85184762
-0.90180804
0.56155047
0.33530301
-0.41756217
0.41742002
0.25580101
0.24738490
-0.59896703
-0.66036867
-0.05259710
-0.07906508
0.41922905
-0.56219871
0.94194408
-0.30712098
-0.57152790
-0.14393536
-0.41223095
0.68596819
-0.58085445
0.04408511
-0.78300133
0.81162250
0.80467839
0.58993920
0.44047462
0.48012238
-0.05107329
0.02362038
0.04630532
0.08391202
-0.26510565
-0.95144378
0.72637205
0.47180971
-0.44678831
-0.38759442
0.03116245
0.12819555
-0.21519635
0.49255201
0.18961881
-0.41509954
-0.32401226
-0.24864659
-0.37049752
-0.35160150
0.10782548
0.19452111
-0.44404340
0.02757382
0.04922959
-0.47482589
0.03537946
-0.45130041
0.37674272
0.85906537
-0.18091621
0.34818201
0.09908154
-0.12938765
-0.41120718
0.02395643
0.72964676
-0.02818726
-0.70955146
0.16545004
0.07095488
0.20386461
-0.77585237
-0.25386782
0.51235637
0.48642535
-0.23278960
-0.65832593
0.50241837
-0.61170829
0.68919740
-0.89316637
-0.28358061
-0.46161661
-0.10041529
-0.49874899
0.47362420
-0.71772743
-0.47202349
-0.53697284
-0.29256220
0.45696922
0.21029214
-0.21729143
0.35063456
-0.37998393
0.02736848
-0.31755052
-0.02454296
0.00195518
-0.63230161
0.31951263
0.23678430
-0.93438350
-0.21903468
0.60417032
0.01675006
0.08514019
0.22882926
-0.33101993
-0.11766773
0.79798503
-0.60919136
-0.40051031
0.16306289
0.03587562
0.59422160
1.03767120
-0.26285152
0.16780514
0.68424591
0.05693493
0.51226174
0.00257934
0.33625892
-0.38450874
0.68855592
-0.06197561
0.45668828
0.54552259
0.03637573
0.30415266
0.39554575
0.41915752
-0.87982790
0.27163767
-0.70886507
-0.74226652
-0.51550362
1.02572463
0.70960577
0.24526480
0.43555355
0.13301077
-0.99172133
0.40871312
0.62072522
-0.02231833
1.09365014
0.63434616
-0.12138810
-0.25496505
-0.33078721
-0.23442752
-0.69723066
-0.03123256
-0.51214198
-0.60887195
0.11346228
-0.68329820
-0.38552717
-0.20104431
0.55364936
-0.55030936
0.31821638
-0.16983195
0.28707136
0.30093687
0.16276404
-0.77456460
-0.01565334
0.61663405
0.01863729
0.27278518
-0.04733611
0.48170564
-0.26103041
-0.56048272
-0.46128460
0.26443121
0.01519765
-0.28745623
-0.09380833
0.15739933
-0.37696800
0.07708075
0.09836099
-0.56886718
0.27623488
0.20807437
0.56515490
-0.10789607
0.07536926
-0.94166941
0.26100271
0.04939755
0.04983102
0.08447226
-0.19695591
0.20994396
-0.01626056
-0.11535504
-1.02400301
-0.02953979
-0.17063703
1.20518457
0.11501465
-0.28909484
-0.12006016
-0.69725356
-0.40249799
-0.42784731
0.33100971
0.80006397
-0.13686603
0.30701746
-0.02996920
0.85728523
0.14829654
0.10382451
0.56696823
-0.62864825
-0.15673776
1.05052850
-0.11024766
-0.30101272
-0.22573549
0.19009317
0.46319755
-0.28582981
-0.26451383
-0.46610718
-0.35708752
-0.46594413
0.73632963
0.25530502
0.22486352
0.00569956
-0.18108152
-0.53337093
-0.17226893
-0.60985408
0.36655516
0.10465680
0.56201617
0.40421410
0.59135449
-0.55552933
0.47116877
-0.45443507
-0.31749526
-0.29716007
-0.36864546
0.31217025
-0.32117981
-0.22992945
-0.04336110
0.17387735
-0.04009723
0.56117858
-0.19983186
-0.42973336
-0.10686944
0.31412398
0.19686805
0.12472585
0.36962658
-0.14662495
-0.22657645
-0.28966537
0.22603707
0.74581732
-0.54607268
-0.19204535
0.61917337
-0.06495146
0.01943811
-0.55335406
0.73388232
0.49204840
-0.08246959
-0.03389669
-0.45533766
-0.23619315
-0.65212834
-0.25681334
-0.13120854
-0.02187785
0.60472046
-0.29523467
0.79839749
-0.56430611
-0.60316941
-0.11953167
-0.11558887
-0.17097812
0.35689811
0.46050907
-0.93905789
0.78475603
-0.15053321
-0.56701347
0.12085323
0.10766244
0.25371800
0.10019592
-0.18828230
0.34173081
-0.17288343
-0.37459870
1.12959156
-0.29574715
-0.43232592
-0.33435148
0.21450999
-0.05512924
0.68440842
-0.60855062
0.16115363
-0.57340830
-0.41428800
-0.09246203
-0.55200690
-0.82807028
0.12099585
-0.38484700
0.40455558
-0.29216177
-0.45948683
-0.54310171
-0.26851720
-0.51325022
0.02113875
0.36636314
0.21866088
0.26538005
0.79580795
0.34168744
-0.04440959
0.08329873
0.85782128
0.10518449
0.27880378
-0.41821650
0.33299825
-0.46270982
0.19413050
-0.12035826
0.25387603
-0.07985706
-1.05377803
-0.33918704
0.28339774
-0.46344849
0.00661773
-0.43260663
0.03329577
0.22473533
0.03708094
0.43372658
0.15758564
-0.13376335
-0.23043627
-0.37224168
0.36559884
0.21493885
-0.60507549
0.31980120
-0.38182031
0.33181860
0.02944177
-0.82792196
-0.01319721
0.76096630
-0.09588242
-0.18055768
0.56653937
0.87522162
-0.08242021
-0.31186162
0.56092109
-0.48369478
-0.38962218
-0.20781191
0.38478577
0.41549272
0.45280299
-0.20877777
-0.35844293
0.21819086
-0.77744866
0.13638094
0.50551674
-0.03927837
-0.16977453
0.34580316
0.45989017
0.27968949
0.16744608
-0.11200832
0.02148526
-0.33126486
-0.25767604
0.14902539
0.61715324
-0.71296755
-0.15317404
-0.47291031
0.41728243
0.15153429
0.77579831
0.22757692
0.36508823
0.17688669
-0.19172955
0.06449693
-0.03076322
-0.03818649
-0.17693663
-0.16225874
-0.89854715
-0.11869924
-0.04578771
-0.11720397
-0.42006875
0.11456281
0.10615785
0.15116057
-0.07289306
-0.16780315
0.11641613
-0.12319353
-0.11156572
0.45619082
0.23712532
0.32483748
0.68715221
0.42604016
0.41014870
0.39826603
-0.72716946
-0.44886143
-0.68224520
-0.67930083
0.45615661
0.56792591
-0.27109078
-0.00685900
-0.13938451
-0.32472257
0.32356120
0.66403067
-0.07757500
0.38160601
-0.89888316
-0.60950711
0.29865391
0.15553458
0.14840621
-0.96510015
0.00919900
-0.20217689
-0.46043284
-0.36928142
0.46210904
1.02971158
-0.21400976
-0.30868646
-0.31533958
-0.04767703
0.33620353
-0.10915944
0.19041076
0.37366147
0.82595213
0.00550647
0.36008435
0.37357653
0.51352436
0.19885581
-0.12477052
-1.21400096
0.84733531
-0.29028046
0.54335943
0.12911502
-0.29837796
0.57028949
0.07539119
-0.20292434
0.00529034
-0.59231423
-0.36386909
-0.20045758
0.17151398
0.49032353
-0.39176933
-0.31760264
-0.05453633
0.08650470
-0.56593527
-0.59938379
-0.16578422
-0.22188169
0.69242175
-0.00027503
0.16090430
-0.17044776
0.01101233
-0.32213879
-0.51059942
0.05726212
0.59538996
0.58854170
0.08858864
0.06832774
0.85572823
-0.31472289
-0.18832786
0.01218901
-0.71762133
0.43007935
-0.04364764
-0.16974420
-0.18345415
-0.45217442
0.48840501
0.48067423
0.67782430
-0.05325152
0.54589099
-0.91162427
-0.25664908
0.26357113
-0.56860242
-0.72281302
-0.46968107
-0.05346275
-0.32880791
0.06863444
-0.27999447
0.00380864
-0.60810005
-0.10374319
0.82883937
-0.21037399
0.48912804
-0.32086895
0.26312424
-0.04601281
-0.94960303
0.24725936
0.62331606
0.99040718
-0.23467265
0.27846331
-0.11406583
-0.48786873
0.90636556
0.73102236
0.63870167
-0.23230903
-0.00287564
0.57840905
-0.38147284
0.13846200
