0.11994915
0.66494631
0.13010318
-0.24604912
-0.19315560
-0.14052786
0.53232341
0.73901638
0.69108746
0.41828931
0.44383348
-0.15474236
-0.11246751
-0.51362868
0.18696800
0.21175981
-0.18099997
0.64520128
-0.07365771
0.01619574
-0.10781446
0.05327386
-0.39966313
0.08300655
0.12284533
0.20234892
-0.33451060
0.01459368
-0.20707485
0.26102668
-0.09253285
0.17098646
-0.36073180
0.28519695
0.38117782
0.51548377
0.39486602
0.30247026
-0.57967855
-0.33868461
-0.39298599
-0.23348591
-0.12311508
-0.11015166
-0.19419792
-0.06206338
0.15799319
0.05406859
-0.01784073
-0.12079633
0.29637857
-0.08456169
0.25064067
-0.57118430
-0.00780018
-0.28868084
0.49074588
0.13001161
0.15271617
-0.37576451
0.32582784
0.29620279
0.15369683
-0.73588621
-0.23739106
0.20036991
-1.09814857
-0.15958531
0.38544633
0.00776150
-0.23857083
0.32813688
-0.71510489
0.36625919
-0.35912276
-0.28712394
-0.56581588
0.36860866
0.31704300
-0.59171661
-0.34440844
0.64987492
0.09068907
-0.40146794
0.20546861
-0.19666217
0.46086936
-0.11773652
0.08752733
0.29496491
-0.19322126
-0.42334326
0.14752375
-0.62200256
-0.46314738
0.07044852
0.62233061
-0.02348907
-0.52850700
0.16260597
0.10593979
-0.78976508
0.76524080
-0.29210201
0.78708980
-0.30463670
0.00328986
0.24585639
0.10511033
0.03492513
-0.41227301
0.55321985
-0.35483468
-0.28368384
-0.07061432
0.09365825
-0.29553959
0.16578245
0.10325676
-0.35180845
-0.24132820
-0.41666670
0.20543266
0.10384667
0.32343469
0.41391232
0.19326712
0.21425653
-0.05181240
1.23183740
-0.14984648
-0.26415367
0.75786276
0.14389832
0.49682523
0.46780421
0.00980701
-0.30208036
-0.07359640
-0.02249243
-0.29540013
-0.45632862
-0.04596373
0.41232078
0.00926240
0.72337325
0.51600110
-0.34014738
-0.79364845
0.39898507
0.11732967
-0.10327860
-0.15290528
0.60912331
0.28572070
0.62797642
-0.07191478
0.03077490
-0.72028009
-0.27608985
0.13151016
0.62978999
0.24429818
0.29689800
-0.34147852
0.08372736
-0.91829100
0.17019324
-0.86668138
-0.28296495
0.01299855
-0.51221479
0.54203603
-0.34214163
-0.08007992
-0.62872453
0.28101069
0.49028382
-0.35049436
0.25889275
-0.22017887
0.23223647
-0.12974025
0.30612263
0.23537800
-0.24680082
0.29504250
-0.37679179
0.47343412
-0.37329349
-0.15360360
0.00077062
-0.35049040
-0.07306445
0.84924508
0.44771130
-0.32325293
0.03937155
0.15593170
-0.20866775
0.23267617
-0.38959679
-0.21506081
0.36057358
0.18758508
0.32877293
-0.08910791
-0.57027855
0.39624547
-0.89336137
0.48389888
0.66677104
-0.08285438
0.41797793
-0.12908658
-0.11420604
-0.02240531
-0.00927044
0.08593716
0.29565929
0.38074593
-0.38718504
-0.15099188
0.61960316
-0.62403061
0.24449936
0.03434566
0.03774393
0.51558817
-0.68633605
0.39552492
-0.45291058
-0.11033766
0.25672777
0.61697992
0.25811450
0.29081381
-0.08340457
-0.44067487
0.01671655
-0.07207689
-0.05273713
0.26603972
-0.07473428
0.29517281
0.05800458
-0.45202769
0.67658750
-0.37948200
0.63004025
-0.79929887
0.30115198
-0.15853096
-0.09473535
0.14932235
-0.46252493
0.62681417
0.52788729
0.92197483
0.06348158
0.08782170
0.03925966
0.44903139
0.48546502
-0.44366988
-0.52388238
-0.60778596
0.54913311
-0.45263867
-0.25091333
-0.70636830
0.11807475
0.16445913
-0.20127401
0.52483667
0.30319006
-0.32608436
0.83170595
-0.56443695
-0.20402836
-0.06761385
-0.02643311
-0.43448318
0.15171674
-0.54844051
-0.68240758
0.15635439
0.27606372
-0.81758575
0.40307924
0.15844873
-0.76529791
0.64273119
-0.39073094
0.07192520
1.28797996
0.75386915
0.26389148
-0.23856542
-0.64589543
-0.11749799
-0.11189794
0.24170380
-0.10701111
-0.28655856
0.09264889
-0.84423362
0.03827983
0.16130664
0.48182744
0.03195971
-0.01176043
-0.10080507
0.53531458
0.00457521
0.20046965
0.35599054
-0.11201639
0.03434892
1.14333736
-0.61857359
0.05420401
-0.48083594
-0.17862482
-0.07099199
0.05379258
0.16622178
0.31926071
0.24441659
-0.08867471
-0.52808906
0.12788601
-0.25192158
0.03632092
0.63619580
0.73955658
0.09834103
-0.06377717
-0.07996868
0.05647360
0.44375156
-0.51882232
-0.09495915
0.86911220
0.40346553
-0.11818455
-0.23410951
0.79591999
-0.30021065
-0.06820065
-0.13936272
0.23411644
-0.50220539
0.09852665
0.19630781
0.00365890
-0.28055369
0.41007889
-0.47143119
-0.21595281
0.33237485
-0.05212078
-0.03882397
-0.73214096
-0.24135148
-0.27485793
-0.46444073
0.21532680
0.74663595
0.38039144
-0.23057055
-0.76232968
0.83678854
0.54608831
0.30020047
-0.70345271
-0.09748870
-0.26581074
-0.26190881
-0.22947708
-0.08899928
-0.04311259
-0.06216314
0.27869571
0.63824080
0.05378000
0.05451133
0.03253312
-0.01897829
-0.05104803
-0.33016040
-0.33374686
0.27462198
-0.03662041
-0.46737283
0.26647675
-0.07772217
-0.18260246
0.29072007
-0.63243945
-0.18355030
-0.49253738
-0.54230525
-0.59721501
0.21040192
-0.24618558
-0.35037367
0.53847882
-0.39738843
0.77814890
0.13526907
0.09926563
0.42747431
0.16078670
0.26163127
0.20032609
0.00175309
-0.47337607
-0.17824403
0.27957425
-0.04023199
0.03224487
-0.18465498
0.24805473
-0.34759331
-0.23669542
0.45921030
-0.03735448
-0.81151364
0.19760572
-0.28973574
-0.28751429
-0.26306575
0.67278058
-0.13450644
-0.49673717
-0.70771669
0.52247563
0.70860129
-0.51914980
0.02034099
0.19210241
-0.16174289
0.19083814
-0.54213556
0.26421023
0.34147578
0.01626746
-0.31236251
0.72557264
0.37459347
0.91414886
0.30093776
-0.19570058
-0.30883711
-0.07095765
-0.21911390
-0.35555112
-0.03180276
-0.71169621
-0.16587673
-0.59352443
0.14861373
-0.14728107
-0.47711894
0.17779812
0.06385000
-0.06009470
-0.06772407
-0.34969278
-0.25462713
-0.44317463
-0.14834209
0.13920197
-0.41261692
-0.89123270
0.22030950
-0.37186236
0.24774297
-0.12543518
0.20521970
-0.11424031
0.27713593
0.16205317
0.77834436
-0.28223480
-0.62695893
-0.17526747
0.63651140
-0.33392932
-0.26065087
-0.58958317
0.50604575
-0.35467270
0.06310346
-0.11360189
0.70174883
-0.06366645
-0.23125239
0.63481291
0.23489310
-0.28966645
0.20044665
0.13129379
0.76136683
-0.30088369
-0.07220813
0.19841530
0.21294471
-0.22256841
0.10547020
-0.04126326
-0.35124685
0.23812510
-0.12438955
0.32632305
-0.76622191
0.58796830
0.39393280
-0.01854608
0.78618249
0.61653546
-0.52040671
0.39481461
0.16478806
-0.21900978
-0.07229476
0.49842303
0.33063162
-0.38506241
-0.30148160
-0.29030987
-0.14642254
-0.10819468
0.83958587
0.01516687
-0.10866568
-0.02769564
-0.57573121
0.06410928
-0.10392841
-0.50658347
0.30335008
-0.39658467
-0.37588368
-0.05936386
-0.30794267
0.58474249
-0.25935776
0.74807966
-0.03759505
0.30386785
0.16106254
-0.19619308
0.20119332
0.00194485
-0.39382697
-0.12009386
-0.01634125
-0.64769708
0.23749275
0.30663920
-0.01194847
-0.30509919
0.15654157
0.23862272
-0.07971092
-0.64218367
0.15047730
-0.48583673
-0.51031858
0.65905448
-0.68464653
0.10720171
-0.23445627
0.21717474
0.00414557
-0.04744957
0.66337850
0.13137871
-0.36122829
0.13251411
-0.54883401
0.11530671
0.42190915
0.15387695
0.15913976
-0.11055701
-0.26097733
1.00010956
0.11843278
-0.06494095
-1.08415729
-0.13173955
0.05763002
0.39218226
0.50094054
-0.13507726
0.14503845
0.27501824
0.68684058
0.51379421
0.07839232
0.29521518
0.67252622
0.83764497
0.39276069
0.46912772
-0.88431549
0.52286072
0.41371836
0.47979040
0.86154568
-0.56192123
-0.02966229
0.90682074
0.64128172
-0.39158693
0.05084211
-0.03328305
-0.52739486
0.06527412
-0.32767824
-0.19608886
-0.16908277
-0.86338075
-1.43933710
-0.59518060
-0.70482872
-1.26433104
-0.99174693
-0.68380636
-1.83818277
-0.90234267
-0.96629522
-1.09444248
-1.53286099
-1.33600091
-1.50320735
-1.38041354
-0.88591260
-0.86515607
-1.32087412
-0.69276654
-0.68189942
-0.54717302
0.30364245
0.12261444
0.74693829
1.56793443
0.88852032
1.50110743
1.18274876
1.28651420
0.74650922
1.93081428
2.28923678
1.42695964
1.98944723
1.80140538
1.66610112
2.07570155
1.16134620
1.15808311
1.38558575
1.16642693
0.86556176
0.60491365
0.72474264
0.30900699
-0.11348117
-0.49301502
0.13929462
-0.42552522
-0.02984638
-1.30424064
-0.63485372
-0.53976300
-0.89226017
-0.27708589
-0.99098962
-0.13279632
0.18409424
-0.37157492
-0.19318303
0.29455128
-0.62758838
-0.90891586
-0.91319474
-0.06897636
-0.31865233
-0.56643186
-0.31218266
-0.98103822
-0.21292658
0.23341738
0.06484094
0.03054325
-0.56311170
-0.03405366
0.71884345
-0.07619508
0.77192361
-0.50642926
0.34404556
0.01403648
-0.40431314
0.29115253
-0.13621242
-0.53351039
0.08814708
0.31722155
-0.08830680
0.59195005
-0.02451452
0.75980694
-0.15431059
0.00238611
0.25359033
-0.16228919
-0.76729554
0.25925200
-0.23978202
0.09541698
-0.58508398
0.49491697
0.03126019
-0.13997420
0.01304913
-0.22643101
0.19192959
0.39519283
-0.11483113
-0.14745819
0.33806127
-0.00646203
0.22795701
-0.06621360
0.71806135
-0.44706497
-0.07302805
0.73945151
-0.67916193
0.59208965
0.51226417
-0.38143816
0.22734484
-0.10587320
-0.16857054
0.16093460
0.62822106
-0.65521807
0.43359859
0.36829505
0.08501968
-0.69720102
-0.31880941
-0.37112608
0.39261992
-0.05930041
0.10115587
0.26996493
-0.19359432
-0.13740399
-0.03169062
0.02119667
-0.20404991
-0.27999939
-0.15743883
-0.25247944
-0.11230583
-0.33549652
-0.16614835
0.39701132
-0.64183143
0.15430691
-0.41013274
-0.43934035
0.21445320
0.09607118
0.03049174
0.06998841
0.05575479
-0.04581247
0.61618192
-0.12814669
-0.85715473
-0.25846240
-1.33288794
-0.53280588
0.61573116
-1.03705576
-0.72044429
-0.09765075
0.92474865
0.26680008
-0.73973009
-0.03974386
0.22291454
-0.02662987
-0.36755636
-0.24532244
-0.33437683
0.01517952
0.29350369
-0.04188012
-0.32026956
0.68907788
0.21546986
0.18774706
-0.22450579
-0.45932646
-0.27005557
-0.16389001
-0.13035962
0.35118343
-0.14011261
-0.18469284
0.10087874
-0.45340872
-0.29609013
0.24363288
0.65064846
-0.66756647
0.30150832
0.31023435
0.44830748
0.01635592
-0.06591135
0.59432278
-0.04550263
-0.31698537
0.51594550
-0.20368591
0.15096143
-0.10301819
-0.35850997
0.59114866
-0.25237018
0.03359230
0.52028557
-0.37078544
0.12240981
-0.34151893
-0.15163028
-0.32874223
-0.13148431
0.64643835
0.02281721
0.27748845
-0.13666279
0.11461434
0.29481045
0.10604800
-0.11693089
-0.31392245
0.38207987
0.44177388
-0.04869571
-0.05689507
-0.07018738
0.34549717
-0.84861426
0.67953546
0.01046431
-0.41497415
-0.12105852
0.43654198
-0.32900834
-0.06727539
-0.70028521
-0.19438379
0.12042165
-0.03748904
-0.42968376
-0.50955865
-0.28231845
0.31433130
-0.01887675
-0.45866790
-0.18739610
0.06832086
0.12166283
0.34368285
-0.01466322
-0.70993655
-0.46440304
0.07114963
0.08154822
-0.53706424
0.47972035
-0.22765985
-0.39270663
-0.13026325
0.16482156
0.11353538
0.31586919
0.26900657
-0.02247216
-0.09804453
0.03913016
-0.11788949
-0.26794617
-0.17292759
-0.53622956
0.18770741
-0.66852609
0.23126904
0.09114242
-0.09631145
0.20850160
0.74616254
-0.43209972
0.46482940
-0.34903052
-0.03390358
0.26195436
0.50222945
-0.50305619
0.27476874
0.29024875
-0.31417349
-0.43477126
0.08376574
-0.15475418
-0.08124859
-0.14542081
-0.60129793
-0.54547921
0.08606406
-0.16903925
0.37010540
0.62710189
0.83609755
-0.70720413
0.24219134
-0.58884517
0.80324928
0.67777716
0.03930049
-0.17789151
-0.14630060
-0.53688857
0.27197931
-0.33139517
0.16329424
0.69389114
-0.21795808
-0.47831159
-0.38507738
-0.34946189
0.09378759
0.17303559
0.16984213
0.67985477
0.02614657
-0.18084838
0.24138621
-0.99005122
-0.03103572
-0.05516471
-0.11546331
0.27470404
0.69594843
-0.30460439
0.23862157
0.37548869
0.57473359
0.08402025
-0.11756614
-0.37354233
0.23412251
-0.11791018
-0.04906224
-0.12740595
0.60022550
0.40192079
-0.15185415
0.44598041
-0.29914517
0.31992112
0.02325395
0.10641705
0.95714584
-0.12749837
-0.77000258
0.28425880
-0.39750201
0.28529047
-0.47266602
0.16708979
0.56375407
-0.02736929
0.53882856
-0.13388527
-0.73934129
0.89103177
-0.44031911
-0.40888120
-0.42826617
-0.11722773
-0.26036894
0.42710734
-0.28665813
0.12609790
0.46802300
-0.43182863
-0.33550041
-0.05296832
-0.33500847
-0.45961109
-0.14546873
0.49359850
0.57334985
0.21611568
-0.24029307
0.11889336
0.07857962
0.41653225
-0.31791791
0.39167499
-0.87545794
0.30043992
-0.36959365
-0.01739491
0.11353899
0.00635499
-0.34223054
-0.64787265
-0.31306805
-0.20078807
0.02778611
0.38750480
0.82004088
0.35035897
-0.02730425
-0.23756841
-0.18584164
0.53693596
0.66649939
-0.35619305
-0.23879211
-0.56351202
0.22454249
-0.05555940
0.31776670
-0.02357864
-0.09051780
-0.04185770
0.39845081
0.82437390
0.11552948
0.33659278
0.24731047
0.03747492
-0.20815905
0.12150541
-0.36026502
-0.12828427
-0.28647738
0.65319129
-0.06197082
0.44273767
0.04802778
-0.01407256
-0.12757889
-0.73083797
-0.40027803
0.20363205
-0.45742425
0.30171548
0.53537044
-0.32319731
-0.07530451
0.32996982
-0.36274799
0.19852825
-1.25205572
0.39606546
-0.13966760
-0.18633305
0.29985391
-0.36151142
0.06061537
0.19338605
-0.04257737
0.61830330
0.52803800
-0.61091238
0.05735060
-1.13335882
0.09703247
-0.23818109
0.19806806
0.61938307
-0.51364598
0.00957763
0.52449571
0.47831483
0.02043983
-0.43586155
0.23338240
0.11939498
0.49506118
0.09045025
0.40172684
-0.13285276
-0.20948050
-0.39390072
-0.41376739
-0.00363583
0.37340144
0.13636085
0.58414171
-0.28388744
0.32319983
0.22936787
-0.38244457
-0.31547802
-0.22108403
-0.24296980
0.41951776
-0.23376742
-0.20812246
-0.18666833
0.15742952
0.24149889
-0.25419352
0.15598752
0.35482157
-0.45657166
0.34353227
-0.24661317
-0.01878034
1.16070876
-0.34327324
0.44814657
0.66733743
0.45109431
0.74108780
0.55591942
0.47626247
0.23278094
-0.38431292
-0.17510078
0.03626727
0.03029289
0.34617978
-0.33017659
0.32532904
0.45591161
0.01812937
0.44358931
0.19489394
0.06877624
-0.42320090
0.03309073
-0.12221344
-0.11295034
0.16267135
0.09898629
0.16334137
0.22632808
0.23196689
0.65205708
-0.61975532
0.23877537
0.92795581
-0.18484835
0.09948737
0.32712531
0.06402423
-0.37912920
-0.02562428
-0.03848835
0.33636422
0.11902292
0.22079004
0.76744316
-0.34647604
-0.15428112
-0.14469072
-0.88111041
0.59171896
0.07460141
-0.49993375
-0.10494385
-0.02051113
0.16985242
0.00977701
-0.27752661
0.08139106
0.50190083
0.34447287
-0.66723790
-0.28419380
-0.28573991
0.23032495
-0.22099658
-0.08435429
-0.46564891
-0.11115454
-0.04615824
1.26196109
-0.31155441
0.42487766
-1.22787237
-0.32724212
0.09208353
-0.36767105
0.80223602
0.00345335
0.02108364
1.25224177
-0.16157567
-0.32657633
0.13385218
0.43939936
-0.19171060
0.25506589
0.43041383
-0.36592876
0.18410688
-0.01809358
0.42894340
0.21389563
-0.18628870
-0.28512822
-0.09983381
-0.34993750
0.16150946
0.61575166
-0.45066561
-0.36150237
0.35116881
-0.14582251
-0.12995826
0.09517900
-0.73889566
0.36339730
0.05268721
-0.71190006
0.74378377
0.42216452
-0.44708753
0.28200142
-0.44988028
0.40977388
0.54724684
-0.21634514
0.39293096
0.63590361
0.18039286
-0.37479080
0.07284181
0.07998861
-0.04695015
-0.05272770
0.25361787
0.41882453
0.14464767
0.09646152
-0.03231693
0.16929792
-0.22149643
-0.49905826
-0.43657897
0.16291414
-0.03029306
0.34754634
-0.44443021
0.39647407
0.40555376
0.14478348
-0.21027353
-0.11472951
0.51809534
-0.83156127
0.89181135
0.62862353
-0.10724412
-0.24511602
0.33254473
-0.34494320
-0.28662244
-0.15761757
0.14030190
-0.26681113
-0.08549898
-0.18903419
-0.06843746
-0.15047187
0.03121992
-0.01454446
-0.00844607
0.45837121
-1.04114964
0.28941176
0.60626650
-0.06612410
-0.70316916
0.04476355
-0.52581485
0.03415938
-0.26161854
0.61938556
0.13571337
0.28124974
0.11313606
0.53736690
0.03469505
-0.19198582
0.51185745
0.02441244
-0.77800355
-0.22096307
0.26117623
-0.12365224
0.27826956
-0.17071556
0.34587435
-0.06783844
0.48502899
-0.57341649
0.09571533
0.39129233
0.08858450
-0.03295836
-0.12509973
-0.04116829
-0.10581993
1.07026452
-0.10416699
-0.49313006
-0.19387084
-0.16820438
-0.30399495
-0.05958274
-0.70746388
-0.13419969
-0.05044976
0.28102365
-0.11335034
-0.18488979
0.26383842
0.21427835
-0.51996368
0.24849399
-0.30091870
0.30816459
0.06566022
0.41173630
-0.10947368
-0.11842010
-0.05475967
-0.22411862
-0.70035675
0.05237047
-0.33450479
-0.72717942
0.54535836
0.21315739
-0.73774904
-0.51304036
0.31757647
-0.05231881
0.24428756
-0.27530997
0.53633202
-0.19272752
-0.22720467
0.14897182
0.68566682
0.42787677
0.19570679
-0.47778746
0.54065254
-0.10760819
0.42333139
0.17822568
-0.68048894
0.64350384
0.05244537
0.05839834
0.00018758
-0.02728482
-0.01019437
0.02731153
-0.35211652
0.29333728
-0.27129486
0.70615821
0.02835928
0.59810910
0.45206700
-0.09325655
0.11192613
-0.19140931
0.21232077
0.01867407
0.29149387
0.17344353
0.32881039
-0.30555208
-0.59922627
0.60982490
0.03951301
0.52098163
0.12326789
0.43051287
0.23846883
-0.28168215
0.66884504
0.38829077
0.84197533
-0.63229380
0.86251049
-0.33005427
0.50338875
0.14831618
-0.03088140
0.63328237
-0.03333209
0.36602203
0.38224446
-0.09529187
0.15198626
-0.25873916
0.51006166
-0.05806919
-0.62144694
0.39244205
-0.00664394
0.21101655
1.07022730
-0.58162954
-0.05477857
0.57871059
0.60791509
0.31954339
0.03717085
-0.25902177
-0.22774641
-0.01335737
0.10538637
0.04344917
0.14119834
0.50664108
-0.21316986
-0.09934515
-0.27648158
-0.39833040
-0.17189046
0.20129777
-0.05652327
0.33651944
-0.72113535
0.80211272
-0.58623587
0.20310940
-0.03289726
0.06303138
-0.35604786
-0.04613220
0.46651636
-0.19123015
0.23598871
-0.12326270
-0.25871180
0.36567561
0.53159099
-0.54716865
-0.08834915
-0.12647976
0.10679432
-0.01726556
0.30834142
0.92370530
0.51396082
0.17644849
-0.23188882
-0.31381933
0.39287855
0.38076788
0.11601603
-0.38378419
-0.32657452
-0.01424746
0.54400629
0.86195969
-0.79363040
0.47792971
0.26062821
-0.17355162
0.10332302
0.48259754
-0.44558820
-0.20226232
-0.51481815
0.19249590
0.31955744
-0.41591382
-0.36190773
-0.13415746
-0.00557740
0.06307825
-0.56983672
0.58807919
-0.11084747
-0.04049150
0.03374987
0.11170870
-0.13168970
0.47716375
-0.06927740
-0.53060776
-0.19236825
0.05480727
-0.23388608
-0.61855397
0.26946588
-0.19873573
0.15259665
0.11207989
-0.30780392
0.15802159
0.04341171
0.31165543
-0.18861830
0.27834131
-0.18943146
0.09706939
0.44111617
0.08113700
-0.15982424
-0.17051039
0.60199432
0.04653937
0.42289051
0.48684753
-0.22854698
-0.46802416
-0.13265605
0.07515767
-0.03515758
-0.04966538
0.77049555
0.07494107
0.07071456
-0.71954180
-0.30762888
-0.03597149
-0.11751911
0.73883412
0.39920828
0.10057285
-0.30917362
0.69638953
0.21828737
0.37743620
0.73993056
-0.33901827
0.20024703
0.13214521
0.63502008
-0.05377287
0.03152646
0.36050834
-0.02315024
-0.15648777
-0.05993648
0.00535296
0.55338690
0.06806864
-0.19627232
0.10525287
-0.28618131
-0.24692163
0.08997817
0.47678600
0.05226874
-0.49403816
0.74561320
0.15606886
-0.03354660
-0.01544483
0.33725809
0.48301600
-0.42190993
0.12175211
-0.34389934
0.43993065
-0.00769674
-0.78278543
0.82737147
-0.03971597
-0.24089756
0.16100337
-0.35900939
-0.28768570
0.21883401
-0.38788943
-0.29410319
-0.22828314
0.24665391
-0.01587656
0.22413936
-0.14134577
0.59132339
0.19242297
0.64184771
-0.11718965
-0.15950076
-0.18482116
0.15349910
-0.26868270
-0.10861230
0.06369604
-0.89685373
0.06158779
0.08446209
-0.10717325
0.33800897
-0.34094432
-0.08538223
-0.02298290
-0.77917435
-0.49182919
-0.10293058
-0.61182044
0.17154833
-0.57931923
-0.41925650
-0.37903795
-0.81635033
-0.09842679
-0.07190461
-0.02208869
0.21439870
-0.50166702
0.27237243
0.41591725
0.34860154
-0.04491231
-0.14842563
0.66370493
-0.16361932
-0.25566255
0.15223413
0.22212067
0.72490444
0.25495664
-0.62043920
0.33850779
0.22016532
0.54719005
0.27825402
0.52297284
-0.40387336
-0.13292749
0.05624669
-0.17484648
-0.47074036
-0.62400004
-0.13456395
0.27546324
0.60888075
-0.35353716
-0.18174291
0.51132119
-0.38082446
0.21929360
0.06979528
0.52495976
-0.24151372
-0.01109293
-0.36340649
-0.15395312
-0.05344151
0.59325253
-0.06784883
-0.34099784
-0.23881468
0.08362626
-0.31099035
0.67526113
-0.18061430
-0.49283456
-0.07775837
-0.27857999
-0.30241093
-0.40242153
0.55495429
0.46826170
-0.53252597
0.12195976
0.12700553
-0.44454405
0.28927632
0.22188615
-0.08971960
0.16724911
0.32670867
0.25747702
-0.12505387
-0.17163907
-0.09445424
-0.53397314
0.03793306
-0.50945341
-0.57060606
0.56012005
0.46141618
-0.42095945
-0.26981510
0.11727429
-0.91445570
-0.10052786
0.34479600
-0.15421780
-0.55058257
-0.10880139
-0.00436421
-0.24860651
-0.59151165
0.14893718
0.03594419
0.22338449
-0.07517326
0.33709228
-0.30518682
0.58037961
0.09329711
-0.24496918
0.04729172
0.91645221
0.62451295
0.27181677
-0.12894967
-0.48839326
0.17856818
0.23028279
0.26685827
-0.21619644
0.99965287
-0.30672090
0.30434730
-0.49860373
-0.40652575
-0.31521765
0.26079121
0.13675727
0.46341095
0.22794607
-0.18179124
0.16638549
0.25342251
0.30265899
0.05189992
-0.69726238
-0.70280200
0.08486266
0.15197313
0.02718183
0.26541381
-0.05664810
0.15607690
-0.14308529
-0.08792628
0.11830307
-0.16046648
0.42867447
0.85919118
-0.14893264
0.06497643
-0.47173797
-0.34982531
0.44134684
-0.79074472
-0.56278721
0.05387593
-0.07768800
0.62326979
-0.02323195
0.39210312
-0.24315052
0.50958131
-0.31585184
-0.10218264
0.34139563
0.44795672
0.16272857
0.12975021
0.47821728
0.04592191
-0.01670055
0.37098712
0.20699728
0.54217378
-0.03056717
0.24690543
-0.01807720
0.08941382
-0.74840520
-0.12311068
0.48119744
-0.60779381
-0.05600171
0.00429423
-0.40420305
-0.27087000
-0.06252131
0.75242823
0.21555972
0.30052726
0.06580316
0.07875946
-0.36897459
-0.29399804
-0.20489983
0.55528527
0.52205659
0.36643385
0.11182503
-0.14485075
0.02141474
0.09468893
-0.17090719
0.46015183
-0.18765001
0.08492971
0.07855484
0.75592207
-0.55097385
-0.69084678
0.45364730
0.10454184
-0.10457171
0.28494520
-0.35950835
0.37069178
0.41442989
-0.47633676
-0.47153570
0.05491058
-0.24396401
0.07413374
0.10918750
0.01671002
0.27538598
-0.11961607
-0.21912851
-0.01985103
0.55093244
0.12553366
0.39146463
-0.26293181
-0.12346637
0.02469705
-0.18084042
0.15981045
0.42739836
-0.07987071
-0.19237264
0.26805869
0.84501923
0.26171100
-0.03185478
-0.33210956
0.11812504
0.16527774
-0.41447489
-0.12355910
0.28842460
0.02189924
0.58195739
0.86731621
0.45910379
0.15592859
-0.21426515
-0.54370236
-0.19723687
0.24714013
0.39237439
0.38830150
0.09637649
0.86646019
0.54285033
-0.48779057
0.17353906
0.56065599
-0.00318916
0.00089730
0.00398129
0.37233356
0.74499836
-0.09699524
-0.37458457
0.04630944
0.54581283
0.50621033
0.05869176
-0.11653812
-0.12987122
-0.07312147
-0.01795207
0.37531760
-0.30283631
0.05738086
-0.55318057
0.81009652
0.22014741
-0.49926285
-0.14383598
-0.24694934
0.30194108
0.03393615
0.36441952
-0.22538698
0.02628782
-0.27351222
-0.31505278
0.14186757
0.51901697
0.37575055
0.42253966
0.21888447
0.19787765
-0.26463851
-0.60453592
0.35468463
0.03454390
0.19107884
0.01385011
-0.09802965
-0.44444750
0.13146376
-0.51861309
-0.31061483
0.42110565
0.04306402
0.81149499
-0.23013347
-0.13756283
-0.18659333
0.26800561
0.17988789
-1.03164522
-0.57987937
0.29253845
0.34228178
0.18313020
-0.20104004
0.26605942
0.16437929
0.08924553
-0.05327655
-0.37317470
0.53307866
-0.49781991
0.36964943
-0.33567023
-0.34797394
-0.30037937
0.20637345
0.23470922
-0.14974584
0.22940935
0.07585518
-0.18164842
0.03476882
-0.59943867
0.02521362
-0.51817214
0.61342540
-0.50571225
0.20679645
-0.12639189
-0.33447120
0.06158036
0.23298405
-0.04820093
-0.27756728
0.29768400
-0.03184166
0.39064250
-0.10550267
0.48819727
-0.28066965
0.14224938
-0.23764371
0.08000022
-0.01066018
0.28194419
0.07370990
0.29623652
-0.36453682
-0.89303781
-0.29927635
0.37100353
0.32909347
