-0.23076814
0.09415450
0.24197713
0.28415796
-0.02933858
0.36791331
-0.49324058
1.07557332
0.06426093
-0.02336651
0.09689137
0.50668361
-0.16552147
0.18004647
-0.23055348
0.11439310
0.08754370
0.92844881
0.36803226
0.22944300
0.84916879
0.44020363
0.52311090
0.35684580
-0.29138678
-0.22711866
0.27285766
0.46203450
0.36008380
0.11707082
0.35708393
-0.99649771
-0.16407970
-0.34748306
0.25078754
-0.26909991
-0.23829435
0.55223151
0.62125319
0.26604253
0.31101202
0.47031281
0.03615544
-0.10576314
0.04140959
-0.39747751
-0.11214940
-0.50275423
0.20227967
-0.41031483
-0.22804821
0.10524558
-0.00478268
-0.24053141
0.39509539
-0.09011698
0.66341641
-0.40621495
-0.34820415
-0.07428874
-0.70455246
-0.25658085
-0.72707448
-0.13818043
0.17204866
-0.56245244
0.21689692
-0.04370998
0.31839158
0.19871366
-0.65851882
-0.57277788
0.03277758
1.41046117
0.31251403
-0.67670977
0.37998407
1.06920755
-0.08276003
-0.45683779
-0.61365564
-1.04025411
0.31861629
0.33028528
0.19276329
-0.61634146
-0.39424010
-0.43023042
0.71130711
-0.08663435
0.98417258
0.17480940
-0.74319745
0.17937367
0.36897054
-1.51018686
0.70494093
-0.12910998
0.54914799
0.06436588
-0.39205108
0.60479139
0.32795411
-0.17745926
-0.76009094
-0.47713809
0.54003842
0.40775699
0.50272252
0.08540881
0.09629881
0.26046029
0.24970506
-0.01626333
0.73754782
0.30875195
0.05995104
0.46764399
0.18052857
0.21903424
-0.56657334
0.10115049
0.85731654
0.25966080
0.69575925
-1.19113290
-0.53295133
0.37972684
0.21922461
0.50528157
0.41002789
0.21180475
-0.46031460
0.29345476
0.08449761
0.20414260
0.30089611
0.16507220
0.21115423
-0.37142201
-0.13135375
0.04726899
-0.37842325
-0.84840647
-0.47778680
0.96586861
-0.68830098
0.37215590
-0.25874769
-0.15617981
-0.39818578
0.55242595
0.13004520
-0.15676480
-0.07857513
-0.09642996
0.48999825
0.08208399
0.35285327
0.30084988
0.27081536
0.31653586
-0.18269400
-0.60258995
-0.93800649
-0.51639607
-0.01054682
-0.23125187
0.00603708
-0.02671601
0.26721207
0.79805827
0.33357671
-0.60122164
0.05921229
-0.18718894
0.02732934
-0.54644762
0.01145662
0.22999256
0.67453760
-0.76018268
-0.17224033
0.35748981
0.25404163
0.20172318
-0.29446006
0.19269625
0.32675420
0.11477975
1.21102858
0.39579704
0.96947114
0.69844371
0.21054443
0.11164623
-0.14879309
0.26092258
-0.01792500
1.29803283
0.30286578
0.45976761
0.29950602
-0.06536076
0.34879365
-0.21041646
0.19514863
-0.21514006
-0.17241510
-0.46914102
0.40383417
-0.25092204
-0.26685354
0.50283511
-0.38222442
0.31484562
-0.01959829
-1.01262001
0.54734431
-0.61238636
-0.48264897
0.25542987
0.38965918
-1.02768123
0.63287153
-0.31504575
0.04514572
-0.03331673
-0.36748483
0.39425854
0.01649809
-0.49930230
0.15504710
0.16678657
-0.02322362
0.41842641
0.86840295
0.22189843
-0.17789785
0.03881804
-0.50414761
-0.18718816
0.20099497
0.68969279
-0.40880557
-0.20568527
0.32913225
-1.16654904
-0.65219799
-0.31779481
0.38214563
0.52640295
0.53403298
-0.67556053
0.43449371
0.11662837
0.62100176
0.51441035
0.24441725
0.07099195
-0.26153404
0.51626002
0.19866178
0.13531581
0.02529737
-0.09508715
-0.28523546
0.18601509
0.83399721
0.11157789
0.26866008
0.10560696
0.25554268
-0.73728899
-0.44318916
0.91532748
-0.44704409
-0.12464667
-0.45925581
-0.41519722
0.26275694
0.04263091
-1.21976413
-0.31879533
-0.54835519
0.04713583
0.08364969
-0.58563786
-0.16441729
-0.21473407
-0.54416552
0.00896234
0.39872849
0.50527747
0.13782150
0.38647804
0.38398802
-0.25877585
-0.19681023
-0.32661066
0.56291333
-0.52362739
0.02322968
0.13027274
0.04915405
0.08674059
1.14044195
-0.13322227
0.11356584
-0.46518347
-0.24629770
0.22107348
-0.20051426
-0.38449962
0.64417973
-1.20823804
-0.37078926
-0.61813904
-0.14899015
0.13306937
0.96805602
0.05646688
0.04338193
-0.86508107
0.09870341
-0.11461194
-0.33286125
-0.05945596
0.27053611
-0.54054082
-0.10580223
0.12152587
-0.63472425
-0.69700343
-0.62342704
0.37438184
0.37687234
-0.37906456
-0.16183212
0.03208256
0.21389676
0.00350761
0.22066085
0.30613035
-0.05759892
0.24252650
0.30577936
0.50812920
0.65624698
-0.18035620
0.40006365
0.19900885
-0.51147918
0.03623688
-0.42251419
-0.06643932
-0.33714947
0.75688060
-0.46714407
-0.15127977
-0.18158626
0.24275136
0.00056623
-0.32161313
-0.04380928
0.14794078
-0.18232493
0.81114114
0.80355388
0.16726795
-0.12687043
0.14957047
-0.55650226
0.01984069
0.16280509
0.56926657
0.34715270
-0.19910618
-0.08547911
-0.81068993
-0.36710058
0.40407479
0.07389274
0.38139652
-0.45080234
0.00874417
0.26367489
-0.30664398
-0.41121845
-0.13897217
-0.54668620
-0.67495862
-0.28922977
-0.38451337
-0.39845987
0.43968105
0.25673437
0.56250887
0.57758425
-0.53453938
-0.83377355
-0.68220765
-0.00232171
0.26054091
-0.04378771
0.42787859
0.08397721
-0.33187218
0.01244058
0.13999044
-0.47158927
-0.68539705
0.43179333
-0.17643645
0.22863005
0.53588432
0.11307869
-0.13156142
0.15377396
0.19735367
1.16704623
-0.22691465
0.34146985
0.50774548
0.31105885
1.02537673
0.59580145
0.45077434
-0.34531880
0.46711352
1.05646828
-0.91712669
0.36494626
0.10685613
-0.71034897
0.23521424
0.12474855
-0.02126084
0.06723519
-0.35476733
0.03997960
0.07588393
-0.67051428
-0.39673104
-0.60032623
0.07102821
-0.31765291
-0.43809380
0.01944079
0.46507744
-0.56827875
0.08522372
-0.19911831
0.11782363
-0.79518735
-0.25517654
-0.19647003
0.28033311
-0.02646838
-0.98823132
0.45919322
0.10383954
-0.01451892
0.34866114
-0.29526528
0.36419732
0.33173251
-0.36522064
0.32383316
0.17244260
-0.04401078
0.50101307
-0.41476975
0.19855189
-0.13889571
-0.06191725
-0.08007469
-0.24127086
0.14298737
0.27893602
-0.68630518
0.34327576
0.13521752
0.22709562
0.21968777
0.50194841
0.41229045
0.36028595
-0.76847786
-0.10906594
0.60780039
0.41188053
0.78602840
-0.09305657
0.16176799
0.29372993
-0.02338989
0.17589877
0.46440791
0.31552610
0.07773904
-0.98511535
0.55059425
-0.11010029
0.58175142
-0.25850606
-0.14932847
-0.59205544
0.06119971
-0.14876919
-0.98493576
0.28799034
0.29085832
0.06839895
0.25808607
0.00143437
0.54572045
-0.30470797
0.51431738
-0.15942616
0.19781259
-0.64111466
0.30980335
-0.29536767
-0.72889083
-0.69720175
0.12114698
-0.38149533
-0.41386283
0.05308438
-0.00602978
0.62734596
-0.57374064
-0.04969316
0.53943832
0.46604454
-0.66674552
-0.01290426
1.00369970
-0.18280626
0.07148552
0.29144753
0.50008392
-0.34073424
0.01681705
-0.01753788
0.27311559
0.76713739
-0.33255812
0.28949640
-0.23894306
-0.73336056
0.08038470
0.09361304
-0.76178272
0.28772093
0.75750946
0.13727463
-0.67014640
-0.35581097
1.10086528
0.64661236
1.04217635
0.06773286
0.77318109
0.25711041
-1.53735858
0.56454055
-0.53188847
-0.46657745
0.87364079
0.12558482
0.54817280
0.07720530
0.08121614
-0.23816787
0.72806475
0.75738379
0.08862339
-0.42133264
-0.27884350
-0.26899766
-0.55015940
-0.00022429
-0.61229829
-0.59838386
0.29422147
0.17307236
-0.08561941
0.23830685
0.02245879
0.29883664
0.01388538
0.34370405
-0.64064051
0.17739667
0.29629934
0.46994714
-0.76334319
-0.22759947
0.20403249
0.41170971
-0.78741587
-0.42985602
-0.13217848
-0.66035879
-0.32184377
0.35487434
-0.86463886
-0.40633982
-0.83149452
0.15575482
0.32849615
0.26341796
-0.41536919
-0.11864168
0.09173969
0.12033304
-0.54149655
-0.11566576
0.31291111
-0.47093295
0.16379656
-0.34745470
0.79943233
0.19411522
-0.10198179
-0.61851205
0.40119012
0.83790370
0.07431015
-0.31338125
0.18058111
-0.45451950
0.30546646
0.56502295
0.02072947
-0.02615813
-0.70595809
-0.23768431
0.32692195
0.12362752
-0.14395558
-0.27429861
0.42724230
0.10906614
0.23305650
-0.02439724
-0.23374831
-0.13718677
-0.32824243
-0.07093878
0.62505824
0.68866897
-0.14103508
0.02674175
-0.36122952
0.39676068
0.31909429
0.59958628
0.08774494
-0.06649504
0.42232901
0.24806556
0.07622764
-0.15576546
0.15362427
-0.58967344
-0.36205114
0.23376278
-0.65280190
1.03199368
0.10314655
-0.37495164
0.13286053
0.25891770
-0.13911561
-0.19086357
-0.21351071
-0.14047874
-0.03624041
0.79439904
0.12361874
-0.00969767
0.52977366
0.13613326
0.56761313
0.07214040
0.29827110
-0.35049905
0.31965814
0.13679516
0.50442648
0.28486224
-0.01090191
0.01294273
1.07605438
-0.03520484
-0.91046306
-0.02677371
-0.97212487
0.00026731
0.04054106
0.62718960
0.20193880
-0.75620424
-0.47780546
0.63484073
0.26022222
0.13414959
-0.37590935
-0.10781539
0.40104549
0.31347631
-0.27951512
0.34340719
0.26990071
-0.65754217
-0.30009233
0.08505670
0.00317393
0.54902654
-0.65058836
-0.26048424
-0.01605981
0.00709076
0.23559500
-0.09368173
-0.03985979
0.11354873
-0.50821125
-0.31281809
-0.22310893
-0.63497177
-0.04089942
0.03545544
-0.50676547
0.46166702
0.55765686
-0.38307624
0.38499548
-0.10332849
-0.59404153
-0.14871278
-1.11368583
-0.89182747
-0.51670588
0.22620037
0.31189634
0.36263541
-0.31755633
0.04679565
-0.12825803
0.38366139
-0.11305084
0.34193109
-0.33262953
0.73106327
0.62145466
0.00273795
0.17680976
0.55152922
0.00067997
0.19370014
-0.31250602
-0.23701812
0.17039674
0.62408184
-0.47661085
-0.09162320
-0.25204376
0.37052468
-0.67842150
-0.32460055
-0.43822522
-0.16258871
-0.37776249
0.31919122
0.35300917
-0.09644433
0.24162868
-0.31166802
0.11481296
0.40172329
-0.44522728
-0.37080886
-0.28882441
0.35193891
-0.42682405
0.55367952
0.30270043
-0.06582363
-0.15679151
0.49153730
0.51972058
-0.20186846
0.27103401
-0.37402430
0.12482113
-0.40782729
-0.04093415
-0.25560862
0.16879857
-0.59094227
-0.13301946
-0.35014753
0.31749275
-0.47413329
0.23389647
-0.25014088
0.28118484
0.32061532
0.00153183
-0.42185550
0.78929328
-0.04113436
0.33142751
0.69535381
-0.11648353
0.13092452
0.28075216
0.14444456
0.49219003
-0.91998396
0.40821245
0.43725429
0.59137135
0.26333777
0.75500788
0.06382982
-0.11928753
-0.43759095
0.32452514
0.36643892
0.87592736
-0.45932776
0.02431600
0.61014371
0.65696126
0.65213750
-0.30923898
-0.01971338
-0.45073440
0.30367220
0.62016989
-0.59472033
-0.35033212
-0.13912988
-0.06323056
0.14786535
-0.04899042
-1.20228880
-0.70484484
-0.35400730
-0.90719302
-0.99624080
-0.70322160
-1.44014652
-1.02784383
-0.96479158
-1.67907796
-1.64157072
-1.88267621
-0.78728111
-1.30324094
-0.74773666
-1.08984501
-0.90106128
-0.81052037
-0.39145772
-0.14541327
-0.10433949
-0.10491085
0.53845184
0.72108385
0.75976010
1.73126567
1.33072950
2.14634381
2.41315900
1.62404937
1.08303859
1.63487576
1.47539598
1.66356042
2.45733660
1.82065859
0.22926160
1.59409515
0.81035857
0.56356161
1.50191512
0.89193481
0.36574410
0.27485169
0.21408955
-0.80900081
0.90722986
-0.25722061
-0.67898195
-0.16890410
-0.79738629
-1.15597300
-0.80858909
-0.16166946
-0.95025330
-0.60210777
-1.07343873
-1.13364581
-0.01002847
-0.47719944
-1.14027367
-0.23550043
-0.62738344
-0.08799695
-0.11605063
-0.28480369
-0.24739277
0.42719792
-0.85279407
0.47185859
-0.15134955
-0.72023772
-0.23718128
0.42342920
-0.09524530
-0.32893208
0.20322028
0.66019381
0.02139390
0.29911311
-0.05982262
-0.41031995
0.09931255
-0.25978598
-0.45567870
0.29025708
-0.59577087
0.06685173
0.61427341
0.26829931
-0.22148390
-0.15743937
0.25272857
0.35636073
-0.13570172
-0.20998421
-0.31798754
0.36973697
0.59876408
0.16921868
-0.18577877
-0.75652350
-0.25471523
0.20117898
0.34675132
0.33652476
0.28637409
-0.23536988
-0.63741557
0.07909860
-0.06260044
-0.18775814
0.51735808
-0.79711676
-0.25125554
1.17753537
-0.11509854
0.10410324
-0.11430361
0.27637988
0.35496694
-0.69267248
0.39433346
-0.42848881
-0.46761984
0.13687741
-0.08774827
0.40588627
-0.21442804
0.84492105
0.05580955
-0.02267017
0.07057799
0.15551436
-0.11360166
-0.05591321
0.49566458
-0.05289643
1.18655722
0.79909850
0.25464185
0.60880965
0.30083914
-0.89256592
-0.14155366
-0.50166560
-0.32740349
0.16135059
-0.03476749
-0.00384430
-0.34945779
0.63080068
-0.03974586
0.61476945
0.67601450
-0.06631575
0.72258543
0.04020590
0.11345403
-0.47302706
-1.02013495
-0.18557401
-0.43630377
-0.03108055
0.39092607
-0.19415483
-0.31505799
-0.17359181
0.09840667
0.18031390
-0.18593414
0.69996687
-0.55435788
1.03714749
-0.00985308
-0.58997023
-0.12550989
-0.01064852
-0.45638160
-0.12715761
-0.21530481
0.02688012
-0.13940063
0.66553569
0.10735144
-0.17818191
0.00819389
-0.17658432
0.58202472
0.04762565
0.38979200
0.71308719
-0.48150538
-0.49159986
0.00722483
-0.25590321
-0.17050218
0.32800867
0.36656881
-0.38058011
0.58003845
-0.71426474
0.16490136
0.09281930
0.27590725
0.34471822
-0.08559611
0.44166664
0.55679255
-0.60506331
-0.34256891
-0.16040418
-0.40666392
-0.78926221
0.36766398
-0.21961460
-0.00897073
0.35454754
0.39580544
-0.67635382
0.07029841
-0.07266104
0.47992642
-0.48588169
0.01503558
-0.73162500
-0.15877003
0.41385448
-0.41244080
0.12788188
0.55318449
0.11466226
-0.47435939
0.63636749
-0.08316147
-0.84361684
0.78986565
-0.55828277
0.38784097
-0.63939449
0.58590702
-0.74446261
0.06066262
-0.66421827
-0.37283595
-0.60180362
-0.16726349
0.19143165
-0.27791236
0.43036529
-0.60701769
-0.76148682
-0.10425089
0.16526447
-0.16008924
-0.73940036
0.18378593
0.14561695
-0.63742988
-0.21664054
-0.48182188
-0.06856555
-0.07572551
0.46150352
-0.27379532
-0.27834903
0.27395144
-0.10833747
0.68718581
0.29126686
0.40525917
0.60596825
1.01942149
0.35478922
-1.14029612
0.37633212
-0.17590973
0.02262447
-0.55830691
0.17091250
0.13648019
0.08015573
-0.08659352
0.16914390
0.02310987
-0.46654867
-0.55947560
0.20858089
-0.17595658
0.30246639
-0.26978136
-0.22570197
0.14160303
0.20312371
0.18107721
-0.02245347
0.05055027
0.45046783
-0.29752891
0.25314673
-0.09830297
-0.07063910
-0.47892753
0.20334571
-0.53852882
0.82984057
-0.10574194
-0.37387512
0.08511837
-0.71244524
-0.28442430
-0.75932869
0.64453234
0.73178128
0.01936438
-0.17427835
0.21320792
0.09737905
0.58844557
0.20062308
-0.12879965
0.34242155
-0.14253183
0.69783474
0.36769941
-0.52755831
0.42799340
-0.75238551
0.04106465
0.10401898
-0.09162396
0.48729958
-0.35905027
-0.00645260
-0.40690074
-0.47078422
0.28234608
-0.04040150
-0.35486039
-0.02987866
0.21128795
0.73150710
0.29280440
-0.45354717
0.03605856
0.24611881
0.66170997
-0.37620575
-0.04417525
-0.51103339
0.70596378
0.41125303
0.53037386
-0.29702819
-0.27799031
-0.23307753
-0.14950100
0.04645908
0.05903228
-0.12221728
-0.67578184
-0.50722804
0.45139109
-0.25559171
-0.42940995
0.27168831
-0.34246404
0.09086737
-0.45509182
-0.39069442
-0.13912691
-0.14458679
-0.46164572
0.64695854
-0.02097580
0.30167202
-0.02536320
0.78201322
0.32993252
0.01119360
0.42680809
-0.84140481
-0.47572975
-0.03640977
0.10796405
0.01994645
0.46703916
0.18220735
-0.23850072
-0.19120802
0.30296147
0.86241851
-0.28324901
0.72901348
-0.49351919
-0.10310759
-0.15189696
-0.39759413
-0.20322271
-0.35229497
-0.31733781
-0.11498481
-0.22447948
-0.49385724
-0.03287789
0.05303810
0.88030265
-0.25512213
0.10372402
-0.04110662
0.49834486
-0.11129760
0.54156132
0.04849205
0.17982532
0.18261539
-0.33826119
1.03707944
-0.11876390
-1.19539607
-0.52189441
-0.07952350
-0.41937987
-0.06636525
0.20287779
-0.52916849
-0.39868272
-0.36097286
0.12680504
-0.17846048
-0.72100592
0.37498244
-0.45535397
-0.39769237
0.70571459
-0.33123656
0.22350140
-0.14933607
0.16654681
-0.08804307
-0.33761742
-0.37582398
-0.27045250
0.22121911
-0.12281264
-0.30938792
0.11713281
-0.26536570
0.15234042
-0.40066558
0.06361789
-0.13570191
-0.13922979
-0.09131187
-0.02563597
-0.22650982
0.14402494
-0.09522828
0.36807307
-0.19096758
0.44838534
0.34132316
-0.12893618
0.14371662
0.86430941
0.80910255
0.32356946
0.00137747
0.88068034
-0.35954545
0.26087027
0.09083963
0.35005340
-0.08570370
0.50515660
-1.08106460
-0.55025018
0.16927023
0.02824073
0.63419056
0.02469833
-0.52807238
-0.13884432
0.19352382
0.15473020
-0.56730712
0.04004154
-0.00591620
-0.14443947
0.39567306
-0.34188412
0.34627068
-0.06224796
0.22213653
-0.33702519
0.23080819
0.14756348
0.21760730
-0.42548958
-0.17856845
0.73916638
0.13957002
-0.67908531
0.06055107
-0.27411015
-0.09988441
-0.02212904
-0.22061357
0.13062503
-0.64016419
-0.78007504
0.69275380
-0.07621943
-0.23892629
-0.32766287
-0.14741624
-0.18181547
0.21756712
0.32593800
-0.52712430
-0.09827102
0.01916817
0.16902643
-0.06284612
0.04233952
0.10713769
-0.51581046
-0.38491998
0.17480167
-0.08359316
0.05291985
0.93139643
-0.73777620
-0.56423008
-0.37278870
0.11336710
0.90431189
-0.32911902
0.24852160
0.82343712
-0.61654663
0.11482825
0.07056232
-0.03897468
0.52829793
-0.49505691
-0.25834526
-0.33576141
-0.35640442
0.05709111
-0.52620117
-0.43106976
-0.87989896
0.03016761
-0.87779039
-0.18265823
0.14180814
0.72020132
0.03877778
0.35067081
-0.37096019
0.06116890
0.02019742
-0.14282330
0.56149585
-0.09049629
-0.69954844
0.14672781
-0.02816906
-0.45448283
-0.36134782
-0.73110929
0.47463707
0.56683677
-0.03213716
0.11704656
-0.86572097
-0.35109471
0.08634828
0.32467463
-0.32546240
-0.38850008
-0.19365772
-0.39663004
0.16733414
-0.19238873
0.54815643
-0.42875463
-0.09994927
-0.48003792
0.39832349
0.24570683
0.35997606
-0.41344280
0.86423876
0.67314399
0.16922829
0.18451481
0.73388897
-0.22553753
-0.22812666
0.13440899
0.40269567
0.13603366
0.20366788
0.30749004
-0.03992709
-0.15806677
0.13537039
0.18384965
0.17490723
0.07984470
-0.70760960
0.31166822
0.33560022
-0.47312075
0.38220960
0.38254692
-0.58033541
0.25172879
0.09984767
0.14474951
0.78491185
0.35253196
0.23972748
-0.38586007
-0.29567434
-0.80569627
0.40984636
-0.10427854
-0.02309910
0.52440982
0.49815908
-0.00277176
-0.22683342
-0.64518927
-0.45426552
1.18549601
-0.80259396
-0.59744909
0.18176133
-0.01777158
-0.43604599
0.07432440
0.62357429
-0.03509302
-0.12798669
-0.18858298
-0.27106480
1.32854282
0.18024629
0.38825505
-0.38854782
-0.75910184
0.16203291
-0.22120138
0.63744744
-0.58257335
-0.23305316
0.27672059
0.71791475
-1.00988351
0.31822631
-0.20348937
-0.34151880
-0.24348098
-0.86392333
0.32299941
-0.11326426
0.64776323
0.09817370
0.41418203
0.15111252
0.06821401
0.66868581
-0.69244333
0.82091500
-0.19801371
1.24523983
-0.11045251
0.34717518
-0.13850792
-0.17918823
-0.04989185
0.15655893
-0.50877111
-0.24660312
0.30080735
-0.26654770
-0.19263425
-0.36757774
-0.44749486
0.10811128
-0.28440623
-0.54300179
0.02471268
0.12030287
0.03328839
0.60348513
0.64149704
0.15876790
0.35791843
0.11812388
-0.45112471
-0.72335634
-0.34548190
0.41960818
0.13387568
-0.02138501
-0.04824427
0.53416118
0.31184752
-0.20007221
0.44053816
-0.30299873
0.19833676
-0.41742306
0.33239494
-0.19455280
0.33625500
-0.45763968
0.32949911
-0.74544313
-0.42192688
-0.49145914
-0.18325092
-0.50801408
0.15828550
0.01209197
-0.12847113
0.51202656
0.40832359
0.03426061
-0.48991310
-0.05429061
0.02873888
-0.07966977
-0.03020228
-0.48646369
-0.04758172
0.35275154
0.93424559
0.58815219
0.21443262
0.27439278
-0.35037292
-0.67775660
-0.23457863
-0.09934799
0.29019113
0.21218187
-0.24203123
-0.49143815
-0.24362421
0.32240582
0.62347816
-0.17849828
-1.21261250
0.62965324
0.12886471
-0.18801736
0.51512495
-0.02145610
-0.46256397
-0.49486060
0.37887650
0.16593309
-0.18660289
0.22887602
0.46091783
-0.55049216
-0.13878708
0.21857589
-0.57091805
0.14944866
-0.03491486
0.57679647
-0.38488413
0.59647832
0.34773844
0.06399476
0.24449045
-0.00215060
-0.39089060
-0.33790251
-0.50917328
-0.18377466
0.34355671
-0.45210068
0.05482000
0.11799666
-0.48052195
0.83055720
0.76981954
0.27902385
0.23734835
0.14488441
-0.37381503
-0.23095211
-0.23780001
0.11146213
-0.56819664
0.54071619
0.44937746
0.11279099
-1.25732945
0.08625845
-0.62976672
0.00460385
-0.07448359
0.11752425
0.21461499
0.19805739
0.41298620
0.36410450
0.37145905
-0.41246797
0.55269577
0.70353184
-0.10330641
-0.83326593
0.02801056
0.32460355
-0.30793769
0.27895012
0.20342383
0.33308700
0.23192361
0.27685349
0.16434808
0.13737820
0.68979170
0.57138269
0.40395369
0.14791907
-0.32076246
0.11698363
-0.73214436
0.78540818
-0.11373164
0.33082714
-0.16133332
-0.04585356
-0.32532136
0.39185694
0.02363628
-0.13140634
-0.19273402
-0.16582254
0.04449478
-0.44343801
-0.20665902
-0.01859576
0.59318156
-0.02020795
0.41941011
-0.44435970
-0.12030318
-0.54805570
-0.09691754
0.90702166
0.07247304
-0.08342176
0.27267624
-0.81994874
-0.30883990
-0.60057314
-0.38418822
0.24883312
0.21849611
-0.26715595
-0.32487664
-0.50551306
0.23002192
0.47575719
0.63290824
0.34318287
0.34543994
0.02592820
0.98029957
0.18228650
0.13899232
-0.03983231
0.72256326
0.11260433
0.11009032
0.22943320
0.10690760
-0.19003760
1.15241895
0.12659268
0.17408970
-0.16615437
-0.93235479
0.21332490
-0.64012425
0.46512522
0.00138111
0.03173074
-0.17994451
0.68806049
0.46768382
0.13822310
-0.37389572
0.57739368
-0.89425021
0.01063632
0.46402208
0.10063839
-0.14593224
0.30312168
0.15147904
-0.15033259
0.62845428
-0.12895776
-0.04945126
0.29016381
-0.11566082
-0.36824369
-0.18163022
1.46668221
0.01712693
-0.31409578
0.06967163
0.15928620
0.36575297
0.95031672
-0.06909469
0.23541962
-0.57251554
-0.20250177
-0.86270906
-0.19528578
-0.22760161
0.22931620
0.41864778
-0.22242410
-0.62917949
-0.54386630
0.09120784
-0.37281635
-0.25879964
-0.29643692
-0.08977397
-0.24073461
0.09843799
-1.03272137
-0.21059546
0.24234409
0.31285303
0.56925457
-0.40353840
-0.05378278
-0.08429729
-0.04858032
-0.17020495
-0.20889451
-0.78637943
-0.27717314
0.08997190
0.46454839
-0.29688923
-0.03928598
-0.37568225
0.17888052
-0.57962361
-0.31282238
-0.13138208
0.27291531
-0.18949972
-0.32277156
0.93378836
-0.31567424
-0.12059338
0.17323213
0.06919239
-0.42763026
0.80352347
0.22763212
0.66521803
-0.01147759
-0.51625216
0.04924127
-0.03827003
-0.58593051
0.28016377
0.63141576
-0.36155375
0.05717213
-0.05087363
-0.16261819
0.57956297
0.21597117
-0.75009584
-0.44893090
0.43742599
0.62047389
0.40383333
-0.42725530
-0.27168717
0.00317018
-0.18553912
-0.28279468
0.22768403
-0.37462880
-1.14352243
0.38537709
0.07917254
0.67215688
0.54694504
0.37801692
0.82818715
-0.33155768
0.59460622
0.01884245
0.34932024
0.07847707
0.54013016
-0.22163747
-0.44577516
-0.05715133
0.45869625
0.77840859
-0.26105771
0.67901858
0.07501840
-0.15275419
-0.25746090
-0.39660908
-1.13659641
0.07640295
-1.03329254
0.87449948
0.48764834
0.07975722
0.69441962
-0.64535362
-0.39746129
-0.37965938
-0.61176119
-0.89516100
-0.67670535
-0.14739785
-0.62589220
0.17493348
-1.28761587
-0.12870922
-0.14149610
-0.86094276
-0.38703604
-0.44374755
-0.13924994
0.20499373
1.08070087
-0.29996303
-0.44706601
-0.10217514
0.19133169
0.61211065
-0.86003505
0.26884428
-0.14268073
0.31172879
0.06985284
-0.10702801
0.39869752
-0.90189391
-0.11795570
-0.11098895
0.43898139
-0.12661482
0.47079379
-0.52029905
-0.16239651
-0.52456650
0.24022092
-0.61095582
-0.16982412
0.29555834
0.24252609
0.20183016
0.14701351
0.23345304
0.25059529
0.40382299
0.54716386
-0.19697450
0.39079877
-0.18599225
-0.21820097
0.63951868
-0.00928291
-0.04627149
0.31060632
0.12447284
-0.84790823
-0.55280834
0.12976062
-0.20381142
-0.77846648
-0.69945709
0.41313233
0.14246234
0.13205622
0.42430102
-0.01295816
0.12103308
-0.00321712
-0.52217709
-0.94655068
-0.51150752
0.09204751
0.60506457
-0.41009431
-0.48095932
-0.16954699
-0.23863070
-1.04724874
0.06075758
-0.71367952
0.13064608
0.12538130
0.16219799
0.79193669
0.18461562
0.07987997
0.09256211
-0.47978193
0.56752640
-0.39744686
-0.48060143
-0.17881537
-0.00723105
0.17766800
0.21664879
-0.21427387
-0.45614515
-0.54368256
0.26354203
-0.90791763
-0.55562328
0.05725524
-0.52187641
0.15082485
-0.86736970
-0.38268983
0.10057853
-0.07516264
0.24241244
-0.00761648
