-0.59523157
-0.89792946
0.22545475
0.59223845
0.08485895
-0.05173424
0.09514740
-0.47161141
0.83045910
-0.04208319
0.66901252
-0.37121435
0.32078707
-0.45085149
-0.70985751
-0.55918391
0.05500886
0.31208306
-0.40430456
0.30511849
0.15948055
-0.50553930
-0.10523747
-0.38066765
-0.02613862
0.00266564
0.46482400
0.81211339
-0.54732667
-0.05757888
0.76377142
0.21359596
-0.50658051
0.23680483
-0.49185169
0.16214926
0.34137971
0.16505346
-0.20324935
0.21212572
0.82966619
0.87620313
-0.80029898
0.24349716
0.54912870
0.42339942
0.45406988
-0.02763204
0.43209615
0.04752921
0.19792541
0.11838496
0.10094667
-0.67409730
0.34752676
0.04006565
-0.01425128
-0.33832968
0.19811355
-0.31859639
-0.55949805
-0.36882347
-0.41029897
0.11144721
0.16938861
0.14688691
0.27942426
-0.03575963
0.34842385
0.33506247
0.24540587
0.13786943
-0.48504264
0.51256218
0.20584977
0.11308410
-0.11683419
0.37121652
0.41231752
0.52552614
0.36938401
-0.32253618
0.26930475
-0.03731980
-0.12594735
0.30634804
-0.67339138
0.23987852
-0.31657561
0.37201551
-0.20929160
-0.00172160
0.51770237
-0.59907808
-0.80828730
0.48626548
0.63030754
-0.66328841
0.00831604
0.25662942
-0.00732438
0.04399027
0.15980879
0.08980450
-0.01634186
-0.26992783
-0.06329407
-0.72704002
-0.15768659
-0.01750309
0.97681297
0.63733841
0.11376725
0.20296010
0.79344521
-0.63714391
0.28972717
-0.08240459
-0.40387368
-0.38754135
0.12789904
-0.56750396
-0.56416592
0.33052367
-0.34728739
-0.72796776
0.46340087
0.83009085
0.45828520
-0.50335407
0.25502571
0.14356349
-0.68774070
0.11068965
0.89491504
0.29141698
0.25293681
-0.56897074
1.16619244
-0.40578388
-0.30610807
0.90417293
-0.24628645
0.58997319
-0.15087920
-0.11349632
-0.61054775
-0.08370801
0.81159610
1.17174669
0.04847187
0.00859338
-1.08169233
-0.50049617
-0.29352316
0.15481502
-0.06736420
-0.44552992
0.35581019
-0.51138902
-0.59213840
-0.13920098
0.06418471
0.37620328
0.25953928
0.77240799
-0.84340524
0.03666626
-0.43884400
-0.03131896
0.39457144
-0.02049771
0.19683376
-0.46527798
0.35077614
0.09275959
-0.41063428
0.79814809
0.58210391
0.07550336
-0.30328223
0.13262158
0.15362143
0.48627797
0.14594840
-0.14826375
-0.20600169
0.59050859
0.29762673
-0.39415113
0.31706171
-1.19296781
-0.34807436
-0.61774213
-0.35209838
-0.36044540
0.27854333
-0.34875031
0.15730120
-0.74445469
-0.71688962
0.03589891
-0.22884697
-0.12415620
0.05824525
0.19916986
0.29604225
-0.26277976
0.05603941
0.79086765
0.57288243
-0.12736387
0.68799111
0.99681018
0.03271220
-0.37131005
-0.67739556
0.66734672
-0.26255349
0.91729872
-0.63883439
0.34093180
-0.49308405
0.46257831
-0.37239503
-0.09980647
-0.51198334
0.27842264
0.94847513
0.44838499
-0.33103165
0.39466058
0.39790437
-0.43534298
0.05767198
-0.43418255
-0.23188970
-0.05073275
0.08235701
0.49625374
-0.21197721
-0.56940499
0.57557187
0.51300132
-0.35935475
0.14037424
0.35631486
0.91292572
-0.26842462
0.73277931
-0.04328459
0.35935267
-0.28372729
0.09904047
-0.11472606
-0.49925386
-0.05820011
0.00162075
0.05922582
-0.58742831
-0.11500176
-0.10177191
-0.08145961
0.65021018
-0.49813445
-0.07481521
-0.44447091
-1.07041080
0.03605637
-0.43559040
0.01060275
-0.33100410
-0.54151942
0.31163216
0.96006387
-0.55349838
0.96905496
0.50964316
0.37100899
-0.05020326
-0.59851296
0.42234007
-0.35173036
0.35861175
-0.16583099
0.08524594
-0.30337884
-0.01108893
0.32670970
0.33979085
0.22975809
-0.57589870
-0.04305789
-0.24179978
0.65091930
0.52955484
-0.07376900
-0.00750741
0.62603612
0.22044097
0.85592024
-0.13422204
0.09061636
-0.14631037
-0.08558708
0.67013210
0.07178278
-0.15436901
0.68593196
0.22713051
-0.00677171
0.17611796
0.30171052
-0.09319720
0.11711989
0.03446916
-0.06037522
-1.31355436
-0.75942235
-0.47224689
-0.19265200
-0.02225229
-0.38639371
0.01550173
-0.02774075
-0.18486684
-0.43803811
0.28646773
0.11281463
0.13590935
-0.30614043
-0.80758547
-0.64517490
-0.17933964
-0.52080873
0.31433900
0.38969923
-0.59009786
0.70010409
0.01399662
0.65493781
0.49117675
0.15403906
0.31363412
-0.46580275
0.13080844
-0.28606842
0.16153952
-0.41438475
0.46195836
-0.21896136
0.98482001
-0.15353810
-0.26696001
-0.09655176
-0.27091467
0.80431699
-0.29395160
0.14407235
-0.27866728
-0.77836314
-0.09833601
-0.16999274
0.43454403
0.21600049
-0.32222583
0.19443135
-0.10371746
0.36177036
-0.21954301
0.23869395
1.34344574
0.36314171
-0.44326028
0.74639178
-0.46402891
0.65956566
-0.27713331
-0.26963779
-0.22564452
0.47029516
0.11637161
-0.49543126
-1.03304185
-0.27102120
0.00591849
-0.53468954
0.72054596
-0.16512990
-0.25940945
-0.16507845
0.02484939
0.16475042
0.41822613
-0.44962636
0.04633688
0.42706957
0.54757643
-0.47082421
0.29621188
-0.32231532
-0.42118860
0.30452398
-0.08337461
0.17846906
0.17039747
0.34801493
-0.51961528
0.06536512
-0.58941823
0.05115237
0.57838596
-0.35297533
0.27157036
-0.26947600
-0.15018463
-0.07557420
0.37668505
-0.76463351
0.15813505
-0.33085136
0.15527499
-0.29872200
-0.34569670
-0.61590949
-0.25393467
0.46363986
-0.12244593
0.18023015
0.05288310
0.21808199
-0.10732689
-0.46857763
0.07010527
0.24137878
-0.09477521
0.09369206
0.37594580
-0.03770579
-0.05278836
0.10892380
-0.31813879
-0.18299155
-0.17373611
-1.12916038
0.40815702
-0.38714499
0.27522548
0.16083181
0.24216574
0.22014543
-0.28261466
-0.13303251
0.74354040
-0.42764151
-0.18867690
-0.73550607
0.44346001
0.14749065
-0.28113301
-0.00720755
-0.38849455
-0.47364247
-0.26140943
0.24391707
0.01609225
0.46061550
0.03228370
-0.48542290
0.10013549
0.01781818
0.26637294
-0.00834965
-0.31288135
0.33316808
0.29207598
-0.14478455
-0.28635104
-0.98299279
0.53473598
-0.07607107
0.04492503
0.57087995
0.42848201
0.07247432
0.15395286
-0.34254312
0.01514702
0.73379259
-0.65514837
0.31439501
-0.13700091
0.04737063
-0.59495271
-0.02167323
-0.07641213
0.42224355
-0.02565113
0.43278486
-0.44076362
-0.08770246
-0.13133246
0.54137777
-0.32958727
-0.27843190
-0.64754614
0.57324561
-0.06250280
0.54882433
0.00615508
0.52560343
-0.23737689
-0.20199440
0.45750446
0.04092490
-0.65729971
-0.22404573
0.58625638
-0.42938122
-0.20021007
-0.21238515
-0.17461095
-0.66970560
0.00952537
0.09225897
-0.83702250
0.33395146
0.13325223
-0.01398707
0.10503171
-0.36466881
0.20220138
0.00915862
-0.37285442
0.30620874
0.06156882
-0.52939568
-0.17352209
-0.75046774
-0.11498903
-0.04922344
0.51173366
0.48096232
-0.44272979
-0.02902235
-0.11641667
0.05524762
0.13447134
0.12953957
0.05369359
-0.06068861
0.14062149
0.55008218
0.91778249
0.76467026
-0.21091446
0.40186369
-0.51607724
-0.36766445
-0.44360037
-0.33016426
-0.28579394
-0.43788155
0.10877039
-0.03409375
-0.32098390
0.11267797
0.34681754
0.46805482
0.35971942
-0.46648783
0.08842140
0.22521171
-0.44176280
0.04400328
0.59288377
0.19360750
-0.76184421
0.91789255
-0.51269680
-0.29726072
0.56792743
0.01448069
-0.40401208
-0.56459548
-0.25203023
0.31257427
0.29481938
0.71775960
0.16055070
0.58376655
-0.33763022
0.66033507
-0.05805398
-0.30546638
-0.61892632
-0.42302856
-0.11491708
0.02845741
-0.01993312
0.10657051
0.56669738
0.58359988
-0.73359464
-0.74279382
-0.40618404
-0.12101197
-0.44762608
-0.10472500
0.46064236
0.07033288
-0.02004168
-0.41389159
-0.23941331
0.08712718
0.08505559
-0.43961606
0.11818996
0.22032084
-0.43848621
-0.02117157
-0.30395953
0.37428325
0.57496504
-0.22611333
0.20380334
0.18078998
0.85475521
-0.30206195
0.17471448
0.51378624
-0.69032200
0.18051837
-0.48883280
-0.12348659
-0.57511445
-0.52685041
-0.01470645
0.30123809
0.04444165
-0.11271315
0.38072204
-0.43849473
-0.25095744
0.83406797
-0.11335745
0.00024410
-0.64034122
0.47203353
0.25572387
-0.00602592
0.36500133
-0.75738636
-0.28914594
0.34348956
-0.22259778
-1.05833647
-0.33096013
-0.20738600
0.52750849
-0.16955547
-0.37350097
-0.43088468
0.47324128
-0.21784864
-0.29727119
-0.50792069
-0.23072054
-0.33207497
-0.27159743
-0.00369554
0.24624389
-0.53819437
0.03558390
0.52756930
-0.31596196
0.12698477
0.86942677
0.03438714
-0.21664216
0.34010704
0.15269221
1.06639640
0.66312000
0.08398937
0.52704477
-0.67481056
-0.85906442
-0.22666725
-0.08790748
-0.23549962
0.36355080
-0.24337368
-1.04817634
0.54960201
-0.01807132
0.62851701
0.45141285
0.04205472
-0.54548866
-0.11107772
0.15721785
0.44961291
0.09696034
0.48141750
-0.01902381
-0.87175975
0.49020946
0.02734112
0.39367881
0.27376230
0.27038056
-0.41732792
-0.06850148
0.66850980
-0.00068146
0.05984265
0.66463123
0.68801272
0.29681904
0.72583282
0.00816654
0.16039181
0.37345578
0.27114382
0.28591574
0.45338308
-0.46823144
0.71114079
0.33772788
-0.14460854
-0.48439628
0.20870463
-0.86836403
-1.18261311
0.20097298
0.06796698
0.08458416
-0.16502944
0.52172534
0.24936823
-0.46560716
-0.19930750
0.32786840
0.77789616
-0.79259941
-0.27825664
-0.06263257
0.00756256
-0.41375875
1.15797825
0.69230318
-0.03326367
-0.41295166
0.28969234
-0.04480792
0.10191927
-0.42060289
0.44816688
-0.24535502
-0.34026517
-0.09231741
0.17363422
0.80399929
0.02019137
-0.15932631
0.18892004
-0.65349178
-0.00985887
-0.16277597
0.44852793
0.29587121
0.08938509
0.32249885
-0.39538278
0.44503982
0.92174268
0.49226916
-0.09122706
0.10704634
-0.01579054
0.51403292
-0.15821880
-0.08822584
-0.56626340
-0.28429937
0.02423162
-0.49309892
0.86875875
0.37273440
-0.12893269
0.21114840
0.30279688
-0.54436634
0.38980396
0.43480889
0.14431408
-0.06674980
0.01477086
-0.19897541
0.52191763
0.59895925
-0.57721325
-0.34815911
0.40586815
-0.77266446
-0.51025652
-0.43531536
0.39457523
0.43682462
0.10396772
-0.07868177
0.08708968
0.29891751
-0.01129428
-0.53345785
-0.43573182
-0.35033612
0.65321965
-0.02457799
-0.04947036
-0.02699961
0.32892331
0.14477209
0.13797378
0.52030173
-0.00625525
0.11601623
-0.05120218
-0.19192321
-0.14586962
-0.11870307
0.38026211
0.02196739
0.11106970
-0.22645258
0.34837282
0.68811726
-0.19608663
0.12668227
-0.28447339
-0.20224476
0.11293375
0.74099053
-0.30871816
0.03587974
-0.04451680
0.17443663
-0.19497804
-0.27436539
0.21832683
-0.03343555
0.70158205
-0.57295809
0.49990919
0.13910001
0.26035309
0.19340265
0.51217170
0.52704849
0.58293417
-0.45945533
-0.02263696
-0.01525329
-0.07489538
0.34879538
0.23549842
0.60150386
-0.27008462
-0.37864958
-0.09027634
-0.08864238
-0.65157482
-0.38965421
-0.65893253
-1.09670180
-0.06069620
-0.58633232
-1.02740581
-1.36526160
-1.40225135
-1.14432176
-0.82292697
-1.52097951
-1.25946377
-1.21050658
-1.53308153
-0.87177864
-1.38994538
-0.98798662
-0.70688515
0.01366722
0.13160222
1.04983460
-0.17472820
0.42047782
0.58549195
0.40295290
1.01987580
1.12176767
1.45644237
1.56750870
0.95765975
1.55540531
1.78855894
1.40255969
1.74113095
2.41238847
1.15417460
1.56055546
1.54196695
1.38843298
1.52796741
0.06226736
-0.41544239
0.65098923
1.14309772
0.87174812
0.30223346
-1.27253115
0.00956277
-0.84324326
-1.13708673
-0.33100781
-0.82257345
-1.55216887
-0.56860539
-0.92261640
-0.35246511
-0.11713453
-1.16122950
-1.67802810
-1.17549893
-0.34124463
-1.04560881
0.10290040
-1.70740479
-0.58466938
0.19452678
-1.03395811
-0.09895865
-0.21153238
-0.17130489
-0.02281882
-0.19252577
-0.71737345
-0.24455532
-0.55961310
0.02706375
0.45782895
0.66978088
0.59077448
-0.47517362
0.27084761
0.40432807
1.06949868
-0.33790855
-0.02282025
-0.93464185
-0.21537299
-0.16991647
0.69251431
0.41407854
0.37619299
0.35084480
-0.02851446
-0.25697896
0.47813019
0.60542226
-0.28211362
0.30792816
0.16276980
0.05360811
0.83173515
-0.07251745
0.27180928
0.84200773
-0.19953469
-0.22246549
-0.58081413
-0.48949678
0.37373328
-0.56834581
-0.06668197
-0.69435877
0.00629559
0.18851204
0.56609893
0.24955927
-0.23010263
-0.17917068
0.48548475
0.04481249
-0.46393173
-0.04865780
-0.32736353
0.65192180
-0.00111272
0.25581377
0.38158695
-0.01008033
0.40314122
0.23331240
0.21009718
-0.39858278
-0.50523593
-0.28746444
-0.41933118
0.17167303
-0.50994599
0.11470844
0.58836811
0.21700537
-0.14386768
0.11378399
0.13792185
0.55261061
-0.23745377
0.34391089
0.14421654
0.67745774
-0.19396668
0.45125681
0.13704849
0.28768158
0.16178179
0.56808391
0.17388413
-0.00594259
-0.29531808
-0.55005740
0.02469862
-0.25385930
0.18143506
0.26682410
-0.56139671
0.03888516
-0.23639330
0.38140366
-0.26403858
-0.21787118
-0.26371191
-0.04917218
0.17661918
-0.14181473
0.65883021
-0.44161026
-0.01296566
0.44175941
0.40254772
-0.39305173
-0.89670594
0.16076821
-0.24407247
-0.79543188
-0.25793721
-0.64577497
0.02572843
0.28735585
-0.22646786
0.08712915
0.30828814
0.23737357
0.01211453
0.68147075
0.31560203
-0.26385235
-0.81657952
0.43405189
-0.91426176
-0.30114040
-0.16305911
-0.25979596
0.43552876
0.66832824
-0.44093156
-0.50784568
-0.01691428
-0.16861616
0.03160787
-0.09348328
-0.47966766
-0.45712370
-0.21049535
0.14508779
-0.12761787
-0.68584036
-0.45461331
-0.72701516
-0.22806437
0.54054553
-0.03168802
-0.26197202
-0.62187685
0.84100870
-0.96667367
0.01660617
-0.09645055
0.26386700
-0.43284836
0.39961963
-0.57922982
-0.22432909
0.02665728
0.35354098
-0.12753705
0.21655264
0.33763169
-0.19344834
0.35548092
-0.25047320
-0.85001957
-0.02632439
-0.21745683
-0.42755512
0.36123455
0.35792042
-0.07939556
0.00648953
-0.36444474
-0.43912842
0.34419163
-0.43824210
-0.22419466
0.41520591
0.03639984
-0.21731172
-0.87204184
-0.16170375
0.23499451
-0.08355864
0.04568685
-0.23048996
0.50100082
-0.48294137
0.30535102
0.72648670
0.29539936
-0.09511753
0.86353413
-0.17107997
0.00799446
0.16745637
0.25938241
0.37945146
-0.41583378
0.52908006
-0.29579117
0.38298939
-0.15393128
0.24017287
-0.85163541
0.57213835
-0.57790294
0.04881273
-0.04497303
-0.06889570
-0.44071821
-0.26676575
-0.22269371
0.05230740
0.50093540
-0.53162070
-0.16478365
-0.04026630
0.24818578
0.48966839
0.19859428
0.30551950
-0.43561388
-0.07902442
0.52446390
0.39016718
-0.30337113
0.17705002
-0.20148399
0.29890461
-0.42863608
0.10484064
-0.17447113
-0.49100287
0.32980878
-1.11360337
0.26185860
0.67389672
0.73296654
0.23684706
0.12579611
0.60135020
-0.09028114
-0.22983873
-0.36091246
0.25455148
-0.29195338
-0.14697254
-0.25289001
0.43983026
-0.02247956
0.56281259
-0.03292385
-0.76911729
0.23054251
0.20945763
-0.16077807
0.03269032
0.07162493
-0.35466601
0.64836194
0.44671802
-0.40897435
-0.44499172
0.05318094
-0.48961395
0.12234974
-0.23666289
-0.52772146
-0.56591247
-0.59457137
-0.37666278
0.05248642
-0.87048161
0.31314128
-0.25477380
-0.61514048
-0.25819285
-0.31741302
0.87554259
-0.78112408
-0.18363407
0.75283867
0.15875158
-0.26925478
0.77740440
0.71177273
0.60809111
0.02572487
-0.20209750
-0.62884295
0.61609309
-0.20064482
0.91523416
-0.39736959
0.02300912
0.35443988
-0.23077058
-0.01650807
-0.09411198
-0.86517270
-0.39191962
0.01063100
0.43669573
-0.78047993
0.22432961
-0.63891248
-0.21037600
-0.77687430
0.57461198
0.01020158
0.24741202
0.02939548
-0.04809725
-0.09062546
-0.17534444
0.56913379
-0.32666358
0.49047610
-0.19430067
0.26300282
-0.17970051
-0.45727249
-0.51693805
0.07642481
-0.48659059
-0.32416458
-0.16170224
-0.39259785
0.10586652
-0.01000173
0.50557774
0.11972569
0.42679447
0.09467423
-0.13537779
-0.01574867
0.24609165
0.41919887
-0.19410854
-0.47567183
-0.24801417
0.04547901
0.23180626
-0.38721679
-0.61127670
0.19078565
0.12075631
1.05026769
-0.40185633
0.18219056
0.16798405
-0.41453751
0.52834286
0.25368516
-0.62539384
-0.21088804
0.29763032
-0.05072603
-0.00651165
0.27235565
-0.02184279
-0.25829455
0.01473715
-0.11748860
-0.13382113
-0.10796046
-0.71603526
-0.21100384
-0.05100671
-0.13321527
0.04561682
-0.43306583
-0.55907996
0.24606919
-0.08704240
0.49454089
0.25819107
-0.29372187
-0.00741524
-0.59637669
-0.03378205
0.06956963
0.37309626
0.20706333
-0.03778340
0.48728265
-0.65434856
-0.08526653
-0.03032888
-0.02888339
-0.34756671
-0.37071021
0.14468079
-0.06707845
-0.05371746
0.15928135
0.89612878
-0.62926924
0.52088524
0.25987903
0.07348888
-0.47834424
-1.04066645
0.24564738
0.55850160
-0.56208843
0.21884767
-0.17438229
-0.07052513
-0.34521034
-0.07151377
-0.71702659
-0.43604232
-0.00233150
-0.30521204
0.95926259
-0.43849291
0.22243841
0.48090860
-0.62991869
0.13470869
-0.11878143
-0.74810519
0.34499905
-0.47423865
0.08362667
1.09268802
-0.46634135
-0.65082549
0.68311387
0.44831394
0.78581202
0.47778430
0.00300502
-0.03110574
0.13099924
0.38624615
-0.50785842
0.29997832
0.10930152
-0.89183536
0.04241691
-0.13281722
-0.28589057
0.19573426
-0.47308167
-0.22856035
-0.10796368
0.27622439
-0.69401196
0.29528873
-0.16964510
0.35568717
-0.32817057
1.09043518
0.37322308
-0.43248974
0.01875848
-0.09486913
-0.13061693
0.82926764
0.07655568
-0.08485326
0.40398954
-0.12236229
0.05098852
-0.64204544
-0.27253103
-0.80373344
0.15021427
-0.27891705
0.32645638
-0.41854379
0.20823738
0.21192251
0.61125113
-0.52765987
-0.14704087
0.35937011
-0.35631019
0.21591203
0.74398120
0.61012247
0.52197068
-0.17750264
-0.06623606
-0.19207272
0.15397297
0.83285873
-0.42023706
0.03798995
-0.49926692
-1.15546605
-0.57662686
0.24482640
0.08760720
0.07288963
0.61255151
0.58441452
0.16576526
0.22198239
-0.37092178
-0.44928527
0.19836140
-0.54723427
-0.20644837
0.59113576
-0.02068029
0.32206463
-0.02494002
-0.37697395
0.15530698
-0.25161657
0.21562267
0.21216479
-0.06042413
-0.23401768
-0.26649047
-0.27359610
0.05153886
0.43960565
0.35589859
-0.58353175
0.11621275
-0.01482647
-0.35978224
0.48350602
-0.35917443
0.83764059
0.58657280
0.49243697
-0.17089180
-0.61109607
0.01482420
-0.56883628
-0.73845820
-0.14209808
0.31368049
0.64751561
-0.11022452
-0.49049781
0.23326996
-0.41281320
0.01610495
-0.73811344
-0.34299480
0.62888980
0.67581557
-0.42961606
-0.29855415
1.17418602
0.06185890
0.72118727
-0.32344543
-0.26424854
0.60978521
1.09426285
0.29725860
0.60965941
-0.55121170
-0.35515775
-0.27513289
-0.20074290
0.30864600
-0.02389317
-0.05290809
-0.23487655
-0.01896595
-0.10298948
-0.07380415
-0.55704816
-0.21533130
-0.50909612
-0.27718143
-0.30087572
0.17713082
-0.49092541
-0.39920817
0.44844006
-0.57485469
0.10528233
0.01582553
-0.32417566
-0.03518898
-0.15888506
0.06777967
0.12649502
0.12161153
0.37519354
0.44753337
-0.00958556
-0.50673669
-0.44840373
-0.77752848
-0.46870797
-0.08115640
-0.19269776
-0.14545678
-0.54774718
-0.19557296
0.20879444
-0.07231480
0.14263585
-0.02725790
0.13806694
0.60636312
0.43557547
-0.07548445
-0.15806008
0.12606484
-0.46481653
0.25301185
0.61268780
-0.02384831
0.09271657
0.64997085
-0.46810005
-0.19708504
0.31219614
0.50156194
-0.72564571
0.33295269
-0.01496557
-0.07966028
-0.35515505
0.27829562
0.29776537
-0.19294387
0.40104940
0.44167763
-0.65343770
0.15416366
-0.37208853
-0.17144191
-0.18091068
0.02841162
0.27781559
0.33059596
-0.12105524
-0.17208055
-0.42931501
-0.37048043
0.12952226
-0.08628568
-0.17561040
0.02799394
-0.06557551
-0.34348261
-0.34105790
-0.49430053
0.31730443
-0.15489958
0.16521058
0.14067570
-0.21911084
0.21912651
-1.34526423
0.31215769
-0.51144290
-0.01763883
-0.58285758
0.36242872
-0.00559453
0.45432155
-0.48266395
-0.22447652
0.54291653
-0.64563141
-0.59680107
0.34088593
-0.01147721
0.01083539
-0.30609538
0.14088446
0.06168453
-0.35574078
0.02630424
0.40707727
-0.21315926
0.12645203
0.41060711
0.66368092
0.30826997
-0.22455143
-0.39013546
0.08391650
0.45948477
0.21808990
-0.22004217
-0.35951553
0.50339380
0.07151869
-0.42343581
0.77629153
0.12771323
-0.36452044
0.67635186
-0.16111110
0.60305717
-0.27273584
0.20263213
0.26057259
-0.41065087
0.50420674
0.42904451
-0.09225695
-0.18647670
-0.19417782
-0.06080047
-0.72803265
-0.50572557
0.19607488
-0.02206320
0.10436265
0.29649317
0.19102187
-0.45915440
0.00804619
-0.26342369
-0.19417602
-0.84304095
0.02695411
0.64852139
0.65078018
0.21438782
0.33922392
0.25066981
-0.43578665
0.10365903
0.49668479
0.45855150
0.38557221
0.41960729
-0.05444292
0.32400097
0.37102655
-0.06849747
0.53821564
-0.02544612
0.04714459
0.07801462
-0.32614300
-0.00023615
0.33872130
-0.72649917
0.00280994
-0.23726679
0.80766667
-0.54493335
0.11032354
-0.81235282
0.16954515
0.18766704
-0.43107781
-0.44541655
-0.02988149
-0.71272610
0.38499060
-0.60778177
-0.32180621
-0.21397450
0.70598135
-0.84101927
-0.58639352
0.40307735
0.75670611
-0.80995781
0.27998016
-0.78122706
-0.37013675
-0.60615610
0.04839425
-0.24301717
-0.25665557
-0.04114250
-0.40694751
-0.61915241
0.55757712
0.52328286
0.36246304
0.21418877
0.26266402
0.20370654
-0.11847705
0.05704102
-0.01943255
0.85492422
0.35791986
-1.06387261
-0.31375583
0.00983102
-0.08788048
-0.09936664
0.48993924
0.27787657
-0.24137260
0.27270895
0.62593399
0.44621276
-0.24449188
-0.01363911
0.21887444
0.39956600
0.85863702
-0.41491895
-0.90083644
-0.22453987
0.52489300
0.00325056
0.17209435
-0.25283773
-0.36713782
0.48957852
0.06522250
-0.36622432
-0.64775556
-0.04689787
-0.21801684
-0.18682056
0.20399254
1.08297490
-0.23486459
-0.77563407
0.08042846
-0.50636373
0.63553162
-0.26291378
0.69888066
0.34998794
-0.27409023
-0.39369925
0.17745426
-0.04208035
-0.90068912
0.02634885
-0.47648525
-0.41385496
0.73152398
-0.12376094
0.48247944
-0.04143112
0.12333588
-0.05903414
0.11688216
-0.22050299
0.34094765
0.40979569
0.14212914
0.20266841
-0.15283931
-0.62967754
-0.06947474
-0.15526230
0.28490866
0.26027120
0.38012617
0.56138756
-0.23212882
0.49771594
0.15792141
-0.17953587
0.11618927
0.24292755
0.08136364
0.19929593
0.08497768
0.00604878
-0.17142947
-0.13970600
0.24007894
-0.05745318
0.46410247
-0.02962827
0.05137232
0.29416944
-0.23736169
-0.50188438
-0.73901830
0.36813835
-0.52247005
-0.20371370
-0.24826821
0.07714292
-0.03412722
-0.68425198
0.18188138
-0.14026107
-0.19526827
0.13987922
-0.47839189
0.23628027
-0.05802861
-0.84638919
0.26219464
0.35859454
0.05753753
0.09472881
-0.13412220
0.34685127
-0.00294571
-0.22368803
0.35460506
-0.02972286
0.46504777
-0.20632840
0.93527649
-0.08812653
0.47934352
0.03637837
0.14657958
0.72446672
-0.36240815
0.23308799
-0.03004664
-0.43229925
0.09118773
-0.03185908
0.02422935
0.09712461
0.82052760
0.38713322
0.12808090
0.34405354
-0.56775597
0.68609604
0.24916502
0.05080703
0.20392652
-0.66912734
0.78681166
-0.24536831
-0.08418210
0.41117519
-0.00743601
-0.16408841
-0.78385897
-0.18574167
0.01018692
-0.64391098
-0.16149349
-0.62585999
-0.26101131
-0.06671476
0.04101724
-0.20934680
0.02343401
-0.26398666
0.35948228
0.40529072
-0.37313350
0.42721065
0.54271293
0.16550519
-0.44704610
0.24863709
-0.43673870
0.04279704
0.46500897
0.37017579
0.54919473
0.41142766
-0.49101524
0.07320209
-0.58474499
0.23005269
-0.36086199
-0.02680513
0.33738102
-0.21602089
-0.48279269
-0.32549564
0.60197193
-0.12508280
0.55839630
0.73221276
-0.29494917
-0.23481731
-0.05137705
-0.24079692
0.15633429
0.24299442
0.54295468
0.33454634
-0.17954878
-0.03752483
-0.93023296
-0.00610604
0.40754381
-0.21884070
0.03363698
0.08488512
-0.06944025
0.47225731
-0.56643367
0.20232508
-0.64156691
0.11645020
-0.30561433
0.02986219
0.10466867
-0.04269828
-0.04203609
-0.41324420
0.34771248
-0.21263674
0.29945978
-0.27559583
-0.69653004
0.55896190
-0.48025682
0.11190590
0.28089400
-1.00833723
-0.07761069
0.47228345
0.33775303
0.07611692
0.07350413
0.09717533
0.16449372
0.23070487
0.25005797
0.40911149
-0.29193289
-0.16198358
0.06590377
0.02700421
0.60350278
0.16574125
0.13220875
0.83638725
0.10856126
0.19029378
-0.02501336
-0.04197646
-0.44972348
0.70271812
0.32466437
-0.15999627
-0.09144044
-0.50490645
0.54596917
0.41041574
-0.10556880
-0.45100944
-0.11179575
0.43402229
0.06793618
0.45420651
-0.29000886
-0.08511649
-0.63110245
0.44803036
