-0.95512669
0.81251383
-0.27524372
0.68025483
-0.48355561
-1.14475538
-0.02967340
0.04771689
-0.03095736
-0.00491719
0.37335760
-0.84722453
-0.20911009
-0.18870919
-0.24527761
-0.22419044
0.00636087
0.29792780
-0.22423680
-0.48672396
0.52751819
0.00280741
-0.42367186
-0.00363254
-0.21524756
0.25154641
-0.34670600
1.80485740
-0.55423593
-0.92791009
0.03364863
-0.66413447
-0.54160162
-0.53539825
0.33943453
-0.57021294
0.08657780
0.18762225
-0.59444621
-0.18126766
-0.64942287
0.58678779
0.02766220
-0.57479291
0.06145108
-0.66996169
0.80466657
-0.70037257
0.02506941
-0.77525685
0.30335758
-1.28057902
0.04060016
-1.06921637
0.32341743
-0.10183212
-0.22682774
0.31800111
0.11792554
0.35234592
0.73831380
-0.65967617
-0.14870037
-0.61100426
-0.42782409
0.49449270
-0.00399138
0.43457168
0.57794607
0.32513909
-0.51770934
0.16815262
0.40263709
-0.08513631
0.72438080
0.06237821
0.35565278
-0.67891452
0.11270589
0.81890848
0.04594848
0.22651767
0.73864685
1.23953857
0.76539395
0.19696233
-0.54960969
-1.19014005
-0.10357026
0.13838157
-0.52287480
0.37048593
0.23633428
0.32850862
-0.19175476
-1.52590505
-0.35457762
-0.17523437
-0.66562346
0.35217813
1.08957400
0.15937324
-0.03802858
0.32583705
0.38556149
0.25319378
0.10004308
-0.27210469
0.23420433
0.36460024
0.14763226
-0.06259607
-0.48762578
0.11680524
0.66652428
-0.28835237
-0.58286606
-0.17065179
-0.58278991
0.11504701
-0.12661555
-0.13527099
-0.38115602
-0.19898236
-0.16416166
0.18458881
0.26741566
0.41044368
-0.01302619
-0.16387344
0.04292982
0.67582029
0.22825626
-0.62429632
-0.47823080
-0.02976992
1.03640014
-0.23227533
0.73702582
0.68388969
0.09153089
0.09392853
-0.06672193
-0.40367852
0.08272665
0.22209783
-1.65847023
-0.35082709
-0.75637087
0.83710266
0.69353924
0.08531247
-0.79309688
0.29518310
0.85150868
-0.93670065
-0.52238110
0.36665139
0.94191903
-0.66300349
-0.46615166
-1.13272888
-0.53061625
0.12932436
0.34529241
0.85500475
0.78653128
-0.48009273
-0.54751686
0.03106604
1.00722855
-1.33542060
-0.62247607
0.61742051
0.21115441
0.85547116
1.12595926
-1.61671727
0.20732677
0.08813870
0.93301600
0.00409914
0.01618060
0.01779216
1.07875918
-0.77836945
0.50437410
0.04926048
1.32228491
-0.53842443
0.02181820
0.28742093
0.84872579
0.04397457
0.29972466
-0.25714419
-0.92140772
-0.12225246
-0.46461139
-0.55108156
0.13342911
-0.30319610
-0.55695394
-0.75668238
0.66513033
-0.24070564
0.84382551
-0.77296175
0.11596447
-0.94196481
-0.60488403
-0.21060609
-0.59170723
0.27761234
-0.36278149
-0.01012855
0.28769726
-0.38425646
0.29137117
-0.24428908
0.34527613
-0.83464161
-0.37476105
0.45765513
0.04532209
-0.64558842
-0.17020285
-0.77847605
-0.68905140
0.14417709
0.20386217
0.26649149
1.58437203
-0.84050123
0.01817889
1.22413137
-0.12600694
1.44975379
0.76966788
-0.18531203
-0.30664821
0.19216140
-0.07854164
0.06990725
-0.42174275
-0.93643549
-0.25629881
-0.17750711
0.10305848
-0.37006968
0.07341812
-0.05765684
1.06612122
0.03965124
0.54457950
0.11732007
-1.00072655
-0.55798591
0.91078574
-0.51996707
1.22195037
-0.31576788
0.21348616
0.80012273
-0.90543334
-0.02096424
-0.28963758
-0.64508764
-0.63976157
-0.26256008
-0.16632386
0.12803900
0.95946845
0.77010591
-0.32240449
0.69925288
0.14483882
0.94801537
0.33974650
0.21222400
0.70356574
-0.05510827
0.78000613
-0.22463064
-1.30812093
-0.33496260
-0.18097756
0.06165539
0.28704985
-0.01270023
0.03465098
0.54421779
-0.16104702
0.12422186
0.18987074
-0.53606051
-0.09106554
-0.26389863
0.51516859
-0.17905535
-0.34228939
0.38747875
0.46399574
-0.21156755
0.24060291
1.36136288
0.02997956
0.00276996
-1.15239997
0.25462900
-0.16248320
-0.67548967
-0.65143646
1.36334453
1.21932800
-0.05647955
-0.00876040
-0.56375612
-0.69932344
0.63739414
-0.58591755
-0.52392598
-0.10185449
0.33675774
-1.37879068
1.19001481
-0.41438916
-0.43814710
0.75793928
0.22976229
-0.41256782
0.15706001
0.45543989
-0.32112856
0.19036609
0.38237605
0.36265458
-0.34892462
-0.15002744
0.09016423
0.08533579
0.18046658
-0.67421548
0.35183563
0.86741725
0.09839016
0.11652144
1.04590525
0.51769002
0.20397249
-0.50391100
0.29753559
0.42600930
0.64232111
0.06765590
0.27836359
-0.18733900
-0.62065900
0.61266418
0.32681520
-0.16464204
-0.14892767
0.09826761
0.27454275
0.31065285
0.01516003
-0.52503735
0.62738974
-0.31907031
0.41795116
-1.11389570
-0.45007539
-0.89515148
0.14031587
-0.51298585
-0.15331147
0.74583661
0.35122191
0.02912559
0.65425566
-0.40311775
0.03814628
1.53266319
0.30881758
0.06352805
0.95925631
0.04781462
-0.69176996
-0.08103239
-0.03302680
0.10312009
0.42143444
0.23245107
-0.94232418
0.38342820
-1.36830743
0.50597855
-0.74467529
0.33053301
-0.13309045
-0.76691841
-0.99338773
-1.00923116
-0.22808059
0.26708287
0.10354117
0.98753845
-0.32954432
-0.18616480
-0.04384962
0.17339713
0.28994395
-0.73456054
0.52185235
-0.50203862
-0.10977301
0.16767044
0.69708934
-0.19708146
0.06529353
0.51653537
-0.27370419
-0.48836638
0.78374271
-0.43877650
-0.07375586
0.47431242
-0.03780697
-0.46213245
-0.01375223
0.17871678
-0.54140666
0.10132637
-0.29521285
0.43734538
-1.16199200
-0.14696189
-0.27815995
-0.12835178
-0.00774569
0.28937022
0.20268162
-0.88011836
0.13544748
0.23335133
-0.43180410
0.43629065
0.30020718
0.57877439
0.10382259
0.39941188
0.28567481
-0.21300442
-0.47096424
0.51488830
0.06309574
0.47020464
-0.37994055
0.64955855
-0.16338075
0.02966447
0.35682236
0.20565777
0.12200271
0.51683271
0.34767899
-0.97102327
-0.20759862
0.84930512
0.75241552
-0.55630334
-0.31267439
0.45323239
1.28100033
0.10632519
-0.47677942
0.46089526
-0.13301131
-0.32168668
0.18414356
0.44940171
-0.23831552
0.34408837
-0.34620127
-0.25397348
0.15673793
-0.05912522
0.43687186
-0.62080937
0.82397957
-0.88523510
-0.13527918
0.19989193
-0.40584074
0.53698511
0.87294010
-0.36928988
-0.10237755
0.62085939
0.55568713
0.36732375
-0.36570245
-0.22330639
-0.48280286
-0.22710258
1.58595566
0.35803281
-0.07073688
-0.36684824
-0.25072456
-0.56060344
0.04882189
0.17172817
0.33619541
0.45024554
-0.64430951
0.08859612
0.34206263
-0.64338410
0.08247031
0.84046378
-0.67397636
0.40208279
0.73635659
0.15997382
-0.40036321
-0.02260214
0.50821243
-0.26732521
0.13389575
-0.54722769
0.49829514
-0.51369628
-0.06299126
-0.16763894
-0.60655067
0.19947988
0.19007429
-0.01460415
-0.21971795
0.33877712
0.44265690
0.16666146
-0.48383683
-0.80516345
-0.25346982
-0.74818103
0.10973568
0.39202150
0.05314980
-0.58278677
0.30032190
-0.51039766
0.91956104
0.25440015
0.20961742
-0.81201225
-1.18429612
0.32285110
0.12673822
-0.09205342
-0.23723674
0.71819843
-0.57935005
-0.80244683
-0.68162232
-0.59043360
0.78180726
0.61242063
-0.92316485
-0.34532049
-0.41063599
0.56175229
-0.13052207
0.05504706
-0.26361726
0.29996499
0.37831896
-1.23382052
-0.91132031
-0.36607824
0.19216305
-0.38600701
0.42649082
0.40985529
1.20308599
0.06464333
0.67892051
0.64607516
0.02938894
0.21403596
0.19437096
0.08590541
0.04637729
1.08052268
-0.18811064
-0.56996685
-0.50997610
0.38597499
-0.15143234
0.22994931
1.18403386
0.06478587
-0.34437870
0.21843890
0.00691717
0.17060781
0.61132014
-0.92151619
-1.44172835
-0.40482393
0.25968662
-0.95628135
-0.87357025
-0.46961251
0.41954352
-0.36601605
-1.63184978
-1.23662843
-1.08168963
-1.58708820
-1.24026943
-1.88701325
-0.55016532
-0.77106713
-1.88347023
0.68822464
-1.80985718
-0.90355597
-0.75059576
-0.40236176
0.12329346
0.23616252
-0.75790045
-0.25971815
0.39461223
1.92026740
0.96787769
2.04198764
1.67631269
1.67992813
1.50504630
1.51692920
1.95102594
2.19272733
0.87048135
1.86754067
1.80652297
0.49143568
0.76863130
0.67115524
0.30955065
0.61705205
1.00442376
0.77403172
-0.26146999
-0.22440852
-0.34178451
-0.56488952
0.04000052
-0.56208893
-0.41398675
-1.72565964
-1.07599208
-0.67154267
-0.33172460
0.04610389
-0.49532945
-0.27096409
-0.49923593
-0.59628359
-0.52278702
-0.05940536
-0.90896529
-0.70814297
-0.63989251
-0.43319649
0.11837526
-0.33735830
-0.40160484
0.58794033
0.42136567
-0.80668325
0.19243109
0.09378014
-0.35208989
0.02682411
-0.01931160
-0.52411768
0.37883183
0.58020240
-0.24136990
0.21891404
-0.10865948
0.01106169
0.13779831
0.04611425
0.17067390
1.19560182
-1.09260424
-0.06822744
0.74531916
0.41016160
1.32188513
-0.00668055
0.63542197
-0.22516657
-0.81176535
-0.57575313
0.33211988
-0.04839896
0.62440704
-0.14967437
0.35124122
-0.25373288
0.48014108
-0.13763896
-0.37092413
0.23234517
-0.48066815
-0.29082350
-0.02540272
0.26311276
-0.19786503
-0.53214365
0.83482051
0.46812619
0.40801697
-0.36008999
-0.61797433
-0.23414966
-0.31059192
-0.04470421
-0.17490415
0.40656691
-0.58453366
0.24619007
0.78482281
0.24603217
0.34244853
-0.06868084
-0.14718794
-0.70651903
0.57924575
-0.29784177
-0.73237573
0.07471202
1.04329007
0.56242476
-0.62712073
-0.60740847
0.72887052
-0.13075416
-0.42081914
0.73697592
-0.13630064
0.90532977
-0.22779414
-0.38347547
0.04043056
-0.07114758
0.67273492
-0.22706435
-0.10915533
0.21313974
-0.24340200
-0.49756775
-0.01580550
-0.26681164
-0.21946601
-0.38912023
1.10502281
0.48167705
-0.18913945
0.46064320
0.57814179
-0.21339461
-0.61791075
-0.42247829
-0.28346999
0.49043332
0.42352923
1.49987503
-0.02379260
0.52296284
-0.19138563
-0.03375627
-0.30594727
-0.38824242
-0.25543346
-1.32571471
-0.18111741
0.69598746
-0.78902010
-0.48922982
0.25874594
-0.08333479
0.29592019
-0.20517309
-0.59469779
0.33959714
0.29349640
0.76809046
-0.69547588
0.44560206
0.42374262
0.20843212
0.71303835
0.26125890
0.69212427
-0.50326599
0.70358015
-0.20189138
-0.51470014
-0.64435963
-0.97931416
-1.31046627
0.31924376
-0.51501670
-0.50961964
0.94385831
0.14251354
-1.31093527
-0.40633190
0.32194293
-0.64271970
0.69919489
-0.91629446
0.28403031
-0.78463412
-0.69941439
-0.43665046
0.01671769
-0.23898399
0.06394834
-0.37311312
-0.59254431
-0.52298805
-0.19697642
0.18392781
0.35705522
0.49253729
-0.61201182
0.97954717
0.02523772
0.00102453
-0.46747631
1.04314903
0.35547117
-0.29379363
0.45189725
0.00727915
0.28716376
0.80294359
0.16863281
-0.07596001
0.56397171
-0.81026924
-0.45792606
-0.28471331
0.61763396
0.65755518
0.60222958
0.44904733
-0.42462567
0.65017059
0.13551460
0.70621119
-1.58840392
-0.15298676
-0.01321203
0.23075922
-0.46536965
-0.27856206
0.03851068
-1.63270667
0.35886831
-0.04767383
-0.57972947
-0.68133285
-0.16860399
-0.44763138
0.43762481
1.24491199
0.41925936
1.18769665
0.01816215
-1.01293583
0.70331785
-0.07255705
-0.07076136
0.22116695
0.61095704
0.20424106
-0.21412192
-0.31223701
0.39892795
-0.65972664
-0.20047094
0.24565925
-0.22509265
0.31823754
-0.08130269
1.00712994
0.69581520
0.02746609
0.15776154
-0.42389625
0.54310247
0.62005435
0.38989073
-0.19803303
0.62002223
-0.10171613
-0.03029092
0.52871471
-0.54482706
0.56214314
-0.02974843
-0.42410419
0.04299751
0.05519696
-0.41534581
-0.30873500
-0.35882633
1.09807902
0.59920703
0.77549388
0.64720009
0.89894614
-0.23437336
-0.75721347
-0.06532506
-0.04768910
0.02351650
-0.47333549
-0.41343716
0.44868062
1.22535230
-0.39117058
0.50133838
0.28997119
-0.67323259
-0.05873198
-0.69559258
-0.15907681
-0.67541250
0.40874942
0.65278367
0.97046731
-0.54989308
-0.28042452
-0.77807838
-0.38410847
0.05369726
0.53493529
-0.27938284
0.19242203
-0.28065036
-0.16732187
0.77834577
0.10421342
-1.16444846
-0.26433017
-0.69209582
0.05218532
0.40510752
0.21789436
0.90503066
-0.36447336
0.31734117
0.51344214
-0.49522052
0.39247568
-0.21358443
0.28540918
0.30865593
0.18306146
-1.11299276
-0.12340712
-0.51468965
-0.30179170
-0.15092597
0.31501222
-0.05018886
0.21617944
0.02402619
0.59293273
0.47054734
-0.42247807
0.11608779
-0.08133686
-0.27299648
-0.63493706
-0.30028179
0.47939104
0.01604118
-0.23210395
-0.38477876
0.06391186
-0.84463556
-0.44669965
-0.33278066
0.00926888
0.07095224
-0.75563797
-1.02962371
0.60067842
0.50123285
-0.17862693
-0.14588884
0.80792851
-0.16960750
-0.18599782
-0.67815511
1.03644045
-1.20667580
0.32726049
-0.33927708
0.07904155
0.44097935
0.14923398
0.43946318
0.05763730
-0.44786055
-0.89450894
0.58621249
0.76662646
-0.09716793
-0.66498690
-0.43790202
-0.70282242
-0.17927401
0.00571183
-0.06718347
-0.39836331
0.59559987
-0.22318314
0.47111158
-0.22689375
0.67395127
0.81437073
0.14428534
-0.54592525
0.56067074
-0.23782327
0.01120128
-1.03563132
0.22257726
0.59922985
-0.40467163
-0.70371795
-0.08425735
0.28811739
-0.57575275
-0.50243548
-0.02583453
0.68042692
0.97517931
0.07107416
-0.43451588
-0.39056682
-0.15792327
-0.13800388
-0.99829543
-0.12241102
-0.50070788
0.37367197
-0.45511303
0.95257434
-0.46357533
-0.65318727
0.64612644
0.46682459
0.01765427
-0.16685730
-0.02481644
0.42675423
-0.26021072
0.84481277
0.07284352
-0.00775131
-0.34900392
-0.17254832
0.57915205
-0.46701864
0.31316189
0.32353856
0.31860524
-0.44101739
0.36549497
0.22104398
0.43309137
0.12017606
0.00080318
-0.35898800
0.86131043
0.50562890
-0.07420315
-0.93322091
-0.32128480
0.83626963
-0.02595885
0.80005820
0.96087319
-0.06925983
1.38242916
0.53097707
0.75991521
-0.32769517
0.59794735
-0.07929370
-0.65662596
0.12568793
0.43788650
-0.47775213
0.48014392
0.12176422
-0.14639504
-0.50127180
0.06644111
-1.22785501
0.45156161
0.88928864
-0.09146831
0.42964641
0.64410604
0.11701110
-0.85746613
0.24325516
0.08054324
-0.93783870
0.03402192
0.79659691
-0.87590750
-0.14931420
0.26858917
0.46523600
-0.16682515
-0.68782896
-0.31969602
0.64218983
-0.75858736
0.60129539
0.02623000
0.40630862
0.45575575
0.09860397
-0.38971492
-0.42493061
-0.09965833
-0.43085654
0.08737857
1.24718553
0.51576659
0.93243989
-0.44845278
0.61070956
-0.93865164
0.07697052
-0.02271770
0.90564917
-0.30473905
0.55713240
-0.45377645
0.53342382
-0.30476201
-0.08067257
0.53277695
-0.20136078
0.19040325
-0.50329813
-1.23700085
-0.27374850
-0.38520162
-0.14451278
-0.14992042
0.70132161
0.19544845
0.65162324
-0.19700459
-0.20065712
-0.26433747
-0.19887048
0.08573891
0.70208288
0.13237726
-0.26411829
0.02030156
-0.42819462
0.32802716
-0.36209605
-0.42866655
-0.49465944
0.16034149
0.52814112
1.65841400
0.28335266
0.08141458
0.82083818
-0.09467489
-0.49244008
-0.17079084
0.75371012
-0.07373678
0.09946962
-0.42830596
-0.53602221
-0.62207906
-0.20478888
0.71805188
-0.32043357
0.24007899
0.16088381
-0.18508026
0.01879984
-1.58822962
0.07439798
-0.36362235
0.56419615
0.09826830
0.32936195
-1.34887041
-0.79222028
-0.44517984
0.81570968
1.00425827
-0.38114095
0.74818514
-0.12498617
0.53705271
-0.70408158
0.62490649
0.08355229
0.06420924
1.05589720
-0.39239450
0.13623147
0.37945974
0.21411982
0.01749421
-0.03547280
-0.26345339
-0.11009020
0.09998355
-0.69519150
0.32083225
0.15330475
-0.71573826
0.33420677
-0.53115900
-0.47610578
0.25755753
-0.33905885
1.57940356
1.20579791
0.57368206
-0.23220195
0.86531981
-1.11169190
-0.79349812
1.01809105
-0.49161571
-0.94270209
0.32828027
0.27271225
0.18253282
-1.48059977
0.63796709
-0.40842135
0.14449607
0.39699275
-0.78122873
-0.57692663
0.38336328
-0.14298381
0.15257681
-0.52976470
-0.51333079
0.74799806
-0.42587558
-0.26812217
-0.91024410
-0.29941546
0.80318508
0.70670508
-0.51279425
-0.51720619
0.04052371
-0.34991011
0.47019011
0.07406569
-0.03540275
-0.40301165
-0.33415775
-0.06607632
0.49220746
-0.38863208
-0.86971029
-0.27869887
-0.14655031
-0.21065780
0.55008991
0.18008378
0.36459726
-0.04333881
-0.28823005
-0.13614702
0.06074069
-0.15352147
-0.64523926
-0.37085384
-0.49379964
-0.01545653
-0.82189686
0.33944527
1.28817201
0.60490194
-0.08877195
0.44546080
-0.26173339
0.45205019
0.89745799
-0.03276971
0.00319983
0.33357045
-0.03740369
0.76541124
-0.29721977
-1.02919428
0.14994408
-0.18371908
-0.03043468
-0.06100768
-0.00949773
0.18485051
-0.86509796
0.75790713
0.17936982
-0.62670713
0.21150650
0.31607451
0.43917663
0.05292906
-0.62166809
-0.08052225
-0.74229435
0.11961299
0.65466666
0.00575633
-0.15509082
-0.15686080
-0.27153377
-0.50552590
-0.10425300
-0.34783864
-0.24973699
-0.21803659
1.10650690
1.40637778
-0.26934869
0.24838509
0.14874437
0.38242018
-0.54194755
-0.41538771
-0.44854601
0.31660484
-0.22045894
0.48224289
-0.62669881
-0.12409652
0.62365923
-0.67756215
-0.92262877
0.27126073
0.68288501
0.16402054
0.22410102
-0.60241953
0.98376788
0.60727235
-0.16598847
0.90054892
-0.38440167
-0.12557356
-0.18354043
-0.46180623
-0.28227278
-0.44954289
-0.03784294
-0.18615926
-0.20540348
-1.23011711
-0.64446413
0.13108579
-0.06078118
-0.87589707
0.20507335
0.77650085
0.19007669
0.35579602
0.19847585
0.30495703
0.11352547
0.29802859
0.68070355
-0.34277517
0.53081704
0.04007224
-0.09158565
0.52851772
0.68596563
0.51095556
-0.07956699
-0.07975802
0.44445938
0.68497595
-0.77751136
0.07164062
0.31029859
-0.27724969
0.14166463
0.03819884
0.19533847
-0.53472297
-0.28561513
0.64260430
0.76592796
0.28278912
0.55093434
-0.26459130
-0.09506831
-0.30622946
-0.22663483
-0.55412477
0.07802928
-0.56489241
1.44939484
0.04619946
-1.22120070
-0.81797250
-1.12596155
-0.73045698
-0.76409469
1.03288703
-0.55458443
-0.27674930
0.08842148
0.59629581
0.01813136
0.33279564
0.46058075
0.43239289
-0.45427049
0.00782276
-0.11726102
0.47891640
0.53793909
-0.35360151
1.37583232
-0.20683327
0.03380954
0.36678162
-0.47848334
-1.05731422
-1.10316643
-0.23168559
-0.52594372
-0.69067513
0.12234679
-0.08758104
-0.25565289
-0.02623499
-0.27293051
0.65546195
-0.59705531
0.31035375
0.12940953
0.62098394
-0.46664336
-0.30759106
-0.84500106
0.51868970
0.69712848
-0.13906390
0.17018962
-0.56662836
0.07461896
-0.86390150
-1.12140980
-0.00046454
-0.29693812
0.43511597
-0.32837250
-0.31754127
0.61185312
0.00008390
-0.71163753
-0.45710344
0.28179472
-0.43701637
0.63685349
0.29480060
0.24428089
0.05177654
-0.40480926
0.38011664
-0.68398171
-0.84255368
-0.51959837
0.91662544
0.08796706
-0.27514673
1.23066174
-0.91572193
0.95704067
-0.79992682
-0.05888980
-0.89483098
-0.00329645
-0.08061062
0.12794136
0.11561514
0.36542015
-0.93943794
-0.55514206
-0.50872497
-0.03275294
-0.53737398
0.54000848
-0.52411212
0.57408234
0.08868111
1.12423263
-1.18647967
-0.69847859
0.75257692
0.48305232
1.00617799
0.08179863
0.10916846
-0.93578031
0.74578694
0.06440176
-0.48561032
-0.27779255
-0.55695246
0.36189838
-0.27629354
0.38462566
0.11118875
-0.28961515
0.18501526
-0.25783477
-1.03809735
0.61145470
0.10353540
0.13857290
-0.99781373
-0.31834970
0.14690703
1.11995482
-0.59382806
0.03899432
-0.21878652
-0.04843203
-0.45164797
0.60639315
-0.83509078
-0.27400650
0.47121715
0.05832195
0.26584417
0.86392677
-0.87743342
-0.86480243
-0.35543257
-0.15130203
0.68113092
0.08581335
-0.42710630
0.18638781
0.60702573
0.25837978
-0.79884837
-0.89414331
-0.07976018
-0.57551845
0.23712462
-0.41469664
0.25263848
0.49791084
-0.29921853
-0.77238819
-0.06083095
0.44595755
0.25735248
0.32934092
0.24941052
0.60847182
-0.67814689
0.11901631
-0.84365190
-0.46405819
-0.30357750
-0.10071274
0.68576102
-0.44631864
-1.43196855
-0.55743524
-0.44676693
-0.06395054
0.76741151
1.23536194
0.14515615
-1.04530382
-0.76657710
-0.26285116
0.20543103
0.88467558
-0.42801114
0.90140547
-0.30920156
-0.38714371
-1.32697513
0.72673221
0.42227100
-0.82599035
-0.55411743
-0.23302927
0.08291892
-0.22461597
-0.93942618
-0.20597174
0.05485060
-0.21843265
0.39153078
-0.09248786
0.62000808
0.64035810
0.44250663
-1.07002294
-1.05132991
-0.60848638
-0.09468459
0.41835931
0.12093644
0.98822318
0.11034918
0.02433149
-0.06549957
0.24069843
1.00521430
-0.39421760
0.23871414
0.08581560
0.55539891
0.91147598
0.46010240
0.56539759
0.52480009
0.75215869
-0.10036051
-1.17794356
-0.73801841
-0.26540104
-0.35219960
0.28736341
0.04101468
0.41174859
-0.30801096
0.25731683
-0.72247052
0.01518432
0.33552080
-0.34053220
-0.28733711
-0.10838846
-0.53997318
-0.46964497
-0.20255103
0.19291976
-1.27302572
-0.36573391
-0.28043907
1.61118593
0.48171657
0.51527223
-0.66341485
0.57062002
-0.45503977
-0.55644750
0.87014658
-0.17434988
-0.30387935
-0.02306508
-0.81234840
-0.30451129
0.39596204
-0.58931040
-0.23642764
-0.20208170
-1.09761322
-0.26738403
0.23134282
-0.55007973
0.02378890
0.73664855
-0.14886210
0.26101850
-0.48890079
-0.34158201
-0.22127089
-0.26635609
-0.20114649
-0.09433614
0.72212733
-0.29139030
0.55756318
0.72199707
-0.32649053
0.34885975
-0.25578470
-1.08997067
-0.51128603
-1.27673266
0.40975339
-0.13398930
0.29779116
-0.13229475
-0.14853502
0.68946901
0.47688641
-0.86573050
-0.12770337
-0.29486302
0.98851597
0.17837483
-0.29490451
-0.40850614
-0.20660006
-0.26700274
-0.43862358
0.04562460
-0.05391693
-0.00540528
-0.10102948
-0.05294706
-0.55815672
0.65815358
-0.84895313
-0.12288990
1.07466237
0.42416662
-0.69408382
-0.42000688
0.08355388
-0.08485781
-0.03047178
0.00848660
-1.60388106
0.30498942
0.55486887
0.09932491
0.25946177
0.34793240
1.50915610
0.45370181
0.05640965
-0.08979083
0.25338191
0.24922296
-0.90221148
-0.28175504
0.23196852
-0.34335860
0.27310950
-0.50073042
0.18419725
0.18478935
0.82272326
-0.63823706
0.59622155
-0.08972956
0.11947917
0.37654934
-0.02256109
-0.33113930
1.28816817
-0.10200940
-0.09216576
-0.46283281
-0.39469647
0.89126143
-0.12526535
0.12691729
-0.68546355
-0.03473161
1.19650011
0.65719255
0.32177090
-0.10803573
-0.09848798
0.23574665
-0.77463720
-0.27749877
-0.40740764
-0.31045388
0.49859542
-1.07966127
-0.90701992
0.26156183
-1.13297450
0.32868117
0.45836395
0.59045593
0.26347772
0.34953808
0.23902797
0.15890101
0.49791216
0.88145496
0.32892930
0.58391957
0.44838249
0.51205090
-0.02847761
-0.08396021
0.43262866
-0.01797588
0.05128421
0.70277006
0.01272930
0.95360664
-0.07978128
0.27118722
-0.12889974
-0.98114085
-0.21614042
0.18665461
0.37497248
-0.16410016
-0.40574569
0.71200293
1.05904259
-0.30049599
-0.47294151
-0.28214915
0.86060670
-0.77473564
0.00482331
-0.16579526
-0.24024309
-0.59761266
0.65186868
-0.59587540
0.83597629
-0.00196845
0.01764442
-0.63038724
-0.34100137
0.05317077
0.24550484
0.40896425
0.23453099
0.32736146
0.11687693
0.91522737
0.00088061
0.84904136
-0.39422387
-0.45329994
0.41248987
-1.07695338
-0.04371639
-0.18601186
-1.14877713
-0.09969421
-0.29924765
-0.14993475
0.68996176
0.29859593
0.87928997
-0.85811369
0.38934728
1.05369352
0.44529600
-0.31378859
-0.26462363
0.01323823
-0.00493981
0.11217708
1.38236849
-1.04380952
-0.08386694
0.37239413
-0.19442451
-0.01334293
-0.41098089
0.24788697
0.30701040
0.21069819
0.20057420
0.34183977
-0.19114592
0.30720151
0.41873628
-0.77814846
-0.09580847
0.24213498
0.21274149
0.35763621
0.23525855
-0.79329741
0.15377393
0.32164785
0.48932307
-0.71092044
0.33347901
0.67019064
0.90508596
-0.27653794
-0.95673015
-0.36062241
-0.22153837
0.48284696
0.28261318
0.93202948
-0.47151465
-0.36642427
-0.18589852
0.96435214
0.35024944
0.16171335
-0.01971936
0.74522402
0.59338038
0.22470838
1.08391626
0.09554500
0.36282287
0.19415311
0.50744526
0.28713369
-1.07820407
0.59243944
-0.69280092
-0.01084711
-0.21013247
1.28072068
0.58149811
0.54482477
0.08200089
0.07314307
-0.27696541
0.32684474
0.66997615
0.54163663
-0.03379874
-0.79349374
-0.28945860
0.60114320
-0.59650669
-0.21643536
0.75225228
-0.74334258
-0.12933090
0.44133784
0.79165058
0.28466990
0.16035080
0.43050443
0.22898375
-0.19776695
-0.17296550
0.04828665
0.26600198
-0.02110079
-0.35737448
-0.63231738
-0.07536713
-0.87192233
-0.97666441
-0.25396366
0.53836986
0.06591580
-0.43779024
0.30109501
0.64535331
0.83533786
0.26479380
-0.75635516
-0.44705452
-0.60447645
-0.20546417
-0.51094399
-0.38754614
-1.79873658
-0.05799810
-0.01617923
