-0.59811571
0.43970943
-0.12462821
-0.64906342
-0.20027069
0.37038979
-0.47247306
-0.15047667
0.48909465
-1.41047022
0.29608153
-0.11016460
-1.22471738
0.82547683
0.43965455
-0.02383926
-0.02559809
0.65629599
0.47372903
-0.26159199
-0.05847911
0.84539445
-0.36823325
-0.47107899
-0.23929750
0.08676652
-0.24939877
-0.26695818
-0.97705589
-0.35708839
-0.74272315
0.15351518
-0.01253338
-0.34022670
-0.56472351
0.41542348
-0.07635186
0.76654442
0.29768179
0.04577966
0.28099879
-0.78131459
-0.60881943
0.40893501
0.55208778
-0.16062368
-0.24559657
-0.04042958
-0.41660655
0.03395250
-0.18155917
0.61432491
-0.18252161
0.63353468
0.31148294
0.49027425
0.06775824
-0.84824790
-0.59603139
0.32296757
0.29974213
-0.67183456
-0.54176080
-1.42582850
0.44566021
-0.55939796
0.56540371
0.17487128
-0.99909915
-1.50075593
-0.08116632
1.15251332
-0.87532973
-0.84396439
-0.13247029
-0.10407293
0.08362707
-0.03849805
0.24559564
-0.24814655
-0.56265131
0.58248528
-0.29695784
-0.96706967
-0.18040922
0.95487716
-0.84083115
-0.76491905
0.26804668
0.60630059
-0.10536643
-0.38003762
0.57076463
-0.42219955
0.97169873
0.77117306
0.10435700
0.34994745
-0.23626289
-0.02674139
0.25379429
0.27597828
0.52006695
0.74248860
0.32123128
0.28803390
-0.29908380
0.98766587
-0.00505455
-0.49699086
-0.68135267
0.18045532
-1.54408975
0.52481151
0.19102962
-0.16632740
0.08361293
-0.51130969
-0.13299011
-0.52051080
-0.17091434
0.04438667
-0.16934067
0.00793697
0.19357434
-0.04156850
0.58503090
0.28859884
0.60446633
-0.08546618
-0.45875468
0.18083318
0.21893135
-0.93768811
-0.61522831
-0.83630034
0.01014929
0.55518703
0.33250405
1.08781085
1.24807864
-0.02292616
-1.26041267
-0.39954648
-0.80236513
0.40713986
-0.25111620
-0.20158083
-0.30918418
-0.48909663
-0.98699109
0.52898162
-0.02639903
0.37148920
-1.01988301
0.72084190
0.47702310
0.90933480
0.46739143
0.25531481
-0.46295295
0.36093659
-0.25253952
0.16977450
-0.15780288
0.08849754
0.12640095
-0.65940921
-0.48722918
-0.55762490
-0.36808597
0.21505796
-0.23201117
0.67167309
-0.64833427
-0.05820929
0.24706101
-1.07828489
-0.02175466
0.38876350
-0.45065358
0.76835339
0.09055635
-0.33683004
-0.43278684
0.42862412
0.41750859
0.26633511
-0.03912927
0.92464829
0.12658241
-0.13536022
-0.54467730
-0.00979834
-0.56021602
1.41652259
-0.77004016
0.12280456
0.16123093
-0.96015317
-0.39466443
-0.46322115
0.04178729
-0.06268853
0.35038116
0.70982188
-0.28512200
0.16703230
0.83273532
0.16284393
-0.31609681
0.49132987
0.58235382
0.25955893
-0.34317855
-1.01048727
-0.73305102
0.80463589
0.49601859
-0.56495569
0.35476235
-0.34861949
-0.16296838
0.58359844
0.33913731
-0.55109104
-0.04992209
0.48000599
-0.03832071
0.00838468
-0.88743154
0.45814134
0.65546241
1.38989444
-0.08690266
-0.38982101
1.45634863
0.27028986
0.58130936
-0.59753076
0.00842579
0.57087817
0.40063938
0.93574544
0.62223821
0.32722442
-0.67653490
-0.34674304
-0.21363142
-0.28811225
0.60718803
0.61631202
-0.27068811
0.59231994
-0.00102775
0.04168779
-0.07926343
0.72131793
0.00343994
1.27922225
-0.04702944
0.05337384
0.03331423
0.27152994
0.41349297
0.49281024
0.24000676
-0.41257883
-0.11400999
-0.14573889
-0.58056883
-0.03703120
0.55628909
-0.14816752
0.25487182
-1.33561847
-0.74646308
0.32303006
0.56076756
0.47309482
-0.10416499
0.00101081
-0.55300289
-0.48265173
-0.16124238
-0.06881715
0.93195652
-0.61543969
-0.90439434
0.37686068
-1.44039810
0.64778564
-0.37199645
-0.75984405
-0.16417077
0.11700449
0.62643919
1.02706390
-0.19895605
-0.41938873
-0.44531350
-1.25866775
0.16599302
0.29745536
-0.10234508
-0.06793614
-0.49324329
0.42469455
-0.45655242
0.13580709
0.12414819
-0.00274626
-0.13092505
0.10811347
0.84537959
0.46519427
0.40123132
-0.22317451
0.90509556
0.46354692
-0.50931074
-0.45134365
-1.22699426
0.54573046
-0.59116591
0.07787191
-0.47097724
-0.38178634
0.17443136
0.04286656
-0.39143803
-0.92502690
-0.16054870
0.47427938
0.03684205
0.70357418
-0.14137573
0.05085133
0.36280839
-0.35486616
-0.26084437
0.22073072
-0.44262325
0.38213952
0.58420708
0.75946468
-0.70833959
0.23732129
-0.33204369
0.03108268
0.38552314
0.85252540
0.63582938
0.71598028
0.23034415
-0.19370704
-0.82546523
1.30353415
0.13289079
-0.26530942
-0.39196078
-0.10610871
0.21385074
0.59138638
-0.16242182
-1.06598560
0.02978264
0.80740409
-0.48632489
0.24067406
0.28405961
0.09732319
-0.04559865
-0.16771449
0.36386805
0.45989748
0.09579730
0.35972928
0.17921263
0.60597620
-0.26720379
0.13744066
0.59627337
0.35632217
-0.16176492
-0.74289453
-0.90445175
1.05894631
-0.58971978
-0.36232564
0.63298582
-0.29525984
1.15198907
-0.15614054
-0.27772464
0.59272027
-0.37362486
0.14495889
0.52424915
0.33396091
1.36444080
-0.24225689
-0.44024061
-0.67068324
-0.48301332
-0.12562203
-0.24225641
0.35342438
-0.02351816
-0.17047571
0.48050415
-0.35402031
0.44015520
0.98991199
-0.72150586
-0.43028948
-0.87420980
0.29938511
1.21384959
-0.26517686
-0.00993706
0.28412823
-0.32625169
-0.37312239
0.22210487
-0.26258060
0.79054114
-0.23507964
0.21704899
1.23367321
-0.11407538
-0.48474100
-0.40057025
-1.27464465
-0.58703293
-0.55927322
0.01283117
-0.87767443
-0.13990602
-0.00227708
0.16436907
-0.67618494
0.48663418
-0.65605718
-0.40305646
0.43652060
0.35620302
0.26152143
-0.30589268
-0.78035929
-0.75838978
-0.32279120
0.40924423
-0.10562544
1.20795351
-0.09377491
0.01167739
0.37120584
-0.59517055
-0.15072346
0.27269029
0.79322903
-0.71621831
0.33891896
0.37089490
1.27642216
0.94206462
0.29173358
2.04203885
-0.58690563
0.41262682
0.66617339
-0.23481964
0.35779630
0.30763673
0.01985465
0.21000450
-0.59040846
0.29783218
-0.17782866
-0.40869622
-0.24038165
-0.38423587
0.14750437
0.31701328
0.21142111
0.03490773
-0.94520506
-0.03600434
-0.18994513
-0.34717548
-0.13107521
-0.11359904
0.08047414
-0.08141731
-0.03091351
-0.63807582
-0.35447775
0.13914536
0.53302033
0.30420391
0.58729068
0.13430416
0.09375665
-0.27963699
-0.89822392
0.52187742
-0.96022994
0.35898558
0.45291719
0.72294122
-0.47837244
0.55315874
0.68347879
-0.39080805
0.78969186
0.47306714
-0.86422520
0.48214832
0.28780043
0.04403867
-0.36562233
-0.08064549
-1.37107173
-0.05456930
-0.38398793
0.13680159
-0.19237662
-0.51954599
-0.08815170
-0.16514599
-0.68455452
0.29158461
-0.54306674
-0.59903391
0.03906408
0.60931027
-0.02670911
-0.24443152
0.06794550
-0.63847816
-0.52987910
-0.65240386
-0.05657179
-0.58294076
-1.07450802
-0.02069379
0.50080660
0.36680595
-0.08717906
-0.84501055
0.71197645
-0.78746538
-0.22110107
0.02998438
0.07370221
0.07698151
1.54681765
-0.25438838
-1.53127288
0.40442314
-0.57658505
-0.51416534
-0.32741800
-0.29959045
-0.43692079
0.38988103
0.36984689
0.34269863
-0.32692063
0.94335150
-1.12146262
-0.51648496
0.65499745
-0.87033260
0.01213185
0.32602052
-1.09251064
0.31978172
0.95729163
0.23509568
0.53118493
-0.56910591
-0.21451846
0.12028906
0.49931546
0.82387588
-1.26813185
-0.45982235
0.37953553
0.32890213
0.67453320
0.00311019
0.53925088
0.00360775
-0.24392561
-0.66117344
-0.28466495
0.56631502
-0.18563964
-0.50800853
0.10483627
0.12217983
0.13156933
0.63167846
0.89477088
-0.13823027
0.09042410
0.52157986
0.81206446
0.24706237
-0.32524789
-0.17210636
0.38752865
-0.19055523
0.26558750
0.10021015
-0.43965502
-0.03064415
-0.16011432
-1.13715553
-0.44742657
-1.72595960
-0.34515745
-0.47244406
-1.86386241
-2.04866701
-1.35062204
-0.34385275
-1.43273494
-1.75902063
-1.10707408
-1.66388987
-2.06136674
-0.51764400
-1.38655038
-0.01565667
-1.07665201
-0.96828683
0.19034147
0.16319169
-0.25971990
1.29884930
0.79533706
1.03270959
0.92279139
1.49355715
1.79408411
1.30703003
0.67268676
1.45769361
0.80554453
2.15247856
2.35031820
1.74207379
0.82271653
-0.04089353
2.09049164
0.92863878
1.19435815
1.47600804
1.18007471
1.32848868
0.29777025
0.21884674
0.12683464
0.37566466
0.22323229
0.89691450
-0.47387627
-0.78715846
-1.30196308
-0.68425456
0.16512911
-2.17187478
-0.91250737
-1.04968915
-1.11634659
-0.79683592
-1.15951559
-0.48509281
-0.24869962
-0.80372321
-0.85742980
0.37247695
-0.28662790
0.67174366
-0.59253088
0.68403394
-0.51910098
-0.28987171
-0.25445168
-0.39898076
0.14554837
0.10481605
-0.45439924
0.01856698
0.23720885
0.71428524
-0.01962414
0.29856773
-0.40564621
0.09257741
0.92922190
0.16354437
-0.24278612
-0.36813607
-0.31244976
-0.24150789
0.25604001
0.07308683
-0.40620231
0.26902524
0.25238127
0.14682255
-0.10854771
-0.03454641
0.88260435
0.82945912
0.77765176
0.19951724
-0.37103119
-0.81518195
0.25832564
-0.15511537
0.50150762
-0.53420159
-0.06164571
0.18087709
0.31261738
-0.18100302
0.35681935
-0.31824026
0.48709196
0.37499752
-0.27338674
-0.36444764
0.53108925
-0.31346401
0.70338825
0.79332627
-0.31368829
0.78285972
-0.30717930
-1.57826723
-0.35835532
-0.42428776
-0.58702949
0.08226640
-0.10007135
-0.16836870
-0.55126812
-0.36676574
0.05924501
0.03321257
0.40621134
-0.13395829
0.15064324
-0.43670327
0.13814590
-1.15702801
-0.60719552
0.15952042
-0.04465150
0.11312161
0.23282741
-0.64732827
0.35811288
0.31307140
0.95925274
0.40562455
-0.02046030
0.12546194
0.58949307
0.63046436
-1.07194912
0.15239015
-0.50055581
1.05197008
0.48347541
-0.07926344
0.19187189
1.18774607
-0.23785314
0.62568561
0.90370083
-0.45107552
-0.98085788
-0.28442427
-0.42815934
-0.38254084
0.62945723
0.44616316
-0.24866496
-0.10649469
0.63611589
-0.80841481
0.24897104
-0.19483370
-0.05530697
-0.42236472
0.74914438
0.26643111
-0.21451714
-0.51416772
-0.19166609
0.20613722
0.04545433
-1.28566105
-0.91597390
0.21851281
0.35985254
0.55634755
0.21025699
-1.56589518
-1.13168488
0.51429318
-0.11155368
0.14478806
0.50398127
1.00014491
-0.66779113
-0.24532830
-0.12216479
-0.76567745
-0.56693974
0.45787142
0.94302213
-0.02145712
-0.04665244
0.54968058
0.15121941
-0.88330673
0.48887375
0.93363690
0.47994714
0.53366884
1.03814289
-0.12298306
-0.05308632
0.66941669
-0.30286896
-0.28046454
-0.06308211
0.78436118
-1.16486105
-0.19014659
0.43955378
0.54069050
-1.03361862
0.42790650
-0.68119533
-0.20664674
0.84907345
0.02693324
0.70852061
-0.27275545
-0.41379522
0.59813134
-0.43082452
0.45254019
0.37235071
0.92702199
-0.16811859
-0.40725227
0.60426876
-0.31598062
0.80715116
0.37432898
-0.65571840
1.15618723
0.01926386
-0.21182039
0.56034524
-1.06564817
0.46453464
0.25662153
-1.03466228
0.30828904
1.12711537
0.45117912
0.55317376
-0.85382465
0.12111758
0.25486289
0.23192105
-0.11578560
0.60801294
-0.51138723
-0.43794300
-0.72645977
0.95985003
-0.09469349
-0.06842047
-0.86042697
-0.28279077
0.55524799
-0.39487714
-0.00004291
0.52581779
-0.21335806
-0.51330321
0.63566755
0.10868018
0.00892301
0.37579340
0.04802871
-0.03035141
0.18017437
0.87877515
-0.05602344
-0.31492069
0.20169617
-0.56266843
-0.26853277
0.40055246
-0.72735759
-0.63872758
0.60793032
-0.17381971
0.17229979
0.84005288
-0.75559873
0.57677973
-1.32053711
-0.29052717
1.06298239
0.72602891
-1.34668178
-0.14886532
-0.09978353
0.66365596
0.09942175
0.53958383
-0.41190496
0.43582538
0.25355764
0.52735911
0.61365301
-0.97440256
0.39271433
-0.24442656
-0.09475771
-0.25094873
0.46164182
0.50686368
-0.33381009
0.44013689
0.25660034
0.76391318
0.03769688
1.31618912
0.04141787
0.30691364
0.09182198
-0.58055743
-0.31383519
-0.00591566
0.16716801
-1.27993087
-0.44781237
1.10892188
0.13559141
0.59141698
0.05023044
-0.35057269
-0.52737548
-0.92404603
-0.68758177
0.35295057
-0.53589346
0.16415476
0.67244974
-0.62283926
-0.70238588
-0.23733368
0.82018586
-0.68408955
-0.27389496
-0.05943948
0.28098730
-0.06480774
0.09906509
-0.20626667
0.30331281
0.27769553
-0.52728394
-0.76226744
0.52829766
-0.31382967
0.82132501
-0.17542460
0.52075758
-0.43655867
-0.06920612
0.02800489
-0.33661138
0.46278001
0.63427606
1.03438778
0.37882864
-0.10651308
-0.96042564
0.09351056
-0.11485421
-0.01810726
0.06225620
0.37113202
-0.24302903
-0.68003544
-0.73344064
-0.31484505
0.05289124
0.30149164
0.22629026
0.06483770
0.24914774
-0.26191312
-0.02072937
0.49122734
0.10006830
-0.29828226
0.49245791
0.08097957
-0.65685451
-0.30215000
0.66991783
-0.03711871
-0.70775331
0.88796921
0.56998586
-0.53449417
-0.34649371
-0.55611241
-0.03728253
-0.46336878
-0.75993116
0.82284276
0.97565859
-0.09152144
0.43258234
0.03000970
0.68945244
0.27624912
0.08119842
0.30546936
-0.49404224
0.54682702
-0.00881032
-0.71752956
0.10544673
-0.12303757
0.54424613
0.71041292
0.17002829
-0.63200811
0.75178060
0.29237152
0.04116074
0.17214039
0.53179062
-0.92023938
0.94060753
0.41203215
0.17955844
-0.47398532
0.35876312
0.61229778
-0.23098630
0.59611687
0.38294206
-1.06772447
-0.66011821
0.71162183
-1.00643825
-0.33487006
0.90913377
-0.35210139
0.52904173
0.36809733
-1.56706913
-0.28354664
-0.48196355
-0.09914230
-0.85020599
-0.12419306
-0.23196998
-0.63636103
-0.00010484
0.12142704
-0.07930436
-0.39790731
-0.11518648
-0.33419925
1.34399260
0.63536018
-1.20899560
0.50735630
-0.61781081
0.40607679
0.63521063
0.17377100
0.31655720
1.09429914
-0.24374060
-0.44839445
0.38410534
0.14394627
-0.66819556
-0.14246146
0.61392012
0.23228132
-0.01451130
0.16338701
0.09448775
0.38093976
-0.75437218
-0.26034091
0.13742121
1.04536020
0.25765115
-0.43805635
-0.20578500
0.45085950
-0.32683327
-0.11774458
-0.02793838
0.06839566
-1.16841385
0.63658934
-0.36102109
-0.36502035
0.38714916
-0.05875636
0.27418218
-0.21901808
0.05103360
0.74355126
0.08732317
0.33907105
-0.43922917
-1.09875109
-1.19646179
0.80463118
-0.21397482
-0.18670303
0.08211889
1.06810201
-0.07979991
-0.80971026
0.36310879
-0.79037134
-0.14545319
0.55862258
-0.20050212
-0.24110985
0.43865170
0.37100500
-1.01092024
-0.36805099
0.52467510
0.80979560
-0.36315890
0.37597704
-0.01020546
-1.14063107
-0.02674102
0.30298587
-0.02182542
-0.58792063
-0.01305485
-1.18691716
0.37902119
-0.03025246
-0.10831108
-0.24684156
-0.65877238
0.39781457
0.09768334
-0.08989437
1.37605515
0.53270388
0.24068400
-0.46143981
-0.60383013
-0.22834289
-0.02311114
0.54463593
0.03418602
0.33602922
-0.11906918
0.21092483
0.16626798
0.17515416
0.82152892
0.83579323
0.14689654
-0.03625987
0.79270287
0.11911096
-0.90663296
-0.11765176
-0.77609510
-0.83086263
-0.43946982
0.43928249
-0.08809559
-0.49954044
-0.77303922
0.33859262
-0.20927653
0.07281422
0.32025715
-0.24704314
0.16793094
1.08546724
0.26237607
-0.40034571
1.12520578
-0.97044887
0.54651847
1.12875901
0.15423145
0.24690319
-0.97762752
0.47332306
0.12380220
0.08869740
0.90843389
0.32291030
-0.67013176
-0.46103463
0.50857987
-0.38013746
0.02560384
-0.30626633
0.67790653
0.22845266
0.13160231
0.77933523
0.08970576
0.09471995
0.18687718
-0.43895332
-0.30433076
0.25425454
-0.51739237
-0.06301114
-1.08622751
-0.08733669
-0.22017423
0.28652540
-0.63598471
-0.37617322
1.01969477
-0.02267938
-0.53343704
0.21760030
-0.27729117
0.69726336
-0.58068270
-0.60161180
-0.13456617
0.23743020
0.33757115
0.86469460
0.20958620
0.42478666
0.10342648
0.00207601
0.07389526
0.61466196
0.33351697
-0.24761506
-0.82551194
-0.44370128
0.71857005
-1.13898013
-0.35209337
0.64748503
0.59273149
0.60731880
0.06968578
0.25722285
-0.27520219
-0.80933988
-0.33152639
1.24459523
0.45001788
-0.97317112
0.14642870
0.18708198
-0.32293778
0.64885966
0.81531824
-0.70136593
0.84703786
0.86944093
0.85346485
0.00202316
-1.01885074
0.20104447
0.40631753
0.47704132
-0.37767945
-0.72239558
0.22656467
-0.99826734
0.42569138
0.06931054
-0.39028394
-0.77473802
-0.12410876
-1.04647498
0.59542803
0.15534737
0.90865807
0.49258362
-1.18762311
0.55039018
0.46457317
0.63172199
-0.41851900
-0.01431339
0.55721340
0.55168275
0.04358764
0.00678323
-0.82777158
-0.15445948
-0.28409008
-0.21255219
-0.35708580
0.36186794
-0.36291603
-0.77718858
-0.63725336
0.20094974
0.46294061
-0.35782382
0.09629334
0.06079881
-0.35805876
0.05611512
0.41545784
-0.36112638
0.20345573
1.00776708
0.37442112
-1.13962696
0.03259384
-0.74446534
-1.57747571
1.00358566
-1.01479466
-0.06526959
1.28927956
0.04509621
0.38623154
0.33524705
-0.80518777
-0.13816995
0.35842144
0.32551971
0.67829379
-0.75709659
-0.17592077
-0.76112809
0.22948756
-0.28038211
0.18406115
0.57457840
0.02342536
0.57490196
0.41290438
0.84152126
-0.82890428
0.69408719
-0.52765767
0.03713570
-0.51827545
0.40483365
-0.93162912
0.66896876
-0.53624507
-0.60052950
0.15752958
0.14449481
0.15963859
-0.10700346
0.31432688
0.20547229
0.34563148
-0.35137726
0.32085917
-0.24612305
-0.66689699
0.46721264
0.00027580
0.77596969
0.38931021
1.32934644
0.26693003
-0.34293421
-0.16524328
0.14158592
-0.34671163
0.01574965
-1.17121629
-0.23560288
-0.42992671
0.83895954
0.28239818
0.78272394
-0.30548947
-0.21138489
0.60825470
-1.00413821
-0.26226013
-0.58334897
0.53959588
0.06400683
0.41495873
0.31341774
0.52298039
0.81807024
0.25282480
0.42889102
-0.07057232
0.58639867
0.61870816
0.39219718
-0.27601474
0.17211236
0.57471602
-0.48930625
-0.73168921
0.47410602
-0.45630692
0.94853305
0.28987661
-0.28811280
-0.30486585
-0.36836518
-0.17506044
-0.40881326
0.03934731
-0.65125478
0.18558921
-1.55861667
-0.43124596
1.20473490
-0.65451164
-0.03884061
0.80504533
-0.46644936
0.44100373
0.11395359
-0.23772109
0.51481254
-0.00075741
0.10717155
-0.00721086
-0.45500049
0.25921765
-0.53511854
-0.09122726
0.53500984
1.18493639
0.20803892
-0.31413208
0.22929359
-0.32811077
-0.42691807
-0.29069619
0.81873455
-0.91381505
0.56150586
0.31910820
-0.12238503
-0.11055530
0.45703086
-0.15401584
0.72298480
-0.07200305
-0.68021493
0.41614061
0.55329228
-0.66970606
-0.48926975
0.06366886
0.50342213
-0.46711001
0.37672664
-0.48640928
0.28106834
0.68523026
-0.65765021
-0.41051644
-0.44081916
0.11843644
0.19925026
0.02615210
-0.72835168
-0.11514843
-0.32538780
0.00680239
-0.25426743
-0.04727375
-0.38013141
-0.48396359
-0.02350749
-0.61587700
0.35144008
0.15862506
0.07993854
-0.08182829
0.69459415
0.51906001
-0.59359798
-0.38859659
-0.41625380
0.40339953
-0.84429723
0.12403243
0.40654409
0.21780404
-0.23153888
0.30271670
-0.16277799
0.68021421
0.02864838
0.52304263
-0.13802321
0.04574538
0.38512671
0.35607490
-0.73754314
-0.47292839
0.81339791
-0.44826241
-0.05460676
-0.20550834
-0.03480814
-0.39125877
1.78662699
0.10512370
-0.36829837
-0.22314555
0.08130183
-0.48429327
0.56709608
0.04622082
0.54977431
-0.05568643
0.02118455
0.18080389
-0.42556570
0.08207630
-0.06748950
1.18407996
-0.68115663
1.00137943
-0.53223135
-0.21372652
0.16310266
0.30064513
-0.24448074
0.48377631
0.76643840
0.26559615
-0.72978287
-0.36948088
-0.12647868
0.13449507
-0.38914112
-0.71774325
-0.53146751
1.27732459
-0.65888451
-0.30650609
0.40219928
-1.13421335
0.05760707
0.04169703
-0.31212706
1.10010637
0.30739389
0.15149855
-0.55273625
-0.26639748
-0.74710279
-0.44762165
-0.59614663
0.57967305
0.38186551
-0.31731420
0.62021624
0.86544118
0.47979334
0.12966505
0.27234223
-0.05797037
-0.16816162
1.02086266
-0.92479442
0.42143609
0.00980576
0.06152884
0.45891867
-1.23212778
-0.41398377
0.24291476
0.45066212
-0.18804503
-0.34579668
-0.76919089
0.61706444
0.04541588
0.07923537
1.72916339
-0.30871214
0.11909533
-0.02905224
0.02846924
0.59680178
-0.77380530
-0.08795863
-0.44423665
0.11168478
0.11283206
0.65157534
0.61989250
-0.60945512
0.22048758
-0.15932168
-0.51588300
-0.10661750
-0.18265731
0.14100834
0.22320341
-0.40964720
0.89281269
-0.34359120
-0.20685651
1.08510701
0.14697574
0.66231574
-0.01954190
-0.59553351
0.33672349
0.63887696
0.03830895
-0.32732921
0.16257214
-0.49113709
0.35586065
0.52593268
0.28576941
-0.25281919
-0.17495428
-0.59328897
0.15199347
0.45381536
-0.41494735
-0.00654783
0.28076185
-0.26436660
-0.17862390
-0.16293572
0.52108087
-0.13369676
0.49537245
-0.87612129
-0.09984290
0.26979873
-0.06171715
-0.29893115
-0.45816588
-0.77997770
0.08592472
0.82617001
0.01450699
-0.18785240
-0.01932791
-0.12919209
-0.90099387
-0.50498552
0.63663371
-0.89865833
0.76341796
0.01206791
-0.12544598
0.37647596
0.41378602
-0.21599885
0.16248865
-0.54437719
-0.84458009
-0.52179459
-0.66646803
0.80986558
-0.14740016
0.71056186
0.64282033
0.49103302
0.31706021
0.47770541
-0.07951548
-0.39339282
-0.07782777
0.59961584
-0.25764012
-0.21321253
-0.56749069
-0.05125099
0.77694889
0.58848457
-0.24645725
-0.29573450
-0.54904802
0.36392116
0.20796857
0.13065024
-0.16830646
0.58103925
0.40385814
-0.94158196
0.89926480
0.26285769
0.39926821
-0.97306420
-0.49584413
0.10188161
-0.47954039
-0.65886008
0.40015078
0.71436255
-0.50138597
0.10762282
-0.42861519
-0.38772240
0.24249346
0.23295776
-0.57592791
1.14252416
0.27793669
0.95432897
-0.34053541
-0.45618876
0.01007631
-0.09023077
-0.48509599
0.65738677
-0.11112276
0.87814313
-0.72148093
-0.17081090
0.42780987
-0.09011671
0.88567781
-0.18839360
0.11010237
-0.01330599
-0.29995344
-0.83681260
0.06181145
0.83513742
0.54984214
-0.59042259
0.74196245
0.00105486
0.65747669
0.11350398
-0.08894503
0.09992031
-0.57041000
-0.67042139
-0.21895865
0.19148965
0.98759704
0.23233048
-0.75832608
-0.54827692
-0.18867490
-0.90794232
-0.20302579
0.20046308
0.19962138
0.40806848
-0.57156759
0.33991094
0.81830834
-1.00894487
0.03122772
-0.28393798
-0.45497739
0.24236389
-0.42878678
-0.66576382
0.10674511
-0.25767734
0.99144473
-0.29835278
0.63329633
0.44181258
-0.18277082
-0.08114457
-0.25735776
-0.33549317
-0.20117953
-0.01450447
-0.01644136
0.59646212
-0.10211612
0.15871215
-0.25598510
0.52356581
-0.18075985
-0.00293336
-0.64666352
-0.33772642
-0.50643534
-0.14957580
0.82490403
-0.30196851
0.44165662
-1.32203374
0.00251843
-0.51714631
-0.97784119
-0.82235283
0.92023178
-0.22042464
-0.31438325
-0.18588601
-0.24679295
0.90344969
-0.23655940
-0.53733606
-0.12995985
1.30269108
-0.17833282
-0.16455284
0.63808209
-0.14450928
-0.55123142
0.44241698
-0.44408137
-0.79486314
0.58828280
-0.58032604
-0.48263574
0.26230220
-0.11303004
-1.02309950
-0.06221158
0.23947787
-0.08876924
-0.31569140
-0.19267158
-0.33685074
-0.39302284
0.36450844
-0.84741939
-0.10419803
0.99065868
0.26018026
-0.03410355
-0.36085691
0.11494617
0.45308781
0.42058730
0.50844258
0.36330413
0.31201041
0.33756513
-0.55573843
-0.00858482
0.01918831
-0.30584855
0.90181827
0.00583565
0.05737656
0.26455800
-0.30155689
0.14420320
-0.26127655
0.92820888
0.30193559
0.18725648
-0.11420009
-1.39982373
-0.35995783
0.29754294
-0.77325073
0.26513536
1.73150911
0.66548711
0.26129194
-0.95068359
0.04222793
0.01591726
1.02827403
-0.30757278
-0.29007515
0.99059125
1.06178710
-0.57888200
-0.47508392
-0.51892189
0.08896591
0.61642649
0.14550896
-0.47279875
0.06989722
0.45229007
-0.17857980
0.81544429
-0.80458975
0.50638107
0.63081810
-1.21454220
-0.02462477
0.60925513
0.01529428
-0.39857441
-0.07336566
0.07434210
0.51590994
-0.20970571
0.62663366
-0.11420872
-1.14561416
0.44909497
0.14584800
0.26130562
0.02561476
0.27220287
-0.71424737
-0.96052258
-0.60975150
0.13358760
-0.16831379
0.21060043
0.38409222
-0.14655544
-0.81994936
-0.07183149
0.25810797
1.30055379
0.42830187
0.14098609
0.22813132
0.04330800
-0.13015122
-1.68920816
-0.22234318
-0.98044846
0.49171650
0.23981297
-0.37137147
-0.11036630
0.17472050
-0.91369324
-0.06201659
0.97423134
0.22925477
0.18996071
-0.24626433
-0.04871044
-0.17702928
0.36003136
0.45636574
0.83793648
0.05498083
-0.33765997
-0.11468076
0.15423250
-0.29676049
0.19666414
0.23631093
0.43947172
0.52760265
-0.70288158
-0.63498862
0.20438373
0.37917134
-0.97332466
-0.75933202
0.28658029
-0.01236096
-0.05886664
0.40360895
-0.73810315
-0.21179685
0.00069505
-1.31037689
0.62910471
1.04560311
-0.37642309
