-0.04933928
0.66900977
-0.45442439
-0.42724320
0.03284968
-0.13214963
-0.67544147
-0.52235354
0.68566531
-0.08538254
-0.29356185
-0.23281256
0.40121021
0.18197369
0.64174846
-0.00775376
-0.45834336
-0.36067117
0.17310318
-0.19552822
-0.65668828
-0.20135424
-0.26167891
-0.23949476
0.36410249
0.03560210
0.24150060
0.06579419
-0.21864127
0.35740058
-0.24306078
-0.21037920
0.52726367
-0.03576077
-0.21252806
-0.08069971
0.53596342
0.55177458
-0.22425215
-0.55825064
-0.95167650
0.11231597
0.41888559
0.57084856
-0.06750788
0.32563298
0.32736802
-0.42799733
0.27848494
0.25986953
0.19219612
0.13084641
-0.54739473
-0.55980124
-0.33474755
-0.23047091
-0.01051700
-0.04468812
-0.45371375
0.11734387
-0.08672254
0.21560466
-0.31064862
0.24999398
-0.11766027
-0.36532112
-0.08206418
-0.07768360
-0.39845105
-0.74865566
-0.22596590
0.51365249
-0.07531620
-0.14078575
0.37496667
-0.14353080
-0.29566653
-0.08652252
-0.30540415
-0.57195925
-0.70195961
-0.16190153
0.12315679
-0.28310309
0.19638650
-0.34319755
-0.07876445
-0.01778805
-0.05990927
0.06141639
0.00656521
-0.33483885
-0.63367381
-0.54679236
-0.04689217
-0.07774559
0.17542233
-0.34816939
0.10133779
0.98349155
0.35308440
0.01335388
-0.69431732
-0.74082970
0.07326223
-0.14572151
0.26057756
0.11403698
-0.07661004
-0.61116337
0.13635442
0.50478588
0.60343276
-0.26313723
0.55745367
-0.00380983
-0.30508924
-0.06488388
0.32746846
0.23951841
0.55730563
0.09556387
0.56858129
0.04308230
-0.56201286
0.41791212
0.06525508
0.43986189
0.31084304
0.33270199
-0.11725592
0.15044013
-0.02476622
0.59312969
-0.20204259
0.04448210
-0.18003489
0.10312549
0.10478679
-0.00841981
-0.19337014
0.66877414
0.16013464
0.37207419
0.07466913
0.22395150
0.32887855
0.06012809
-0.31308617
-0.45023136
0.27650561
-0.13079639
0.68630531
-0.52177096
0.11158421
-0.42386956
0.21173348
-0.50622649
0.03892997
0.46210677
0.04465129
0.25766576
0.23556532
0.13850846
0.33046435
-0.33432803
-0.19100069
-0.53996950
0.02848628
-0.02575613
-0.13051176
0.08227676
0.59876650
0.00985852
0.19871156
-0.08350818
-0.18811506
0.06536707
-0.11768550
-0.03670945
0.08937287
-0.05022314
-0.07563307
-0.29464671
0.11892709
-0.17245326
0.23021484
-0.28240318
-0.39938890
-0.51412886
-0.20625858
0.02354968
0.16104737
0.01801736
-0.29770011
-0.00950861
-0.62222315
-0.35504087
-0.12529740
0.71421207
-0.07012685
-0.45120310
-0.16721447
0.27143810
-0.07478343
-0.52352643
-0.13715956
-0.03025800
0.64736773
-0.00255981
-0.15982114
-0.23449828
-0.05616830
0.26144218
-0.96034131
-0.23913398
-0.16934190
0.09477003
-0.70587010
0.62661823
-0.35169945
-0.52007818
0.23792358
0.01895994
0.04701707
0.57907301
0.24609090
-0.32863066
0.24602350
0.18752710
0.35281830
-0.38043418
0.14006449
-0.25589418
0.15224946
0.50561018
0.01539363
0.19799368
-0.40244992
0.08627420
-0.32719126
0.59102845
0.14043895
0.23602112
-0.01006035
0.56321377
-0.25885324
0.04086101
-0.14170026
0.15688351
-0.31738202
0.45453623
0.57035814
0.19583017
0.34003582
0.40518379
-0.64746702
0.20225864
-0.19953268
0.08332722
0.40547665
0.30102584
-0.44466664
-0.33465782
0.19288209
-0.36983376
-0.10323384
0.53548226
0.06355360
-0.33998896
0.56808111
-0.06119013
-0.65966407
-0.40800410
0.17547863
-0.46017164
0.39850458
-0.20181294
-0.24428221
0.22701295
0.20084498
0.15784060
-0.04741124
0.15869466
0.21988815
-0.23435233
0.29516688
0.04712715
-0.17649208
0.95818999
0.39514507
-0.13312024
-0.00680723
-0.17901743
0.33098293
-0.33902128
0.00924787
0.22159235
-0.14030577
-0.25982887
0.54236811
0.13509990
-0.05420112
0.15466129
0.18294165
0.36969077
-0.77771506
-0.21742369
0.03023283
-0.16645434
0.28030999
0.12689121
-0.46356730
-0.24698223
-0.03538265
-1.01044492
0.00426691
0.23888069
-0.13471452
0.36398515
-0.14640878
-0.02262691
0.07091987
-0.12118862
-0.14922464
-0.37067095
0.01321059
-0.15538050
0.48217614
0.16094100
-0.83715259
0.43691935
-0.61788061
0.42399055
-0.19276461
-0.27772200
0.29862011
0.08122158
-0.67759904
-0.49210126
0.07817591
-0.17413529
-0.38371853
0.11567902
-0.15349309
-0.41697850
-0.03343324
-0.18696512
-0.09580770
0.04528357
0.40256248
-0.03912687
1.02500828
0.41286530
-0.54503684
-0.02477557
-0.47738341
0.64009384
0.09795222
0.35023451
0.16606543
0.49297198
0.23835349
0.16473171
-0.15156651
0.25097766
0.38189410
0.03022130
-0.06677535
0.03421693
-0.14018102
-0.02245127
-0.08193417
-0.05871340
-0.09336483
0.05348786
-0.10404747
-0.14970459
0.44890169
0.31264667
0.20658947
-0.27125132
0.40678564
0.03773837
-0.14225785
0.23589002
-0.19304314
-0.11615853
0.00344994
0.22078972
1.16840169
0.07587054
-0.36655789
0.16618240
0.79609902
0.07160230
0.09098424
-0.33056266
-0.32349735
-0.15953044
0.00791008
0.08072769
-0.03217292
-0.10024792
-0.32181199
-0.03382396
0.63926597
-0.12904393
-0.38359269
0.05416656
-0.33116137
-0.04059614
0.18230644
0.17310199
-0.09396304
0.63699983
0.47405450
0.16231780
0.18643952
-0.42881710
-0.31301169
-0.02375069
0.01352416
-0.42805512
-0.05716200
0.13078999
0.08424283
0.18419849
-0.33555582
0.18963086
-0.23399594
0.16598681
-0.14436364
-0.45712930
-0.45838175
0.41696406
-0.21347931
0.16599465
0.08273657
0.04614594
0.38052520
0.10382335
0.37819706
-0.61122465
0.08172661
-0.22076666
-0.22644383
-0.67466553
0.02582409
0.48723761
-0.27812276
-0.21001224
0.13271328
-0.06535822
-0.95474016
0.38148338
0.02308768
0.05524239
0.00751295
0.17697821
-0.06091462
0.21599046
-0.14350306
0.01720069
-0.12399068
0.34849428
0.11816730
-0.26850567
0.14525264
0.46300295
-0.09364108
-0.31663468
0.25230914
0.43586403
-0.20205508
-0.19862271
-0.11807246
-0.35832729
0.18304512
-0.38691362
-0.22643051
0.41757001
-0.40329717
-0.34991996
0.01930904
-0.34569878
0.31106140
-0.62760401
0.53447071
-0.07112479
-0.18887903
-0.04675428
-0.18959318
-0.66321117
0.33569678
0.37673659
-0.27874424
-0.26563119
-0.71702490
0.11790539
-0.60614233
0.15377709
-0.15443240
-0.12803885
-0.46250298
0.50049630
0.05042765
-0.26292889
0.35583847
-0.19369701
0.29920652
-0.15608525
0.69222556
-0.22784917
0.46674726
0.19781289
0.07978815
-0.34210833
-0.14818912
0.38869234
-0.22489184
-0.10314641
0.23375093
0.11222176
-0.01592985
-0.38055084
0.10484730
0.00754040
0.45452178
-0.03297298
-0.07218491
-0.45069074
-0.12213742
0.64238697
-0.24218304
0.08652022
-0.02516778
0.40190189
-0.25317478
0.14482995
0.07463922
-0.38838924
0.60073601
-0.34334962
-0.28728103
0.24473158
-0.58980490
1.11238907
0.26383576
-0.08520660
0.16399710
-0.20343038
-0.60993431
-0.33401440
0.24667623
-0.67461893
0.13056079
-0.28358529
-0.03233751
-0.30478941
-0.26803394
-0.90715830
-0.09957171
0.21109001
-0.29838964
-0.09178811
-0.02270779
0.09244366
-0.71452767
0.33654002
-0.43253796
0.43454953
-0.38649598
-0.28300984
0.00356473
-0.05031635
0.40813704
-0.36253137
-0.68543926
0.47690931
0.50290641
-0.61755763
-0.27445399
0.42572598
-0.17747417
-0.09189391
-0.49397265
-0.21606598
-0.02110655
0.21544208
0.28950342
-0.08663502
1.08514159
-0.45947915
-0.00225218
-0.53410418
-0.10725431
0.79445295
-0.30891710
0.04561736
0.01132950
0.09156726
0.61640796
-0.42365828
-0.70235464
-0.76959774
0.57306680
0.00746576
-0.06613338
-0.14067394
-0.54034849
-0.62264370
-0.32565873
0.03861389
0.63496006
0.11742586
0.64438285
-0.06218679
-0.24525384
-0.54120948
-0.02097343
0.17431283
0.03184031
0.19693699
0.16414326
0.25858579
0.94528640
0.55292835
0.57286290
0.22827585
0.07744787
0.27970986
0.70525137
0.52675557
-0.21056392
0.11071408
0.16576259
0.21617153
0.14845617
0.68803695
0.25971886
-0.46875387
-0.02649340
-0.03232983
-0.10596040
-0.17093643
-0.60026719
-0.62114221
-0.97406767
-1.47922044
-1.39513244
-1.12207671
-1.06300721
-1.56607756
-1.81763948
-1.24694892
-0.74130560
-0.89977633
-1.05963584
-0.84760940
-0.88381860
-0.51780370
-0.53715780
-0.47649413
-0.24322399
0.14396153
0.49725090
0.92966417
0.98586959
1.07769618
1.15817923
1.09301474
1.28047238
1.48188055
1.49724680
0.89984587
1.42668765
1.21912929
1.67860276
1.02831665
1.27909253
0.97931393
1.03337873
-0.15824568
0.73618697
0.80597222
0.75141998
-0.17089753
0.05898132
-0.02626518
-0.48011743
-0.24820492
-0.50269764
-0.18675590
-0.30022383
-0.02419567
-0.65152942
-0.30542149
-0.71924279
-0.91099025
-0.68088858
-0.60421374
-0.89995999
-0.31973990
0.33498089
-0.83537467
-0.86825308
0.19298731
0.33117249
-0.22470465
-0.44834474
0.14957097
-0.18617033
0.08222527
0.03655387
0.05797017
0.06430674
-0.47573341
-0.13610769
0.26916586
-0.35626831
0.36958391
-0.28433105
0.31773717
0.19358384
0.13192745
-1.11588710
0.15971401
-0.06018371
0.32960395
-0.39712476
0.45191135
0.22965780
-0.33385424
-0.08011723
0.21091634
0.28294140
0.18913153
-0.16748728
0.14369033
0.41961563
-0.06885903
-0.13889112
-0.82295323
0.05945092
0.18271925
-0.16098962
-0.13039719
0.01190342
0.42303829
0.00751302
0.47863554
-0.10139930
-0.35013206
0.43847956
0.12370276
0.17066768
0.30800366
0.24574519
0.18912583
-0.32338267
0.65124636
-0.66416959
-0.44711497
0.17606384
0.10189649
-0.04899184
0.13046034
0.22438692
-0.11956849
0.14234916
0.14571643
0.12185289
-0.39501759
-0.11480374
-0.21252567
-0.16453140
-0.18371673
0.17200613
-0.38480454
0.53050528
0.13445125
-0.36285140
0.43911056
-0.16628860
-0.61976534
-0.46990294
0.37640984
0.52332256
0.10964348
-0.40157471
-0.25903720
-0.19746038
0.22668716
0.44722865
1.00548081
-0.28844126
-0.07725301
0.43232313
-0.15560673
0.03853993
-0.36819712
0.39105663
0.54714656
0.31150725
-0.12816131
0.19654608
0.11584784
-0.47875872
-0.55993949
-0.11791650
-0.36836780
0.09208600
-0.18490607
-0.45279207
0.78320932
0.22394300
-0.26007643
-0.11133733
-0.15316109
-0.12497412
0.12097332
0.29512742
0.23898054
-0.05961152
-0.52966792
0.44367111
-0.25124328
0.11307086
-0.28225475
-0.18657487
-0.43214702
0.61421088
0.08358169
-0.36184233
0.10176646
-0.21794428
-0.23728105
-0.11003082
0.09588727
-0.14891470
0.15865333
-0.17907946
-0.32286372
-0.19900839
-0.08635223
0.23153277
0.02719443
-0.38326263
-0.15008581
0.84701697
-0.32695451
0.02376232
-0.15500748
0.09675888
-0.34134301
0.31886478
0.11215943
-0.07435753
0.07259374
0.10409715
-0.12006307
0.21604895
-0.14230484
0.30531128
0.15453381
0.03244042
-0.03368262
0.44603629
-0.10189578
0.01480131
0.51675785
0.04098391
-0.61622520
0.21203091
0.24705089
-0.15354152
-0.54725503
0.11573343
0.46894255
0.05096580
0.07449063
-0.00683229
-0.54977208
0.41455166
-0.16648416
0.52182293
0.37435411
0.06345746
0.10702589
0.11522129
0.22302639
-0.31877136
0.73185602
-0.32544087
-0.16012843
0.07699949
0.09461831
0.15593419
0.02977358
-0.58766914
0.02851759
-0.28744915
0.01402818
0.58643373
0.69454449
0.36136973
-0.00085288
0.31844506
0.87123485
0.29870613
-0.59704128
0.41679946
-0.13826473
0.10125499
-0.34926217
0.22167256
-0.30006352
-0.07962194
0.54562475
-0.17065802
0.13843122
0.23407710
0.68839641
-0.64788988
-0.68963245
-0.21712252
-0.26385951
-0.19830811
-0.26310017
-0.29348427
0.21727896
-0.45802604
-0.02544499
-0.59294068
0.11964138
-0.01154273
0.02136996
-0.28084754
0.25450341
0.66680750
0.03252299
-0.41594200
0.00702061
0.22329244
0.87706406
-0.21466415
-0.53943264
0.26824528
0.36972443
-0.21065178
-0.54560582
-0.10773530
0.04787679
-0.32503525
-0.20200066
0.02868016
0.30101165
0.02042803
-0.61554773
-0.10344848
-0.10151247
-0.21891521
-0.17503107
0.48660794
0.33339087
-0.36099232
-0.32927968
-0.42466270
-0.22859856
-0.90229210
-0.08553257
0.16381539
-0.21248486
-0.18635987
0.41943880
0.07162631
0.03734918
0.17971485
0.57769086
-0.67130995
0.01144594
0.62262276
0.24739157
-0.31823407
-0.21993898
0.00832064
0.11665379
-0.73936418
-0.38314581
0.48453740
-0.12351147
0.08827991
0.48700277
-0.00513441
0.07330163
-0.13132337
0.19087475
-0.05830106
-0.21885832
0.02713302
-0.27010738
-0.00623274
0.38957702
-0.16853599
-0.21123437
-0.64874973
-0.51104104
-0.22942023
-0.35470731
0.10327298
0.09364543
-0.03334416
-0.27267568
0.19566190
0.39902688
-0.47684612
0.09267968
-0.30810241
-0.00468006
-0.24346186
0.06996238
0.03187647
-0.53181274
0.35403073
0.19157538
-0.06222901
-0.53498610
-0.18718089
0.41328295
0.30139592
0.72666452
0.35345904
0.47648112
0.49231377
-0.26278819
0.28274015
-0.59964778
0.20832890
-0.29953722
0.11954274
0.13286144
0.02393361
-0.21441122
0.13675755
-0.17201358
-0.28011435
-0.04664494
-0.08987395
-0.01189311
-0.21116799
-0.13088238
0.13475274
0.41357516
-0.20476144
-0.02188611
-0.47642693
0.08443243
-0.15662882
0.45457926
-0.21806033
-0.09095791
-0.28647787
0.01889534
-0.28186203
-0.03074816
-0.61873772
-0.11845321
-0.07185080
-0.39556983
-0.67682250
0.54708057
-0.34908011
0.01456487
-0.81855810
-0.15513094
0.23939677
-0.61265099
0.41932102
0.23327259
-0.89527238
-0.22605334
-0.42099114
0.29461872
0.75405166
-0.12207601
-0.17405306
0.33796895
-0.24786247
-0.42287317
-0.14466916
0.55615441
-0.17902096
0.61765854
0.22349384
0.09982520
-0.15523803
0.43569501
-0.50010889
-0.36593279
0.22352398
-0.31511500
-0.57437219
-0.00580968
-0.25811066
-0.44381862
-0.16461078
-0.34798679
0.00579851
0.66596365
-0.79949788
0.20278093
-0.31145917
-0.14373992
-0.26631081
-0.02412305
-0.01372282
-0.00141818
-0.24249434
-0.29262548
0.14497110
0.13553075
0.07487328
0.47915292
0.11302152
0.30033207
-0.22392191
-0.23381614
0.14124462
-0.56619473
0.01112591
0.47840593
0.55294930
-0.44322203
0.15537141
0.25771662
-0.30361627
-0.29875264
0.12262331
-0.04029227
0.30254633
0.34509068
0.15151141
0.35544599
0.42363030
0.06923612
-0.16266672
0.74563658
0.51864553
-0.06436464
0.74663607
-0.10184346
-0.27031699
-0.19803867
-0.08048124
-0.27752846
0.68176785
-0.53851421
-0.49478467
0.04647988
0.19077182
0.11756843
0.18815827
-0.14910558
-0.27055303
0.46593304
-0.66052971
0.35496400
0.39544015
-0.35938113
-0.68682641
-0.49599923
0.14634041
-0.28052533
-0.48147019
0.57440937
-0.01174590
0.41447669
-0.03334056
0.00732005
0.35222816
0.03681442
0.14034172
-0.13893113
-0.64532768
0.14919721
0.49820895
0.37439046
-0.01424453
-0.37952412
-0.33365346
-0.01724719
-0.51203600
0.10947276
-0.42306421
0.04097959
0.57610397
0.29769496
-0.47270824
-0.40762245
-0.00326920
0.39524179
0.01710671
-0.14628857
-0.29397335
0.11989809
0.16779557
-0.86817003
-0.27194235
0.54819332
0.00590962
-0.60278309
0.07537072
0.45403732
-0.09250877
-0.24672840
-0.00366948
0.69832418
0.40335225
0.07732935
0.30129523
-0.36097530
0.02710032
-0.13609355
-0.76139860
0.02836549
0.01491972
0.02755461
-0.21485916
0.05956635
-0.06464051
-0.56576759
0.14933824
0.39136543
0.14495479
-0.07669965
-0.40724580
0.36731910
0.22129802
0.55927537
-0.09659783
0.13498638
0.35582520
0.10525529
-0.81694554
-0.03871455
-0.20764497
0.25870567
0.17796331
0.20083295
0.09813926
-0.42148306
-0.08347825
-0.21379898
0.24051983
-0.68065502
-0.28704017
0.54361124
-0.03716254
-0.04119879
-0.64271929
0.37695852
0.28408025
-0.05856443
0.36407043
0.01714431
-0.17998862
0.57089892
-0.19076533
-0.20858693
0.15539824
0.09271792
-0.03014102
-0.33729044
-0.36213721
0.34260806
0.39776907
0.34721337
-0.13804822
0.42107825
0.02594282
0.38959988
0.62566840
0.40544302
-0.53743182
-0.17155277
0.01693903
0.07595006
0.15374600
0.22061478
0.36077067
-0.32996614
0.54262698
0.17441917
0.24982899
0.00714868
0.69008922
0.06285789
-0.29854798
0.01953913
0.47613761
-0.05705157
0.35647398
-0.25368729
-0.25106356
-0.05800385
-0.15964001
-0.65916141
0.21872016
-0.36083504
-0.01003297
0.14868262
0.42609133
0.42989162
-0.07927250
0.31864077
0.66943343
-0.07307680
0.04776393
-0.19471824
-0.61832200
-0.27632651
-0.18851382
-0.18792803
-0.24346452
0.21485833
0.29470450
0.14552585
0.00525175
0.01435323
0.17477662
-0.39674962
-0.49767036
-0.39047846
-0.05286693
0.05470821
0.39503706
0.56359427
0.45277006
0.17441129
0.19876803
-0.31344629
0.24607291
-0.17957031
-0.13113445
0.14626830
-0.23559798
0.25641724
-0.34734587
-0.36788642
-0.11543704
-0.52660384
0.13164690
0.22433100
0.51675504
-0.05517693
0.01433289
0.05079766
-0.08995501
-0.17734329
0.16861782
-0.11096343
0.11719224
-0.05819616
-1.08375704
0.54699623
-0.58437126
0.08414440
0.07792725
0.36234817
0.65747499
-0.40756360
0.40379168
0.70695268
-0.21177276
-0.09248663
0.38722356
0.21445565
-0.15900855
0.05638993
0.25619214
0.07422736
0.50378604
0.12634637
0.19357143
0.34836840
0.20563786
-0.44754578
-0.13246283
-0.33210617
0.05463508
-0.52384464
-0.84289673
-0.36472148
0.58202937
0.08263485
-0.25772339
-0.05047472
0.42250750
-0.18992346
0.22325705
0.07812177
-0.02602371
0.37929336
-0.16920765
0.41753441
0.76130498
-0.19547046
-0.26666527
-0.36310106
0.03507686
0.84372536
0.26188099
0.29184198
-0.49361965
-0.14313581
0.99195095
-0.12163305
-0.05955517
-0.21030767
0.27222629
-0.28657732
-0.08912010
-0.04168509
0.16228300
0.02468219
0.42233575
-0.46761748
-0.05754771
-0.27633188
-0.40663819
-0.00576092
-0.05160017
0.14705962
0.21138174
0.49061241
0.00178169
-0.12965841
0.20846907
-0.21017938
0.35857772
-0.40840026
0.46762138
0.41168460
0.07994692
0.29533549
-0.32066949
0.16317544
0.27096669
-0.15428113
0.15091915
0.00293722
-0.07668216
-0.55039518
-0.24302410
-0.08387880
-0.07737951
0.59983503
0.60411712
0.39422194
0.07993354
-0.07056053
-0.08451052
-0.03190226
-0.07737491
0.23926218
0.30943410
-0.43079889
0.46496091
0.50121514
0.10933560
-0.15944151
0.06507427
-0.16865138
0.45074315
0.52626808
-0.07472441
-0.05768381
0.13261149
-0.44460551
-0.18551751
0.00199148
-0.41847528
-0.44371021
-0.30053392
-0.06783197
-0.04983362
-0.00006194
-0.70542934
-0.00584325
0.34272727
-0.00717739
0.13492234
0.34119187
-0.04894963
-0.16265682
-0.38060881
0.75017607
0.43934038
0.16533832
0.05798329
0.40116533
0.44463683
-0.05681192
-0.18850933
0.16767337
0.43393271
-0.24907205
-0.51851161
0.31282117
0.26867536
0.02542711
-0.48349502
0.35375285
0.17625222
0.10915698
0.42982661
0.36820990
0.07354044
-0.01798966
0.29432279
0.12587761
-0.15403233
0.30642044
0.16392971
-0.46248369
0.38625113
0.53223572
-0.16234463
-0.14385041
-0.07462753
-0.17620851
0.21979574
0.70794835
0.71186430
0.22451908
-0.40975995
0.14853278
0.15819599
0.61511099
-0.10404371
-0.01339725
-0.57510110
0.02304737
0.59413838
0.24172529
0.33937059
0.58114508
-0.28980789
0.01977281
-0.52377261
-0.29249869
0.36698550
0.22980595
0.02226627
-0.49806248
-0.16124374
0.12351953
0.07112205
0.27774502
-0.44285818
-0.38664160
0.06639041
-0.06070467
-0.00314016
-0.02343054
0.07541651
-0.57767537
-0.35190525
0.15145078
-0.15989789
-0.29449006
0.25808156
0.44352919
-0.35430396
0.24918967
-0.13309472
-0.03115341
0.08290483
-0.13954656
-0.13186549
0.26917813
-0.44637978
0.13502029
0.09606895
-0.00938542
0.15637383
0.65145714
0.06856424
-0.66178232
-0.12439486
0.14961647
-0.34714623
0.65420122
0.22731724
-0.15541305
-0.43559530
0.63118055
-0.00164804
-0.12896451
0.45007598
0.57707594
1.26717390
0.42368112
-0.19563987
0.26408206
-0.03630017
-0.27274385
-0.42201951
-0.39325642
0.12611499
0.14485806
-0.24544522
-0.31233469
-0.07870062
0.22173298
0.20256423
-1.14105400
0.01924910
0.37646870
-0.54335324
0.09360918
0.04510702
-0.32116641
-0.42182290
-0.23962207
-0.27325102
0.01082059
-0.16271792
-0.43444185
0.62103008
-0.03776678
-0.48161003
0.07548954
-0.64827880
-0.29249346
-0.65761125
0.34712151
0.12560496
0.01420201
-0.06157670
-0.19842253
0.45425160
-0.00692355
-0.10031458
-0.05776841
-0.01572059
-0.13667321
-0.32518843
-0.48583450
-0.19242298
0.10767146
0.49180638
0.32941869
-0.02641838
-0.04770049
0.42277387
0.05547510
-0.56943085
0.01829877
0.16145818
0.19406255
0.07527098
-0.21611845
0.35961909
0.29580699
-0.37662482
0.14800141
0.02966452
-0.03190486
0.67635336
-0.76890177
-0.74225559
0.10043469
-0.20163946
0.60434859
-0.22006378
0.02389589
0.75468780
-0.02799668
0.13775658
-0.51343638
0.04085482
0.05051264
0.26071271
-0.24687039
0.18926822
0.18081635
-0.62757933
-0.15577941
0.24278963
0.40236106
0.16078058
-0.64820261
-0.19092771
0.17720547
0.58637290
-0.33592010
0.16622161
0.82193165
-0.07840502
-0.62427847
-0.14178671
-0.38004953
0.06207961
-0.43700357
0.10150368
-0.30505654
0.00473449
-0.09129355
0.27644798
-0.17903182
-0.23462371
0.53600751
-0.28883382
-0.58252800
-0.37177408
-0.66849632
-0.61506340
-0.29811864
0.56351938
-0.23341656
-0.06885297
-0.42286908
-0.21038142
-0.64308967
-0.09722505
0.51494701
0.02172064
0.13080093
0.17671722
-0.67444839
0.10542532
-0.51677716
0.04400768
0.53770727
0.16051814
-0.84965367
-0.43484725
-0.15301055
-0.11749733
-0.24707164
0.54237731
-0.07910925
0.12927793
-0.41139880
0.05627219
-0.10436633
-0.38957147
0.09365866
0.37669479
-0.04384639
0.15763714
0.00810149
0.08451703
-0.38775637
0.04222094
-0.10466602
-0.52351285
-0.04220692
0.10279126
-0.29799974
-0.19934564
-0.31235142
0.32326524
-0.34735671
0.32447430
0.10882763
0.18822303
-0.02520884
0.83429968
-0.34893647
-0.11717838
-0.03272602
-0.19907384
0.60473680
-0.27517008
-0.12543132
-0.00026338
0.31384677
0.18075249
-0.61022633
0.36286684
0.52741170
-0.85140785
-0.22246646
0.33901057
-0.37406252
0.07850143
-0.01078854
0.18255189
0.00123391
-0.16578841
-0.22148790
0.11151871
0.22529324
-0.31384449
-0.49327066
0.21525814
0.35437535
0.00187228
-0.20827531
-0.44847131
-0.21323393
0.03177020
-0.41891308
-0.15176686
0.98363380
0.13434076
-0.14171878
0.19881745
0.36696160
-0.95421677
0.06712735
-0.23087289
0.32257821
0.23437386
0.34310482
0.38066923
-0.09436536
-0.16290655
-0.69031908
0.36890463
0.17359969
-0.44356090
0.26288901
0.04424561
-0.00074914
0.09153809
-0.01397567
-0.01084522
0.22016730
0.09238745
0.13460682
-0.15033607
0.06646942
0.45857451
-0.65503515
0.05933978
-0.35005795
0.29860394
0.82864620
-0.17341080
-0.40876933
0.18763298
-0.01091284
-0.31552751
0.35467136
-0.35978520
0.32400226
-0.41623825
0.05805266
0.55269650
-0.01045139
0.38836114
0.25766119
-0.21061297
-0.19925453
-0.25329118
0.01518350
0.48571775
0.31970591
0.02474584
-0.35449979
-0.08680609
0.16127839
0.30565833
-0.23342614
-0.07253868
-0.03551097
-0.16905588
0.12145575
0.25352047
-0.09203115
0.10181648
-0.13027435
0.32629864
0.07532805
0.14085958
-0.13128205
-0.01693685
0.34469728
-0.21223910
0.17615634
-0.21333144
-0.10897223
0.00660778
-0.12535457
-0.58471536
-0.08630321
-0.17579241
0.27096093
0.19341403
0.18050715
0.83155976
0.20896109
-0.70926603
0.26291283
0.50797082
0.46943407
0.19887005
0.03883508
0.25908574
-0.20163760
0.31655931
0.44878180
0.16898814
-0.09155648
-0.12538400
-0.57384160
-0.40215162
-0.18267487
0.04600471
0.11746437
-0.01060591
-0.10692094
-0.33776654
-0.01140142
0.28688256
0.01767179
0.03079007
0.60361477
-0.21705163
-0.46623766
0.09454784
0.26337100
0.36680724
-0.52798979
-0.18749785
0.03054591
0.51019993
0.78682982
-0.27313728
0.73980113
0.04707507
-0.34874980
-0.42534610
0.23851733
0.28316679
0.07350244
0.17943516
-0.13228583
-0.15505154
-0.00195335
0.09306992
-0.02929352
0.27537204
0.12106718
-0.11282006
0.14751549
-0.20520199
-0.71902745
-0.12076349
-0.56051043
0.37346647
0.26467348
0.48765913
0.86588302
0.08943041
0.08996059
-0.01057080
-0.34860851
-0.09839230
-0.15469956
0.23391966
0.00095644
0.05804112
-0.80058758
0.43797849
-0.11494500
-0.15921938
0.19636466
-0.27114463
0.05667564
0.10543118
-0.12237641
-0.06700795
-0.08979603
0.00569221
0.07374823
0.24789534
-0.27020267
-0.78419433
-0.51530031
-0.05306914
0.41519638
0.26413284
0.55890565
0.49406904
-0.24534485
0.08093415
0.18912093
0.88649593
0.18834288
0.05895408
-0.10082994
0.22068131
-0.23737634
-0.18451223
0.34133765
0.39234230
