-0.06189102
-0.04769606
0.11582944
0.06986710
0.10844768
0.00740435
-0.16055035
0.14471151
0.03285156
-0.09596934
-0.14846059
-0.02172536
-0.11831953
-0.14844976
-0.01422111
0.07724305
-0.00818928
0.07178581
-0.03582741
-0.27811722
0.11938093
-0.08863763
0.03197002
0.02062181
-0.01210237
0.27823499
0.04239543
0.23094794
-0.21734827
-0.24423295
0.18946771
-0.00498605
0.19671240
-0.13188341
0.11499631
0.06731855
-0.06042909
-0.09238598
0.17111246
-0.23362201
-0.11912050
-0.20153727
-0.05379185
-0.12218953
-0.03594268
0.23958027
-0.09301897
-0.05225310
-0.05150983
-0.00691148
0.09991796
-0.12579077
0.00347213
0.03536816
-0.00362683
0.05917711
-0.21637809
0.05420958
0.01567215
0.24772321
-0.01603624
-0.01896478
0.00200595
0.00573398
-0.05709988
-0.29249857
-0.25809240
-0.02305678
-0.08816006
-0.01170276
0.13508957
-0.14657168
-0.09076672
-0.09440742
0.02275404
0.19145412
0.00172741
0.07787357
0.10854735
-0.10526866
0.17037664
0.03677969
0.15645272
-0.06995477
0.03066802
0.19169299
-0.15614572
-0.11826996
-0.17623186
0.07450300
-0.00108699
-0.01338000
0.27607363
-0.10593903
0.10950131
0.16150205
0.06164870
-0.05998658
0.32773485
-0.13155018
-0.01765188
-0.15836735
0.00743706
0.18771330
0.03442647
-0.21931608
0.04124212
0.01094069
0.00038443
-0.13702751
0.31229973
0.07121342
0.08785657
0.04910271
-0.06114597
-0.07900420
0.03382746
0.07089212
-0.17839222
-0.20700828
0.09414267
-0.24157020
-0.14902548
-0.14181216
-0.02694934
0.20691886
-0.27309357
-0.15581895
0.34709941
0.01739302
-0.36485591
-0.01072012
-0.00487429
0.05136585
0.03129889
-0.07390541
0.02880114
0.29425417
-0.13192313
-0.16797310
-0.19832711
0.22076544
0.04381240
-0.08041676
0.03813364
0.13128865
-0.30229333
0.14529697
-0.25756226
0.18495528
-0.03144197
-0.20815411
-0.03650658
0.11839125
0.04965971
0.12355777
0.09966706
-0.13804109
0.01591299
-0.05280357
-0.03920987
-0.04602966
0.13480578
0.03401741
-0.21524908
0.22974932
0.14541282
0.08184077
0.25080886
-0.15915919
0.23317100
-0.11880264
-0.04985590
-0.19368656
0.08190544
0.14991821
0.16037465
-0.06042647
0.01275452
0.06720940
0.16331602
-0.10427935
-0.09248603
0.00178869
0.00720859
-0.22588953
0.04025124
0.00926049
-0.13659590
-0.07420313
-0.16909381
0.01452189
0.06836524
0.08853598
-0.10142155
-0.00534373
-0.19117272
-0.23957805
0.19003326
0.23416092
0.19929742
0.02362961
-0.01195555
-0.00451690
-0.00586571
0.02100164
0.09604853
0.30710830
0.06665322
-0.17015879
0.10973990
0.07533617
-0.04496980
0.22392363
-0.05616283
0.01097077
0.01665738
0.01583036
-0.16032052
-0.00751193
-0.07632786
0.05006225
0.07309269
0.04641941
0.01911565
-0.32487743
0.05486106
0.01429016
0.09240620
0.03584552
-0.27359829
0.25303638
0.10650203
0.10629024
0.22374084
0.05928586
-0.14158970
0.14804939
-0.00253727
-0.07563193
-0.26657841
0.09007012
0.11042933
-0.22894193
0.09654540
0.07806919
-0.15429290
0.02380104
0.04954633
0.38800877
-0.21863231
-0.05087025
0.23820275
0.04962857
0.11491287
-0.08732171
0.14395697
-0.17444221
0.13817942
0.14536608
-0.22567597
-0.20120882
-0.02300623
0.23595268
-0.21006479
0.20233214
0.27906952
0.26190033
-0.04393641
-0.08457139
-0.10253100
0.16955767
-0.14076766
-0.02031650
0.20363338
0.27020160
0.12356390
-0.18862136
-0.10568270
0.15007574
0.22889152
0.02313401
-0.08649347
-0.07714211
-0.21177780
-0.00735371
0.38842767
0.00683803
-0.02894038
0.04803287
-0.03404828
0.00261233
-0.13613371
-0.01061267
0.18833034
-0.15619673
0.02938047
-0.01827569
-0.23319688
-0.22626135
0.14115179
-0.19110370
0.04477871
0.24032680
0.43619363
0.10623439
-0.14079481
-0.03226667
0.15636408
-0.13570146
-0.20386020
0.02930856
-0.15540033
-0.09261402
0.18208271
-0.01432263
-0.12619710
0.00419805
0.14010311
0.06274238
0.38881472
0.04259065
-0.20049026
0.14896402
0.15748286
-0.11705772
-0.04521519
0.10404169
0.09912854
0.09827584
0.12440152
-0.09651942
-0.28965435
0.08943425
0.18655711
-0.09083098
-0.03938401
0.11472937
0.03888610
-0.03013664
-0.04139774
0.26715596
-0.05871128
-0.06117758
-0.19400336
0.14443607
0.09699535
0.08058500
-0.02198618
0.02876028
-0.34090275
-0.18092044
-0.29394625
-0.15454607
-0.28549945
0.10089103
0.14761943
-0.08630123
-0.05516794
-0.13984555
0.09453815
-0.03601245
0.13567597
-0.00235582
-0.16776847
-0.18615244
-0.04022602
-0.00147616
0.20071582
0.46661937
0.01921435
0.16182523
0.01794297
0.11212116
-0.31097542
0.08663625
-0.28848139
0.15902054
-0.14689223
-0.09736669
-0.10240929
-0.05778628
0.09893421
0.17376877
-0.10010526
-0.14346938
-0.06992007
-0.03788114
-0.21223032
0.10598261
0.07181897
-0.17015548
-0.10274144
-0.00572879
0.13839878
0.03958632
-0.33017728
0.22475152
-0.29657033
0.06524071
0.02495984
-0.00749535
0.14741807
-0.08777187
-0.00518954
0.02785651
0.12814503
-0.03166774
-0.12057570
0.09734274
-0.08605644
-0.01209404
-0.02373228
-0.23120361
-0.15483554
0.07496860
-0.35532517
0.38487289
0.03096685
-0.07145161
-0.07279973
0.04105667
0.01035937
-0.13035807
0.02839970
-0.13128878
-0.05825889
0.15735958
-0.23927158
-0.35513637
-0.06554062
0.13784705
0.05574381
-0.02840459
0.03465629
0.04158918
-0.38303320
0.32200259
0.16821414
-0.07578175
0.22996383
0.16508152
-0.12299963
-0.11207492
-0.01745730
-0.10522893
0.05040485
0.02747038
-0.17779012
-0.10503233
-0.02425224
-0.12716156
0.04526103
0.03240870
-0.04396632
0.15214351
-0.15177232
-0.14370768
-0.21795385
-0.37452317
-0.02063753
0.17709390
0.09675113
-0.22397259
0.03448973
-0.07627934
-0.23036105
0.01456876
0.30225351
-0.34402714
-0.13732475
0.03523064
-0.16677180
-0.14897387
0.10554080
-0.14672520
-0.10345147
0.14344687
0.10252693
0.01410121
0.09583031
-0.14045991
-0.10465673
-0.12211612
-0.12972306
-0.40462050
0.13622220
0.14963323
-0.02553493
-0.29863159
0.05101612
-0.14313781
0.09518252
0.18915166
0.14002672
0.30106847
-0.05419818
0.00438625
0.05427469
-0.24293432
0.36240894
-0.11027842
0.00197050
0.03213658
-0.07144263
-0.16528794
-0.06950055
-0.04702080
0.16205147
-0.01245085
0.00241133
0.10061139
-0.17588241
0.06227035
0.03422018
0.03765050
-0.10278585
0.35046969
0.00435211
-0.12634953
0.10767713
0.00526180
0.10837305
-0.14764750
-0.13791460
0.07172235
0.14897386
-0.12850366
-0.14270718
0.10170919
-0.16045519
-0.00912375
0.03012390
-0.10690730
0.07273944
-0.08540460
-0.17640491
0.25280934
0.06835450
-0.05847825
0.07014179
-0.03475754
-0.16891420
0.23287928
0.04917684
0.10427035
-0.20076943
0.06620270
0.33738845
0.15921856
0.02902876
-0.05195612
-0.04411142
0.16262714
-0.06986794
0.11948432
-0.10778252
0.24577325
0.17070462
0.15045105
0.06135445
0.10673282
0.12104453
-0.05824150
0.05776248
0.00818994
0.07189355
0.06202914
-0.34581067
0.18537124
0.26364117
0.00316162
0.12216210
-0.02454893
0.04231776
0.03162132
0.03612405
-0.06113465
0.09148200
0.16844641
-0.04502843
-0.17178588
-0.14382130
0.05911911
-0.15719354
0.14529551
-0.01337652
-0.00117864
0.14832236
-0.08662427
-0.05324681
0.10406450
-0.12071551
0.08059469
0.05466164
-0.04776478
-0.09200743
-0.02847167
-0.02688374
-0.02482360
0.18992458
0.21820057
-0.01520899
0.08268643
0.33826981
-0.06608102
0.14653457
0.18987684
0.17842922
0.31715605
0.05907925
0.15458832
0.12247379
0.39431568
0.03300389
0.31645654
-0.01550872
0.44797398
0.21841887
-0.05188485
0.38505678
0.37726960
0.33820887
0.03349677
0.32911761
0.14748439
0.17261758
0.40455010
-0.02231335
-0.03844005
0.00933755
0.08971015
-0.04007423
-0.14082346
-0.20379272
-0.32707127
-0.28713964
-0.44201507
-1.17223365
-0.81051272
-0.69109875
-1.15133517
-1.09234141
-1.32922207
-1.20329380
-1.50677003
-1.26329474
-1.45434451
-1.10771963
-1.16301809
-1.06159632
-0.91070404
-0.89970389
-0.71774948
-0.40153682
-0.51797585
-0.34380098
0.20081331
0.34653807
0.34290024
0.79627859
0.78144436
1.23323267
1.23842116
1.62473989
1.24454635
1.80391144
1.48300874
1.49689010
1.81711664
1.48250273
1.63591503
1.26721313
1.49217201
1.21579916
0.66040872
0.66762796
0.57011798
0.50122267
0.35780281
-0.12408643
0.21651691
-0.08103566
-0.15264923
-0.36734206
-0.38792783
-0.33075499
-0.75923446
-0.60352807
-0.62438729
-0.84024996
-0.58741233
-0.87657373
-0.59822714
-0.88349697
-0.88335645
-0.54381989
-0.35476694
-0.43453299
-0.34630691
-0.63313634
-0.26380274
-0.12602123
-0.02232753
-0.02214593
-0.24492614
-0.20465702
0.11705962
-0.02462332
0.13573562
0.03941005
-0.01079220
-0.12025018
0.05735899
0.07220519
0.18257171
-0.04547415
0.12955769
0.40077836
0.02988595
0.05854435
0.22450278
0.07083840
-0.25741442
0.22300465
0.06688334
-0.06691638
0.27013225
-0.08677785
0.12324687
-0.04013949
-0.06589746
0.14198406
-0.07964495
-0.27417992
0.14691325
0.04483107
-0.01106486
0.20431776
0.24673598
0.24826605
0.15082342
0.07120264
0.25028944
-0.15929517
-0.09680460
0.17149221
0.06500327
0.06562947
-0.01587953
0.07516122
0.19457182
0.04917360
-0.09436149
-0.25283728
-0.11822876
-0.01226866
-0.24561363
-0.08151440
-0.26887968
-0.11881525
-0.11792572
0.01619696
-0.46325333
-0.08630136
0.23627216
-0.02150207
-0.06454066
-0.05620620
0.00651408
0.05257554
0.03973154
-0.01074236
0.12990339
-0.18816229
0.00761771
0.43176816
-0.04264926
-0.24950332
0.11252925
-0.11701329
-0.21663099
-0.21139728
-0.12002425
-0.00228409
-0.12051937
0.18471364
0.18275858
0.24205213
0.04928775
0.10789074
-0.23900883
-0.02559523
0.18796392
-0.00220819
0.00167377
-0.16967480
-0.03323131
0.00683238
-0.04558436
0.00264099
0.16770952
0.27892196
-0.22989463
0.08317620
-0.06808536
0.09690853
0.25050273
0.18962605
-0.17367028
0.20844050
-0.02858377
-0.01942697
-0.00900716
0.02346227
-0.24940991
0.31545627
0.04586578
0.02856029
0.20130191
-0.04262736
0.17188843
-0.08329830
-0.10683937
-0.06363526
-0.14077731
-0.02295825
0.07426959
-0.12108343
-0.23238651
-0.12227515
-0.22584467
0.16193739
-0.05173807
0.00519063
-0.02244154
-0.04814958
-0.01883527
-0.26911250
-0.20031741
-0.36857180
-0.13797820
-0.08951175
0.22129103
-0.09770173
-0.21814978
0.07512070
0.00089278
-0.04874708
0.00649098
0.10423812
0.01710567
-0.07615231
0.09498803
-0.25093909
0.01126332
0.11835807
-0.00512424
-0.01628100
-0.11942367
-0.18759164
0.05871049
0.32857632
0.08292665
0.17128339
-0.16065637
0.15090413
0.16643899
0.05096225
0.06120341
0.04154107
-0.19080445
-0.17905685
-0.21344767
0.19946607
0.13912410
0.09933617
-0.12928424
-0.06798212
0.10470058
0.01823340
0.25116760
-0.03366051
0.21874731
0.18162574
0.26187297
-0.08548424
0.27826554
-0.18362433
0.07086956
0.02580793
0.12740584
0.07990910
0.02015577
0.01493875
0.10140141
0.14122968
-0.03756428
-0.18163895
-0.04968797
0.10626788
-0.10550238
-0.04986794
-0.10858982
0.08498850
0.14357153
0.21095806
0.07520713
-0.15011632
0.16155762
0.28225532
0.05791106
0.05479649
-0.03109747
-0.18746774
-0.04846646
0.06357659
0.02545555
-0.03940072
0.24684270
-0.20533016
-0.18670879
0.16174875
-0.25193072
-0.25659548
-0.15550975
-0.06488424
0.12078803
-0.21843564
0.30965895
-0.07098138
0.02440915
-0.06285056
0.36402394
-0.06507002
0.11688774
0.23120426
0.15999574
-0.06099802
-0.14436622
0.09496389
-0.20768675
-0.04931079
-0.22970834
-0.03151461
0.04316446
-0.22403047
0.04003676
0.12441280
0.35646497
-0.18355644
0.06440768
-0.15930372
0.00483618
-0.22938217
0.27174870
0.11843764
-0.06584298
0.07229731
0.02743624
0.21490235
-0.34541266
-0.09866471
0.00345024
-0.01696844
-0.04276945
0.19732391
-0.10017271
-0.07646976
0.16823339
0.05209798
-0.03279729
-0.05470748
0.01098552
-0.01198159
0.03500634
-0.04013093
0.08372204
0.36715712
0.17579917
-0.19367737
0.17289142
0.30070823
-0.30593148
0.34306390
-0.03176840
-0.13450170
-0.10239525
-0.10153522
-0.08465278
-0.21143082
0.11523932
0.12320455
-0.11384175
0.17715503
0.04258011
-0.25359355
0.02305795
-0.00373771
-0.02912188
0.00191772
-0.21209650
0.09483548
-0.13684990
0.08067019
0.01275275
-0.13205351
0.00760405
-0.28169879
-0.22318561
-0.09558520
-0.06611131
0.16444329
-0.11494243
-0.07178247
-0.14854595
-0.10441430
-0.14247705
0.23075339
-0.09452741
0.09034332
-0.18348349
-0.02417288
0.07250677
0.19722016
-0.15925573
0.10626466
0.00332870
0.18724746
0.24442898
-0.27978639
0.11804634
0.25745729
-0.10850945
-0.10895070
0.14417473
0.16206719
-0.02084555
-0.20352965
0.17049246
0.22225281
-0.09108111
0.12039428
-0.10904908
0.09861586
-0.04443830
-0.10343911
-0.00141235
0.31230776
0.00221048
-0.32066542
-0.11313190
-0.04703769
0.05455526
0.06117441
-0.11954298
-0.23148335
0.04989133
0.03240266
0.18185139
-0.14765166
-0.02957578
-0.10384117
0.05433669
-0.16254237
-0.41075429
-0.00005253
-0.21136104
-0.04139085
0.23730458
-0.21878974
-0.08648783
-0.14329381
0.02930649
-0.04691349
-0.20566890
0.15833943
0.01765032
0.00103997
-0.07270618
-0.18842251
-0.12063061
-0.14388898
-0.29995680
0.08018050
0.10415929
0.11873540
0.02360653
0.20611063
-0.11584639
-0.09826693
0.09042923
-0.25708061
-0.00813875
-0.02134534
-0.19651306
-0.35183201
-0.04458854
-0.22258747
0.09614976
0.00942262
-0.09716189
0.05059266
0.10650618
0.18271264
-0.04615768
0.11749091
-0.22899011
0.04821499
0.07354600
-0.29878130
-0.00501110
0.18688762
0.01860422
0.06991470
-0.38298816
-0.02700331
0.34718213
0.22804076
0.08372149
-0.13791708
-0.13798593
-0.00680586
-0.12655154
0.15547113
0.12618148
-0.11286396
-0.07406287
-0.11747040
0.18509973
0.06837444
-0.06027644
0.12494951
-0.04340342
-0.08840436
-0.00961996
-0.19423768
0.08505000
-0.03704386
-0.01293655
-0.11213541
0.03117683
-0.08358780
-0.00262215
0.12791390
0.15205519
0.01292761
0.15266101
-0.11227083
0.17449563
0.02431493
0.01210417
0.02270716
-0.07779647
-0.26869177
-0.11388503
0.12711668
0.16378143
0.17895793
0.19859179
0.11421115
0.37438234
-0.01777409
0.05514659
-0.10730967
-0.32179964
0.20797263
-0.16221958
0.03256457
-0.00635866
0.15634896
0.08149495
0.05941438
-0.13723459
0.22721327
0.13146829
-0.07582042
0.17296981
-0.02240774
-0.17988582
-0.28139212
0.16701287
-0.04643408
0.04019225
-0.12183755
0.28250282
0.02248937
-0.14453341
0.06809625
0.08867546
-0.02996875
0.08381572
-0.03391841
-0.13792774
0.06579166
0.17986088
-0.06296309
0.23557186
0.19831883
-0.01604978
-0.06941857
-0.11643613
0.06301579
0.01147095
0.06546275
-0.11903401
-0.36712514
-0.08153410
0.08030693
-0.03579366
0.08276305
-0.12766343
-0.26205702
-0.10667345
0.19207164
-0.01631046
-0.03331879
0.11869513
-0.01454579
0.04900640
0.06145214
0.20612041
0.15411393
-0.01721744
0.06402405
0.18402460
0.01851433
-0.07377261
0.22881193
-0.12402571
0.06858608
-0.02518995
0.16648269
-0.17480119
-0.06854498
-0.06991369
0.22331268
-0.15678323
-0.31493135
-0.06953971
-0.10926272
-0.16782662
-0.02354847
0.16461636
-0.03762456
-0.10410181
0.08544408
-0.13075603
0.03835729
-0.05321482
-0.18379652
0.13353474
0.24609920
-0.24633458
-0.08279702
0.07316791
0.28040507
-0.03928040
-0.06534683
0.11668614
0.00442443
0.03818655
0.13447354
0.12076080
-0.00031078
0.00890092
0.13623005
0.07569574
0.09091271
-0.25107131
-0.08303578
0.00475750
0.32260726
0.04031999
-0.04520245
-0.18064289
-0.00382380
-0.19143685
0.46122864
-0.11449603
-0.05770150
0.18516499
-0.13616507
-0.02602423
0.04711100
0.07431306
0.01303573
-0.20976944
-0.02411548
0.13144980
0.11591853
0.08863789
-0.25215527
-0.17774860
0.21476180
-0.09618203
0.04965464
0.08352937
0.17631524
0.00538558
-0.15105966
-0.32233025
-0.16921736
-0.07790118
-0.20819437
0.02343098
0.16850271
0.08290818
0.15114652
0.22833068
-0.11740180
0.09923583
0.04257498
-0.18007475
-0.11976683
-0.06783749
0.14618621
-0.04926227
0.34201275
-0.19615692
0.04222788
-0.36096163
-0.05207328
-0.14935025
-0.09397331
-0.06701459
0.02908837
0.03690600
-0.17125174
0.05284638
0.38183812
-0.05769636
-0.44122726
0.08518013
0.03026669
0.32097101
-0.11176049
0.05306509
-0.20425764
0.13568717
0.18591201
-0.25577991
0.18347575
-0.03098372
-0.03669048
-0.14388033
0.07733606
-0.09919712
0.12388793
0.02601281
-0.03784225
0.20576169
0.28394224
-0.04181135
-0.13487857
0.07565839
0.12467963
-0.11522056
0.18594861
0.17256855
0.20721052
0.18364731
-0.03955950
-0.01720488
0.37144812
-0.13351344
0.10512914
0.35919192
-0.26432358
-0.02039478
0.09481837
-0.12126168
0.14481101
0.05246898
-0.41647327
0.09791019
-0.14190697
-0.14194752
-0.05966104
-0.18589701
-0.04747058
-0.03963542
-0.17725546
0.15886718
-0.25966410
-0.21002192
0.23649734
-0.06929966
0.05112853
0.03387195
-0.12188970
-0.08876042
0.25092590
-0.07178083
-0.11688670
-0.19205189
0.03008344
-0.00128965
0.20465056
-0.23653601
-0.09264670
-0.25927005
-0.03781629
0.01188215
0.06235705
-0.05650482
0.15684285
-0.12629985
0.21907648
0.16861662
-0.01164769
0.00118060
0.20034844
-0.19290140
0.06159222
0.06305379
0.08366918
-0.13117397
0.11996440
-0.14269016
0.15094406
-0.05409114
0.14765202
-0.02100744
-0.22686104
-0.24960425
-0.07410632
0.00599206
0.25878274
-0.03543847
-0.37098612
-0.13358626
0.15906800
0.07992036
0.08929830
0.15281479
0.03061284
0.25447910
0.14015221
-0.05935057
-0.09459666
-0.19927589
-0.11810524
0.20781706
-0.15217345
-0.13547432
-0.02092588
0.23685516
-0.04165955
-0.10837800
-0.31918069
-0.21336511
0.11835590
-0.08758554
-0.03563658
0.14373618
-0.16319923
-0.15981863
-0.08484125
-0.04404285
0.11022367
0.06513639
0.22321544
0.27205405
-0.07938822
-0.03870512
0.09613002
0.02319223
0.10073365
0.26500411
-0.33255959
0.18258899
-0.04138706
0.20409351
-0.08721338
-0.03242605
-0.01153706
-0.04355555
0.13524832
-0.10630180
-0.02238445
0.39969851
0.05353726
-0.11672704
-0.08388008
0.27854417
0.01504001
-0.17895266
-0.30655318
0.24173606
0.01434295
0.13229352
0.12643074
-0.05702588
0.12264701
0.11789455
0.00600012
-0.02984959
-0.03729711
-0.19217142
-0.10294860
-0.01748158
-0.33935285
-0.23054553
-0.21584536
0.16570437
0.21008348
-0.07683707
-0.35509818
-0.23602323
0.21468886
-0.14725149
-0.01431080
-0.05152727
-0.50101518
0.09470356
-0.10358461
-0.13587156
-0.08202536
0.00785526
-0.00816775
0.00176950
0.05923788
0.11093777
-0.09432591
-0.11548156
0.04243353
0.04476033
-0.13920827
0.11500912
0.09692668
-0.03404118
0.10157124
-0.10321566
-0.06356723
-0.22105571
0.37587426
0.19903993
0.06765029
0.03517456
-0.11009059
0.10887363
-0.16389442
0.01775829
0.22658162
-0.11226922
0.14267642
0.02237679
-0.38202150
-0.16619084
-0.11072727
0.07891516
-0.09504808
0.43515382
0.05926927
0.01696278
0.12175393
-0.15362232
0.15402568
0.21377968
-0.26750658
-0.13388272
0.07337995
0.21223784
-0.04562749
0.09129583
0.11114684
0.30739196
0.25144987
-0.01052781
0.29467051
0.16818037
-0.03899399
-0.01144420
-0.02845144
0.13195361
-0.00532435
-0.03875100
-0.02006094
-0.28810849
0.27726454
-0.09780769
-0.24148847
0.05410391
0.03007672
0.00083508
-0.16645334
0.10579492
0.10360781
-0.07310064
0.15676164
0.20525786
-0.01628945
0.05430146
-0.03933667
-0.22144773
0.14934285
-0.07864859
-0.06954641
-0.16441705
0.07303907
0.00884653
0.01093871
0.18674367
-0.03467624
0.14388553
-0.05686984
0.11563890
-0.03970510
-0.31347066
-0.25155164
0.34259293
0.23478993
-0.11582079
0.13444921
0.15073126
-0.13819198
-0.19182348
0.14180345
-0.20638382
-0.15939926
0.10526399
-0.05973446
0.00569253
0.21943765
-0.25870687
-0.34283895
0.20379365
-0.25481015
0.09278347
0.05729329
-0.22370460
-0.13822110
0.26776625
0.00801447
-0.07088555
0.02850678
0.06069608
0.20750096
-0.00968193
-0.35276448
-0.00966379
0.03428100
0.08723742
0.34058412
-0.19759571
-0.23349139
-0.13689487
-0.13891433
0.20151580
-0.12562185
0.21011896
-0.14787007
-0.14174914
-0.04520421
-0.04826315
-0.03885919
-0.10249931
-0.11576736
-0.16382826
-0.12051657
-0.13103677
-0.10124896
-0.05732533
-0.21643062
0.07110644
-0.03668775
0.20525647
0.01291217
0.34154498
0.33998994
0.21065525
-0.04422312
-0.19320240
0.00586706
0.15453374
0.08083127
0.30814527
0.10419409
0.11553116
0.11447023
-0.12920575
-0.25895761
-0.03331630
0.08554782
0.10666119
0.01594859
-0.02056880
-0.19149415
0.03376768
-0.01849080
-0.07732088
0.15732254
0.08914941
0.29058145
0.21558390
0.10900325
0.02642673
0.27946188
-0.08746946
0.01156575
-0.27086710
-0.00740176
0.17784206
-0.06064151
-0.03859993
-0.02456264
-0.05235580
0.09610745
0.01341861
0.00370879
0.00876293
0.01688501
-0.28335836
0.05506629
-0.19872948
0.18924038
0.01573789
-0.21586599
0.16263372
-0.03891550
0.08333339
-0.02379917
0.20277681
0.11452454
-0.16521510
0.16355648
0.30498174
0.27053025
0.12240760
0.14196557
-0.21810822
-0.00512437
0.34962024
0.23829994
0.00014241
0.19789002
-0.06307151
0.00714268
0.03969340
0.02636565
-0.03883371
0.17096032
-0.05393560
0.12104971
-0.14940264
-0.31599785
-0.08666467
0.05976487
-0.15033627
-0.11377930
-0.27762893
0.10420888
0.03606721
-0.18469201
-0.01766327
-0.21858882
-0.08097406
0.00693317
0.04796985
0.01609110
-0.22872979
-0.16460820
0.27437875
0.10951395
-0.06909927
-0.13987952
0.03350068
0.04772390
0.04291561
0.02601363
0.07734779
-0.29173795
0.05550206
-0.08842923
0.12286656
0.15886432
-0.06060675
-0.02261774
-0.07163804
0.26286835
-0.19237104
-0.13074108
-0.05627082
-0.13197854
0.14010944
0.19262058
-0.22259587
0.03998759
-0.05015146
-0.08253501
0.00302554
-0.41621747
-0.00183934
0.17018172
0.06587414
-0.01234322
0.01272060
-0.01794703
-0.40802397
-0.16599095
0.06941076
-0.04794341
0.08188654
0.11874761
-0.06026674
0.06658911
0.22577384
-0.03100936
0.06216085
0.06764297
-0.00911387
-0.20838710
0.20997850
0.04214394
-0.07591530
0.14958830
0.42320354
0.11014224
0.08219474
-0.09544470
-0.07187443
0.08407277
0.09932999
-0.19285968
0.02611422
-0.16622555
-0.05668929
0.05730197
-0.33667240
-0.03581241
0.05938144
0.04356579
-0.20468577
-0.03198235
-0.10066561
0.14866536
0.01674019
0.10272401
-0.12657642
-0.08063724
0.26291480
0.02922281
0.07959126
-0.01181523
0.05298085
0.27568291
0.09054779
-0.17146039
-0.15952039
0.36412785
0.12647803
-0.11014964
-0.22403497
0.20128105
-0.08175580
-0.02544732
0.02620242
-0.13550053
-0.16286293
-0.06730815
0.08021695
-0.00999480
0.07736469
-0.03674766
0.15959134
-0.18268809
-0.32762885
-0.07940800
-0.19445395
0.27744767
0.26020952
-0.12870910
0.02632211
-0.14663844
-0.15504011
0.21322627
0.17899588
-0.35127314
0.27611203
-0.00681997
-0.08246654
0.18681847
-0.27903143
-0.06825616
-0.06696271
0.15520345
0.28846294
-0.19488788
0.21047017
-0.03564019
-0.09320894
0.06651068
0.10246582
0.27069035
0.02584997
-0.00929331
-0.27858890
0.20167080
-0.05686461
0.08812605
-0.13203826
0.00141055
-0.05965520
-0.04681937
-0.22522301
0.01125465
0.17062333
-0.12486127
-0.19345302
0.22821428
-0.00238054
-0.07607158
-0.06342615
0.07299232
0.00012520
0.03026480
0.00052144
0.15091640
-0.01590564
-0.23372844
-0.08787130
-0.11771015
-0.08568600
0.07634896
0.09585575
0.01533764
0.16575597
0.03289632
0.15477592
-0.15095383
0.16401632
-0.26546470
-0.12797987
0.15222760
0.08104120
0.09810404
0.03063706
-0.04332629
0.08834344
-0.00921571
0.19528535
0.13613338
-0.20485807
-0.11322554
-0.07978293
-0.00510616
0.26624582
-0.24348074
-0.03925439
-0.00534693
0.17965061
0.00619721
0.12862657
0.13815958
0.07288181
-0.09153457
-0.16862022
0.07262162
0.15243126
-0.25890627
-0.21873199
0.11285067
0.03147041
0.23243708
0.24266309
-0.25516316
-0.11456759
0.04931094
0.31147758
-0.09108654
-0.07479582
0.03377911
-0.07171876
0.21850505
0.10238753
-0.08820671
0.15580682
0.06218494
-0.11820253
0.06166855
0.14081697
-0.04888179
0.02730840
-0.01754191
0.07379456
-0.21508107
0.03083758
-0.08772857
0.43673248
-0.01543158
0.06889846
0.03376672
0.08746403
0.20150088
0.32693278
-0.18308753
-0.13839680
0.02253810
0.15129816
-0.20020760
