-0.09927341
-0.19325073
0.16982753
0.14419720
0.12225103
-0.00599948
-0.02829261
-0.03856254
-0.16773424
0.01609447
0.22546596
-0.22351434
0.05521211
-0.19299563
0.06288558
0.01319628
0.00041102
0.24767429
-0.21206578
-0.06448377
-0.11799420
-0.30115333
-0.14297131
0.30359810
0.31886954
0.10904400
-0.21775670
-0.14123863
0.03628871
-0.00427506
0.05347046
0.03896996
0.07979009
0.00689449
-0.07714424
0.03913611
0.19738567
-0.04438393
0.06827471
0.05713758
-0.05211501
0.00727875
-0.00985562
0.07547024
0.07405026
0.06554865
-0.10010514
-0.01208219
0.01332844
-0.14711353
-0.05507283
0.10339010
0.05855991
-0.01476519
0.01620380
-0.08999135
0.01417432
-0.02250030
-0.07334303
0.14087976
0.20260249
0.01669863
0.02228205
-0.09209718
0.15969018
-0.07274561
-0.00997196
-0.18241111
0.01789732
-0.01942499
0.14936525
0.11611831
0.03553602
-0.09118149
0.19788797
0.00850670
0.17048230
0.10994641
-0.13224217
0.11681831
-0.00264902
0.05137776
-0.31439806
0.03754901
0.04019630
-0.06617299
-0.41300217
0.04941161
0.23260355
-0.06287079
0.02268305
-0.22247589
0.16130698
-0.16912606
0.24619298
-0.02849250
0.07088391
0.17320483
0.15399613
-0.03295226
-0.04848683
-0.00916990
0.13094550
-0.00267216
-0.04295191
0.07030751
0.05663131
0.18815914
0.08324587
-0.25547783
0.15664744
-0.03299274
0.10965057
-0.02577181
-0.26940316
-0.00989252
-0.06864346
0.09517917
-0.11670600
0.13081962
-0.17515522
-0.07568324
-0.02849509
0.02626657
-0.24645383
-0.05609528
0.32894270
0.10231051
-0.03880365
0.08711908
0.09910916
-0.09912922
0.06469237
0.12228304
0.03328280
-0.08434903
-0.11487093
0.18698960
-0.02845855
0.03870824
-0.05891699
-0.14057810
0.10335361
-0.01667347
0.02475840
-0.19308737
-0.17415693
0.13289897
-0.08266917
-0.01156524
0.00302294
-0.02595188
0.10769609
-0.19262783
-0.11602011
0.01947879
-0.26581012
-0.11704307
0.00315764
-0.06302279
-0.05449527
-0.18272435
0.18352709
0.10969266
-0.00749371
-0.02598517
-0.00254087
0.03250752
-0.08507731
-0.18314341
-0.07554234
-0.16038888
0.07909856
-0.09526015
0.10708209
0.06216999
0.00456057
0.10211778
0.13343810
-0.12719673
0.05515030
-0.05071176
0.17371963
-0.29454062
0.05653056
0.08713871
-0.04531438
-0.01180968
-0.01462229
-0.35400904
-0.14843507
-0.08187924
-0.18181211
-0.02587154
-0.05476827
0.04689047
0.11820291
0.06020814
-0.21159114
0.10051328
0.11083735
0.08685080
-0.15286073
-0.16666453
-0.16698625
-0.03585371
-0.03718796
0.00132437
-0.01426062
0.10564018
0.08782307
0.04192556
-0.07195849
-0.12507223
0.11518029
-0.01751681
0.00427868
-0.07261079
0.11353550
0.06367190
0.20502285
-0.15705895
-0.14829227
-0.23927304
0.12899802
-0.09299136
-0.10722497
0.07737064
0.03875396
-0.24358734
-0.29226885
0.08540730
0.17290428
-0.07915876
0.06643252
0.05952321
-0.31350846
-0.01922025
0.10149757
0.17587658
-0.16801142
0.14338732
0.10812735
0.03003772
0.23769460
-0.41224509
0.04117435
-0.16279626
-0.04738159
0.04861014
0.12812627
-0.19955829
-0.16163232
-0.06830317
0.04666285
-0.14093406
0.07800334
-0.11165300
-0.12122310
-0.22043585
-0.03685332
-0.14182717
0.10951232
0.11010959
0.13818399
0.16798819
-0.12416384
0.04163917
0.05528838
-0.24185354
0.02513985
-0.09995367
0.03153991
-0.29870676
0.00981645
-0.04197694
0.00556488
0.02747279
-0.00024023
0.11072663
0.02129166
0.17608837
-0.15950006
-0.24887916
0.18878157
0.00767642
-0.02649847
0.02888895
-0.09675924
-0.11700237
-0.03793128
-0.27451284
0.22798521
0.04200664
-0.06441186
0.00131428
0.21315800
-0.01282794
-0.06808037
-0.15064106
0.14388210
-0.04009876
-0.00430500
-0.00569956
0.31052009
0.02470559
-0.05272957
0.05968383
-0.23186841
0.00263355
0.18081045
-0.09332951
-0.21203404
0.11110127
-0.00662495
-0.14302640
0.05339554
-0.15975581
-0.09149501
-0.09823618
-0.35353854
-0.05426211
0.02989928
-0.01386484
-0.03086747
-0.30457174
0.16444133
-0.09378680
0.07238850
0.04322916
-0.13047860
0.05752080
0.19676401
-0.01011096
-0.03554243
0.12399994
-0.09617669
-0.09581350
0.02976758
-0.01866158
-0.06897771
-0.01507636
0.12552552
-0.05453839
-0.42346246
0.25183136
-0.12199019
0.13782620
-0.21242557
-0.24170688
0.01959553
0.09635714
0.20519492
0.04319842
0.15803618
-0.09865964
-0.01151248
0.16143712
0.12439590
-0.26285717
0.01094549
0.02915101
0.00725822
0.14190623
0.23319646
-0.03337733
-0.00564982
0.04812769
-0.12171850
0.13583785
-0.00366136
-0.11081131
-0.04083197
-0.21951463
-0.11611270
0.22553044
-0.08822418
0.09697274
-0.10356102
-0.12613684
-0.02052579
0.05899305
-0.02310339
0.10066659
0.08450672
-0.04624942
-0.12394178
-0.09264213
0.14392517
0.17426433
0.12059665
-0.20682246
-0.33995248
0.07145427
0.01654746
0.00646232
0.14437314
0.15249292
0.18670666
0.08918223
0.17320257
0.13295004
0.08344782
-0.12991580
-0.15108541
0.17694559
0.07054834
-0.15304160
0.15970336
0.02796742
-0.12973248
-0.08546010
-0.02956667
0.01615103
-0.05340497
0.31547646
-0.28206330
-0.03541228
-0.04242478
0.03551399
-0.00299032
-0.13727732
0.13823016
0.20040255
0.07188971
0.01369569
0.14168794
0.07742318
0.18969006
0.18825321
-0.01746732
0.07485257
-0.04689559
0.00908067
0.06384690
0.02126236
0.13812802
0.13440640
0.22178310
0.04230181
0.05127905
0.05663432
-0.12510005
0.09765441
0.26466596
-0.09124798
0.06312303
0.00083207
0.25213283
0.06544317
0.08519495
0.21038852
0.04158862
-0.00458100
0.19205135
-0.03985132
0.15879944
-0.01148702
0.01046265
-0.10426320
0.25179784
-0.11284144
-0.07795396
-0.24303780
0.28965071
-0.07233959
-0.10119822
0.21216526
0.02346518
0.07640828
-0.05335604
-0.01026650
-0.16136197
0.01835917
-0.20175346
0.02305866
-0.02826827
-0.02472776
-0.08065122
0.03510319
-0.01128794
0.07351517
-0.00820245
0.04522389
0.00089037
0.09805680
-0.12784543
0.04147905
-0.13539989
0.04126067
0.14622262
-0.17292679
0.14145107
0.02355890
0.05135833
-0.01757236
0.00441562
0.02537042
-0.09487666
-0.01713656
-0.08105769
-0.07170057
-0.15600354
0.04629384
0.00762698
0.03609155
0.16131830
0.08785456
0.06010714
-0.09219167
0.10937142
-0.26393136
-0.07025968
0.08012052
0.05017155
-0.04326863
-0.00380167
-0.02558416
0.04869681
-0.17068891
0.30446369
0.14339776
-0.03233970
-0.34555908
0.18889791
-0.18214090
0.18892475
-0.15984522
0.14242741
-0.07305082
-0.12455343
0.05025087
0.33696941
-0.07178891
-0.05592784
-0.01626227
-0.00529765
0.04730930
-0.00255893
0.24502896
-0.02663632
0.12176676
-0.05155328
-0.07225180
-0.00854098
-0.07116596
-0.05876727
-0.13394472
-0.00259659
0.02453534
-0.08515579
0.12521610
0.05078385
0.04737421
0.02411220
-0.20612905
0.18834736
-0.17342278
0.07900553
-0.15014117
0.12832272
-0.10801021
-0.09784529
0.14287744
-0.12287945
-0.03473082
-0.01078587
0.14291300
-0.37960953
0.15622816
0.18230273
-0.13092417
-0.16793721
0.05604300
-0.09790086
-0.02383149
0.14989744
0.19017957
0.03718939
0.00325114
0.04224689
0.08646258
-0.02362905
0.05486916
-0.08041937
-0.00849840
0.13563817
0.16700188
0.37099933
0.15231593
0.02373298
0.11298397
0.20013709
0.01690310
-0.15098093
-0.07274824
-0.08622345
0.02375662
0.09020031
-0.10819560
0.02980914
-0.03421208
0.01776651
-0.07143375
0.12624152
0.09215083
-0.05666901
-0.14778772
-0.10418856
0.16631803
-0.28468445
-0.19660030
0.00381193
0.08726105
-0.24579837
0.11528052
-0.20280554
0.05664024
0.23354314
0.05534727
0.08920731
0.06027533
-0.19255908
-0.13627426
-0.00263981
-0.08527477
-0.04572833
0.36498286
-0.11597738
-0.01899813
0.02418809
0.15989913
0.01134431
-0.10503354
-0.07032653
-0.12295783
-0.21174389
-0.00260861
-0.03192031
-0.15359211
0.04826568
0.44493212
0.02037591
-0.00242459
-0.04711755
-0.17781723
0.04828958
-0.17776713
-0.01630768
-0.36212672
0.03890686
-0.13365304
-0.05326119
-0.16762877
0.13039623
0.05128366
-0.11692673
0.16197339
0.19492832
-0.06246263
0.27881877
0.19139708
0.13452449
0.02672081
-0.10603905
0.10873827
0.03226354
0.04529110
0.20953652
-0.12620600
0.11040951
0.01865726
-0.04908817
0.00564288
-0.15265264
0.03664604
-0.00600159
-0.18041873
-0.05615837
0.12735400
0.01810534
-0.05933209
-0.10682850
-0.11907083
0.02177918
-0.10434907
-0.25491769
0.06811325
0.07386901
-0.07390758
0.30645013
0.07129112
0.29092067
-0.17104746
-0.27857782
0.06450133
0.14025342
0.03992453
0.23811245
0.11017177
-0.04926334
0.08142776
0.03723410
-0.11971559
-0.08620333
-0.18734562
0.07871918
0.07953278
-0.06961936
0.13511851
0.04400369
-0.08306575
-0.04870153
-0.03290210
0.17124579
-0.08574310
0.14641513
-0.08840661
-0.05347284
0.10648750
-0.12912952
0.12446784
-0.09288345
0.14538343
0.15441460
-0.02918888
-0.00894168
0.05547359
0.08328948
0.08891561
-0.04222986
0.13792972
-0.05022212
0.08902835
-0.11930454
-0.00454283
0.14960558
0.20826776
-0.37703298
0.22326631
-0.01750480
-0.05878520
-0.19098874
0.12653963
-0.08593388
0.03957621
-0.13674576
0.11199518
0.02595142
-0.05193454
0.12161214
-0.01696069
-0.07831562
0.13257450
-0.22636658
0.03611140
-0.27300387
0.07412909
0.22762085
-0.10223254
-0.17342730
-0.10222471
-0.04084778
0.05211880
0.17009005
-0.01890595
0.33592461
0.01552040
0.14674310
0.08420522
0.11081914
-0.16475884
0.05942080
-0.08475645
0.09927439
-0.00558878
-0.06393382
-0.00946514
0.12639279
-0.28892267
-0.06572849
-0.00882947
-0.01985826
0.14673047
-0.09049207
0.04272668
-0.02772884
-0.00909137
-0.20321782
0.19375406
0.18293584
0.03062037
0.03352662
0.07975573
-0.23390261
-0.09126621
-0.05203145
-0.07361495
-0.03906403
-0.05625305
0.23599939
-0.20882692
-0.04069995
-0.28103518
0.23925888
-0.03968183
-0.10349386
0.15911050
0.08326127
-0.13589176
-0.02648846
-0.16313823
0.15816934
-0.29365001
-0.03745423
-0.00959209
-0.14683444
-0.08501992
0.14342956
-0.02599744
-0.06186459
-0.04912504
-0.05462754
0.03568420
-0.07955863
0.06962780
-0.18754628
-0.01989303
-0.04678916
0.13828028
0.11469805
0.07770494
-0.21959811
-0.20001679
-0.19254792
-0.11600494
0.09924867
0.10675654
0.04677790
0.07479204
-0.19834004
-0.05243082
-0.16859831
0.14561090
0.18638530
0.08936359
0.07757413
0.24949511
-0.15521181
0.11050684
0.18337928
-0.16664641
0.01991225
0.14909734
-0.10796899
0.11230826
-0.18959720
0.14520420
-0.16608935
-0.21686385
-0.04000628
0.09811050
0.23069496
0.03408268
-0.15669033
-0.07764767
0.04400934
0.20032038
-0.21269162
-0.02468844
0.05561531
-0.04126530
0.00049269
-0.00197078
0.07603098
0.06172470
0.21230541
0.10658595
-0.11207793
0.04444307
-0.07028699
-0.14161355
0.04085058
-0.32526985
0.12560213
-0.07305093
-0.08942867
-0.01269855
-0.25835786
0.03251016
0.02347935
-0.02009890
-0.02187570
0.02925178
-0.25084557
-0.01559336
0.04304282
-0.19010614
-0.07213771
-0.18419314
0.20193211
0.03639057
-0.00814759
0.05961777
0.18398671
-0.23789319
-0.05797629
-0.20794412
0.04077043
-0.00943916
-0.19069850
0.11070222
-0.10746950
0.20125172
0.11043760
0.13422544
0.14726783
0.08045473
-0.02916504
0.23673803
-0.16438277
0.00081798
0.14398561
0.01584559
0.09352072
0.06065734
-0.23932630
0.13335206
0.25701906
-0.00079022
0.04503825
-0.03068777
0.13848568
-0.01018289
-0.01061902
-0.01833412
0.07567861
-0.14842822
0.21304911
-0.02650653
0.13795239
0.04874626
0.18714865
0.09660927
0.34874117
-0.15043437
0.00271547
0.16995323
-0.13102619
-0.00663220
-0.06164815
0.08589834
-0.00731451
0.35987168
0.10000632
-0.02830127
-0.08171442
0.08416145
-0.10810508
0.09469221
-0.04219033
-0.22359879
0.17001250
0.06651548
-0.11680884
0.04653624
-0.01827619
-0.15702738
0.02511936
0.12307744
0.14423519
-0.17395821
0.01849902
-0.13358406
-0.06506873
0.05221404
-0.12633409
0.10040313
0.12146355
-0.13017153
-0.12042186
-0.22937159
0.03794023
0.13026613
0.09437641
0.02602976
0.09608750
0.03216859
-0.05308170
0.04690866
-0.05423777
0.03245420
0.09282875
0.01970137
0.09228953
-0.02243383
-0.00276832
0.06575936
-0.02176610
0.07461019
0.02009832
0.13950658
0.11716108
-0.15681957
0.02403105
0.02654008
0.12210395
0.07796980
0.07929925
0.18474841
0.02966810
-0.10746163
0.01978133
0.02276851
0.15556391
-0.01165251
-0.16311812
-0.18667682
-0.03783564
0.30520570
-0.14082800
-0.10350826
-0.23373953
-0.08517657
0.13882088
-0.02375335
-0.07222148
0.10984178
0.23678663
0.02252356
-0.03067662
-0.12675126
0.05222611
0.01426329
-0.13721899
0.11526266
-0.21904257
0.00914911
-0.11848281
0.05436709
0.11479586
-0.09883482
-0.14710651
-0.08012953
0.11989051
-0.00297892
0.15222778
0.25034110
-0.07975297
-0.08458865
-0.07827327
0.01395745
0.06059736
-0.18353276
0.03146517
0.00890250
-0.02243660
0.05723186
0.11541686
0.05088047
0.10430766
0.01886800
-0.28600617
0.08593662
0.08004599
-0.07911401
-0.20155828
-0.05217303
0.18271704
-0.18037402
0.06139865
0.06751229
-0.29635332
0.26824123
0.12750436
-0.19578110
0.03922274
-0.05341426
-0.02778950
-0.01451924
0.10057203
-0.23082760
-0.10584728
0.11800163
-0.15659143
-0.01436389
-0.01062585
0.06536973
0.04707414
-0.22299168
0.11086209
-0.01744185
-0.09237758
0.03589059
0.13915221
0.31714571
-0.07894169
0.11209910
0.02800282
-0.10935827
-0.14249083
-0.22519169
-0.09048269
-0.15455167
0.01720432
-0.03087952
0.23123318
-0.10910112
-0.01071313
-0.09390710
-0.03373133
0.06920963
0.00138403
-0.05526818
-0.11670926
-0.09267777
0.02191895
-0.12610187
0.12884748
0.04994675
-0.10491155
-0.00727532
0.09642077
0.16925239
-0.22726905
-0.11244504
-0.10881462
0.16192504
-0.16567935
-0.15457854
-0.14253411
-0.00462669
0.26817046
0.17931653
0.07342700
0.20337645
0.23833189
0.04681222
-0.01802661
0.15689672
0.04201839
0.12906667
-0.01677198
0.00431896
0.01080284
-0.31178630
0.02817366
0.10662898
-0.03601229
0.16873902
0.08670026
-0.15112401
0.08432920
-0.11794468
0.25606320
0.26353948
0.19552154
-0.06230772
0.03306747
-0.05347019
-0.02708507
-0.05535154
-0.22541176
0.18003850
-0.27362275
0.28999416
0.01935111
-0.00089447
0.05956085
0.06271051
0.09164351
0.21041666
0.19288589
0.06376512
0.06986969
-0.07973063
-0.10407428
0.31153542
-0.01344488
0.11393091
0.10976110
-0.07280508
0.01798231
-0.11808359
-0.18756527
0.14491476
-0.04090941
0.07278006
-0.01037798
0.18933313
0.08805020
0.03769211
0.02588776
-0.10570209
0.02888775
0.06043200
-0.11820359
-0.08345395
0.07668348
0.05535304
-0.10833382
0.24531672
0.02873618
0.45893726
0.06105960
-0.05423862
-0.11219909
-0.00969266
-0.17453258
-0.01105024
-0.17034291
-0.02025026
-0.00652735
-0.17305391
0.04307260
-0.02208284
0.03341662
-0.00238103
-0.00453515
0.01209120
0.06047234
0.17740306
-0.15857487
0.13242727
-0.10682900
-0.00125849
0.10745933
0.21763292
-0.06103070
-0.24624854
0.12583065
-0.02552639
0.09384535
-0.20209493
-0.25895774
-0.05975279
-0.02581819
0.03270224
-0.02184969
-0.12332355
-0.08428190
-0.01056353
-0.17029631
0.17705762
-0.06032610
-0.02540951
-0.15741867
0.01374517
0.00135336
0.05495970
0.02404329
0.10044367
-0.15066585
-0.01733361
0.19312340
-0.14182660
0.05835674
-0.04527448
-0.06553055
-0.01256674
0.01860305
0.05829231
-0.23298662
-0.12462520
-0.07478200
-0.08980621
-0.03617062
0.17108152
-0.21917364
0.12380908
-0.00554815
0.04008985
-0.04322934
0.01901034
-0.08190204
0.07312156
-0.13471664
-0.16254522
-0.04261964
-0.13911653
-0.26332768
-0.05646401
-0.31693054
-0.17581550
0.06307377
0.13913751
0.09812542
-0.18631240
-0.38087947
-0.03935881
-0.13438647
-0.02588710
0.01607266
0.09996697
0.30547341
0.09369669
0.03158138
0.03638975
0.09211775
0.02699527
-0.05516050
-0.10542970
0.05660207
0.15572657
0.05956915
0.13544515
0.20987070
0.05211798
0.06820832
0.27878958
-0.01616471
0.01356815
-0.11831848
0.44279326
0.01480841
-0.14603352
-0.11610432
-0.07869054
0.06017334
0.13824039
0.16325737
-0.02047457
0.06896640
0.05263948
-0.22254314
0.04003922
-0.07072527
-0.03958213
-0.03882519
0.09233028
0.15469272
0.07774682
0.11805275
-0.05051763
0.13383165
-0.20020969
0.01208937
-0.23625685
-0.10201568
-0.09029540
0.04530317
-0.09516038
-0.24598302
0.15955626
-0.04470878
-0.14675571
-0.21394674
-0.02426981
0.04798711
0.03526997
-0.03744809
0.10347021
-0.12337091
0.10816976
-0.15520243
-0.03654158
0.26391875
0.08024494
-0.06578293
-0.07639442
0.19990790
-0.11929918
-0.02111997
-0.19217558
0.06478801
0.11542319
0.15260120
0.03117045
0.01665864
0.05791802
-0.03965108
-0.15390372
0.30926279
-0.19344754
0.20323059
0.04401282
-0.07580822
0.13108386
-0.26742246
-0.01801337
-0.19420084
-0.10134619
-0.01809036
0.13411533
0.07256077
-0.16291710
-0.32388923
-0.00005787
0.25822898
-0.02178178
-0.14780914
-0.15329986
-0.13268826
-0.13479020
-0.09215107
-0.31294683
-0.19291898
-0.15454444
-0.00755275
-0.14476909
-0.41851202
0.00123590
-0.33006725
-0.31047705
0.03698748
-0.09893672
-0.04388931
-0.04186096
0.05676222
0.06094721
0.15434568
0.28436321
0.02046175
0.15923764
0.45518881
0.03667874
0.31704267
0.17155968
0.15989229
0.02149919
0.48785218
0.15065166
0.11580182
0.19274759
0.32233004
0.33157861
0.29910721
0.15037488
0.21589662
0.06590631
0.00476017
-0.08214334
0.16977099
0.03417675
0.20152529
-0.17627160
-0.25010567
-0.23935059
-0.12455010
-0.40605925
-0.21228810
0.00781673
-0.37584750
-0.15083693
-0.19678814
-0.03200037
-0.19314005
-0.09004661
-0.25022692
-0.04354185
-0.12520700
-0.04992236
0.03015031
-0.38728418
-0.19100673
-0.08639560
-0.16977634
0.00317711
0.11477943
-0.16524664
-0.38536267
0.03981559
-0.05528693
0.22282996
0.11350775
0.03519307
-0.11322478
0.10667743
-0.12705959
0.00502884
-0.02443328
0.10057020
0.06608171
0.14418134
-0.04596684
0.06689937
-0.06735612
-0.08106488
0.12538269
-0.24106089
0.19605913
-0.08392940
-0.03126101
-0.09717499
0.23804775
0.13041738
0.17683108
0.14251817
-0.16348181
-0.04058995
0.12985510
-0.11389379
-0.15919552
-0.11990623
-0.02442679
-0.16798797
-0.16870859
-0.18467958
0.02206104
0.07938118
-0.08748964
-0.02495806
-0.23384057
-0.23794512
-0.05664456
0.12186872
-0.20692628
-0.13339103
-0.07225892
0.11827640
-0.00375385
-0.05711397
0.16030985
0.16185042
0.06764027
0.22668521
0.27137595
-0.05592801
0.45985355
0.04514414
0.17038065
0.17854490
0.15559117
0.41296452
0.41003251
0.39841443
0.28706889
0.20212049
0.31963715
0.45398848
0.09946301
0.30956795
0.27125046
0.07483623
0.31804627
0.28064947
0.45731080
0.14662276
-0.05746915
-0.01187680
-0.11960171
0.00605701
-0.03408479
-0.21785737
-0.49857249
-0.37159750
-0.57763810
-0.67062022
-0.65507423
-0.52278920
-0.51811730
-0.59523872
-0.46441765
-0.40324396
-0.53565553
-0.62578175
-0.21097385
-0.11999143
-0.57156337
-0.20667988
-0.30707033
-0.21398493
0.28563210
-0.12325092
-0.09371810
0.43621406
0.45971355
0.35642521
0.25716155
0.41092955
0.40195718
-0.01739243
0.20849124
0.35871800
0.35667742
0.27567413
0.31860407
0.30015727
0.38459030
0.51237637
0.36388088
0.37565938
0.11064208
0.14995836
-0.06616435
0.26757356
0.12832613
0.17973431
-0.07548302
-0.09595494
0.23150654
-0.02135431
0.17209495
0.02302671
-0.18046641
-0.04602039
-0.35200016
-0.04334072
-0.10604545
-0.05076202
0.03694857
0.01513120
-0.24487103
-0.17191285
-0.06713360
-0.00403543
-0.28090479
-0.24844530
0.08034987
0.00516711
-0.09582802
0.03837549
-0.15995510
-0.06324199
-0.02523355
-0.16353158
-0.03601333
-0.09869325
-0.04989081
0.07794008
-0.10890719
-0.06585743
0.20374854
-0.01591825
-0.03970335
0.00048881
-0.01644854
0.04800574
0.13306683
0.05306996
0.08102482
-0.05269737
0.20947524
-0.17581432
-0.09394966
-0.01355834
-0.14469551
0.01416937
0.06211849
0.04236820
0.00815013
0.21583729
0.39302281
-0.04709945
-0.10748766
-0.16002226
0.08364913
-0.18455257
0.25346203
0.00497227
-0.12408658
-0.08399009
0.04435137
-0.06837862
-0.02620235
-0.10179960
0.12898551
-0.26700037
-0.00262811
-0.28528046
0.05812278
0.02506662
0.18305339
0.05244887
-0.18548054
-0.24038425
-0.11908414
-0.13119260
0.28123875
-0.00439723
-0.00719635
0.00447170
-0.04275241
-0.22725698
-0.10989501
0.04474453
0.04634474
0.19114473
0.19019576
-0.10424604
0.02180859
-0.05188588
-0.08475630
0.02954094
0.26608569
0.01907496
-0.04729251
-0.21225033
0.21460092
0.10060954
-0.27426123
-0.18760052
0.01499942
-0.13451246
-0.07129237
-0.07629198
-0.05671226
-0.07529872
-0.11888705
0.07345952
-0.03683880
0.05134435
-0.02662436
-0.01377054
0.13408510
-0.04464423
0.01829090
-0.11106393
0.10250959
0.06510905
0.13312387
0.05870013
0.05268249
0.09142290
-0.20168882
-0.31810309
-0.05080460
-0.28128157
0.14586821
0.08144002
-0.05726003
-0.04439405
-0.08633856
-0.01609557
-0.00955763
-0.00068228
-0.05095490
0.07928022
0.09135475
0.02097588
-0.15634563
-0.04675900
0.32466896
0.27987456
0.02234133
0.27623483
-0.19850189
0.22294259
0.07318104
0.18666556
0.02165801
-0.10098567
-0.00315925
0.13131648
0.14237688
-0.04375050
-0.02357129
-0.20533538
0.01148290
0.00087930
-0.05676176
-0.00680832
0.13237175
0.06940368
0.16486252
-0.18940812
-0.24641021
-0.02060419
0.08551239
-0.01986620
-0.01070771
-0.03745086
-0.29489641
-0.07802609
0.06751730
-0.10336377
0.09114270
-0.10763237
-0.02323245
-0.04729613
0.06665024
0.15782092
0.00843325
-0.00852790
0.02848474
0.40652668
0.16787333
0.23242491
0.04274419
-0.18049152
-0.04651110
-0.05455019
-0.25332055
-0.13537211
0.15797123
0.26807796
0.02915061
-0.16951443
-0.32572630
0.02866667
0.07881643
0.13527092
0.03332781
0.05864844
0.05059969
-0.26920402
0.05429911
-0.16681455
0.00278418
-0.05749681
-0.11770618
-0.00420470
-0.15618545
-0.22036250
0.07181067
0.07991406
0.03051968
-0.07196678
-0.00185824
-0.12960820
-0.29383919
-0.16744793
-0.13471500
0.09628214
-0.31564806
0.11645169
0.36889565
-0.02963980
-0.00769151
-0.27903153
0.01969129
-0.23033387
-0.07268942
-0.05864677
0.20442349
0.10850139
0.04265040
0.20654516
-0.15378861
-0.07209925
0.11708502
0.18337190
0.01328712
-0.22225575
-0.12245106
-0.00017554
-0.09427532
0.05460892
0.02348753
0.22005909
0.09143533
-0.09405198
0.04377078
-0.14548130
0.14267898
0.15351678
-0.23988603
0.05153674
-0.04148926
0.03332591
0.06479007
-0.04300746
0.13431383
0.07875498
0.06169844
0.16551203
0.13170871
0.15939043
0.05295217
0.04439063
0.09790861
-0.22430089
0.20127893
-0.06258838
0.28623905
0.14952654
0.01946322
0.17572582
-0.10633206
-0.08329604
0.14547426
-0.03018882
0.05932292
0.07941787
0.04111044
0.28075173
0.01319743
-0.22865693
0.10407425
-0.15179734
-0.00817419
0.14506783
0.12978290
0.14388061
0.16804730
-0.03527591
-0.02203699
-0.03658852
-0.05360088
-0.05097497
-0.06586186
-0.04530393
0.00514644
0.02978208
-0.06150792
0.23702440
-0.07969883
-0.22154056
0.04340394
-0.05297582
-0.18154770
0.12999171
-0.06642766
0.08130656
0.16323803
0.04533950
-0.09783950
0.13274832
-0.00091205
-0.21903986
0.12217913
-0.00247009
0.02683724
0.12162365
-0.20198414
0.01465962
0.05136309
-0.09201693
0.01534914
0.26176783
0.06707817
0.14830177
0.20566417
-0.01240605
0.15477248
0.08669572
0.05324912
-0.02211556
-0.11214657
0.09152753
-0.23909291
-0.00762331
0.08513897
0.06838555
0.24781892
0.04525367
-0.11226618
0.24549422
0.05654986
-0.01089847
0.05020094
-0.25719651
0.13883491
-0.13957769
-0.02853974
-0.23150824
-0.09959396
-0.09314531
0.13420652
0.26246719
0.15082370
-0.15452093
-0.29663148
-0.00332599
-0.04788552
-0.19809407
0.06541442
0.04690752
0.18664359
0.26210600
0.05390788
-0.13043203
-0.08000227
-0.05284205
-0.10417916
0.00326685
0.28435705
0.19912026
0.29973634
0.01810452
0.00427264
-0.00416591
0.03377716
-0.01615210
0.02124116
0.10188578
0.01253618
0.02963780
-0.02869570
0.03130528
-0.34869993
-0.08489697
0.05132016
-0.13314929
0.08849314
0.24634647
-0.03780225
0.11510275
0.02485258
0.06865670
-0.21397756
0.23258859
-0.10841635
0.05936062
0.00814217
0.05788937
0.00732636
-0.13843086
-0.10949133
-0.04591567
0.10115736
