0.08393182
-0.02310651
-0.23139550
-0.00168116
0.18808956
0.16178074
0.00534063
0.00825023
0.16038247
0.27019682
0.32181348
0.02910502
0.01806338
0.09136834
0.07048799
0.22628394
0.06571017
0.06314436
-0.05021396
-0.02835927
0.00515129
0.16859100
0.04687577
0.14297655
0.04022293
-0.13153452
0.06920306
0.09945805
-0.12591567
0.06918907
-0.05302584
-0.03520929
-0.04066130
0.09528405
-0.01492254
-0.05646555
0.04008335
-0.24317640
0.20736579
-0.01674074
0.02405850
-0.10598819
0.18482854
-0.21839613
0.04365501
-0.16975700
-0.23977372
0.03562511
0.08961359
-0.13280754
0.01483760
-0.12367589
0.08681334
0.07556500
0.07497160
0.20056038
0.03474547
-0.06204891
0.09748511
-0.04132216
-0.13032992
0.08379362
-0.02676567
0.12226245
-0.16052755
-0.11415027
0.11583018
-0.06482801
0.00795040
-0.11436756
-0.02816736
0.07817386
0.01532463
0.18798168
0.04169248
-0.06654348
0.07250097
-0.02169189
0.07955693
0.02512254
-0.07505564
-0.13180848
-0.12763013
-0.12903409
-0.08233591
-0.08462372
-0.05106739
-0.05044987
0.08454705
0.06567591
0.16388810
0.01766079
-0.07979083
0.07589172
0.12326625
0.03532230
0.02916201
-0.02934806
-0.01253127
-0.00053587
-0.02153735
0.01444670
-0.11655470
0.16204314
0.00030174
0.00283053
-0.06186184
0.20920719
0.01578911
0.10484753
-0.03006630
-0.09731332
0.04056997
-0.08094950
-0.11709119
0.09328578
0.13237623
-0.04781771
0.09802953
-0.01635758
-0.03572807
-0.04113227
-0.08186964
0.17056779
0.05168323
0.15417112
0.13775097
0.20741314
0.00501943
0.09653746
-0.09769610
0.14753484
0.00783324
0.00221412
0.13297301
0.01396271
0.11015508
0.12104518
0.00744257
-0.11115382
0.16936686
-0.01096985
0.09496821
-0.13814373
-0.16734516
0.15828156
-0.03911294
0.08622272
0.02294259
-0.10931358
0.00504324
0.07377370
0.01410107
-0.06817910
0.28337781
0.15699595
0.19006284
-0.13886563
-0.22362117
-0.16318333
0.03370975
0.06945083
-0.14391926
-0.06939025
0.01064214
-0.23567531
0.09466360
-0.08960354
0.14754088
-0.05551048
-0.10096022
0.02667602
-0.09390241
-0.02043007
0.00244953
-0.03604578
0.01498614
0.05118766
0.21340216
-0.05984531
-0.19129552
-0.03809463
-0.00804651
-0.01645043
0.09416262
-0.15006918
0.11238034
0.01478664
-0.03352902
0.02089316
-0.00906068
-0.08828035
0.23414404
0.08472149
0.08913768
-0.06766968
0.14693751
-0.33714370
0.05058011
-0.06856089
0.14295035
0.02452070
-0.24065330
-0.02094987
-0.02025914
0.05696210
0.00347648
0.02785232
0.19892340
0.16705770
-0.04906093
-0.18910149
-0.04139311
-0.00079568
0.13391194
-0.13831417
-0.04204793
0.04814204
0.07207920
0.02332516
-0.05553406
-0.05027181
0.02094407
-0.07158215
0.09898695
-0.18171039
-0.10855016
0.23264327
0.03254230
0.03771117
-0.02109367
-0.08611945
0.16158291
-0.19541616
-0.05472848
-0.03665755
0.19194478
-0.12169682
0.07329723
-0.02341905
0.02357107
-0.05384845
-0.04374707
0.03377282
-0.20340075
0.05044366
0.12924384
0.10687231
-0.03516586
-0.14079756
0.10813891
0.21832940
-0.12475273
0.26159407
-0.12170389
0.15216802
-0.00239488
0.25413070
-0.16416576
-0.11177502
-0.07293098
0.07889199
-0.08061886
0.03154056
0.16706511
-0.08098462
-0.07022028
0.09669708
0.13339399
0.14822467
-0.09615159
0.01112830
0.00492232
0.17133837
-0.02115256
-0.06143083
0.08062383
0.05592169
0.21751503
0.17697506
-0.12039782
0.24068660
-0.03103658
-0.06783442
0.03890177
0.12724684
-0.06766441
-0.03990810
0.04403664
-0.22611137
-0.22506172
0.15544799
0.10060148
0.21678197
-0.03516563
-0.17934047
-0.04233817
0.19260522
-0.01087136
0.06957709
-0.11296133
-0.03856337
0.04671079
-0.02431913
-0.00427699
0.04642031
0.11980811
-0.01983031
0.06083427
-0.14102875
0.07508052
0.07447874
0.02879154
0.14457862
-0.10041000
-0.04203012
-0.03182726
0.06915166
-0.01422836
-0.18937359
-0.13881721
0.02920502
-0.09227888
0.09347428
-0.12486612
-0.12923284
0.12674123
-0.01288363
0.08401716
-0.14566504
-0.24048600
-0.03875350
-0.09850358
0.06250457
-0.06612575
-0.05201394
0.07223318
-0.17225422
-0.21961609
-0.15328218
0.05087078
-0.01435610
0.11380206
-0.02110823
-0.07123476
0.00738394
0.09588530
0.00254237
-0.02505476
0.04570237
-0.09348909
-0.00045944
0.08517748
-0.16853269
0.04667919
0.10852347
-0.15957910
0.03103656
-0.08340448
0.09846183
-0.13292985
0.04263998
0.07242797
0.06296415
-0.08273876
0.10283745
-0.01726947
0.12910934
0.06771906
-0.15614829
0.00726546
0.09947816
-0.12912987
-0.03890024
0.03488844
0.00525321
-0.01883812
0.22587241
-0.11805707
-0.07067667
-0.06681969
-0.06253684
0.05666842
-0.07460794
-0.18826222
0.09383327
-0.00117468
0.12370240
0.17634132
-0.11403830
0.10598900
-0.05707540
0.08672690
-0.11535808
0.13047277
-0.12002952
-0.11449641
0.03863892
0.09902383
-0.17710677
-0.01541072
0.18259529
0.14888049
0.08767479
-0.03076098
-0.28448343
-0.07141862
0.11913505
0.18273278
0.05187185
-0.06437628
-0.11289560
-0.01413411
-0.08552333
0.17506947
0.06084114
-0.11473856
-0.08430123
0.01555926
-0.05024561
0.02785857
0.03644350
0.03814125
-0.16361752
-0.13923223
0.11671540
-0.10908498
-0.07803924
0.08527876
0.07842598
-0.00353580
-0.02605832
-0.08630262
-0.04458943
-0.01797168
-0.06754132
-0.13513667
0.00705159
-0.02579610
0.04446322
0.26159448
-0.06895926
-0.02819262
-0.17110742
0.01140069
-0.01950585
0.10166009
-0.00683457
-0.10760679
0.12922076
-0.01830476
-0.07743085
0.07077569
0.22557120
-0.01717941
-0.02583814
-0.02848500
0.18118762
0.09130550
-0.01464250
-0.01120953
0.10563125
0.08204676
-0.05548694
-0.12175812
-0.12845219
-0.05872962
0.02576853
0.21184457
0.03242819
-0.21069563
-0.06843744
0.00263662
-0.08342779
0.06151546
0.02344537
0.09542226
-0.03380300
0.03339154
0.08136694
-0.12144491
-0.10492277
-0.01826394
0.22902951
0.08555771
0.09114528
-0.09190994
0.04373447
-0.11289870
0.10722099
-0.01105633
-0.06561582
0.00595806
-0.00268711
0.09647308
-0.06873356
0.06219741
-0.02938664
-0.14456638
0.17085566
0.12873067
0.08087724
0.10961765
0.03718590
-0.01119120
0.14380399
-0.03759805
-0.05393922
0.26924159
-0.34239453
0.01624593
-0.07018774
-0.03744054
-0.06417073
-0.10940365
-0.06166984
-0.03600139
0.13278339
0.12622214
-0.06915753
0.10535024
0.06414928
-0.00615886
0.01839501
-0.08491664
-0.00026806
-0.21588126
-0.00646720
-0.13507885
-0.00575480
-0.03100227
0.00231413
-0.03967614
-0.10199047
-0.01153909
0.04314563
0.08827235
0.01825548
-0.14479034
0.03771538
0.00461919
-0.10235712
-0.28133776
-0.02283448
0.14338934
0.10952437
-0.03861233
0.01087992
-0.06306186
0.01994332
-0.16791009
-0.01508111
0.09144146
0.18430033
-0.19630026
0.07470861
-0.06119512
-0.07849247
0.01788176
-0.13820525
0.05925516
0.02528896
-0.06234429
-0.05087387
-0.11428008
0.31574042
-0.12553056
-0.03782943
-0.08199254
0.01564442
0.05396491
-0.10232273
-0.03284794
-0.02881821
0.13574251
-0.31220624
0.13418461
0.18514219
0.07323304
0.01069772
0.11731312
-0.14963555
0.04966665
0.19276891
-0.04712704
0.06762723
0.02286936
-0.06006931
0.02979339
0.00623235
-0.24148023
-0.05330433
-0.21313405
-0.08996267
-0.01044366
-0.05194086
0.02392371
0.09340658
0.11825868
0.15683938
-0.00802154
0.02465050
0.04036077
-0.05957041
0.25290899
0.14119664
-0.03893689
0.12899885
-0.05576815
0.10715211
0.08732335
0.16685200
-0.02596973
-0.20665616
0.10920787
-0.21599085
-0.08221788
-0.07763893
0.06532276
0.00998236
0.08116458
-0.11656724
-0.13177499
0.02744131
-0.03654935
-0.04382633
-0.00384850
-0.24647975
0.01444235
0.03477939
0.17028011
0.10346859
-0.04452228
0.04163185
0.07719653
0.06334788
0.01310622
-0.06174422
-0.15168798
-0.11036829
0.05557817
-0.07229944
0.21141290
0.10322437
-0.12498324
0.14061886
0.03769042
-0.13135354
0.10848468
0.18572757
-0.03173319
-0.10595525
0.11358516
-0.22507733
0.04854954
-0.26574838
0.03508579
0.03430133
0.18436160
0.17858063
-0.05575939
-0.05035728
-0.10503949
0.04441308
0.09563023
-0.26055201
0.14667823
-0.22165373
0.01806444
-0.03992223
-0.17560712
-0.08655349
0.05458692
-0.05845388
-0.18124315
0.15445294
0.00480501
0.16200333
0.15359250
0.01207508
0.06564720
0.05425839
0.05171539
-0.11574806
0.10515546
0.04430752
-0.11001367
-0.00591015
-0.17244977
-0.15452400
-0.12759471
-0.07818634
0.09560020
0.06709421
-0.03458588
-0.01412575
0.11859263
0.06651916
0.02183029
-0.10097370
0.14285796
0.14830852
0.04763357
-0.08973599
-0.12064843
-0.06478714
-0.03129109
-0.06494696
0.12155280
-0.04996817
-0.02224051
0.03274827
-0.22233524
-0.01777251
-0.02534977
0.06150822
-0.09131849
0.03166255
0.14602717
-0.01615492
0.00385934
-0.12902782
0.02001728
-0.02930774
0.05519822
0.10265743
-0.11226889
-0.07822227
-0.08620625
-0.04761045
0.19266839
0.08557826
-0.05335006
0.07451380
0.03403383
0.05809706
0.07641529
-0.01167048
0.05801041
0.11397970
-0.07676550
0.00072324
-0.00475197
0.22463784
-0.02031171
-0.15933701
0.18731980
-0.04064401
0.02163374
-0.13336961
-0.02565046
0.26215605
-0.02919506
0.15003056
0.02650354
0.08394740
-0.10286126
0.01201865
0.05000059
0.01998309
-0.15840408
0.00049866
0.04022129
-0.03369449
-0.13158592
0.00956643
0.04502291
0.18735377
-0.08060940
-0.06511326
0.06508680
-0.03925105
0.04619408
0.15748945
0.01536889
-0.03719534
0.08576665
-0.15543881
0.03273471
-0.13403693
0.20518728
-0.07462802
0.01144097
0.19647674
0.01330375
0.01353435
-0.03706942
-0.19478031
0.06776091
0.07095183
-0.24197825
-0.22545291
0.06203691
0.08530200
-0.11840587
-0.03014303
0.06609270
-0.15500980
-0.09589530
0.06776167
-0.12769490
-0.06585524
-0.03847786
-0.03106154
0.10850742
-0.07277710
-0.02643956
0.05855392
0.05349107
0.00732984
-0.24592164
0.13837062
0.19268475
0.05295814
0.06007185
0.24231312
-0.05382363
0.13142298
-0.07280140
-0.06910104
0.08998202
0.03054309
0.03362839
-0.14416497
0.01822573
0.03435388
0.04538932
-0.01905122
-0.01616921
-0.03438663
0.07739292
0.04239387
-0.02531491
-0.01655919
-0.00176183
0.04381750
0.09418281
-0.21807210
0.05712594
-0.02522685
0.04476279
0.23174413
-0.01174060
0.04444590
0.06083996
0.11276422
0.15160652
0.06120333
-0.17030994
-0.02514523
-0.08502591
0.00607244
0.14662480
-0.18788759
0.00351585
-0.03992891
0.03256762
-0.07636040
0.22429632
-0.05884724
-0.12067048
0.14002645
0.09890057
0.07660312
0.07645430
-0.12026692
-0.03192796
0.13457507
-0.04895326
-0.09994550
-0.00395092
0.02139325
0.06502155
-0.04329706
-0.02661747
0.08326375
-0.11861921
0.08228480
0.09535032
0.01306768
0.12163699
-0.22083867
0.06302005
-0.06714856
-0.04051357
0.09176861
-0.13571532
0.03494768
0.05431001
-0.11579784
0.01477362
-0.18646952
0.27468000
0.01844063
-0.07282679
0.07481634
0.04762508
-0.03812995
0.02838568
-0.01752855
0.17277420
-0.04968741
-0.05979328
-0.22347128
0.21323419
-0.01198230
0.10358893
0.03438782
0.04395591
0.23032432
-0.12243175
-0.08060725
-0.05016519
-0.07844609
-0.25599697
0.15221754
0.01698572
-0.07245448
-0.00740198
-0.22559507
-0.03226907
0.01999059
-0.01137514
-0.08845003
0.05290322
0.13385638
0.06897407
0.00184939
0.09582670
-0.18150680
0.06892655
-0.00297642
0.06758241
0.05019150
0.00353024
0.12078656
0.10118487
-0.19105476
0.02359138
0.16920615
-0.18385637
0.08834655
0.01672345
-0.01533944
-0.07187771
0.08650501
0.12975004
0.01958433
0.00179909
-0.14229029
0.00739043
-0.01465909
0.08020044
-0.08135468
0.12707245
0.07055554
-0.05067272
0.06074813
0.11164389
-0.08217611
-0.03999012
-0.15055466
0.00770387
-0.07538038
0.09401082
0.05460418
-0.03238999
0.12588953
-0.11628232
-0.08863052
0.01278052
-0.05453301
0.13230137
0.01915772
-0.00305411
-0.10083122
-0.05937411
0.15560779
-0.06595770
-0.11782266
-0.15495071
0.22109982
-0.01628338
-0.09845633
0.10932942
-0.10256500
-0.08884829
0.06953247
-0.21699844
0.09137912
0.05811624
0.06648172
0.16792355
-0.03189381
0.02983659
-0.13788347
0.08574702
-0.06401000
0.19527790
0.10099586
0.03732835
0.15613281
0.02053375
-0.00836478
-0.04335758
0.04716601
0.07025002
-0.05302174
0.00433265
0.03875601
-0.02701121
-0.28293392
0.06125560
0.16049429
0.03607930
0.04501006
-0.08428188
-0.01327709
0.21800983
-0.10200683
0.04630058
-0.01465112
0.21273632
-0.00953690
0.03024272
-0.11663920
-0.02419962
0.00412749
-0.13697247
0.20784556
0.05206453
-0.01432551
0.09354533
0.14890932
0.08881731
-0.21483903
-0.15912115
0.03329403
0.05051511
0.00567115
-0.10191910
-0.05991921
0.18053005
-0.03628929
-0.10350425
-0.16634461
-0.01204680
-0.03776017
-0.01977977
0.06705999
-0.08933418
-0.00047875
0.17804318
0.02843032
0.04413969
0.06659013
-0.10446455
0.02625041
-0.07097074
0.07628201
-0.07970855
0.06810405
0.00498392
0.10549552
-0.04997632
-0.18413360
-0.08910412
0.09229646
-0.12340190
0.10661367
-0.02345835
0.04634628
-0.13087779
0.20065820
-0.14857815
0.25167732
0.23067789
0.07104023
0.09291441
-0.12213271
0.02807648
0.18850998
0.05086478
-0.10672433
-0.04493958
-0.01564609
-0.05728071
-0.01597265
-0.08639849
-0.04235550
0.00998671
0.02458725
0.12201917
0.06637444
-0.04279052
0.18801426
0.02803109
0.31879015
0.05571021
-0.29558745
-0.19058185
0.03156638
-0.12623764
-0.23592515
0.02268721
0.11698616
-0.06344380
-0.14942157
0.12952509
-0.24678926
-0.19287985
0.00952189
0.01267860
-0.00631245
0.04181267
-0.02791920
-0.03350864
0.02931988
-0.04492733
0.00174675
0.09006414
0.00862941
-0.07351056
-0.16407132
0.04686624
0.11802086
-0.10013472
-0.12831586
0.05355576
0.06298341
-0.13074085
-0.06486848
-0.05559964
0.07414782
0.04331851
-0.03432875
0.00526410
-0.07077440
0.09891312
0.12933937
-0.07364733
-0.03817432
-0.07188816
-0.08521934
-0.23996158
-0.11295082
-0.12791509
-0.13090372
-0.25397200
-0.02389448
0.04944274
0.03305956
-0.18786065
0.09658366
0.15801432
-0.14507295
0.03916791
0.13221384
-0.02857403
0.13472894
-0.02403644
-0.06464022
0.05655004
0.06190555
0.06629875
0.18551032
-0.03041386
0.02663753
0.06044110
-0.12252490
0.05981432
-0.09556121
0.02053291
-0.20832378
-0.08930788
0.09681624
-0.11866974
-0.17043797
0.09541363
-0.10741298
-0.14043951
0.07605201
0.06339015
0.02745582
0.07724742
-0.01121703
-0.11158447
0.01165027
0.01835641
0.08928651
0.16277463
-0.02239739
-0.15872732
-0.08249002
0.05737055
0.09510530
0.10043871
-0.04688740
0.00145691
-0.03368209
-0.14160559
0.09869613
0.10967501
0.05296889
0.03286417
0.09766423
0.02360117
-0.11520411
-0.01553988
-0.12811873
0.02916239
-0.07380883
-0.06428843
-0.25962148
-0.04194342
-0.01740049
-0.07594861
0.17637224
-0.04893836
0.18046674
-0.10830933
-0.07830745
0.06059080
0.12524521
0.07682251
0.17618985
-0.03885559
-0.07361041
0.13648567
0.06144084
-0.08367320
0.07743584
0.08893383
-0.09019756
0.11625515
0.19560575
0.23932473
0.15388323
-0.08417398
0.07603837
-0.05152727
0.07208966
-0.00295428
-0.01826113
-0.05577585
0.00932807
-0.10095293
0.03318046
-0.01377158
0.09118674
-0.09033403
-0.35001609
0.10844046
-0.09477493
-0.15526149
-0.00903742
0.09012830
-0.00759197
0.12979221
0.09429115
0.12673317
-0.01513763
-0.00891821
-0.10539971
0.02353309
0.13977656
0.04202497
-0.04707238
-0.02612386
-0.17049584
-0.01443024
-0.17015089
0.15921104
0.15062870
0.13855066
0.15239983
-0.00462039
0.06528622
0.07906847
-0.17312061
0.12979011
-0.01082272
-0.14038467
0.04956579
0.12901017
-0.00321335
-0.00011669
0.00622430
-0.13647937
-0.08702512
0.07101448
0.07601224
-0.07797166
0.02039720
0.07815025
-0.15210561
0.00971361
0.00052695
0.09211551
-0.03956888
-0.19614848
0.02489477
-0.00294065
0.01960865
0.07959756
0.08009293
-0.11534830
-0.10289006
-0.14023563
0.10104002
-0.12196396
0.12504188
0.01296573
0.11770242
0.06241156
0.11774311
-0.10196690
-0.17378241
0.30914153
-0.03459994
-0.03315042
0.08388250
-0.07454589
0.10629803
0.33811301
-0.11179660
-0.03684699
-0.01012929
-0.12866961
0.03757765
-0.04625550
0.14571459
0.14230322
0.00192273
-0.00599638
-0.04566947
0.18587465
-0.04321570
0.02506092
0.03365143
-0.01759816
0.03591346
0.08044023
-0.08989847
0.03165336
-0.09817435
-0.09301706
-0.18246867
0.06949502
-0.21629718
-0.14344369
0.13265970
-0.05172056
-0.01179406
-0.04393702
-0.03808263
-0.19369169
-0.01366425
-0.25797553
-0.12762447
-0.02860247
-0.05357182
0.07773054
-0.09651885
-0.04721969
-0.16313804
0.03696141
-0.19982187
-0.03562077
-0.08260045
-0.10730427
-0.13814396
0.03509979
-0.09553535
-0.08368606
0.02410779
-0.01611099
-0.08572487
-0.01934942
-0.01775450
0.03506028
-0.06085075
0.16517773
0.29838409
0.10308540
-0.13576470
0.03576292
-0.03929868
0.05599293
0.06241365
-0.03258161
0.20637984
-0.07862706
-0.11286400
0.05577674
0.17582434
-0.00481317
0.00093608
0.09650779
0.05309357
0.03698624
0.11896640
-0.15233008
0.05774931
-0.14550098
0.03868922
-0.08494320
-0.05676296
-0.06465986
-0.06398706
0.16561989
0.00286318
-0.11702433
-0.13096339
-0.16002889
-0.09360196
-0.19828877
-0.06283418
0.01583984
0.09988244
0.10450303
-0.07246714
0.01332293
0.11743683
-0.12268220
-0.10536690
0.13340745
0.02145133
0.01406168
-0.05056944
0.07645547
-0.19117465
0.08369639
-0.01272816
0.05093313
-0.09646186
0.10479886
0.03726285
-0.09224067
0.04672249
0.21251915
0.04933074
-0.18020782
0.07679601
-0.00742073
-0.04072348
-0.01981353
-0.03843446
-0.29258169
0.19708560
-0.12712051
0.21822289
0.06820170
0.01524632
0.03011484
0.13725353
-0.09987461
-0.06336101
-0.03494335
0.14448404
-0.17937134
-0.13844696
0.00803387
0.15962886
0.01799731
0.05379014
0.09431564
-0.09928141
0.03212763
0.02277265
0.02351139
0.05491801
0.33567922
0.00288428
-0.00104251
0.14269662
-0.08401452
-0.08328447
-0.05795889
-0.03724076
0.11817602
0.22604677
0.22604889
0.12564657
-0.10503958
-0.03541380
-0.02844051
0.10375857
-0.17819355
-0.16345661
-0.10170999
-0.04819141
0.02041793
-0.19682504
0.18759092
0.01695561
0.10123302
0.03210350
-0.16951913
-0.07042802
-0.16765365
0.06969900
-0.05253749
-0.21799988
0.05702222
-0.06045516
-0.22286535
-0.17457328
-0.11757541
-0.07062891
0.07904561
-0.02820118
-0.02974238
-0.20580126
0.06997010
-0.08559782
0.24244523
-0.03699172
-0.00748458
0.15556748
0.17340549
0.07894931
0.14101060
0.11102519
0.16665911
0.49045536
0.14017639
0.30665007
0.23956457
0.18143517
0.25432660
0.20209768
0.20397932
0.13552241
0.22016825
0.10354144
0.35652642
0.23468695
0.01532172
-0.09353361
-0.04677384
-0.19402221
0.02930616
-0.08230792
-0.05410945
-0.08515449
-0.01043076
-0.11404929
-0.18340089
-0.25208899
-0.24131762
-0.35541374
-0.26142896
-0.22254626
-0.22630139
-0.22305859
-0.25860365
-0.07468968
-0.10673958
-0.20750877
-0.13605196
-0.08692559
0.15654595
0.13089952
0.00851651
0.10182271
-0.06392767
-0.21974849
0.00687826
0.26557569
0.00505303
-0.02706196
-0.08818151
0.08972684
-0.00291571
-0.11663667
0.03307366
-0.06728077
-0.04523785
0.09326527
0.02678704
-0.00491608
-0.07455754
0.00375995
0.00520840
0.01855047
0.05142503
0.02598934
0.21706207
-0.05771656
-0.00183153
-0.03896282
0.00044340
-0.17979163
0.17571749
0.09687024
0.02402052
0.18994993
0.00202470
0.03084120
0.06354104
0.15618261
0.23164547
0.15383509
-0.02186421
0.15166340
0.19887931
0.00000737
0.23229952
-0.01730530
0.12222248
0.21568189
0.20188363
0.20369661
0.22421393
0.23041346
0.18122939
0.06809781
0.11003248
0.01874408
0.08058490
0.06121947
0.26298668
0.15741834
0.29075749
0.02811082
0.06972756
0.02121867
0.28724070
0.12629180
-0.24265887
0.13627940
0.00046854
-0.10866862
-0.08896674
-0.20567084
-0.24710652
-0.04798431
-0.39878001
-0.28416183
-0.35163011
-0.53445239
-0.41207957
-0.42210749
-0.45644810
-0.51839606
-0.35499122
-0.75799291
-0.33238621
-0.33348054
-0.27795261
-0.48689207
-0.28125681
-0.34745638
-0.14381658
-0.07998901
0.00117801
0.03573014
0.36687279
0.14759635
0.20943635
0.36994417
0.31718733
0.36303992
0.35904838
0.32760197
0.39816107
0.30085516
0.43968899
0.44177588
0.50227544
0.29672848
0.39641237
0.21922634
0.15022874
0.15510245
0.22040224
-0.10536453
0.09741240
0.04304362
-0.05625196
-0.04001267
-0.01708761
-0.05380871
-0.02653073
-0.09628287
-0.16084862
-0.29045163
-0.29224509
-0.26496865
-0.15642816
-0.12987808
0.03802564
-0.00520138
-0.19608934
-0.09320733
-0.15972639
-0.28403470
0.12337069
-0.05653943
-0.12395498
-0.00021355
0.19100233
0.10472945
0.08211581
-0.23933600
-0.02985559
-0.07505797
0.05686182
-0.17284952
0.06887075
0.10711067
-0.03710548
-0.19272009
-0.08663899
0.04962005
-0.08904111
-0.15196921
0.04288323
0.04132214
-0.02025879
-0.08421128
-0.00542756
0.10321066
0.02625825
-0.01142461
-0.07140134
0.05790964
0.00250497
-0.05042841
0.21222987
0.15602479
0.15077849
0.01198689
0.06724684
-0.23591175
-0.04979089
0.07284654
0.03761593
0.08822875
0.21156206
0.00949159
-0.12751275
0.23700107
-0.13378893
0.13473808
-0.04126197
0.00330110
0.03370823
-0.27786172
-0.06496461
0.05447558
-0.09010678
0.02732753
0.09284878
-0.13617476
0.04082478
0.19911998
-0.21503628
-0.14124169
-0.02318994
-0.05689223
-0.03294918
0.04501436
-0.07417832
0.02878174
-0.10412280
0.02142019
-0.11087042
0.11525060
0.07506442
-0.02925641
-0.01501440
-0.08851146
0.14242827
0.06671255
-0.16402103
0.10522031
-0.02850088
0.13050095
-0.00030244
-0.03257488
0.00553321
0.02118633
-0.05842743
0.07665847
-0.01404826
0.05558866
-0.08986665
0.05681084
-0.12513834
0.08658294
0.00882038
-0.01163538
0.04217884
0.25482473
-0.21568000
-0.02141743
0.19096866
0.02987365
0.10194503
-0.32892950
-0.06852778
-0.11350120
-0.06579392
-0.11913648
-0.00179200
0.13895090
0.06619235
-0.00901936
0.04087602
0.11061382
-0.13631948
-0.04198159
-0.01184049
-0.06622795
0.18426536
-0.00969685
-0.20795161
-0.07075023
0.05872382
0.07663124
0.26350140
-0.03581991
-0.13342569
0.07396533
-0.07100911
-0.00570097
-0.08924522
-0.26758906
-0.13520056
0.02192245
-0.03260276
-0.11802067
0.05568956
-0.01041421
-0.00615638
-0.09361233
-0.26878065
-0.05695053
0.20482646
-0.06266539
-0.23236414
0.08392295
0.01105626
0.09976838
0.03181130
-0.04713870
-0.07870978
0.11049599
0.07609337
0.07706819
-0.00906783
-0.03970673
0.13672120
0.01489262
-0.12092831
-0.06679800
0.18568231
0.31684573
0.06042610
0.08058582
0.10778487
0.01939226
0.11261840
0.19057226
0.12351421
-0.11963148
-0.02921414
0.04210840
0.02418682
-0.04191617
0.12076489
-0.02248789
0.08390266
-0.00034100
-0.03540593
-0.04145721
-0.12326333
-0.17165852
-0.04888063
0.32854717
0.01714554
0.14367222
-0.08227852
0.15985490
0.05037314
0.23525710
0.17285093
0.02203329
-0.05628092
-0.11770404
0.13536230
-0.02498691
0.04370158
-0.03773057
0.11032092
0.14665281
0.00064723
-0.02351675
-0.00664559
0.00332218
-0.20637434
0.19350542
0.04877246
-0.05851640
-0.01085536
0.07231686
0.00607578
0.12862369
0.12322373
0.15453612
-0.06317799
0.16587761
0.13636931
0.04170804
-0.03476598
-0.03667483
-0.02164523
-0.02608424
0.09754968
-0.12769636
-0.00691016
0.03080733
-0.00486159
-0.04650553
-0.06488773
-0.04969646
-0.15255140
0.08543244
0.04332380
-0.32538999
0.25096946
0.14120381
0.03440334
-0.01084482
-0.29296960
-0.01692151
-0.05095041
0.09851624
0.00206826
-0.03773777
-0.05836538
-0.00550482
0.07106370
0.10837328
-0.25078451
0.11131534
-0.17940025
-0.05185348
0.10117992
-0.08207482
0.18260838
-0.02622322
0.13443221
-0.07763839
-0.21390093
0.07322462
-0.06885905
-0.01445250
0.01263749
0.02328378
-0.03037826
0.01306176
0.04325714
-0.05361261
-0.03494816
0.02679025
-0.10874935
0.16653129
0.01056412
0.12577417
0.17056074
0.04720753
0.27335994
0.01957640
-0.24556914
0.12846279
-0.02607448
0.17692811
0.06977680
0.13477606
0.15552896
0.04773501
0.10561065
0.04923688
0.14019126
-0.15635799
-0.13646792
-0.02386640
0.03425006
-0.17234939
-0.02909337
-0.02058924
0.03243055
0.04761979
0.01474445
0.09016986
0.07047501
-0.02979162
-0.18014495
