-0.13794748
0.06067469
0.00311492
-0.01129812
-0.02123703
0.10729835
-0.10839179
0.02133815
-0.13684466
0.03772902
0.07316407
-0.14077116
-0.05743226
-0.10781010
0.18564897
0.06478817
0.05741638
0.06083016
-0.01181151
-0.02344331
0.16991353
0.17102362
0.06440155
0.04562134
0.17266616
0.09037272
0.06008174
-0.06601555
-0.12922903
0.01377822
0.09419143
-0.13329940
0.01712994
0.01640161
0.05553257
-0.20501788
0.15633432
-0.02648603
-0.10672221
0.01840325
-0.00550843
0.01838278
0.04059136
0.18034656
-0.16396220
-0.10997669
0.10715305
0.13197893
0.05164423
-0.26048176
0.03767040
-0.15036634
-0.14111057
-0.08013767
-0.12790788
0.07799922
0.07777385
-0.00156030
0.07022706
0.09756704
0.12028975
0.02766684
0.04927718
-0.11313251
0.04494562
-0.06929642
-0.14550575
0.08946423
-0.12979247
0.20228656
0.16281685
-0.00681120
0.05756542
0.09348691
-0.22850027
-0.14193038
-0.00573996
-0.14446178
0.04760862
-0.06286481
-0.06307891
0.02937084
-0.17629388
-0.00899763
-0.20007375
0.00344694
0.08545869
-0.29502006
-0.30108158
-0.02685327
-0.18375807
0.11481554
-0.00691784
-0.00609364
0.07163947
-0.04894038
0.30146396
0.01165066
0.14083932
-0.07370012
-0.04013571
-0.22031677
0.09033107
0.06746786
-0.05167005
0.01335824
-0.05645792
0.13440423
0.19919007
0.10570990
0.02495058
0.03224041
0.06927494
-0.01933768
0.03347920
0.07843223
-0.08690348
-0.22406467
-0.08209389
-0.01153740
0.11554640
0.18035373
-0.04095268
-0.04609456
-0.21043034
-0.04211828
-0.04908768
0.14149150
0.00424419
-0.10309095
0.09719158
-0.07605126
0.06138554
-0.02492651
0.17028030
-0.25321035
-0.05754768
-0.01295808
0.20973055
0.01804217
0.12030713
0.20617998
0.10514651
0.25083320
-0.09761406
0.13688005
0.01686974
-0.04771244
0.13679437
-0.07394995
-0.00336333
-0.01813770
0.20798552
0.02930147
-0.03891173
0.04337710
-0.00340614
-0.04335515
-0.16935623
0.07596135
0.14442010
-0.05918303
0.15102531
-0.00902449
0.29942713
-0.01511282
0.05455134
-0.01614376
-0.11184987
0.02197173
0.17601515
-0.12771462
0.12758872
-0.35636853
0.22582284
0.19979356
0.17765691
0.09072646
0.03658398
0.18181525
0.02970001
-0.32071563
-0.01510103
0.02355649
-0.17212963
0.30042942
-0.01323221
-0.06693120
-0.32496090
-0.08926517
-0.06637772
0.08530845
-0.11619958
0.17303072
0.05908652
-0.18279558
0.18928363
0.00241522
0.14470799
0.01377318
0.03022854
-0.03870987
-0.01233060
0.03157128
0.18564109
0.25470029
-0.19497429
0.39876486
0.23074761
-0.12578798
-0.03728463
0.41307533
0.22243216
0.09366312
-0.00211457
0.01672046
0.00114765
-0.02430992
-0.16278952
-0.01953880
-0.00191463
0.26359765
-0.06038423
-0.04235569
0.03081863
-0.00057974
-0.22218365
0.09357421
0.05568896
-0.05330329
-0.16327827
0.00192975
0.10689686
-0.20304301
0.10338613
-0.04579541
0.03537871
-0.08520744
0.14725512
-0.13730153
0.09872749
-0.08463146
-0.01397757
-0.12434528
-0.11442588
-0.19422968
0.00228022
0.04657777
-0.11163077
-0.02892559
0.17445736
-0.04302059
-0.00235150
-0.05601664
0.24525063
-0.08390842
0.06410173
-0.05765223
0.09955964
0.11947064
0.06056296
0.12951886
0.00603711
0.03263208
-0.09105154
0.23670752
-0.00502876
-0.18841055
-0.11343773
-0.00450876
-0.05698633
0.06977567
0.20899899
-0.12850155
0.17679691
-0.08066003
-0.04623975
0.18184858
-0.12406172
0.05325559
-0.03970932
-0.05369370
0.16607344
-0.13067358
-0.01932057
-0.05489828
0.04261838
0.20999091
0.02554463
-0.14315795
-0.09454580
0.00599135
-0.08072576
-0.01297965
0.07139639
0.07053526
-0.13316491
0.00389187
0.22557665
-0.11898242
-0.03926727
-0.17047428
-0.01760312
-0.07847304
0.10216777
0.23512627
-0.04078181
0.15484129
0.22605791
-0.14062877
-0.06383804
0.33658531
0.06467932
-0.25420740
0.12424846
-0.08085712
-0.08358684
-0.10986853
-0.06887241
-0.12182584
-0.23651565
0.21092814
-0.16810965
0.05555232
-0.11041372
-0.05948366
0.02645406
-0.10187044
0.06770522
0.07694026
0.08479800
-0.09787141
0.03275704
0.03821541
0.04941042
0.00388342
0.11861128
-0.09242111
0.04261698
-0.19484736
-0.06146449
-0.22331587
-0.00291022
0.06032355
-0.26706978
0.17889074
-0.12768648
0.16718178
-0.01327973
0.16409702
-0.28247873
0.05426410
0.06102318
0.02742065
0.00934189
0.12291852
0.23577848
-0.01582543
0.06518139
0.09319247
0.05031394
-0.09777312
0.14145378
0.18063106
0.08674484
0.00795981
-0.13727869
0.04855334
-0.10762586
0.12930296
-0.02818950
-0.04737842
-0.24067188
-0.20892338
-0.06389129
0.01196366
-0.09209054
0.01254899
0.14293994
0.14927689
0.17963807
0.10844713
-0.11311564
0.01348822
-0.02861117
0.12886618
0.08544245
-0.10627775
0.01817104
-0.03264952
0.11184199
0.07710585
0.07201144
0.12038725
-0.35660360
0.22496073
0.04650022
-0.13966796
0.03408088
0.06067885
-0.21069433
-0.03428868
-0.24532570
0.08591516
-0.03673795
0.21353057
0.17367769
-0.21480381
-0.13160210
0.03942916
-0.07460867
-0.16767319
-0.27155560
0.21315528
0.02673712
0.04668764
0.08700356
0.03388076
0.00028641
-0.01034420
-0.12933660
-0.10673571
-0.18920114
0.09302664
0.05937686
-0.08903672
0.07471873
0.04931880
0.10741490
-0.00157302
0.02906613
0.09733019
-0.08453726
-0.00579569
0.07433186
0.09897806
0.13039904
0.13122669
0.11057541
-0.05784939
0.03055607
-0.14203365
-0.21784842
0.08730406
-0.01525856
-0.05557914
0.16818347
-0.27966826
-0.01598255
-0.15608170
0.00643950
-0.03089290
-0.00263726
-0.14203732
0.00359951
0.21790406
0.10292796
-0.15726538
0.09226403
0.04794566
0.14192354
-0.23026807
0.18749524
0.16429973
0.09976112
0.06784772
-0.06728676
0.08082626
0.05752937
-0.05593782
-0.01942582
-0.05194396
0.02187845
-0.02188342
0.03425851
-0.18718267
-0.01110043
-0.06722934
0.19863966
-0.11522980
0.06661144
0.23298999
-0.12310565
-0.03327234
0.09733651
0.08293799
0.20785103
-0.13833753
-0.02663239
-0.00788090
0.03120578
-0.02096648
-0.00306718
-0.05870664
0.21363091
0.05616659
-0.17382670
-0.10861353
0.17345531
-0.15083930
-0.11300235
-0.06609351
-0.03532950
0.01632215
-0.08326552
0.00578137
-0.03366267
0.20420052
0.02451379
-0.03189845
-0.02245327
-0.09200325
0.07290708
0.06048252
-0.04347935
-0.06167475
-0.22873085
0.28370478
-0.19743121
-0.01211880
0.20070069
-0.02525582
0.07308092
-0.15230263
0.11427494
0.13573340
0.08962299
-0.23197734
0.26497832
-0.11249331
0.03388490
-0.02756792
0.23021065
-0.04612628
0.04023555
0.05434236
-0.26355782
0.12738632
-0.07187118
0.10904808
0.01513982
-0.00783903
0.02855149
0.04547113
-0.08019590
0.12083185
-0.18876756
0.18412824
0.01912126
-0.08022704
0.00912470
0.05721865
-0.11517300
0.07877738
0.04110774
0.06276778
-0.11045197
0.09979180
-0.05350666
-0.13254527
-0.06914325
-0.00389308
-0.16939345
0.10605679
0.11921753
-0.13990995
0.20002817
-0.01558379
-0.06356733
-0.08876156
0.19951840
-0.01478581
-0.05326357
-0.13394415
-0.03137629
-0.05762468
0.05874204
0.11893836
-0.16051106
0.18794925
-0.01972693
0.03716661
-0.01370404
-0.11016191
-0.00934811
-0.12053388
-0.02586944
-0.02746586
-0.09032823
0.06228124
-0.05655004
-0.04626239
0.14402141
-0.00840630
0.00188632
0.01230104
0.02311959
-0.17696068
0.17639339
-0.16133986
0.08075628
-0.15185798
0.20656693
0.00979780
0.07690299
-0.04225497
0.05162235
-0.12793519
-0.34699549
0.19923053
-0.08090715
-0.13014771
0.01968613
0.05896639
0.29492112
0.08407438
0.05407555
-0.12268782
-0.02709786
-0.07067815
0.21425651
-0.06443346
0.11523304
-0.06654926
0.24413263
-0.06560100
-0.24759778
-0.12543092
-0.07215969
-0.09346033
-0.16787653
-0.07849208
-0.01571721
0.02750289
0.01194997
0.06872715
-0.08181231
0.33253598
-0.12705741
-0.15120087
-0.03235067
-0.02970040
-0.13129463
0.04656178
0.01446859
0.20535598
-0.12059212
0.14864320
-0.11339360
0.04109487
0.04387954
0.05646562
-0.04651752
0.17318054
-0.00182329
-0.16904217
-0.20505775
0.20472445
0.18489333
-0.08291972
-0.06154692
-0.09636705
-0.07312072
-0.04793010
0.05759164
0.08242841
-0.02237206
-0.21981356
-0.09323937
-0.21111324
-0.15298397
0.05692387
0.17675277
-0.00057459
-0.14342716
-0.07764291
-0.02242266
-0.07318514
-0.00981803
-0.07468635
-0.02216377
-0.07300944
-0.05025106
-0.11831961
-0.05060261
-0.15576374
-0.03858593
-0.11393579
-0.04047874
0.24513622
-0.01165159
-0.02674545
0.07534762
0.02626755
-0.13490530
0.00993272
-0.07144744
0.05952636
0.10315873
0.17790513
-0.09112631
-0.04112650
-0.05446549
-0.04824688
-0.05731293
0.00460142
-0.04540115
0.01017166
0.18891744
0.02621083
-0.26546395
-0.25156928
-0.05605566
-0.25726128
0.03342434
0.10370112
0.00194164
-0.04391132
-0.20079252
0.26879511
-0.02009066
0.00331265
0.04269330
-0.24189539
-0.14777293
0.21994074
0.00911286
-0.08354315
-0.15158947
0.17292591
0.03043172
-0.08962301
-0.15090468
-0.12001212
0.24986251
0.01962066
0.14823059
0.13910801
-0.21149722
0.07067674
-0.02082997
-0.09717181
0.06762577
-0.04757822
-0.07908016
0.03776522
-0.11454195
-0.03841225
0.08466985
-0.06176350
0.14442357
-0.07377534
-0.11260551
0.14359659
0.02515821
-0.03500667
-0.07437931
0.02797276
-0.39553654
0.06665242
-0.10299376
0.14450129
-0.01559965
0.08172339
-0.07288346
-0.22139241
-0.18486993
0.05589374
-0.16130989
-0.01030430
0.09882302
0.20429001
0.00488939
0.12988564
0.01412230
-0.10858001
-0.05384532
-0.04464846
0.03178896
-0.07504110
0.11850176
-0.07512900
0.08940260
-0.10375393
-0.18339276
0.31705578
-0.26703997
0.03929010
-0.03209494
0.21166825
0.11383713
0.07262638
-0.10049025
0.00701940
-0.27988764
-0.20332160
-0.15888599
0.15725911
-0.16353862
-0.07389978
-0.09965643
-0.26581379
-0.10233926
-0.11889230
-0.01130502
-0.04597619
-0.20624853
0.12158144
-0.09160913
0.02445331
0.08368023
0.13100289
0.02034734
-0.11698855
-0.23466702
0.05501085
-0.13775064
-0.35579819
0.11242682
0.15687285
0.16341581
-0.04676097
0.07839665
0.10670199
0.12386712
0.04077039
0.01974449
0.16970881
0.08322079
0.04063578
-0.01989338
-0.04480542
-0.24543264
0.17625266
-0.03004339
-0.15593664
-0.03788273
0.08642676
-0.04669624
-0.12872179
-0.03229909
-0.06856745
-0.26442188
0.09844415
-0.16453731
0.10863564
0.24905294
-0.02048672
0.27085670
-0.02477664
-0.17095572
-0.04112867
-0.15904709
-0.02928463
-0.01018487
-0.12477117
0.14891322
-0.05488141
0.10283611
0.02582806
0.04041471
0.12102053
0.10320047
-0.17428649
-0.09355692
-0.03902799
-0.06296550
-0.07400677
-0.05425489
-0.03073229
-0.35628508
-0.03002323
-0.06911545
0.14151797
-0.15416700
-0.04598704
0.12484806
0.00327072
0.05274856
-0.03680639
-0.14089955
0.08311177
0.01661208
-0.08665857
-0.07151359
0.03404253
0.01144887
0.12820086
-0.03059467
-0.02178239
-0.01465409
0.04116387
-0.32174114
-0.17461066
-0.12437146
-0.19552162
-0.14160543
-0.08201697
-0.17795878
-0.20116242
0.24947054
-0.03106575
0.01069358
0.00467363
0.12269857
-0.25888500
-0.08820450
-0.15630282
-0.19700417
-0.00784586
-0.32819146
0.08478383
-0.24559431
-0.11855586
-0.00442831
0.04205073
-0.13527286
-0.27136622
-0.16076610
-0.21314029
0.05654756
-0.32931181
0.07775210
0.03988873
-0.19510408
-0.03737996
0.23736232
0.03183902
0.13880201
0.24507731
0.11435432
0.03560949
-0.15520180
0.03028012
0.26472982
0.15229587
-0.04822832
0.02137856
0.18908165
0.21259031
0.18766446
-0.29486730
0.04323426
0.09840597
-0.08908421
-0.05349853
-0.08263216
0.13836576
0.09675903
-0.12600739
0.04350388
-0.04373356
-0.04391832
0.00610384
-0.00363660
-0.02792312
0.05451372
-0.00916232
0.25412532
-0.01579274
0.20800284
-0.06466492
-0.00906935
-0.15456875
-0.04059598
0.06063716
-0.11203804
0.21395706
-0.03049773
-0.02352616
-0.10259958
0.07944039
0.02350813
-0.05715488
-0.03929865
-0.03283739
-0.19264262
-0.07643690
0.04511863
0.19450764
-0.00798219
0.10124275
-0.12434356
-0.12456054
0.12853817
-0.15231831
0.02134947
-0.03490555
-0.23737024
0.03416265
-0.09132348
-0.06726892
0.02636745
-0.05574538
0.05550341
0.02761587
-0.05694758
0.02776266
0.14503580
0.04781656
0.10469059
0.01947290
0.23516774
-0.15796052
-0.03603754
-0.07988264
-0.05515643
-0.01526546
0.32124308
0.03825702
0.06718855
-0.08865768
-0.01227785
0.05018335
-0.05779881
-0.07901616
-0.26179759
-0.24990249
0.18907160
-0.08280594
0.07036362
0.28795355
0.02868544
0.11462015
-0.31858136
0.15732240
0.07314728
0.04420756
0.11229064
-0.01104860
0.07604649
0.03222125
0.25226765
-0.17959365
-0.08672231
-0.02594333
0.07155015
0.12956404
-0.11616349
0.10684480
0.15448289
-0.13098026
0.05937068
0.23645527
0.09408253
-0.22399962
0.28703770
0.21335338
0.07249477
-0.00200270
-0.09010571
0.03373621
0.11195783
0.03411069
-0.02440773
-0.09123480
0.07664039
-0.16841787
0.06063283
-0.01493310
0.11555757
0.07798481
-0.07899219
0.15665059
-0.03660090
-0.09379077
-0.12351759
0.00770349
0.26367066
-0.07072678
0.01003848
0.17440777
0.10529536
0.03547043
-0.36244076
0.18612213
-0.05591810
-0.21638402
-0.09576988
0.18516412
-0.01993143
0.02194444
-0.06574321
-0.19003363
0.08466290
-0.26225559
-0.08015089
0.06512488
-0.16813638
0.02723147
0.04832440
0.04694477
0.19538424
-0.16231142
0.00552109
-0.07539280
-0.11064583
0.01365399
0.07455058
0.07931053
-0.02964910
-0.06059320
-0.14802966
0.10178750
0.04665997
0.06532104
-0.10147045
-0.07253108
0.10025004
-0.00229506
-0.04217296
-0.01923287
-0.05231042
0.02936648
0.03017063
0.07631618
-0.05112439
-0.20343173
-0.12321854
0.19423991
0.01432511
0.14013923
0.05543752
0.24286125
-0.01022131
0.13991162
-0.03413849
0.03358745
0.02947027
0.13659314
0.11194535
0.16349839
-0.01777632
0.11055624
-0.00005450
-0.03834498
0.03818293
-0.08110487
0.03216324
-0.06168334
0.23579829
0.02481772
0.18803565
0.06388934
-0.03163170
-0.03461876
0.10219833
0.04230251
0.08942370
-0.06072963
-0.20046727
-0.11290173
0.12321842
-0.09132771
-0.10647737
-0.02313484
0.25067764
-0.10813797
0.06934684
-0.16682646
-0.11595193
-0.14698163
-0.04382868
-0.13256650
-0.05568445
-0.11165255
0.08319217
-0.14378186
0.04082665
-0.04948912
-0.13641937
0.03294297
-0.06761529
0.10863293
-0.09461997
-0.27907448
-0.06956512
-0.13123069
0.10588775
0.04711236
0.12782731
0.03669428
-0.24155109
0.07315272
-0.10784621
0.05572042
0.07869695
-0.09713626
-0.05666341
0.07578488
-0.10301859
0.23043639
0.00934812
-0.02691007
-0.17160501
0.03850559
-0.03451551
0.05624122
-0.09650936
-0.03235478
0.07988264
-0.08758451
0.02397511
0.15655415
0.11097624
0.02544967
0.25336540
-0.04927948
0.13595972
0.00821139
-0.09587530
0.02067687
-0.09175177
0.12541348
-0.11531464
-0.17861833
0.03331683
-0.07093797
-0.04400565
0.05199056
-0.13404594
0.13520726
-0.09640113
0.01337913
0.03398425
0.04292679
-0.12857955
0.01699531
-0.01819558
-0.07321704
0.19291515
-0.05790795
0.04938693
0.13692910
-0.15421163
-0.20198104
-0.16266006
-0.30761304
-0.19849809
-0.13726523
-0.33000922
-0.35635370
-0.04397933
-0.55970212
-0.04938226
-0.15188487
-0.12594431
-0.45488916
-0.16075376
-0.34897177
-0.16788667
-0.14778918
0.09656105
-0.14221375
0.11407420
0.19939050
0.12881069
0.29275119
0.24062413
0.24619512
0.21363411
0.31512270
0.39453448
0.47816197
0.55138335
0.46870561
0.41430970
0.66178463
0.39860691
0.27634052
0.66184130
0.17119109
0.49797540
0.30693182
-0.04190460
0.11361322
0.25478310
0.21275912
-0.07098860
-0.12418925
-0.20738514
-0.18493676
-0.13557559
-0.28205424
-0.33164590
-0.40950310
-0.38163791
-0.16223910
-0.27400821
-0.11093889
-0.21024639
-0.29155646
-0.16227180
-0.06180467
-0.12889939
0.15151185
-0.23751009
-0.04314219
-0.16531231
-0.06976582
0.05498396
0.19988360
-0.14339546
0.19806455
0.02586019
0.03176800
-0.15132529
-0.05242920
0.06756305
-0.12016437
0.12929585
-0.18413027
0.12152626
0.02459254
0.22117641
0.17282695
0.18657112
0.06062326
0.05867834
-0.11428464
-0.08673843
0.18064891
0.06590007
0.13997668
0.22434690
0.16588558
0.03416337
-0.08744895
0.04684327
-0.02204047
-0.06406533
0.06154284
0.19451898
0.16493680
-0.13497360
-0.07603768
0.16426770
0.00504895
0.06046066
0.22975113
-0.15325981
-0.16388582
-0.07535532
-0.13046547
0.00309601
-0.03260565
0.03217618
-0.15433949
-0.09638766
-0.11797424
-0.01611509
0.10490825
0.03594934
0.06948298
-0.09630353
-0.00435101
-0.14193624
0.09440848
-0.32866888
-0.01127771
-0.03561719
-0.03379516
0.05371864
0.37786475
0.05906572
0.00919800
0.17780428
-0.02582020
0.02126623
-0.29449078
-0.00083268
-0.20681511
0.05757986
-0.22857881
0.07946197
-0.04461063
-0.02347379
0.14422908
0.06055082
-0.06851240
0.11075285
-0.05565504
-0.20078139
-0.14461600
0.04648417
-0.08827939
0.05068239
-0.18410171
0.01749088
-0.16462259
0.18274106
0.06047216
0.04647347
-0.01131453
0.27445638
0.43314685
0.22075217
0.28971092
0.29581441
0.23775193
0.35197018
0.16437321
0.27017989
0.38903062
0.38990520
0.23441175
0.34918423
0.28052355
0.15665458
0.29853902
0.11870202
-0.17430870
0.08410320
0.05924016
-0.03609356
-0.25947661
-0.37084642
-0.44089882
-0.15189004
-0.48156224
-0.42596184
-0.78587499
-0.59982536
-0.46634650
-0.63272925
-0.60366369
-0.40915799
-0.49091328
-0.18951415
-0.34195021
-0.42909391
-0.41302775
-0.32014858
-0.27533738
-0.05521500
0.07418711
0.00327413
-0.09098720
0.22687661
0.18042038
0.26352444
0.42431874
0.33914818
0.12723155
0.50284200
0.45567797
0.08432086
0.10571453
0.40197430
0.08608290
0.10585013
0.19686251
0.05483566
0.03752566
0.11841563
0.28737005
0.02830852
0.33358004
0.22200897
0.06113590
0.14529617
0.08713533
-0.08649241
-0.08905297
0.10780400
0.04277753
0.18002843
-0.18843491
-0.11659718
-0.05268893
-0.05941307
0.01491281
0.00865936
-0.08778212
0.06095665
-0.02374281
0.00595565
-0.02772740
-0.01392170
0.07490078
-0.10105494
-0.01899667
-0.26250167
0.03355274
0.03161884
-0.07032917
-0.03909642
0.03561559
0.12041796
-0.25293297
-0.15797777
-0.05089260
-0.01660278
-0.07049563
-0.04137039
0.02231056
0.01837227
0.16417490
0.12280530
-0.07396422
-0.10709496
0.10140580
0.25666049
0.00098837
-0.12632334
-0.05570564
0.08192272
0.08148077
-0.19402965
-0.05986102
-0.16107890
-0.05505647
0.04791424
-0.05761050
-0.37512531
-0.14814811
0.00896462
-0.18540023
-0.16203459
0.00277673
-0.12478480
-0.14257306
-0.04451413
-0.07931669
0.17361981
-0.11296016
-0.20265129
0.15174477
-0.08651949
-0.00239949
0.00202124
-0.00117338
-0.09435116
0.22112647
0.34643297
0.26520810
0.19450270
0.22069776
0.08096801
0.01807438
-0.02716121
0.07000694
0.27791010
0.18850137
0.02009920
-0.07105504
0.22008302
-0.08404828
-0.08646412
-0.02654743
0.01359934
-0.09688933
-0.14778600
0.10004053
-0.16145376
0.11275229
-0.10557442
0.03047053
0.04736500
0.11573716
-0.03761901
-0.08404268
-0.13819462
-0.08822950
-0.15000583
0.16479614
-0.06012105
-0.30360562
-0.07416442
0.14777865
-0.15736439
-0.01369427
-0.04613319
0.11031335
0.17082269
-0.03332774
-0.04581232
-0.16619130
0.13809438
-0.00769467
0.13357965
0.07099648
-0.08550860
-0.06550828
-0.18929673
0.09809904
0.09356781
-0.08970190
0.15245246
-0.05663349
-0.11597795
-0.09626776
0.08033440
0.10531557
0.10028401
-0.14517447
-0.02065892
-0.21703739
0.04109588
0.15974335
-0.08945583
-0.05412359
-0.05311823
-0.05200267
-0.04491670
-0.20406691
-0.05403895
-0.14227934
-0.12552058
-0.13017681
0.08258199
0.10031611
-0.15131480
0.06306713
0.08806846
0.04990889
0.09811152
0.02646457
0.08554579
-0.14640957
0.18513283
0.06953473
0.22176795
0.19478299
0.25675466
0.00130060
-0.02858292
0.02499032
-0.03065811
-0.17049677
0.00313082
-0.08948841
0.07621283
-0.13980347
0.05757973
0.01838537
-0.14556655
-0.04549975
0.25213786
-0.10890772
0.05431248
-0.11913895
-0.07627427
0.20732645
0.31127258
0.03237974
0.08768387
-0.07833673
-0.40046022
-0.16665963
0.00095052
0.04212471
-0.07164376
-0.01244143
-0.00342645
-0.03408047
-0.12317284
-0.09859125
-0.06481978
0.08823513
0.03704899
0.15226337
0.25867584
0.17588696
0.08930415
0.15704451
0.09479397
-0.06676055
-0.01839851
0.11483318
-0.09692092
0.14716045
-0.07162464
0.15312948
0.04490396
-0.22795083
-0.13606024
0.07373075
-0.01683009
0.02587247
-0.08704760
0.15567300
-0.01521913
0.11742671
-0.17010987
-0.18637347
-0.12365035
-0.05061513
0.09647931
0.21410060
-0.00856822
0.07636025
-0.10744857
0.09169013
0.05064045
0.04162175
-0.04799467
-0.12303228
-0.06786433
0.10283512
0.14889441
-0.26605052
0.05943870
0.31496223
-0.05638162
0.16705723
-0.27392909
-0.22647513
0.22117718
-0.29084273
-0.01651036
0.06364084
-0.09608691
0.15953360
0.09197752
0.04230721
-0.14558055
-0.10729918
0.12875422
-0.04292168
0.07555656
-0.07055795
0.10836367
0.04396048
0.13438189
0.00976827
-0.25470216
0.11981269
0.11321185
-0.01134682
-0.17166805
0.18798033
-0.07767248
0.04619258
0.03044193
0.09424038
0.06114209
-0.06231102
0.10919075
0.00990681
0.07231251
-0.13096880
-0.17422031
0.24263561
-0.17080497
-0.22291304
-0.18843205
-0.00500603
0.09681025
-0.04423142
0.00958695
-0.02351774
0.02518045
-0.21500299
0.22805433
-0.30358285
0.09091748
-0.09224314
0.18439936
-0.00681990
-0.13048088
-0.04044092
-0.14668074
-0.04837869
0.29245702
-0.00948080
-0.07556142
0.11331936
-0.14023909
-0.08906263
0.07559020
0.05938913
-0.13047977
-0.11157890
-0.13653786
0.14090803
0.10947571
0.04010689
-0.15722588
-0.05730477
0.00273564
0.14564820
0.01402685
-0.17929505
0.08813628
0.05934898
-0.06632898
0.09950647
0.11231130
-0.00229453
-0.19308085
0.21283525
-0.07403809
0.00714040
0.07475839
-0.17473038
0.00572444
0.13157503
-0.01417277
-0.02168195
0.05708004
0.02391874
-0.04087743
-0.03625075
0.05321971
-0.05438065
0.05164201
0.01026068
0.01785536
-0.06345770
-0.06055741
-0.05221752
-0.12987528
-0.09011456
-0.02797596
-0.20201503
0.03448650
-0.07800002
-0.20573988
-0.14238241
-0.14259313
0.04142861
-0.01413748
0.11705220
-0.04550272
-0.04220770
0.05307055
-0.07361562
0.02564288
0.12672188
0.03720694
0.20536684
-0.21301992
0.01875556
-0.12009870
-0.15969488
0.04489072
0.05500159
0.03763316
-0.11106666
-0.07020225
-0.07378756
0.04686403
0.06751711
-0.08548406
0.11383896
0.24124971
0.09971730
0.01265871
0.23300494
0.01125230
0.07699797
-0.15983110
-0.07760163
0.03346279
0.04691068
-0.13937929
-0.06138859
0.07279403
-0.11626538
-0.14260148
0.26101370
-0.08627070
-0.04352754
0.05227928
-0.06434208
0.02694839
-0.03636853
-0.01375322
-0.08717193
-0.10555350
-0.04081202
-0.01316492
0.22402883
-0.10670564
0.31992680
-0.07852331
-0.02981949
-0.05144712
0.21964454
0.03969365
-0.12640378
0.03827025
-0.16354559
-0.10572533
-0.02504677
-0.11710465
-0.00729625
-0.07152442
-0.13937889
0.06059802
0.13903504
-0.17259319
0.12612319
-0.13859417
0.17959339
0.06478144
0.06539141
-0.07473301
0.06337660
0.20519556
0.01104264
-0.12366289
0.13183738
-0.01853485
-0.01149943
0.16867662
0.04509087
0.02692151
-0.03474806
0.01602341
0.10291127
-0.00098290
-0.02068262
0.10944535
0.06055971
-0.22784708
-0.08801651
-0.02809275
0.05597258
0.12620443
0.08546788
-0.18258360
-0.08839874
0.02830446
0.14334270
0.08136085
-0.07680829
0.11231061
-0.13274131
0.19693769
-0.05145699
0.09704400
0.07099224
-0.00776499
0.15828529
0.00792724
-0.14541828
0.00868860
0.10777169
0.10531005
0.11320761
0.10158804
0.07700618
-0.17160750
-0.11657612
0.15270083
0.05293738
-0.08420401
-0.04411329
0.20087285
-0.14771608
-0.03635493
0.12121448
0.07505678
0.22445198
-0.00523007
0.08641601
-0.22408448
0.00538233
-0.07526771
0.12950849
0.07546431
0.04155949
-0.07648130
-0.01691587
-0.08647267
0.05772482
-0.08981612
0.06126541
0.17092605
0.01510557
0.03393366
0.11998955
-0.19165549
0.13227774
-0.00227428
-0.02674349
0.10667833
0.00077878
0.09578227
-0.05623760
-0.13130149
0.07058916
0.08186422
0.01320054
0.07540336
-0.07108815
-0.12813685
-0.11456409
0.01696225
-0.02284235
0.13351979
-0.04349113
0.29060597
-0.20802618
0.01883188
-0.13188530
-0.13806601
0.01663141
-0.14466783
