-0.12537751
-0.10046322
-0.03975056
0.12833594
-0.13402064
0.06504574
0.10695895
0.15069347
0.04199919
-0.06699164
0.03755783
-0.08942886
0.29298599
-0.03901554
-0.04459415
0.21185734
-0.08818187
0.14290033
0.11087631
-0.09800296
-0.00208084
-0.11070522
0.16366729
0.09166625
-0.02293210
0.01937598
0.10029188
-0.02874107
0.08482586
0.16696051
0.01366361
0.00770376
-0.03427712
-0.21482216
-0.06023771
0.02200106
-0.08573967
0.01855819
-0.08984649
0.14518887
0.03610598
-0.00297821
-0.09773068
0.05100947
-0.12009496
0.11674853
-0.09947827
-0.11884741
-0.00217682
0.01769561
-0.21765652
-0.06144700
0.32037612
0.21368536
0.17644121
-0.06125503
0.08962847
0.12169665
0.12841771
-0.27076562
0.29828833
0.00855741
0.14266086
-0.10486481
0.10099084
-0.29729091
0.01936114
-0.17944282
0.23241301
-0.15804336
0.18191877
0.15541942
-0.06910909
-0.05607267
0.10775937
-0.03587700
0.09076694
-0.06950455
-0.05770912
0.22468440
-0.20685345
0.00369976
-0.12317562
-0.02856020
0.14856929
0.22560219
-0.12048476
0.06541247
-0.17847082
0.25375539
-0.15284139
0.17899222
0.16189275
0.10536052
-0.09541231
-0.01863681
0.03041454
0.04823529
-0.16605617
0.10690739
-0.00430244
-0.15050562
-0.08983500
0.03639921
-0.19393856
0.03481218
-0.04842498
0.19401754
0.05799279
-0.15928423
-0.03232544
0.06585181
0.17254379
0.08103535
-0.05995977
-0.09188364
0.11009873
-0.10952864
0.07117452
0.02018765
-0.18002026
-0.00578685
-0.01531238
0.11094621
-0.01919877
0.07023958
0.10367916
0.07237175
0.03864022
0.16589344
-0.04675954
-0.06882997
0.00187568
0.06794489
-0.09437803
0.01633796
-0.08544754
-0.35756377
0.10362957
-0.06872539
-0.16195083
-0.19790424
-0.06196364
0.06450139
-0.13057320
-0.06358906
-0.06289765
0.09329739
-0.23010160
0.05715780
0.08485270
0.22394527
-0.08742836
-0.28344262
0.10381045
-0.12758172
-0.08490068
-0.04437027
-0.07986625
0.09813407
0.05339818
0.02404516
0.13199062
0.14019470
0.07687254
-0.06745054
-0.14259117
0.04552569
-0.00501897
0.09282559
-0.11280521
0.14772297
-0.12186972
-0.00151078
0.14809390
0.08316769
0.04178826
-0.13636733
0.07833314
-0.12086720
-0.01090689
-0.07323963
-0.22421066
0.09736779
0.15950210
-0.04305468
0.08489246
-0.14972632
0.09116608
0.02848085
0.21731643
0.19466829
-0.14410580
0.01378857
-0.02048072
0.00596242
0.00496749
-0.04244681
-0.02711129
-0.33716670
-0.00846287
0.05221563
-0.05607896
-0.03927849
0.00651923
0.00522997
0.15028442
-0.01542152
0.02530198
-0.04333243
-0.02257529
0.01609132
-0.05494563
0.00834572
0.03871373
-0.09284742
-0.16471281
0.14463266
0.07156025
0.00237639
-0.02815856
0.38069272
0.02558190
0.01146743
0.07602463
0.10958771
0.04800188
0.12137950
-0.00430647
0.06227367
-0.01647428
-0.08525677
0.04670095
0.00498850
-0.08906196
-0.09442594
-0.09601420
0.03380247
0.02879446
0.03972010
-0.09022451
-0.04720350
-0.17272397
0.02606668
-0.13882206
0.16852926
-0.13157218
0.01739616
-0.13291761
-0.05874571
0.02074017
-0.13065743
0.13891144
-0.20224052
0.12452946
0.08043095
0.07055949
0.15410803
-0.02970559
0.15007839
-0.06045372
0.05718934
-0.02948936
0.10559591
0.01191553
0.04323249
-0.22785668
-0.10998173
-0.11835979
-0.05967703
-0.15653467
0.10831828
-0.15478596
-0.00576440
0.10582235
-0.03142483
-0.06484129
0.14962709
0.28221143
0.18758775
0.04376857
0.01453601
-0.14987123
0.09120751
0.22573703
0.11254209
-0.15872481
0.00812499
0.06942056
-0.05845161
-0.04408367
0.12739173
0.19436490
-0.08475423
-0.13268779
0.12435504
-0.15815061
0.09106984
-0.01273025
0.19627134
-0.32537256
0.11580578
0.04181717
0.03414504
0.26126761
0.02481780
0.17311083
0.05590870
0.07434929
-0.00511372
-0.24225863
0.15336912
0.05887213
0.03975392
0.18747259
-0.05700950
-0.19769144
0.17596982
-0.08415202
0.13340099
0.17717309
-0.17880286
0.09089265
0.05666097
-0.02003365
0.18339737
-0.10905658
0.05920404
-0.03869388
-0.24154809
0.00862756
-0.07099290
-0.01905637
0.21189813
0.03194234
-0.18189322
0.08330363
0.18752906
-0.10924570
-0.03668002
-0.00402704
-0.16039597
0.13928499
0.17104794
0.20925739
-0.02270272
-0.35027766
0.07539682
-0.20318087
0.00012598
-0.16189454
0.19145624
0.06841647
0.06846473
-0.12436655
-0.01433908
-0.10947139
-0.03124797
0.04122183
-0.02319228
0.36602203
0.08155249
0.06106921
0.06905102
0.26235262
-0.03792676
0.05605978
0.16929733
-0.08853796
-0.09043508
0.06657048
-0.04351171
0.04698232
0.00174510
-0.02981964
-0.11985974
0.07944864
-0.05435721
-0.10988414
0.12733042
-0.00137329
0.21421772
0.14316193
-0.05518309
-0.05581227
-0.13157100
0.10755173
-0.01710353
0.04264570
0.11775975
0.07017067
0.06300662
-0.13209619
-0.18801879
0.28879037
0.16721105
-0.15153776
0.10939962
0.05571991
0.21195843
-0.20145602
-0.05756831
0.00524677
-0.05194706
-0.02899623
-0.11510274
0.04864434
-0.07959523
0.04916838
-0.00688080
-0.23596338
0.03237601
-0.22912399
0.09930226
0.09568324
0.09224050
-0.06571023
-0.07933828
-0.09137560
0.07379577
-0.08788884
-0.06859778
-0.15009973
-0.17046568
-0.05518010
0.14923573
-0.05357336
0.15214789
-0.06151493
-0.08420364
0.10844559
0.00332431
0.03775081
-0.01345551
-0.07097331
0.11888100
0.03760797
-0.06558501
0.18534323
-0.01407172
-0.10573323
0.03738377
-0.05664092
0.11312120
-0.16733866
-0.10710568
0.05037175
-0.02846563
0.01426123
-0.19011536
-0.25276847
0.25466355
-0.07661011
-0.00447296
0.07459883
0.01061426
-0.14952978
-0.14186388
0.10058354
0.31330734
0.01966766
-0.04421806
0.02721076
0.00923214
0.04421261
0.01261240
-0.10238451
-0.01652773
-0.39369337
0.31873797
0.18022690
-0.22033952
0.04335704
-0.06325636
-0.25140303
-0.04650094
-0.05738329
0.03388430
0.06132414
-0.10312918
-0.08358049
0.27492173
0.07740219
-0.08591273
-0.15541133
-0.01453786
0.02064235
-0.00672166
0.03326865
0.09481166
0.39277097
-0.00865882
0.18989800
0.16909477
0.05439600
0.10942765
0.08396301
0.11220766
-0.11356421
-0.02017288
0.00967845
0.07679972
0.01568688
-0.02565801
-0.14542204
-0.10090475
-0.08414094
-0.06348754
0.27508183
0.04641880
-0.07479319
-0.06314697
0.09379148
0.23920868
0.00054463
0.19993871
-0.03515070
0.09814769
0.00397275
0.15517387
-0.10107655
-0.09933098
-0.04354563
0.05945352
-0.03422355
-0.23596470
0.00671380
0.06044671
0.03375537
0.33929845
0.08131491
0.16577569
-0.15297479
-0.21988197
0.19819099
-0.12484850
0.15745195
-0.08607155
0.02666445
-0.06042522
-0.05112566
0.18301088
0.32865236
0.21805112
-0.00389216
-0.03880217
0.10153796
0.10331402
0.02077516
0.02217147
-0.18210610
0.20292370
0.10287733
-0.00977955
-0.00185637
-0.23110522
0.01152178
0.10655566
-0.20665074
0.11438256
-0.06333785
-0.05549711
0.02888108
-0.21078271
0.15723967
0.06948500
0.19298850
0.15621705
0.02552589
-0.03673929
-0.06122261
0.11689927
-0.04468399
0.07821723
-0.02811272
-0.08115686
0.10868828
0.00588115
0.00541170
-0.02719717
0.22292308
0.13309362
0.06387581
-0.11638135
0.08875091
-0.07031080
0.10164369
0.01211979
-0.16388710
0.18668659
0.11117297
0.25704219
-0.03556889
-0.12766141
-0.04275027
0.06101803
0.02291560
0.01282770
0.14699684
-0.03896428
-0.18346746
-0.11244521
0.17719423
0.15878659
-0.05065872
0.38510302
-0.03585554
0.17744854
0.03038849
0.04261051
0.03374296
0.11918146
-0.04813080
-0.19035412
-0.16881422
0.29475742
0.01635307
-0.14657700
-0.11891541
-0.01278359
0.06989776
-0.16145881
-0.17371794
-0.11370541
0.00404969
-0.25401810
0.22583319
0.09700206
0.07224062
0.01281081
0.03325756
0.02948866
0.27479379
-0.05612234
0.29753367
0.08560849
-0.23663179
-0.04941389
-0.06884956
-0.07453289
0.06166221
0.30135233
0.02315289
-0.01949499
-0.02950538
0.08046275
-0.06213028
0.22260946
0.02969651
-0.14947292
0.20641668
-0.01441411
0.09434892
-0.15214099
0.05271216
0.07316269
-0.05546155
-0.15872521
0.14570187
0.02461882
-0.03305942
-0.06248636
0.03994394
-0.17316257
0.09884447
0.07133973
0.20865417
0.20440707
-0.03327845
-0.16903024
0.15055076
-0.01507442
0.06626568
0.22372711
-0.01255471
0.19488626
0.02099265
0.04526814
0.10997372
-0.05702069
0.15375818
-0.17051674
0.14526953
-0.10603746
0.02321388
-0.08002699
0.06751765
0.12703820
-0.09697691
-0.00284694
0.09670428
-0.07959383
-0.17351113
-0.15646522
0.10425011
0.01258432
-0.01802017
-0.28817326
-0.28076782
0.05365611
0.00643149
0.04963726
-0.07921617
0.08110744
-0.18924457
0.00743716
-0.06686947
-0.06062302
-0.06610871
-0.26212750
-0.04261690
-0.27997940
0.14217077
-0.11506262
0.06462255
0.21871389
-0.12902595
-0.01804457
-0.09440901
-0.05602940
-0.20450990
-0.07140498
-0.16271050
0.01250720
0.18548955
-0.12301159
-0.08395418
0.04383174
0.08517542
0.06810488
0.18111973
0.20777160
0.08819895
-0.02812408
-0.24154494
0.16960875
0.12397168
0.20982427
-0.17990637
-0.23450880
0.00211031
0.03512326
0.02473526
0.00113754
0.15538227
-0.14785044
0.19082625
0.01068664
0.08873309
0.14238982
-0.08056813
-0.10583878
0.07634103
0.12564022
0.04142280
0.02756267
0.16909699
0.16816849
0.01791965
-0.16297999
0.11152456
0.06381920
-0.21023480
0.06521908
0.00274495
-0.08778399
0.05868264
0.07120342
-0.14199207
-0.10820062
-0.24503124
-0.06921444
-0.04192301
-0.14084395
0.05964042
0.09042384
0.18313797
-0.00238726
-0.19849016
-0.02355837
0.17422922
0.16634069
0.05054705
-0.16086545
-0.12851881
0.21844537
0.04605296
-0.05896652
0.07510988
0.00255457
0.10142358
0.23183738
0.15723002
0.06688637
-0.10205256
0.11395067
0.26572539
0.16305940
-0.02362870
-0.05951211
0.14741092
-0.02898807
-0.00405686
0.19444929
-0.00313845
0.10843485
-0.05357162
-0.15485493
-0.17750113
0.19247682
-0.10037203
-0.17917998
-0.12920298
-0.06953528
-0.03888437
0.15535708
0.04142277
-0.10464974
-0.09732698
0.17947079
-0.03126798
0.17303296
0.35634035
-0.05446241
-0.15587447
-0.16766433
-0.07389482
0.13013091
0.04145391
0.04796952
-0.28621150
-0.12222389
-0.11826939
0.12327530
-0.07405201
-0.01066122
-0.06284168
0.00279895
-0.07500635
0.09857247
-0.02048438
-0.17126492
-0.01280800
-0.00070208
-0.04054998
0.19265983
-0.16772990
0.16950629
0.22105810
0.24156761
0.23196536
-0.19095028
0.19970583
0.02726982
0.20566669
0.06531529
0.16239002
-0.09438978
-0.14071430
-0.04400865
-0.11007526
-0.20021720
0.25262062
-0.15115824
-0.03831435
0.13386064
-0.01872897
-0.04195194
-0.12834580
0.22908861
0.12992371
-0.13872097
-0.18077656
-0.01232629
0.07865252
-0.15874056
-0.21793450
-0.02431705
0.01092623
0.25202541
-0.15320195
-0.04831371
-0.04901108
0.22696095
0.02301477
0.21054257
0.06283010
-0.13018687
0.03813646
-0.04336622
-0.12811435
-0.22584112
0.19652915
-0.06997221
0.21881449
0.16938901
-0.04038298
-0.03938860
-0.03193537
0.22183254
0.11407363
-0.02471797
-0.12233492
0.03651177
0.12386668
0.11758395
0.03783641
-0.01778565
-0.10894265
-0.15456326
-0.23763187
-0.37506070
-0.01497666
-0.19273609
-0.10007117
0.16490322
0.11649163
-0.21257542
-0.30774141
-0.05390890
0.13682173
-0.04425818
0.05677516
-0.08584952
-0.11735266
-0.13422485
0.08156184
0.08922187
-0.25820818
0.13274946
-0.01969769
-0.19415866
-0.07299168
-0.04478598
0.05813737
0.02133824
0.01471123
-0.17329891
-0.05470331
0.00851638
-0.18991524
0.01401903
-0.01798921
0.02860560
-0.05511101
0.09092734
0.09499555
0.01154911
-0.12890843
0.00580794
-0.04634492
0.13697400
-0.04822767
-0.01378176
-0.10948172
0.01429705
0.22477668
0.20132160
0.08104204
0.16642662
0.18874052
-0.12457088
0.04522644
0.05990006
-0.07834269
0.05970347
0.25450815
0.13357914
-0.05732356
-0.07222152
0.10557607
0.24684610
0.35097081
-0.19162805
0.19884522
0.17071606
0.12579252
-0.25331714
0.01128086
0.13900913
0.07969173
0.05686183
0.01396704
0.14450938
-0.03449928
0.21100716
-0.17508185
0.00620491
-0.05344889
-0.08135954
0.10125273
0.01412429
0.06791685
-0.02185269
-0.09799981
0.09329891
0.02615392
-0.01682569
0.00654071
0.03503897
0.05159996
-0.04111443
0.01556562
0.10328484
-0.13327219
0.15485431
0.16754940
0.08666196
0.04593329
-0.10853142
0.01047461
0.06565273
-0.05820914
-0.01260862
0.00309857
0.03231135
-0.02116263
0.05350031
0.06854853
-0.12877983
-0.00799472
-0.06030269
-0.06380464
-0.11245370
0.12559307
-0.11074085
-0.19849713
0.16878529
-0.05608636
-0.00558658
0.25112698
-0.03654022
-0.12413649
0.13983543
-0.01491003
0.06766525
0.02986186
0.25683089
-0.13051422
0.04693704
0.04712730
0.06786953
-0.14968169
0.02360338
0.02872246
0.18942198
0.18948286
-0.13520038
-0.07882921
0.03504418
0.02097591
-0.21143608
0.04118131
0.11414248
-0.11248746
0.20480884
0.01020014
0.00139958
-0.07840267
-0.21391672
-0.08951394
0.11840853
0.07935491
-0.04203085
0.31970278
0.25770319
0.26207047
0.18274062
0.05490070
-0.08872295
0.07041648
-0.16145547
0.15836154
0.24227426
0.13536743
0.10107579
-0.15300095
-0.30997572
0.04343077
0.20130725
-0.05688181
0.00453686
0.02112005
0.18119755
-0.09671106
0.16890396
-0.23116554
0.01033313
-0.06810899
-0.11991587
-0.03099589
-0.26958206
-0.08966924
0.13395299
-0.10694979
-0.06571990
-0.01612893
0.18700332
-0.06254939
-0.11310549
-0.07838404
-0.08081413
-0.07036550
-0.31669942
-0.04337186
-0.01678638
-0.23723855
-0.18994111
-0.10826198
-0.03077760
-0.09442697
-0.07673232
-0.09003405
-0.08224764
0.19743576
0.02544808
0.03593088
-0.06927951
-0.08760437
0.04182219
-0.32445331
0.11265063
0.00451875
0.08014749
-0.10912442
0.04626623
0.20331023
0.00474541
0.15479819
-0.12579382
0.10704039
0.15118807
0.06155978
0.01511562
0.15635606
0.16958575
0.05795596
-0.06162809
0.11425117
0.31014638
0.16865802
0.14631822
0.06248033
0.16016717
0.04911682
-0.00951146
0.01714951
0.28138685
0.05803771
-0.10065311
-0.17844968
-0.09265730
0.04642257
0.00516726
-0.14732922
-0.15117128
-0.26898695
-0.22917420
-0.23430372
-0.48569717
-0.23885026
-0.25735358
-0.41572714
-0.28227045
-0.32509196
-0.07584165
-0.27745436
-0.23244753
-0.38958646
-0.11447680
-0.15281704
-0.35576696
0.06795072
-0.00872979
0.19412268
0.07482886
0.39870958
0.43740672
0.51755262
0.50240327
0.42370777
0.39268417
0.58967767
0.53650850
0.56627357
0.41951421
0.71542861
0.49064509
0.58374355
0.34158542
0.52864677
0.26138225
0.31636894
0.35608623
0.26872263
0.26439103
-0.02708280
-0.14150216
-0.06059272
-0.07444689
-0.36887178
-0.47745916
-0.34157561
-0.29728008
-0.36272001
-0.42059572
-0.04982214
-0.27052784
-0.41803724
-0.50492506
-0.41011195
-0.62936474
-0.04038369
-0.01058779
-0.00354268
-0.13921671
-0.33759690
-0.29775816
-0.11874493
-0.29570174
0.22022739
-0.09528054
-0.14702124
-0.19593028
0.06014830
0.04468382
0.04738143
-0.04034819
0.16462499
0.09500065
0.03795940
0.15443827
-0.07022737
0.04321990
0.13037582
0.02353076
0.03046380
0.24310678
-0.01292346
0.04228922
0.16836610
0.15887404
0.00678181
-0.12076978
-0.05345582
0.06441198
-0.12354697
-0.10755524
0.24675257
0.17026483
0.13924842
-0.03652636
-0.15271988
-0.20175458
-0.06686264
0.07342237
-0.06514110
0.05142914
-0.22068294
0.06252129
0.37220784
0.01649203
-0.12819307
-0.01308672
-0.03550213
-0.26523799
0.04109553
-0.09084641
-0.07095228
0.03340692
0.02000612
0.12965770
0.11359097
-0.06306594
0.04639869
0.30938008
-0.09240534
0.09672743
0.17480381
0.07463495
0.28539456
-0.08072825
0.09110579
-0.07525133
0.02928155
-0.06299071
-0.09535838
0.28607348
0.01351208
0.25824226
-0.00579082
0.27986211
-0.09606603
0.15505208
0.00800070
-0.10409465
-0.09342157
-0.00967702
0.00123540
0.01686260
0.13641551
0.04867102
-0.13443978
-0.08250086
-0.10743589
0.05623914
-0.01447352
0.02172283
-0.13512584
0.09475896
-0.09417391
0.15257112
-0.01492643
-0.09800547
-0.01400538
-0.29138369
0.19410670
-0.22907340
-0.06664749
-0.06162193
-0.16940795
-0.00283764
-0.05163799
0.04198173
-0.03620747
0.11636269
0.14630034
0.16645761
0.23129002
0.07816414
0.18474059
-0.31011502
0.23413134
0.27290655
0.28454460
0.31384477
0.09267329
-0.02227653
0.30646651
0.15780231
0.35301474
0.22136931
0.19259532
0.14902845
0.45812072
0.29417359
0.09775122
0.03275833
-0.06895950
-0.07674903
-0.12744587
-0.29122661
-0.21474722
-0.12251293
-0.17249932
-0.48997445
-0.24014306
-0.39182465
-0.38152754
-0.26855913
-0.49996301
-0.45409041
-0.24084945
-0.49287983
-0.22500292
-0.39776019
-0.52065166
-0.22134770
-0.20129748
-0.30403324
0.08678971
-0.06473678
0.03865810
-0.06371221
0.14664005
0.25881469
0.03298457
0.29595660
0.04634954
0.12970646
0.34462913
0.26571138
0.08564298
0.23090759
0.13157318
0.32394898
0.12869703
0.07183082
0.18007308
0.07131712
0.28813208
-0.15112480
-0.02107004
0.07221477
-0.12624677
0.12668527
-0.09883392
0.05995119
-0.02327372
-0.02881685
0.27060159
-0.03561680
0.03092370
-0.09748453
-0.09650508
-0.01645273
-0.12271381
0.14494777
-0.24124340
0.25084597
-0.13989520
-0.16792359
0.02032530
-0.10349288
0.07361678
-0.03823291
-0.00094845
-0.09032999
-0.00179480
-0.12569492
-0.05596881
0.08456632
-0.03121590
0.15067840
0.01707341
-0.19786346
0.05179829
0.15473242
0.09843084
-0.08700569
0.10316910
-0.22484978
0.03836491
-0.21521696
-0.02497695
0.01564475
-0.26465783
-0.08868045
-0.23121453
0.15645606
-0.09679788
0.15269952
-0.05907311
0.13225243
0.06191616
0.07263020
-0.01923751
0.03327283
0.19774284
-0.10158269
0.11710485
-0.01173418
-0.06524328
-0.01583475
0.16699455
-0.01995777
0.13525997
0.01351057
-0.09171853
0.17611038
-0.00219793
-0.03361765
-0.11294233
-0.14815580
0.03488075
0.11551256
0.02725358
0.08752881
-0.05489923
-0.22538347
0.00620084
0.11922748
-0.03234688
0.13649654
0.13482195
-0.13763911
0.02913526
0.07944499
0.09191420
0.02151961
0.06164518
0.10098498
-0.07822462
-0.13389680
0.08238466
0.12821616
0.06856769
-0.08094629
-0.06789577
0.01070181
-0.05257714
-0.09187131
-0.23235998
-0.31131961
-0.11975537
-0.02261729
0.04993861
0.10273591
-0.02086516
0.18156277
0.11001285
0.09008149
0.07042066
0.17189774
0.06225767
0.00777864
0.12126942
-0.04387595
-0.01652527
-0.04670681
0.24867972
0.12771025
-0.20323388
0.14366594
-0.03077563
0.01757962
-0.10988455
0.05886389
-0.12689669
-0.10571341
-0.02502885
-0.00360552
0.05258430
0.17658060
-0.20447024
-0.13027643
-0.04943197
-0.05257684
0.01121037
-0.24509379
0.02156844
0.11961366
0.05868533
0.00922044
0.10971620
0.19234337
0.04460909
0.22844268
-0.14316120
-0.12698537
0.18859079
0.15765480
0.26915333
0.10179830
0.00874340
0.06473289
-0.12328462
0.21509489
-0.34170002
0.13346215
0.02401177
-0.02210399
0.00259491
-0.08451343
-0.11403280
-0.04685369
-0.17981742
-0.00309121
-0.21373399
0.09577157
-0.14376718
0.08144170
0.06572766
0.05659846
-0.06486830
-0.11881272
0.35638679
0.07244404
0.18724840
0.35302727
-0.14262250
-0.03057919
-0.09672420
-0.10007183
-0.03553741
-0.02731203
0.01466232
0.02200344
-0.03179945
0.09601317
-0.01111589
0.17993910
0.00192701
0.09487777
-0.02831789
0.16798107
-0.05437056
0.10532613
0.13533561
0.16543817
-0.04240151
0.13999838
-0.00171169
-0.15424765
-0.31694975
0.09436619
0.16088605
-0.07297869
-0.08518321
0.09144229
0.11010177
0.05901398
-0.10164719
-0.03029265
-0.10164209
-0.05683412
0.13222419
-0.17471858
-0.07507062
0.13843065
0.13094372
-0.11571293
0.09386709
-0.03615711
0.17415478
0.11808844
-0.08771011
0.10719935
0.07156431
0.16192645
-0.01040316
0.13558234
0.21517088
-0.01910685
0.27457167
-0.03618530
-0.14287809
0.21194062
0.01986676
-0.14447668
0.09143042
-0.00259068
-0.12325087
-0.04499886
0.04638913
0.14703831
0.17322236
-0.01981201
0.11952997
-0.00145391
0.09642731
-0.43245943
0.07440972
0.34387118
0.17057317
-0.06091096
0.07786124
0.21514748
0.22904153
0.08141616
-0.04739176
0.11896951
-0.02310622
0.06069451
-0.05155432
-0.33374453
0.25232878
-0.31616253
0.05315122
0.16740629
0.19072473
-0.04149805
0.01466393
0.09661576
-0.23176669
0.01101744
-0.16048008
-0.01766316
0.03137696
0.06016846
0.16790704
0.05957629
0.02407970
0.17384232
0.15578641
0.14229438
-0.02444258
-0.02827396
-0.07855738
0.02754783
-0.10278147
0.25766168
0.04615487
0.16074519
-0.28053992
0.00806204
-0.14015573
-0.15045606
0.08131301
0.12284022
0.18258935
0.04369859
-0.14980740
-0.00754881
0.12975351
0.11268885
-0.06602665
0.16512826
0.02573466
0.17577135
-0.05948504
0.03654427
0.14255609
0.05543705
0.01623761
0.00654382
0.05148744
0.04760965
-0.04061139
0.00066392
-0.08311417
-0.00420450
-0.11716739
-0.09695672
0.06439609
-0.09505854
0.09970414
-0.00803544
-0.21295000
-0.14854445
0.05131978
-0.19961143
0.07619727
0.11853398
0.19064376
-0.03441342
-0.02148605
-0.06549500
-0.12268045
-0.06546355
0.21454278
0.03560974
-0.13667847
-0.03661002
-0.05281395
0.24524352
-0.08269352
0.10370295
-0.09392144
-0.00536386
0.01149815
-0.08591365
-0.13424818
-0.02625599
0.14920274
0.14438739
0.35222342
0.06784186
0.10658342
-0.04445937
-0.00316584
-0.01358354
-0.02675566
-0.04018324
0.11049190
0.03940743
0.10040811
-0.02269788
0.04272319
-0.03091020
0.05664651
0.04826523
-0.03793799
0.24286024
-0.03640095
0.04513368
-0.18053633
0.15986940
0.02266268
-0.12128525
0.07585443
0.12477019
0.23079676
0.00164001
0.02838216
0.00263620
0.11717896
0.17819506
0.25085198
0.00395336
-0.00606706
0.22162301
-0.06715022
0.25615278
0.03381906
0.15446554
0.03030723
0.26378194
-0.05933788
-0.06956978
-0.02395477
0.03007664
0.04778509
0.26312457
-0.16218600
0.00706554
0.12474376
-0.22346179
0.05590205
-0.11942602
0.02046119
-0.24476919
0.05827294
0.11877904
-0.19785026
-0.15364583
0.09286708
-0.03879390
-0.04208995
0.03480848
0.00001541
-0.01460299
-0.00424256
0.04553185
-0.07875446
0.01109745
-0.15458489
0.02414933
-0.27543012
-0.09044492
0.30198631
0.08921201
0.02692042
0.01174506
0.17259593
0.18347214
0.12937070
-0.00491321
0.22391088
0.21747440
0.00381840
0.35219117
-0.03507541
0.07440964
0.23978648
-0.08197701
-0.08034013
-0.10561378
-0.34792596
-0.02899367
0.15650184
-0.22967822
0.20059421
-0.12132205
0.02544894
0.18839916
0.04139483
0.03502132
-0.01336212
0.05656198
-0.02767952
-0.00481897
0.00127590
0.14268405
0.07258541
0.13170171
-0.05399497
0.02770213
0.18894138
-0.04661274
-0.01472271
-0.25146565
-0.05939117
-0.00551591
-0.26082257
-0.18819018
-0.03752832
-0.10248517
0.02883402
-0.11655275
0.00289409
0.13770252
0.18079523
-0.04653477
0.16617871
-0.04505560
0.18717086
0.08624421
-0.15954745
0.10917246
-0.24931319
-0.09843345
0.19012793
0.03763917
0.18622477
0.19867660
0.19521984
-0.03387088
-0.14004382
0.10234986
0.13875920
-0.12902097
0.10200588
0.05961619
-0.08083857
-0.05705464
0.18690839
0.09266033
0.19114471
-0.05685802
0.04475517
-0.04269269
0.02863703
0.04130846
0.16843466
0.06105157
0.04193403
0.12705930
-0.11875430
0.11169882
-0.00016806
0.07207908
-0.08282338
0.00508270
-0.17184885
-0.16736938
-0.07563806
-0.02476643
-0.18529969
0.06500140
0.08045638
-0.23727357
-0.39884969
0.09815021
0.12617793
-0.13942983
0.02774656
0.17322768
-0.21834199
-0.22154949
-0.00439063
-0.08094484
-0.16402908
-0.20521080
0.33029231
0.09398713
0.01185569
-0.02144824
-0.03685778
0.19784633
-0.03808260
0.08097520
0.06547350
0.27560803
-0.08283384
-0.00635881
-0.09144178
-0.00509814
-0.09026913
-0.05184423
0.03327546
0.08529451
-0.01732768
-0.02188048
-0.13825335
-0.02713720
0.03722969
-0.04969834
0.05335500
0.00143411
0.17922763
0.14797037
0.18743792
-0.23300834
0.27104772
-0.03398805
-0.05528429
0.03420531
-0.00184614
-0.17538138
0.11390055
-0.14250118
-0.16284548
-0.02694132
-0.02821104
-0.00722429
-0.02793092
-0.02930621
-0.09483122
-0.07731010
0.01089334
0.13263444
0.09013774
-0.15259001
-0.16844489
-0.10064181
-0.19361968
0.19011356
-0.07371677
0.02170806
-0.20431704
0.03524721
-0.19948910
-0.15427683
0.04169517
0.05974923
0.02871308
0.08276024
-0.11993193
0.18768224
0.36924112
