0.01167503
-0.13495848
-0.37110952
0.13432960
-0.44374149
-0.12070879
0.01050230
0.17379042
0.57806879
0.14000318
0.19273562
0.49227062
0.59050107
-0.25410746
0.08344115
0.24209840
0.29760841
-0.05250954
-0.00194450
-0.40799203
0.23300855
0.28246335
0.50535597
0.18533384
0.22208848
0.29870065
-0.33737506
-0.74671416
-0.14669698
0.46745402
-0.57095593
0.31753427
-0.36950529
0.65619464
0.05704304
-0.32791760
-0.22118088
0.36600779
-0.36286308
0.15552352
0.13599421
0.14253066
-0.62976822
0.02236066
0.36074875
-0.15015229
-0.03523503
-0.17609312
-0.08580033
0.02341218
-0.03318109
0.33646587
0.03838185
-0.07766465
0.42871741
0.49815170
0.50670455
0.31026591
0.19286103
0.11149555
0.13283961
-0.31467562
-0.40207390
0.07678149
-0.10904976
-0.45845195
-0.35755889
0.20599077
-0.35504508
0.43094274
0.19980472
0.08331666
0.30630767
0.03820192
-0.06954964
0.56139043
-0.14236750
0.04707644
0.00651144
0.44026186
0.57784252
-0.43382907
0.07805907
0.79821165
-0.18129969
-0.38168520
-0.17441993
0.05411994
0.33742298
0.25886633
0.83659289
-0.25181258
0.14769221
-0.12952012
0.02623342
-0.32112193
-0.02314272
0.10972460
0.79555229
0.17047631
0.23844355
-0.41423232
0.09549922
-0.10307658
-0.16382503
-0.34066981
0.24329461
1.11326165
0.43591209
-0.22094237
-0.07360946
-0.19577602
-0.12292367
-0.07046499
-0.28627059
-0.03961264
0.22239223
0.02164649
0.05157842
0.41059668
0.18771175
-0.08002423
0.50327729
0.06253325
0.39194908
0.16562056
0.43914578
0.14048315
-0.01012341
0.16139277
0.18648570
-0.38746901
0.50152528
0.39113872
-0.39190181
-0.03570946
0.11070080
-0.28802076
0.24021595
0.21067260
-0.11425630
0.23803833
0.83272431
0.36738161
-0.14374516
0.00842667
0.27378848
0.52484422
-0.01383529
-0.13247776
0.04140561
0.01788530
-0.00171878
0.26766525
0.29952929
0.27108311
0.03580850
-0.42472383
0.38354398
0.77292999
0.29404832
-0.05539244
-0.59916903
-0.48070210
0.30018388
0.04298642
0.08037053
0.03330148
0.28773429
0.37195527
0.25499630
-0.35696300
-0.53897734
0.09788753
0.03937124
-0.32126256
0.94356730
0.39509707
-0.27103398
-0.49803140
0.27164793
0.17921047
-0.15128960
0.05270730
0.08716366
-0.18867596
-0.07241063
0.46504011
-0.01205122
0.29370685
0.01381442
0.26147875
-0.12956562
0.10884100
-0.25404262
-0.41003368
-0.06645296
-0.14193860
-0.14898021
-0.22086235
-0.05467422
-0.16483286
0.04287969
-0.12118881
-0.14752026
-0.08584152
-0.00949403
-0.11549738
-0.27253258
-0.28562309
0.09719540
0.30852510
-0.54821498
0.14372744
0.34387159
0.60365046
0.26218673
-0.23608126
0.43759684
-0.05966396
0.10589141
-0.33205419
-0.20173243
0.38455980
0.01240517
0.51493592
-0.08357688
-0.17540937
-0.36141566
0.46257896
-0.53137955
-0.33661466
0.31851173
0.21860248
0.45664200
-0.12392661
0.47540697
0.25307944
-0.40124462
-0.32609301
-0.02323817
0.65485366
0.89253894
0.36733524
0.14151418
0.18617952
0.04811376
0.31168964
-0.18996296
-0.00427800
0.06581968
0.18010002
-0.21471052
-0.04600757
0.39943116
-0.20129867
0.54300293
-0.23895696
0.37639855
0.10349630
0.71128098
0.51714678
-0.31794247
-0.35999636
-0.53751847
0.68672339
0.49003177
0.20691604
0.10252184
-0.12140471
0.21744197
0.02487965
0.17051205
0.43679533
-0.17761955
-0.24730323
-0.16815421
-0.09059862
-0.28728712
-0.26614947
0.08034685
-0.17410400
0.14263170
-0.04704252
-0.62744703
0.04627422
0.31243566
0.11251213
0.22041284
-0.17650261
-0.04451817
-0.48513344
0.33034777
-0.26535890
-0.06423944
0.20617236
-0.13678783
-0.46178139
0.76891903
-0.38731191
0.08178006
0.49971806
0.28037496
-0.02782575
0.29420138
0.32540501
0.34969381
0.18081420
-0.47768667
-0.04261586
0.68650840
-0.17298416
-0.26055386
0.02385754
-0.99902772
0.02101804
-0.07295421
-0.00013294
-0.90124781
0.19578094
-0.54435828
0.21215542
0.20861840
-0.13226857
0.47452417
-0.61913236
-0.14487647
-0.08789633
-0.48003962
0.01404595
-0.61577779
-0.44019223
0.26011134
-0.58556489
0.26071448
0.06729435
0.19744435
-0.26308640
0.16863907
0.34851899
-0.15393668
0.72221420
-0.71519182
0.25164624
-0.21566949
-0.49622695
0.27734849
-0.25983906
0.17011381
-0.05067954
-0.34436340
-0.07335200
0.21832874
-0.10330267
-0.01224804
-0.13826402
0.18042172
-0.33788345
0.56773497
-0.08601565
0.03801239
-0.43474202
0.14597265
0.33222182
0.30177695
-0.31907100
-0.41418904
0.20458376
0.07915481
0.66660899
0.04656962
0.40403573
0.24359781
-0.09912182
-0.06881136
0.09154445
0.29603563
0.77185340
0.23035746
0.72772845
0.32578339
0.20466347
0.95134577
0.38262961
0.18653252
0.08712837
0.08956072
-0.02170246
-0.07493377
0.19602197
0.10060536
-0.38342870
-0.27229082
-0.34827926
-0.34856630
0.30195211
0.15446660
-0.26360899
-0.44629583
0.54445101
-0.13437150
-0.51552551
0.12464703
0.47627356
0.17518771
-0.33520968
-0.13574403
-0.46509460
-0.49264282
0.06575087
-0.05784121
-0.79739899
-0.01979458
-0.08373232
0.19758134
-0.50718966
-0.45760226
-0.03874159
-0.03050257
-0.08110560
-0.16928140
-0.07664808
-0.15592712
0.05252275
-0.09355615
0.05605188
-0.20212046
0.38913110
-0.19426413
0.11313204
0.25396498
-0.40877533
0.06538289
-0.40893479
0.18885256
-0.31783437
0.31093311
-0.09602115
-0.38204738
0.08100102
-0.18197491
-0.20348009
0.17944810
0.35883282
0.23488520
-0.26221217
0.16658322
0.35938620
0.06609132
-0.42332585
-0.12604350
-0.16602627
0.26202031
-0.22706547
0.56813379
0.23252482
0.04945703
-0.07199858
0.53436693
-0.33183274
0.16357971
-0.00357306
-0.05832950
-0.22016315
-0.54767764
0.14632886
-0.00804074
0.14054150
0.30845714
-0.33448956
-0.48215816
-0.04054867
-0.10166832
0.02336457
0.12513217
0.47243161
-0.26940999
-0.42464692
-0.41668635
-0.14840822
0.33300911
-0.34415778
0.24588112
-0.09820608
0.28388484
0.19820291
0.53146433
0.35499481
-0.03917827
0.39028756
-0.07008281
-0.06928050
0.45078796
-0.02255882
0.07703033
0.12612810
0.34609972
0.57785675
-0.05819783
0.71333454
0.21622532
0.19755034
0.38408472
0.00902239
-0.22511180
0.40165815
-0.43203623
-0.36042707
0.10284603
-0.09942425
0.16790980
0.00242336
-0.43477741
0.26115691
-0.14638030
-0.00351310
-0.35788726
-0.23070662
0.12178695
-0.37995392
-0.17201302
-0.07822924
-0.09996554
-0.12259011
-0.31106591
-0.12126303
0.09512049
-0.41284828
-0.11519895
-0.10930788
0.14018454
-0.11044800
0.37517748
-0.04888010
-0.04093241
-0.29999899
-0.44386788
-0.48288358
0.06928092
-0.33356819
-0.37559118
-0.09698283
0.43330181
0.23937226
-0.43722827
-0.00272687
-0.15543406
0.87996182
-0.21011426
0.34521824
0.17550004
-0.67704061
0.13490076
0.33947466
0.12201412
-0.40034149
0.47235387
-0.38920681
0.23276451
-0.40472125
0.62193430
0.19217138
0.04957146
-0.05800407
0.13990725
0.03278590
0.08476286
-0.10275800
0.45834461
-0.62915182
-0.17787213
0.62226872
0.47317178
0.25419559
-0.69414056
0.19081948
0.30807026
-0.39354231
0.22102676
0.09480236
0.25355632
-0.05948453
0.32118465
0.22514754
-0.59275589
-0.23754533
-0.24680536
0.60856931
-0.25436146
0.00260115
-0.01813588
-0.44071499
0.00775503
-0.03581106
0.43393739
-0.80883126
-0.04097445
-0.05111264
0.02400270
-0.30356570
0.88741136
0.67074382
0.47637084
0.35975772
0.21753233
-0.12105127
0.33616383
0.14837917
0.25619194
-0.03635821
0.29038767
0.15498913
0.11171992
-0.62517971
0.31665766
0.35394791
-0.21536678
0.11055515
-0.24056184
0.01057528
0.43933012
0.37969588
-0.17851954
0.17649928
-0.26532221
0.13813613
0.35113066
0.06403309
0.55306069
-0.28688912
-0.12458054
-0.00147351
-0.65428799
-0.06676984
-0.20802951
0.06880275
-0.42760983
-0.53555718
-0.20907890
0.06942520
0.30766042
0.57457569
0.04210807
0.02739803
-0.27508272
0.22105476
0.22221321
-0.56795972
0.08392503
0.26030068
0.38713425
0.10487670
-0.08012678
-0.51280632
0.51701914
-0.27308972
0.25513187
0.30869934
0.22177546
0.65076423
-0.52030575
0.28009702
-0.11737286
0.50338767
-0.16006081
-0.27403336
0.56947879
-0.68406016
0.55627349
-0.02050613
0.03903266
-0.10939130
0.22309050
-0.20592783
-0.29101916
0.46967914
0.24684255
-0.08984752
-0.14188972
-0.14932384
-0.25171299
0.03642005
-0.33518836
0.57210676
0.61510393
-0.14510208
-0.25355112
0.10094966
-0.04407556
-0.03171236
-0.41959782
0.14308777
0.16100668
-0.27286983
0.36919957
0.12150408
0.23748440
0.51310711
0.04809252
0.08358948
-0.39504481
0.21753813
0.32987677
0.32353742
0.41372798
0.43448353
-0.00530920
0.03175597
-0.41128202
-0.04081252
0.20133262
0.67872400
0.02914254
-0.16002210
-0.05397836
0.82587422
-0.15366026
0.49491988
0.82029441
0.14066373
-0.11523870
0.41779735
-0.15139150
0.11920561
0.24885883
-0.02280546
0.62943522
0.43076052
0.65499123
-0.17120177
0.73190686
0.17338677
-0.25312634
0.21824387
-0.25733378
-0.02594186
-0.03813643
-0.66759955
-0.27728805
-0.85839598
-0.77432382
-0.61889888
-0.65449516
-0.44435589
-0.38010120
-1.34851812
-1.31868827
-1.25531917
-1.24003308
-1.44945642
-0.94618257
-1.51406574
-1.33156260
-0.84541865
-0.40174200
-0.77986134
-0.49916892
-0.13587296
0.01074212
0.33690989
0.60658047
0.48860800
1.08699934
0.99152407
1.40343884
1.27296718
0.86414231
1.25875521
2.22604784
2.04485970
1.51541361
1.94480692
1.45256843
1.64825410
1.99628174
1.69849709
1.35557212
0.42944842
0.73768786
0.13751120
0.14699619
-0.07579168
-0.01829318
0.31109128
-0.67328193
-0.42107831
-0.16341757
-0.80353803
-0.56420362
-0.43413624
-0.68993534
-1.46312461
-1.09556809
-0.53247809
-0.53467185
-0.94536985
-0.27078950
-0.47719335
-1.28781811
-0.43431111
-0.50828576
-0.47864619
0.28511021
0.39096437
-0.42318544
0.50917514
0.03933277
0.41556603
0.46678560
0.46821361
-0.30301716
0.01071494
0.13701925
0.03821414
0.01102633
0.18763319
0.06459589
-0.07772744
0.35411402
-0.17645068
0.53348509
0.37875853
-0.08329215
-0.33293661
0.05083041
-0.29665423
-0.45616728
0.35751791
0.43424684
0.17446375
0.00219572
0.57014321
-0.17397316
0.33729820
0.09934347
0.70705282
0.37510781
0.10345045
-0.67730185
0.28688233
0.39521907
-0.57972367
0.45466042
-0.32008479
-0.20603849
-0.36302489
-0.16458140
0.30628459
-0.15102590
-0.21102285
0.01663630
-0.06152923
-0.19371477
0.27597352
-0.12182219
-0.20928000
-0.43433279
0.16968061
-0.21364067
0.70962405
0.05030118
0.34854796
0.13129592
-0.03606810
0.20464304
0.02105843
-0.17738628
0.07232247
-0.43157451
0.14009084
-0.04857100
0.60666203
0.40627069
-0.27661658
-0.21344096
-0.19811132
-0.26144952
0.24077166
0.01566247
-0.31038805
-0.23472991
0.12823829
-0.41906301
0.30054800
-0.19423216
0.12078972
0.16937876
-0.27686486
-0.12985291
-0.03475810
-0.12335422
-0.19498346
-0.02323198
0.28561472
-0.11003278
-0.38692975
0.74730914
0.05297570
0.15508051
-0.22463924
-0.06725509
-0.06987989
0.27860449
-0.10091964
-0.30005124
-0.45372123
-0.07464370
0.67861403
0.19947235
0.06746032
-0.05073780
0.16142645
0.16559879
-0.09034404
-0.05714931
-0.43320463
0.06905643
0.05209178
0.21511110
-0.40809851
0.24214940
0.00388866
0.13252637
0.28955458
-0.17459809
-0.67160869
0.05039767
-0.44455912
0.24232721
0.44296138
0.72831190
0.33032952
-0.37005281
0.40733373
0.07480673
0.15034010
-0.06871422
-0.14049563
-0.10514254
-0.37885266
-0.22066242
0.30353289
0.27466491
0.14246732
0.19882327
0.23711864
-0.29337486
-0.44653372
0.07687292
-0.01549120
-0.36344524
0.02906937
0.06282970
-0.46969662
-0.15629417
0.30681575
0.03786732
-0.20594882
0.19002119
0.47931407
-0.23093743
0.12214644
0.42696877
0.27664475
0.35241586
0.57104222
-0.19428506
-0.46104907
-0.38298082
0.14467728
-0.08015092
0.18955181
0.22608275
-0.12113829
0.34519795
-0.65844005
-0.00159317
-0.17329375
0.44724080
-0.08901040
0.22194337
0.27792170
-0.14155904
0.10796676
-0.13561376
-0.48990284
0.47727181
0.23803490
-0.40164400
-0.40808119
0.03241373
0.63225866
-0.32048606
-0.11505232
0.32153631
-0.03080038
-0.11581139
-0.21177401
-0.11121999
0.10096348
-0.32997110
0.12042672
0.14333007
0.01940253
0.88510965
-0.71020427
-0.11107548
0.60681161
-0.42381292
0.02997769
-0.35049584
0.16587541
-0.61584688
0.14784126
0.14227576
-0.13647314
-0.39107158
-0.01747251
-0.19856046
0.06495465
-0.00161934
-0.03792476
-0.32769016
-0.21852890
-0.03781330
-0.28965106
-0.54877099
0.01659513
-0.30779413
-0.13091673
0.22132033
0.06257090
0.69646420
0.20841856
0.33525835
-0.21424172
0.32571637
0.25770666
-0.01188959
0.22486373
-0.13946805
-0.27662895
-0.21833016
0.47195699
-0.38882642
-0.07942878
0.00627054
0.00737870
-0.26129123
-0.40407106
0.60444771
0.19820170
0.53269378
0.07455094
-0.73205282
-0.00692193
-0.09223089
-0.07112750
-0.20391536
0.31573748
0.01006344
-0.45524697
-0.26619975
-0.10100542
-0.21217130
0.06943607
-0.04808898
0.12873134
-0.32526134
-0.23489880
-0.33164182
0.60383970
-0.32893533
-0.15887691
-0.20574460
0.16040598
-0.29390280
-0.43678276
0.58606216
0.29548164
-0.24640142
0.32836975
0.08179579
0.16521697
0.27250768
0.87435078
0.46029761
0.93479304
-0.07069908
-0.12696837
0.07139600
0.18500971
-0.51251493
-0.51057942
0.41090295
0.01811318
-0.44294345
-0.21639885
-0.02183169
-0.84684141
-0.09791226
0.00407226
-0.14767035
-0.59502378
0.03594731
-0.01990416
-0.12561489
-0.13976394
0.38069615
0.05146338
-0.32924045
-0.05801480
0.16104745
-0.34840079
0.12923006
0.33311850
-0.37671999
0.11111720
0.04903913
0.43383074
-0.00914668
-0.08407527
0.25192162
-0.54278440
0.15318144
0.17708759
-0.03998781
0.39566498
-0.08112539
-0.31054486
-0.21389699
0.41977590
-0.11169670
0.63888968
0.37042735
-0.21684728
0.39788197
-0.10052157
-0.28273797
0.25020323
0.41999126
0.31685831
-0.17364173
0.34607914
0.47845412
-0.03917737
-0.15693587
0.26910107
0.14832967
0.46151792
-0.09354937
0.49291279
0.09418628
-0.00053659
-0.19432039
-0.19751341
0.14604834
0.16275974
0.01871283
-0.34798657
0.08623219
-0.18355631
0.00796519
-0.31938432
0.36610885
0.16381242
0.19124741
-0.00882923
-0.07829419
-0.22010832
0.19536863
0.08261986
0.07434439
-0.10578826
-0.34534468
0.36638298
0.16181763
0.42761738
-0.05478525
0.32699948
-0.42575002
-0.01435357
0.21419970
0.43384790
-0.28292806
0.20400175
0.17402982
-0.67031317
-0.32575192
-0.50955092
-0.45187406
0.06499314
-0.28240616
-0.32779755
-0.47452525
0.57977347
-0.26209694
0.25873937
0.37845941
-0.20517296
-0.13447146
-0.01868078
-0.27811164
-0.06219624
0.06894418
-0.38217495
0.67883998
0.29883578
0.01722354
-0.46291124
-0.44694056
0.21620267
-0.18467727
0.76894672
-0.21328243
-0.26023389
-0.25690151
0.15506759
-0.28764373
0.05150716
0.37114754
-0.15192098
-0.04448783
0.06299700
0.07060207
-0.04760714
-0.24687462
-0.20961949
0.18422629
-0.03140381
0.08420283
0.09161971
-0.34677462
-0.35984054
-0.25475412
-0.19479850
0.07318885
0.56739210
0.49346036
-0.03721420
0.35236616
-0.14603501
-0.27142539
-0.13631281
0.65663610
0.40139543
-0.41324377
0.19017379
0.10191536
0.15760219
-0.17118946
-0.32408169
-0.53291088
-0.06352610
0.72615088
0.20027241
0.79279586
0.14266124
0.06937903
-0.23505450
-0.12724416
-0.05612861
-0.19232595
-0.14665251
0.19299446
-0.50642611
0.13352377
-0.03927886
-0.41090256
-0.19027076
0.41473169
-0.25772639
0.08509453
0.39013195
-0.61747898
-0.63778086
0.06232033
0.44959752
0.24014939
-0.89027174
-0.06106092
0.34239536
0.10164257
-0.03607642
-0.32125764
-0.32203524
-0.55546373
0.33362313
0.46250852
-0.24634803
0.54574666
-0.01318443
-0.33528450
0.23334715
0.34940302
0.14431465
0.16361964
0.46884612
0.10874006
0.28531825
-0.17943449
-0.57943051
0.03796895
0.45912518
-0.35956728
0.33063673
-0.14698339
-0.41360410
0.32560937
-0.34575311
-0.13616086
0.01893470
0.39485723
0.03700719
0.00783410
0.24059735
-0.05270693
-0.10541486
-0.37602089
0.11304750
0.56740281
0.05475119
0.54524627
0.82500460
0.67877977
0.20792226
-0.14573061
0.36285940
0.75560688
-0.31261378
0.53862165
0.02327250
-0.21091887
0.06627341
-0.12298765
-0.18571045
-0.39488257
-0.10553962
-0.06921152
0.03010540
0.16480190
0.59283442
-0.02695992
-0.22929282
-0.07396825
-0.14481496
0.26988135
0.63362062
-0.29579705
0.07775471
-0.34562166
0.80499015
-0.19351359
-0.17179933
-0.23240625
-0.15878582
-0.13232451
0.38145244
-0.08908815
-0.17355119
-0.77952488
0.29976637
0.22272982
0.00056774
-0.07156741
0.33922226
-0.37079760
-0.84653904
0.03024627
0.22150887
-0.12216501
0.28589996
-0.41630818
-0.15271802
-0.45769528
-0.03849294
0.71254009
0.19481982
-0.09212412
0.13920303
0.27246771
-0.20867540
0.09990420
-0.20325306
0.08644480
0.03690450
0.11273000
-0.35853032
-0.31746667
0.20743155
0.64269898
-0.38152198
-0.17132304
0.01678867
-0.50422952
-0.13145268
0.04996160
0.60956148
0.41100895
-0.27153269
-0.37661016
0.02425778
-0.77175651
-0.45668076
0.07175566
0.51458468
-0.20668952
0.27200475
0.27625152
-0.39688424
0.13584461
0.13758192
-0.25638769
0.18745331
-0.66381808
-0.54138053
-0.25299281
0.32510414
-0.07476076
0.21654902
0.04700523
-0.30748149
0.18987596
-0.08770110
-0.19967624
0.49200423
-0.08502986
0.03122233
-0.44684874
-0.13798751
0.25199205
-0.09502224
0.26336126
0.12996743
-0.34381807
-0.22567295
0.19117872
0.01870015
-0.55977531
0.25006789
0.24424343
-0.58569207
0.42589677
-0.39231335
0.24266797
-0.31044446
-0.41200249
0.51683976
-0.69718298
-0.43660334
-0.40819462
0.19884269
-0.52983082
0.35594761
0.07375347
0.05717711
0.18227716
-0.15209585
-0.64980774
0.02712243
-0.03523999
0.05366500
0.00683677
-0.01013170
0.18486044
0.65993173
-0.09583027
0.08100018
-0.28199655
-0.58358548
-0.12338802
-0.11195869
-0.12868490
0.07742345
0.01908081
0.37484614
0.14934741
-0.40787196
-0.31482669
-0.69984893
-0.26866416
0.26262304
0.09767123
0.10588951
-0.02493087
0.52695284
0.44594551
-0.52651560
-0.19575163
0.28179265
-0.45568789
-0.74731191
-0.00522020
0.01014701
-0.08878365
-0.35334880
0.35796924
-0.07296831
0.39501014
-0.27509691
-0.14933030
-0.01845665
0.11229568
0.18688952
-0.14199932
0.66375022
-0.10428663
0.20289678
0.20677782
-0.18455101
-0.51973605
0.02355353
0.50466967
-0.14803685
0.07455803
-0.44428440
-0.27679511
0.39732453
0.09154893
-0.65677057
-0.02178663
0.07282784
-0.50785111
0.29422025
-0.06262098
0.24725664
-0.42068382
0.10484674
0.27978566
0.21752577
0.16970423
-0.31518951
-0.33033642
-0.40923118
-0.39403621
-0.37711863
0.13470160
-0.26364005
0.36850702
-0.35092949
-0.52377142
0.22395650
0.08062671
-0.23697784
-0.28682089
-0.44782251
0.17308286
0.41692904
0.29021396
-0.10533869
-0.42088000
0.69990122
-0.14321487
-0.35362736
0.15317079
0.39626842
-0.05305521
0.04753457
-0.04492594
-0.16252248
0.21387542
-0.09490709
0.00290161
0.23759405
0.58152494
0.16711530
0.19757703
-0.04323927
-0.02665481
-0.51748702
0.21801984
-0.43553510
0.15414618
-0.17743576
0.19507246
-0.26401030
0.04729137
-0.46285854
-0.11190790
-0.35188686
-0.13854976
-0.36095751
-0.23303139
0.11032798
-0.24360477
0.04770979
-0.17366013
-0.23235320
-0.31913162
0.24066458
0.24123013
0.11214524
0.28540865
-0.47837916
-0.22260209
0.06480570
0.22343719
0.20325534
-0.07376674
-0.16489537
-0.12601429
-0.65536457
0.18081562
0.11904399
0.63995374
0.14413521
-0.13942170
0.19451525
0.13110393
-0.18165895
-0.41817412
-0.39610030
-0.17401672
0.08184470
-0.04092517
-0.10986690
0.17605985
0.25075670
-0.41831234
0.28768874
0.18200404
0.37157914
-0.03510185
-0.56288223
-0.06653599
0.02336191
-0.46630342
-0.09579402
-0.19113564
-0.16707330
-0.14506834
0.00619071
-0.01732773
-0.14182520
0.61656298
-0.10757442
-0.14332904
0.40262360
-0.64738634
0.26892491
-0.21780585
-0.54193827
-0.03011541
-0.36537300
0.40154100
-0.16781531
0.16809034
-0.44379561
0.18213893
-0.15609959
-0.43167792
-0.39603483
-0.03359133
-0.28681640
0.17726590
0.33840333
-0.14846339
0.32222173
-0.33927519
-0.20492721
-0.07672465
0.35868034
0.22989610
-0.31908934
-0.00666409
-0.08026037
0.18182027
0.62098415
0.19000375
-0.02650762
0.02392160
0.48378850
0.96118836
-0.01785475
-0.00462250
-0.33919723
0.21785945
-0.53537556
0.02359670
-0.12463005
0.64708233
0.13428009
0.37339217
0.26343073
-0.00863115
0.14682908
0.35996824
0.14341768
-0.08012353
0.75209914
0.35730307
0.03236043
0.17949630
-0.31709188
-0.08219756
0.08008523
-0.04125053
0.18753225
-0.03492672
0.21710403
-0.10638436
0.16995402
-0.43652557
-0.14617200
-0.09611718
-0.37196282
0.20527383
-0.24819350
-0.15677693
-0.00070726
0.29172135
0.53905471
-0.09748885
0.09201303
-0.21468942
-0.08729489
-0.01687048
-0.21047956
0.44854936
0.25933696
-0.12680942
-0.05119850
-0.36246891
0.23829678
0.09473471
0.06938839
-0.38895967
0.40455211
-0.50830208
-0.06827875
-0.01664229
-0.02719172
0.29637570
-0.20198749
0.11235020
0.11745039
-0.03107968
-0.23645238
0.52773671
-0.13237881
0.47722650
-0.26535565
-0.08520872
0.55392889
0.38160611
0.08480255
-0.45189332
-0.68195371
0.29569861
-0.43968660
0.60522556
0.44099180
-0.07757686
0.30686187
0.27446923
0.07706833
-0.00489051
-0.02665922
0.00346844
0.15902437
-0.53071523
0.10291476
-0.16365880
-0.20880338
-0.70372389
-0.64444178
0.07728484
0.01611957
-0.05215668
0.20730857
-0.03841109
-0.38594544
-0.07622216
-0.28516399
-0.06005799
0.02901039
0.17599272
-0.51796045
0.06097437
0.36669711
-0.08229747
0.01826801
0.00758619
-0.52653122
0.08609855
-0.10132791
0.95000397
0.41657071
-0.46930051
-0.29235180
0.41389663
0.69373661
0.27533098
-0.03726115
-0.00290738
-0.58254323
0.67035645
-0.20077251
-0.21033383
0.28612406
-0.01621280
-0.24277559
0.06719057
1.00739785
0.60438656
-0.27694003
0.42549499
0.74217797
0.12926045
0.41101179
-0.30567489
-0.16476680
-0.12940822
0.23285288
-0.30845090
0.27412356
-0.06593563
0.18386777
0.67433851
-0.64623512
0.33142112
-0.08565144
-0.38281367
-0.06624948
-0.12781083
0.09798737
0.10984558
0.06858490
0.29763226
0.23404577
-0.55463567
-0.39143866
-0.12432102
0.06040774
0.28774615
-0.08689422
-0.41992171
0.03471309
0.53444235
-0.10582806
0.21841421
0.46982655
-0.25371237
0.02697615
-0.14851423
0.74627682
0.31487890
-0.25690364
0.10801889
-0.02526556
0.15250817
-0.02148918
-0.50098483
-0.97146605
0.10735582
-0.01683057
-0.00909824
-0.36999816
0.30625627
0.15444253
-0.53776840
0.39351244
-0.38526933
0.12633624
0.12455127
-0.19389737
-0.39950221
-0.06364757
0.20651063
-0.66060655
0.37149250
0.47605620
-0.03904299
0.23514228
-0.17118991
-0.32119671
0.17562128
0.65323458
-0.01176831
-0.43532631
0.23688849
0.13284548
-0.46134740
0.09734825
0.14603372
-0.52591805
-0.13910075
0.07391017
0.64375674
-0.09301508
0.07825312
0.10213323
0.17337576
0.36540574
-0.35474331
0.57072305
-0.22252066
0.24020100
-0.11360320
-0.47296951
-0.23518358
-0.05730317
-0.06068308
-0.70391916
0.88316281
-0.22039139
-0.42023248
-0.15421897
-0.89407119
-0.53728335
-0.11245160
0.12279406
-0.06614657
0.10991903
0.26612362
-0.09853339
-0.35872416
-0.08210647
0.65108588
-0.38679257
0.26356552
0.15594386
-0.60367123
-0.23075420
0.43786620
0.32402807
0.29962940
0.05923067
-0.30562369
0.11973786
0.18157477
0.14066694
-0.03819284
-0.05092164
0.51981787
0.03748463
-0.02257015
0.02551564
0.24704826
0.02264118
-0.06103420
1.03312000
-0.03604787
0.28351188
0.76195171
0.71855027
0.20343930
-0.26126708
-0.30870987
0.01664090
-0.32503794
0.25779301
-0.19445209
-0.14065077
-0.35561984
-0.23414008
0.51067327
0.20406106
0.01542839
0.03880921
-0.17721234
-0.68791745
0.17298519
-0.09796152
-0.25093514
0.85348645
-0.72210174
0.12710794
-0.22415152
-0.75031496
0.37106156
0.49863955
0.33112514
0.16116544
-0.06126467
0.34012139
0.19822696
-0.16814926
0.42585477
-0.26705600
0.12537924
0.04469065
0.11518094
-0.15534065
0.12211201
-0.31958744
-0.18254148
0.16800039
0.26742034
0.43622611
0.64011258
-0.07995361
0.63415813
0.18580097
0.47327501
-0.28603909
0.09695834
0.07089473
0.20071057
0.03967881
0.30192514
