-0.25317960
0.25153689
-0.06273532
0.44831530
0.67546088
0.81182428
0.36809026
0.40834121
0.68927636
-0.60736113
-0.14073479
0.10908618
0.12681017
0.19386176
-0.61957740
0.17333021
0.54286160
-0.18088681
-0.63179769
0.51423896
0.58747190
0.23776511
0.11838166
0.42149494
-0.05369006
0.20771516
0.13221662
0.51005888
-0.15408277
0.35475647
-0.04851250
0.35696957
0.33371458
0.17225130
-0.20902974
0.10491286
0.45885485
0.25709174
-0.19740292
-0.40792508
0.15560358
0.54054320
0.12011000
-0.25490905
0.32410584
-0.25312751
-0.10870602
0.52111183
-1.11348227
0.06189298
-0.53600700
-0.18375929
-0.60893422
-0.05134432
0.19680126
-0.13178580
-0.50396854
-0.30885625
-0.21286172
0.13058832
-0.02471416
0.38102637
-0.07457232
0.46040588
0.10024711
0.21161607
-0.37513143
-0.33077392
0.18838193
-0.34038645
0.28691527
-0.00128360
-0.36357166
-0.28757606
-0.20731416
0.23419588
-0.39633850
0.14849759
-0.34446694
-0.25604814
0.13420488
0.12947371
-0.01766327
-0.38793550
0.34474336
0.41709893
-0.50713321
-0.20536783
-0.74284336
-0.33441523
-0.59494562
0.05194346
0.41252090
-0.35441644
-0.11087882
0.47452098
0.07881756
-0.44422452
0.21518415
0.29768498
-0.05826582
-0.05514491
0.46584750
0.31760932
-0.06245114
-0.29357183
0.45368192
-0.27316196
0.35204633
-0.28834194
0.54092182
-0.27803420
0.40580192
-0.04734341
-0.29331023
0.19640525
0.10253667
-0.08837166
-0.17744483
-0.49621399
0.29707768
0.12269131
-0.17574221
0.32686352
-0.26898468
-0.20903576
-0.22528277
0.33384412
-0.28416419
-0.08972019
0.66345433
0.07752691
-0.16965172
0.55202235
-0.97606645
-0.33209261
-0.41042103
-0.36176568
-0.52318466
-0.14276207
-0.65833729
0.54233011
-0.48822922
0.41610845
0.11412749
0.36018410
0.21501905
-0.54447166
0.04542467
-0.27755956
-0.13700874
0.47842496
0.05323984
-0.53443411
-0.30754915
0.14780043
0.18474076
0.07385749
-0.02442834
-0.17287159
-0.28055168
0.28108088
-0.13060125
-0.08162085
0.04954079
0.46135566
0.26480656
0.26940658
-0.33513127
0.11185895
-0.00500615
0.31289023
0.15282489
0.66306912
0.51652058
0.52371692
-0.04697541
-0.09277115
0.23697118
0.23072163
0.35963168
-0.74753016
-0.15043451
0.22040306
-0.19987803
-0.13348888
0.10512982
0.23746005
-0.30827942
-0.08436528
-0.68052071
0.19134137
-0.07107243
-0.47128159
-0.35194488
0.20369593
-0.42234656
0.08767115
0.36123789
0.61608712
0.22028064
0.29535896
-0.45191582
-0.15547210
-0.07800938
0.00793273
0.05301571
-0.09375232
-0.25125025
0.24648853
0.21462671
0.01486719
0.62491275
-0.12576113
-0.08475468
0.36410166
0.35111520
0.14484293
0.00935410
0.47998041
-0.27083908
0.11148100
0.20486077
0.30351389
-0.23022161
-0.02608998
-0.07156390
0.04669075
-0.32046853
-0.57991637
0.07292749
0.34082905
0.08369474
-0.12608814
0.29774796
-0.28630569
-0.57050995
0.19739231
0.49068044
0.36395612
0.05918893
0.13579457
-0.34221564
-0.04403670
0.11285767
-0.14813565
0.12141780
0.00838336
-0.56342926
-0.26288040
0.07354041
0.11067384
0.17035502
0.33599944
-0.40781236
-0.29001435
-0.00451047
-0.02658708
0.15447510
-0.20600742
0.27012520
-0.31727819
0.28789226
-0.04515706
-0.27431015
-0.30097649
-0.26538092
0.15965400
0.13169466
0.42173937
-0.39426921
-0.51152145
0.07380162
0.23390962
-0.26754876
-0.47598753
-0.01150981
0.22141152
-0.26573288
-0.20885282
-0.18570630
0.02642631
-0.06751118
-0.00187704
-0.25848231
0.39292993
-0.25638422
0.30189400
0.34072106
0.37330617
0.34136247
0.33968643
-0.09973472
0.05445362
0.44613342
0.21506554
0.05725725
0.45895118
-0.61886243
0.26433667
0.04666866
0.11465544
0.53115287
-0.01960182
0.14220402
-0.01721592
-0.00479812
-0.13502100
-0.33305455
0.26303483
-0.16442406
-0.04428325
-0.25891189
0.09143413
0.28749720
0.23267099
-0.05775938
0.33070336
-0.11104600
-0.48367265
0.53101738
0.02781390
0.05548776
0.61868181
0.00708111
0.02492143
0.63773110
-0.49412322
-0.27372421
0.19321210
0.17635994
0.79229050
0.37050155
-0.21506478
0.44137306
-0.21878303
0.75015080
-0.60515531
-0.73849265
-0.34406666
-0.08868723
0.38461572
0.50785039
-0.10405594
-0.26295129
-0.19568962
-0.44574760
0.25652883
-0.20255768
0.19474231
0.16976682
0.24943532
-0.10920809
-0.51695383
-0.41826424
0.22868920
-0.07395262
0.47545057
0.13201422
-0.10259767
0.20193805
-0.43771112
0.17551146
-0.14857043
0.18224152
-0.24630076
0.56000327
0.12948656
0.64335025
-0.46744564
-0.13819989
-0.26002739
-0.36616316
0.44619105
-0.23541185
-0.38621461
-0.35075815
0.08383920
0.30749536
-0.20903004
-0.35853007
-0.68928627
0.43199184
0.25875880
-0.37178873
0.02619958
0.48347723
0.19802017
-0.03433304
0.44397721
0.24488506
-0.39737312
-0.10485335
0.22631857
-0.64853847
-0.16046536
0.19146319
-0.08851277
0.08817863
-0.51564559
0.01693418
0.10900653
0.28201714
0.27275032
0.30059816
-0.16268616
0.65430170
0.18946166
0.16806774
0.25941010
-0.15101161
0.40106192
0.39725248
0.07566953
0.15624229
-0.48444421
-0.44897824
-0.40989659
-0.10845024
0.11887718
-0.28600312
-0.16641148
-0.17562453
-0.08689616
0.41842496
0.52171311
-0.00732761
-0.72308147
0.07160246
0.49739835
0.05338539
-0.05435336
0.23567741
-0.32040802
0.09863096
0.27939127
-0.27530290
0.02456141
0.01558820
-0.26956228
-0.29378234
0.10388957
0.09834080
0.20218959
0.37979629
-0.06333172
-0.71164527
-0.47712722
-0.46152975
0.56150419
0.20409541
0.12945743
-0.09036793
0.17902743
0.33317035
0.34815995
-0.03642078
0.26336281
-0.30164320
0.27114403
-0.51486071
0.09341846
0.16406253
-0.35206690
-0.33961007
0.01358657
0.21374023
-0.01736639
-0.74001465
-0.21258251
0.24384774
-0.00401239
0.41267922
-0.21937087
-0.11721430
-0.47372728
-0.06721018
-0.53148156
0.15879546
0.22090340
-0.38836821
-0.36368853
-0.02883995
-0.22201980
0.12868254
0.16808574
0.27812300
0.24359404
-0.26470541
-0.07768052
0.57855284
0.01830154
0.00404012
0.15175834
-0.10715476
0.15433374
-1.04821414
0.06646880
0.27554027
-0.22736495
-0.11030305
-0.16593238
-0.31399693
-0.69583920
-0.09555569
-0.34890091
0.40515765
-0.73545648
-0.47416671
-0.00139148
-0.26570109
-0.68023888
-0.23024154
-0.00035503
0.07353399
0.30335571
-0.16850554
-0.35507742
-0.07545492
-0.11140453
0.17893031
0.60747079
0.18334374
0.00061210
0.44190464
0.16994443
-0.12306681
-0.71043157
0.57677715
-0.10339587
0.32430867
-0.18105336
-0.02165786
0.14349858
-0.24816917
0.39368800
-0.01137874
0.06576537
-0.24190360
-0.16018350
0.29606914
0.04617432
-0.27669883
0.59012463
-0.15132648
-0.36815041
0.20656112
0.18297722
-0.08488331
-0.00104661
-0.27753018
-0.05485406
-0.16059884
-0.22147658
0.43492187
-0.29943337
0.20753599
-0.14575559
-0.20041828
0.32575324
0.34404243
0.59287285
-0.62277337
0.23114383
0.05299895
-0.26838285
0.23192446
0.04324252
-0.11587468
0.24082455
-0.06493893
-0.19150224
0.38239774
0.24895503
-0.19650043
0.00656993
0.36268943
0.22503825
0.49742677
0.42417382
-0.14249653
0.45733869
0.01445536
0.04936216
0.14051831
0.09016059
-0.28457527
-0.11247534
0.04769177
-0.01513680
-0.21360780
0.31671092
0.14351713
0.21303239
-0.51369518
0.21490611
0.09345596
0.07556637
-0.49796555
0.01578133
-0.00637929
0.74894412
0.39931811
0.01933962
-0.45125865
0.36882854
-0.25005675
0.46675474
0.70501762
0.29390996
0.21093796
0.35441995
0.26496057
0.00439768
-0.11182891
0.04611343
-0.07426561
0.01513736
-0.17417836
0.08989382
-0.43837644
0.04358368
0.01723075
-0.25245298
0.14405825
0.03770436
0.17780156
0.21320820
-0.62444290
0.17398077
-0.23375385
0.08829272
0.03660899
0.10914380
0.32747877
0.05793770
-0.20060105
0.32030178
0.02464491
-0.17553551
-0.01948018
0.18513515
0.04232115
0.15590913
-0.18332320
0.32582716
-0.44387835
0.19094524
-0.54355241
0.09892284
-0.10875388
0.07916580
-0.28527392
0.33913990
-0.05436120
-0.60999884
-0.28561886
-0.43640027
0.09562271
0.50331378
0.12884886
0.38582694
-0.06943270
0.38881780
0.32711994
0.02952609
0.56097069
-0.10006916
0.38763351
0.17028548
0.15157848
0.55747964
0.34511107
0.39188599
0.40650183
0.25112159
0.21674057
0.49673639
0.35871624
0.48091727
0.22188900
0.07495474
-0.66156988
-0.77270744
-0.24945451
-0.52144223
-1.10838342
-0.56078484
-0.54661469
-0.80055044
-1.13415208
-1.44911151
-1.32265626
-1.17108553
-1.13646810
-1.39071484
-1.20954375
-0.96905653
-1.29068830
-1.33100629
-1.63942459
-0.84070349
0.11364351
-0.47820129
-0.35791576
-0.22477973
0.30103462
0.19423113
0.63445316
0.83249806
0.62386685
1.13321503
1.37015425
1.41991826
1.15971544
1.31372659
2.05060144
2.00111720
2.04344689
1.58273658
1.09771451
1.56819012
0.98625099
1.12671655
0.59466034
1.15508706
-0.21076790
0.57599102
0.28904791
0.18112793
-0.10946627
0.19310366
-0.71837687
-0.14017920
-0.71639301
-0.74987286
-0.62266605
-0.57112677
-0.50432434
-0.71672375
-0.52564186
-0.55772842
-0.75021820
-0.30834558
-1.17736892
-0.60003048
0.05111659
-0.47075963
-0.36585054
-0.62057747
-0.70594485
-0.83951332
0.31594914
-0.10187177
-0.33331456
-0.03820044
-0.00744728
0.14378159
0.26342756
0.05950422
0.57621100
-0.41317375
0.24839094
0.35454175
-0.48826037
0.38290873
-0.02993289
0.02006822
-0.05230426
0.17654242
-0.86510710
-0.10922100
-0.28750969
-0.21905498
0.20622564
0.29664685
-0.04867755
0.31419192
0.22928508
0.09170322
-0.03452751
0.22236263
-0.33940516
0.12604780
0.29267186
0.22966079
0.09592658
-0.62745502
0.02333585
-0.30724873
-0.02624327
-0.08574926
0.30038178
0.50462112
0.14251319
0.40886337
-0.14549571
-0.15842181
-0.14496712
0.21147419
-0.01835442
0.42596120
-0.11094534
-0.25677448
-0.04943162
0.47563804
-0.50372222
0.07815757
-0.16618402
-0.20680909
-0.30821898
-0.54578591
-0.07467735
-0.34302904
-0.15287242
0.28568288
0.40217535
0.02954359
0.46263394
0.00725603
0.00770637
-0.08477087
0.13638119
-0.47491621
-0.29846017
-0.03715173
-0.17262654
0.05806145
0.29407548
0.11060588
-0.61632804
-0.60747950
-0.16053739
-0.47852586
-0.15878103
-0.11495664
0.01868092
-0.05947582
0.10360752
-0.14666313
-0.13442527
-0.05182579
0.30321851
-0.11630026
-0.18865586
0.04389200
0.08239438
0.07986913
0.86913095
0.25857606
0.25472586
0.07432429
0.46259180
0.38800938
0.10976026
0.08244978
0.07025249
0.31978808
0.43834973
0.25007534
-0.14056400
0.14746987
0.35684160
0.38009281
0.39728319
-0.06502255
-0.05712227
0.19551929
0.16541676
0.07418304
-0.26724798
-0.16255612
0.34901087
0.10926841
0.08025404
-0.45516152
-0.64203844
-0.63517156
-0.22114489
0.25621274
0.05178263
0.57548740
-0.05500792
-0.26923288
0.21364914
-0.27375480
-0.44010943
-0.10184148
0.36744749
0.08226456
-0.30872221
0.21873710
0.07763596
-0.38009352
0.22647296
-0.05822735
-0.26183825
0.05008002
0.02705045
-0.23837287
-0.42596050
0.05082205
-0.09947192
-0.33882376
-0.04934040
0.04466972
-0.69861772
0.17160815
0.45217719
0.21857641
-0.08331483
-0.33594976
0.01407587
0.08725511
-0.12158359
0.34452694
0.10723302
0.40330170
0.07922149
-0.11440036
-0.32403032
-0.24693572
-0.03976356
0.23692812
0.17525826
0.73433568
-0.19077512
0.20507693
0.22672006
0.21422132
0.51869192
-0.60819225
-0.14181245
-0.39159146
0.00732408
0.22004959
-0.04046123
-0.02585590
-0.06926785
-0.40059375
0.07639568
0.09385514
-0.18113534
0.11703180
-0.22980490
-0.15602541
-0.27453057
-0.44997284
-0.28330359
-0.30344074
0.22414799
-0.05282458
0.25426421
0.39273961
0.29480506
-0.27258022
-0.47313324
-0.44956110
0.37629138
0.14653812
0.31160592
0.14539152
-0.13841268
-0.13158523
0.13658931
0.29728139
-0.09458796
0.08809709
-0.20687328
0.04540324
0.29856337
0.21334571
-0.11441608
-0.27054532
0.03571518
-0.39216030
0.48560630
-0.47858449
0.37113965
-0.05307345
-0.62767300
-0.07812139
-0.06999569
-0.22509104
0.10107993
-0.54865208
0.17417062
-0.45724182
-0.00445463
0.14635940
0.33710750
0.25464657
0.08612125
0.46380619
-0.52753437
0.47061817
-0.07594715
-0.51116722
0.18455468
0.13842010
-0.35540711
0.06696245
-0.09297600
-0.27476234
0.62961057
0.06438888
-0.04661336
-0.49053178
0.28757192
-0.14394281
0.21023601
0.09976727
0.44885794
0.07389108
-0.65039207
-0.21847667
-0.03563459
0.03300367
-0.09167039
-0.13154557
-0.11599399
-0.32522796
0.51080918
0.22184751
-0.12365797
-0.30468386
0.05563428
-0.39567829
0.22351781
0.08841989
0.16526025
0.41474606
-0.38052517
-0.30282932
-0.34623793
0.38997338
-0.37027553
-0.43637357
-0.33821815
0.17162070
0.11570006
0.22992802
0.06256911
0.48454789
-0.09259488
-0.33820098
-0.30634246
0.04380531
-0.70187876
0.29764890
0.05374930
-0.11773155
-0.16233670
-0.07292523
-0.00741002
-0.03396768
-0.11297066
0.21944415
-0.22255602
-0.11976136
0.44200262
-0.74190949
-0.61940009
-0.35020772
0.33904557
-0.29723734
-0.33264061
0.03065084
-0.04294950
0.21820708
-0.35230888
-0.02081420
0.16906307
-0.15790288
-0.13848897
0.26055297
-0.01370480
-0.73097559
-0.07576896
0.29666332
-0.39646613
-0.69416275
-0.09598485
0.50985964
0.15087715
0.06734294
0.36300093
-0.17641892
0.10485453
0.17742089
-0.16671357
0.04911345
-0.19331507
-0.04237668
-0.24876379
-0.23924883
-0.41908369
-0.72702747
-0.17567220
-0.58484088
-0.09878936
-0.79558099
-0.76608867
0.50564236
0.38340578
0.40537455
-0.19478930
-0.14535052
-0.37694402
-0.00048331
-0.03044454
-0.05335604
-0.04273195
0.20141933
0.73681781
0.25461752
0.12597549
0.06231418
-0.48223461
0.22080271
-0.20700382
-0.43726922
-0.55443358
0.17538387
-0.52292380
-0.44622616
-0.00580746
-0.05774615
-0.43285400
0.20090895
-0.43081044
0.57848856
0.27132501
-0.05256075
0.07618705
-0.43965111
-0.18653489
-0.38347091
0.25965781
0.78147654
-0.11845651
-0.09659188
-0.31098984
-0.99186281
-0.28717548
-0.38536513
-0.37166256
0.48634878
0.37281917
0.03681111
0.52311279
0.36778558
-0.14321325
0.21425315
0.23144328
-0.16459216
-0.83714624
-0.54358315
0.03596789
-0.39483126
0.19420419
-0.12159339
0.26254000
0.04342087
-0.20959921
-0.05927657
0.10002831
-0.49419072
0.49431798
0.28029413
-0.15801503
0.34661456
0.08080998
-0.09011017
-0.22711316
-0.03767467
0.29526062
-0.14513718
0.20490385
0.12293243
-0.11494717
0.45691473
-0.78003872
0.02481595
0.04960294
-0.03619281
-0.12907115
-0.10191521
0.10137570
0.50609723
0.09763839
0.37235531
-0.29102476
-0.14549382
0.08952057
-0.37789576
-0.25772243
0.09822179
-0.42383145
0.08034173
0.23365208
-0.11787681
0.17834207
0.03507673
0.25178351
0.03574672
0.13545467
-0.05428886
-0.26791583
0.15637754
-0.01720118
0.11931565
-0.51100747
-0.03521839
-0.16837544
0.17418311
0.20789428
-0.19422668
0.20697683
0.35119058
-0.00368069
0.05729354
0.20069936
0.44961161
0.21021348
0.14777120
-0.41528815
-0.25506771
0.24624777
0.18154069
-0.20409458
0.10535211
0.44955180
0.33009126
-0.19294383
-0.18109841
-0.42166178
-0.13334954
0.12308357
-0.54481774
-0.09638229
0.19001375
0.41483040
0.23043572
-0.22602592
0.27514215
0.17869166
0.19761750
-0.14422166
0.00245299
-0.63143722
0.63677434
0.20124180
-0.14240332
-0.17270417
0.45463390
-0.26137171
-0.43855202
-0.26446061
-0.19663882
-0.07570595
-0.02387064
-0.52311380
-0.23420592
0.54616652
-0.12598517
0.06480574
0.12491674
0.68730555
0.11238023
0.32029175
-0.13545197
-0.33555716
-0.39495701
0.43572359
0.16179468
0.14839616
0.01462031
0.46541707
0.39178922
0.19868526
0.15414331
-0.71585098
0.48213882
-0.06158331
0.24490844
-0.18620225
-0.13427595
0.04093192
-0.55271318
0.32988375
0.21779016
0.13959301
0.01822258
-0.07864950
0.02619192
0.00179628
0.32316422
-0.23320107
-0.22895202
-0.17077191
-0.73022666
0.05677083
0.42644787
-0.28940698
-0.27627259
-0.21852912
-0.16531926
-0.06823964
0.08732235
-0.37055157
-0.43736634
-0.31329126
-0.30203388
0.47957419
0.18800820
0.02896882
0.11960566
-0.52579944
0.05257882
-0.81272014
0.17748972
-0.19562569
0.04477485
-0.11378781
-0.04776581
-0.06919215
0.00907979
0.16893032
-0.11819354
-0.34980314
-0.01032870
-0.63275239
-0.03816471
0.11593834
0.06252659
0.02799148
0.00963809
-0.05610234
0.29835517
0.30194942
0.38232575
-0.28680829
-0.25970171
-0.18965232
0.46026860
0.07954403
0.40810101
0.29150620
0.02784179
-0.14715244
0.23849177
0.00824094
-0.55127113
-0.52512295
0.01050488
-0.03245720
0.10565505
-0.06198412
0.33549448
0.12379872
-0.32943297
-0.17009199
-0.14100086
-0.83383899
-0.23093621
0.08247517
-0.31976875
-0.67046601
0.66450182
-0.48855318
-0.28667613
0.19521391
-0.15579153
0.26690513
0.25457437
0.09659495
-0.70445096
-0.14444224
0.19309513
-0.29319545
-0.12604086
-0.01627540
0.09096786
-0.01834348
0.22471814
-0.18135216
0.23399485
0.05229310
0.17479164
-0.42418971
-0.20096524
0.29847178
-0.21993687
-0.22565207
0.04987468
-0.01271624
-0.26078865
0.02539419
0.22983831
-0.30051353
-0.07539258
-0.09225414
-0.08746597
-0.19542199
-0.79923785
0.37641921
0.07603843
0.24273619
-0.58472034
-0.03858288
-0.01433149
0.27204306
0.15232247
-0.22543955
-0.30442808
0.42841512
0.26602557
-0.86793720
-0.37450772
0.03673907
0.05221479
0.08857429
0.18623611
0.06559658
0.38424964
-0.32909191
0.04026294
-0.08547470
0.05609276
-0.03756240
-0.01866859
0.33967426
0.26386472
0.12161841
0.17275859
0.16201104
0.25909710
-0.15188526
0.29102084
0.10373472
0.20177676
-0.06038418
0.11122673
0.13247137
-0.65989042
-0.09164419
-0.64771455
-0.05019212
-0.32658323
0.13903167
0.00103557
0.53337074
-0.01026138
0.07847166
0.41687034
-0.27522341
-0.39886980
-0.14522047
-0.18260256
-0.30496797
-0.28846793
0.02231118
-0.31469457
0.24180861
0.00696413
-0.30155666
0.01514221
-0.01483166
0.50620255
0.23353229
0.23287767
-0.17219342
-0.35232821
-0.09419215
0.02106725
0.73718836
-0.22732390
0.48399520
0.06299334
-0.27115291
0.34700285
0.18608688
-0.20699844
0.05393389
0.44798151
0.06661479
0.17622627
-0.06108376
-0.34753162
-0.00846156
0.38908425
-0.29780340
0.19640399
-0.43318382
-0.17040183
-0.21292719
-0.14219135
0.35990342
0.05485353
0.60501220
-0.37404543
0.30405588
-0.01110140
-0.13281562
-0.10347061
-0.33941162
-0.00447442
0.05270983
-0.20243533
-0.55478511
-0.19845462
-0.17754080
0.02551290
0.06748649
-0.21651109
-0.40844420
-0.06946752
0.51356421
-0.13030834
-0.05795506
-0.06596653
0.17710796
-0.00022925
0.43287668
-0.22339127
0.10847506
0.16829302
-0.44179886
-0.00020586
0.21036348
0.01664998
-0.57375829
0.11987287
0.08709842
-0.30572016
0.22964363
-0.45024587
-0.25963007
0.03280023
-0.79500495
0.20846432
0.10221900
-0.06381618
0.23060407
0.00254400
-0.01919187
0.06662102
-0.45901620
0.08874656
0.33816843
-0.11138621
0.14617701
-0.29576621
-0.05021596
-0.53847128
0.04603201
0.03125288
0.42045186
-0.48746961
-0.11778925
0.09662985
0.80751142
0.37691173
0.07486075
-0.25102799
-0.04628148
-0.16057159
0.57285028
-0.17808112
-0.09860909
-0.62898779
-0.36541721
-0.17448732
0.05420823
-0.33117165
0.12690629
0.02107213
0.01475079
0.16980670
-0.16263576
-0.28162298
0.15576105
0.41442415
-0.13511150
0.16690543
-0.27181320
0.36306071
-0.35008453
-0.06513075
0.21187100
-0.17666189
-0.43086510
0.16500742
0.21079634
-0.09429077
0.41765279
-0.63883267
-0.01904968
0.30143861
0.11279068
0.12118628
-0.06750485
0.21128514
-0.41024502
0.18325008
-0.19876045
0.02130170
-0.09646346
-0.03650198
-0.32853861
0.20476078
-0.75599547
-0.25704393
0.44365751
-0.09465692
0.30713937
0.59600247
0.09696204
0.39926909
-0.08109218
-0.01468624
0.39017168
-0.09760887
-0.15018865
0.59728407
-0.03851922
-0.08477570
-0.07956124
0.54373507
0.15200418
0.40351584
0.03418501
-0.08937635
-0.27801559
-0.14867971
-0.00912387
0.46695928
0.10822144
0.33087538
0.16618250
-0.41547884
0.34412718
0.11990553
0.25061285
-0.19218283
-0.39654725
0.10320274
-0.32123857
0.25629489
0.43543224
-0.92100717
0.25178238
-0.28209018
-0.03136770
0.33234218
-0.11480856
-0.11857946
0.34386513
-0.03795811
-0.41051211
-0.10852434
0.32346184
0.02697801
0.18071193
0.09608181
0.32734827
-0.25348440
0.07489502
0.26276288
0.03800572
-0.36794720
-0.08353175
-0.43078782
-0.02938221
0.41454899
-0.09474303
0.62158611
0.36665199
-0.23258473
-0.34598848
-0.02302219
-0.56363437
0.25747500
0.22438134
0.14072809
-0.17808326
0.06129147
-0.19312472
0.41610654
0.06007430
-0.30083268
0.00771195
-0.14695673
-0.34093757
0.61272571
-0.37090980
-0.13685204
-0.31844535
-0.31372620
0.36083835
0.23803276
0.39944543
-0.61660703
0.69384114
-0.23016692
0.04623268
-0.31028961
0.19447605
0.05224864
-0.35185255
0.18218621
0.19344306
0.03671902
0.38807404
0.32112788
0.64252162
-0.39363304
-0.04372929
-0.01921502
0.33699294
0.39648252
0.79550177
-0.34121804
0.26264246
0.51960416
0.12855579
0.06316197
0.40129625
0.26147992
0.04607347
0.44904525
-0.47571009
-0.23286782
0.50604669
-0.15893041
0.03864258
0.14642729
0.37399624
-0.04382995
0.16107749
0.72586136
0.11476691
-0.82080210
-0.18630967
-0.36898340
-0.17758191
0.11555988
-0.11243532
-0.03094941
-0.11947112
-0.34495054
-0.13168242
-0.12587137
0.41514168
0.05531950
-0.00303445
-0.07209319
-0.12220506
0.47858383
-0.44902386
0.32753045
-0.41337452
-0.07570161
0.04855645
0.03503430
-0.22462691
-0.10807997
-0.28741024
0.20044942
0.22856634
0.00970814
0.03014809
-0.13620791
-0.66683914
0.11036875
0.11123828
-0.00028452
-0.24527462
0.01056810
0.68572754
0.16613701
-0.21009478
-0.23080983
0.10715794
0.58420178
0.38788704
0.04503819
-0.19633215
0.25767134
-0.15530772
0.28889231
0.14983235
0.27947413
0.40814734
-0.27603156
0.36565134
0.09755955
-0.27035379
-0.06718897
-0.15519199
0.13430610
-0.12103796
-0.10735493
-0.20225836
-0.00384384
0.00577057
0.23790055
-0.13483594
0.22405204
-0.05479704
-0.63747772
-0.36880383
-0.41923081
0.18245000
-0.27212291
0.23952946
-0.58566255
0.05308568
0.08504775
0.23731688
0.21210558
-0.23408067
-0.10700750
0.44607728
-0.52169956
0.72638161
0.68734975
-0.28986649
0.38754645
-0.02640382
-0.15807275
-0.10118154
0.45358911
0.58185219
0.25308810
-0.67358493
0.06603022
0.39968580
0.39149006
0.41210108
0.46034307
-0.06218012
0.39064267
-0.08218154
-0.11381075
-0.28083170
0.02797782
-0.50766926
-0.42833352
-0.03163100
0.08298797
0.10966037
-0.47745769
-0.25112773
-0.09712407
-0.06675538
0.32714735
-0.14135091
-0.00469645
0.31457275
0.34892388
-0.71438527
-0.21005608
0.02644956
-0.16759411
-0.34114716
-0.35840375
-0.31518556
0.05188517
-0.46801359
0.19837651
0.17535940
0.35921706
-0.21384845
-0.05905659
0.44140071
0.44835559
0.52601925
0.00494593
0.46754021
0.21959420
-0.19423551
0.32658012
-0.25257606
-0.14302788
0.02300600
-0.47778093
0.31634030
0.08807561
-0.29143240
-0.24612302
-0.23751068
-0.19856621
-0.61683650
-0.38731570
-0.08577643
0.26912290
0.16745742
-0.40275950
0.26505898
0.28306957
-0.48841324
0.20212165
0.47620533
-0.15817256
0.48208531
-0.09143816
-0.37687659
-0.38144488
0.14115497
-0.43112234
-0.17941193
0.29126699
-0.18214339
0.42436973
0.26893534
-0.19889268
-0.03775106
-0.06308157
-0.27561130
-0.09083440
-0.26931944
-0.29107588
-0.24400343
-0.33302983
0.41386401
0.01953735
-0.11642395
0.16909312
0.09873944
-0.19145101
0.32018076
0.13662956
-0.48750396
0.14298999
0.51120352
0.39861946
-0.75845934
0.31415434
0.43541212
-0.68481018
0.04308787
-0.43517316
-0.04730398
-0.19850988
-0.11024618
-0.00199198
0.20701262
-0.17000593
-0.73529413
0.18156962
0.11988312
-0.18359299
-0.37585188
-0.42890513
0.42779951
0.13011430
-0.34829603
0.08498209
0.13921054
0.04231438
0.38206687
0.04209281
0.04510528
0.06932654
-0.24978053
-0.46276837
-0.09227830
-0.08229913
-0.22276671
-0.60035262
0.63475009
0.31151176
0.57440407
0.02379490
-0.29350214
0.13835133
-0.28158483
-0.07152291
-0.48816767
-0.15657136
0.45385478
-0.45530601
0.16814275
-0.05955173
0.32632608
0.33029725
-0.20730213
-0.01559467
-0.47268008
-0.43310641
-0.44100007
-0.19758426
-0.07158991
0.20650243
-0.16243184
0.04420714
0.04906117
-0.06159754
0.39872042
