-0.12666773
0.47459345
0.27120244
-0.21199333
0.06864780
-0.38207010
0.29762617
-0.08637073
-0.35169204
-0.29050623
-0.32461937
0.18375550
0.45441293
-0.10800152
-0.20656632
-0.59873199
-0.16981222
-0.20461430
-1.21707819
0.13316194
-0.12336089
0.14941336
-0.03757235
0.52812529
0.52155533
0.34069018
0.31533236
-0.43094830
-0.41137002
0.15855568
-0.12295365
-0.66632419
-0.06031616
0.42306230
0.32966792
-0.55287789
-0.24041489
-0.03350832
0.02857612
0.40036957
0.05180842
-0.22301392
-0.46887411
0.25825809
0.28058230
-0.55230821
-0.31408128
0.05245829
0.41479008
0.34233989
0.25196847
-0.05063257
-0.09016573
0.22726370
0.29465893
0.02500958
0.28143746
0.28920658
0.49110644
0.32733856
0.30151885
-0.52471773
-0.56528046
-0.36368774
0.17299339
0.25991459
-0.14552688
-0.09158103
0.43235991
-0.65185318
0.26233580
0.13160832
0.07073109
0.24598974
0.59441436
0.02071784
0.06506333
-0.02337067
-0.08970738
0.26919816
-0.23692009
-0.31499032
-0.19613974
-0.43125007
-0.00261015
-0.04299645
-0.07114555
0.22310929
0.37237983
-0.14977011
-0.36767868
-0.33330719
0.27916791
0.18520457
-0.01839112
-0.26603476
0.25241256
0.60028140
-0.48865688
0.13600124
-0.58595237
0.59377962
0.14184298
-0.25233360
-0.15291107
-0.04424502
-0.57891820
-0.41222477
-0.14480982
-0.00597480
0.46752624
0.25231056
-0.34398312
0.61189717
0.65167382
0.38471863
-0.06054451
0.22716586
0.00965932
0.02544828
0.17576629
-0.19582374
-0.85060298
-0.51333377
-0.29641259
0.19379205
-0.15349198
0.20035945
0.34312596
0.10066631
-0.00312449
0.30871238
0.14045317
-0.17289080
-0.08993031
0.12411085
-0.12166588
-0.22291843
-0.16152468
-0.09834011
-0.26466769
-0.09432095
-0.02070468
-0.22862991
-0.04905085
0.44296246
-0.20442364
0.28918746
-0.04714895
-0.58728017
-0.13241232
0.15552458
0.11728611
0.59271728
0.16804070
0.28366787
0.12398836
0.69125156
-0.39562203
-0.18450956
-0.14928265
0.02208648
-0.12668211
0.14801874
0.27311461
-0.12573284
0.72256558
-0.00968943
0.07804122
-0.06674419
-0.20085711
-0.08626903
0.17529712
-0.07866772
0.04888468
0.33704254
0.16643650
0.10980555
-0.18277145
0.06494196
-0.32204410
0.20367612
0.29462070
0.36959379
0.44159806
-0.00579959
-0.44656437
-0.20698004
0.10931261
0.10634003
0.05333078
-0.00184651
-0.13303380
-0.02998956
-0.33749157
-0.49097339
-0.46994682
0.46469193
-0.17531334
0.37834141
-0.14119998
-0.20741689
-0.35732370
-0.26792951
0.36864988
-0.25860624
0.17304398
-0.90099235
0.03559477
0.03599503
-0.30006458
-0.22844097
-0.38368276
0.55484010
-0.29384579
-0.08269649
0.22382196
0.00665348
-0.50195605
0.31006964
-0.33296417
0.49612749
0.41167484
-0.29123238
-0.56740265
-0.10842429
0.06323651
-0.13588635
-0.28814247
0.15760484
-0.00236204
-0.50603401
-0.15534048
0.14014277
0.05784388
0.01268553
-0.28703204
0.79261201
0.02322974
-0.03788061
0.39295094
-0.37022682
0.02559998
-0.01940048
0.60096364
0.09134030
0.21258703
0.00996068
-0.26624267
0.03063675
-0.12355431
0.49647459
0.52922575
0.32283468
-0.65641098
0.48416421
0.19603420
-0.35186098
0.45696072
0.09829852
0.21725322
-0.13422528
0.38772471
-0.33358844
0.28230934
0.08723976
-0.17744820
-0.25008849
0.08496588
-0.20197586
-0.03969178
-0.15885228
-1.36075622
0.32991657
0.45678593
0.19549452
0.39209588
0.23306234
-0.24193103
0.55093922
0.44987847
0.10660777
0.24281291
0.45901830
-0.16980352
0.42370671
0.20963760
-0.11000182
-0.40837142
0.10260710
-0.03670566
0.32770437
0.34947096
-0.08168828
0.00653089
0.06444136
0.64962476
-0.23257445
-0.14418467
-0.18863040
-0.15668410
0.43991777
-0.06584507
-0.01928009
-0.35133548
0.56745966
-0.00270148
-0.22079616
0.78200805
-0.16355297
-0.33983386
-0.13918426
0.40676279
-0.09629725
0.23670411
-0.04232052
-0.47857020
-0.08039620
0.18761302
0.34282532
-0.50222208
-0.22049245
-0.17437868
-0.38411772
-0.13684436
-0.36781127
-0.39081157
0.17637274
0.75108067
0.30725448
-0.13477661
0.58379805
-0.27365021
0.03435450
0.21304878
-0.13665858
-0.02388349
0.05549675
-0.33513090
0.18714567
-0.06753525
0.12652070
0.36770989
-0.42223584
0.62466795
-0.13267773
0.00868809
0.28152764
-0.51645647
0.25719125
0.33413501
0.02472391
0.24441373
0.03840975
0.43271231
-0.35072990
-0.17465535
-0.47209104
-0.03878432
-0.02671394
0.29556578
-0.26551048
0.01911031
0.20788923
-0.38793894
-0.14442813
0.23118378
0.28450288
-0.40839283
-0.31251187
-0.41568281
-0.46360167
0.06689855
0.16432870
0.16896946
-0.23103338
0.07666202
0.42230607
0.10372498
-0.36006822
0.72657117
0.39075442
-0.15754930
-0.09539950
0.22991858
-0.31933398
-0.28825811
-0.02760737
0.17895098
-0.47503397
-0.15158000
-0.09270836
-0.17103754
0.35839140
-0.06227270
0.15586170
-0.56531554
0.12251680
-0.13641621
-0.24869921
0.10048451
0.26393464
0.50672827
-0.05026260
0.04102613
0.30521763
-0.06159889
-0.06168848
-0.26262638
0.16340617
-0.44459374
-0.26161021
-0.36608141
0.04375702
0.09939302
-0.33645647
0.29694121
-0.26862195
0.01947494
0.01688930
-0.03606416
-0.18509890
-0.01096163
-0.27014074
-0.07521562
-0.30559875
0.02050470
0.34710756
0.13810635
0.07571332
0.17650141
-0.07319144
-0.17854767
0.31243487
-0.14834311
0.11651436
0.13536190
0.64841565
0.35530024
-0.12671442
0.25592063
0.17636170
0.07925232
0.19247512
-0.49169569
-0.04446928
0.05252272
0.42903837
0.04059100
0.05251709
-0.13630597
0.02602928
-0.52975446
-0.17099140
-0.00618987
0.47318961
-0.28981060
-0.03814013
0.46812015
-0.02361426
0.31193842
-0.17204138
0.18665940
0.28055652
0.10280795
-0.01396046
0.17334424
0.11292722
0.23345893
-0.18155484
0.41102785
0.37960970
-0.16800166
-0.08156948
0.21396844
-0.14279022
0.41507147
-0.04075911
-0.07976186
0.26223864
-0.11404335
0.03971638
-0.07135016
-0.14790576
0.53037551
-0.02854699
-0.00517019
-0.31954497
-0.09031517
-0.61578735
0.19963025
0.26368094
-0.08496853
0.18956887
0.19122245
-0.11629611
0.28691599
-0.45675646
0.06773638
-0.06601638
-0.03039998
-0.48538552
0.28258071
-0.23841711
-0.20367701
0.45076094
0.22222972
0.41132134
0.05244761
-0.06719962
0.24279608
-0.22172823
-0.85989194
-0.75967022
0.03327240
-0.06960917
-0.06936266
-0.27232796
-0.64963486
-0.03173414
0.02690973
-0.09084108
0.18037815
-0.11379999
0.11169402
-0.05755480
0.00174813
-0.05484691
-0.11947323
-0.10273186
-0.62395288
-0.08013295
-0.10708016
-0.35477196
-0.16963194
-0.61114790
-0.49961880
0.04327291
0.78567680
-0.82976447
0.07906474
0.01078130
0.38136157
0.43321412
0.21088897
-0.17274905
-0.30190203
-0.11356599
0.55036588
-0.46668808
-0.01559438
-0.41252300
-0.15694744
-0.15776055
-0.00111476
-0.07404492
0.50306141
-0.39314572
-0.00034216
0.01637794
0.58189602
-0.13521732
0.29992979
-0.36908697
-0.85498375
0.30349320
0.30187627
0.06809230
-0.10901327
-0.22549735
-0.18303745
-0.41422160
-0.02937006
0.20948796
-0.28261517
0.17921381
0.15637433
0.33665794
-0.13969505
-0.30280065
-0.25385715
0.02562621
-0.08778447
-0.31704280
0.26472293
0.56205828
-0.01646821
0.33852407
0.26937863
0.59591322
-0.08892620
0.59332315
0.20143796
0.15209427
0.06884468
-0.19964379
0.69409139
0.39441821
0.64627379
0.41417738
0.33003856
0.27742439
0.53689171
-0.39561503
0.16076969
0.01026707
0.12306639
-0.24903973
-0.45688123
-0.99179315
-0.03876137
-0.57546510
-0.90862982
-0.58112282
-1.07958729
-1.24963161
-0.80383307
-1.01539725
-1.12949758
-0.86061225
-1.67453303
-1.60801727
-1.06947496
-1.04713033
-0.54052885
-1.09326258
-0.28959606
0.03945651
-0.24520047
0.14893721
0.09620579
0.24044350
0.50549855
1.19025504
0.84810545
1.70938371
1.54963209
1.39482455
2.07646177
1.99309950
1.58236983
1.92113064
1.52713390
1.37372545
1.57740043
0.86418860
2.08795940
1.08700672
0.94551304
0.69507155
0.31354236
0.14802069
0.68818635
-0.02049156
0.13310441
-0.67724938
-0.41047202
0.04205780
-0.39143583
-0.81828423
-0.74849017
-0.87383538
-0.54970689
-0.48430713
-0.75845472
-0.80709569
-0.70033057
-0.51149418
-0.96198100
-0.59393294
-0.90580906
-0.28914437
-0.71554860
-0.55172475
0.10180391
-0.27802292
0.00608117
0.16572579
-0.69898979
-0.21169764
-0.13006133
-0.47663243
-0.35397140
-0.15055141
0.16595455
-0.24502975
-0.41157135
0.07047700
0.05461437
0.29210026
0.25805964
0.11149013
0.14598119
-0.26970331
-0.04409417
0.32931255
0.17360123
-0.30508518
-0.01132894
0.47469092
-0.10011094
-0.43407487
0.08870276
0.49472356
-0.05409706
-0.23918010
0.16399810
0.16108157
0.09054371
-0.39455046
-0.05132807
-0.31758079
-0.15046525
-0.25339564
-0.00709007
-0.17566945
0.21447255
-0.47820392
-0.21255919
-0.14611941
0.03944473
-0.63203250
0.17549343
0.12854596
-0.40173754
-0.00957299
-0.04905381
-0.23283828
-0.04790738
-0.08457848
-0.45342826
-0.01432120
0.42301024
0.01240820
0.00437697
0.30040497
-0.01992004
-0.26264896
0.12893458
0.30910777
-0.65085290
0.16815348
-0.17901082
0.27001983
0.05291297
-0.18253874
0.31453578
0.26552940
0.17563590
-0.07261984
-0.15543704
-0.15609717
0.09668306
-0.17008553
0.29316043
-0.44051240
0.07985198
0.19670296
0.14130775
-0.21805186
-0.12299206
0.38758184
0.52756007
-0.02780757
-0.19925961
-0.36793681
0.06307285
-0.05417534
-0.39156108
-0.53641796
0.20568634
0.22339466
0.39457007
-0.18339777
-0.19443875
-0.97463857
0.17527537
-0.34390971
0.00446016
-0.27721286
-0.43512628
-0.04194954
-0.06193670
-0.03568325
0.14783944
0.94737646
-0.19589615
-0.00926533
-0.17978591
-0.50782230
0.37487540
0.08269274
-0.42714904
-0.44674031
-0.47947307
0.23918180
0.07458031
-0.21998345
-0.15278694
-0.33648090
0.25213993
-0.13772539
-0.23606336
-0.50543195
0.16450799
0.10569717
-0.06675891
0.49961960
0.25019052
0.59503880
0.47174520
-0.44844310
0.58835182
-0.01894574
-0.35052452
-0.16985954
-0.04345982
0.04427221
-0.10320545
-0.33153972
0.50217926
-0.41970343
-0.75907188
-0.10228993
-0.96862107
0.03999972
-0.66563835
-0.31934592
-0.67747970
0.06739145
-0.08275910
-0.12425829
-0.02248492
0.56944400
-0.07213451
-0.42623368
-0.67238612
0.05658720
0.07231471
0.55740467
0.34981420
-0.29199572
-0.65132561
0.70168579
0.21844077
0.14886760
-0.15557729
0.24917943
-0.02682589
0.35430593
0.09899847
-0.02164066
0.34907140
0.73309998
-0.02977768
0.20979627
0.81670519
-0.12750384
-0.08710743
-0.39403780
0.19893987
0.14511802
0.08428015
-0.13822904
-0.13552456
-0.13429232
0.50317607
0.07802032
-0.29119930
-0.56123983
0.24472699
-0.10797909
-0.11994049
0.42087585
-0.12980225
-0.09292191
0.09061154
0.12002306
0.06536176
-0.21632308
0.43499685
0.36410975
-0.14745022
0.33203213
0.22797604
-0.51219380
0.34106300
-0.30072252
0.62596623
-0.21298242
0.31543329
-0.10619431
0.21689624
0.03212138
-0.33898209
-0.69317437
-0.24897652
0.63114552
0.31903047
0.50909624
-0.63053944
-0.25196192
-0.06041044
0.02763097
0.56410394
0.23490220
0.13370262
-0.30079078
0.12533624
0.27655588
-0.44087671
-0.18701000
-0.11083883
-0.34028719
0.09687896
-0.11779262
0.37270703
0.18392498
0.04156205
-0.04234135
-0.34431620
0.18512497
0.03411816
-0.09901435
0.34139407
0.09428018
-0.24554158
0.25484085
0.07000720
-0.28162649
-0.30394812
-0.17309116
-0.38978606
-0.15156859
-0.24069803
0.07482824
0.40977334
0.30363557
-0.12435353
-0.64707774
0.08954152
0.22818932
-0.11833475
-0.16069537
0.11581221
0.23126235
-0.12926336
0.40575523
-0.04940512
0.50461504
0.08868587
0.87898032
-0.41710664
-0.27466137
-0.25982478
-0.34157745
0.06061749
-0.52761589
-0.41649217
-0.22095968
-0.71576755
-0.26948960
-0.15561884
-0.20391234
0.44551516
-0.63706894
0.04182086
0.02488219
-0.05673951
0.19077624
-0.43007491
-0.09018056
-0.37351317
0.53629267
-0.14583185
0.49592843
0.59491800
-0.39207497
-0.07906111
0.07440571
-0.35697907
-0.14161795
0.43826183
-0.06018148
-0.02065567
0.04963782
0.11564281
0.10389964
-0.33389698
0.12955552
-0.41232792
0.26650790
-0.30576332
0.09579306
-0.02543007
0.08718838
0.05573822
0.08390589
0.05580812
-0.16939336
-0.19079480
-0.05383068
-0.71403038
-0.15786748
-0.30645828
-0.12784963
0.52585017
0.14318412
-0.39086029
0.19528987
0.04828729
-0.74804706
-0.04054467
0.17181768
0.36137645
0.11833245
0.00398791
-0.03732432
0.01772348
0.21407840
-0.22480415
0.28251967
0.04964800
0.13654931
0.29286456
-0.24034854
0.37353636
-0.00958728
-0.17527763
0.29722296
-0.43546610
0.06146142
0.21152394
-0.34378113
-0.11632511
0.08002363
0.29935488
0.10970273
-0.19863435
-0.16065661
0.23219547
0.24269741
0.21045841
-0.75356309
0.16534191
0.40531698
0.24224485
-0.03344687
0.09779048
0.75193200
0.00741502
0.12597691
-0.72905118
0.13764686
0.05184082
-0.06050473
0.00677334
-0.27983894
-0.24726842
0.50579343
0.24513311
0.48948247
-0.05045544
-0.40878202
0.05952976
0.05465754
-0.02904889
-0.22312091
0.10682035
0.05745942
0.48261870
0.08520223
-0.16048827
0.03011569
-0.12513324
-0.00683782
-0.46972344
0.56120476
0.14325355
0.37271682
-0.11651310
-0.03225711
0.17914880
0.31010319
0.38559980
-0.04056492
0.14128673
0.14763999
0.06824926
-0.02517591
-0.07078593
0.61222730
0.00759295
0.67790023
-0.08145440
-0.21004810
-0.05184979
0.24205787
0.04543566
0.26312332
0.17687503
-0.20093427
0.23480741
0.11413676
-0.36751123
-0.08709192
-0.21207274
0.33755406
-0.01762220
0.34549808
-0.50340580
-0.15416941
0.34915646
0.68209957
-0.16210826
0.15568082
0.18153899
-0.22722756
0.24084831
-0.29234170
0.49813881
-0.36800558
0.09925916
-0.47777568
0.10262153
0.20191133
-0.01041576
-0.51060728
-0.34630117
-0.15838921
-0.02073616
0.51864159
0.36727856
0.22467902
0.12453643
-0.31071253
-0.17663713
0.09881623
0.29200674
0.51322916
0.28179944
-0.01909549
-0.17025763
0.69515430
0.21202957
-0.13285025
-0.16061844
-0.01887471
0.42057860
0.02151892
0.66152753
-0.08426314
-0.33018807
0.00041797
-0.44362503
-0.01420080
0.20977614
0.12936945
-0.38622402
0.21684930
-0.19600007
-0.03766075
-0.21326793
0.42029335
0.17622223
0.10873781
0.20245326
0.14529015
0.33826283
-0.03600219
-0.05460389
0.03263544
-0.07361535
0.35023120
0.12522184
0.11834251
-0.15222314
-0.34892766
-0.32178036
0.11202436
-0.57863662
0.13208938
-0.15174158
-0.16966873
0.01174659
-0.42379359
0.03574665
-0.28880053
-0.20689783
-0.38599392
-0.20579091
0.12644417
0.07663276
-0.22024951
-0.07209493
-0.43161126
0.02521174
-0.12791921
-0.00638843
0.10850056
-0.06214041
0.25435190
-0.23142989
0.22011653
-0.64968768
0.02732925
-0.37605016
0.10530148
-0.10983534
0.37589740
-0.01433590
-0.33018261
-0.03539102
-0.23276538
0.67875940
0.06617793
0.52230130
0.00878661
-0.65298769
-0.29947530
0.30033082
0.37401814
-0.19545682
0.14212089
-0.68261034
0.23213440
-0.29240881
0.59448113
0.09277615
-0.12505687
0.27649779
-0.00347369
0.28215654
-0.13675051
-0.24796608
0.42874757
0.29578863
0.36315097
-0.31021142
0.13773502
0.17276188
0.13760421
0.01785747
-0.04891602
0.00336574
-0.25769646
0.32211425
-0.24320107
0.25031996
-0.20698792
-0.33823736
0.40448007
0.19101934
-0.39119570
-0.21138947
-0.02722926
-0.37029517
-0.01781520
-0.33264730
-0.14401263
0.60579282
-0.05376369
-0.03550815
-0.20101443
0.30778302
-0.10807692
-0.08563384
0.08621287
0.36693614
0.16026809
-0.31572457
0.10215897
-0.25127247
0.25711080
-0.12535730
0.17073341
-0.17845840
-0.19977728
0.43956988
0.01072085
0.01579702
-0.01947185
-0.22456614
-0.15486511
0.33815432
-0.52224148
0.30980934
-0.19609567
0.10608773
0.60870103
0.12201439
-0.16272398
-0.02002821
-0.11101996
0.20169217
-0.26970941
-0.19569333
-0.01088258
-0.26924753
-0.12033854
-0.13411273
-0.12587977
-0.02447565
-0.25204021
0.25889136
0.37187081
-0.26734389
0.44753861
0.61656744
-0.07134170
-0.08250329
-0.07894250
-0.21583581
0.13070184
0.42309209
-0.18399202
0.38459419
0.32556952
-0.05881564
-0.12596406
-0.32787545
0.02188222
-0.25377860
-1.05200022
-1.14164260
-0.46650826
0.06561144
0.42785304
0.13988684
-0.62766689
0.19767246
0.14766977
0.08707454
-0.28325075
0.04237699
-0.01738333
-0.51885315
-0.44389520
0.29024846
-0.46997283
0.29546749
0.18568395
-0.46929922
-0.22201308
0.35039800
0.01970463
-0.67254742
-0.24362161
-0.34917588
0.10355801
-0.02084226
-0.16199352
0.00956102
0.47904755
-0.01984933
-0.33962590
0.25814367
0.31020982
0.30324085
0.29036716
-0.59725354
-0.12529446
0.11958859
0.26367745
0.23889044
0.57992098
-0.16087547
-0.37533644
0.43480657
0.11889100
0.16455487
-0.20374123
0.15340459
0.23266517
-0.12322827
-0.08046353
0.01144135
-0.43065692
-0.60219429
-0.09416836
0.12595388
0.12910719
0.03439448
0.25283075
-0.09579517
-0.04769307
0.45158417
0.11531938
0.54524461
0.00708576
0.76762623
-0.43816777
0.06188313
-0.11333171
0.19042229
-0.11752388
0.31252502
0.09716152
0.01990765
-0.49046542
-0.26733857
-0.23099753
0.18821359
0.06773893
-0.22418373
0.02940282
-0.13348248
0.57801417
-0.15259297
-0.23613497
-0.22843147
-0.40370633
0.24917057
-0.33518310
0.19779313
-0.13391616
-0.03659264
0.11342614
0.28134103
-0.06028084
0.76859668
0.41550554
-0.19991339
-0.46991223
0.04102301
-0.13987689
-0.01345039
0.11489689
0.23936187
0.10193491
0.71718161
-0.53526883
-0.01921304
0.14987130
0.58002823
0.14243007
-0.24044295
-0.37710777
0.29865637
0.18712935
0.03418338
-0.13909167
-0.11820010
0.45127420
0.01433904
0.04784461
0.16809480
0.21866621
-0.14427155
-0.46270646
0.30053624
-0.47253050
0.15943281
0.02985596
0.41783489
-0.46823009
0.23721621
0.17130470
0.71544038
-0.21624012
0.11096068
0.12263572
0.30276835
-0.07977019
0.04110520
-0.32134842
0.02334271
-0.31257829
0.10017154
-0.05126129
-0.28068225
0.21023352
-0.00387900
-0.14985108
0.20971667
0.05543742
-0.42170351
-0.42326025
-0.04143586
-0.15993637
0.47072670
-0.49408773
-0.27436679
-0.24174028
0.15160246
0.19839571
0.46405462
0.23355008
-0.21873526
0.46758589
0.12017891
0.05191313
-0.39227420
-0.45272702
0.14346204
0.41201104
0.02505177
0.30007278
-0.03925991
-0.30216777
0.34950974
0.14440086
-0.01325072
0.01141281
0.22341882
0.79099031
0.08822347
0.11529188
0.12283074
0.00762615
0.15883932
-0.14766303
-0.03114492
0.31201169
0.17310921
0.07733257
0.21846740
0.05879327
0.32065450
-0.30836856
0.08725768
0.11495270
0.41056926
0.01829966
-0.51988457
0.16609509
-0.30015564
0.38873259
0.12340523
0.31901332
0.37541243
0.17695943
-0.62377032
-0.40565308
0.38686019
0.17862368
-0.51981419
-0.24671964
-0.01098511
-0.14278726
-0.16699057
0.17539674
-0.07817162
0.16309242
-0.15308430
-0.18035574
0.66457271
-0.47807775
0.00759833
0.15320973
-0.18640796
-0.01532020
-0.12997428
-0.00757178
-0.09204045
0.38587599
-0.04139825
-0.12841960
-0.65470787
-0.16505042
-0.07488668
0.26718142
0.35942091
-0.31029255
-0.42726450
0.48974240
-0.20305290
-0.02868350
0.35527421
-0.01438741
-0.31082507
0.06981259
0.20651012
-0.47645474
0.07413607
0.39355887
-0.03151014
-0.00181293
0.08683813
0.14936314
0.07610566
-0.02141568
-0.67881635
-0.03601956
-0.12625208
0.58042054
-0.27393012
0.04178195
-0.27085149
-0.11177546
-0.02916260
-0.05434663
0.49585692
-0.09559762
-0.32661350
-0.35969469
-0.16873123
-0.01998725
-0.09697060
0.10283544
-0.35681869
-0.46971172
0.07161148
-0.10808759
0.51229629
0.74502328
-0.62444914
0.55294277
0.29342479
-0.07235484
-0.60803525
0.05831778
0.11318371
-0.19985680
-0.35596101
-0.12426931
-0.25261830
-0.00886965
0.21110249
0.30514264
-0.16190760
-0.20874485
-0.13213633
0.20758602
0.20587736
-0.07533460
0.22188980
-0.34321470
-0.68297644
0.10423626
-0.58534443
-0.09657978
-0.51995076
-0.34125526
-0.06902414
-0.32642147
-0.09539926
0.18146775
0.20543500
-0.09229193
0.14965497
0.38985241
-0.10513393
0.38233563
0.27619977
0.24827432
-0.01450331
-0.40632450
-0.15165260
0.02549121
-0.00035748
0.19620229
-0.15485574
0.16674592
-0.21536212
0.17555124
-0.44358409
-0.29560877
-0.28819804
-0.00302772
-0.72206878
-0.33246337
-0.41099436
0.15129048
0.12320651
0.25156658
0.39377815
-0.05137415
0.49491762
-0.04620744
-0.39655971
0.49154652
-0.07401399
-0.09557779
-0.18046140
-0.18159336
-0.01576126
-0.08901958
0.34227761
0.08022319
-0.21361530
0.06601156
0.47761620
0.28387536
-0.28082772
-0.53107077
0.10762113
-0.12081707
-0.08253768
-0.08564396
-0.13084459
0.04811141
-0.30444803
-0.30576671
-0.12914281
-0.03037624
-0.57923173
-0.16560148
0.40839052
0.01908638
0.34581250
0.44093445
-0.14583587
-0.37726701
0.25396310
0.26852681
0.17996225
-0.07493575
-0.14211515
0.01911825
0.36863056
-0.26737263
-0.54670537
0.23387667
0.11862909
-0.06497327
-0.35833200
-0.31794166
-0.21862859
0.21792306
0.27404796
-0.34781123
0.27597710
-0.33792073
0.33559974
0.27747818
0.23038263
-0.25767547
-0.33749689
0.19864840
0.09022030
0.15973680
0.49939217
0.11251255
-0.09945263
-0.42831367
-0.33283757
-0.43023928
-0.31037858
0.26457426
-0.11743920
-0.29964364
-0.09309891
0.14143855
-0.67583921
-0.07380405
0.11373267
0.60250111
0.17718137
0.22014841
0.13636767
0.47609596
0.01746539
0.30013646
0.04372426
-0.48437163
-0.03453519
0.02583284
0.10319754
0.08106885
-0.46137951
-0.12098025
-0.29590437
0.30811118
-0.30104495
-0.05285469
-0.03463693
-0.47319950
-0.13142046
-0.16898253
-0.14131544
-0.30887774
0.12331345
-0.32689984
-0.12545440
-0.66359902
0.98286567
0.26535847
0.30731607
0.45069938
-0.02670138
-0.31049520
0.09330953
0.04756718
-0.23135979
-0.27738086
0.35368635
0.81415309
-0.03937282
-0.26164072
-0.17362408
0.19469716
-0.36877843
0.48567997
-0.49789287
0.06470921
0.10745021
-0.27547601
0.05314015
-0.66699368
0.09072413
-0.65707269
0.46904638
0.17348115
-0.26970479
0.22826986
0.28632736
0.11842683
-0.53817713
-0.10186999
-0.09598330
0.62058209
0.65407174
0.13612223
-0.08882791
0.19599853
-0.19699460
-0.24686590
0.04756582
0.19931366
-0.14358275
-0.03272320
0.42365188
0.12888556
0.31422050
0.12017802
-0.12592239
-0.10427636
0.08757700
0.33378154
-0.04362278
0.04563141
0.29425455
0.30817705
0.26369537
0.08557465
0.24261101
0.16641312
-0.47160019
0.14631858
0.02004190
0.06797317
0.09369495
-0.03494568
-0.20783607
0.34730015
-0.30756167
0.26982637
0.38228151
0.28122167
-0.05389582
-0.15016374
0.09058726
0.05915882
-0.56642158
-0.53207262
-0.04308130
0.08142488
0.45040675
0.20358152
-0.23050003
0.05156678
-0.03996150
-0.24531799
-0.24464009
-0.21175425
-0.10038024
-0.35743610
0.18034614
0.01626654
-0.10647499
0.10136072
-0.00139599
0.35331406
0.03619425
-0.03476320
0.19788010
-0.45580656
-0.00570780
-0.68666361
0.23304289
-0.39448896
-0.26960303
-0.58949843
0.26779910
-0.22847825
0.15154040
0.59499853
-0.08813200
0.31435427
-0.31523023
0.71081376
-0.08982381
0.08766536
-0.00832380
0.04173561
0.21164523
-0.22106273
-0.56144950
0.44324278
0.16958580
0.34484647
-0.13181481
0.11656592
0.70204323
-0.15000383
0.75380947
-0.37483856
0.24121597
-0.07127635
0.22364196
0.00311635
0.16322906
-0.18201134
0.27748380
-0.10845964
0.28564913
0.00847167
0.09723844
-0.06986048
-0.37698738
-0.39594824
0.22166073
-0.21984947
-0.16160449
-0.27604619
-0.39256666
-0.72832783
-0.12291822
-0.22769789
-0.40142209
-0.20694420
-0.24466071
0.30700117
-0.32593588
-0.80448308
-0.31932328
0.21259535
-0.18107932
0.00793809
0.10548252
-0.08888495
0.10306069
0.02835285
-0.24961474
-0.17433113
-0.35964505
-0.13894450
0.03784843
-0.01974518
-0.13315946
-0.16264964
-0.38763519
-0.76377561
-0.25864449
-0.18008446
-0.60302324
-0.56619484
0.25860320
0.10349663
0.12248563
0.25832821
-0.02717380
0.12913615
-0.46380405
-0.00302562
-0.30881200
0.54497103
0.18406109
-0.05086278
0.09534777
-0.35431376
0.30671846
-0.52938364
0.00680022
-0.00081192
-0.07477153
-0.26315995
-0.13071503
-0.09684577
0.31956408
0.76915901
-0.12435759
-0.08344710
0.41259505
-0.52656684
-0.84305019
-0.17218329
0.26875349
-0.20445207
-0.16395348
0.31753315
0.07997696
0.01756676
-0.27123712
-0.02142259
-0.24903826
0.38953089
-0.15674020
-0.06849335
0.07633985
