0.46732693
0.16794232
-0.45221727
-0.21053505
-0.12040534
-0.64270830
-0.34680728
0.17928851
0.23944927
0.24830418
-0.13015277
-0.19784708
-0.41713705
-0.18915897
-0.03678180
0.40300656
0.21029412
-0.24155737
0.27030810
0.07765896
-0.26413780
-0.00024226
0.24591050
0.10513412
0.22131029
-0.64747357
0.13642088
0.38104678
-0.20064017
0.24559705
0.13873915
-0.49431890
-0.24309374
-0.12484299
0.02857850
-0.01877626
-0.70221660
0.29078015
0.51272216
-0.02687858
-0.06386301
0.16283109
0.00828858
-1.02187393
-0.15038875
-0.05818841
0.20004081
0.12555010
0.56995371
0.11242070
-0.46030184
0.28781341
0.04854538
0.17922063
0.35882549
0.02094216
-0.27317747
0.38795647
-0.10522964
-0.13854365
0.42138598
0.11921343
-0.49894892
0.01855547
-0.20866688
-0.35446768
-0.19667572
-0.56474850
-0.39239189
-0.29941824
-0.05136058
0.18189928
0.18472901
0.11835394
0.60925845
0.63222485
-0.47790471
-0.14453284
0.15263995
0.05002876
-0.38759620
-0.25760046
0.62029977
-0.08882520
-0.14752840
-0.08245212
0.40012988
-0.60133584
0.23456479
0.39175929
-0.63452420
0.10578566
0.25976374
-0.17274589
-0.28797633
-0.25560139
0.02734515
-0.14649361
0.10689040
-0.70830321
-0.19045778
-0.19276272
0.05321614
0.49623053
-0.33228101
-0.57446293
-0.16014934
0.32683558
0.70737006
0.48619754
-0.22601657
-0.15967449
0.13779850
0.00852842
-0.20669613
-0.00415523
0.25428410
-0.02588133
-0.02262419
0.06516905
0.07096201
-0.00804388
-0.18090259
-0.67129477
-0.41400464
-0.25919238
-0.04558771
-0.06255037
0.05524528
0.20492399
0.05471332
0.00885540
-0.47300721
0.30878836
0.35688109
-0.19704886
-0.11955529
-0.00051262
0.11732981
0.36259993
-0.02503982
-0.08261533
-0.01890921
0.77264575
-0.31200899
0.27817266
-0.14350210
-0.42183246
0.17149893
-0.43750936
-0.17869792
0.17205141
-0.56874392
-0.12902525
0.59931026
0.04024546
-0.60205820
-0.10759720
-0.07103839
-0.65531330
0.07188432
0.16192990
-0.19368389
-0.01285742
0.02631430
0.46884450
0.38106960
-0.14792361
-0.68133756
0.67643297
-0.40461152
-0.03949375
0.79978180
-0.18913653
0.28821834
0.57966117
0.24316588
0.26552564
-0.33469650
0.31966109
0.08565361
-0.47105346
-0.19145261
0.36359863
0.04350330
0.14677424
0.15168747
-0.38124444
-0.59824354
0.01906998
0.21186699
0.22773436
-0.01283568
0.03190986
0.15740864
0.06561693
0.58374211
0.46530327
-0.59719157
-0.20776738
-0.11162242
-0.35960738
0.08950280
0.13327213
-0.61317524
0.10795245
-0.01119149
-0.04247020
0.33936215
0.15859230
0.00440575
0.28295598
0.04925860
0.29036428
-0.24413433
0.00110162
-0.11778969
-0.42684261
0.42328586
-0.43389981
0.10910245
0.27858395
-0.58741398
0.12973506
0.11735096
0.20992868
0.40720979
-0.39684090
-0.14497214
-0.34336437
-0.31873624
0.30379781
0.11428312
-0.31321909
-0.03634612
0.05297289
-0.11830212
-0.09038859
-0.31195928
0.24518782
0.33201684
0.06966541
-0.55475933
-0.61195991
-0.51751558
0.00973526
-0.29730416
-0.02080960
-0.30350312
-0.38008842
-0.60663485
0.24373208
-0.10792363
0.12574950
0.03449873
0.54349704
-0.40744883
-0.52373889
-0.28985849
-0.27699866
-0.68660870
-0.00959825
-0.13137630
0.59756684
-0.01627888
-0.34994621
0.20735490
-0.27936965
0.13534173
-0.00287023
0.25753548
-0.29490795
0.47189249
-0.03476463
0.33517851
-0.24002599
0.41326893
-0.23071965
-0.04129603
-0.36589969
0.59282553
-0.03238784
-0.19719165
-0.00110182
0.57643290
-0.23149568
-0.09596088
0.18192496
0.04237501
0.32256848
-0.03854671
0.24395592
0.43454092
0.16456733
0.06829193
-0.32780288
0.33155982
-0.16523740
0.36518299
0.10011630
0.33100133
-0.04987901
0.10256993
-0.07473118
0.21690371
-0.04759711
-0.27430841
0.29498995
-0.48465383
-0.33367978
0.33678131
0.09871762
-0.48767115
-0.57060923
-0.09224952
-0.07719956
-0.48926042
-0.61017833
-0.13680998
-0.36228797
0.40414048
-0.03183295
-0.08403328
0.16107583
0.10569494
-0.03100763
-0.39134455
-0.31595781
-0.19262825
0.14688823
-0.17495527
0.54829950
-0.07850852
-0.28583147
-0.19262002
0.23259392
0.31714403
0.23960962
-0.36702062
-0.05546092
0.13036523
0.03984954
-0.24649359
0.05160640
-0.07847060
0.53792054
0.17279442
0.64590894
-0.52119162
-0.41626140
-0.35690361
-0.42640124
-0.18452588
-0.22429743
0.04954979
0.20022094
-0.36105260
0.05358385
-0.00471714
0.00697010
-0.00699065
0.13237195
0.25301081
-0.04254561
-0.34907545
-0.25818455
0.30229364
0.27524815
-0.35421092
0.11217883
-0.27051712
0.25602149
0.14470741
0.12424348
0.03968313
-0.16247090
0.20220299
-0.28074832
0.20910695
-0.24934995
0.10143019
0.04768391
-0.00762056
0.12317245
-0.10325282
0.26746252
0.23085349
-0.07165698
0.07448733
-0.41887841
-0.09714194
-0.30031985
0.31535628
0.12997127
-0.35499839
0.54859013
0.11649695
0.01361790
-0.03404497
0.26203095
-0.17973413
-0.03360161
-0.37225425
0.14227715
-0.03730114
-0.11287371
0.49574332
-0.19083615
0.34233907
0.49931617
0.10657701
0.18217415
0.08916227
0.22144984
-0.17643919
0.26933576
0.16285849
-0.65612064
-0.32713860
-0.32675935
-0.08460294
0.01115849
-0.24060511
0.07838101
-0.98474318
0.19511820
0.14970712
-0.56960522
0.18921119
-0.08831532
0.10929423
-0.25762695
-0.00760306
-0.23302503
0.03037973
0.44300750
-0.21166175
-0.19903253
-0.14055216
-0.00151228
0.33786082
-0.08744315
0.38809086
0.10566701
-0.38884511
0.40269386
-0.12613072
0.30888566
-0.37751365
-0.08215497
0.46783147
0.15237627
0.27644613
-0.24418816
0.34096163
0.17421253
-0.15459626
1.01990830
0.06501563
0.33992770
0.20891331
-0.31573074
-0.29900153
-0.21055871
-0.23815668
0.11018977
-0.44837530
-0.49068434
0.03575848
0.23118968
-0.26880047
0.54356627
0.14991080
0.55752130
-0.09023701
0.11182513
-0.26277404
0.08049124
-0.31399110
0.01403391
-0.22354679
-0.30245730
0.28549747
-0.41587788
0.00904974
-0.14528609
-0.39979166
0.14139380
0.08179304
0.12668025
-0.19637882
-0.42043950
0.23573483
0.12977522
-0.09179929
0.02298565
-0.28985649
0.07895760
-0.31820121
0.40085169
-0.49670008
0.18854948
0.46520653
0.02290910
-0.15671415
-0.08162928
-0.33208884
-0.24358726
-0.58808647
-0.42974876
-0.06886550
-0.09135004
0.40987965
0.16238261
-0.02784030
-0.05472318
0.11578893
0.10923575
-0.08988935
0.33798437
0.11558986
-0.18639071
0.09002300
-0.41025881
0.16286059
-0.40740613
-0.13720132
0.16718209
-0.18130272
0.22184209
-0.11496439
0.29511421
-0.35550651
0.20478755
-0.08193283
-0.50384749
0.49495084
-0.16983856
-0.07670531
-0.21664863
0.22415749
0.74538190
-0.14305786
-0.86051147
0.15238140
0.21204362
0.34429559
-0.32452167
-0.07904345
0.08996029
-0.17508432
-0.38115195
0.31972330
0.73947396
0.19753963
-0.05554787
-0.19481175
-0.13903563
-0.28622632
0.25867042
-0.28919722
0.01295412
0.35834125
0.01242750
-0.80750331
-0.18258821
0.31767006
0.15009153
-0.04407261
0.24327269
-0.23144388
-0.13509462
-0.28371394
0.47738984
-0.35481620
-0.71971153
0.17340543
0.11722664
-0.59224915
0.16948420
-0.32754577
0.17137471
-0.00304275
0.27085957
0.16859542
-0.06732143
0.08194008
0.21561619
0.36400046
0.57828636
0.19305476
0.26660779
0.04592414
-0.32127410
0.33891576
0.34088223
0.64688424
0.13024974
0.61422245
0.44690054
0.46498710
0.07190453
1.10499160
0.20178845
0.25070661
-0.54613756
0.24218001
-0.26735513
0.18215886
-0.38690751
-0.38640370
0.02642143
-0.79466500
-0.49860820
-0.81526326
-0.53837293
-0.93888756
-0.88663031
-0.80607448
-0.90064475
-1.44527561
-1.38997955
-1.59947945
-1.44742173
-1.09726230
-0.71358490
-0.75080094
-0.88618075
-1.78066829
-0.41631556
0.50167858
-0.05978377
0.30795658
0.05357153
0.07810933
0.39773446
1.26637640
1.82034448
1.26327047
1.55579142
1.94886540
1.39784263
1.50983740
1.29190302
1.75928515
1.91185817
2.38725355
1.60753572
1.40891892
1.09372070
0.65655579
0.86715103
1.14983145
-0.11037882
-0.22678818
-0.29108294
0.15177761
-0.35660210
0.26219822
-0.84832360
-0.52145128
-0.67803422
-0.61253408
-0.36342664
-0.39932182
-0.68925491
-1.39381261
-0.37910062
-0.80591728
-0.16071357
-0.02804401
-0.99524805
-0.55825571
-0.06849661
0.01629298
-0.07861201
-0.80800632
-0.43575276
-0.10717219
-0.52278576
0.20059156
-0.34144447
0.11885146
0.14830820
-0.89334341
-0.10497863
-0.03468142
0.08759314
0.14145374
-0.18673621
0.02254427
0.26001265
-0.27796550
-0.15910390
-0.03140107
0.54980267
0.25098519
0.45526586
0.67273959
0.35677791
0.70099128
-0.04220070
0.56262027
-0.06762573
-0.22829397
0.35832709
0.23382782
0.22176484
-0.20647750
-0.37794697
0.25190708
-0.10504023
-0.07283325
-0.32841895
-0.29189817
-0.59629746
0.55693830
0.13840004
0.35452604
0.68232299
0.09164517
-0.10614248
-0.26417700
0.16757047
0.25118751
-0.11501240
0.33333859
-0.06488770
-0.31931187
-0.06771600
0.03407321
0.06865082
-0.33238367
0.28381147
0.03828489
0.27381633
0.51026551
0.28326633
0.42537210
-0.45286536
0.20198393
0.23214015
0.51590569
0.04924759
0.04058412
0.26611434
-0.06301833
0.25512039
0.44111106
-0.28170471
-0.34261446
0.13425910
-0.46229970
0.19777999
0.50691151
-0.09001616
0.49488216
0.13835617
0.64999867
0.16169486
0.31221117
0.02510595
0.06490934
-0.17815376
-0.06846634
0.20900473
0.16879350
0.32793086
-0.50488384
-0.14183465
0.37405443
-0.38836730
-0.27798679
-0.71933760
-0.09113861
0.28723941
-0.15152080
-0.09618748
0.42340445
-0.63602790
-0.00100733
0.28880882
0.12819443
0.00330605
-0.31669660
0.32325023
-0.01164060
0.16446693
-0.40998566
0.34015198
0.24346538
-0.11422035
0.18277524
-0.01489437
-0.17761914
-0.08017414
-0.49612259
-0.18201179
-0.26889118
-0.24183157
0.43650181
0.02426719
-0.27489245
0.37669777
0.39255410
-0.29963611
-0.16814791
-0.41205559
0.54885024
0.44223657
0.32577462
0.03768909
0.00343566
0.27609419
-0.60020974
0.07079366
0.52834479
-0.52415951
0.02175702
-0.09564553
0.02741688
0.07663496
-0.12168680
0.17686097
0.08933816
0.31385553
0.13360985
-0.81854640
0.23715311
0.19953643
-0.09536368
0.48307968
0.15683922
-0.33075250
0.50985125
-0.19687861
-0.06302766
-0.17153285
0.37341606
0.53757630
-0.23853979
0.29126222
-0.12203121
0.47823366
-0.51316248
0.43564169
-0.06825113
0.01693888
0.52083731
0.11305579
-0.12901183
0.03706792
-0.50351842
0.09164225
0.13272332
-0.08540413
0.00344543
-0.21738013
0.49231001
0.06524346
-0.01423180
0.32806857
0.47639909
0.32222559
-0.37568470
-0.26725950
-0.19338671
-0.18571722
0.24227472
0.03638340
0.19040888
-0.19066808
0.32810915
0.34631048
-0.04107463
0.48769244
-0.26903579
0.19070025
-0.40449618
0.02083348
0.09858563
0.03353027
-0.05628671
0.25509730
-0.09038123
0.32335603
-0.14062532
0.10000277
0.01591242
-0.04678133
0.11214313
-0.57150009
0.00852359
-0.38547016
0.41289194
0.26246496
-0.49202812
0.42395301
0.20426555
-0.32668280
0.01035098
0.03319411
0.30411976
0.04848752
-0.16111337
0.13547914
-0.21335270
0.23486698
-0.46076063
-0.32850409
0.12169301
-0.10251040
-0.05856325
-0.03958152
0.32845923
0.32201083
-0.17870645
0.08170496
-0.06243798
-0.03581962
-0.22447966
0.31183173
0.07481955
0.13064213
0.11680280
0.20823203
-0.08885527
0.08115546
-0.27356281
0.28174237
-0.16333482
0.32054861
-0.30984554
0.16945542
0.14242083
-0.02036301
-0.08482194
-0.19782053
-0.08828644
-0.25459411
0.31111250
-0.30094898
0.00891805
-0.29347842
0.52712464
0.50044693
-0.36235099
0.30614619
0.19542392
1.01629525
-0.06533082
-0.43255363
-0.43848925
0.08538162
0.20322526
0.10330951
0.28534309
0.10596215
-0.38996163
0.14259209
-0.23457161
-0.92499590
0.06124409
-0.47504154
-0.27168434
0.25449826
-0.18623255
-0.63373128
-0.02703848
0.42354634
-0.11882500
-0.41688594
0.64482756
-0.42935949
-0.14305836
-0.20842593
0.08508813
0.17284693
-0.46956510
0.12659356
-0.07069343
0.28329744
0.01121860
0.47138676
-0.27914605
-0.32975063
0.18377957
0.08055093
0.13911166
0.64051680
0.01288894
-0.74467488
-0.03527685
-0.46683093
-0.05927995
0.18911368
0.15361190
0.20891404
-0.10635066
-0.24982516
0.70518611
-0.22680597
-0.34444443
0.09410549
-0.03155887
-0.19775620
0.83635949
-0.40592931
0.37347916
0.03131329
0.42188680
-0.53236270
-0.08315845
-0.22465834
0.33256563
-0.43320389
0.49975713
-0.09654835
0.09376967
-0.46458542
0.72044376
0.38153508
0.16016134
-0.02801076
0.50371037
-0.02115325
-0.31851719
0.08426903
0.34300953
0.29695416
-0.32236605
-0.71593809
0.23351205
0.03562317
0.38623519
-0.18658763
-0.58899978
-0.28562336
0.32550163
0.32278723
0.32572226
0.59575415
0.03692509
0.46674324
0.20478317
0.40123426
0.37497339
-0.79794105
-0.07631479
0.22882012
0.10272874
0.11320457
-0.06490796
-0.15156868
-0.03133672
0.17512042
-0.27540744
-0.18758029
-0.11465487
-0.26777039
0.11883325
-0.37459205
0.16952579
0.34526317
0.23112308
-0.08349847
-0.42324323
-0.52137655
-0.33435236
-0.17376694
-0.36399194
-0.11560086
0.29722150
0.01463546
-0.22137915
-0.06640380
0.55212257
0.09437398
-0.22277518
0.35702428
0.44063490
-0.14213938
-0.20106465
0.19699233
-0.46859273
-0.36394435
-0.67107340
0.36928371
-0.08137031
-0.56596265
0.24344785
-0.40234377
0.00542021
-0.36875262
0.37089749
-0.02117381
0.18301049
0.29830101
0.24203784
-0.16884434
0.19763231
-0.30461745
-0.04057740
0.09521690
0.21440278
-0.10485309
0.11994928
-0.15337289
0.22242515
0.65103390
0.11807614
0.48685792
0.36304992
0.09644223
-0.13521006
-0.25507921
0.02945319
-0.25381823
0.47855564
-0.19955507
0.06666532
0.07820324
0.32964695
-0.03455869
0.24804328
0.26415330
-0.12609934
0.26577969
0.10569652
0.11608930
0.26438852
-0.27621020
-0.40098118
-0.20764895
0.23556277
0.16762758
0.09957953
-0.46955671
-0.31875673
0.04544316
0.14356399
0.42770955
-0.11190588
0.02328702
-0.17289214
-0.66456028
-0.35286417
-0.23046825
0.14030857
0.14905546
-0.25930824
-0.07940811
0.00334455
0.37129344
0.19020076
-0.16153167
0.73657186
0.54360261
-0.57383418
-0.28120234
-0.27383340
0.16721740
-0.18638776
-0.31931961
0.79879715
0.43252858
-0.33395627
-0.00460759
0.15065410
0.17115889
-0.62579689
0.13466482
0.27806957
-0.01721105
0.29510601
-0.10388530
-0.26988348
-0.28661105
-0.45989554
-0.17523729
0.04702902
-0.24941733
0.14473092
0.15808622
-0.00456756
-0.10656827
-0.41642362
0.11866366
0.30632372
0.20971140
0.35140933
0.00466881
0.23764356
0.40707208
-0.14803101
-0.16751609
0.16848161
0.10060062
-0.16566695
0.04291734
0.16777599
0.28722181
0.03938669
0.11908844
0.04681150
-0.03308266
0.33980302
0.28434528
-0.51199102
0.45101901
0.28725957
-0.31150587
0.07925495
0.00049638
0.49483206
0.33466254
-0.26033019
0.06141856
0.19003518
0.26680031
0.43625165
-0.15942607
0.01743805
0.00344240
-0.20278103
-0.29565531
0.15095173
-0.12050952
-0.00177086
-0.03138023
-0.21336319
-0.08264837
0.42111532
-0.55361205
0.46130552
-0.29732546
-0.26039652
-0.38745254
0.06609069
0.47061799
-0.11459904
-0.27013272
0.23417956
-0.51225828
-0.04491824
0.42748275
0.55652378
0.22300137
-0.17372028
0.27796667
0.07345026
0.02743450
-0.25383987
0.07147747
0.09643430
0.12139555
0.39342898
-0.15036573
-0.30323365
-0.31425778
0.14741644
0.04345892
0.03976348
0.42597898
0.15400741
0.43125417
0.44480571
0.24885973
-0.15747613
-0.43645021
0.23453182
-0.04505680
-0.05916343
-0.14809980
-0.08361602
-0.18901984
0.20953501
0.01129696
-0.02416239
0.69285834
0.26096722
-0.29386718
-0.25184743
0.11255441
-0.04330726
-0.09698338
-0.31979170
-0.13431950
-0.60533353
-0.33640520
0.24170449
0.32659824
0.21853031
0.48952029
0.15628126
0.03590253
0.22204796
-0.11263992
0.10323638
0.18384303
0.21026856
-0.05203221
-0.65430267
-0.04180062
0.10049325
0.00832490
0.10480832
-0.25462489
0.15770455
0.40380549
0.44282857
-0.58156978
-0.15204608
-0.22546187
-0.34700832
0.18536325
0.26766915
-0.17554323
-0.70344218
-0.22968573
-0.26388479
-0.62880371
-0.57656239
-0.37419344
-0.29657375
0.19776755
0.46282413
-0.48238494
-0.08848297
0.41057614
-0.26132095
0.16297565
0.55891300
-0.06641057
-0.08397744
0.03507220
0.05556786
0.37008681
-0.01414369
0.20789684
0.43465329
-0.35195448
0.22317229
0.61461471
-0.05892626
-0.34520418
0.03170978
-0.11513152
-0.01850098
-0.38496878
0.44208032
-0.34374572
0.26637247
-0.54789635
0.52764468
-0.08329028
-0.23627746
-0.00870891
0.17276391
0.04784381
0.19052852
0.09742822
0.03004423
0.21070179
0.06786805
0.23803137
0.54403309
-0.33456774
0.40019463
0.55223436
0.05168797
0.20888170
0.30296915
-0.20061662
0.52692639
0.27229125
0.37149513
0.53394431
0.56642665
-0.57741103
0.23724176
0.06694093
0.11946484
-0.11763142
0.44466816
-0.22459147
-0.09520657
0.22062471
0.29326393
-0.07600381
0.65650399
-0.00810405
-0.27802389
-0.42371186
0.20097109
0.21299224
0.06144062
0.09948306
-0.09911205
0.04103657
0.22255151
0.49799988
0.18034212
-0.19587815
-0.04472086
-0.11762324
0.27435780
0.11995668
0.08554618
-0.29809413
0.20612677
-0.24823817
0.21054702
-0.22054202
0.55978736
-0.06422048
0.01282823
-0.07783596
0.49732751
0.09777855
0.32032343
0.36527966
-0.07403226
-0.34214167
-0.03519878
-0.32563455
0.09704812
-0.03271239
-0.20230748
-0.13007860
0.00798324
0.16810411
0.08794871
0.06065877
-0.21251337
-0.07850752
0.11509569
-0.17919884
0.48000243
0.22617907
0.45884084
-0.07293387
0.24417630
-0.01279807
0.07177747
-0.43909871
0.24794813
-0.02478067
0.31942651
-0.56175219
-0.32497310
-0.19506338
0.19672910
-0.51497588
-0.66397581
0.68930016
-0.16622860
0.58637892
-0.14805448
0.24167101
0.33143652
0.46616960
-0.10280603
-0.10002856
0.35987587
0.00819641
-0.03572961
-0.56200966
-0.07085694
0.19724577
-0.51129161
0.34942623
0.54054756
0.15183266
0.14915683
0.03737232
0.30163153
-0.03873369
0.16682750
-0.44962059
0.02759679
0.17270875
0.28074438
-0.21057147
-0.03428248
-0.19310593
0.54751172
-0.17483514
-0.03625159
-0.14472187
-0.32465768
0.30338073
0.07041533
0.25007791
0.16835748
0.28925605
-0.16089154
-0.18482580
-0.17495120
-0.07731500
-0.33392887
0.71367526
-0.13967101
-0.14091319
0.08918416
-0.49516880
-0.16526120
0.40550359
-0.04985730
-0.09773343
0.28826878
0.00561983
0.05467311
0.14451623
0.02408437
-0.09500971
-0.01474454
0.12493369
0.04668379
0.13363032
-0.13004255
0.11166150
-0.10645984
-0.18791916
-0.29271328
0.43058723
0.45352982
-0.19735061
0.06333620
0.28482693
-0.14202454
-0.01019156
-0.27402660
0.91778125
-0.39762948
0.12758157
-0.30338224
0.14069891
-0.28203669
0.18135818
0.67929771
0.37701356
-0.05182223
0.48355370
-0.20323157
0.13640013
-0.27367865
-0.39560375
-0.00264669
0.44161283
-0.11656603
-0.19799603
0.02750894
0.01432085
-0.28357725
-0.71835928
-0.12863812
0.15376132
-0.26491354
0.18602318
-0.02750372
-0.24017541
-0.00888502
0.16991637
0.85631673
-0.14215472
-0.34064058
0.33931957
-0.33048204
-0.17037336
0.43909621
-0.49910216
0.19095725
-0.10041947
-0.56357454
-0.51965249
-0.06594613
0.02903266
-0.09171487
0.07260642
0.07054540
-0.01791016
-0.19414897
0.59493389
-0.01904846
0.20294081
0.36179733
-0.34931549
0.10108711
-0.17282568
-0.37588827
-0.00222412
-0.76402655
0.43625380
0.30249560
0.13731097
0.21110551
0.40046608
-0.43178149
0.09886107
0.36002210
0.16408042
0.49873965
-0.61317161
-0.17884534
-0.02840719
0.12642112
-0.02026713
-0.06513774
0.00361641
0.28224046
0.09819484
0.07774307
-0.09317576
0.58637148
-0.43383889
0.02538832
-0.04431620
0.26500526
0.33328060
-0.08591405
-0.17399558
0.25089668
0.23247974
-0.30985143
-0.29572154
-0.48317073
-0.42959833
0.08913001
0.04194781
0.32105299
-0.06114902
-0.36031913
0.54518824
-0.02940484
-0.44526728
-0.01172708
-0.00045830
-0.29704188
-0.02262525
0.43712359
-0.11940119
0.65096116
-0.09744781
-0.24352434
0.15448383
0.11409264
-0.23284748
-0.07378178
-0.17479683
0.33112292
-0.03603753
-0.10842672
-0.26943571
0.36584916
-0.19612272
0.21200465
-0.15256930
-0.04812896
-0.08736243
-0.37027877
0.36967572
-0.11265028
-0.32905890
0.32879123
-0.38319826
-0.17978871
0.29977992
0.01188733
0.25363168
-0.02653711
-0.31392783
0.12429675
0.44551544
-0.19394483
0.29679468
0.44593692
0.21740544
-0.10602358
-0.05777652
-0.13496951
0.01205192
-0.43978224
-0.24006398
0.83333334
-0.07386874
-0.09222869
0.21674377
-0.20469688
-0.43530202
0.50625801
0.03031661
-0.89657373
0.27447590
-0.11753631
0.02603290
0.48690221
-0.20687471
-0.14599979
0.03602742
0.80638698
-0.19030446
-0.25464792
-0.48172675
0.47282409
0.24521807
-0.13078986
0.01238434
0.02162935
-0.08196864
0.03728489
0.17335025
0.23717423
-0.13863928
0.38796193
-0.57593720
-0.03617317
0.09929455
0.13755070
0.17149576
-0.21161100
-0.04059763
0.13328655
0.30777497
-0.49107529
-0.50729392
-0.01188876
0.06110278
-0.35029197
0.10109553
-0.36479244
-0.43750526
-0.15478012
-0.42546254
0.29797699
-0.17821695
-0.24186171
0.11849897
0.08276319
0.29920750
0.38841419
-0.03358210
0.00957313
-0.21970100
0.03758340
0.27899244
-0.10052500
0.13958607
-0.26135994
-0.35666200
0.38159720
-0.06955103
-0.36161783
0.02430137
0.39763822
-0.00270197
-0.26823214
-0.41664355
-0.31004669
-0.23903455
0.05462555
-0.56459975
0.32456598
-0.03819254
0.10426791
-0.24042941
0.21935863
-0.63796033
0.33495414
0.05152754
0.20760970
-0.89002349
0.32458185
0.46072317
0.33795972
0.30554092
-0.00998853
-0.21472600
-0.60559354
-0.37918007
-0.03298407
0.08836593
-0.36217290
0.71835181
-0.58523604
0.20620949
0.17265007
-0.36336105
-0.18548128
-0.30570867
0.08256347
0.36165253
-0.11609333
-0.50413571
-0.65123002
0.40359824
-0.75567941
0.13479487
-0.37615378
-0.37098112
-0.16456029
0.59631389
-0.32769357
-0.28664482
-0.03519493
0.04264035
-0.03461144
0.23954208
0.33494486
-0.37810190
0.14000452
-0.00415565
0.20816034
0.35990003
0.44372823
0.00383160
0.09729790
-0.05086049
0.17100484
0.17684894
-0.30165623
0.22880061
-0.06763512
-0.19675933
-0.00886996
-0.37725080
-0.11873465
-0.09645745
0.09348547
-0.02410465
-0.55913679
-0.18460244
0.36128119
-0.24266901
0.22375175
0.18283202
0.39179418
0.28968781
-0.02441595
0.13107556
0.10667160
0.03113708
0.39955287
-0.21394304
0.23712551
-0.08914431
-0.09669444
0.00788477
-0.13133764
0.10651561
-0.12531332
0.37215836
0.46310874
0.13615808
-0.11226633
0.23156003
-0.13787933
-0.13417970
-0.52537728
0.40777764
0.02497824
0.10100972
-0.00121731
-0.41208008
-0.14147529
-0.63354407
-0.16430413
-0.20144042
-0.16538639
0.06558133
-0.20776257
-0.12628151
-0.05776232
-0.05054434
-0.09609285
0.11229159
0.10581823
-0.39160563
0.36202109
-0.02628000
0.05636562
-0.11095755
-0.11863353
-0.05962481
0.19270527
-0.52186887
-0.04805358
-0.35536257
-0.08278622
0.28003497
-0.21300248
0.24998155
-0.36401426
-0.46895183
0.13159752
0.27114672
0.41981596
-0.05455032
-0.08750481
-0.05676409
-0.46775661
0.05118252
0.05357385
-0.03040656
0.02194978
0.24422824
-0.00902291
-0.05284183
0.15813468
-0.19104398
-0.16263031
-0.20751395
0.02652060
-0.27453403
0.16171725
-0.13138975
-0.31195609
-0.03117331
0.07673047
0.07452920
0.22326899
-0.03463934
0.09392452
-0.33684316
0.16539257
0.23548487
-0.16861306
-0.10520812
0.09466613
0.76638268
0.03145103
0.21884779
-0.04932764
-0.21378612
-0.13072992
-0.24555390
0.37907612
-0.20134044
0.05303532
-0.28355418
-0.12178055
-0.25781247
0.20266829
-0.21576830
0.21028392
-0.03990259
0.43124386
-0.06847573
0.19049840
-0.67766565
-0.03053289
-0.26887887
-0.30068990
-0.05348854
-0.14851872
-0.48159456
-0.32183371
0.08033340
-0.14789099
-0.15601263
0.43697842
0.38670364
-0.14170794
-0.06423671
-0.01171849
-0.22194084
0.16050570
-0.46406104
0.36381196
0.34079988
-0.05210104
0.26163374
-0.29097025
0.32712860
-0.25022904
-0.26359096
-0.09995049
0.33127895
0.01754201
0.06800836
-0.23689622
-0.21262715
0.25340242
0.06536068
0.24003742
-0.50091843
-0.51713958
-0.41154399
0.51410720
-0.24438615
-0.51815442
-0.60869311
-0.25493388
0.29579031
-0.09395604
0.22643628
0.47909495
0.40009261
-0.19683537
0.10002595
0.43593591
