-0.03091735
0.24687548
-0.37459248
-0.26295642
-0.28905930
0.46501936
-0.29745499
0.33075651
-0.36753225
-0.66476060
-0.36983461
0.22966166
0.03280002
0.14803529
0.12414779
-0.04507763
0.22785264
0.29770901
-0.11091292
0.10816600
-0.27331955
0.42891046
0.06413177
0.12437542
-0.66259894
-0.13717812
-0.27128172
-0.93178080
0.58358129
-0.42442967
0.12136834
-0.42530315
0.22884487
-0.33545743
-0.15872217
-1.14806152
0.06945559
-0.23375380
-0.01694169
-0.30831119
0.00233295
0.01645935
0.06959558
-0.09949927
0.38278694
0.36499338
-0.26076810
-0.41039463
0.20575415
0.46086521
-0.14069495
0.42945247
0.14113891
-0.63627224
-0.13482591
0.40095530
0.03483596
0.22343163
-0.09760661
0.60375913
0.36266466
0.17679800
0.46695033
0.27520933
-0.28160538
0.15047147
-0.02625180
0.13793702
0.88878398
-0.27352276
-0.30477022
0.23685266
0.57013630
0.29235067
0.22272267
0.90719951
-0.68615076
0.37612299
0.08884155
-0.02613221
-0.26244087
-0.73121098
0.12809289
0.42768663
0.25169412
-0.20941704
-0.02166891
-0.21420737
-0.15028853
-0.29687629
0.14984687
-0.49139006
0.00574913
-0.23038413
-0.56620066
-0.55360048
-0.10764926
-0.01453904
-0.22366976
0.01502050
0.29067989
-0.02496796
0.24896068
-0.60074554
-0.11518196
-0.19947031
0.54760962
-0.05175343
0.71126303
-0.15807201
0.12067365
0.40809477
-0.20246832
-0.38552966
-0.26596488
-0.05418336
0.28239613
-0.09796998
0.04330478
-0.32009976
-0.10662268
0.25924131
0.04584242
-0.60059872
-0.03450604
-0.08586080
0.22577451
-0.23864171
-0.17413436
-0.23822295
0.02797383
-0.40575314
0.45361323
-0.44866556
0.22876534
0.99481527
-0.57981591
-0.12836643
-0.25847091
-0.11245726
-0.01324427
0.58225005
-0.31956973
0.11913904
0.50093808
0.28321232
-0.42578821
0.50609452
-0.58014411
0.38595657
-0.73917822
0.07468487
-0.16568378
-0.03676409
0.49662995
-0.34023924
-0.29374966
0.42631997
-0.35721549
0.30282236
0.59045303
0.02224766
-0.61456571
-0.16248037
0.46700298
0.51812174
0.00377181
-0.08367547
-0.09641696
-0.20503328
-0.27420092
0.83267556
0.96112969
-0.68481348
0.22694194
-0.09312810
0.21360952
0.69277194
0.34164921
0.13345148
0.08307888
-0.34139542
-0.16696800
-0.73761450
0.30292389
-0.07687876
0.30308857
-0.05804730
-0.23407020
-0.11528296
-0.03361334
-0.31196315
0.16121839
0.40370289
0.16076155
-0.17013693
0.25211871
0.05371743
0.68223754
-0.10042513
0.04070583
0.88844497
-0.02292823
-0.01148687
0.32765019
0.51077808
0.04357929
0.08491217
-0.19532321
0.31561424
0.25435068
0.13051005
0.59561968
-0.01744940
-0.08141116
0.36533408
0.43159253
0.62212378
0.00433332
-0.15683939
-0.14409328
-0.40536765
-0.20489420
0.38915296
0.07622885
0.21447699
-0.00155994
0.27903612
-0.01710484
0.36853753
0.52182074
0.03507074
-0.08538592
0.04578859
-0.18497418
-0.24724745
0.14314936
-0.19758215
0.07544311
0.13181225
0.19662395
-0.57637538
-0.21578573
-0.25038419
-0.08273839
0.41351554
-0.53592146
-0.22486141
0.23511736
0.15438777
-0.36224827
0.31073777
0.31248704
-0.01888493
-0.38127085
0.38895736
-0.23455471
0.17246731
0.46961467
-0.20483215
0.01471441
0.26018095
-0.26288077
-0.05656669
-0.14120212
-0.54961541
-0.50949804
0.19516205
-0.29082856
0.04508762
-0.21849090
-0.20021744
0.21020109
0.30818984
-0.11329923
-0.02402819
-0.33169235
-0.90339424
0.00763667
-0.35162806
-0.22212133
-0.00978058
-0.21859311
-0.43919274
-0.20103902
-0.54746009
0.08255659
0.25295840
-0.26363734
-0.11862985
-0.93045742
-0.12740355
-0.03543672
-0.04940022
-0.00318823
-0.47485034
0.33028016
-0.24125393
0.12105486
-0.06462203
-0.14308978
-0.33527472
-0.51665261
0.60121509
0.49387936
0.34618427
-0.31366393
0.33955497
-0.56136000
-0.68514986
-0.73665035
-0.51276785
0.36840193
0.58783001
0.17153293
0.33483041
-0.34804618
0.32436085
-0.63662577
0.13569953
-0.17695381
0.31840155
-0.18318188
0.28414346
0.23591349
0.72983076
0.04548262
0.42895282
0.01130251
0.08683818
-0.22097089
-0.49632237
-0.00355284
-0.18857440
0.05768530
-0.49785447
0.17505860
0.23998123
0.30476634
-0.00070654
0.20564658
0.28863710
0.24473800
0.28573560
0.09803743
0.11424997
0.38715165
0.12093084
0.15582820
0.04353002
0.52347211
-0.28970040
0.11001202
-0.45628161
-0.47804136
-0.41543171
-0.22230868
-0.51748592
-0.72589728
0.28264646
0.05758746
0.45191498
-0.42878661
0.14287527
-0.57047893
0.54988343
-0.00594263
-0.07247086
0.48616724
0.29005596
0.00700308
0.81695307
-0.01292239
-0.04406715
0.01023546
-0.08849626
0.06538927
-0.13529229
0.34617426
-0.06877138
0.04225813
-0.35733225
-0.70555024
0.12871376
-0.17661342
-0.35121481
-0.08691973
-0.05122174
-0.01042132
1.10679474
0.09920237
0.17248171
0.15869524
0.53107369
-0.53978983
-0.33440921
-0.30448533
-0.14372856
0.31853850
-0.22667839
-0.34230976
-0.12436024
-0.51431257
-0.03302376
0.39880957
-0.23259857
-0.20052844
0.75784073
-0.10675009
-0.03089915
-0.10213726
0.03301487
-0.15380241
0.55384459
-0.22864567
0.24369489
-0.42020479
0.70870058
-0.36673110
0.22422469
0.19421942
-0.20172107
-0.06130495
-0.18273562
-0.29941860
0.23747109
0.00130377
-0.00070539
0.14903293
0.63848591
0.34468611
0.65058475
0.31855667
0.19291648
-0.80324068
0.02150443
-0.09399065
0.58684112
0.18660935
0.25648424
0.47281977
0.27812624
0.21571770
-0.31161556
-0.15108761
-0.23517018
0.98579543
0.15987119
0.00954323
-0.44891291
0.15684988
-0.02240889
0.31923953
0.38553412
-0.12524679
0.03526443
0.20090354
0.82494038
-0.37065580
0.30040635
0.08550809
0.18455877
-0.52452766
1.05359401
-0.14840892
-0.39996927
0.18990519
0.03042294
0.05877755
-0.42457249
-0.66306894
-0.23212794
0.35498493
-0.76848121
0.17317717
0.09649979
-0.07668203
-0.12246582
0.03496932
0.05469451
-0.20028673
0.03512346
0.03472717
0.56703144
0.16025848
0.06611157
-0.29227793
-0.15419542
-0.10386915
0.34012362
-0.28205004
-0.22158221
-0.10525544
0.72755330
0.31494205
-0.35377523
-0.24344726
0.37908742
-0.53803560
-0.31025066
0.22499795
0.05516226
-0.16298935
-0.22822935
0.02635810
-0.94762415
0.06583320
0.12465161
0.84564177
0.27245135
-0.46036151
-0.50770366
-0.02254111
-0.27079953
-0.22967323
0.54190414
0.37394851
-0.08542412
0.11034655
-0.06644829
0.36976776
-0.61068656
-0.42839825
-0.47212164
0.17286220
-0.34236062
0.16102570
-0.21414260
-0.63315627
-0.31068472
-0.10618944
-0.28664331
0.35020880
-0.58422509
0.16727255
-0.32382266
0.47042981
-0.36126444
0.29763145
-0.29318707
0.60665793
-0.63130201
0.01260723
0.48791707
0.48990303
-0.65888741
0.26892777
-0.07552724
0.18514994
0.04154132
-0.11805228
0.30644901
-0.50553580
-0.16914430
0.10634224
-0.14622319
-0.64588651
-0.20548215
0.65611763
0.20386895
-0.18915979
-0.84650034
-0.30901204
-0.33756726
-0.10875290
0.01975167
-0.23270081
-0.00208053
0.14710098
-0.55775986
0.62000098
-0.15038051
0.36508199
0.15884177
-0.02441629
0.03304282
-0.28930555
0.00312769
0.14216735
-0.00414490
-0.06592463
-0.02697250
-0.31291861
-0.14505946
0.33534443
-0.18411006
-0.09603824
-0.47571378
-0.52834444
-0.13810252
-0.04042674
0.01457223
0.09109398
0.30040604
0.03927516
-0.56142146
-0.22009955
0.69398859
0.02231016
0.10971090
0.13128778
-0.18077399
0.44457118
-0.36683107
-0.43771723
-0.10748041
-0.22576661
-0.30134702
0.56756612
0.03797565
0.04448307
0.10009054
-0.22763315
0.31625733
0.21675990
0.43391921
0.01809059
-0.01261587
-0.24513473
-0.02852307
0.42464557
0.61737129
0.12671257
-0.09935174
-0.44014861
-0.24776097
0.09413522
-0.08052455
0.04542533
0.60045283
-0.12975454
-0.06347719
0.38473127
0.26909924
0.30306592
0.27956238
-0.20526290
0.12741182
0.51699429
0.09802547
-0.00537998
-0.15792117
-0.41302023
-0.30892579
-0.14745033
-0.16056567
0.36675269
-0.43797778
-0.02129383
-0.25379667
-0.22128449
0.44427531
-0.62001010
0.07670957
-0.37833496
-0.25168705
0.19536432
0.08764621
-0.22790443
0.07701052
0.83505316
0.17406551
-0.05131975
0.11532610
0.36105571
-0.55689007
0.14195193
0.45001197
-0.00896019
-0.37390857
0.47377925
-0.47373016
0.03490730
0.07376064
-0.29777227
-0.20518936
-0.29964588
0.06455202
-0.52839098
-0.24167533
-0.07742763
0.17872017
-0.08272975
0.03776028
0.36255365
-0.12368126
-0.23605806
0.42127578
0.25389421
-0.28694768
0.51602137
-1.12147530
-0.02700426
0.70755102
0.18781230
0.35804842
0.21523684
0.20501044
-0.61068737
-0.02328287
0.59896337
-0.20598818
-0.35055244
0.09255801
0.06885365
-0.18558282
-0.46375146
-0.12581581
0.04466052
-0.12961494
0.14012113
-0.71492437
0.13986624
-0.00109457
0.45273747
0.00838628
0.38841856
-0.00933943
-0.61962156
0.53192882
0.10871055
0.01281995
-0.30303449
0.11195952
-0.38677261
-0.07620095
-0.05028324
-0.74748041
0.96315476
-0.15781883
-0.11088044
0.29123371
-0.43297081
0.21263875
0.26889629
-0.70892077
0.00178088
0.00589869
0.16590377
-0.16658473
0.21285865
-0.14112220
0.01784596
0.19269217
0.02383348
0.58931693
-0.19827239
0.63028629
-0.01230217
0.13207892
0.09870801
-0.05227934
-0.18703553
0.15878947
-0.11260931
-0.05580916
-0.20417175
-0.23070467
-0.46698932
-0.55040350
0.39525295
0.10348858
-0.07850299
0.20824796
-0.45911715
0.25878625
-0.29827020
-0.00587495
-0.79872830
-0.25711132
0.31107436
0.12738771
-0.25177102
0.54899231
0.33994805
0.90506629
-0.11879148
0.34765505
-0.01065371
0.41909450
0.30283902
0.64484979
-0.05541272
0.45869660
0.24709021
0.21076093
0.19699299
0.21622075
0.22058345
0.08415067
0.15557441
-0.17191601
0.64083673
-0.35763523
0.05155616
-0.82305469
-0.18941005
-0.23736500
-0.60340194
-0.29106010
-1.39479020
-1.05374090
-0.97433854
-1.86432032
-1.08774135
-0.93558976
-1.96577274
-0.94097994
-1.58917728
-1.45630887
-1.33114830
-1.56541725
-0.93172830
-0.91994828
-0.85620319
-0.39621454
-0.42496662
0.08419319
0.41895498
0.28373239
0.40088230
0.65419681
1.02148408
0.97923227
1.57865316
1.29585396
1.45719560
1.80343300
1.75942385
1.71368627
2.42725972
2.40721643
1.44921880
1.79440258
1.85982440
0.93378275
0.80095321
1.11371943
0.67307386
0.79208597
0.07150380
0.28234891
-0.42934701
-0.50594139
-0.31245084
-0.56148637
-0.30773203
-0.50330342
-0.73168518
-1.29452411
-1.08504367
-1.63915156
-1.03629183
-0.17281195
-0.31053414
-0.95354550
-0.08778559
-0.78864488
-1.04388898
-0.29854319
-0.80780138
0.14329228
-0.64072292
0.11688365
-0.49781446
-0.08859597
-0.39371404
-0.00496353
0.27432207
0.03343182
-0.30115625
0.17192639
0.06361932
-0.17377966
-0.40787338
0.24348605
0.03394072
-0.65469077
0.26238852
0.04037208
-0.27220876
0.46178326
0.45001074
0.45144213
0.28660557
-0.21940017
-0.08500960
0.28605391
-0.24471231
-0.04868231
0.25343749
-0.12443003
-0.50469291
-0.09250512
0.34245214
0.35753378
-0.32300430
-0.21563341
-0.02293812
0.91748554
-0.05952383
0.24013747
-0.11555333
0.10783667
-0.07656674
0.14434378
-0.19816222
0.03767122
0.54353918
0.13669334
-0.16512005
0.38492810
-0.03290433
0.13597642
-0.30536408
0.28131088
0.30564270
-0.17327399
0.17159135
-0.28749967
0.71273885
-0.00055646
0.21766826
-0.02834631
-0.26356185
0.20387069
-0.27144882
0.37194529
-0.38521662
-0.36945437
0.61475285
0.26089525
0.01315350
-0.22144686
0.25841137
-0.44706093
-0.61566832
-0.06963014
0.64980242
-0.27995569
0.23413035
0.00324043
0.03942900
-0.32979802
-0.30040034
0.07940468
-0.07175406
-0.19695101
0.34375049
-0.02213526
0.22507527
-0.07962848
-0.13633055
0.14232583
-0.04593343
-0.00353160
0.09103691
-0.31441048
0.33178215
-0.58980832
-0.23790205
-0.35825250
0.54838165
0.33363578
0.58332507
0.11488913
0.32067396
0.04165763
0.17914469
-0.35300188
0.03927287
-0.09605140
-0.77614057
0.15334466
-0.02551437
-0.12734835
-0.16549204
0.94902255
0.05268554
0.01313850
0.64440266
-0.21788838
0.30501439
-0.65475674
-0.07722759
-0.11898124
-0.23663662
0.29407866
-0.26280373
0.15175058
0.18866904
0.58371558
0.11085394
0.06527367
0.11497170
0.18622676
0.25233449
-0.06858927
0.21433584
-0.67985646
0.00219126
-0.24257055
-0.43177644
0.10943413
0.10310685
-0.09287074
-0.17766293
-0.01951328
-0.54921053
0.13066093
0.56260769
-0.35079644
-0.08251530
-0.56916021
0.02059919
0.03806974
0.05196290
0.31616144
-0.01709440
0.57431037
-0.53976465
0.35474418
-0.15192229
-0.21573831
-0.36586144
0.03829437
-0.44739648
-0.06344117
-0.07021825
-0.39389540
-0.10502601
0.34686520
0.04923518
-0.41733455
0.15705363
-0.19903535
-0.26248709
-0.89440206
-0.09042634
-0.59511103
-0.11992433
-0.93699841
-0.05257407
0.38686850
-0.40078459
-0.31785163
0.55458930
0.77875846
-0.02540246
0.05598014
0.36256578
0.57688840
0.15284690
0.37346186
0.38529809
0.02297856
0.39105247
-0.12373983
-0.22359791
-0.25340447
-0.21804728
-0.17049944
0.24929660
0.16217294
-0.41722887
0.63209274
-0.12392512
-0.29111080
1.00588158
-0.18015999
0.18665513
-0.17339365
0.55526682
-0.00519724
0.36146214
0.06700372
0.30245717
0.32060431
0.73624271
0.03148463
0.35261233
-0.09687117
-0.10190454
-0.02137596
-0.61785708
-0.20627628
0.30077437
0.29699550
0.76583560
0.45249572
0.16290591
0.13885278
-0.40663428
-0.50578271
-0.06785155
-0.48454373
-0.37924872
-0.16541933
-0.21731406
-0.85297847
0.42579049
0.13345392
-0.53007760
-0.19309993
-0.14227001
-0.24708817
-0.59738160
-1.12373931
-0.24052540
-0.09470177
0.03113037
0.19626964
-0.07562250
0.40966008
-0.46132819
-0.02338753
0.37126736
0.12198518
0.71579504
0.37038754
0.47153181
0.35451001
0.41125517
-0.22393292
-0.34756517
0.53649048
-0.17497193
0.07423078
0.33114132
-0.46902774
0.12964938
0.31678362
0.10011284
-0.12581263
0.61334442
0.06866906
0.09798478
0.09492969
-0.15838750
-0.19651209
-0.01857606
-0.15651770
-0.70392497
-0.13649666
-0.25369973
-0.51675511
-0.11369709
-0.27925695
0.38211182
-0.26087176
0.22093411
-0.13927047
-0.49823563
0.00575918
-0.13210957
-0.11942752
0.10687647
0.02630848
0.83050169
-0.39511623
0.10221560
0.23036238
0.06957007
0.34228465
0.33337485
-0.00645232
0.34961649
0.16669602
0.35004838
-0.14419024
0.12013685
-0.20397277
0.48341885
-0.54282235
-0.14457954
0.21098344
0.24859558
-0.12136129
-0.07440301
0.63749482
0.34217752
-0.64591515
-0.04233980
-0.13531433
-0.26487297
0.54344074
0.00159086
-0.51720952
0.03043301
0.41027169
0.14645174
0.03592238
0.10240730
0.23314892
0.39322472
0.05109091
0.24706491
-0.38591302
0.20387523
-0.32969165
0.58774517
-0.23804019
0.17635301
-0.25919189
-0.30666685
-0.24917577
0.29422526
-0.06713189
0.27030981
-0.29328498
-0.70943282
0.25042299
0.47150904
-0.20851813
-0.58371893
-0.39224055
-0.20813910
-0.07690160
0.32823031
0.23457019
-0.85507407
-0.39818141
-0.24465143
-0.01944205
0.13799919
0.25651737
-0.11232432
0.18072035
0.30116382
-0.22946941
0.19469907
-0.29116300
-0.28083048
-0.03879783
0.22945423
0.14665709
-0.19050916
-0.08786963
-0.08176408
0.17926243
-0.47048974
0.30786853
0.16222047
0.14382740
-0.41846673
-0.40183597
0.55854968
0.11881787
0.33871541
-0.68327480
0.31033205
-0.04790358
0.25024823
-0.04918020
0.16105292
-0.01247736
0.60237448
0.17464889
0.01067173
0.21690898
-0.59236348
-0.45124545
-0.14775215
0.30581202
0.35336026
0.81225375
-0.28241926
0.65223681
0.17814591
-0.15651864
0.10974287
0.00570269
0.04570229
-0.36334426
-0.14297197
-0.09795578
-0.60574239
0.58137366
-0.34759314
0.71698914
-0.07514984
-0.16870774
0.60454955
-0.20695854
-0.13676991
-0.12535254
0.40800647
-0.06170328
-0.37331119
0.33432665
0.50089792
0.11994298
0.41875635
-0.16022693
0.04851187
-0.02524574
-0.94224472
0.19016000
0.15400954
-0.63729424
0.10244642
0.64632168
-0.39402660
-0.42244073
0.13012022
-0.22638627
0.08269954
0.01048665
-0.29877339
-0.21784519
0.51947586
-0.17618863
-0.33351976
0.75289450
0.55005817
-0.22428894
-0.38335788
0.33714463
-0.21998987
-0.08396898
-0.29878602
-0.07140461
-0.91247464
0.80147854
0.50594529
0.12206980
-0.25304566
-0.43365896
0.29105490
0.41060915
-0.19181235
-0.41802479
-0.14212871
0.21404214
-0.11540734
0.12696460
0.03242009
0.24348304
-0.54475746
0.47531373
-0.78530041
1.15088809
0.51104259
-0.07985378
-0.31614364
-0.15579118
0.25429206
-0.26868600
0.09179430
0.65526235
-0.08595227
-0.52113201
-0.57828998
-0.23141737
0.28621495
-0.49697206
-0.44030425
0.32676077
-0.10986554
-0.77928251
0.14593016
-0.23769351
-0.10891598
-0.28156375
-0.06700361
-0.21345786
0.68661925
-0.66769225
0.08223759
-0.36308449
0.16281130
-0.03476696
0.02796751
0.28017409
0.52870138
-0.18853881
0.40487206
0.04950972
-0.46316206
0.18839180
0.23765717
-0.36010472
-0.23971347
-0.00424127
0.63649442
0.35560284
0.34799073
-0.25350721
0.41460775
-0.24758843
0.32375969
-0.05635882
0.16068536
0.04810507
0.26863508
0.33692297
-0.14917179
-0.10239011
-0.80577757
-0.37338366
-0.03704725
0.25272174
0.51150324
0.75267337
0.34954492
-0.37294139
-0.21407763
-0.16041556
0.60800215
-0.15946733
-0.35630845
0.35936431
0.60410704
0.32483952
-0.07758396
-0.29190417
-0.02488226
0.14179935
-0.60572943
0.01280927
0.40175709
-0.39354367
-0.04762958
0.41554357
-0.15189222
-0.00677311
0.15195348
0.10894089
-0.32163099
-0.21583347
0.09024764
0.34133252
0.03564331
-0.18182193
-0.14071879
0.20166086
-0.38709317
0.18436177
-0.00572139
-0.09309384
-0.53754418
0.08761550
-0.16343395
-0.17275380
-0.46203422
-0.16822074
-0.65685391
-0.05587970
-0.26754816
0.17621320
0.10210610
0.18155556
-0.11943525
-0.58360975
0.96639299
0.31983590
0.23823424
0.26656777
-0.16945987
0.35690565
-0.23634854
-0.71860826
0.32244240
-0.25250907
0.01029638
0.19887718
0.06329170
-0.07996536
-0.51450933
0.33336678
-0.46498870
-0.27130535
0.26684501
0.30918283
-0.08028093
0.11248973
0.36836778
0.04759094
0.24490424
-0.01294735
-0.68089688
-0.13049243
-0.31441913
0.04748045
0.34403550
0.03732553
0.00741743
-0.21863465
0.05328456
-0.06618225
0.08854923
-0.23042440
-0.45166742
-0.17369767
0.42158004
0.65126165
-0.06782494
-0.23022194
0.43874329
0.13978743
0.22695356
-0.26834846
-0.05818075
-0.46979125
-0.46722855
0.07918902
-0.28275140
0.08452539
0.15079941
0.30192372
0.31573511
-0.15294205
-0.51464184
0.13166248
0.33385412
0.33456515
0.92895770
-0.26172234
-0.09723625
-0.17419419
0.11295334
-0.18482901
-0.31581460
0.29535814
-0.67431814
-1.09030509
0.51787722
-0.94073636
-0.03359808
-0.80510236
0.50376805
0.20637261
-0.13460245
0.11837837
-0.46318481
-0.08066088
-0.30937012
-0.04451088
-0.01972299
0.05296542
0.08878911
0.25794730
0.06877600
0.53410456
-0.56740415
0.03215704
-0.00921238
0.00577522
0.15307087
-0.21226830
0.15359715
0.10706036
0.06127401
0.28935528
-0.13974215
-0.34613134
-0.23498046
0.26578980
0.27394304
-0.27784022
0.30799920
0.65101675
-0.15237902
-0.05779752
0.59846529
0.30116015
-0.44302051
0.19192401
-0.13603174
-0.37202852
-0.04488718
-0.34194859
0.71356699
-0.22712468
0.89075680
0.30534406
-0.31986735
-0.77452313
0.08440817
-0.04861096
-0.26929150
0.11460607
0.18194216
-0.01708084
-0.58835493
0.20739630
0.75736163
0.33971211
0.09262821
-0.22712353
-0.41299239
-0.69181379
-0.24176444
-0.30869607
0.00789043
0.40364495
-0.43051582
0.22112826
-0.36849271
0.37150393
-0.21584229
0.20272970
-0.15351543
0.71789405
-0.23135436
0.05608036
0.16347166
0.20661777
-0.15236394
0.64570049
0.66796604
0.24887082
-0.54060286
-0.09748345
-0.03059118
-0.73731996
-0.07504304
-0.46634781
0.96323977
0.34267202
-0.22412394
-0.28834410
0.47372456
-0.24041185
0.01470811
-0.44931322
0.50668690
0.24124099
0.68172360
0.34260667
-0.01693761
0.15111397
-0.60343685
-0.00109010
-0.30839998
-0.18067295
-0.10575153
-0.02564237
-0.87790215
0.18581862
-0.29455188
0.23985216
0.11301588
0.61774131
-0.38320505
-0.36177386
0.65225211
-0.07780285
-0.00600223
-0.54904632
-0.48420510
-0.45856391
-0.47076280
0.33147305
0.16414142
-0.49158977
0.26048170
0.26384703
0.06520104
0.46732502
0.22502199
0.40594046
-0.09993995
-0.04480164
0.38042633
0.12670706
-0.42272766
0.48053781
-0.65817916
0.11674386
-0.23186376
-0.12075312
-0.01776121
0.28585327
0.10009696
-0.02688238
-0.64918026
0.24322160
-0.06854764
-0.30598185
-0.28792439
0.27754420
-0.34818564
0.07439821
0.08722045
-0.05450519
0.02433904
-0.00864825
-0.13910820
0.20251726
0.28815476
-0.08366569
-0.06148305
0.30254686
-0.46061140
-0.39441751
-0.12287804
0.08734163
0.20238960
-0.24108114
0.01150769
-0.03322413
0.22286141
0.45404465
0.01719497
-0.26820203
-0.04883974
-0.03709775
0.50109231
0.41326618
-0.94748396
0.13513339
-0.53336202
-0.13667926
-0.16369285
-0.28646367
-0.00778579
-0.31829747
0.36530894
0.35435376
0.13082153
-0.00843508
0.20764929
-0.23418775
0.24445372
-0.56652341
-0.13627900
0.43335094
-0.19215237
-0.18735942
0.20149953
-0.26953486
-0.56935663
0.47715962
0.32317160
-0.31949103
0.24872991
0.08563203
0.83111388
0.06258530
-0.19026835
0.16557263
0.25003375
-0.28665168
-0.71765892
-0.15817203
0.01958916
0.20993280
0.26328601
0.06954872
0.35743706
0.24005988
-0.54937146
0.29873916
-0.12628767
0.18067482
-0.51009559
-0.17322477
0.11439874
0.23234047
-0.44099635
-0.09315203
0.10850865
-0.32994147
-0.03038150
0.67884692
-0.01297295
-0.15855982
0.64254717
-0.38960929
0.09611358
0.25699607
-0.04764462
0.36522474
-0.39939942
-0.29093217
0.27259803
0.54708438
-0.02688262
0.04906715
0.12772930
0.12001961
0.09756434
0.33915304
0.44851158
0.02064124
-0.44891747
-0.11556553
-0.02765281
0.04575870
-0.42313961
0.05711790
-0.26214541
0.24068858
0.17578419
0.22121480
0.40457688
-0.53916157
0.59233872
-0.00830712
0.07843838
0.76625069
0.16080545
0.78307253
-0.05064858
0.70630236
-0.41871283
-0.27754151
-0.05625695
-0.01209518
-0.50493002
-0.26875681
-0.08604170
0.33012457
0.18907942
-0.06095380
-0.38522938
-0.17394390
-0.01673148
0.59297344
-0.04172370
-0.07769736
-0.49771310
-0.06514146
-0.17332501
0.16013743
-0.36802012
-0.38186362
0.22388414
-0.26735176
0.42585251
0.65355178
0.33355190
-0.08741883
0.32619570
0.02014461
0.30346489
-0.49989406
-0.07382867
0.11944665
0.34869489
-0.84140981
0.36689262
0.29178588
-0.34734009
0.05700361
-0.20529528
0.19847567
-0.22707775
0.74959519
0.61946309
0.73203755
0.46600969
0.03212105
-0.07862212
0.46383153
-0.16343442
0.25128661
0.70826710
-0.34390510
-0.23797515
0.15896222
-0.46662797
0.38337147
0.14127278
-0.16411236
-0.37233540
-0.00960090
0.28680279
-0.29627604
0.17017943
0.39240242
0.46838216
-0.17301915
-0.07981712
0.20002030
0.20418454
0.22919485
0.31214060
0.58611057
-0.07170182
0.55440939
-0.06671505
-0.26506396
-0.28817598
0.02293684
-0.13406686
-0.70391118
-0.10911807
0.05984291
-0.54403752
0.55623752
-0.08225342
-0.19355272
-0.40896141
-0.12390404
0.24763738
0.42577155
0.25339035
0.37740440
-0.35526447
-0.13942644
-0.35613836
0.44102928
0.60391717
-0.06158504
0.27899129
0.09647415
0.35666824
-0.38571662
0.39253536
-0.46169282
0.56151836
0.20926281
0.32627634
-0.24217334
0.30633534
-0.41007604
-0.49758211
0.00797171
0.38001298
0.07095755
-0.39268576
-0.31229456
0.21934058
-0.13444761
-0.43770683
-0.46199242
0.26987898
0.24901182
-0.05011047
-0.69309033
-0.21971201
0.44409583
-0.10399328
0.15388420
0.21880306
-0.46759214
-0.37233679
0.49449795
0.60477989
-0.43328627
0.10580695
-0.22668982
-0.16587085
-0.44183676
-0.29485411
0.00547595
0.00262689
0.19866813
-0.10511550
-0.26711643
0.14208612
0.16478105
-0.41669059
0.11766899
0.12697799
0.39112189
-0.31177225
-0.28095928
-0.59481975
0.08455132
0.19792165
0.01427853
-0.02237512
0.54852261
0.18840525
0.22830470
0.01499290
0.16044881
0.49313982
-0.08156912
-0.54903303
-0.67425477
-0.35754209
-0.03652118
0.13813598
0.01263666
-0.11170785
0.02532356
-0.32075614
-0.74139638
-0.18154824
-0.08142700
0.36825289
0.00896376
-0.05890997
0.30651956
0.15554913
0.03937835
-0.15620945
0.48070018
-0.01121176
-0.13919847
0.67084991
-0.38732045
-0.40884385
-0.06072441
0.19396021
-0.19501311
-0.37591247
