-0.86658717
0.01649728
-0.28455806
0.56208947
0.41245170
-0.43330052
0.20506734
-0.51559904
0.61180164
0.14067628
0.31646736
-0.21973772
-0.18958714
0.27257041
0.18686610
-0.02099470
0.71777299
-0.00222977
-0.64491060
0.35280435
-0.00642969
-0.32262670
-0.82437072
0.51020819
-0.03349325
-0.87797919
0.11908636
-0.03291577
0.16114993
0.03126605
-0.31154923
-0.21659331
-0.27282878
-0.17412232
0.21141375
-0.56927414
-0.17258327
0.05462488
-0.12514179
0.55501458
-0.23004303
0.50698555
-0.09672196
-0.45324825
-0.46986254
-0.27836574
0.17730876
-0.29052793
0.22244803
0.17081062
0.43200748
-0.13787771
-0.04779115
0.35194959
-0.15475506
-0.13603281
-0.43765934
0.11986502
0.54103303
-0.58218171
0.09654423
0.22964595
0.06662942
0.48892088
-0.30391102
-0.41380398
-0.40967889
0.34010226
0.25045211
-0.13940053
-0.28040514
0.40902500
-0.39166480
-0.09412487
-0.50554819
0.48548862
0.00489039
-0.25639418
0.29749836
0.22181927
-0.27587880
0.35230196
0.51246346
-0.06743153
-0.08006153
-0.98807553
0.15407219
0.05735771
-0.54123152
0.18429361
-0.55284918
-0.76444297
-0.15637069
-0.02858968
-0.20739957
-0.56603476
-0.38780200
0.10439795
0.04903747
0.33565403
-0.27578722
-0.56327685
0.03250182
-0.01725192
0.44738257
0.04689415
0.14241098
0.07470391
0.06614427
-0.19956310
0.22489246
-0.17605013
-0.14931020
0.20753054
0.37877637
-0.10236648
0.26487541
0.35461792
-0.81277719
-0.61393891
0.10999728
-0.27742773
-0.03229918
0.05645930
-0.20955313
0.33066623
0.53395647
0.26292020
0.33206731
-0.01938709
0.23891525
-0.01136722
-0.13612393
0.64306693
-0.30729081
0.00339867
-0.38675243
-0.01792097
0.51763458
0.20764114
-0.26153194
0.52984730
0.07882878
-0.27806677
-0.20117683
0.08244576
0.17088071
-0.74944741
0.47791325
0.35687583
-0.45890650
-0.14610024
0.32615965
-0.15846603
0.52057102
0.18434641
0.80260336
0.50975171
-0.09987635
-0.32384222
-0.03379399
0.32810369
-0.08932976
0.01411777
-0.44471384
-0.35086517
-0.03930618
0.13549079
0.01634986
-0.02054943
0.01207136
0.07109363
0.37367400
-0.11170577
-0.40315150
0.10706133
-0.07160688
-0.21898532
0.09409788
-0.58242130
0.50234030
0.04937524
-0.79437895
-0.19983040
0.45256592
0.02945306
-0.49639677
-0.36955713
-0.28877048
-0.23584670
-0.01222648
0.36461741
0.27551957
-0.21252941
0.06376800
-0.62719682
0.04860190
0.22023729
-0.39713090
0.71470803
0.96198008
-1.03699344
0.34268588
0.28325315
0.17230181
0.22788806
0.05487151
0.65196422
-0.22045711
0.50980032
0.17235446
0.07547709
0.01370333
0.17952677
-0.01112906
-0.33798090
-0.07387792
0.41746154
-0.04087059
-0.13837184
0.37504380
0.13851599
-0.32554786
-0.15710062
-0.15038462
-0.20900435
-0.21373882
0.11661612
-0.71099567
0.68284666
-0.47008450
-0.79751720
0.49988844
0.41534455
0.21275106
-0.20886958
0.21540637
-0.41281766
0.20561056
0.13379294
-0.13973449
-0.06511433
0.48225854
-0.02257189
-0.14802880
-0.11882502
0.15240267
0.35181617
0.20948539
-0.27733901
-0.30186587
-0.24924574
-0.19860974
-0.10603384
-0.50888801
0.45102970
-0.00364989
0.16761665
0.27794693
0.23855822
0.03318185
0.35249325
0.00901988
-0.04650169
-0.46540637
-0.02567023
0.66527677
0.38408000
-0.45004519
-0.09952233
-0.14671904
0.02946883
-0.28600572
-0.27033764
0.24343036
0.50398422
0.18208669
0.37602997
-0.31103342
0.06902080
-0.30319284
-0.20295215
-0.10726468
0.04611917
0.34926158
0.67347261
-0.10854238
-0.17478727
0.23018283
-0.23560811
0.04013840
0.34558258
-0.07378408
-0.02948075
0.29128350
0.50936527
-0.60717373
-0.01163481
-0.37886893
0.50257096
-0.38170255
0.37768300
-0.18674617
0.24662450
-0.45100253
0.14263565
0.00441732
0.39872381
0.00528476
-0.26570474
0.15436351
0.39687580
-0.45939887
0.01628502
0.22597771
-0.57552768
-0.12201707
-0.52827119
-0.17590276
0.21193401
-0.16707182
0.66423212
-0.18832342
-0.04512502
-0.04091971
0.09955998
0.05196809
-0.44322940
0.34711147
0.38328427
0.30227274
0.03630011
0.58292196
-0.15532057
-0.75270514
-0.81244454
0.20623156
0.44150636
0.50644100
0.08778239
0.10259707
0.22280629
-0.58965721
0.58801988
0.05728120
-0.41441665
-0.48100178
-0.21959822
-0.11961736
0.42716662
-0.13569192
0.26153885
-0.14161103
0.31851554
-0.27160072
-0.60851531
-0.08976689
-0.24879408
-0.11789437
-0.43253128
0.25123807
0.11069182
-0.37430821
0.17843440
-0.41388756
-0.13001193
0.24673749
-0.40329545
-0.25301226
-0.56260361
-0.52905142
0.08752626
-0.08400365
-0.46920446
-0.65630986
0.26581556
0.57474782
-0.00509830
0.29016798
-0.16290137
-0.57204133
0.47070927
-0.07310183
-0.41125604
-0.05214739
0.32020074
0.24526163
-0.08580827
0.09593880
0.11188123
0.13940011
-0.13064611
-0.00890633
-0.06838936
0.06364977
0.11268035
-0.09617162
0.21627596
-0.01473950
0.01356296
-0.19101041
-0.11751420
0.37370104
-0.44836519
-0.28304095
-0.61243378
0.29046025
-0.26192203
-0.29846217
-0.10456456
0.12399743
0.09625045
-0.15936682
-0.22580066
0.11737455
-0.07425722
-0.51712646
0.21916631
-0.20491989
0.25738589
-0.04851928
0.10119833
0.05452757
-0.01189434
-0.33033379
-0.34314751
-0.01864902
-0.02620832
0.40859995
-0.01915291
-0.25523075
-0.89203627
0.00999430
0.15199955
0.23993576
-0.24737628
0.22740159
-0.30602010
-0.19832524
-0.31939016
0.12217936
0.27294444
0.66407394
-0.35381702
0.60243564
0.20154117
-0.27474554
0.23956110
-0.48231868
0.29020340
-0.59747692
0.38442293
0.24741878
-0.11876474
0.08405333
-0.05800653
0.31203099
-0.64461549
-0.31763599
0.52339923
0.39502315
0.95579725
-0.34270878
0.20812779
-0.25098319
0.08292666
-0.58613045
0.32201175
0.37787595
0.03217133
0.39788947
0.07268686
-0.17042112
-0.25989417
-0.22967691
0.19213180
-0.54804416
-0.12005046
0.03652256
0.02036682
-0.14863823
-0.18011107
-0.16781207
-0.16984734
-0.37322946
-0.19539226
-0.00402964
-0.37331295
0.12195885
-0.24847745
-0.10457604
0.57807527
-0.36057311
0.12289354
0.50571778
-0.13953018
0.07889873
0.13182069
0.09746951
-0.19952555
-0.08261922
-0.31996348
0.35637996
0.17309327
0.02675611
-0.31896181
-0.21804576
0.29824543
-0.26869360
-0.16325999
0.57454359
-0.57545459
0.07750530
-0.03033573
0.13348468
0.07898364
0.32055014
-0.01972186
0.00945232
-0.09826346
0.07572732
0.41199717
-0.41762565
-0.26069437
0.51021353
0.23612973
0.32206665
-0.42042855
-0.40955191
0.03251614
-0.16774983
0.15641958
0.14384720
0.32632577
-0.47728269
-0.12307795
-0.53800313
0.25764373
-0.12657965
0.07615442
0.55077402
-0.31421259
0.25608475
0.17244838
-0.53580304
0.40069837
-0.15077173
-0.07481688
0.08238345
0.36812639
0.19190746
0.13643079
0.52808911
-0.17253549
0.14496072
-0.23539202
0.18488697
-0.48553761
-0.28076468
-0.28413120
-0.40295931
-0.40475689
-0.13014263
0.10579507
-0.08751812
-0.02459535
-0.37488112
0.31783427
-0.13543799
-0.20458784
-0.40649336
-0.39590755
0.16255497
-0.05156123
0.17126797
0.38119622
0.08505852
-0.55063624
-0.08936435
0.05858397
-0.38404952
0.30037834
-0.28739623
0.17041776
0.42111477
-0.48597333
0.00978355
0.05402467
0.22257810
0.18328469
-0.07834295
0.41207522
-0.12150857
0.09436162
0.20464551
0.23559101
0.43057001
-0.16498828
0.04100665
0.22276503
-0.36492096
-0.28697833
-0.26185958
-0.37517123
0.03710489
-0.13567400
0.00869325
0.16025881
0.13597037
0.38013963
0.18860600
-0.18286151
-0.20304197
-0.05918939
0.34377871
-0.41758503
0.15319079
0.23865866
-0.44970359
0.05586855
-0.31891213
0.05631997
-0.08445168
0.41011247
0.38028680
0.09538523
0.04942249
0.19753196
-0.32321464
0.26021793
-0.51411977
0.38210206
0.75511908
0.54266910
0.14107555
-0.41726485
0.03652358
-0.70257302
0.38815753
-0.04866980
-0.44407014
0.80587590
-0.48475468
0.80133521
0.16642539
-0.11188080
-0.13729890
0.12378433
0.05661458
-0.02156520
-0.63088442
-0.44409819
-0.37212822
-0.72473020
-0.18224372
0.24984133
0.18360462
0.55618117
-0.05293559
-0.47507604
0.29851293
0.12055848
0.63811282
0.32431525
-0.37948925
-0.34585046
0.05802045
-0.27885295
-0.27750303
-0.00101356
0.19190674
-0.29634814
-0.32089778
0.00617791
-0.26512095
-0.55397919
-0.53578437
1.19124200
0.05393115
-0.68941092
-0.43113817
0.21017831
-0.49004700
-0.07550426
0.12298455
-0.06929537
-0.42515202
0.19678052
-0.13852457
0.18880366
0.31646769
-0.36971415
-0.82799971
0.29119211
0.89857936
0.06208948
0.68007507
-0.27687861
-0.22006668
-0.10299177
-0.13973409
-0.23736277
0.53599675
-0.28812942
0.41776215
0.14267010
0.48410651
0.16907090
-0.74941087
-0.37860269
0.27167581
0.35772358
0.07850803
0.32940125
0.19266803
0.15760447
0.48871161
0.11980009
-0.32656473
-0.58962052
-0.04083255
0.49097040
0.34186967
0.39026672
0.14205450
0.07672860
0.37624015
0.34297262
-0.19328483
0.15379912
-0.42951645
-0.53067644
0.47784563
0.57129485
-0.01665495
0.05637127
0.15498259
0.08500200
0.23688910
0.47501518
0.49035888
0.08268645
0.09547180
0.32977177
0.44378209
0.25703713
-0.04423144
-0.39543611
0.15222358
0.09680955
0.16904861
0.00820057
0.60591488
-0.43881589
0.52816208
0.35634919
-0.53926478
-0.32829965
-0.16121276
0.16632187
-0.46579758
0.44593139
-0.36834748
-0.58417747
-0.46613120
-0.18163269
-0.50565481
0.03635633
0.30598054
-0.19869508
-0.69856156
-0.01389630
0.24385367
-0.10853125
-0.06741148
-0.32732888
0.52630035
-0.87937470
0.09928521
0.35502049
-0.12188899
-0.36896646
-0.84825196
0.09829583
0.10107034
0.26609327
-0.00454466
0.57332383
0.32722033
-0.16959189
-0.31510352
-1.17686020
-0.39562758
-0.30591072
-0.10138840
0.44710633
0.07622045
-0.15771365
-0.02085376
0.01921508
-0.23888536
-0.10601185
-0.07023122
0.04185199
0.12386086
0.02747410
-0.29754599
0.18035969
-0.36960863
0.44919402
0.13999883
-0.36205770
0.54371862
-0.20408325
0.17852929
0.14798739
-0.23942547
0.22721692
-0.03853286
-0.01526738
-0.56423189
0.17936000
-0.36078137
0.30087276
0.12158292
0.42123426
-0.30624000
-0.22997704
-0.96974881
0.29590240
-0.37186577
0.26286546
0.24735194
0.46255426
-0.10852121
-0.08866025
0.13959702
0.88005948
0.35508291
0.08507438
-0.02377791
-0.02184574
-0.23516877
-0.08457264
-0.01960296
0.41879680
0.05754988
0.25360247
0.15916761
0.31786837
-0.52756288
-0.33073441
-0.22322495
0.03829498
-0.00223604
-0.61338710
-0.91567885
-0.55435501
-0.46810338
-0.78164619
-1.32261025
-0.73574677
-1.91146503
-1.43133275
-0.38894949
-2.21171933
-0.84394670
-1.24263691
-1.34833617
-1.25754186
-0.60739906
-0.36680913
-0.69658977
0.07218250
-0.04994541
0.52558160
0.36333895
0.40895148
0.75411100
0.19729566
1.43437691
1.09585880
1.59684365
1.67028779
1.46442840
1.85346026
1.76498893
2.18865736
1.97790208
1.32944762
1.52745803
0.94584990
1.34273734
1.07543787
0.31922358
1.57116399
0.27069156
0.27740585
0.28757026
0.21447711
-0.06949197
0.41407812
-0.31096359
-0.33426358
-0.70914291
-0.00900186
-0.96283788
-1.54326155
-0.71187667
-1.59784172
-0.83162021
-1.04907210
-0.84669879
-1.05320845
-0.67678318
-0.53956262
-0.48722636
-0.41779515
-0.94178606
-0.70923567
-0.60456130
-0.59283434
-0.34605647
-0.42781383
-0.13051301
-0.37628338
-0.16590800
-0.41165441
0.10653347
0.18713211
0.03914687
0.25180437
-0.03552930
0.27997333
0.12013263
-0.02419659
0.54017175
-0.38457181
0.01458305
0.53956438
-0.35242494
0.30758146
0.34777453
0.67055387
0.43032641
0.03632537
1.02309125
0.43999229
0.08775330
-0.06030561
-0.14588541
0.22657816
0.15324058
0.44186904
-0.79460052
0.00769121
-0.03331481
0.12722878
0.27647589
-0.17497986
-0.04798681
0.06508811
-0.70343245
-0.71716959
-0.00032707
0.07728042
-0.01705054
0.83267208
-0.63711991
-0.17090764
-0.54661791
-0.10188226
-0.02365287
0.06044679
-0.51800199
-0.33401824
0.04805111
-0.08707535
0.29575835
-0.04856768
-0.12256297
-0.41653093
-0.22113016
0.07679210
-0.43669642
-0.23558390
-0.56561238
0.07968837
0.23006603
-0.28448012
0.01202596
-0.17273169
-0.20358926
-0.05307363
-0.04178126
-0.06189909
-0.03615656
-0.00828712
0.38795579
-0.50419324
0.35825191
-0.01038848
0.33649669
-0.66899058
-0.07000188
-0.18679088
-0.57160266
-0.53890524
0.08830409
0.37878380
-0.13918941
-0.18397803
0.49045773
0.10351376
0.20142633
0.40458271
0.32787825
0.50862901
-0.07434828
0.01896319
-0.05075070
-0.62106153
0.33845504
0.07642978
0.09870509
0.36637543
-0.25513640
-0.40043381
0.02334903
0.17287754
-0.27868126
-0.05777486
0.05448021
0.17694113
-0.37315525
0.26584122
-0.22971889
-0.32828709
-0.07658819
0.17582493
0.20937735
-0.29306270
-0.28250648
0.61204314
-0.34558253
-0.70758515
-0.13031656
0.34395465
-0.50930090
-0.22597498
-0.26641698
0.07866122
-0.23959673
-0.08618581
-0.22682572
-0.32858127
-0.89012365
-0.00550390
0.91642379
-0.46603333
0.05858959
-0.16479942
0.03927356
-0.45816037
0.03028924
0.05474041
0.05285811
-0.25086430
-0.10695760
0.40447479
-0.03363950
0.43377344
-0.21062370
0.35000948
-0.10872222
1.06189651
-0.03356288
0.47076850
-0.35978994
0.28949612
-0.14229552
-0.61185802
-0.48366497
-0.26394415
0.11856274
-0.22521524
0.14262198
-0.16199828
-0.14061151
0.15714657
0.82419443
0.60649564
-0.27213280
0.50812911
0.26302235
-0.39408477
0.08008307
-0.23698703
-0.04546454
-0.15135787
-0.40848715
-0.08824519
0.23861817
-0.08569906
-0.71873986
-0.05390767
0.03572842
0.38691794
-0.64551617
-0.05006083
0.11351731
0.53238875
0.33305067
0.13801543
0.06036221
-0.26787403
0.80547341
-0.01431947
-0.14098031
0.25428561
0.49639811
-0.02395462
0.35773629
-0.19958997
0.23546858
-0.04360308
-0.44349761
-0.29500663
-0.46745957
-0.61574236
0.46691462
0.04857518
0.34708987
-0.39835737
-0.25399428
-0.06146784
0.03037229
-0.28329186
0.33597080
-0.32819845
-0.02084946
-0.14919183
-0.29334362
-0.33537250
0.23120763
0.24900683
0.67853252
0.15151176
-0.11760284
0.42852846
-0.24093541
-0.29559994
0.49841287
-0.27228830
-0.17316630
-0.46919277
0.63223100
-0.37271129
0.65468659
0.36826740
-0.02978357
-0.15802303
0.12926494
-0.04163147
0.24588080
0.66444643
-0.25351011
0.38395064
0.21331821
-0.02473525
-0.79711745
0.13880335
-0.17208113
0.08245653
-0.35418027
-0.50259479
-0.71766448
-0.22248711
0.53072877
-0.47460573
0.12862626
0.40330664
0.34984185
-0.61324758
-0.46369031
-0.04031482
0.29368649
-0.30651121
0.26709306
0.58059183
-0.43241103
-0.12383950
-0.26159439
0.05510664
0.03167294
-0.33142963
0.06240228
-0.08032584
0.35878214
-0.29398369
0.08287715
-0.07842339
-0.17884049
0.13853813
0.08837764
-0.15294051
0.06002309
0.18871980
-0.51158787
-0.26006980
0.62862998
-0.02508934
-0.31390685
-0.12221627
0.34372925
-0.58964519
0.01012725
0.55393466
-0.01636214
0.00566137
-0.24209835
0.00873233
0.00133118
-0.29727778
-0.50863320
0.23883189
-0.62177179
0.12684429
0.09672638
-0.27025982
-0.44423174
0.39670537
-0.43432507
-0.12290701
0.20757583
-0.37730627
-0.06132035
0.62857503
0.25824127
0.22165516
0.36050656
-0.27269138
-0.01384332
-0.13364674
-0.10857468
-0.37287580
0.64083326
0.03529852
-0.13679992
0.21995304
-0.10698004
-0.20546094
-0.15117646
-0.25855334
-0.27369230
0.47207641
-0.19256598
0.07681784
-0.43370218
0.16463872
-0.05169190
0.03195088
0.52916051
-0.11029539
0.26124673
-0.28846685
-0.03003570
-0.10577073
0.35432701
0.51838931
0.22259494
-0.29727201
-0.09084995
-0.02484926
-0.09532825
-0.38567942
-0.77977342
0.00522519
0.25118843
-0.09284259
-0.41911143
-0.45601762
0.20341472
-0.39024974
0.01183325
-0.36834415
0.03796212
0.16803839
-0.22689251
0.32708775
-0.11829548
0.28972260
-0.04356064
0.25830604
-0.41154039
0.11415946
0.67378073
-0.17868726
0.02776141
-0.36606037
-0.18245559
-0.45304118
0.70861538
0.39452781
0.18930748
-0.24209331
-0.40275508
0.10051312
0.44448028
-0.13964693
0.07012227
-0.21926562
0.55537432
-0.05640847
-0.05509174
-0.76148138
0.33530173
-0.20698318
0.23252532
0.04834366
0.00731038
-0.29397144
-0.35335002
-0.11201079
0.28922499
-0.09922377
-0.24734998
-0.20811013
-0.45542051
0.38803503
-0.12234027
-0.13907449
0.20953877
0.66637572
-0.31498503
0.35203854
-0.01797270
-0.48295440
-0.61911951
-0.04268689
-0.15598228
-0.74346349
-0.50548984
-0.25035603
0.30556688
-0.07282900
-0.08925762
0.27750719
-0.06690762
0.42237101
0.13629846
0.06384939
0.58207515
0.19788015
-0.38717338
0.59987648
-0.29885289
0.51675482
-0.44886034
0.65640605
0.18727981
0.14684777
-0.19703138
0.01527892
0.00009233
0.23995866
-0.03287933
0.24676637
0.41038669
0.51680309
0.08947432
0.12454106
0.40956014
-0.52218019
0.20423703
-0.29204725
-0.11471896
0.55427993
0.15320806
-0.39910955
-0.41503095
0.30906657
0.35526987
0.10474726
0.05674211
0.12062870
-0.14861046
-0.37631175
0.16822972
-0.40259795
-0.19621313
0.00532236
-0.97181238
-0.04343772
0.12178545
0.85405972
0.70977096
0.50602254
-0.27382255
-0.12172460
-0.17144697
-0.18239701
0.19210419
-0.12786932
-0.20411621
0.03433748
-0.38027466
0.30638181
0.03839883
0.31141090
0.27538284
0.38271764
-0.32018098
0.18823144
0.25784932
-0.56032810
-0.30104724
0.49613022
0.51338699
-0.01084877
0.56283362
0.15881219
0.06192686
-0.33388714
-0.47126817
0.01932819
0.46395441
-0.28343497
-0.32401927
0.09651676
-0.03089892
0.35996319
-0.46710755
-0.37708739
0.29487910
-0.36986913
0.17418957
0.16437777
-0.06243530
-0.29074517
0.37448993
-0.53270292
0.57941397
-0.07170345
0.37197042
0.20021748
-0.00062960
0.38649828
-0.15403845
0.44048514
0.23593816
-0.50922514
0.15035511
-0.24339836
-0.22340108
0.88283610
-0.38212056
0.15894732
-0.10685979
0.12299040
0.36164463
0.11967025
-0.07596217
0.03360678
-0.62252756
0.33933832
-0.03472345
0.81144060
-0.33635375
0.37123935
0.03184087
-0.15669016
0.65478001
-0.28213316
0.11540241
-0.17109044
0.14697710
0.37446724
0.19057434
-0.38565265
0.37399060
0.12940521
0.18802804
-0.24922698
-0.00486838
-0.34748593
-0.18706596
-0.38823153
-0.54725280
0.24455875
0.05284366
-0.31052862
0.30815081
-0.37507843
0.16537169
0.18563494
0.24234529
-0.36413649
-0.11611633
-0.15347272
-0.12834178
-0.10558248
-0.56208587
-0.06909832
-0.33770124
0.46980592
-0.11031099
0.02815350
-0.33997629
-0.03004859
0.08105705
0.30035422
0.29593720
0.12976003
0.53105705
0.26559218
-0.06020095
-0.38622015
0.00875512
-0.02046455
-0.37185662
-0.23912661
0.23063380
-0.37649636
-0.20670870
0.02880686
-0.15672352
0.05813832
-0.01911421
-0.29321343
-0.31796615
-0.20910579
-0.05822605
-0.06292914
-0.12305637
0.35776086
-0.55820351
-0.36977743
-0.38307630
0.02044456
-0.27074448
0.21692271
0.37692510
0.22338249
0.24596449
-0.21347216
-0.64556777
-0.00224020
0.92883650
0.34123220
0.26750127
-0.57235111
0.03956134
-0.36160382
0.11043040
0.37805902
-0.07041389
0.18787803
-0.42478266
-0.30644552
-0.43690704
-0.38348880
0.03822687
-0.07359350
-0.31736374
-0.10054729
-0.29754823
0.35327882
-0.17911417
-0.08005728
0.77952399
0.68998642
0.11078010
0.44543200
-0.75251874
0.02050131
0.54978082
0.33143238
-0.21029372
-0.44399253
-0.13813779
0.08480508
0.70889351
-0.08710038
-0.06047893
-0.10009289
-0.29267562
0.34793107
-0.39465405
-0.02829427
0.37117165
0.50431795
-0.30059208
-0.31154054
-0.64210254
0.23838561
0.02892214
-0.78366160
-0.20448131
-0.84533919
0.25595305
0.11095288
0.59321107
0.42878679
-0.11860639
-0.35047674
-0.51903711
0.47532264
0.06218514
0.22762632
0.29163979
-0.25014319
-0.83612847
0.29824669
-0.32080812
-0.48199634
-0.26913913
-0.20402983
-0.08922910
0.02797252
-0.03794438
0.10990866
0.70783195
-0.22861705
-0.25563899
0.09525397
0.70167343
0.54121408
-0.39353241
-0.13123470
-0.22128409
0.27440368
-0.10687865
0.26216046
-0.56241187
-0.37518778
-1.12154452
0.25668523
-0.45573949
-0.00725808
-0.59189365
-0.40466821
-0.15172214
-0.11450301
0.21771800
-0.39034108
0.78556817
-0.73099136
-0.35391798
0.01395668
0.45296402
0.35647465
-0.06814729
0.42371406
0.39123405
0.05635375
0.12846882
0.08114193
-0.08453954
0.44812368
-0.39965036
-0.29339995
0.12486248
-0.62899801
-0.22279665
-1.03211534
0.21553710
-0.76273726
-0.42280670
-0.53264444
0.14016369
-0.37724573
0.10820903
0.20569862
0.50122770
0.23058075
-0.08356933
0.39597044
-0.07781490
-0.50107335
-0.50855916
0.06403102
-0.13515520
-0.29249542
-0.07728133
-0.28965121
-0.26307045
-0.25444139
0.11791139
0.13212592
-0.33977917
0.44248646
0.19532489
-0.25224970
-0.38445686
-0.15730175
0.15522564
0.41075284
-0.09350371
-0.20717957
0.02078973
0.35138420
-0.07457359
-0.08889263
0.65539715
-0.10483779
0.07491192
0.40079610
-0.53829933
-0.09348005
0.27856842
0.11477486
0.29006452
0.03409490
0.47032414
0.34163698
0.04473312
-0.00194993
-0.46444867
0.14006325
-0.47158435
0.26316743
-0.02888789
-0.30609586
-0.46994741
0.27181313
-0.36490874
0.47040976
-0.19903908
0.29562315
0.35090946
-0.27483422
-0.15024111
-0.27964011
-0.10491930
0.21042042
-0.09330434
0.21843488
0.05268128
0.04473846
0.32024342
0.16174793
-0.31576591
-0.19467417
-0.11000893
0.11999000
0.06086534
-0.29956929
0.09725565
0.24570131
0.32882940
-0.14301911
0.24720333
0.03699673
-0.50707133
0.22746260
0.04758268
0.15162828
-0.15037615
-0.22176464
0.41208151
0.32957489
0.04959236
0.25016271
-0.83540337
0.16480629
-0.06879127
-0.35794021
-0.31663735
0.20205897
0.39141085
0.49443502
0.21949231
-0.05983016
0.36888689
-0.02800141
0.19409095
0.93429693
-0.66000657
-0.15802531
0.16387944
-0.24602756
0.17001506
0.81043134
-0.21961612
-0.37619067
-0.03283114
0.28562137
-0.09065993
-0.54967415
-0.43432978
0.19444873
-0.03562253
-0.19234654
0.37228877
0.19702457
-0.07470910
0.49595251
-0.38847544
-0.52885414
-0.53423953
-0.07628702
0.03088281
-0.15927801
0.29748386
0.30733205
0.04222556
0.03767106
0.53503886
0.05718934
-0.25600161
-0.15290352
-0.29465958
0.03479817
-0.27593835
-0.38917989
0.34887662
0.14333328
-0.24241829
-0.41745644
-0.36276427
0.37006485
-0.71198727
0.04673335
0.16092853
-0.20636730
0.28371096
0.53811333
-0.26244358
-0.70458709
-0.12889371
0.45720561
-0.04784226
-0.01181318
-0.15369920
0.08885584
0.20892798
0.36710657
0.28790479
0.21846272
0.24818241
-0.07459629
-0.04394127
-0.19960821
-0.12563889
-0.58941864
0.50445124
-0.19473711
-0.23246929
0.21223158
-0.61089366
-0.45090176
0.44820064
-0.07153457
-0.15230932
-0.01393897
0.13713808
0.19858032
0.14752300
-0.09459280
-0.21533748
-0.18141066
-0.33119828
-0.09675855
-0.23073485
0.18943065
0.29198317
-0.17786001
-0.00066038
-0.36885572
0.17566214
0.40552356
-0.11094857
0.43237977
-0.33464910
-0.63969068
-0.37315597
-0.15150592
-0.10188850
0.10550464
-0.27364443
0.04102961
-0.28385205
-0.12837708
0.10628902
0.06557161
-0.05263082
-0.18951317
0.09666339
-0.18490698
-0.57202657
0.20124687
0.24262205
-0.08917483
-0.33588728
-0.45689931
0.57967746
-0.11107677
-0.30960545
0.61954652
0.05672009
0.80523205
-0.27205026
0.19784620
0.23585867
0.18576750
0.85726706
-0.10244009
-0.31936255
0.31065502
-0.18642843
0.07646913
0.18688938
0.03194589
0.10513263
-0.24728526
0.27423996
0.05140376
-0.11501173
0.72039800
-0.12460342
-0.09523782
0.34253008
0.05228887
-0.23556580
0.01568667
-0.27352447
0.40769430
-0.14588129
0.33936735
0.05062965
0.39659283
-0.43493912
-0.19289238
0.32923999
-0.23753617
-0.37765910
-0.41727945
0.27337447
-0.32625255
-0.16331686
-0.00102840
0.03126826
-0.59828967
-0.00540879
0.55791679
-0.06386776
-0.08374368
0.35257917
-0.23320947
-0.33521538
0.05643563
0.15808528
-0.67811948
0.06063045
0.37309341
-0.32482168
-0.20790508
-0.59736964
0.08765249
-0.02100905
0.26845914
-0.43393018
-0.20453120
0.28500497
0.33872757
0.04716598
0.57337305
0.36419340
0.11396741
0.17425774
0.02654388
-0.07913679
0.86616339
0.73114427
0.20390780
0.06272110
-0.21519965
-0.05426348
-0.14453916
0.25253040
-0.29458535
0.41566991
0.64789058
-0.26223081
0.34469996
-0.24045404
-0.55175660
-0.68127535
-0.29530578
-0.08318808
-0.02613374
0.60510145
-0.17578175
0.26223441
-0.25487034
0.02787061
-0.30262260
-0.00410160
-0.05214263
0.69226710
