0.35264331
0.14270705
-0.16725375
-0.44192957
0.00449876
0.24954844
0.12114574
0.38286003
-0.05657270
0.05867614
0.09506746
-0.14530158
-0.22208787
-0.09614418
-0.39911723
0.09710979
0.26995822
0.05064128
0.00686101
0.08911396
-0.02643264
-0.09866535
0.03977688
0.26722215
-0.05954928
-0.13331451
0.01782969
0.17852309
0.04594746
0.02038993
-0.36128737
-0.14621872
0.38844980
0.13768506
0.16680816
0.06481105
0.13999471
-0.26637190
-0.00576014
0.19841992
0.20598598
0.06331456
-0.07274554
-0.05739801
-0.09341500
0.30055701
-0.25667580
-0.00236585
-0.00490502
0.32463714
-0.41536833
-0.09174926
0.07078990
-0.00757886
-0.02741379
0.00637175
0.19509061
0.25500479
-0.35341406
0.13172551
-0.07728996
-0.19132499
-0.27280011
-0.02025117
0.01209435
-0.03113081
0.00983924
-0.29823805
-0.07646060
0.15593123
0.12221909
-0.06999665
-0.12470543
-0.14174568
0.26681743
-0.02901297
-0.02246982
-0.03356684
-0.21843952
0.04139077
0.21736695
0.30022948
0.00306548
-0.22700796
-0.18021998
-0.17309159
-0.39716656
0.21313910
-0.33011197
0.24476710
-0.10197943
-0.17138081
0.11900327
0.06537960
-0.17647796
0.21024623
0.07905510
0.12220777
-0.24511286
-0.09227110
-0.06908428
0.21210252
-0.03013976
-0.07412044
0.08102092
0.31793562
0.12914936
0.12379603
0.06487049
-0.13651308
-0.48774845
0.26110966
-0.15463582
0.15983090
-0.56045057
0.33527747
0.15180137
0.29863416
0.16988997
-0.03522004
-0.29033672
0.21789210
-0.11021067
0.05015331
0.07429494
0.02596469
-0.03313140
0.06457369
0.04182158
0.00806903
-0.13896765
0.36947535
-0.03891260
-0.01664263
0.04758911
0.17377432
-0.08114520
0.04402033
0.23011972
-0.23769214
-0.02695870
-0.10080971
-0.10752905
-0.37506264
-0.03562910
-0.32747832
-0.30349397
-0.01373752
-0.22111981
0.10040456
-0.18714105
0.01768565
0.29192994
-0.15624234
0.02516783
-0.01954524
-0.12161477
0.29005406
-0.16815753
0.10077409
0.30606603
-0.04420136
-0.20074269
-0.06510219
-0.18005767
-0.02381060
-0.37668582
0.10540847
0.16478041
-0.03981716
-0.01718302
-0.03862617
0.04994741
0.19963457
0.12716149
0.10587114
-0.12770213
-0.10404151
-0.06676203
0.02906838
-0.13074871
0.10355257
0.00188527
0.25678772
-0.03496232
0.14714191
0.27737682
0.03340355
0.03689109
-0.00264200
-0.01377764
0.18161870
-0.05012386
0.32825361
0.02677026
0.15131713
-0.25122590
0.42169035
-0.14122034
-0.25293811
-0.14184649
-0.06779603
0.05737461
-0.09348101
0.05434907
0.03757931
-0.13364415
-0.02727115
-0.21757016
0.26057098
-0.20063852
-0.09983205
0.17365244
-0.16827814
0.08047687
-0.09231372
0.00809728
-0.04829146
0.01103847
0.42806853
0.25910919
-0.23931971
-0.27377865
-0.05452922
-0.18396759
0.21489460
-0.05705903
0.27598824
-0.07049239
-0.13143416
-0.14435748
-0.19687043
-0.05222973
-0.05315700
0.17213262
-0.20670885
0.14746623
-0.10960289
-0.08098568
-0.15102851
0.13115760
-0.23229145
0.28105104
-0.12237386
-0.14703988
0.18090436
-0.01620145
-0.36649341
0.15000909
0.02646956
-0.03050940
-0.03865504
0.08096024
0.05870039
0.03423360
-0.02339713
-0.19718540
0.09689203
0.05752483
0.09633460
0.36679633
0.02581987
0.04957057
-0.17713893
0.40866173
-0.00073706
-0.08809490
0.01412847
-0.11285514
-0.01481006
0.13202163
-0.09794908
-0.05821739
0.11937590
0.12733372
-0.13602448
0.38518458
-0.04302612
0.16233069
-0.07836671
0.10433641
0.19277057
-0.00535722
0.02000887
0.04879105
-0.02420351
0.00517600
0.22335669
-0.00538202
0.13009510
0.12235222
-0.08909510
0.06259530
-0.05121192
-0.14000909
0.22624943
-0.05924323
-0.19492924
0.03649342
-0.34678459
-0.20016575
0.29146072
-0.06288682
-0.09660667
0.02378973
-0.09189787
0.18510617
-0.15403071
-0.20462310
-0.17078707
0.25649643
0.10304643
-0.13471935
-0.07807969
0.32302675
-0.03518948
-0.02904066
0.07256345
-0.07991667
0.03897714
0.29688287
-0.06828553
-0.02260933
-0.14006170
-0.00885794
0.11875146
0.01802281
-0.02550397
0.14450430
0.26527597
-0.32652235
-0.27140062
0.36641251
0.03208498
-0.03394386
-0.05098066
-0.06090317
0.09095862
-0.01486678
-0.02767087
-0.07309632
-0.21326134
-0.09836491
0.01333498
-0.23739695
0.08450073
-0.06372368
-0.14822813
-0.18540393
-0.27358854
-0.14127092
-0.12062522
0.15940797
-0.04025653
-0.05969775
-0.27712498
0.04285843
-0.00095122
-0.13815906
-0.03242294
0.00108163
0.08794933
-0.03805402
-0.00470441
0.01209887
-0.25496752
0.38266121
0.01499367
-0.21894669
0.09295674
-0.04734296
-0.27488742
-0.03036017
0.35318497
-0.07043961
-0.03894436
-0.14121295
-0.02859043
-0.03728380
-0.04897744
-0.10301162
-0.31139662
-0.15648204
0.16786889
-0.08703952
0.11352090
-0.15702736
0.23012620
-0.37436514
-0.15286275
0.09087233
0.05054062
-0.29277212
-0.12216066
0.08759668
-0.00378325
0.37289702
0.09338653
-0.11116862
-0.18218529
-0.25910489
-0.41039605
0.12390046
0.16936491
-0.23648643
0.26937695
-0.15080524
-0.10203499
-0.16218073
0.10530777
0.20341525
-0.29985887
0.01410725
0.08446549
0.14056238
0.06089617
-0.03565616
-0.06511437
0.03238822
0.26202186
-0.11625860
0.11665028
0.27481676
0.03158617
0.16309204
-0.37354307
0.06007704
0.15981905
0.24788001
-0.31175506
0.11528109
0.03673247
-0.40233448
0.21740835
0.02409069
-0.39652867
0.16902394
-0.20561313
-0.04155296
-0.24964155
-0.04976077
0.10644741
-0.24540277
0.35618147
-0.27984092
0.01727122
0.00858060
-0.25305994
-0.16509432
-0.10731139
0.08608800
0.27363953
0.06744064
0.19464040
-0.36314300
0.31661283
-0.08522004
-0.17045889
-0.18867393
0.04982405
0.19990260
-0.21444048
0.00579990
-0.20127164
0.12767575
0.04720937
0.36844393
0.14772431
-0.12433491
-0.19406146
0.38674502
-0.19411134
-0.05187258
-0.01006123
0.00270278
-0.16577145
0.07700467
-0.14646109
-0.09555145
-0.01876625
0.10353304
-0.17855660
0.13365096
-0.23018511
-0.19901247
0.24962334
0.35920690
-0.00119253
-0.14261922
0.13718858
-0.10495495
0.11623341
-0.04227776
0.16715884
0.12896667
0.00217630
-0.06874330
-0.03193562
0.18235842
-0.23426406
0.18507527
0.16513990
0.11880628
0.05232166
-0.09923831
0.05563579
-0.00194958
-0.22786662
0.03807379
-0.18974244
-0.20469072
0.20439395
-0.02232587
0.00824548
0.11963984
-0.10172884
0.02099152
0.24292405
-0.26701754
0.24393685
0.14964669
-0.24526518
-0.14405041
0.14075475
-0.19716427
0.04128833
0.27159012
0.08383472
0.06833973
-0.22281612
-0.04942622
0.10161096
0.21783988
-0.12585956
-0.19815573
-0.01160120
0.19983334
0.35477817
0.01959961
-0.10494241
-0.28089208
-0.25006720
0.41530688
0.01397966
0.03495088
-0.13311519
0.30232532
-0.12128784
-0.05069563
0.02605464
0.10857762
-0.07501516
0.18702487
-0.07162421
-0.19293063
-0.02413081
-0.20695306
0.03914536
0.14643969
0.18035295
-0.13225496
0.16212662
-0.15950725
-0.17308930
-0.33306455
0.11457228
0.24927720
-0.02603268
-0.39047665
-0.08888849
-0.02501519
0.06916049
0.26681971
0.08732718
-0.01348030
0.00043357
-0.06503583
-0.03527019
0.11127567
-0.15259580
0.07194441
-0.41910912
-0.02557972
-0.00256846
-0.04870656
0.20630082
0.09525639
0.31227739
-0.09524266
0.15725624
-0.40189313
-0.21860020
-0.00207498
0.00769987
-0.20930262
-0.38384932
-0.27978184
0.12673563
-0.03204718
-0.11602776
0.07763965
-0.14416094
0.07302862
-0.11903481
0.32078964
-0.50289712
0.00200304
0.04853791
0.03251200
-0.20524981
-0.12788187
0.13672681
-0.13404870
0.13549712
-0.04423331
0.29837666
-0.15211909
0.25949618
-0.02794443
-0.37199389
-0.08212059
0.21530883
0.22327624
0.02382781
-0.21440984
-0.05522955
0.19526178
-0.21020804
-0.21626267
-0.00534503
0.08171607
-0.11847457
0.00478526
-0.07933731
0.06609974
-0.06282806
0.12834128
-0.20366680
0.09846577
-0.14381590
-0.00434640
-0.15680381
0.13955459
-0.26064062
0.14685467
0.03560144
-0.16941134
0.02919920
-0.03154956
-0.03319714
-0.14685140
0.06804840
-0.45404694
-0.10761070
-0.39326575
-0.05245963
0.05491766
-0.23930820
0.01951011
-0.25469447
0.14072925
-0.21183792
-0.09564534
-0.02068407
-0.09221453
0.12889555
-0.07503639
0.13393197
0.02799888
-0.18857710
0.04335668
-0.25539474
-0.06232909
0.17570396
-0.09530531
-0.15747244
-0.09479218
0.00738225
0.06495507
0.04079932
0.15551333
0.11620719
-0.09480992
-0.14506476
0.31668100
0.02483486
0.15682113
-0.19657580
0.01582150
-0.26425966
-0.14135966
-0.17979294
-0.13870876
0.00477013
0.01439463
-0.05553670
-0.06090209
-0.18554364
0.13732643
-0.03872433
-0.17671752
0.15155716
-0.05073562
-0.17398426
0.08210953
-0.09583373
0.27799011
-0.23189665
0.29423040
-0.19794747
0.08213894
0.00206847
-0.26768667
0.15273452
-0.05556381
0.06673986
-0.16351196
0.17365675
0.01255668
-0.33453555
0.27698915
-0.05828439
0.04889467
0.09939635
0.07463606
-0.19011846
-0.18222651
0.09407532
-0.31928354
0.08447648
0.11813873
-0.21792376
0.07375882
-0.05596593
-0.02606190
-0.16908185
0.21556794
-0.21890684
-0.29107934
-0.02017335
-0.03685154
-0.03935974
-0.12421551
-0.15457121
-0.13268508
-0.42867578
0.00150420
0.01949206
-0.01993881
-0.15101005
0.05987539
-0.11654325
-0.13253431
-0.04998969
-0.10405433
0.23635011
0.03394713
0.11313579
0.12075489
0.28744280
0.30957277
0.18858634
-0.00912578
0.18368557
0.26351374
0.04082180
0.09620359
0.03741825
-0.19411345
0.07191330
0.09376963
-0.12191585
-0.23647138
-0.07503711
0.17036604
-0.19295100
-0.10835855
-0.04365188
0.11723613
-0.23546327
0.21241232
-0.01109966
-0.28108675
-0.05803034
-0.12115576
0.25941029
-0.25139521
0.34722137
-0.00150589
-0.17677402
0.20840584
0.00534302
0.07942013
0.11985446
-0.06787196
-0.15644783
0.05415128
0.15288010
-0.03496670
0.16183748
0.35613252
0.06371037
0.46439666
-0.11307486
0.29246175
-0.14962125
-0.05153346
-0.37986936
0.06358704
-0.23992846
0.23502972
0.04966663
-0.13654358
-0.03365587
0.01888566
0.08132958
0.09751753
-0.02270519
0.11852531
0.14066704
-0.00464153
-0.16375941
0.08239102
0.04993790
0.16066547
-0.07672088
-0.09988049
-0.23961818
0.24004423
0.14315251
0.04713779
-0.00985581
0.22188613
0.02705389
-0.35531491
-0.20980810
0.45689326
-0.12758077
-0.14789107
-0.11777112
-0.13749578
-0.25515799
-0.00099164
0.04781238
0.05394122
0.29295744
0.32252972
-0.16609315
-0.25452106
0.06582221
-0.10157473
0.14211722
0.17805384
0.06129374
0.64519353
-0.08316826
0.19062303
0.01479987
-0.28629185
0.07195701
-0.20220152
0.07210871
0.05294150
0.10245397
0.07784397
-0.06880448
0.15803729
-0.13814440
-0.22850770
-0.15826140
-0.47737987
-0.02405935
-0.12414827
-0.07833084
-0.21033375
0.10632177
0.11701194
-0.03687640
-0.01917868
-0.05497877
-0.16687516
-0.11298165
0.04735461
0.19403443
0.16509927
0.01522566
0.01849221
0.07292694
0.22511834
-0.13535568
0.04258280
0.13458785
0.18601425
-0.02531140
-0.35567832
0.25611926
-0.15283736
-0.01352622
-0.28872282
0.00110672
0.17961124
0.00276930
-0.14167489
0.04060169
-0.00382202
0.12766516
-0.21083637
-0.05327896
-0.01972972
-0.03616626
-0.08005765
0.06417473
-0.02392245
0.31966209
0.07175052
0.01242954
-0.06386968
0.41072573
-0.02280492
0.02759214
-0.06024402
-0.33480044
0.07123541
0.04485496
0.06855887
0.10466345
-0.18976484
-0.09320856
-0.03750660
0.34474235
0.16586729
0.29539625
0.04711185
-0.10371421
0.05190188
0.13231150
0.09776914
-0.28936748
-0.07841782
-0.16493922
-0.07623201
0.11542553
0.15803499
-0.00295919
0.06505220
-0.20196954
0.16790955
-0.16672904
-0.07830524
0.33576264
0.05327688
0.01428721
-0.06910618
-0.22459282
-0.18149874
0.24006649
0.07850963
0.04013686
-0.18097389
0.23821925
0.04170876
0.16181850
-0.12817497
-0.10464239
0.06298228
0.41575034
0.07409793
0.17898982
0.05602380
-0.02619987
-0.11641597
0.00726022
0.06629024
-0.11375360
0.00217003
0.09526585
0.17842981
0.14634230
0.23917386
-0.07358156
-0.01479870
0.12804500
-0.05062373
-0.16939624
0.15197486
0.03819645
0.13276391
0.08044443
0.28027744
-0.22661866
0.03436514
-0.13405333
-0.03955021
-0.33715491
-0.03045572
0.23095191
0.29829402
0.06837431
-0.12559325
0.15227956
-0.08540412
0.10834369
0.12395588
-0.03215308
0.00618729
0.04209368
0.05778442
0.07460514
-0.12225577
0.25969633
0.04771202
0.36367048
0.09517526
0.08126003
-0.08751747
-0.03594646
-0.19681723
-0.29377839
-0.19212742
-0.38380216
-0.56391259
-0.33823898
-0.31175558
-0.59104331
-0.47062326
-0.82860912
-0.56942023
-0.32098278
-0.42352556
-0.29251905
-0.61420183
-0.02214282
-0.30761897
0.04138486
0.07322524
0.08851808
-0.27960335
0.33913657
0.48934596
0.52647592
0.42425571
0.57875578
1.09554297
0.86499877
0.99928696
1.21862217
1.01853136
1.08248387
0.84261438
1.20500235
0.86108107
0.97942488
0.95129469
0.78793524
0.60031240
0.30873996
-0.13516622
0.29290192
-0.27316972
0.08297249
-0.30202931
-0.12060187
-0.35521327
-0.34901256
-0.40371294
-0.16200007
-0.28735564
-0.55886834
-0.62434233
-0.37813999
-0.96198259
-0.68647849
-0.70665849
-0.47348115
-0.27749092
-0.37588958
-0.59276443
-0.42130189
-0.46818713
-0.41776395
-0.04451515
0.01873966
-0.14473733
0.04447089
-0.08248384
-0.13086999
-0.25439547
0.07659629
0.09007884
-0.23524188
0.32891609
0.19099383
0.46253086
0.02562125
-0.01823411
0.17051053
0.11421641
0.00003178
-0.03648939
0.07493703
-0.18064401
0.16318018
0.03103410
-0.26109533
0.01226222
0.21506693
-0.01624703
-0.03995578
0.06867750
0.11004281
0.35839388
0.26819975
0.08237654
0.08316809
0.10658973
0.14379303
-0.28497344
0.17996909
0.36437966
-0.43032065
0.14937890
-0.22080733
0.05387791
-0.09940409
0.30805249
-0.05363371
-0.14616150
0.07546036
0.05308401
-0.11094478
0.05151518
0.02254189
0.03468471
-0.39071724
0.27978858
-0.02824960
0.00912987
-0.12158810
0.17050015
0.32723021
0.07774240
0.12878775
0.09945873
0.32632370
-0.34657049
-0.13202878
-0.30146898
-0.00019773
-0.08381748
0.17021531
0.17320357
0.23169263
-0.05886334
-0.04148687
-0.27068544
-0.05700742
0.00825984
-0.11073572
0.18857736
0.02372793
-0.13737598
0.13708008
0.34339032
0.07357854
-0.14716174
0.17251337
-0.23448348
0.13819847
-0.15708398
0.38974705
-0.04991847
0.13278144
0.15578474
-0.23339259
-0.14931116
0.27310271
-0.33807877
0.01376392
0.15677867
-0.36233625
-0.07568579
-0.27732989
-0.08695357
0.18314183
0.04683755
-0.06467836
0.13202108
0.03316971
0.09657416
-0.09188565
-0.12273138
-0.03408279
0.05154878
-0.07768501
-0.05334470
-0.07757704
-0.18260610
0.11518681
-0.10625941
-0.20254852
-0.32874332
0.10721605
-0.21758299
0.00998662
-0.04424636
-0.06336818
0.07668921
0.02839010
0.02421263
-0.14081459
-0.11912058
0.19462004
0.10552401
-0.11381272
-0.08335417
-0.12868442
0.09506000
0.38827458
-0.26805900
-0.20337399
0.04460650
0.05575911
0.12441385
-0.06261429
0.01928767
0.55448114
0.25625686
0.09377294
-0.01634920
0.14845548
0.23948232
-0.05562475
0.17570212
0.24850741
0.07841687
0.00864289
0.27169831
0.18907807
0.39486674
0.05425979
0.29013373
0.25826160
0.27066502
-0.12846566
0.12193941
-0.17364336
0.00014713
-0.10750757
-0.26061420
0.01629581
-0.40473875
-0.12531728
-0.05074925
0.28721707
-0.23481594
-0.28566097
0.07269632
0.01868719
-0.31541868
-0.05471673
0.00860996
-0.22816057
-0.31509206
-0.06082160
0.00847206
0.08985511
-0.32727892
0.35026065
-0.28542728
0.13090846
0.12144768
0.01734631
0.09339757
-0.06697685
0.30112428
-0.07918385
0.30256031
0.05821173
0.15676039
0.30387142
0.21182061
0.23244868
0.18669962
0.31238623
0.18225866
0.18171874
0.01731771
0.09229070
0.08650156
-0.01739111
-0.02090954
0.26862854
0.12612497
-0.00842862
0.24445407
0.15243971
-0.11109453
0.07811805
0.09472445
-0.41208894
0.11375934
-0.24292665
-0.20382275
-0.24879090
0.01647879
-0.10156921
-0.02700890
-0.31535064
-0.03620722
-0.01163270
0.03492291
0.29040111
-0.08454221
-0.00616785
-0.32884773
-0.15912757
0.31642815
-0.12791123
0.06269109
-0.11803838
0.25948328
-0.01950849
-0.12955066
0.13623288
-0.12732701
-0.27253561
0.12678466
0.00449948
-0.31150188
-0.20991960
-0.19379536
0.16873522
0.08318157
-0.19556178
-0.16511565
-0.26319529
-0.07161424
-0.10954487
0.06013742
-0.01542016
-0.09047221
0.11171569
-0.12150383
-0.02793761
0.14568518
-0.12920311
-0.17036805
0.07382651
-0.06161468
-0.01174481
0.14775866
-0.10245146
0.18012800
0.19619795
0.15165348
0.05637477
0.03074508
-0.23540463
0.30778227
0.11117225
-0.32669281
0.07147445
0.17884341
0.15550392
0.03049957
-0.33821620
-0.01907670
0.12974366
0.01245331
-0.02177420
0.13983041
0.32160922
0.11477938
0.47481094
-0.15548330
-0.08717917
0.15823238
0.21711526
0.03863726
0.02478256
0.20528817
0.09826689
-0.04887796
0.08246279
-0.16039940
0.16083162
-0.07616189
0.01433043
-0.15845028
-0.13979086
-0.16017948
0.00020651
0.07157657
0.03051409
-0.33074217
-0.18602562
0.02923849
-0.12060970
0.00145738
-0.08744891
-0.12904571
0.19901707
-0.04806187
0.15670578
0.01733262
0.08505458
-0.00735905
-0.14083041
-0.04679937
-0.03680225
-0.04416014
0.15339677
0.06420427
-0.18547077
-0.09858729
0.05239840
0.03812164
0.12694203
0.13604941
-0.04324071
0.00543410
0.18245792
-0.12590446
0.22285457
0.04154168
0.10027055
0.09321635
-0.05821857
-0.05430650
0.06177608
-0.07277954
-0.01425142
-0.01365772
-0.13612925
-0.32886324
-0.31965349
0.08654178
-0.28651225
0.25235035
-0.01578221
0.22404873
-0.04183261
0.23959891
0.14062457
0.12841553
0.09974472
-0.29946430
0.14235168
0.14612313
0.11568255
-0.03864444
0.10053546
-0.04685120
-0.19251798
0.13321051
0.06651084
0.11373047
-0.10642760
0.06262144
-0.08945700
0.18953409
-0.19676258
-0.18828886
-0.03545549
0.38466709
0.10254055
0.31349403
-0.27354202
-0.05675719
0.18531490
-0.30691625
-0.18888009
0.02282187
-0.05023659
-0.36780059
0.01231589
-0.23112061
-0.19635661
0.19331429
0.16862853
0.20646531
0.28335972
-0.02853754
0.15421563
0.23774926
-0.13315148
0.18084390
0.27179321
-0.04562252
-0.09778725
-0.16503587
-0.02107316
0.11929599
-0.17508381
0.41575754
0.08635363
-0.19711850
0.16488663
0.01214557
0.37586969
-0.00955612
-0.21917501
0.01112713
-0.08137344
0.24986615
0.22234160
0.28900184
-0.13100353
0.15034273
-0.00039001
-0.08433702
-0.30725008
-0.08990599
-0.13411424
-0.12160288
0.05106747
0.24678734
-0.36067081
0.01333884
0.01050253
-0.00013671
0.08418595
-0.41919295
0.20486665
0.24498749
-0.07844580
0.05720279
-0.21605190
0.03963249
0.16922082
-0.02572983
0.20135632
0.08205277
-0.28311894
-0.05782645
0.20683175
0.03973016
-0.08323169
0.03010655
-0.14416744
0.10418818
-0.34010109
-0.24777837
0.00053899
-0.05160748
-0.21228891
-0.00007016
-0.04151140
-0.08819496
-0.27680129
0.40378211
-0.10859456
-0.03433415
-0.31652014
0.23975637
-0.11411430
0.01668931
0.49230917
-0.09473921
-0.10622745
-0.27854092
0.26697605
0.19105089
-0.22887504
0.21630646
-0.06128305
-0.22977623
-0.08340191
0.19802523
0.25727766
-0.11984395
0.04869421
0.05517571
0.05386293
0.07333279
0.30981985
-0.08259492
-0.16401773
0.41024612
-0.10141347
-0.17669693
0.24747588
-0.08715710
0.15331950
0.03574340
0.11068637
-0.16677302
-0.17526438
0.02942382
-0.13668711
-0.09445550
-0.17774645
-0.08162765
-0.15737672
-0.54252795
-0.06913694
0.13527158
-0.15846160
0.15986888
0.36676226
0.32819936
0.21836293
0.27250648
-0.18691097
0.26034905
0.06497588
0.31432797
-0.06711832
-0.06333471
-0.08453711
0.34436885
0.09643975
-0.26317679
-0.15149261
0.11359445
-0.00935600
-0.13388048
0.25130198
0.20932354
0.11553338
-0.11578781
-0.01432284
0.19729804
-0.13880414
0.10787465
0.09818025
-0.09510024
-0.28570622
0.18499180
0.02247273
-0.00789951
0.44089779
0.00095438
-0.30698394
-0.20395521
0.28114373
-0.02299203
-0.12203776
-0.10281179
-0.17450977
0.17496037
0.10470237
0.03334058
0.16605521
-0.07386639
0.05737136
0.06698832
-0.00572410
-0.01549549
-0.10901139
0.09216354
0.09898820
0.10067773
0.21353427
0.08565491
-0.07703329
0.11434399
0.23879039
0.25301432
-0.08214492
-0.20674975
0.00579756
0.15388386
-0.24090091
-0.01037229
0.46384296
-0.40317361
-0.06965726
-0.03824038
-0.13807994
0.11960173
-0.00304906
0.07165054
0.08403704
0.15031311
0.25018171
-0.12992768
-0.10940738
-0.06877497
-0.19999675
0.18770925
0.18003619
0.11813760
-0.24540508
-0.14683721
-0.05680781
0.10891303
-0.15128116
-0.19213208
0.19119461
0.33830582
-0.06482544
-0.21378045
-0.17314808
0.09532794
0.12801704
-0.11145218
0.15239420
-0.08307591
-0.18705897
-0.11410246
-0.03058288
0.16430126
-0.00368978
0.25379064
-0.08030693
-0.16672145
-0.13378972
0.10815201
-0.07840955
-0.16280652
-0.01645265
0.33181402
-0.14719342
0.24191381
-0.13862652
0.19763422
0.03544037
0.22866554
-0.11233679
-0.04061516
0.11135340
0.07269287
0.03636166
0.16391808
-0.25162340
-0.15260633
0.23352118
-0.12952438
-0.05989978
-0.15966253
0.06050625
0.06946467
-0.09568828
0.32832715
-0.08394298
-0.05787719
-0.01486008
0.23875841
-0.01890969
-0.03510507
-0.16219407
-0.22975452
0.11883199
0.04458754
-0.06414288
0.18290059
0.08988874
-0.00359214
-0.05391984
-0.03869772
0.03826764
-0.00271153
0.10220927
-0.13038771
0.09448812
0.13030772
0.28934391
-0.01574904
0.14296929
0.06863952
-0.07876468
0.17781668
-0.14319434
-0.27329639
0.08892222
-0.05747734
-0.02332217
-0.18426367
-0.10974739
0.10558089
-0.23747832
0.10135500
0.37144410
0.16177903
0.11118721
-0.14994161
0.15991123
-0.08543494
-0.14386095
0.02500505
0.02393302
-0.05914915
0.03003503
-0.07009186
0.43221608
0.03195168
0.06902343
-0.17781481
-0.26869606
0.15075265
0.10439268
0.21687900
0.07374578
-0.06682272
0.27606567
-0.01364020
0.28060783
0.06153424
-0.23968665
-0.17979056
-0.27938246
-0.09282248
0.10171109
0.38881413
0.03591396
-0.13911267
0.07584908
0.08800628
0.07664881
-0.12639331
-0.19341370
0.03262859
0.15551783
0.24392654
0.05578792
0.19256111
-0.34037898
0.14378665
-0.18976922
0.02167448
0.22700002
0.01556250
0.12794689
0.26527783
0.11780011
-0.13716979
-0.06496933
-0.09547360
0.45461615
-0.16616611
0.26440198
0.12834849
-0.03039596
0.11827618
0.04552202
0.15952547
0.03763421
-0.17218710
-0.12693000
0.14855746
-0.03287203
-0.21592646
-0.21964663
-0.23941861
-0.03612635
-0.23727300
0.01994986
-0.20412817
0.06679348
0.03124355
0.00660926
-0.07664252
-0.17340860
0.01207404
0.02236785
0.27964455
-0.01865827
-0.10960577
0.11862420
-0.13029014
-0.15170518
0.12800926
-0.18820793
-0.15644632
0.05403191
-0.15751162
0.05504565
-0.00547659
-0.10171018
-0.12531463
0.05072904
0.17059882
0.04173642
0.29979947
-0.01984792
-0.04678370
-0.29346468
-0.04038363
-0.13702262
0.12061278
-0.16241178
-0.28242107
0.21129347
0.11016140
-0.14101303
0.05930546
-0.03042756
-0.28105591
0.05984569
-0.15106609
-0.25079269
0.17511309
0.16299516
0.01080428
-0.11524079
0.11145174
0.11546273
0.14617047
0.25807328
-0.00284104
-0.02348765
-0.08653607
0.27242385
-0.17101274
0.07268739
0.02673494
-0.13676316
-0.03179018
-0.08050804
0.07909095
-0.14967993
-0.32952013
0.13578218
0.08257979
0.17983578
0.13434742
0.04166563
0.07325746
0.19707015
0.19271175
-0.14890602
-0.06711265
0.10508495
-0.10148132
-0.37133889
-0.57784855
0.12249460
-0.41812005
0.19818606
0.09985212
0.05750207
-0.13742666
-0.12130985
0.30445598
-0.09119961
-0.23234754
0.02103592
-0.05894503
0.12481574
-0.08635672
-0.18941710
-0.44490567
0.03701986
-0.02503547
0.16217230
0.41123290
-0.22725341
-0.10404348
0.18754874
-0.05847415
-0.02532656
-0.22440647
-0.03422985
0.08507298
0.04838524
-0.05808889
0.13480328
-0.15948210
-0.04074746
-0.11088625
-0.03869635
-0.22546622
0.02758934
0.06101531
-0.13639007
-0.08503282
0.24041738
0.03910530
0.19736116
0.11815064
-0.01875433
0.21172887
-0.18955919
-0.26218919
0.06198132
-0.04209135
0.08467255
-0.07952795
0.26928626
0.05300578
0.11465264
-0.12872688
-0.03909796
-0.15201400
-0.03672874
-0.64548421
0.07954863
-0.02483737
-0.11458115
-0.09730155
-0.25954385
-0.09171657
0.10200998
-0.04645645
-0.26721203
-0.04620524
-0.00335541
0.12724978
-0.13673835
-0.09925450
