-0.19004459
0.03376997
-0.22694876
0.07963792
-0.14287902
-0.07652564
-0.22034416
-0.08746272
0.09353075
-0.10777157
0.09719617
-0.04169003
-0.06054901
-0.05058765
0.03846836
-0.05886000
0.11096072
0.15857939
-0.07916315
0.08643885
0.11898930
-0.08717954
0.20676479
-0.04842076
0.03652150
0.05937942
0.15208451
-0.02224317
-0.00319262
-0.05827171
0.04638670
0.04302335
0.07709614
0.08645145
-0.02700200
0.11226037
0.07500013
0.28844834
0.01144064
0.06358910
-0.05627052
-0.01569402
0.11256136
-0.09895911
0.08570560
-0.00696310
0.13553961
0.13568298
0.12256721
-0.21670160
0.24965053
0.00006261
0.14323386
0.10352483
0.01471902
-0.14576565
0.01175122
-0.14150930
-0.13507990
0.06970318
-0.06324920
0.05912862
0.01210093
0.00777764
-0.01257547
0.18569906
0.13694508
-0.11593034
-0.13047477
0.06902255
0.11319618
0.08759111
0.00331141
0.08911140
-0.15090704
0.00473799
0.04201088
0.23977234
-0.08908643
-0.04698915
-0.09973510
0.20535814
-0.07167984
0.00236284
-0.06171311
-0.34299689
0.08066095
0.13265656
-0.10977623
0.07183216
0.08545660
0.03439213
-0.20126756
-0.04195602
-0.11743578
-0.16182498
-0.08151006
-0.15668058
0.06935878
0.07948421
-0.16773978
-0.05956768
0.35709134
-0.04459633
0.15944907
0.10525877
0.04938694
-0.05640959
0.09943077
-0.03335394
-0.00550854
0.00556717
0.01893650
0.06307757
0.03211808
-0.01803773
0.02981378
-0.16994482
0.13134763
0.09639565
0.11493622
-0.01841918
0.06031060
-0.08394482
0.02039126
0.02759014
-0.02757571
-0.14323029
0.00599786
-0.09103290
-0.04426201
0.10672777
-0.28660326
-0.30178975
-0.06306797
0.15609234
-0.00857349
-0.04694966
-0.25054121
-0.18975390
-0.07541116
-0.14219516
-0.01532111
-0.00535629
0.21606304
-0.10426240
-0.14013309
0.09835633
-0.07550697
-0.08915737
-0.15104304
0.15940924
0.25486267
0.05715830
0.14666230
-0.11098861
-0.11137658
-0.09321380
0.18493692
-0.10228357
-0.02480981
0.05243691
-0.00409686
-0.20328506
-0.14171479
0.17454168
-0.05511737
0.08304529
0.04415194
-0.15576547
0.12190905
0.00009725
-0.01994972
-0.23476404
-0.12415508
-0.08487649
0.02695857
-0.14576258
0.06070383
-0.01881536
-0.06434437
-0.08049808
-0.02809368
-0.03237883
0.28244176
-0.01669191
-0.04322215
-0.07837323
0.14485627
-0.02313665
0.10928981
0.01379623
-0.07296589
0.03111874
-0.10952713
-0.06113603
-0.00435935
0.11420199
0.12435007
0.00144478
0.06656187
-0.05323694
-0.07340384
-0.01224640
-0.15171119
0.17467884
-0.04894850
0.01038682
-0.09739276
-0.07621275
0.07459689
-0.23417274
0.05235142
-0.26601446
-0.11594610
-0.10687348
-0.03985450
0.13599335
-0.08817617
-0.03654502
0.00952783
0.14595185
-0.08908897
-0.04293243
-0.06648281
0.07786527
-0.10134162
0.02712651
0.22317246
-0.03254239
-0.09520650
-0.09410295
0.04157634
-0.05688225
0.10569690
-0.01978981
-0.02564502
-0.15817920
0.04462366
0.04428735
-0.14040453
0.13293431
0.12404162
-0.10181660
-0.02868531
-0.07332484
-0.12738178
-0.15017935
-0.05903936
0.15786710
0.13585191
-0.10401735
0.11108905
0.04049699
-0.10757167
0.04378024
-0.02686164
-0.09529322
0.09416288
0.20144756
-0.06276197
-0.01846591
-0.02283146
-0.03571937
-0.04049138
-0.11332189
0.02935141
0.06443702
0.05271971
0.01731598
-0.15353889
0.09758615
-0.00825980
-0.07397995
0.12244285
0.01840305
0.12716933
-0.02147326
0.10859190
0.00955614
0.06761881
0.08057865
-0.03633496
0.00175779
-0.00337408
-0.06086421
-0.09575660
-0.25970439
-0.01497981
0.06879719
-0.03024847
0.07321061
-0.08666951
0.16821889
-0.05904218
-0.06621432
0.00994480
-0.01620222
-0.00935138
0.08868411
0.17664499
0.11800900
-0.23630614
-0.03870672
0.15485213
0.18055491
0.01398178
-0.06432680
-0.02808216
0.03951293
-0.18024185
0.14004873
-0.07030384
-0.10094130
-0.05248386
0.04211975
0.10463980
-0.08803110
-0.17075897
-0.25186192
-0.01091614
0.15913246
-0.09901643
0.08046053
0.15526085
0.00085059
-0.08321033
0.19911254
-0.15889381
-0.07694618
-0.09460806
0.19763610
-0.06446846
0.12489420
-0.12087708
-0.07274778
0.04721070
0.01203997
0.09326738
0.05937394
0.01272021
-0.21465484
0.25194519
0.13922413
-0.10469138
-0.13602807
-0.03356563
-0.06921826
-0.24197966
0.16295209
-0.04065123
0.05259036
-0.02692120
0.18747119
-0.06955209
0.06254738
-0.20477826
-0.01469036
-0.00627306
-0.01461542
0.04709682
0.05907781
-0.04220009
0.14400361
-0.12957607
-0.05923688
-0.07770564
-0.19702323
0.17976457
0.01200061
0.00214094
-0.05730896
0.00092265
-0.10163071
-0.06092817
-0.00131307
-0.06817118
0.11409813
-0.09935961
0.11665021
-0.14871460
0.13439793
0.12760295
-0.10647358
0.01089899
0.15700928
-0.12347321
-0.06485382
-0.04582745
-0.19190955
0.10883168
0.16071491
-0.07090130
0.11516150
0.05644333
0.19035929
-0.00466805
0.01279477
-0.19714156
-0.09414882
-0.03002018
-0.10732957
0.23830949
0.01116095
-0.05503710
-0.13248272
-0.06340577
0.13589184
0.06504365
0.04809909
-0.00473255
-0.05115053
0.03674447
0.18591959
0.10920675
-0.08581016
0.08040088
-0.02351570
0.07068301
0.18388443
-0.15019062
-0.06524272
-0.08914810
0.08239871
-0.01904789
-0.14893407
-0.01546551
-0.09086513
-0.15079244
-0.07854069
0.13689695
0.08729577
-0.14330195
0.03331861
0.20673270
-0.03645795
-0.21267710
0.04110325
-0.02063875
-0.01471979
0.06979053
0.03208978
0.02238330
-0.06843806
-0.06468556
0.01797247
-0.06890818
0.07820978
-0.17578975
-0.20070324
0.16079455
0.15510380
0.01595978
0.16585072
0.02428481
-0.24791471
-0.04569183
-0.00978623
0.07213827
0.01971552
-0.19547113
-0.23576709
-0.06513669
0.17194229
-0.00290771
-0.00164146
0.15644973
-0.08411369
0.11723356
-0.28355214
0.06578826
-0.08444728
-0.27504880
0.07236314
0.09825473
0.19108123
0.01758929
-0.07132006
0.03588401
-0.01673511
-0.05396535
-0.21736761
0.08817805
-0.06377338
0.21641466
0.00651967
-0.08307925
0.00075001
0.09145891
-0.02980406
0.03025389
0.11736618
0.08647260
0.21151051
0.02614962
-0.07679844
0.09082738
0.00697028
0.03086212
0.12878795
0.10004535
0.18449608
0.03145849
-0.10038002
0.00008233
0.08845235
-0.06784813
0.11023966
0.25443602
0.06579986
-0.06524189
-0.15032149
0.22699863
0.25638583
0.05053677
-0.15445739
0.02174348
-0.00157843
-0.00379136
0.06105590
-0.10675892
-0.07182848
-0.14069396
0.02545146
-0.04689900
0.12378070
-0.22648516
-0.12658787
0.05461547
-0.07468371
0.16934294
0.00122147
-0.19982392
0.03883335
-0.19173028
-0.04786295
0.04573594
-0.05717824
0.18186348
-0.11471157
-0.10925029
-0.01624086
-0.15147938
0.22407926
0.13028511
-0.08396368
0.00783445
-0.22947179
0.08361684
0.04826232
0.03104209
-0.11244014
-0.10334344
0.04606086
-0.06539018
-0.23687282
0.03746348
0.06120438
-0.16052055
-0.13857183
0.01428697
-0.09437279
-0.00063026
0.13955496
-0.02488685
-0.21879711
0.00610848
0.16182102
-0.05610236
-0.02827260
0.15438469
0.10943575
0.01847080
0.03059933
-0.02926173
0.20115761
0.10949669
0.15023230
-0.25727676
0.10503658
0.04631435
0.13570085
-0.10033708
-0.02532086
0.10699020
0.05386462
0.00797460
0.08389075
-0.31594350
0.17323509
0.30426124
0.22847361
0.04467029
-0.06104470
-0.10297028
-0.02516247
0.03263529
-0.20844676
0.19920479
0.08563625
-0.04988274
-0.09662291
0.01872417
0.07727983
0.01881239
-0.11171633
-0.09049494
-0.01562753
0.04668207
-0.03324464
-0.14688741
0.18806958
-0.26717936
0.37108070
-0.11789605
0.00494522
0.12422561
-0.01400776
0.02435424
0.18125739
0.13521569
0.06397874
0.13954162
-0.23567000
-0.24320601
0.07326545
-0.04062769
0.08584459
-0.08544740
-0.06683883
0.02734483
0.01296450
-0.17240263
-0.22874115
0.02723460
0.08963619
-0.00796161
-0.02424388
0.11008184
0.05605731
0.03335565
-0.10696927
-0.05848843
-0.20675709
0.10938081
-0.15234633
-0.02762952
0.17942095
-0.08259818
0.01131799
-0.08493280
0.09531453
0.20964982
-0.05274618
-0.11851675
-0.05118672
-0.25805035
-0.09460895
0.08958677
0.23991566
-0.07752024
0.01842959
0.11048915
-0.12677498
0.11831649
0.13021667
-0.05867685
-0.02845852
-0.09575991
-0.04201437
0.07986221
0.14345117
-0.08734351
0.00157264
-0.03517114
0.06828463
-0.05768189
0.02207481
0.05860828
-0.00074107
0.02165920
0.16625602
0.36391003
0.13552624
0.05304592
-0.02804033
-0.24429152
-0.23555110
-0.06645325
0.07819527
0.06636769
0.15288802
-0.03857522
0.15887949
0.16555065
0.12045194
0.05407712
0.20831120
0.47958340
-0.03103027
-0.12844653
-0.06403031
-0.03018520
0.17234600
0.07597667
0.02568483
0.12909308
-0.12578214
-0.06258694
0.12516347
-0.09180552
-0.03980076
-0.11764272
-0.06884109
0.09004135
-0.00624393
-0.12858814
-0.08758474
0.06323696
-0.09330897
-0.05785183
0.01544599
0.20230369
0.06356302
-0.14325451
0.15073708
-0.08733321
-0.17273948
-0.03918637
0.28171946
-0.04857853
-0.08992387
-0.04541436
0.02995618
-0.07230501
0.10825335
-0.20727850
-0.24180901
-0.21080305
-0.06195602
0.07976030
-0.00207157
-0.20992901
-0.09461828
-0.14722986
0.13901724
-0.05450382
-0.10409906
-0.01044343
-0.09627818
-0.17658501
-0.38564233
0.05890188
0.03434524
0.03171904
-0.08301253
-0.13087911
0.13368034
0.02778434
0.03425437
-0.08614926
-0.01074733
0.00534302
-0.23023134
0.10843682
-0.19341032
-0.28618921
-0.20008341
-0.06824260
-0.10568889
0.01121122
-0.09399481
0.02555990
0.30241185
0.10035817
0.18102704
0.26890596
0.19858779
-0.27509066
0.01482394
-0.09570343
-0.09098758
-0.18160711
0.26862422
-0.02319664
0.06333299
0.08486757
-0.08458813
0.15537071
-0.07744891
0.11665347
0.21165963
0.06112594
-0.15556320
-0.06506241
-0.07683446
0.08057367
0.20521005
0.01547527
0.11325783
0.08033799
-0.04637160
0.12713396
0.24482353
0.15851768
-0.00135579
-0.04819167
0.06250624
-0.05989974
0.06763860
0.20320086
-0.13989123
0.10189687
-0.07990693
-0.18983325
0.05005145
0.06013605
0.05420207
-0.02880567
0.03792658
0.05768074
0.30599021
0.10498131
0.14355380
-0.03577385
0.08084706
0.01595117
-0.06331377
0.14202636
0.00790183
0.02755572
-0.02908168
0.27782571
0.31473041
-0.08544554
-0.04908097
0.05362414
-0.04497699
0.11377825
0.04998167
-0.10421253
-0.17153753
0.14838681
0.07479517
-0.15611745
-0.07844445
0.14378399
-0.03864842
-0.08287965
-0.03713140
-0.04811664
-0.08163534
-0.04907083
0.05191131
0.06737537
-0.03592149
-0.13447681
-0.09054152
0.09780444
0.16943077
0.05753297
-0.18997592
-0.22536882
0.04918746
-0.16667493
-0.23237513
-0.11351273
-0.13757992
-0.09162237
0.07178036
-0.14131315
0.03168563
-0.02876196
-0.02164592
0.03840882
0.13912527
-0.03918739
0.01802055
-0.20958042
-0.13971741
0.02093152
-0.08869341
-0.10714248
0.12200630
0.20639662
-0.01976025
0.03734616
0.09219493
-0.01692086
-0.12150597
-0.06876434
0.02714472
-0.14736933
0.22693830
-0.07819902
-0.23807746
-0.02302697
0.09341901
-0.22506589
0.00065584
-0.02985449
0.06426679
-0.01972123
0.21166685
0.13694539
-0.00726661
-0.08380901
-0.12602172
0.00063370
0.02732298
-0.12393444
0.16363091
0.07294567
0.07051267
-0.05646686
0.02469982
-0.15222638
-0.11322744
0.23429876
0.02916003
0.06441701
-0.11728542
0.04600790
-0.04183671
-0.05016377
-0.09820439
-0.15764532
0.06616698
-0.01906872
-0.12786309
0.08953083
0.09989272
-0.07546890
-0.12398122
-0.03766354
0.02950621
-0.33004509
0.12279207
-0.26747292
-0.25714361
0.02056255
-0.03053606
-0.13522069
-0.08199799
-0.00062709
0.02118840
-0.21505532
0.11846615
0.11777252
-0.02207284
-0.00844358
-0.05502568
0.14252599
0.21315490
0.09760420
-0.22392775
0.26021824
0.01815148
0.24695418
-0.16189763
-0.15387135
0.13222100
0.08747372
0.15897068
-0.00331798
0.06560853
-0.09940978
-0.09517697
0.21398660
0.19292090
0.15965781
-0.12104528
0.03947250
0.19551861
-0.15230594
-0.24719461
-0.06411423
0.21097328
0.01663387
0.01005732
0.14145377
-0.02553983
0.08581599
0.06465189
-0.12397184
0.02611997
-0.03280529
-0.08861696
-0.01185836
-0.05981321
0.24701357
0.03149116
-0.12680009
0.03315010
-0.12109326
-0.09226255
-0.06057201
0.09428301
0.06927363
0.16034916
0.02357015
0.00527867
0.08384261
-0.06995362
-0.24400479
0.07846157
0.22886274
-0.20754217
0.14516045
0.21208685
-0.04716745
-0.05167000
-0.22127668
0.05555895
0.00517449
0.22321956
-0.04685840
-0.14721457
-0.03144806
-0.10026465
-0.01243371
0.13313620
-0.14949147
0.09096761
0.02459478
0.02573160
-0.04168305
-0.21244035
0.15039256
-0.09801953
-0.25306313
0.05481352
0.08879162
0.06828386
0.04400459
-0.04635412
-0.14085696
0.04343533
-0.12393603
-0.11135516
0.05406324
0.14513299
0.12540937
0.07787628
-0.06739436
0.03260544
0.23205040
-0.15411877
-0.09827604
-0.38088587
0.19929895
0.23422210
0.00209493
-0.01052916
0.19313914
0.08157096
0.15949679
0.35286576
0.01168862
0.17463677
0.12082325
0.05464976
-0.06840803
0.14440339
-0.17388986
-0.07428361
0.12350460
-0.17213890
-0.04383269
0.04177071
0.18049881
0.06353243
-0.18568900
0.16727404
-0.21235632
-0.03711905
0.05615023
-0.20539786
0.16997766
-0.13400807
0.24658958
-0.02136322
0.06351242
-0.04196148
-0.09937681
-0.00915085
0.26461786
0.16146479
-0.06947206
0.20841381
0.21088656
-0.07835583
-0.13972392
0.06046620
0.15382636
-0.13440767
0.10722129
-0.10042024
0.02970760
0.08932771
0.10587823
0.10698476
-0.00149194
-0.11696367
-0.00619698
-0.08781614
0.00322321
-0.06845011
0.10732628
0.17644792
-0.03302881
0.16876367
0.08442187
0.11392678
0.07880149
0.00237213
0.07262361
0.10077763
-0.13820693
0.18373046
0.09590522
0.02736136
0.07417577
-0.00629360
0.13586289
-0.05568815
0.01003631
-0.01838435
-0.05697595
-0.02457070
0.07594654
0.22012347
-0.03881689
-0.02521579
-0.22139450
0.19030665
-0.13752528
-0.03662142
0.22374635
-0.02651669
0.15408833
0.09686307
-0.21827421
-0.21071603
-0.04299372
-0.08594084
-0.12570708
0.11995805
-0.06110650
-0.02134631
-0.10636859
-0.09023662
-0.22113319
0.25634885
0.39916360
-0.11599319
-0.14550040
0.12560271
0.04511628
-0.00265951
-0.08468703
-0.02610831
0.11161729
0.08958664
0.04081977
0.16512412
-0.08875264
-0.06644892
-0.05373361
-0.14623737
0.03133333
0.07485745
-0.03246871
-0.09372598
0.21892551
0.09169175
0.04388509
-0.08637989
0.18215902
0.19391631
-0.05328824
-0.09700330
-0.18105452
-0.02358902
-0.11048400
-0.09007310
-0.00930286
0.13055060
0.23304510
-0.21695396
0.13497258
0.21528875
-0.10995046
-0.06504504
-0.11903180
-0.11398554
-0.20552881
-0.12445488
-0.02912058
-0.05675885
-0.09416696
-0.38358371
-0.22424541
-0.16803294
-0.20987556
-0.25977228
-0.29161558
-0.43852491
-0.31895622
-0.34110303
-0.24073835
0.18453186
-0.19303083
-0.17882508
-0.16090273
-0.02264703
0.24146366
0.08996422
0.37916448
0.13410593
0.36127521
0.44208081
0.63929066
0.56627520
0.33511762
0.32709869
0.46491779
0.61149261
0.63180755
0.56579498
0.59422625
0.48258769
0.43874528
0.25581882
0.29273171
0.18680333
0.33601552
0.15257974
-0.03472724
-0.05400642
0.10756227
-0.04158271
-0.31231700
-0.33865883
-0.35152748
-0.13137105
-0.43524040
-0.39071074
-0.16379419
-0.73425744
-0.22899465
-0.01384925
-0.12060351
-0.37758471
-0.26991814
-0.23065042
-0.36176576
-0.20061552
-0.25774611
-0.08327729
0.13068455
-0.01890475
-0.14518485
-0.05165819
0.01465643
0.02231051
-0.03667973
0.07407672
0.01898438
0.17120367
-0.06940436
0.08504028
-0.01100499
0.09669878
0.20773648
-0.10521076
0.04079115
0.19452876
0.01939138
-0.10243036
-0.19918742
0.22245084
-0.02358049
0.03832912
0.13018808
0.24236658
-0.01926781
-0.10777247
-0.28099210
0.05508133
0.22094400
0.03298473
-0.13340849
0.13280687
0.05604268
-0.07500906
0.09850177
-0.06985131
0.14624639
-0.07805351
0.04894197
0.01512298
-0.16738602
0.08471069
-0.02963473
0.13676294
0.06895530
-0.09644355
0.06526694
0.11109823
0.00327243
-0.09968372
0.00072554
0.34620963
-0.20232468
0.15420952
0.08092053
0.05903082
-0.08519759
0.12212155
-0.16233615
0.11900589
0.03540927
0.23733534
0.02555935
-0.09336389
0.33699197
0.01657703
-0.12562201
-0.14883118
0.03966148
0.17641971
0.02046061
-0.26318577
0.06356608
-0.28130951
0.04272583
-0.01903404
0.05351511
0.02144724
0.00299473
-0.12122963
-0.10367089
-0.03129140
0.01337793
0.04689660
0.01071464
-0.28312351
-0.14218915
-0.04612442
-0.08253670
-0.13565245
-0.36673957
-0.06730230
-0.10971674
-0.03754364
0.07051455
-0.12009291
-0.09643482
-0.09704751
0.11150856
0.00929984
0.09344931
0.11526482
0.10589859
0.22137560
0.31927096
0.33940063
0.22917322
0.28382253
0.07364635
0.25787081
0.35612372
0.40699995
0.34854922
0.18906881
0.23111423
0.18538264
0.00000155
0.33963228
-0.00627260
0.24556731
0.01842300
-0.19042239
0.11941080
-0.02424808
-0.14851880
-0.30688298
-0.36290635
-0.36372879
-0.22536152
-0.49955608
-0.38871108
-0.58373495
-0.48144944
-0.53050981
-0.32782359
-0.39738825
-0.36695441
-0.39245523
-0.29988822
-0.21019217
-0.24089570
-0.09024023
-0.05087362
0.05533572
0.06510894
0.17063587
0.00809163
-0.09847926
0.29650479
0.21570236
0.34206643
0.31003231
0.34454695
0.41212748
0.12576325
0.15930030
0.24230652
0.19054963
0.14855412
0.15482371
0.32885429
0.04917177
-0.05031263
0.09535212
0.13432037
0.18928788
-0.22165531
-0.18762657
0.05130712
0.13896242
-0.02211770
0.14819794
-0.15021694
0.01668872
0.24305974
0.01925398
0.06900527
0.09277480
0.02183421
0.00591187
0.03320496
0.03786603
-0.09704599
0.04065379
-0.10985046
0.25111532
0.30058098
-0.09305345
-0.15176563
-0.08729734
-0.37634897
0.20325819
0.14208118
0.35873795
0.02638362
-0.12752745
0.13796858
0.00502555
-0.03936376
0.05041638
-0.16331767
-0.10850867
-0.02801466
-0.21951910
0.20243300
0.07169359
-0.19395106
-0.04441083
-0.15814803
0.10808938
0.00581450
0.05884499
0.00128990
0.13383235
-0.06633353
-0.14260625
-0.11246894
-0.13054039
-0.23549535
0.04412849
0.26964786
-0.16335496
0.04619902
0.14420184
-0.07631995
0.01259754
-0.14192590
0.07385899
-0.17810680
0.28219258
-0.10080793
0.13088833
-0.03419259
-0.00623595
0.04375033
0.02396367
0.08146022
-0.05987162
-0.27494730
-0.01107321
0.11278324
-0.19907903
0.01241380
-0.08319460
-0.00217823
0.15974051
-0.08099097
-0.01033218
0.00361494
0.05466225
0.05760139
0.30785210
0.05752492
-0.02508729
0.01577864
-0.14479935
-0.18610928
-0.01890368
0.05916481
0.18345515
0.11772034
-0.06933024
-0.00910340
0.05829543
-0.06923436
0.10523455
0.13594733
-0.20518883
0.11219562
0.01477086
0.12950641
-0.02607863
0.15815088
-0.16735898
-0.22365755
-0.23720215
0.06555201
-0.02420006
0.03332337
0.02231951
0.21876425
0.15888790
0.03668000
-0.16086349
0.11888722
0.06853334
-0.03426041
0.10897626
0.06198441
0.09603725
-0.13530123
0.01254748
0.01382230
-0.10784276
-0.03637489
-0.04071614
0.06438886
0.00333643
0.08840377
0.19914854
-0.25998928
-0.12907128
-0.03582028
0.04284566
-0.20808369
0.18101153
-0.15008660
-0.04067852
0.15417619
-0.03683910
0.10554831
0.00993837
0.09603169
-0.32018950
0.03917092
0.06018816
0.01168504
-0.21945647
-0.13338588
-0.15585619
0.02736388
0.14161455
-0.20929713
-0.07588359
-0.08628822
0.01645173
0.10072105
0.12295687
-0.05011968
0.00904124
0.18165218
0.05378532
0.16555420
-0.12718969
0.07891985
0.03514290
-0.00269829
0.03633302
-0.11191274
0.02025937
0.19376477
0.04375484
0.00060689
0.03536451
-0.19352844
-0.07964081
-0.11996011
0.22323455
0.07003501
-0.05003046
-0.14840472
0.22301057
-0.02908804
0.12741305
-0.07880984
-0.19510123
0.05869428
0.05787078
-0.07439019
0.11020662
0.13331661
-0.07705400
0.07723811
-0.09063931
0.06375902
-0.07395030
-0.08101670
-0.13851391
-0.00594131
-0.00398052
-0.01980343
-0.06795001
0.23480506
-0.17853423
-0.07333093
-0.11622085
0.09523794
-0.03763712
-0.12331220
-0.03620361
0.08543736
-0.05632773
0.02991626
0.20778539
-0.07286536
-0.07743752
-0.12489334
0.09933720
0.31366970
-0.01498884
-0.10345322
-0.09198563
0.02110913
-0.00905811
-0.01837164
0.15755291
0.02329211
-0.06764368
0.09457166
0.14775622
0.02837437
0.00179393
-0.03000897
0.13880219
-0.10689556
0.14438220
-0.04037183
-0.18674435
0.10529663
-0.07376976
0.04532478
0.00853451
0.13722031
-0.04647057
-0.15295532
0.28279958
0.13871742
0.03184993
0.06874523
0.08186229
-0.06836727
-0.02691950
-0.00986575
-0.02722536
-0.13881756
-0.03744792
0.02429912
-0.02967374
0.04568005
0.17566122
0.08579761
0.05865206
0.24446412
0.19045863
0.11856566
-0.06326339
-0.20597529
-0.14169620
0.21616637
-0.12892836
-0.10859668
-0.03491552
-0.10833175
-0.10089391
-0.03002781
-0.06918691
-0.08226559
0.26128391
0.05550096
0.04473358
-0.19385187
-0.24959178
0.01624516
0.03942589
0.01716920
0.03942512
0.15749697
-0.03935347
0.02051495
0.06417554
0.14723758
0.12332393
-0.01157181
-0.10444927
-0.14806734
0.05396871
0.21169617
0.08218464
0.00781323
0.09961783
0.15081092
0.08965548
-0.11275798
-0.02443659
-0.04421692
0.01389976
-0.13139190
0.20897877
0.09771847
-0.04941199
0.04987031
0.01724392
-0.03953570
-0.10602160
0.06563799
0.02886027
-0.12477838
-0.08887204
-0.04562279
0.05403899
-0.10952519
0.10350537
-0.17992204
0.18311089
-0.12600047
-0.20385000
-0.12984060
0.19971077
0.17234280
-0.01998859
-0.16769531
0.10596162
0.19395630
0.14545530
0.12873498
0.25526293
0.10889757
0.18371275
0.12508216
0.08525386
-0.32764786
0.06037661
0.08621939
-0.04036713
-0.00612282
-0.02636893
0.18352457
-0.28682507
-0.09198986
0.20567950
0.01524623
-0.14265463
0.03195809
-0.04463980
0.06080459
-0.02998657
0.06079115
-0.26942831
-0.03904994
-0.05012628
-0.15318606
0.06138464
-0.33177062
-0.14888308
-0.05001120
0.17396995
-0.04398650
0.05874190
0.00614787
0.09934331
-0.10663641
-0.16085373
0.15693565
-0.08196944
-0.08064018
0.08567995
-0.20500563
-0.10192259
-0.08613794
-0.08000893
0.23018132
0.03086193
-0.05727588
-0.15099196
-0.18011636
-0.15317058
0.03736418
-0.06679099
-0.17120830
0.10019023
-0.04725499
0.12802055
-0.07968127
0.03239579
0.14767654
-0.17792551
-0.07109871
0.10578035
-0.19330988
0.07891631
0.18282869
0.07093749
-0.14206933
0.04110691
-0.07721193
-0.22826849
-0.09380615
-0.07684084
0.01681901
-0.11907728
-0.23709835
0.02829754
-0.00402996
-0.04668732
-0.09043740
0.06443419
0.22295203
-0.03773221
-0.19496171
0.21367943
0.16206448
0.05516739
-0.16860233
-0.10402714
-0.06369704
0.08519726
-0.29818742
-0.07765924
-0.04272866
-0.07077860
-0.13575781
0.05929897
-0.16438718
-0.10074362
-0.09849804
0.08123587
0.10725479
-0.13936600
-0.18826808
-0.16974909
-0.27389917
-0.07566353
-0.05314946
-0.05813997
0.21315867
-0.09685714
0.07969446
0.05452961
0.13791847
0.18642297
0.03209425
0.14818000
0.20790821
0.08423849
0.12061189
0.17784356
-0.20035962
0.07086370
0.20086488
0.00410925
-0.01696028
-0.08565529
0.00827244
0.06872281
-0.00539018
0.11538901
-0.18032125
0.19690549
-0.20783925
0.05465592
-0.25690874
0.03751902
0.00624843
0.05371120
0.12798888
-0.21070674
0.01707923
0.03160068
0.16161596
0.06940369
0.06722114
0.27205712
-0.02615656
0.00498055
0.08117021
0.05942721
0.06279801
0.08908736
0.13672004
-0.17663439
0.06771092
-0.15674608
0.23963190
0.01601534
0.01355761
-0.10967180
0.22405896
-0.07514320
0.20479861
-0.00382140
0.10437013
-0.03931470
0.09495694
-0.05260716
0.15656377
-0.14510862
0.00444672
0.12935362
-0.19162481
-0.02095995
-0.13882957
0.01472754
-0.01387085
0.26286738
-0.11870607
-0.05967056
-0.13510286
-0.21084125
0.13143351
-0.09153080
0.21980800
0.12471713
-0.00766154
0.00628281
-0.04993431
-0.20500623
0.13767198
-0.03721969
-0.00841745
-0.03083390
0.11625815
-0.04861673
0.18068891
0.07457055
0.00637854
-0.25805208
-0.06987156
0.07376882
-0.30329995
-0.06026962
-0.05300382
-0.00460926
0.40503475
0.18357797
0.04834619
0.04256133
-0.28131091
0.02536748
0.05429678
0.21241473
-0.20585463
-0.17930839
-0.00009565
0.17509922
0.10017434
0.07704940
-0.09934856
0.10881933
-0.12395129
0.06729295
-0.09652135
0.06339832
0.12859575
-0.05624031
0.16922920
-0.29051718
-0.05949187
0.09686007
0.00316851
