0.17265367
-0.00381223
0.15195504
0.11146488
-0.01299061
-0.03430202
0.00032352
-0.11291244
-0.15254694
0.08409056
-0.02044158
0.06995361
-0.01499673
-0.07569312
0.17630903
0.04456834
-0.04919849
0.05840810
-0.02869736
0.13566343
0.01561179
0.00755574
0.04812770
0.07897543
-0.05663169
-0.06602612
0.11199574
-0.02610533
0.14149335
-0.05544601
0.09925604
0.00394811
-0.12742147
0.21347391
-0.03385932
-0.03951650
-0.07531025
0.03296782
-0.07014187
-0.02191753
-0.07024844
-0.11456114
0.01653752
0.02331870
-0.01862880
-0.00420339
0.09859656
-0.09835403
-0.06835272
0.01062889
0.03402608
-0.03069122
0.02237737
-0.02307816
-0.03928583
0.01726077
-0.07679838
0.09382105
-0.06992304
-0.06887241
-0.10926600
0.02164542
-0.00370062
-0.10726493
-0.03696763
0.24014328
-0.01132146
-0.07659983
0.01905869
-0.15708753
0.00998246
-0.02770834
-0.09445215
-0.00374663
-0.00246526
0.01496868
-0.13521810
-0.09813012
0.06893233
-0.17746770
-0.11004516
-0.02974609
0.02351945
0.09211592
-0.09408217
-0.09710304
0.04264047
0.02894222
0.04008672
0.07414109
0.02032131
0.02989698
0.03443428
-0.02403177
-0.08298057
-0.07927966
-0.07536884
0.15786029
-0.06472897
0.06246664
-0.06637161
-0.10783584
-0.06776320
-0.09001330
0.05529911
0.03526550
-0.00545319
-0.04517548
-0.05315197
0.04524926
0.03043485
-0.13869979
0.03499924
0.09105914
0.13364752
0.02263315
0.03788916
0.03096564
0.05223969
-0.01915416
-0.03187551
0.01463147
0.08001954
-0.02023407
0.03789766
0.04806849
0.06593721
-0.01154924
-0.04690932
0.24830606
0.01573108
-0.10075575
0.01328084
0.01630856
0.03776268
-0.05464470
0.09591686
-0.17340571
0.12444503
-0.02256842
0.02115994
-0.05239861
0.24580475
-0.06063394
-0.19811255
-0.04145196
0.12619872
0.03913117
-0.03051632
-0.07937336
0.09608635
-0.10979598
0.11347885
0.02887549
-0.01318103
0.08206933
-0.14402821
-0.10824167
0.03916029
0.10433416
-0.07297270
0.07490661
-0.00225373
-0.01018253
0.01036533
0.06952501
-0.02337088
0.06995402
-0.11171739
0.02511507
-0.04854651
0.04552944
-0.00941345
0.03598766
-0.02227336
0.08088678
-0.00044652
-0.28463439
-0.09142453
-0.01178460
-0.03735912
0.02908815
0.08915110
0.09952892
-0.01479999
0.01935736
-0.03456776
-0.16498047
-0.06307367
0.00468661
0.07086050
0.06652197
-0.12649879
0.04421888
0.13278951
0.01554973
-0.12712295
-0.05583691
0.08539700
-0.10501212
0.17225237
-0.12610083
0.11607143
-0.07141313
-0.03482785
0.03046298
-0.19007680
0.14972016
-0.12543076
0.02383522
-0.07192942
0.09714087
0.08032065
0.09003357
0.06176280
0.03446761
0.06395036
0.04885382
0.04923076
0.09779672
-0.00690275
-0.09575695
0.10587038
0.01670651
-0.15432293
-0.07720323
0.04600359
-0.04281740
0.01913883
-0.08056175
0.04777564
0.01357775
-0.08775298
0.10867905
-0.13664016
0.00227340
0.06293681
-0.06059532
-0.08845344
-0.08904819
-0.00690319
-0.02995194
-0.09334853
0.11143259
-0.09518916
-0.03526048
0.11225809
0.01269294
0.03959193
-0.12858279
-0.07863892
0.08646845
-0.13871458
0.06485445
-0.19040954
-0.01390601
-0.01322729
0.02011724
-0.05056267
0.00134691
0.11731277
0.11377544
-0.05370385
-0.06630674
-0.09142741
0.13238570
-0.11533580
0.04325164
-0.02903751
0.05142225
0.08965131
0.03330706
0.10727792
0.07864525
0.06120376
0.15822932
0.07208819
0.05259703
0.01899555
0.07679461
-0.03536524
-0.01046428
0.04846835
0.12401016
-0.09396113
-0.07113310
0.06644262
-0.03755835
-0.12106817
0.08274000
-0.09604010
-0.01056773
-0.10873413
-0.00228765
0.07985241
-0.08464099
0.10027495
-0.13877923
-0.03448603
0.21139075
0.01111371
0.01604473
-0.17924902
-0.00129843
0.09772858
0.01582455
-0.06214322
0.00313479
-0.05807150
-0.00387976
0.10847065
0.16070969
0.00698972
0.00273411
-0.00370523
-0.13092764
0.00173194
-0.12871736
0.11454627
0.10411355
0.01000472
-0.06081798
-0.10394888
-0.06438737
0.01059865
-0.11982524
0.09211593
0.01914087
0.00531336
0.04651815
0.05980347
-0.01708042
-0.01941159
-0.01138267
0.05165970
-0.00147633
0.01243087
0.13222943
0.11420753
0.00627809
-0.06269096
0.09606084
0.04252908
0.04580112
0.09624554
0.05164736
0.03154092
-0.00714322
0.07655192
0.00771632
0.07668887
-0.05747921
-0.08728348
0.07004307
0.04962553
-0.09223740
-0.02869318
-0.06434865
0.11197633
0.01699388
-0.03806656
0.08158342
0.12529521
0.14327770
0.00878442
0.00472616
-0.03729818
0.11790992
-0.11338530
0.06346361
-0.08657330
-0.05057572
-0.01794551
-0.11278301
0.01199440
-0.02512164
-0.02247150
-0.01456960
0.00287982
-0.04386207
0.00942712
-0.03991347
0.00111190
-0.10713016
0.15860323
0.19853498
0.00353436
-0.02449651
0.23678080
-0.01444312
-0.15554195
0.01841841
0.16343360
-0.02666951
0.01979577
0.02467521
0.08648810
0.01597909
0.19479070
0.10297374
-0.12158519
-0.06175429
-0.21878619
0.05671094
0.00539783
-0.01463411
0.05048389
-0.03549173
-0.10282954
0.02773081
0.10007755
0.09463354
-0.03052666
0.05129638
-0.02692046
-0.02337108
-0.00759243
-0.05242710
-0.05516451
-0.07549504
0.15251892
0.11102506
0.01403868
-0.11891113
0.06323780
-0.00869631
0.17775643
-0.14534903
0.01338287
0.02872719
0.01558249
-0.07037641
-0.00793604
-0.10619988
-0.20863991
0.02384650
-0.13403364
0.07677142
0.09979858
-0.05386757
-0.13132649
-0.06190605
0.16234002
0.12520825
0.02164179
0.09596223
0.07398726
0.17097513
-0.13855294
0.00224903
-0.04273703
-0.02852659
-0.04236551
-0.01780738
-0.08113826
-0.10548478
0.01916229
-0.03625606
0.17137787
0.02819707
0.00781857
-0.08332511
0.13488387
-0.00317529
0.19155004
0.02365223
0.04593691
-0.22224105
-0.13373900
0.00856024
-0.04939475
-0.06052335
0.00030778
0.05673492
-0.21701479
-0.00327665
-0.07984384
0.07895592
-0.16592542
0.10962250
0.02746985
-0.04386015
-0.08002146
-0.00888589
0.02742550
-0.02306729
-0.16864275
0.05078521
-0.13444625
0.02905569
0.00357779
0.05368575
-0.00105811
0.06212968
0.01733829
-0.04132724
-0.15143248
-0.07978020
-0.00046697
0.01659714
-0.01027356
-0.07431875
0.05331953
0.03466095
-0.06570837
-0.06566853
0.02554049
0.10942239
0.01544278
-0.05265150
0.02591548
-0.09114114
0.03644078
-0.01331235
-0.04058081
0.03678003
-0.05603230
-0.00858453
0.16707438
-0.02017636
-0.13139617
-0.02713028
0.17592945
0.04349886
-0.17913037
-0.01248325
-0.00705804
0.00553456
-0.11133407
-0.18736455
-0.10513226
-0.05758270
0.01498609
-0.01842777
0.05900577
0.04975073
0.09723377
0.01169013
0.00379781
-0.02323276
-0.07113253
0.14593031
-0.03924355
0.23209634
0.00370829
-0.02963623
0.02774192
-0.06518943
-0.10296059
0.07860979
-0.05908691
0.12110940
0.04481318
0.05993782
0.01502428
0.07809235
-0.08572779
-0.04600722
0.03014109
-0.15972974
-0.14353748
-0.03001222
0.10194416
0.08790885
-0.05168521
-0.06023970
-0.03325277
0.05670708
0.02158205
-0.19291640
0.01798093
0.00167692
0.00614325
-0.11861417
0.01967091
0.05857054
0.03147109
-0.04596350
0.03505484
-0.02340131
0.06719812
0.13292292
0.04320231
-0.06433186
0.01794619
-0.03660440
-0.05101187
-0.09590438
-0.15670842
-0.08083943
-0.12949050
-0.01479679
-0.00204488
-0.00810944
0.10655510
0.03967894
0.09204631
0.08843933
0.10574377
-0.09592272
0.19048459
0.03615043
0.09660957
0.03372539
-0.04476344
0.06093463
-0.04754530
0.02633632
0.09977481
-0.05160487
-0.01394551
-0.04331073
-0.02405925
0.04223992
0.00945758
-0.09133066
-0.11956588
-0.05618212
0.07673760
-0.04596348
-0.10405951
0.01458230
0.05065346
0.04520247
-0.05408515
-0.21067308
0.02492707
0.17749849
-0.02502445
-0.18326075
0.07455409
-0.01858465
0.09870528
0.01567325
-0.05935062
0.02887882
-0.20690009
-0.00060445
-0.04941270
0.01840998
-0.02565505
-0.07509320
-0.00622086
0.12542420
0.17606382
0.08588494
0.02689054
0.10460158
-0.08911353
-0.03053831
0.01882707
0.08221403
-0.12526867
0.01328842
-0.23147657
-0.09165367
0.04223601
0.02359004
-0.12343686
-0.12207215
-0.00806274
-0.06581749
0.08201012
0.03076194
0.04609503
-0.03856211
0.03718024
0.01576322
0.10038997
-0.03123423
0.08092610
0.04649183
-0.02963079
-0.11841314
0.12975973
0.10265160
0.09549774
0.08876157
0.27717406
-0.04276462
0.04717073
-0.03135626
0.00150811
0.03238140
0.03346076
-0.02856273
0.09461082
0.00478879
-0.03372028
0.01588221
0.04346840
0.03228437
0.13432100
0.18342305
0.04162583
0.03622581
-0.06029464
0.01569010
-0.01919375
0.13047125
-0.06245623
0.13763425
0.01442682
0.09329152
0.06500065
0.00980782
-0.01667836
-0.06690078
-0.00327791
-0.10147573
0.06868753
0.05973525
-0.04971284
0.09638367
0.08085702
0.01354595
-0.18761641
-0.04558057
-0.05633353
0.07371806
-0.07617523
-0.00646622
0.21259653
0.10463730
-0.20702722
0.01532034
0.02839720
-0.00931001
0.13526120
0.00399329
-0.06075258
-0.06461486
0.08165496
-0.00086422
0.01582236
0.15008851
0.10581345
0.04873775
-0.07015793
0.15025222
0.14661402
-0.05867083
0.06980254
-0.14025949
0.14365214
0.01899551
0.13243978
0.09245964
0.03172041
-0.03727037
-0.00984221
0.10439241
0.07745196
0.01972169
0.06886465
-0.02004798
-0.05662314
0.03883246
-0.00672969
-0.02328954
-0.02247219
0.10512267
0.00811238
0.03545337
-0.01483841
-0.01601459
-0.11785608
-0.12162485
-0.08625647
0.00069402
0.04376155
0.03629125
0.03282373
-0.05920115
-0.00810221
-0.06950356
-0.02318209
-0.03412796
-0.13668164
-0.04977081
0.12369257
0.11710699
0.00437153
-0.09302047
-0.11328220
-0.16238877
0.15311503
-0.06185937
0.00580116
-0.01369115
0.01384521
-0.00427468
0.03848620
0.00798569
0.03147389
0.07839406
-0.12287388
0.05641295
0.07719737
-0.06947250
0.00966533
0.07555897
-0.08472850
0.09144308
-0.04366083
-0.14231943
0.13564780
0.15298125
-0.04838976
-0.02787660
0.18429083
-0.20320720
-0.00202801
0.11821925
-0.00203081
-0.02356270
0.01923440
-0.06200478
0.00132179
0.16031687
-0.03063512
-0.02040251
0.09446562
-0.08085153
-0.15914691
-0.06954030
0.00862843
0.02305996
-0.01535191
0.03477176
-0.05852090
-0.02097125
-0.18709831
0.01052944
-0.09452200
-0.04120054
0.12848996
0.07616771
-0.05798899
-0.02858906
0.04139992
-0.16602767
-0.05274082
0.04884996
-0.15155780
-0.04838013
0.06375236
0.11537625
-0.00918436
-0.16454477
0.04828172
0.04302982
-0.06058963
-0.03178038
-0.04065621
-0.00061465
0.04131070
-0.01462137
-0.08198762
-0.06783085
-0.07332690
0.02174433
0.12506009
0.02116762
0.06776204
-0.05391439
0.17385041
0.00045378
-0.01504174
0.01421742
0.07971179
-0.04164468
0.21419589
0.12721002
-0.05324023
0.00228113
-0.11180703
0.08263926
-0.03975227
0.06823678
-0.01238765
-0.19712060
-0.07412918
0.09979944
0.01188430
0.09650784
-0.03032242
0.10145672
-0.03558075
0.02702896
-0.15060253
0.17500372
-0.03256289
0.06482844
-0.13371137
0.02994217
-0.01008090
0.09058394
-0.04948477
-0.02705990
0.14813567
0.08463494
-0.01372885
0.04697439
-0.05634172
0.05936358
-0.02834023
0.00182420
-0.13842042
-0.00795969
0.11418914
0.07645573
-0.07806209
-0.07087079
-0.01493972
-0.06647634
-0.01591102
0.01741763
-0.07600296
-0.00996281
-0.11634340
0.03740976
-0.00001565
-0.01585019
0.10403736
-0.02681553
-0.08752136
0.14567441
0.01544908
0.13598502
0.03910861
0.15573811
-0.02472993
0.04210125
0.12196879
0.03990130
-0.11255765
0.02710291
0.00636876
-0.12677761
0.09594890
-0.01460967
0.04447326
-0.07382620
0.03592178
0.00623702
0.01891072
0.12994226
0.04003018
-0.12295432
-0.00350594
-0.05989852
0.07566649
0.11504155
0.03285523
-0.10462636
0.04335729
0.04044894
-0.01301607
-0.11944950
0.04474410
0.11368266
0.02731302
0.09636982
0.08583820
0.04468120
0.01573177
-0.15116299
0.02309958
0.22420117
-0.01553960
0.00766216
-0.03220566
-0.06050843
-0.08556435
0.04042382
-0.08958955
0.00575578
-0.03808719
0.01149429
0.08582913
0.08327563
-0.02797657
-0.12810747
0.00739275
-0.10656224
0.02018680
-0.01520513
-0.20112956
0.07784536
-0.00147478
-0.06484866
-0.01920479
0.18075561
0.01090751
0.08770139
0.22274040
-0.00856819
-0.12860320
-0.09769275
-0.01650977
0.04951576
-0.11323134
0.00272565
-0.07720609
-0.10848957
-0.04793203
0.09068691
-0.01972357
-0.01466681
-0.06293201
0.03085324
0.06284606
-0.01558231
-0.02354581
-0.06951444
-0.01229272
-0.04012328
-0.08410737
-0.02414382
0.11810390
0.02549935
-0.03659341
0.15832587
-0.09232677
0.04023553
0.28770379
0.05926034
-0.05969401
-0.15426365
-0.07615770
0.00791210
0.16579335
-0.12871685
-0.03931503
0.16319989
0.08367013
-0.00985215
0.05683952
-0.14347802
-0.09976663
-0.10425331
-0.05230663
-0.02240699
-0.04209409
-0.02729334
0.06178735
0.09927882
-0.10941535
0.11584666
-0.11749952
0.09647240
-0.03112578
-0.11754505
-0.01039060
0.07226483
0.08389125
-0.04357531
0.01376306
-0.11402397
-0.05307800
-0.13545791
-0.02270679
0.16924021
0.08417759
0.05097872
-0.00579676
0.06166017
0.06784197
0.05129343
-0.01068110
-0.00297961
-0.10292653
-0.07199321
-0.04140211
0.17615661
-0.08172586
-0.06866320
-0.09880321
-0.19915754
-0.07618550
0.02987597
0.14709338
-0.03200988
-0.02367363
-0.08173305
-0.09479211
0.08088545
-0.01470189
0.05835600
0.07307606
-0.02760241
0.05809756
0.06331529
-0.08361062
0.02262962
-0.07724170
0.12288262
0.12944219
0.08394898
0.08492598
-0.16665335
0.12290062
-0.15649680
0.09458950
0.08415283
0.10819177
-0.01158033
-0.03490612
-0.00353029
-0.04751769
-0.07842068
0.11047503
-0.04308108
0.00420453
-0.08648897
0.10537278
-0.06361333
0.02234887
-0.10900404
-0.09345354
-0.12077543
-0.13984005
-0.09237775
0.13140495
-0.09925603
0.11737799
0.00285994
0.07847746
0.05480734
-0.02533311
-0.00801860
0.09052266
-0.06305448
0.08849996
-0.07762463
-0.10372629
0.09205213
-0.06240929
0.03130876
0.11162867
-0.11428443
-0.17142634
-0.07263728
-0.00773006
-0.06773569
0.04513190
-0.20753412
-0.08037148
-0.05756550
0.04279646
-0.11761596
-0.05921581
-0.05694453
0.02172223
-0.10713737
-0.05610029
-0.02285895
0.13284563
-0.04799714
0.03796926
0.03209388
0.03758276
0.07070847
0.04228789
-0.02939676
-0.14579564
-0.02819955
0.03520898
0.05648849
0.04676004
0.06387488
0.18424884
-0.16108532
0.01930381
-0.04004357
0.10894007
-0.05121993
-0.13165561
-0.11108625
0.09758535
-0.00466247
0.16297922
0.06347804
-0.00424756
-0.00923730
-0.00343288
-0.03607274
0.01777271
-0.04288224
0.20372055
-0.03364004
-0.01746339
-0.10307452
0.07605183
0.20511252
-0.12312509
0.03617151
0.00906714
-0.21255921
0.04955223
-0.01894346
-0.10251224
-0.03736073
-0.09447312
-0.13979459
0.08568556
0.16642388
0.12828407
-0.04424487
-0.08042948
-0.05976813
-0.02364884
0.09559751
0.02756902
-0.11125438
0.07834533
-0.10666071
-0.09700673
0.03108449
0.14308236
-0.01435268
0.02302179
0.04250938
0.00107172
-0.11452456
0.09544723
-0.07251853
-0.16158245
-0.06098706
0.01077813
0.05351420
-0.08952475
-0.05457741
0.04965804
0.09929141
-0.02387014
-0.04974182
0.01012301
0.01026159
0.06412967
0.05109616
-0.00382921
-0.00915741
-0.00187867
0.11603298
-0.12265815
-0.15617726
-0.01697873
-0.09276602
0.15302892
-0.18260875
-0.07999485
-0.07228672
0.07885011
0.08464197
0.04831063
0.01304292
0.00419148
0.03925035
-0.08990170
-0.05712683
0.00314048
-0.02633892
0.12356139
-0.02389110
0.04261293
-0.07381971
0.13391592
-0.04133747
0.00382275
-0.07788668
0.12112961
-0.06127932
0.06573358
-0.08404741
0.07897017
0.02194631
-0.03581915
0.02272347
-0.09320900
0.10780738
0.04584829
-0.06834412
0.00555035
-0.16788970
0.12444629
0.01201773
0.13947643
0.06662019
-0.07793683
-0.00549887
0.05325214
-0.01131381
0.13909631
0.18152894
-0.06258552
0.11697938
0.10424889
-0.00448045
0.06907060
0.02610203
-0.00451147
-0.08837714
0.04964237
-0.11250643
0.06030698
0.00259892
0.02722562
-0.08474011
0.17984371
0.02886456
0.02318599
0.02112966
0.02495621
-0.04267362
0.03012288
0.02272513
0.13668067
-0.02894947
-0.06436292
0.08498837
-0.04365346
-0.13860739
0.03229675
0.00220048
-0.12604302
0.05511661
0.07763033
-0.13602069
0.01557092
-0.08686651
-0.14825208
-0.09252011
0.12540120
-0.14745724
-0.08545346
0.03512372
0.20203402
-0.01377773
0.14298987
-0.05784714
-0.03282601
-0.07805237
-0.08963425
0.10896173
-0.06109379
-0.00973501
-0.11858533
0.12180138
-0.00997114
-0.05771893
-0.05173295
0.01283353
0.00801942
0.07932160
0.01159990
-0.02522885
-0.02579227
-0.07032347
-0.02220635
-0.01643578
0.06900045
-0.12443539
-0.12953155
0.15467702
0.11443510
-0.08592629
-0.17170246
0.03578281
0.00890518
-0.12823712
0.02926755
-0.03003598
-0.00189979
-0.23091116
-0.13930119
0.11617881
0.00691762
0.12599196
-0.07335215
0.07369043
-0.06659976
-0.05151307
0.05932899
-0.12746636
-0.04716569
0.08254456
0.05252015
-0.11646813
0.04361887
0.06539267
-0.02354625
-0.16845637
-0.04261121
-0.07023991
-0.06472748
-0.12090651
0.13274344
-0.01197572
-0.03386951
-0.20994492
0.03917943
-0.07669002
-0.03170280
-0.00271675
-0.20800575
0.03948256
-0.05841761
0.07123600
0.05134823
-0.11703012
0.03588821
-0.12103709
0.03253006
-0.07827218
0.05469228
0.06182863
-0.21692370
0.10982952
-0.03712972
0.01788305
0.08749208
-0.10124789
-0.07792130
-0.00910469
-0.05880601
0.10745987
0.07002172
-0.05561702
-0.07709384
0.16454832
-0.01142424
0.02812344
-0.13626543
0.03508508
0.18434237
-0.06228904
0.11054756
-0.03858493
-0.01786263
-0.06055362
0.05201993
0.00306964
-0.07604027
-0.05657221
-0.01633071
0.04598990
-0.06321819
0.14031048
-0.08372882
0.18730603
0.09279780
-0.04712102
-0.06186735
0.00118361
-0.04978681
0.00719810
0.15423540
-0.04283106
0.08037225
-0.20099269
0.05101944
-0.08939249
-0.05857846
-0.03979150
-0.02204769
0.11036360
-0.05799332
0.04003055
0.05362286
-0.07287746
-0.06580729
-0.11324201
0.06684490
0.03297472
-0.07106504
0.07777237
0.03345915
0.03727303
0.01916998
0.05823049
0.10544805
-0.14523897
0.17798391
0.04716923
-0.06768298
0.00198942
0.02950289
-0.08754309
0.04183889
0.01711265
0.02251166
0.03164273
0.07178079
-0.03094600
0.03137078
0.00313630
0.06191962
-0.01336650
0.17538365
-0.08185123
0.00570659
-0.07120464
0.03564637
0.06026785
0.03552396
-0.01172028
-0.15722730
-0.04015095
0.11453890
-0.15113483
-0.01039183
0.09503148
0.13102595
-0.00201958
0.04934294
0.03341201
0.03220564
-0.00758956
0.07329782
0.14762171
0.13017150
0.17363580
-0.05218115
-0.12024960
0.07162099
-0.05142937
-0.04649176
-0.05694785
0.08036282
0.02780983
0.05199458
0.08321130
-0.05343899
0.07779979
-0.09713746
0.01396159
-0.02603909
-0.00934329
0.11861284
-0.18107810
0.07476452
0.00952311
0.00605972
-0.00585328
-0.11865240
0.06995900
0.05643410
-0.10692623
-0.09619908
0.03709943
-0.05990737
0.00937496
0.01772567
-0.08807557
-0.03196514
-0.10286705
0.03873379
0.03003937
-0.05686833
-0.00636070
0.10118338
0.00285928
0.04250014
0.01394019
-0.10036742
0.10537036
-0.00821828
-0.08629052
-0.09176299
-0.02653285
-0.09283525
0.13898206
-0.08308326
-0.03655152
0.09570981
-0.03072329
0.00807556
-0.02052803
0.11677200
0.02954069
-0.11799291
0.07439183
-0.00739687
0.16607182
-0.05544488
0.11406846
-0.00215057
-0.21290697
0.09437747
0.01506195
-0.02979992
-0.05914784
-0.00902326
-0.03952218
-0.02645988
0.16215932
-0.16278204
0.09948778
0.02447727
0.10896110
-0.01774451
0.08340780
-0.17637523
0.12863909
-0.08153307
-0.05284764
-0.18045403
-0.09401741
0.04587634
-0.00910503
-0.09954038
-0.12934812
-0.02632231
-0.08964269
-0.17808063
-0.14293059
-0.24940096
0.05995150
-0.08416606
-0.00315473
-0.13354441
-0.11971054
-0.03812067
-0.11120461
-0.02082245
-0.09282484
-0.15551811
-0.00580315
0.06945761
0.12560904
0.00168162
0.08089371
0.09868421
0.13361654
0.11188978
0.20004339
0.19490107
0.19959029
0.18739064
0.21120222
0.04642762
0.21995132
0.00516242
0.10489323
0.14297080
0.07649441
-0.05147526
0.13282305
-0.06934486
0.03358057
-0.03634611
0.01692921
0.00513467
-0.00594708
0.00766157
-0.15256198
-0.17420903
-0.16717069
-0.26421638
-0.10215989
-0.13635242
-0.06865808
-0.15844400
-0.19633171
-0.35806720
-0.12242333
0.01014719
-0.11537288
-0.03835118
-0.01230240
-0.11556740
-0.14584162
-0.11755079
0.04542129
0.07014372
0.09638153
0.14156025
0.26462687
-0.11787099
0.08733675
-0.06022214
0.18649111
0.15936732
0.14388598
0.07076790
0.15641594
-0.04738474
0.09701706
-0.02572185
0.01484617
0.11015037
0.01058627
0.27451285
0.09792829
0.22651874
-0.05230511
-0.00250434
-0.08534885
0.06498769
-0.01493762
-0.09166672
0.02589381
-0.08985389
0.10442600
-0.01635443
0.06915685
-0.03557899
0.08157348
0.02048137
-0.06511256
0.01211616
0.03439904
0.15394852
0.05475942
0.05980033
0.15739473
0.08733266
0.00048367
0.01705674
0.07558542
0.05901820
0.06479517
0.04877673
0.18524608
-0.00540169
0.14854340
0.00611271
0.00856135
0.05112098
0.11507946
-0.06456065
-0.10480551
-0.08284984
-0.13669769
-0.13353364
-0.04114140
-0.26325546
-0.27676748
-0.35288076
-0.42778870
-0.35376103
-0.37979737
-0.34376205
-0.32715782
-0.43756666
-0.35655305
-0.31092516
-0.35138525
-0.40107322
-0.26102573
-0.11228796
-0.14974760
-0.17301409
-0.03083591
-0.03180713
0.14358111
0.29560820
0.21130612
0.21340658
0.22646894
0.25297719
0.31292669
0.29051787
0.35282121
0.31845636
0.35651286
0.31182866
0.38809279
0.27109330
0.37456382
0.25868944
0.35151577
0.22079628
0.18415671
0.15150996
0.12636054
-0.08596176
0.19361648
0.08893071
-0.04454778
0.08768216
-0.05758150
-0.00040109
-0.17810507
0.05024792
0.03558938
-0.07908087
-0.13467258
-0.20931550
-0.11601003
0.03778519
-0.05058938
0.04242695
-0.08048499
-0.05390058
-0.00074202
-0.10297684
-0.13357064
-0.12899493
0.02850563
-0.12404627
0.01924806
-0.15015003
-0.03839274
0.05346311
-0.01704079
-0.06778675
-0.04616494
-0.01808375
-0.08701204
0.10758329
-0.12595305
-0.02129212
-0.17009059
-0.14381030
0.06424342
-0.11410861
0.13151907
-0.05829133
-0.06145629
0.24941173
0.20825711
-0.05955352
0.11460596
-0.01180449
-0.11321621
0.09737757
0.16199236
-0.04208218
0.08629334
0.00510491
-0.11120445
-0.07626030
0.05520605
-0.25287273
0.04074002
-0.07925036
0.11081321
-0.01656796
0.01714627
0.14814245
0.06733874
-0.00251392
0.10439124
0.03841107
-0.06047773
0.00509247
0.02370322
0.06898927
0.01752614
-0.09919033
-0.03728547
-0.08508395
0.11664879
0.06716012
-0.00281818
0.15740230
0.07105140
0.02076940
0.00923072
0.01129362
0.02770786
0.13798534
-0.06039374
0.26788532
0.09083650
0.04617984
-0.02976054
-0.02223083
-0.14488216
0.06419071
-0.00089877
0.10725468
0.00463821
0.08386320
0.10155322
-0.10905077
0.02532205
0.05727443
-0.14564375
0.00064605
-0.01002819
-0.09841169
-0.06718775
0.00701150
-0.00412561
-0.01039166
-0.06430108
-0.08039266
-0.00358263
-0.00164430
-0.09698575
0.02222590
0.16430091
0.05527111
-0.07769039
0.01447657
0.06199253
-0.05187233
0.06343093
0.01470144
0.09119640
0.25665197
0.01343892
-0.01991362
-0.15090951
0.01560900
-0.01119621
0.01909438
-0.04842129
-0.06206610
0.01849491
-0.08184328
-0.03871373
-0.04983018
-0.02707590
0.07122430
0.01446765
-0.05602120
-0.04852259
-0.09411424
-0.11159357
-0.04354741
-0.18398633
0.03765153
-0.08465312
0.11324060
-0.11751459
0.07728264
0.04723081
-0.09530806
0.05571201
-0.01934206
0.11226559
0.07291542
-0.00026673
0.15610716
0.10222541
0.20470062
-0.04458488
0.11933433
0.02734732
0.12098742
0.16429777
0.05847752
0.07931329
0.00193998
0.14198750
0.17227717
0.09861180
0.12205929
-0.02372137
-0.11163561
0.04193106
-0.03850612
0.01040882
-0.03568342
-0.12697960
0.01424773
0.01039844
0.02756273
0.00743781
-0.03679456
-0.06423109
-0.00930322
-0.05820082
-0.13666898
-0.19694701
-0.12874548
0.05518116
0.04047459
0.01577754
-0.19899810
-0.07511244
-0.13272276
-0.16441122
-0.08869392
0.12262569
-0.02530330
-0.05480640
0.09753075
0.03717665
0.00832715
0.01802383
0.06421303
0.05379385
0.13644415
-0.03048881
0.06984833
0.07743958
-0.07479322
0.02027240
0.03420584
-0.03869371
-0.05107412
-0.00137876
-0.08393453
0.04013968
0.04764129
