-0.07694200
-0.02824065
0.06464695
-0.08046243
-0.00215721
-0.13033870
-0.01422325
0.00924815
0.07905171
-0.17544825
-0.11747223
-0.04302637
0.03046486
0.12817050
-0.12474261
-0.08196954
-0.16471664
-0.01535520
0.24971224
0.00966408
-0.15660304
0.15377960
0.07855589
0.05454829
0.01209384
0.05454638
-0.04164833
0.10807035
0.12942229
-0.08882476
-0.17469968
0.09603738
-0.05613039
-0.08073866
0.18520323
-0.05093623
0.01419912
-0.08761537
-0.09106853
-0.00387227
0.03510433
0.04545549
0.20057785
-0.04226912
-0.07733319
-0.07546534
-0.09884154
0.10253049
0.07554157
-0.09548447
-0.00354578
-0.04087046
0.00595796
0.09552839
0.00278185
-0.01190140
-0.18589689
-0.06152972
-0.01933136
-0.04194626
-0.06310025
0.09191931
0.04346626
-0.00567184
0.23084768
-0.02934542
0.10117437
-0.09769582
-0.08707648
-0.11679292
0.11390104
-0.20659188
0.01438698
0.11102637
-0.13128037
-0.00008239
0.05810788
-0.01405591
-0.06388669
-0.07789699
-0.00029440
0.12218645
-0.13905942
0.11853610
0.13011118
0.06367856
0.07640289
0.00559681
-0.02001676
-0.00265045
0.00767889
-0.02076400
-0.06265642
-0.12580558
0.02714779
-0.03365504
0.05634507
0.06328327
-0.00478976
-0.01924406
0.02647386
-0.01372962
-0.02304731
-0.00446902
0.09261562
-0.09647908
-0.00757484
0.00805460
-0.06247033
0.02931933
0.08678674
0.01196656
-0.10935741
-0.01568702
0.01197050
0.09493273
-0.01370787
-0.10058270
0.04675421
-0.01365179
-0.05382493
0.01599169
-0.04521944
-0.06054660
0.19062134
-0.05358314
0.11656726
-0.04016567
-0.02077378
-0.01030715
0.07669974
0.06372314
-0.04605975
-0.19546947
-0.09466241
-0.04132919
-0.01858693
0.08176240
-0.11169826
-0.09658254
-0.19100758
0.04988341
0.01736641
0.11267998
-0.03759365
-0.02055758
-0.04913244
0.01390454
-0.01318362
0.13082767
-0.06595430
0.04003450
-0.06904284
-0.08459788
-0.14753559
0.10080416
0.08582231
-0.05891965
-0.00017801
0.00709223
0.11997550
-0.02655607
-0.01812237
-0.00764671
-0.11679740
-0.04128033
-0.15354819
-0.07153309
-0.09429359
0.07330644
0.10117119
-0.05940707
0.06649646
-0.05541117
-0.00295485
-0.02406035
-0.03172434
-0.00991031
0.01623657
-0.02960365
-0.02598544
0.16225004
0.01461973
0.08230640
-0.08358442
-0.09691771
0.00802349
0.06242302
-0.01266988
0.08052682
-0.05009109
-0.14576385
0.13856149
-0.11244070
0.16942807
0.01358514
0.12334462
0.17434390
-0.11236489
0.03982723
0.08720720
-0.02674152
-0.07488748
-0.00658657
0.19139466
-0.04821348
0.03936572
-0.07122892
0.07895089
-0.04703628
0.18047925
0.08045305
0.00973562
-0.19251241
0.07639203
-0.17051628
-0.06561289
-0.13099157
-0.05521071
0.00822104
-0.12232122
-0.03179927
0.02800418
0.04720947
0.03635229
-0.09074285
0.04877885
-0.12115526
-0.07809835
-0.00374073
-0.04519099
0.08197187
0.05066843
0.04737418
-0.13247043
0.22919438
-0.08513534
-0.18529116
-0.01896173
-0.20131850
0.05967588
0.12449988
-0.05250127
-0.01921802
-0.00200576
0.07045422
-0.06425311
0.08104603
-0.00141381
-0.06143950
0.12173454
-0.07906188
-0.08546054
0.19396642
-0.08610708
0.09538251
-0.00111262
-0.00708639
0.03300321
0.05718727
-0.09643359
-0.06962762
0.06382634
-0.20636377
-0.06272199
-0.07225008
-0.03987776
-0.05347792
-0.05665816
0.03200540
-0.01440540
-0.02113071
-0.05228917
-0.00126529
-0.19367916
-0.06772623
-0.07827341
-0.00536979
-0.04086084
0.09941158
-0.06026326
0.04956430
-0.04915043
0.11096936
-0.03124487
0.07741887
-0.07429111
-0.00785746
-0.07273207
0.10581808
-0.08404158
-0.09425182
-0.04381541
0.14249302
0.04807509
0.05375442
0.03938611
-0.07270164
-0.06672590
0.16718170
-0.21699407
0.08498752
0.04341914
0.04123690
0.03375522
0.01726001
-0.05337104
-0.19317182
-0.00547381
-0.10101820
0.11453443
-0.07881552
0.04459843
-0.14929765
0.01288410
-0.13586490
0.04234440
-0.05453234
-0.01943810
0.19675613
0.04497573
-0.08045864
-0.01100774
0.06847772
-0.00615396
-0.01371324
-0.10166529
-0.00420208
0.06484734
-0.06143806
-0.01589506
0.04906106
-0.13086154
0.03544823
0.00384956
0.06010380
0.16195334
0.08416293
0.01575947
0.02005674
-0.13395560
0.01296770
-0.12818568
-0.07951355
-0.02478254
-0.04570463
0.03180952
-0.05692808
-0.08149018
-0.01914275
-0.04228375
0.07514051
-0.09154642
-0.03980441
0.11224586
-0.00533998
-0.04617206
-0.18994289
0.01375346
0.12796849
-0.07510733
-0.05880129
0.11454185
0.08428335
0.06788710
0.03194149
0.03060721
0.04147656
-0.01086924
-0.08011458
-0.11797543
-0.07815030
0.07816426
-0.03271119
0.03048725
0.07913857
-0.03856316
-0.05583496
0.01319360
0.06522019
-0.02028050
-0.03992461
0.08114423
-0.00861657
0.08719054
-0.13986818
0.02509006
0.00922705
-0.06734124
0.05161069
-0.01033773
0.03993109
-0.01225715
-0.08647713
-0.13736757
-0.06818410
-0.07375037
0.07225817
-0.14036367
0.02369984
-0.00499301
0.06146844
-0.16093092
0.12991549
-0.03603548
0.01697605
0.01952320
0.01520567
-0.02220542
0.07541168
0.08921270
0.07692535
-0.09934331
-0.09336454
-0.14005029
-0.11561850
-0.00227517
0.05299460
0.03628168
0.02228659
0.07826000
-0.01593580
0.10434133
0.00654465
0.05412294
0.08959090
0.06737702
-0.09577185
-0.19209486
0.10436403
0.00333208
0.15135319
-0.00943046
-0.02054181
-0.01563767
0.06120251
-0.08411914
-0.03770484
-0.01514559
0.02940880
0.03598282
-0.08653702
-0.11178067
0.00124495
0.01401622
0.06708739
0.02494985
-0.10147424
0.02999033
0.06978538
-0.17147791
-0.00789681
0.01975552
0.10319236
-0.00866193
-0.01003261
0.06273149
-0.04606836
-0.03846572
-0.06119540
-0.09887380
0.14174840
0.01196067
0.00903198
0.09782049
-0.05895038
0.11913140
0.04086478
0.06394875
-0.00853458
-0.07676178
-0.05046457
-0.03355557
-0.08646813
-0.03752814
-0.02259722
-0.00758628
-0.01242814
0.00884144
0.12042531
-0.06934592
0.15990673
0.09884544
-0.08156026
0.12670467
0.14666200
0.04480749
0.07383049
-0.00697894
0.02238362
0.10025767
-0.09272929
-0.07325053
-0.00501618
0.04227975
-0.02493902
0.01993907
-0.01591882
-0.04802420
0.13194689
0.06792433
0.03883675
-0.02043149
-0.03330644
0.00581968
0.00075224
0.03001496
0.03026624
0.05206597
0.07777040
0.10166669
-0.01676318
0.00237183
0.02911538
0.04248283
-0.00763154
-0.01375184
0.01688940
0.08609933
0.04563890
-0.07440651
-0.02303415
-0.29229347
-0.09744235
-0.08790458
0.03344545
0.10079344
0.03169329
0.11073268
0.05862023
-0.07874420
-0.07252157
0.08087027
-0.21513402
0.02284655
-0.05837826
-0.00843056
0.01488764
-0.02893703
0.03926968
-0.06809622
-0.05090092
0.09525463
-0.01668022
-0.06858375
0.10598558
0.02300656
-0.00590814
0.00099693
0.02554655
0.02767702
-0.07710652
-0.01610477
-0.01383381
-0.02638840
0.05325972
-0.06321122
-0.03811901
-0.04174932
0.10018897
-0.11471810
0.06038946
0.05371643
-0.04595491
-0.02698341
-0.09357812
0.12128586
-0.05996287
0.09584826
0.04526726
-0.03449167
-0.04142859
-0.01581224
-0.09273886
0.11773849
0.03165604
0.09668385
0.05386848
-0.07940268
0.01260682
0.20626031
-0.01200561
-0.00374288
-0.04725632
-0.07647413
-0.08246365
0.02003800
0.08874439
-0.12135146
0.03623141
-0.04037912
-0.02632504
-0.06271245
0.04507310
0.04793071
0.11524482
0.14885963
-0.04225157
0.00817499
-0.03266887
-0.06416150
-0.00840799
0.00838387
0.02781760
0.04889095
0.03448003
-0.03611695
0.06577257
-0.15365449
-0.11527548
-0.00877744
0.00661009
-0.05151082
0.01250034
0.01895338
-0.03344526
0.06346237
0.05226135
0.17611445
-0.02419471
-0.01188111
0.03087542
0.03228970
-0.10832575
0.08394100
-0.05742295
-0.08063697
-0.01654353
0.06449119
-0.02847602
-0.22720345
0.00334163
0.09747150
0.01352338
-0.03475393
0.04129172
-0.12437852
-0.10044384
0.03148676
0.14270550
-0.01530793
-0.03783121
-0.04375757
-0.10009286
-0.03311201
0.06903880
0.15210573
0.03641295
0.04263524
0.03297167
-0.04859351
0.02274343
0.00598515
0.02295175
-0.13178112
0.05361264
-0.20439568
0.06237746
-0.00097544
0.04899599
-0.05866733
0.02694007
-0.15373259
-0.07081504
-0.04939169
-0.02510257
-0.01245182
0.00890669
-0.01579912
0.04001877
-0.03993421
-0.14458158
-0.14694561
-0.09810169
-0.17127985
0.11773473
-0.09265534
0.12388213
-0.11551718
-0.04514722
0.13573354
-0.04464245
0.02651306
0.03928019
0.08888742
-0.20046561
-0.09328310
0.01075679
-0.07158756
-0.05310201
-0.09878775
0.01862810
-0.21304205
0.05051143
-0.16299748
0.09973064
0.07335034
0.05118981
-0.07696820
0.12350137
-0.08411083
0.01307657
0.06161875
-0.06094741
-0.00409243
0.04166365
0.03349143
0.16237235
-0.12802028
0.01407360
0.05669024
-0.01984489
0.14175161
-0.08972320
0.00937354
0.05206972
0.01364818
0.07465300
0.09494519
-0.06056958
-0.00892124
0.06017310
0.21199159
-0.04855464
0.04468488
-0.09122377
-0.07311433
-0.07613651
0.11402493
0.16431766
0.11154301
-0.10425006
-0.03916912
-0.11131173
0.04328535
0.11268256
-0.05376662
0.03871456
-0.01461739
0.06947708
0.16173616
0.07467895
-0.02004855
0.06300399
0.05826563
-0.12980538
-0.09690168
0.00707658
-0.05059709
-0.05193816
-0.02463156
0.06327044
0.05375013
0.09889701
0.02922149
0.18558161
0.10112605
0.02104820
-0.02505379
-0.13337937
-0.03031648
-0.12478307
-0.06586117
-0.15926189
0.13444177
-0.09747937
0.06598551
0.05763913
0.18662665
-0.08566493
0.04440305
-0.07537183
-0.05355222
0.05578161
-0.05912653
0.07649231
0.15191399
0.18608459
0.08730671
0.07941124
0.02887493
0.01952787
-0.06320256
-0.13542471
0.08638554
-0.09328994
0.00918320
0.02934006
-0.07027385
0.11830908
-0.05262932
-0.02174074
-0.11968746
0.02135842
0.02381976
-0.05586739
-0.05363391
-0.00934758
-0.00996211
-0.00511835
-0.05009320
-0.09093258
-0.15248625
0.04167628
0.14942331
-0.11354280
-0.05617560
0.00505931
0.13824525
0.03292935
0.04712302
0.10466652
0.03478828
0.08239143
-0.08138591
0.00692038
-0.16692126
0.02501250
-0.14489715
0.07343950
0.06065487
0.08587185
-0.08673540
0.20228736
-0.18160265
0.01413619
0.00488859
0.05563239
0.08434483
0.05731147
0.00732696
0.08158903
0.14820460
0.02109056
-0.14683537
-0.08736048
0.02595669
-0.09289124
-0.07539603
-0.11535366
0.06626444
-0.01983426
0.01791458
-0.09279704
0.03397332
-0.14927981
-0.02815142
0.07729512
0.02680170
0.10016664
0.15828592
-0.15813184
-0.07722380
-0.08677302
0.08634124
-0.06603190
0.02778267
0.05387441
0.01207776
0.07044989
0.06696916
-0.02982057
-0.01520885
0.01375160
0.18304387
-0.02966790
0.01271127
0.12821314
0.01617224
-0.01520542
-0.02756825
-0.15184952
-0.04569865
0.11754698
0.02739182
-0.10394688
-0.04023735
-0.02487562
0.01958993
-0.14548200
0.04855934
0.03270735
-0.05397875
-0.07301961
-0.03877155
0.01914770
0.01948458
0.09762145
0.03275610
-0.00693263
-0.06311735
0.12771322
0.01377685
0.20484474
-0.06802731
-0.03280939
0.13231652
-0.09437948
-0.08558859
0.08857994
0.05413336
0.04793342
0.16548320
-0.03539856
-0.07294606
0.01888398
-0.01185301
-0.03638604
-0.13065116
0.07786441
-0.04846705
0.03258647
-0.02416136
0.19969950
0.00253355
-0.12539901
-0.03070774
-0.06724235
-0.03414081
0.13940283
0.07101230
0.02442088
0.14544619
0.00114359
-0.03975192
-0.08333788
-0.01949169
-0.03574824
0.13482020
-0.11557982
-0.02125828
-0.06493462
0.14484750
-0.03709301
-0.09107472
0.04968204
0.03319811
0.01947839
0.05277732
0.09172905
-0.18768356
-0.07460294
0.07900654
0.03251673
0.02057330
0.02273158
0.05192271
0.12714444
-0.03047032
-0.06728456
0.01740798
-0.13769192
0.00077460
-0.06681929
0.04026942
0.10444943
0.07173293
-0.03114993
-0.02253217
-0.06065704
-0.09790208
0.06884535
0.02815625
0.05251141
-0.02503614
-0.12546857
-0.00198145
0.03275037
0.05093363
-0.11995454
0.01591863
0.13498479
-0.00217931
0.04166310
0.02248904
-0.04333889
-0.06223247
0.02310888
0.04316208
-0.13044889
0.00251477
0.00550098
-0.00161604
0.13012967
-0.22113894
-0.03736515
-0.04317358
0.04196835
0.15488376
0.07753329
0.00765798
-0.13026567
-0.06478912
0.05228352
0.04418783
0.14769837
0.00801117
0.14568171
-0.02699610
-0.01744141
-0.08436928
-0.12691481
0.04617291
0.14783138
-0.01787541
-0.00983319
-0.13708171
0.01219860
0.09311391
0.09837456
-0.08259549
-0.03983242
-0.10765254
-0.00953951
-0.07871824
0.04186112
0.04487586
0.11961732
0.16860186
-0.11787588
-0.04611739
0.07849962
-0.04638685
-0.01143492
-0.08030064
-0.09052600
-0.04880253
-0.14889555
0.01553302
0.01916834
0.15018621
-0.00019679
0.01843976
-0.03591126
-0.04579250
-0.03969897
-0.01004115
-0.05176787
-0.00494826
-0.00769162
0.12446520
-0.05044428
-0.00488012
0.04997801
0.03707538
-0.02440642
-0.12215591
0.08531739
-0.00460227
0.02664710
-0.03212038
-0.02173347
-0.08864779
0.03851664
-0.10159735
-0.10992942
0.07030621
0.02062443
0.02595504
0.00502145
-0.07591416
-0.02290305
0.01163370
-0.02174561
0.00820584
-0.08449272
0.00490029
0.15670783
-0.08684582
-0.13166582
-0.04701820
0.04660773
0.03332074
0.03552106
-0.03336721
0.04291832
-0.21903928
-0.09299683
-0.00986103
0.07076087
-0.05256339
-0.06160398
-0.08898647
0.02367971
0.00944463
0.06187155
-0.04935138
0.13861942
-0.04444531
-0.06184033
-0.02907527
-0.08031992
0.11055599
-0.02388562
-0.03313978
0.07697738
0.07809223
0.07110322
-0.01674376
0.00066427
-0.05034763
0.06381460
0.02757134
0.13142029
0.00356653
0.10099790
-0.09336504
0.05136770
0.01990072
-0.11158612
0.00755066
-0.09755047
0.08372991
-0.01692119
0.00239726
-0.09625255
0.12058532
0.05612988
-0.11544593
0.05651469
-0.02572016
0.02057450
-0.04900930
0.08353712
0.17783316
-0.02236723
-0.04893462
0.00875584
0.06159066
0.01666068
-0.08506437
-0.03513009
-0.03945653
0.04726388
-0.08821351
0.08514034
-0.06789247
-0.07323510
0.08726971
-0.12322316
0.12930912
-0.03677639
0.11769527
-0.09742538
-0.10192718
0.01178489
0.12115367
-0.02305002
0.05053737
-0.08116041
0.04027707
0.03943557
-0.09928999
0.03465729
0.04446963
0.08075518
0.07141743
-0.01480388
-0.01914616
0.07455725
0.23007408
-0.11244617
-0.13380463
0.08849324
-0.08358913
0.11860037
-0.11300484
-0.11672649
0.03008686
-0.14820303
-0.01269340
0.03393663
0.02095583
-0.06431529
0.17791539
0.19609119
-0.11019488
-0.05746872
0.05396962
0.08640809
-0.02915492
-0.24091544
0.11476608
-0.07987816
0.00565299
-0.05896161
-0.03935517
-0.00614597
0.04401778
0.09536115
0.16130558
-0.02702762
-0.00657396
0.00650692
0.03460420
-0.03808374
-0.01343435
-0.00227275
0.03884158
-0.09636406
-0.07624446
-0.01697815
-0.01085054
-0.10442108
0.13223356
-0.02209314
-0.18792037
-0.01466506
-0.04514456
0.06893805
-0.03386421
0.00342379
0.08918673
0.08092018
-0.00550753
0.01669652
0.01990827
-0.07767284
-0.09308927
-0.07009551
0.02340583
0.09475232
-0.06227098
0.05705560
-0.11443146
-0.01157784
-0.08511212
-0.00398425
0.16816689
0.16404081
-0.09207822
-0.13430447
-0.00931017
0.04228702
-0.05510617
0.06677087
-0.12643896
0.03554987
-0.03358349
-0.18618513
0.05707857
-0.14395847
-0.08036554
0.11403101
-0.02638112
-0.05500014
-0.02616855
-0.06325821
-0.02023865
-0.03602582
0.04628602
0.13818299
-0.12230727
0.06042690
-0.04347396
0.10469542
0.06058395
-0.05726839
0.01081706
-0.05657601
-0.02783036
0.16950647
0.01050536
-0.10379129
-0.05166831
-0.08102966
0.01697989
-0.06679747
-0.02267649
0.09630491
0.00317770
-0.04333778
-0.06849070
-0.08450059
0.19433083
0.04133214
0.05871231
-0.05538271
0.00493566
-0.06874550
0.03042731
0.21663261
0.05711053
-0.06125090
0.09587606
0.13287854
-0.07640588
0.05799970
0.00331271
-0.10621936
-0.01969060
-0.06725689
-0.20230881
0.07605424
0.06688050
0.04856552
-0.21190160
-0.00087088
0.04115374
-0.02273807
0.15678941
-0.09682099
0.08101950
-0.09413637
-0.00886892
-0.02599259
-0.06187712
-0.09780602
0.02555926
0.14364677
0.04048058
-0.03730212
0.09044575
0.02486297
-0.09139919
-0.03299882
-0.01217103
-0.13555916
0.09382893
0.03373969
0.03941064
-0.01752932
0.01828817
0.11050998
0.10504534
-0.01606517
-0.03790957
-0.05788447
0.00294552
-0.01399030
0.00864981
-0.16614890
-0.14998935
0.02921936
-0.09885958
-0.15091709
0.11273613
0.04207294
0.07371263
-0.25377715
-0.00236016
0.00499960
0.13119022
-0.12012030
-0.14869562
-0.00710318
0.08771663
0.04131261
-0.07302386
-0.02941213
0.02644806
0.20873255
-0.04945143
-0.01131444
0.17266923
-0.07552045
0.10528815
0.00689488
-0.08127357
0.13016756
0.05561744
0.05488395
-0.08126598
0.00265544
-0.02912383
0.10293336
0.18650084
-0.02914544
0.02863476
-0.00500819
0.00691964
-0.00766677
-0.03300710
0.05475076
0.04819609
0.00713134
0.14137403
-0.14476375
0.05617903
0.01688091
0.09097076
0.13482522
0.09134706
0.17509596
0.09904685
-0.07382027
0.04354777
-0.02047105
-0.08137222
0.02914802
0.07537981
-0.03747431
0.20128232
-0.06175460
0.03955297
0.02642715
0.00477479
-0.15066741
-0.02211722
-0.05437479
0.01814766
0.21719346
-0.03329489
-0.04947018
-0.00928829
0.12119271
0.12335123
-0.07031030
0.00156859
0.07682900
0.02977221
0.16742368
0.01128287
0.05343236
-0.00715335
0.13179545
-0.04051797
-0.02836559
-0.13679469
-0.01450344
-0.08468630
0.00118984
-0.00299772
0.04746628
-0.06967386
-0.05300290
0.01442649
0.07068170
0.01673442
0.06502040
0.12582567
-0.00068349
0.02612033
-0.12840730
-0.06267079
-0.05638637
0.02191289
0.01940807
-0.05033728
-0.04649253
0.11947215
-0.01212945
0.04921701
0.01490065
0.02960706
0.13944362
-0.05216875
-0.21907321
0.13541809
-0.06158986
-0.00850273
-0.02765192
-0.00848326
-0.03478614
-0.11703015
-0.07012049
-0.08712161
-0.09940937
-0.01365791
0.12343730
-0.12335013
0.00540928
-0.00672505
-0.12250540
-0.00179525
0.15267049
0.09279059
0.05392203
-0.11157615
0.05636325
0.02091114
-0.01875594
0.08080183
0.06928037
-0.03394728
-0.02849450
-0.16688372
0.11857363
0.11703395
0.04345128
-0.02354724
-0.06112156
-0.12688145
0.03623856
0.06217281
0.05154034
-0.08327604
0.08573636
0.04875118
-0.06438338
-0.01788176
-0.02156017
0.12683190
-0.05987192
-0.13398468
0.15170219
0.06285415
-0.08178388
0.08070656
-0.04257120
-0.18092570
-0.08208034
0.05764978
-0.02519133
0.00709235
0.05445354
0.07127004
-0.10454973
-0.01327187
-0.01753711
0.00925813
-0.07019630
0.05289443
0.02023876
-0.11978423
0.00148313
0.14643135
0.03373192
0.16694225
-0.16729949
-0.02964840
0.01650735
-0.03297459
-0.04910643
0.05107021
-0.11519747
-0.02757121
0.00184910
-0.09105856
-0.02809481
-0.02176472
0.01625728
-0.06229725
-0.08380052
-0.01229134
-0.03587667
0.04919360
-0.03737762
-0.05036050
-0.10056216
-0.00363376
0.06819229
0.06300681
0.09780955
0.10498353
0.08982429
0.07308023
-0.03911723
0.02188401
-0.11413778
-0.09640975
0.11346667
0.06735814
0.18379112
0.05528460
0.03959630
0.04239464
0.05129082
-0.08529144
0.03043020
0.06366728
-0.12212259
-0.21695747
0.07582309
-0.05597013
-0.12255889
0.03668531
-0.06409156
0.05674878
-0.10020111
0.05373883
-0.02182474
0.05470958
-0.02429442
0.00903217
0.00333668
-0.08485299
-0.06509611
-0.04050078
-0.06815487
0.04830742
0.05342149
-0.06506884
0.05526567
0.10104847
-0.03609274
-0.04807625
0.09749568
0.02025923
0.07329498
-0.07554009
0.03147343
0.10038185
-0.04477425
0.04813839
0.12961245
-0.12193212
0.03161335
0.08902354
0.05983977
0.05750135
-0.07595862
0.08013931
-0.08196039
0.07975621
0.21144449
-0.04528630
0.13032025
0.08785024
0.13725087
-0.02132817
-0.11569249
0.01273218
-0.11722880
-0.01864871
-0.05012124
0.03426890
0.10128105
0.05837912
0.00362008
-0.01278989
-0.01677967
-0.08281032
0.00207759
0.04362042
0.01861664
0.03270703
0.00859643
-0.00564894
-0.03566150
0.02327501
0.06363037
0.17909616
-0.02735613
-0.11098888
-0.05991215
0.09452142
-0.03101116
-0.03257056
-0.05259810
-0.03983386
0.00422162
0.03306507
-0.05275932
-0.07170158
-0.04982164
-0.26544870
0.01995383
-0.10200137
-0.02460522
-0.09069535
0.03709037
-0.15661094
-0.05908113
0.02651971
-0.13070017
0.05816960
-0.05068641
-0.10335106
-0.02461423
0.01726450
0.02408667
-0.08304418
0.06598983
0.14058730
0.20132998
0.11962750
0.12071115
0.04091306
0.31004727
0.08299264
0.19228906
0.18279001
0.10015258
0.20409247
0.19948792
0.19322640
0.12845875
0.07697371
0.00835004
0.20043616
0.13405924
0.05236690
0.03097811
0.04462341
-0.00016156
-0.05242206
-0.04075254
-0.15516498
-0.01783978
-0.10265764
-0.04421004
-0.14842620
-0.37052266
0.01907095
-0.14696228
-0.20163068
-0.05222430
-0.07833972
-0.04363239
0.00123953
-0.00252969
-0.05017674
0.00091002
0.02809393
0.05116200
-0.01378330
-0.09824568
0.00501331
-0.04258422
0.05567990
0.11288389
0.19462538
0.09900131
0.18313211
0.14283165
-0.03088513
0.03638722
0.22026172
0.17934988
0.07132690
0.00374411
0.00809060
-0.01345114
0.07893404
0.06676006
-0.11132519
-0.08338164
-0.07365070
-0.05663077
0.01017511
-0.07966254
0.04480187
-0.11137692
-0.15301189
-0.20608208
-0.18877194
-0.02402655
0.01701057
-0.01401625
-0.04475495
0.05402242
0.18218824
0.05801489
-0.03930742
0.05520821
-0.06680589
-0.05355042
0.02640478
0.10703601
0.20667048
0.03026069
0.08007084
0.11400943
0.21312335
0.11155778
0.11354142
0.15653706
0.05027633
-0.09586386
-0.08207259
0.03243551
-0.06605187
-0.08490069
-0.22039829
-0.14917611
-0.16917299
-0.11807308
-0.24468627
-0.41837773
-0.24681364
-0.38188138
-0.45013721
-0.33458284
-0.35656401
-0.33612401
-0.30088841
-0.35120016
-0.16349429
-0.21543324
-0.17521146
-0.13945424
-0.06468928
-0.01226956
0.01314307
0.12263820
0.14416059
0.19266186
0.15086663
0.33681356
0.26339808
0.43560030
0.34938810
0.43674045
0.33643203
0.32102940
0.27110072
0.25923365
0.26260441
0.30299881
0.16436747
0.26568109
0.24519588
0.20437471
0.09428832
0.17289584
0.11303937
-0.01978957
0.10641256
0.02973123
-0.19332001
-0.03096234
-0.22225360
-0.09881729
-0.03447188
-0.07854736
-0.05559076
-0.15239722
-0.08513544
-0.15916310
-0.04399685
-0.16979169
-0.19907027
-0.06939907
-0.14495669
-0.03392635
-0.00569624
-0.00821282
-0.07223367
0.08550991
-0.15807910
-0.05413497
-0.10121837
0.02500945
0.02230737
-0.00150161
0.02598938
0.00227369
0.05414304
-0.11417420
-0.00706617
-0.04756539
0.05633062
0.00458455
0.02891157
-0.14142099
0.06620573
0.00134809
-0.08698422
0.10474147
-0.06921530
-0.11004655
-0.02437880
0.07406083
-0.07748646
0.04105256
-0.02039783
-0.06421308
0.03405225
-0.05861655
-0.03576276
-0.02591438
-0.06872759
-0.00425556
0.09509469
-0.02485745
0.14007711
-0.05513527
0.10638210
0.02133192
0.09926779
-0.06030085
-0.06008099
0.06287003
0.07038176
-0.01175708
0.01653814
0.02257328
-0.04109402
0.01092875
-0.04242097
0.05771335
-0.15508234
-0.05857033
-0.09174913
-0.00195666
0.02070914
0.03396451
-0.01800673
-0.02546757
0.15432677
0.04498143
-0.01682068
-0.15614257
-0.02658811
0.00188689
0.10505786
0.08039286
0.01586125
-0.00167956
0.01222612
0.02666324
0.09474663
-0.00127563
-0.17298557
-0.00438343
-0.02495844
0.03957181
0.21852199
-0.04394032
0.04725740
0.03923537
-0.07155169
0.03680335
0.00125675
-0.10739390
-0.16789709
0.13187413
-0.04377324
0.16802962
0.02189235
0.09785018
0.03492202
-0.00329010
0.07970546
0.04565343
-0.00996890
0.03943303
-0.06098340
-0.01753547
-0.01479685
0.06110346
-0.01354381
0.04158330
-0.03304710
-0.06223469
-0.27293310
0.05127553
-0.01378086
0.05846850
0.03886965
-0.11253790
-0.14852087
-0.20442730
-0.02560444
-0.03692250
-0.00775283
-0.17530752
-0.00200041
0.01849556
-0.08936281
-0.15844231
0.01172006
-0.02889134
-0.28998371
0.15247978
-0.01233983
-0.01112151
-0.00159054
0.17029953
0.08550696
-0.00137558
0.15333888
0.15547024
0.12697516
0.10480849
0.14280459
0.25389718
0.19086361
0.13570742
0.29204139
0.17423675
-0.00774436
0.18325295
0.14141919
0.16920752
0.15394321
0.03694519
-0.06354045
-0.05737535
0.03967181
-0.01698973
0.07958840
-0.06266022
0.01183171
-0.11937192
-0.16843675
-0.12926578
-0.02401367
-0.24678899
-0.17235455
-0.11825561
-0.18167263
-0.22282043
-0.13812276
-0.09763406
-0.02848711
-0.10313036
-0.02759907
-0.26911077
0.03116077
