0.07553833
-0.31026133
-0.15663914
-0.47997762
-0.24334251
-0.37113871
-0.07697442
-0.20106465
0.21192473
0.68443494
0.08551616
0.37046089
0.21407517
0.06206965
0.00903291
0.49491745
-0.19218369
0.00077273
-0.35649414
0.24354878
0.15753293
-0.40485568
-0.21059659
0.35558853
-0.22473185
0.02169109
-0.23122848
0.84980082
-0.56697261
-0.22598925
0.06462443
-0.14990617
0.17079762
-0.19680535
-0.11808210
0.43514027
0.38381486
-0.43216992
0.17421318
0.26879405
0.23279165
0.00743607
0.36798412
-0.17285347
0.22136541
0.16148717
-0.13661992
-0.29637947
-0.34457896
-0.18740733
0.41467919
-0.15556244
-0.11717009
-0.44412616
0.18384037
-0.13417438
-0.48099524
0.06832269
-0.06290330
-0.01704555
0.18066741
0.13868856
-0.04818548
0.20797351
-0.17465203
-0.32995119
-0.22017387
0.67546836
0.36301303
0.04680725
0.10242794
0.14609720
-0.27687395
-0.12610357
0.16011142
-0.19793040
0.44428024
0.21656155
-0.33358649
0.46167338
0.11496769
0.44818655
0.33308274
-0.08638010
0.05888166
-0.39869555
0.24812383
0.19752766
-0.13311144
0.19511179
-0.21715291
-0.46736519
-0.07616475
0.03191139
0.13383909
0.01580688
0.39456604
-0.36452786
-0.07302954
0.45614849
-0.11113103
0.15779386
0.47250218
0.38265334
0.41083863
-0.16498192
0.49324508
0.18437590
-0.22618753
0.09789224
0.40557737
0.15571309
-0.11533139
0.03164322
-0.00912870
0.30509113
0.47746280
-0.06229764
-0.16529457
0.22646415
-0.00526577
0.38556748
0.05449550
-0.59310338
-0.32919275
-0.34730486
-0.43485347
0.24520465
0.34447109
0.01553906
-0.10373765
-0.06071223
-0.14515690
-0.09329424
-0.73826029
0.07671911
-0.40819980
-0.08618382
-0.33470276
0.24632634
0.05698535
-0.21380429
-0.20868638
-0.45399471
0.13243505
0.11900799
0.02614569
0.30822737
0.18480095
-0.19852118
-0.37904724
-0.12628231
-0.13389158
-0.12864739
0.03943276
-0.75168036
-0.11903045
0.34397803
-0.39113380
0.21091768
-0.05938478
-0.35631523
-0.63422209
-0.39291744
0.28428229
0.30776654
-0.09770270
-0.50781398
-0.03926935
-0.10490805
0.02424291
0.41018009
0.01622360
-0.12949396
-0.21969734
0.20870137
-0.08933584
-0.44064567
-0.46362302
0.25228083
-0.02670415
0.16572690
0.04929311
-0.16712814
-0.87609914
-0.50775511
0.23934695
-0.11861527
-0.33961578
-0.22583598
-0.09223767
0.50148521
-0.19787181
-0.40878644
-0.95493433
0.46741519
-0.28242935
-0.26075534
0.08284148
-0.45779812
0.01574534
0.04381690
0.06617916
-0.15802419
-0.04662241
0.16280388
0.44719374
0.29346260
-0.14488318
0.18343718
0.50423428
0.06794837
-0.07009291
0.28396940
0.05683539
-0.10186501
-0.12630579
0.20064145
-0.57031958
0.20515563
-0.24558472
-0.27955973
0.45990976
-0.20592586
0.02126653
0.08189460
-0.67113929
0.87612530
0.58995642
-0.14035825
0.23518034
0.19750394
0.02523572
0.25488362
-0.07584596
0.42156310
0.09573636
0.11765864
-0.27601602
-0.19638219
0.13220352
0.21743062
-0.49873540
0.25900590
-0.66456583
0.12472786
-0.18723887
0.08791145
0.20303615
-0.36329334
-0.20805934
0.04374779
0.12373686
-0.11550765
0.33741199
-0.60593785
-0.28581793
-0.10395569
-0.25021058
0.21517550
0.47926839
-0.39870467
0.02069366
-0.10297842
-0.63466935
0.00525363
-0.16952468
0.85956762
-0.03762219
-0.05837041
0.57253289
0.94926576
-0.02194124
0.19509228
-0.24509742
0.28714944
-0.40510278
-0.53583965
0.28799423
0.00303958
-0.25168605
-0.30491811
0.00580748
-0.35772587
0.07700729
0.13206214
0.21351997
-0.43891944
-0.22849603
0.27008152
-0.01345294
0.49742922
0.14425944
0.38526939
0.08190867
0.23503829
0.42044561
-0.06007813
-0.79749980
-0.00040458
0.21857723
-0.83550113
-0.25643064
-0.36788497
-0.03511260
0.33705211
-0.04701680
0.18725043
0.27896507
-0.10063499
0.43741906
0.04017348
-0.23102493
0.32147491
-0.25990685
0.02581826
0.37067159
-0.37907144
0.07759296
-0.05326492
-0.01962958
-0.37148905
-0.31416145
-0.01023296
-0.02010250
-0.04873186
0.03246185
-0.33436518
-0.47553164
-0.09541751
0.14081573
0.06748126
-0.09202204
0.36394926
0.01763897
-0.45091316
-0.22255520
-0.17876063
-0.22788877
-0.19246080
-0.02228076
0.38658331
0.31949116
-0.06720761
-0.25393214
0.08122450
0.08221693
0.14168740
-0.14277125
-0.54604856
-0.58799230
0.05073866
-0.02597270
0.19966939
0.42206868
0.16855259
-0.20211501
0.56827690
0.81707636
-0.20658445
0.20804315
0.42909377
-0.04905061
-0.06279058
0.18371767
-0.44518851
-0.58078357
-0.56863343
0.29298756
0.45598947
0.07278135
0.24929513
-0.17815843
-0.11671868
-0.25873419
-0.30235564
0.04522575
-0.33562533
0.04010191
-0.51533303
0.30536561
0.15248611
0.04419899
0.45998014
-1.14782999
0.19770479
0.01186795
0.45811363
0.02958369
0.01076316
0.46278639
-0.21099963
0.16731139
-0.58696251
-0.09207345
-0.20576909
-0.40573351
0.09248275
-0.21227955
0.09116843
0.14327773
0.04255340
-0.51410290
0.43732040
0.32718452
0.29906523
-0.12676148
0.28262762
-0.41995260
0.04266558
0.06839889
0.99981505
0.00534237
-0.15568515
0.07616010
-0.18636591
-0.29268245
-0.23897252
0.47320404
-0.30798928
-0.11503065
0.21186480
0.36471979
0.29643182
-0.21773617
-0.52003661
-0.09717518
-0.09675112
-0.18501581
0.02800735
-0.37885352
-0.47108701
0.32510855
0.15130027
0.02472490
0.36618346
-0.10136390
0.24885478
0.00755369
-0.25660605
0.21792757
-0.40823125
0.70329608
-0.05775578
0.25092376
0.35316050
-0.19444141
-0.29681375
-0.00864838
-0.06349090
0.18749629
0.10256105
0.27283966
-0.56790781
-0.19928232
-0.18282055
0.43231025
-0.02224711
0.18041862
0.61577709
0.35863444
-0.10164029
-0.14551876
0.07571998
-0.18476640
-0.13608777
-0.19333871
0.32553714
0.04357846
0.04670697
0.03419553
-0.02988137
0.15775647
-0.26670408
0.06110025
0.30549518
0.29338564
-0.58910790
-0.11093623
-0.19699310
-0.12035600
0.20228801
0.00674402
0.34803284
0.23226122
-0.02302956
0.46244124
0.01699618
-0.32390546
-0.13567887
0.21647193
0.00910677
0.12156676
-0.33961735
-0.30859920
-0.36664077
0.05472013
-0.32147598
-0.15911958
0.01737653
0.04380966
0.31833879
-0.04908825
-0.17105149
0.10134357
-0.23641625
0.38344752
0.40754299
0.22818222
0.43357546
-0.02480357
-0.12976918
-0.57391847
-0.33146176
0.10955667
0.15323623
0.04066795
0.14101460
-0.33512642
-0.32612791
0.33287958
0.42933219
0.15870706
0.11768288
0.06462951
0.27760332
0.15784864
0.53087123
-0.08669627
-0.02717076
0.04766992
0.19139762
-0.27615666
0.09319573
0.33864152
0.18156665
0.36174056
0.64244912
-0.25534241
-0.23719806
-0.47362026
0.10451470
-0.15219833
0.50727558
0.33795088
0.52326879
0.47763440
-0.05240741
0.32415180
-0.32892444
-0.19593685
-0.24833136
-0.06760482
-0.44826391
-0.17288015
0.00132210
-0.26690598
-0.03977565
-0.23829815
-0.08651355
-0.16015226
0.04710547
0.57027857
-0.03444071
0.70095155
0.08869882
-0.08423803
-0.43133538
0.28070639
0.06636828
0.00948650
-0.41104958
0.28217544
0.11512547
-0.02013510
-0.32746747
-0.14895940
0.25151392
-0.16548009
-0.69752244
-0.08157245
0.02520005
-0.04090917
0.24557394
-0.15567030
0.16736623
0.12810269
-0.07577273
-0.15704760
-0.10098541
-0.42791986
-0.82895758
-0.00923980
-0.32950607
0.42951837
0.12620249
0.15791151
-0.03830909
0.27812022
-0.00336915
0.32625795
-0.04624420
-0.09096008
-0.00162019
-0.10332263
-0.06284733
-0.38887213
-0.08638296
-0.01717965
-0.06479717
-0.00460576
-0.05489636
-0.02588425
0.03995143
0.03711337
0.07831274
0.53684242
0.86775157
-0.00262323
0.16742378
-0.40115337
-0.37988398
-0.35090630
0.05449798
0.26976048
0.31866513
0.03662152
0.51199850
-0.08477610
0.16971972
-0.31065768
-0.03735404
0.26430697
0.38793535
0.24274801
0.17220656
-0.43237868
0.05303497
-0.10070376
-0.51016026
0.20674239
-0.11553310
0.58970211
-0.45497720
0.37859922
0.01222787
0.18978028
0.10196943
-0.00005206
-0.14176267
-0.08568547
0.35499840
-0.31647330
-0.08750881
0.53821987
-0.05426418
-0.17056751
0.15757864
0.01550655
0.18752587
0.17130526
-0.36490142
-0.28354051
-0.11320838
0.41958479
-0.49726169
0.35545645
-0.04437772
0.25965505
-0.13441307
-0.34115538
0.28973838
0.22299746
0.12305621
0.25466342
-0.12368154
0.27153591
-0.47417369
-0.26813104
0.38476714
0.23498965
-0.15691853
0.29113046
-0.03289495
0.10450815
-0.19908329
0.12022011
0.30501454
0.12563112
-0.08606385
0.01643316
0.28657141
-0.48849002
0.21361256
0.03872094
-0.20185248
-0.32013986
-0.42353964
-0.04626203
0.32167343
-0.09013957
0.41272428
0.01762049
-0.08481293
-0.63769398
-0.30242973
0.05789375
-0.09477584
0.06158040
-0.56675322
0.05845467
0.07638861
0.27024278
0.57036030
-0.29318693
0.35865975
0.02373219
0.21481963
0.11411703
-0.22340236
-0.22931042
-0.23784384
-0.13263779
0.19273649
0.02359038
-0.07165963
-0.05088246
-0.24941546
-0.00505687
-0.02939848
0.12552094
-0.13850860
-0.02891210
-0.29581613
0.00017113
0.31917806
-0.02666891
-0.12727380
-0.23517618
-0.10963110
-0.05718249
0.20480346
-0.06304111
-0.24353687
0.13193990
-0.01882116
0.12347435
0.25619151
0.55065112
0.18189075
0.10466067
0.74336174
-0.20735301
0.61841224
0.54652850
0.10499559
0.27618697
0.23692944
0.94251571
0.40538619
0.67747019
0.02550267
-0.24262960
-0.26880109
0.42526405
-0.29106611
-0.43826232
-0.32770955
-0.27007235
-0.93252862
-1.16649847
-0.84557083
-1.88172240
-0.87445603
-1.44455845
-1.64870347
-1.49400363
-1.10184509
-1.38808727
-1.59525129
-1.58227364
-1.44278662
-0.92833589
-1.23057368
-0.02675249
-0.09271510
0.29373118
0.38851251
-0.07617612
0.62643754
0.97350603
0.76815886
0.82762874
1.23107660
1.39392120
1.73582106
1.53251874
1.62586210
2.13045743
1.94657556
1.75643385
1.79732098
2.16353448
1.18368597
1.65779370
0.69207915
1.29656220
0.90740737
0.24966432
0.46057577
0.47976208
-0.21442862
-0.63642308
-0.15684079
-0.28027477
-0.67408748
-1.09701342
-1.21095620
-0.99578229
-0.06220413
-0.35667200
-0.78279597
-1.20042682
-0.73123272
-0.46230368
-0.31677324
-0.48294599
-0.57812315
-0.38642335
-0.93883530
-0.83278339
-0.22123150
-0.60671086
-0.52112821
-0.83890764
-0.01539159
0.43890740
-0.34681338
0.10345320
-0.29731257
-0.07371258
0.15805764
0.01862327
-0.21307438
-0.05397954
0.40291062
-0.23882847
0.20657533
-0.21964557
0.11443248
-0.32662831
-0.00324010
0.95981512
0.22154566
-0.33063224
0.19560583
-0.26621512
0.16693514
0.34326784
-0.62460456
-0.29300431
-0.40370553
0.43665799
-0.19708995
0.27622322
0.16602882
-0.07863018
0.25065430
0.33982306
-0.01717340
0.15165917
-0.38602076
0.11759287
0.08692467
-0.27816665
-0.63885790
0.37581023
-0.06533305
-0.63039740
0.53104922
-0.34871838
-0.09295109
0.14050096
-0.62545907
0.27691761
-0.19961279
0.10859259
0.51229355
-0.42192588
0.13742159
-0.19925800
0.32383842
-0.26571164
-0.30146415
-0.10835030
0.06082489
-0.31649023
-0.15986613
-0.42244334
0.11873078
0.16929804
-0.11366521
0.55480847
-0.54745594
-0.00084739
0.12601941
-0.24375748
0.15358172
-0.09011352
-0.24411195
-0.66036614
-0.38611462
0.24771954
-0.31248152
0.04988944
-0.12004785
0.30477736
-0.16478225
0.29997872
-0.28819666
-0.34183542
-0.11714018
-0.42578143
0.14379347
-0.26284909
0.59496906
0.14631616
0.19283423
-0.59395057
0.20143690
-0.10192938
-0.11629605
-0.03693129
-0.13258809
0.69375825
-0.70639695
0.30700698
-0.81003425
0.03173263
0.20325243
0.10372450
0.28109000
0.37298893
0.18519533
-0.28747413
-0.44659409
0.11903472
0.28701675
-0.08086504
-0.04927819
0.56968792
-0.03478507
-0.34577968
-0.18363030
0.33298008
0.26493513
0.01297788
0.68478716
0.21969134
0.19448043
-0.11611964
-0.09962128
0.14121911
0.02825760
0.14940069
0.21345418
0.14240507
0.14359822
0.08941882
-0.05420041
0.50732505
0.11716699
0.02288133
0.20006761
-0.37615871
-0.30544944
0.63055719
-0.31026233
-0.27407151
-0.54768865
-0.17751401
0.15889924
-0.12391070
-0.13860699
0.08890579
0.18349695
-0.23070233
-0.11924076
0.03575553
-0.16216372
-0.12457085
0.24935555
0.21731016
0.10260139
-0.67694008
0.33118205
0.08426064
-0.11492077
0.20825192
-1.02114279
0.03743389
0.01014217
-0.30543297
0.80053733
-0.08123095
0.13935648
-0.51071276
0.49563156
0.08452137
-0.03928485
-0.09773617
0.03888455
-0.00238502
0.23258064
-0.53168253
-0.12862604
0.28001222
0.46016890
0.28087785
0.42341807
-0.09608610
0.23751310
0.01201081
0.59438429
0.21597334
-0.18928118
-0.19411793
0.12896925
0.35443456
-0.31734890
-0.32345169
-0.00576004
0.60998915
0.53998448
0.43469269
0.17452515
-0.58212780
0.16397598
-0.38513377
0.30238935
0.49376137
0.02892570
0.37240505
-0.23710605
-0.01800313
-0.30793978
0.37542717
-0.01793010
0.53936782
-0.03447283
-0.03923045
-0.09757221
-0.70470711
0.38334767
-0.06089420
-0.03152942
0.13839597
-0.16771837
0.39111506
-0.12483236
-0.03908169
0.06105693
-0.03717348
-0.34785827
-0.07716391
0.22097174
0.02023276
0.28324707
0.00644960
-0.32820041
0.10303915
0.09282405
0.24767027
-0.14564903
0.07118476
-0.37300877
0.29308353
0.12939530
0.33634515
0.26524092
-0.06305675
-0.00810462
-0.20642987
-0.30539398
0.47059078
0.06459115
-0.20045852
-0.43763306
0.17861846
0.19084001
0.36473935
0.08004280
0.06714971
-0.38274617
-0.21529981
-0.04033703
-0.11887312
0.33688455
-0.27247495
-0.22796526
0.05428977
-0.06154204
-0.22537190
-0.29072835
-0.34112410
0.88280173
-0.11728806
-0.38946267
0.23534586
0.63525928
-0.10226995
0.16114560
0.61271042
-0.13481589
0.46186484
0.30249997
0.26764600
-0.07332251
0.62837902
-0.24844135
-0.35946760
-0.30072224
-0.08630164
0.05550683
-0.45175934
-0.36840029
-0.25972611
-0.11298007
0.18270520
0.14096380
0.23563717
0.43794497
0.21556233
0.15444212
0.00814053
0.36096441
-0.00012901
0.22261689
-0.30831553
-0.06625517
-0.22301600
-0.33536328
-0.24188584
-0.12277562
0.03446452
-0.35476574
0.25582091
-0.06695354
0.02490097
-0.38581055
-0.00306309
0.48308094
-0.20014363
-0.12901675
-0.02913826
-0.26871407
0.36921730
0.33609042
-0.22604586
0.14507907
-0.37755747
-0.00570855
-0.08759088
0.22399239
0.30724367
0.25085542
0.44027945
0.40172942
0.43883604
-0.12446643
-0.49537941
-0.01551138
0.11074553
-0.29619797
-0.22232337
0.03847096
0.19420944
0.08897684
-0.04963879
0.42680139
-0.09856076
0.10314956
-0.12378864
0.43745777
-0.20000606
0.31769553
-0.17158855
0.08218461
0.08375961
0.52308686
-0.17377798
0.25297890
-0.57299435
0.05898034
-0.22123491
-0.07306695
0.47837054
-0.03019187
-0.46586669
0.13694866
-0.48753511
-0.15224239
-0.02161533
0.13663767
0.03666298
-0.03500303
0.21260114
-0.01014416
0.12011929
0.34135451
-0.02127153
-0.40883036
0.31472250
0.28436472
-0.22316530
-0.30811799
0.57648515
-0.08130948
0.18594027
-0.01896515
-0.17618093
-0.24844806
-0.34484127
0.08276818
0.15696149
-0.22897511
-0.23939221
0.04219844
0.16578891
-0.55006503
0.20084700
-0.01345688
0.03247591
-0.48012975
0.35866854
0.30209363
-0.13741717
0.12948199
-0.18924448
0.22728919
-0.05639753
-0.14138758
-0.23907355
0.08303214
-0.34593637
-0.44812824
-0.26447282
-0.11456025
-0.11466006
0.00133112
0.33314034
-0.03837694
0.08454595
0.00038809
-0.05430933
0.28992545
0.09327860
-0.60156580
0.15081600
0.23530536
0.55918908
0.28432541
-0.21439513
-0.12648410
-0.37919843
0.17002230
0.06684787
0.06002019
-0.00653803
-0.40120134
0.38558761
-0.36949931
-0.46928771
-0.15355387
0.12169025
0.13102694
-0.34758591
0.09778866
0.20122424
0.12594201
-0.76808242
-0.21379889
0.24311695
-0.20637145
-0.00132604
0.28913436
0.31081921
0.24502109
0.01071835
0.23307399
0.34614330
-0.35489250
-0.05784466
-0.34246599
0.05207182
-0.39302339
0.30257880
0.11024634
-0.24525266
-0.22033009
0.35903282
0.30156408
-0.28033325
0.66949669
-0.16752296
0.24126110
-0.17442546
0.15689565
-0.61588847
0.47837734
0.21015351
-0.04785829
0.20828321
-0.46839402
-0.24961268
-0.41987945
-0.09446348
-0.19195639
-0.01757207
-0.19175629
-0.36886401
0.31169430
-0.18894212
-0.13239770
-0.21587570
-0.08035868
0.33775674
-0.39852230
0.07939034
-0.15432015
0.15901628
-0.06292297
0.12903373
-0.45316594
-0.50738019
-0.26010120
-0.11424717
0.14944464
0.35537853
-0.07146571
-0.40201568
-0.11742797
0.03446952
-0.81997067
0.29817550
-0.21631261
-0.09200253
-0.15391811
-0.16967348
-0.36239533
0.15938307
-0.07050539
-0.80912442
-0.43986189
0.09000738
0.05806552
-0.01287303
0.01232693
0.12028845
0.21807644
-0.15960927
-0.00080521
-0.21491193
0.04019549
0.02501475
-0.35307258
0.26081244
0.22115346
0.15674782
0.29640703
0.28360250
-0.51741258
-0.08337910
-0.29943185
-0.17451458
0.26248109
0.13086669
-0.46524279
-0.24057924
-0.34750257
0.31493389
0.39092462
-0.49929529
-0.17007668
0.21811023
-0.33068401
0.17249951
-0.01732238
0.49183409
-0.12310332
0.04131607
0.11062432
0.07613487
-0.03554106
-0.16892333
0.00038954
0.03453416
-0.01814799
-0.20945052
0.09273410
0.11085096
-0.01096215
0.32155185
0.30820352
0.23373818
0.15479223
-0.29892696
0.07514191
-0.24795908
-0.54425998
0.14139135
-0.08013150
0.45207091
0.16334853
0.03368307
-0.13349091
0.12387573
-0.01574602
0.37948419
-0.39031549
0.06641489
0.03431841
0.28549460
-0.05864713
-0.34063453
-0.05355150
0.03863820
-0.26438179
0.05082325
0.29249766
-0.07362545
0.08842526
0.08534259
-0.10964837
-0.60062715
0.57148570
0.26796735
0.46640936
0.06438961
-0.08756130
0.03249562
-0.36271666
-0.26913105
-0.04333101
0.23988940
-0.06591162
-0.29353683
0.27349532
0.50603739
0.31745975
0.17862523
0.19872701
-0.13255022
0.27755869
-0.25754437
0.03995583
0.33279217
-0.27847038
-0.15508802
-0.36191426
0.17476864
-0.16832739
0.13951748
0.01899381
0.15358180
0.23124862
0.16203997
-0.03693314
-0.01088263
0.38730270
0.21430546
-0.08084315
-0.18368615
0.13559904
-0.18298845
-0.02587661
-0.29348672
-0.14744042
0.09717812
0.12074969
-0.48192544
0.82499020
0.54325382
0.44377167
-0.56877382
-0.34313822
0.00376162
0.25370636
0.30168910
-0.40954373
-0.21047411
-0.67980026
-0.17728183
0.14354694
-0.20102311
0.02982125
0.56539661
0.15780070
-0.08374239
1.22998964
-0.09562270
-0.21311211
0.24099458
-0.08786309
0.30309665
0.45074153
0.07891499
0.17542289
-0.01843755
-0.23806912
0.17281801
0.03123776
-0.50465977
-0.54850929
0.29142432
0.28426591
-0.45368395
0.04822035
-0.01803180
0.07850845
0.23120195
0.24602376
-0.39359145
-0.01872391
-0.62004171
0.19470840
0.11187770
-0.22081259
0.27972089
-0.40481767
-0.20266536
0.12433282
0.24860170
-0.37764485
0.02573719
0.33843448
0.09682909
-0.01443416
-0.06829949
-0.19742206
0.54642373
0.19546068
-0.35229553
-0.26521845
0.43680284
0.08611452
0.06215779
0.34815950
-0.40683476
-0.01727406
0.15245143
0.26857321
0.05736249
0.20346769
-0.04449025
-0.31547659
0.27028980
0.03617886
0.37663550
0.41879443
-0.41809112
-0.72707239
0.01793714
-0.00853927
0.16630144
0.32874067
-0.43553035
-0.40536031
-0.04996496
0.52229225
0.18814000
-0.12546601
0.19380233
-0.19279978
-0.05495742
-0.36260369
0.53012460
-0.29432212
-0.59371662
-0.01557707
0.34921084
0.41580685
-0.89984280
0.43223945
0.39772696
0.15534020
0.34743661
0.15262469
-0.19152045
0.62255930
-0.05421534
0.11455965
0.08606898
0.15389456
0.13690375
0.21133548
-0.29398031
0.36782698
0.33459861
0.29746500
-0.28858973
0.06336498
-0.12301581
0.09679471
0.22839707
-0.56083665
-0.07891874
-0.02040019
-0.50178607
-0.14432867
0.26038626
0.12248067
-0.10585158
-0.19828540
0.05730690
-0.56069274
0.18828532
-0.34495104
0.35645590
-0.25738738
0.08283457
0.09803550
0.09279061
-0.21271366
0.62369137
0.04182172
0.18039456
0.09409970
-0.51572048
-0.19626251
-0.50906991
0.33633693
0.51041143
0.01793325
0.11127823
0.03896650
-0.00812813
-0.48954663
0.08885881
-0.23568631
0.31063218
0.80700551
0.62953562
0.67672361
0.52916663
-0.80631461
0.01326220
0.03707350
-0.66722642
0.10376631
-0.20207054
0.07876901
0.42138197
0.09730038
-0.21355874
0.25937582
0.56054336
-0.40903053
-0.06287447
-0.17585810
-0.08736670
-0.28649816
-0.20004954
-0.10685369
0.19798236
-0.51860504
-0.34141614
-0.16972708
0.07682878
-0.42784195
-0.21240526
0.12412485
-0.15809637
-0.10800514
0.25173305
0.08769949
-0.37589153
0.61242238
-0.29900415
-0.11456436
0.02238799
0.12191600
0.07357268
0.67729741
-0.20419485
0.02263118
0.26917282
0.28503911
-0.15932383
-0.43584343
-0.22253295
0.04963789
-0.13957774
-0.25237966
0.29865082
0.54144512
-0.19644375
-0.08851755
0.45529641
-0.20618632
-0.03790455
0.22283908
-0.43219836
0.13697010
-0.32006456
0.51767116
-0.13164417
-0.82553780
0.11585683
0.36702030
-0.11672022
-0.23390664
0.07079481
-0.56395181
0.31746023
-0.36958694
0.35915358
-0.45245977
0.17493361
-0.04837731
-0.30696947
0.28550796
-0.51468017
-0.23844411
0.29964934
-0.43880367
0.13116112
0.02052750
-0.21281855
0.39834226
-0.21693722
0.35924082
-0.13198055
0.12055963
-0.22066406
-0.07872819
-0.48269551
0.27370414
-0.33725690
-0.08819513
0.23528827
0.04027717
0.11509531
0.02883083
-0.29767428
-0.06304693
0.27196049
0.42570729
-0.02003223
0.22183325
-0.02213098
-0.08798720
0.00868384
0.01805992
0.38429805
0.58920703
-0.37173625
-0.14768392
0.24627559
0.76378812
-0.05012484
0.21527766
-0.47080239
0.32197995
-0.17991116
-0.10435342
0.23516943
0.18196613
0.18381414
-0.03671145
-0.13949593
-0.07842464
-0.54961445
-0.33018644
0.29729949
0.13394541
-0.43864688
0.13577771
0.29958900
-0.06801684
0.53510636
-0.09355447
0.27263896
0.20774840
0.10910254
-0.13543438
-0.39929234
0.26623099
0.03034352
-0.15417083
-0.39294493
0.33012298
0.41105859
0.22737955
-0.08720018
-0.21573469
-0.28005295
-0.23894470
-0.17772053
0.44661526
0.47887168
-0.09482597
-0.26205404
0.12759371
-0.22150088
-0.34427136
-0.04363086
0.11597765
-0.04278517
0.03598278
-0.01184854
0.01640519
0.21520858
-0.31814269
0.26976614
0.59918881
0.07390731
-0.04462763
0.25237028
-0.18213084
-0.03532757
-0.13328420
0.03870558
-0.38430338
0.53273186
-0.10657544
-0.10758531
-0.19311229
0.38326737
0.04668774
0.41668047
0.35199922
-0.37491952
-0.00404828
-0.53662311
-0.21022429
0.07518047
-0.47117264
-0.19092017
0.32578295
-0.23302822
0.50117474
0.27795115
-0.13144721
0.23830992
0.24764680
-0.74614391
0.22716452
0.17678301
-0.38559679
0.18260272
0.14091726
0.47487378
-0.14118943
-0.22844362
-0.07315645
-0.02142613
-0.38146558
-0.49472244
0.43942787
-0.41548889
0.61683960
0.28260212
-0.14881231
0.44488984
-0.41494162
-0.61902945
0.05242001
-0.31740979
0.00018992
-0.08691984
0.12215674
0.16480089
0.34806541
-0.15147693
-0.66431489
-0.05288335
0.02417209
0.17409060
0.31741616
-0.01855795
-0.26318640
0.17974285
0.01511164
-0.45854789
-0.09004591
-0.27905668
-0.53450707
0.32051755
-0.08764357
0.00764422
-0.49181158
0.17736678
-0.30616475
-0.33383965
-0.11939115
-0.28918183
-0.14603724
0.04754051
-0.15178122
-0.11283767
0.04363891
0.30417054
-0.43913285
0.46970349
-0.22072426
0.31379913
0.23032918
-0.24302462
0.10226469
-0.42530017
-0.07743864
0.14747240
0.30625709
-0.00217966
0.04548661
-0.00122187
-0.15703533
-0.37283204
0.00677801
-0.11405176
0.54732159
-0.12514675
0.15930785
-0.31703408
0.36638297
0.36230752
-0.05286625
0.41745020
-0.00352483
0.02314413
0.15956481
0.35744213
-0.05448273
0.91177057
0.46621282
-0.53317797
-0.35302833
0.14260937
0.29783171
0.04347142
0.22435757
-0.39697299
-0.12920874
0.16402014
-0.24803791
-0.15075176
0.23517792
-0.36698951
-0.27864431
-0.15991890
0.27208163
-0.15893065
0.22739028
0.15478069
0.06696747
0.03283903
-0.01165429
0.40620189
-0.44565077
-0.06733286
-0.16867888
-0.07235681
0.44147149
-0.10353416
0.17477586
0.06396534
-0.03131086
0.19771990
-0.13321056
0.59578777
-0.60083600
-0.12727938
0.24806920
-0.16507121
0.33155222
0.02573255
0.15500743
0.66787230
0.21831791
0.54246753
0.68999802
-0.38445517
0.28925268
0.30062499
0.14193951
0.24510918
-0.11438169
0.18981885
-0.29033459
0.46667212
0.14177096
0.12622844
0.42851569
0.25459207
-0.47568860
0.34271744
-0.22011992
-0.11381012
0.43743933
0.10086243
