0.10557608
-0.08625521
-0.01315323
-0.17067995
0.08808606
0.10526798
0.04346553
-0.07388502
-0.13305344
0.14225735
-0.02672091
0.11857577
0.09293100
-0.13526456
0.00044651
0.13231947
-0.04882535
0.14616270
0.08047963
0.04792320
0.07091406
-0.00282354
-0.02328346
0.13526366
-0.01676444
-0.08012420
0.09181332
-0.06532577
-0.06818501
0.10840874
0.00280691
0.07960534
-0.04580466
0.10062677
0.13878517
0.04712376
-0.07445945
-0.08475481
0.02864770
-0.00819171
-0.02411652
0.00620343
-0.07158829
-0.10579857
-0.00221151
0.04260031
-0.14454949
0.10227188
0.14712083
-0.06542752
0.00682978
0.07937161
-0.11729348
0.06179970
-0.05217806
0.12952031
-0.01486551
0.12469088
0.02320854
-0.08782341
0.06001471
-0.06457643
-0.18095402
-0.08547526
-0.09689923
-0.19050840
-0.08730670
-0.10644526
0.15401182
-0.07694861
0.15523175
-0.11518291
-0.02127304
-0.02827806
-0.07919892
0.01787087
-0.28885680
-0.04566852
-0.01673908
0.25600364
-0.03804439
0.02936981
-0.20559582
0.05399805
-0.01702725
0.06961430
-0.11812179
-0.03677026
-0.01938578
-0.21372137
0.11694364
0.03429435
0.04452503
-0.12725660
-0.14137767
0.12178103
-0.09983725
-0.16062869
-0.08037346
-0.08979001
0.02227531
-0.12300861
-0.06019533
0.02977511
-0.19098349
0.05601734
-0.03481263
-0.10819588
-0.04297962
-0.08027302
0.15877144
-0.14448501
-0.00335711
0.08440398
0.06993619
-0.20180807
-0.27660766
-0.14898892
-0.22949922
-0.11581004
0.05224293
-0.08190709
0.12608172
0.00479951
0.03982102
-0.05841931
-0.20847078
-0.02466750
0.01067334
0.10253764
-0.07990910
-0.10713459
0.15875395
0.01466944
-0.06359693
-0.04165689
-0.13018500
0.02779572
0.16305947
0.07030315
-0.03216110
-0.10994247
0.18769554
0.20624745
-0.08561670
0.17361804
-0.13878816
0.03632904
0.00115865
-0.01076033
0.03044447
0.00208405
-0.10677064
0.06763101
-0.01922660
0.05423038
-0.16347961
-0.29386388
-0.12000551
-0.16853820
-0.04845107
-0.19073886
0.07586308
0.02761833
0.32633948
-0.00091713
-0.01263345
0.31207471
-0.08340959
-0.01435389
-0.05388687
0.06248397
-0.01035245
-0.05954367
-0.03801960
-0.04068847
0.05833152
-0.08040332
0.03498649
-0.02124561
-0.10312117
-0.12367468
0.20960998
0.21806008
0.08237351
0.23775124
-0.17269673
-0.11643344
0.18753344
-0.11088505
-0.03069224
0.12177676
0.02695410
0.05970941
0.08918709
-0.02601488
0.19353032
-0.00098148
-0.02242565
0.05070331
0.00826561
0.02492341
0.25750220
0.09693914
0.03798118
-0.02112291
0.02028157
-0.01048663
-0.04994289
-0.03147601
0.01931076
0.04931030
0.15349845
0.00086514
-0.02429284
0.12271062
-0.04717703
-0.24656269
-0.07925046
-0.14638986
-0.18554886
-0.20565426
0.05799749
-0.00736228
-0.02072094
-0.01817678
0.06747245
-0.23948706
0.13456620
-0.02382469
0.11438782
0.04781732
-0.08394043
-0.12849058
-0.08736244
-0.24665122
-0.03293608
-0.06858491
-0.05593301
0.10499013
-0.11113461
-0.14358098
0.06029135
0.03110487
-0.17613542
0.03445702
-0.03296730
0.18449114
0.22908832
-0.01332275
0.24093904
-0.12905408
0.22617412
-0.05903443
0.23072670
-0.17120384
0.16597074
0.04161359
0.07712701
-0.02606346
-0.07824279
0.20754668
-0.00031401
0.04341427
-0.02981151
0.15838684
0.12906523
0.02735227
0.00555092
-0.13055341
0.11397339
0.14659687
-0.21602195
-0.16346799
-0.02614340
-0.04429277
-0.02956717
0.03272222
-0.04231260
0.20202667
0.00214554
0.04798544
0.05640007
-0.04089435
-0.06938776
0.03576832
-0.03983733
0.16373835
0.06688375
0.24337488
0.08691733
0.03184783
0.06613678
0.09577115
-0.18085663
-0.03617759
0.03994378
-0.11346409
-0.06279271
-0.02928100
-0.18065841
-0.07470959
-0.03119435
0.12694531
0.03577419
-0.05407173
0.01845753
-0.22581156
0.06625227
-0.12715356
-0.14675470
0.13022331
-0.01715634
0.04430112
0.06051159
0.02846181
0.08250139
-0.17191718
0.11816128
-0.08284532
-0.04667504
-0.02065397
0.00936614
0.09310424
-0.09023975
0.00572181
-0.04850086
0.07259366
0.00822620
0.01849911
-0.05995218
-0.09519392
0.12353351
-0.03511995
0.04489484
-0.00847565
-0.19712845
0.05147652
-0.05397646
-0.05139027
0.11968187
0.04698762
-0.04432465
0.21238047
0.02922777
0.06191813
0.06523794
0.39172083
-0.05503642
0.00421200
0.07300321
-0.06762958
0.07867568
-0.00404882
0.00131832
0.16342313
0.01336394
0.07105915
0.11031837
0.09918514
-0.17428788
0.02102639
-0.18921667
-0.34980114
-0.04608248
0.09703817
0.04770570
0.11076584
0.08791892
0.16118346
0.07098960
0.08065657
0.00357416
-0.01030215
-0.04544435
-0.12342992
0.11079158
-0.00046099
0.08350597
0.14156435
0.21590763
0.05338589
0.08194200
0.07015114
0.10099427
-0.13835502
-0.01075302
-0.18429715
0.06402606
0.01226145
-0.28826354
0.03443130
-0.01027458
-0.16204847
-0.13321744
0.04825285
-0.04849992
-0.06085162
0.03619357
0.15265328
0.13560695
0.01909636
0.13301999
-0.15924416
-0.03292018
0.09641465
0.02927873
0.07871121
-0.04570235
0.06692051
0.07608860
0.04982946
-0.10211737
-0.25033474
0.00072597
0.04731133
0.22809773
0.04931683
-0.01086517
-0.25937229
-0.05348423
-0.03389684
-0.08387014
-0.12780131
0.04597013
-0.07420768
-0.06191117
0.21976316
0.10678611
-0.00926642
-0.14974013
-0.04921497
0.05866762
-0.17297897
0.08803245
-0.01862592
-0.05018516
-0.13198384
-0.02832990
0.01897909
0.04598891
0.04821340
0.37706427
0.06510346
0.05025370
-0.03379572
-0.01125650
0.11093415
-0.01414748
0.02612080
0.12775178
0.07894629
-0.05837928
-0.16423772
-0.17944419
-0.03449520
0.01000126
0.00565667
0.14020080
-0.03907066
0.14255025
0.12432992
-0.09738167
-0.01379066
0.16895055
0.02672325
-0.18051962
0.12847152
-0.01715022
-0.10190622
0.10071432
-0.03651473
0.26247900
-0.02713052
-0.08695427
0.15098177
0.07993990
-0.02223726
-0.03011755
-0.03921359
-0.04733130
0.13726407
-0.30073033
-0.06634368
0.13001506
-0.23952455
-0.10935475
0.15819072
0.16325630
0.11558844
0.07070334
-0.05225001
0.12202140
-0.00102555
-0.01363417
0.04064887
0.04298310
0.07398487
-0.07558646
0.05704396
-0.06579751
-0.02376179
0.04705609
-0.15460110
0.19940547
0.06697723
0.13997400
-0.03512308
0.12458500
-0.05684497
-0.04010786
-0.11675251
0.05902758
0.20710165
-0.12051147
0.08103093
0.18339385
0.05014855
-0.09163260
-0.04591180
0.32538417
-0.10304245
0.02601659
-0.01071110
0.06793243
0.17103743
0.04997263
0.10795689
-0.14802436
0.03387732
0.14915315
-0.32081054
0.19716302
0.12618726
-0.02191531
-0.00906794
0.00076181
0.13096025
0.17290838
-0.11557957
0.07929939
0.04168374
-0.08996839
0.08884262
0.19343506
-0.01492677
0.05034908
-0.04601336
0.00812741
0.03800472
0.02998227
0.02623988
0.23470546
0.28303110
0.09729784
0.13691478
0.05536983
-0.00564621
-0.08470674
-0.06268594
0.14212463
0.02544536
0.07065955
0.04889659
-0.15219559
0.17958903
0.18038832
0.07215955
-0.10939476
-0.01110906
0.06488806
-0.08731013
-0.20819254
-0.02221722
0.02072998
0.00877731
0.05645030
-0.15374916
-0.07204523
-0.05333344
-0.04660376
0.13536651
-0.01893301
-0.10941872
0.09071645
0.08300045
-0.03962539
0.07058229
-0.00611160
-0.00974411
-0.06944131
0.14995045
0.06108726
0.24328900
0.04504124
-0.16725452
0.00474688
0.04614378
0.28384199
-0.02774063
0.07999726
-0.07888345
-0.00760712
0.13989416
-0.08497811
0.00152689
-0.03095921
-0.01041227
0.21801491
0.13377164
0.02638880
-0.09282895
0.11709825
-0.17520080
0.09661952
0.05648716
0.05099824
-0.04427696
0.10170414
-0.11402400
-0.01471812
0.03973287
-0.07121561
-0.06846594
0.12026883
-0.03033467
-0.06574395
-0.15286496
0.17513620
0.01554259
0.08966678
-0.02380665
-0.07202382
0.13675363
0.14212184
0.11567590
-0.10738260
0.09610315
-0.03684968
-0.01772241
-0.03443902
0.06186043
0.08968195
0.10922938
-0.06221195
-0.08822005
-0.07578915
-0.00870385
-0.11893332
0.15447426
-0.09436349
-0.09385955
0.06698977
-0.03208005
0.19473810
0.09127047
-0.16932718
-0.00486033
0.00981776
-0.13411167
-0.07847214
0.00608024
0.19678962
0.03688510
-0.17073580
-0.04624005
0.29274678
0.06911365
0.01004782
-0.16942640
0.10247227
-0.04610042
-0.00209960
0.18447729
-0.13089158
0.17930023
-0.07439522
-0.00619110
-0.14145741
-0.02662821
0.09251579
0.06701273
0.08184214
0.10419615
0.06542083
-0.08111468
0.06531817
-0.00067042
-0.06634993
-0.05124788
-0.04835518
-0.04321033
-0.04954544
0.00283526
-0.02897909
-0.06016631
-0.06103597
0.15310329
0.02339330
-0.20074308
-0.01784469
0.10808683
0.07938888
-0.04202176
-0.20653997
-0.07807954
-0.22032915
-0.12410997
-0.23892942
-0.03091262
0.06526533
-0.08281574
0.06131696
0.11332938
0.22916196
-0.11223318
0.09575229
0.21067508
0.13570188
0.12523907
-0.09202298
0.03690431
0.03310201
-0.06157131
0.12195385
-0.17004456
0.06711642
0.09584502
-0.16802372
0.08280990
-0.05337004
0.05029176
0.18325261
0.06968482
-0.13269967
0.06233084
-0.06437785
-0.07322821
-0.04504876
0.01292993
0.23294600
-0.12792868
0.15303521
0.06798320
-0.28657929
-0.02428704
0.00130752
0.05501705
-0.00856329
0.09835659
0.04726492
-0.09267021
-0.14886650
0.03073104
0.13590450
0.06530791
-0.03520594
0.12671981
-0.05653921
0.09435330
-0.19984981
0.00128493
0.12764763
-0.08805204
-0.01591225
-0.00594357
0.00559802
-0.14472359
-0.16201120
0.01816252
-0.07027378
-0.00556527
-0.00762380
0.01126725
-0.02128339
-0.03256760
0.12005901
-0.01418818
-0.05682408
-0.00324428
-0.31073750
-0.21970700
-0.13656018
-0.14268104
0.06535781
0.23885947
0.02942778
-0.06795441
-0.12326072
0.03101639
-0.09386016
0.06529578
-0.11510153
0.10508862
0.02821112
-0.12260919
0.07922836
0.08916103
-0.02292157
0.11145411
-0.09649821
0.19446660
-0.04984947
0.00589879
-0.23319784
-0.24333308
-0.03729978
-0.01888300
-0.27598597
0.03495765
0.09026079
-0.11169795
0.07328400
-0.12775648
-0.12894283
-0.08224357
-0.17510009
0.01789355
-0.04709464
-0.10465853
-0.14477465
-0.00879722
0.04762555
-0.05953866
0.02661112
-0.08290163
-0.01451607
-0.06111200
-0.05861926
0.20402068
0.15996391
0.00180488
-0.17565304
-0.14829134
-0.00524052
0.09263898
0.17171353
-0.13147703
0.09843500
-0.00583193
-0.06836555
-0.02599368
-0.03170051
0.03187053
-0.10657467
-0.01581791
-0.04308929
-0.23349248
-0.12781831
-0.02020286
0.05647495
0.12890762
-0.08876327
-0.11317669
0.14057214
-0.02556485
-0.12666238
-0.16016076
0.07871810
-0.05490548
-0.18995759
0.09206761
-0.10507090
0.01671354
-0.10159467
0.16416383
-0.15159396
-0.33353362
-0.15497897
0.05534201
0.01554311
0.03099725
-0.03090123
-0.02526614
-0.33932742
-0.13818151
-0.00122484
0.09762526
-0.11167538
-0.09346793
0.10321375
-0.03905588
-0.21367312
-0.00392424
-0.08060284
-0.05621397
0.05890174
-0.14012147
-0.00631270
0.15106445
0.09542970
-0.15309944
-0.02279929
-0.02296033
0.11948828
-0.00548411
-0.08297244
-0.19774597
0.06797860
0.00801297
-0.00233453
0.07195064
-0.08540231
-0.03207845
-0.02459385
-0.13048806
0.01679330
0.02899297
-0.03315866
0.03538228
0.11219947
0.18633722
-0.09781568
0.16220219
0.01354699
-0.10481846
-0.05273865
-0.38186050
0.01566925
-0.03540479
0.28073513
0.12227023
0.08576403
-0.14372974
0.08996748
-0.16246439
-0.05708874
-0.03763370
-0.00757865
-0.14895113
0.02058404
-0.01644552
-0.15945883
-0.13735403
0.02143969
0.09987172
0.12541012
-0.02631782
0.05377993
-0.20258598
-0.09991735
0.03025993
0.02363594
-0.13139290
0.13476924
0.15809434
0.08104933
-0.07755526
-0.05012720
-0.02892189
-0.09961201
-0.05652696
-0.06741211
0.09976078
0.13674710
-0.13159353
0.18936249
0.25422124
-0.02824683
-0.21419779
0.04656204
-0.10080980
-0.17932409
0.01693212
0.14788199
-0.12255088
-0.18130043
0.03364823
0.12762321
-0.13265910
0.09394994
0.04590893
0.19462048
-0.13756039
-0.16709991
0.05371244
0.07969369
0.03802986
0.02690818
-0.10520424
-0.03997705
-0.00012867
-0.06461601
0.21162423
0.26513013
-0.06825634
0.17388747
-0.24065242
0.18134708
-0.04153876
-0.02052092
0.10138548
-0.06976348
0.05278783
-0.00610066
0.04362932
-0.02587387
-0.13660743
0.04355895
0.22592138
-0.11100708
-0.22094270
-0.12327359
-0.01766676
0.07604721
-0.13126160
-0.07617657
-0.15772324
-0.08826047
-0.26687613
-0.06589761
-0.11208857
-0.03792399
-0.03343329
0.09826056
-0.05660788
0.16161106
-0.22270400
0.02375102
-0.08864118
0.36766061
-0.17045424
-0.11758030
0.09927220
-0.00796855
0.12884073
0.04856893
-0.06652790
0.00029579
-0.01756791
0.05171513
-0.03516688
0.00497897
-0.03248581
-0.12460349
-0.12763052
-0.19373636
-0.07342308
0.06563127
-0.07562981
0.03945502
-0.05782873
0.02762190
0.18096943
-0.13755112
0.05298158
0.01353128
-0.10948569
0.07782624
-0.02269121
-0.00292628
-0.02657796
-0.01438478
0.13523885
0.07237745
0.00921415
0.13210075
0.08391926
0.01976469
-0.07330010
-0.01607381
0.15255350
0.15534371
-0.10966290
0.03420223
0.04784941
-0.20778923
0.11987185
0.01538527
-0.03120154
-0.02054048
-0.04615616
0.16453389
0.00068380
0.01204689
0.01157292
0.03490618
0.06630043
-0.00432214
-0.14346082
-0.16338840
-0.06967577
-0.13422503
-0.00026231
-0.11438520
-0.02566153
0.02871528
-0.04768742
-0.00488553
0.10865022
0.00921711
-0.07764777
-0.03913822
0.03886061
0.20802529
-0.00722191
0.11311515
-0.06111020
-0.07753102
0.03641233
0.04723531
0.11967843
-0.15375471
-0.14035535
-0.00418292
0.15194133
-0.01016938
0.02929285
0.01374236
0.23045995
0.01853376
-0.11479962
-0.01893311
0.09526474
-0.04170261
0.02439596
0.08564011
-0.02896581
0.01993878
-0.03540130
0.04663032
-0.10805762
-0.11135446
-0.15235082
0.06976246
0.07721189
-0.01226230
0.03064378
0.03687397
-0.01909959
-0.04988956
-0.09924932
-0.00383266
-0.09694434
-0.32018644
0.00853480
-0.06218074
-0.11783764
0.03608048
-0.02185699
-0.06933027
0.08810834
0.03526795
0.01178902
-0.01696718
-0.01770056
0.01012559
-0.15442871
-0.08525500
0.06567997
-0.07116888
0.02472740
-0.07434293
-0.00321097
0.05307178
-0.12117153
-0.01709390
0.20827334
-0.10707331
0.10377470
-0.04637201
-0.01697231
0.12273676
0.04457156
0.07462933
0.25177014
-0.05316779
0.09524852
0.17082788
0.10752164
0.23453004
-0.14637090
-0.12466123
-0.13236460
0.15479812
-0.07110209
0.07118348
0.04787502
-0.10104750
0.02278691
0.00678649
-0.11260959
0.08096471
0.02609206
0.07449479
0.00283371
-0.19463032
-0.14534003
-0.22558464
-0.10593235
-0.05769019
-0.17734946
-0.13785531
0.02005083
-0.23029655
-0.25526378
-0.22494791
-0.27210008
-0.16395986
-0.32558869
-0.32872771
-0.29498305
-0.44467746
-0.24564192
-0.49880854
-0.25762227
-0.14541722
-0.07314377
0.00347955
-0.16794750
0.06439512
0.19949364
0.12447922
0.19714785
0.29289926
0.34230976
0.34070001
0.43016386
0.34250522
0.51358427
0.48922773
0.59782387
0.51655188
0.42046608
0.61789707
0.45316798
0.45147434
0.56638675
0.32565177
0.23059032
0.32400010
0.12307185
0.36599519
0.04478275
-0.08407328
0.00947029
-0.21517928
-0.10564395
-0.19363864
-0.29236924
-0.17799210
-0.33243725
-0.34719136
-0.44834481
-0.35239856
-0.23042808
-0.35838052
-0.46227314
-0.16394219
-0.40240607
-0.13008823
-0.20424023
-0.24656754
-0.22225168
-0.27200725
-0.10627307
0.05999836
0.17771716
0.04808132
-0.09923733
0.08623729
-0.09040735
0.02199942
0.07858505
-0.00676007
0.18267339
-0.08324196
-0.02975887
0.28527569
0.14445075
-0.11413761
0.00210996
0.13934337
0.19856907
0.08195353
0.03910828
-0.03606812
-0.01083002
0.02614550
0.22847619
-0.01752692
-0.11908748
0.10101281
-0.06029415
-0.15024968
0.11648498
-0.01067518
-0.11188605
-0.07848149
-0.05321842
-0.16332188
0.09508786
-0.12286085
0.01009679
0.07081226
0.10917773
-0.17947453
-0.06616407
-0.08756273
-0.05487568
-0.17771599
0.05496537
0.06009604
-0.22458005
-0.03555429
-0.08750403
-0.09342121
-0.17234756
0.04241723
0.04246381
0.07721928
-0.06181986
-0.10256134
0.04370035
-0.23018168
-0.13396201
0.03255214
0.05394765
0.01293038
0.07957608
-0.19628020
0.01868345
0.02303932
0.03453562
0.08575622
0.09767319
-0.03229965
-0.07753433
-0.07466713
0.02576456
0.02935497
-0.04117444
-0.03158676
-0.09116694
0.00363116
0.10298130
0.01576196
0.12734150
-0.30872515
-0.18951716
-0.07802723
-0.08552731
0.15976292
-0.23461305
-0.02251444
-0.22421467
-0.03656602
-0.15436580
-0.02131467
0.00402805
0.05081043
0.05781680
-0.25180381
-0.04948660
-0.17199493
-0.12105552
0.34087917
-0.03065495
-0.10514047
-0.09032625
-0.00238226
0.43558933
0.36562790
0.15443358
0.18864888
0.22542609
0.28876597
0.31963670
0.11915735
0.42091229
0.36377840
0.18865692
0.13558418
0.24440997
0.08175602
0.21158079
0.19731762
0.08324969
0.00004432
0.03035401
-0.23524587
-0.22457527
-0.18462756
-0.22173493
-0.23809102
-0.45981357
-0.28887398
-0.41830120
-0.38703359
-0.62013412
-0.45472167
-0.45131111
-0.22823060
-0.28739096
-0.51229030
-0.25174364
-0.26598188
0.09600921
-0.33007321
0.01109584
-0.09262316
-0.20127890
0.10764257
0.14675731
-0.01477936
0.06506656
0.24791894
0.35065468
0.14955423
0.30391819
0.40652712
0.18508020
0.26894480
0.15988852
0.37608139
0.31924295
0.15296659
0.18807103
0.06405811
0.15435217
-0.05092857
0.16748353
0.01632358
-0.13945208
0.03949616
-0.06409511
0.05087630
-0.06460124
-0.12819347
-0.27038317
-0.00614042
-0.04539606
-0.05634537
0.00316183
-0.13162053
-0.00532120
0.12307857
-0.00592032
-0.04268288
0.10681166
-0.03366185
-0.02889321
-0.09446922
-0.19271170
-0.07969213
-0.09736110
-0.10107708
-0.26661925
-0.18682384
0.06369586
0.00494815
-0.06038597
-0.00103885
-0.07813324
0.05463141
-0.12184886
0.27785730
-0.05557147
-0.08306708
0.14165690
-0.04059312
0.09166543
0.05405094
0.14325803
0.01550231
-0.20270372
0.02547610
-0.04435807
-0.10550228
-0.03540160
0.01749709
0.02028924
0.01240660
-0.17532103
0.10546692
-0.02982767
0.01401684
-0.06320118
0.11458273
-0.21424124
-0.09500256
0.20434685
0.04005855
-0.13108449
-0.14273904
-0.08258977
-0.11011290
-0.06265082
-0.09429381
0.06029297
0.19851259
0.02058512
-0.17233786
0.03356355
-0.14287529
-0.12685893
0.13201463
-0.09694015
0.13317474
-0.11090403
0.02963417
0.15895991
0.03199709
0.04945873
0.15845528
0.12561641
0.12484040
0.05842097
0.18310944
-0.06775532
0.06921723
0.00704001
0.01893553
-0.14904076
0.10649087
0.13686890
0.06209403
-0.14142962
0.02317079
0.09774203
-0.00394450
0.03067280
-0.08698508
-0.14284278
0.06313833
-0.14524318
-0.08368274
0.08352409
-0.01755439
-0.00488270
0.15768744
0.02916676
0.09854243
-0.06171399
0.11304530
0.00319347
0.08576977
0.07445652
0.03617054
-0.10412811
-0.05956191
0.01029653
0.12396285
-0.04982844
0.10345359
0.21522745
0.05480337
0.23325683
-0.09495970
-0.10936295
0.06177370
-0.01230151
0.06604313
0.01176389
0.11595419
-0.11968181
0.12195854
0.17407296
0.09315558
0.14031794
-0.00512915
0.03114936
-0.13186142
-0.02374389
-0.04418047
-0.12635702
-0.11704835
0.08069891
-0.01007730
-0.10433351
0.18084383
0.02827184
0.00300193
-0.13515604
-0.14212597
0.04023792
-0.07776413
-0.06706278
0.07457513
-0.12329446
-0.06927107
-0.14506711
0.01285233
-0.32252080
-0.22250192
0.04344755
0.00577642
-0.19293970
0.08037703
0.04697340
-0.00609140
-0.03180830
-0.03151970
0.14182117
0.01023076
0.24331635
-0.11660880
-0.08819467
-0.17250181
-0.01526471
-0.08877218
0.01769580
0.03207161
0.03699379
0.09251862
-0.09117370
-0.04962976
-0.10370227
0.23219137
0.18372732
-0.17943980
0.07786017
-0.00515076
-0.07517522
-0.12050097
0.01404392
-0.04304281
-0.06671769
-0.13133843
-0.12509065
0.00390945
-0.13632041
-0.08511968
-0.01767396
0.15901528
0.10764269
-0.18736515
-0.21554124
-0.02261512
-0.11295585
-0.02902464
-0.08705974
-0.10726740
0.06403251
-0.04445227
-0.21764939
-0.08672984
0.09807318
-0.11368952
-0.13469537
0.13199906
0.02223078
0.10517585
-0.02973955
-0.02509415
-0.03718740
-0.00933875
-0.18614379
0.08138875
0.12554332
-0.07421395
-0.14788524
0.11872913
0.07180576
0.02658675
-0.10275510
-0.24120057
-0.16277394
-0.08690409
0.12229051
0.13753068
-0.03372464
0.22813607
0.09300802
0.07988601
0.04228876
0.08914145
0.04245591
0.01741318
-0.06288531
-0.04991248
-0.13547672
-0.15899836
-0.17534628
-0.09595548
-0.10994764
0.07010465
-0.02948833
0.14203669
0.06588345
-0.13484005
-0.21661083
0.02734479
0.00286976
0.07193795
0.07783035
-0.03471817
-0.20176253
-0.02089528
-0.07403483
0.10705613
-0.07930022
-0.02728368
-0.02329958
0.20339856
-0.11718663
-0.02196267
-0.01437248
-0.03182968
-0.11734346
-0.13828798
-0.05610583
-0.10828819
-0.13006407
-0.04898542
-0.09297519
0.17564338
0.04686826
0.00063408
-0.09449892
0.12084995
-0.01957256
0.01368834
-0.02285084
-0.07926093
0.15993220
0.01874085
0.03165483
0.01641050
-0.12752526
-0.11953314
0.01161184
0.10304470
-0.01268819
0.08746227
-0.02560630
-0.09176264
0.12508149
-0.11079650
0.05326399
-0.20037056
-0.11364823
-0.02312547
0.20057572
0.14179876
0.09093950
0.04236805
0.16809362
-0.19532885
0.15594794
0.00616260
-0.01482148
0.17073306
0.00884018
-0.17259523
0.12294361
-0.02299315
-0.08315144
0.01149168
-0.05953153
0.02647886
-0.03276443
-0.05181368
-0.12413950
-0.08020009
0.13179026
0.13046058
-0.16460456
-0.13500698
0.11810079
0.12288562
-0.02121459
-0.09396306
-0.00780698
0.09326877
-0.00026580
-0.03550730
-0.17480435
-0.15420131
0.04938233
-0.03204731
0.05639117
0.23760247
0.22014248
0.02141235
0.22926869
-0.02828139
0.19897873
-0.04716856
0.12115626
0.03415122
0.13892145
-0.14414069
0.10440033
0.03749534
0.17427992
0.00048986
-0.04147565
0.04051651
-0.03592237
-0.09301188
0.07963141
-0.01188635
-0.01430799
-0.11531463
0.00747710
-0.12789326
-0.01118238
-0.05187427
0.11089568
-0.16882304
-0.19020559
-0.18681654
0.08910228
0.02171581
0.06089997
0.03489231
0.04039132
-0.00905531
0.04356011
0.33949154
-0.04482668
0.21508085
-0.03538082
0.05647517
0.13971063
-0.07614784
-0.17558462
0.12309122
-0.12451707
0.02572430
-0.17784458
0.03141075
-0.03873872
-0.06730261
0.14025705
-0.22191657
-0.01510398
-0.00838179
0.09171093
-0.01667395
0.10322602
-0.12956143
-0.12228326
-0.17465614
-0.05984116
-0.02526507
-0.15925293
0.11834714
-0.17762954
0.00269104
-0.03281690
-0.05352486
-0.24256072
-0.09134292
-0.06318867
-0.02633467
0.05658011
0.17031483
0.01483724
0.23045301
0.11884325
-0.00272650
0.06351491
0.06835422
-0.14402308
0.19802978
0.02882100
-0.08243319
-0.07524725
-0.17203686
0.22787826
0.18084378
0.03715201
-0.04595896
-0.02140393
0.14718853
0.00990401
0.03220586
-0.20598205
0.18787099
0.04207683
-0.00447592
-0.08276575
-0.03802590
-0.01113853
0.00470915
0.03023313
-0.10451317
0.05843813
0.08226374
0.08806229
0.00734832
0.14961354
0.00731265
-0.22623155
-0.07809574
0.15308209
-0.18612273
0.08924054
-0.03425002
0.18107691
0.03381091
-0.24720478
0.06584964
0.17383822
0.08053331
-0.05369832
0.08573362
0.02386829
0.01150358
0.11926177
0.10356622
-0.01445511
0.03589713
-0.17753238
0.15292870
0.18707639
0.02022134
-0.11361034
-0.12624551
0.17779233
-0.08091239
-0.13885215
-0.29874448
-0.09344047
0.03585699
0.08101517
0.04881977
-0.03908481
-0.07092650
0.12891839
0.14091618
0.03469579
0.00344715
0.02941992
-0.15766507
0.14539713
-0.05133832
-0.29738635
0.04058569
0.09652868
-0.01432497
-0.05595337
-0.29944280
0.14581139
-0.01522287
-0.03619748
-0.10765600
0.03544611
-0.04415355
0.19962155
-0.06915730
-0.00977977
-0.13951378
0.07032851
0.00843984
-0.03057615
0.19385321
-0.07764245
0.01840183
-0.05736677
0.16475838
-0.10056354
-0.07441840
-0.17233768
-0.11331353
-0.05439312
0.26006940
0.00237639
-0.12255326
0.01547864
0.02370507
-0.01084447
0.14888497
0.07419571
0.00391729
-0.06019964
0.05706679
-0.24093045
-0.11726139
-0.11610403
0.15026226
0.03213377
0.02351395
0.03056098
-0.18216969
-0.06039476
-0.20006140
0.04999375
0.12964462
-0.10220285
0.12270551
-0.01554650
0.01354688
-0.01818748
0.09096417
0.10928031
0.13341526
-0.08406888
-0.13138886
-0.07328993
0.08880514
0.22445903
-0.18867379
0.11018232
0.06794571
0.24321506
0.06109816
-0.10315036
0.06455717
