0.02998160
0.01997412
0.02850428
0.16806898
0.03505245
-0.03455338
0.02220293
0.14986019
0.29570292
-0.07475564
-0.12407157
-0.03016702
-0.06084041
0.04335299
-0.18037830
0.07714376
0.02166159
0.08229978
-0.09722606
-0.04447395
-0.05759104
0.04180182
-0.04852756
-0.06975304
0.13536552
0.12850506
-0.04666216
-0.06577432
0.03546987
-0.08213461
0.02814673
-0.12031680
-0.17715148
-0.04219863
-0.07942824
-0.13057073
0.12516940
-0.06512737
0.20973375
-0.19208010
-0.00900016
0.12576839
-0.10609879
0.02829177
-0.07583742
-0.01203616
-0.18517257
0.19280665
-0.24429409
-0.08717089
0.01322583
-0.06047727
0.12181295
0.05445686
-0.10825156
0.04651964
-0.13639120
0.07130930
-0.11083085
-0.02472993
-0.01454192
-0.06370048
0.08525382
0.01146982
0.06637375
0.03876279
0.14643670
-0.16512040
0.07138081
-0.03469393
-0.10389493
0.09645517
-0.04572536
-0.09191942
-0.02386596
0.05239536
0.10672920
-0.09922463
-0.13991979
-0.12900399
-0.12041516
0.13622555
-0.05479575
-0.03113970
0.03327276
0.07383150
-0.12754321
-0.20820220
-0.02614871
0.04797526
-0.08845151
-0.01305857
0.07074397
0.11991884
-0.20115527
-0.36591967
0.01187339
-0.01961451
0.14533343
-0.10148560
0.07643805
-0.02495813
-0.26321759
-0.16158228
0.12722913
-0.00348032
0.05473295
-0.05760352
-0.03529104
-0.10956842
0.04725954
0.04115628
0.11596700
-0.12178885
-0.13002371
-0.08190487
0.13420269
-0.07758160
-0.09157692
0.29884289
0.04483793
-0.05315318
0.12911482
0.13683853
0.11032159
-0.24377179
-0.01583942
-0.07344487
0.06235673
0.00875584
0.09891839
-0.11100044
-0.17184117
-0.20159369
0.14749495
-0.10456963
0.01965453
-0.06543412
0.24561467
-0.10550869
0.03592996
-0.12316302
-0.16670523
-0.00779242
0.02403415
0.20120534
-0.19654547
-0.06287026
-0.11174367
-0.13392661
-0.01364457
-0.01723134
0.03801904
0.05810094
0.06402632
-0.04571783
-0.12515925
0.25433914
0.04647326
-0.29059405
0.11667631
-0.04842389
-0.01120879
-0.11475003
0.16306649
0.08426794
-0.00608643
0.05436623
0.14278223
-0.09888094
0.02592705
0.20583985
-0.18960777
0.14558414
0.00227586
-0.04950162
0.22039328
0.24800913
0.03214641
-0.07868542
-0.14168091
-0.12462714
0.02608833
-0.06791869
0.07416340
-0.15012719
0.03758511
0.18130876
0.01952221
-0.32056037
-0.09493100
-0.14267800
-0.05629337
0.18150626
0.18125590
-0.03875293
-0.12648332
0.17113719
0.01468687
0.01645888
-0.11355051
-0.17909002
-0.14883557
0.11958917
0.15735692
-0.06815935
-0.02082243
-0.00087605
0.00648224
0.05063718
-0.01574693
0.07767514
-0.05164967
-0.11970550
-0.13672787
-0.06493817
0.03283437
0.02971113
0.11806324
-0.04992518
0.00608673
0.14930728
0.07687485
-0.08266083
0.04667217
-0.00221018
0.04358866
0.10052708
-0.04340091
0.14035796
0.06000825
0.06323421
-0.16029372
0.07554752
-0.21546579
-0.36174876
0.02216275
-0.12715075
-0.06763577
0.17275620
-0.03793037
-0.08322940
-0.02944847
0.23640883
-0.02710773
0.04697910
0.10315755
0.28406288
0.05889721
-0.08402674
-0.03471636
0.09176896
-0.06828831
0.00857414
-0.04972041
-0.10680205
0.10441455
0.00806242
-0.05878514
0.01822238
-0.05072396
0.13616016
0.20153418
0.00984693
-0.02235588
-0.17633523
0.23307864
0.02043226
0.16062048
-0.02354822
0.04392310
0.10807973
-0.07295776
0.12434458
0.12599753
0.18956528
0.03341501
0.12077880
-0.05594767
0.04850139
-0.10761422
-0.05872044
0.00816355
0.01427337
0.20558045
0.17218721
0.14157751
0.00528147
0.16852176
0.17102890
0.04754275
0.03302492
0.18417198
-0.06673078
-0.05007026
-0.04654794
-0.11720198
0.04967493
0.00150265
0.08031787
-0.06977808
-0.02337218
0.02999729
0.15798784
-0.05472622
0.08348965
0.04876012
0.04100012
0.01920563
0.21559385
-0.09633675
-0.09333418
0.13443609
-0.00879846
-0.12717651
0.12419871
0.18448833
-0.01571119
-0.08891362
-0.03432777
0.04459148
0.15051554
0.13370034
-0.02635293
0.01440320
-0.00727484
0.00493138
0.18517201
0.24057215
-0.07603157
0.07648827
-0.07836344
0.00312882
-0.00191436
-0.03108579
-0.03828174
0.06430386
0.24011992
-0.09911066
-0.07445305
-0.06938449
0.07186565
-0.06544534
0.05800961
-0.01532248
0.01942093
-0.04886773
0.00109070
0.06633597
0.07040123
-0.15123025
0.02720670
0.04888632
-0.00178628
0.10008160
0.17500873
0.08897342
0.06510499
-0.08289648
0.12882700
-0.14551434
-0.15441477
0.22895349
0.19816361
0.13757533
-0.05528872
-0.06200233
0.18867794
-0.10145434
0.08937382
0.06516836
0.20942929
-0.17054318
0.04093300
-0.12910930
-0.10371861
0.02720916
0.30725073
-0.07120236
0.07007188
0.02446649
-0.03239241
-0.05057182
0.18799924
0.00997460
-0.00496681
0.02943237
-0.06617763
0.02757133
0.05221406
0.05684669
-0.08919945
0.01025611
-0.06619914
0.04996450
0.00835029
0.01371377
-0.17938395
-0.10624904
-0.12037587
-0.14139855
0.00554182
-0.21918244
-0.03882766
-0.19418170
-0.07453545
0.21209000
0.12429883
-0.06459615
-0.03160464
0.00616124
0.05314944
-0.02605869
-0.06380725
0.02122230
-0.17861183
0.06492486
-0.18171043
-0.07717956
0.05060382
-0.17899631
0.04900686
-0.12231866
-0.06126334
0.05259823
-0.05425936
0.12819781
0.01320804
0.04819970
0.06382625
0.13773687
0.09689241
-0.05374850
-0.19995257
0.04150626
-0.06244242
-0.06977432
0.06563245
-0.01248305
0.04581837
0.12949079
0.10724768
0.22158201
0.27997519
0.11226076
0.27479698
-0.13509700
0.07337825
-0.04694914
-0.03267023
0.06445969
0.01520358
0.10196497
-0.12270159
0.15546921
-0.04140092
-0.04937321
0.14683252
0.03963388
-0.05090928
-0.15755215
-0.00335690
-0.03162245
-0.05440983
-0.08619498
0.12952512
-0.12575426
-0.11155109
0.06712270
-0.09107880
-0.00400608
0.18177479
-0.05217564
0.01525226
-0.13607881
-0.06844984
0.02561510
-0.13541770
0.16757561
-0.26478777
-0.09304484
-0.16649543
0.06591457
-0.03249087
-0.08347347
-0.22505955
0.22144402
0.11868361
-0.02505787
0.09594186
-0.14517448
0.05603797
0.13829117
0.00062780
-0.08064804
-0.05304187
-0.15746882
0.09650840
-0.13859211
0.00685025
-0.08564619
0.13146311
0.07368539
0.00295628
0.05977470
0.03385023
0.04590018
-0.16762762
0.11158003
-0.19508833
-0.13712416
-0.08120885
-0.03335054
-0.04000173
0.07176689
0.00542741
0.03474385
0.10832409
0.17142380
-0.08302376
-0.04096984
-0.13927121
-0.16575766
-0.14670405
0.16003182
0.15747213
0.08364248
-0.33196005
0.07706249
-0.10135191
0.07668929
-0.09889950
-0.11157166
-0.05677967
0.02140102
0.17528935
-0.09378098
0.03955923
0.18024709
0.00112777
-0.05074208
0.02809860
-0.04956092
0.18688839
0.03372738
-0.21528340
-0.00653670
-0.07305799
0.07816673
0.10530813
0.04851025
0.11749155
0.07111906
-0.06235855
-0.04419408
0.07889517
-0.18682572
-0.01850845
0.06551458
0.21702636
-0.08124217
-0.08016788
0.15321719
-0.02516706
0.15021483
-0.11867376
-0.06152403
0.48354348
-0.00006805
-0.05308278
0.25717342
-0.04158134
0.05948576
-0.00549369
-0.15403670
0.01780742
0.11629010
0.07050872
-0.21331792
0.15517855
0.10427266
0.17645235
-0.14836970
0.06130433
0.14479852
0.02670147
0.06965410
-0.01608739
-0.10258926
-0.18232462
0.11861015
-0.14971127
-0.04260456
-0.17748815
-0.02206630
-0.22540626
-0.13720611
-0.12962347
0.19999898
0.00836497
-0.09815943
-0.01320962
0.09256780
0.10441817
0.16891880
0.07641102
-0.15773027
0.07794344
-0.04855254
-0.20262405
0.10707395
-0.02127925
0.07518812
-0.18464634
-0.18155438
0.09119099
0.32404997
-0.02354863
0.04534875
0.00223579
-0.21401536
-0.10035485
0.06862323
-0.18064644
0.02137309
-0.02611244
0.04886179
0.24935527
-0.19870912
0.18010683
0.14756455
-0.07606508
0.03734214
-0.12238050
0.06057073
0.03353188
-0.11023891
0.06631153
0.10806125
-0.04179325
0.05660927
-0.06223537
0.10524418
0.03909112
0.23975460
0.05067655
-0.09158638
0.17023932
0.19653688
-0.17494953
-0.01416529
-0.01652929
-0.10701938
0.03488636
-0.03695459
-0.16897181
0.11204690
-0.13298247
-0.02720495
-0.07747143
-0.03549749
0.01137862
0.18655806
-0.10889273
-0.11140209
-0.00068156
-0.12498817
-0.10291174
0.01201055
0.05054720
-0.04645788
-0.04854361
-0.06597623
-0.00464119
-0.10706324
-0.04540202
-0.10436776
0.03768775
-0.09155337
-0.03986448
0.03219152
-0.00735803
0.03174550
-0.02256364
-0.21047161
-0.05908227
0.09706499
0.06042813
0.23039129
-0.06976954
-0.11241558
-0.13060939
-0.00750465
0.19486899
0.01640106
-0.06826999
0.12443873
0.01984284
0.12923916
-0.01660017
-0.08351720
-0.06015379
-0.21803573
-0.24972046
-0.13097925
0.05832067
-0.10791716
-0.09784294
-0.12490316
0.08354679
-0.05572372
0.03299548
0.07909434
-0.07876815
-0.03912156
-0.10109722
-0.14490157
0.07100125
-0.08682317
0.26547324
-0.00831250
-0.15850923
-0.11577182
0.14329418
-0.01003265
0.01328049
-0.00002394
0.21411721
-0.17370541
-0.34526270
-0.04559081
-0.18195352
-0.02580820
0.17558284
-0.02647604
0.09035975
0.17909661
0.06284405
-0.00958198
0.16538066
0.24402268
0.07339610
-0.05724182
0.09023012
0.23510594
-0.01800682
-0.09467092
0.07587828
0.19563209
-0.14824220
-0.04938652
0.20382004
-0.08167014
0.01694216
-0.01358445
-0.06096857
0.07490845
-0.09974472
-0.10228237
-0.04443308
0.08416083
0.10025892
0.16997736
-0.00394161
-0.02424505
0.01790073
-0.11447210
-0.05724743
-0.09858998
0.03983329
0.06143775
-0.00192544
0.00049015
0.07722415
0.03729684
0.06884275
-0.06672480
-0.20056118
0.05121031
-0.12715391
0.01902901
0.01976968
-0.13580940
0.02382145
-0.25404112
0.01483430
-0.18902369
0.04027740
-0.10565887
-0.01961666
-0.17231562
0.12936053
0.03491504
-0.16077173
0.06172794
0.04330601
0.03511695
-0.09837169
0.00485851
0.11928212
0.03487673
0.06655230
-0.13782589
0.13311061
0.07719190
0.32313145
-0.06282420
-0.05838066
0.08978434
-0.10182592
-0.05336531
-0.09404197
-0.14639283
0.23302584
-0.01112802
0.06827078
0.08899976
-0.10442431
0.11487179
0.15772499
-0.05625589
-0.01231714
0.05128977
-0.05055574
-0.06421880
-0.19399902
0.17619186
0.17551388
-0.08564510
-0.00237049
-0.16944538
-0.12865973
0.04773914
-0.03750341
-0.05924956
-0.05246901
-0.04330340
-0.04175035
-0.05576651
-0.00528592
0.02487610
-0.02970144
0.06872114
0.13295089
-0.17643917
-0.01331219
0.06259559
-0.18945576
0.06424857
-0.05855731
0.10505086
0.10902847
-0.02124145
0.03184080
0.03854941
-0.12638502
-0.13988400
-0.00488049
-0.07211681
0.01704057
0.01927527
-0.03754564
-0.03800890
0.10513601
0.04361641
-0.04120140
-0.00965294
0.13210693
-0.17149303
-0.17357812
-0.13221523
0.00140303
0.09164392
-0.13085938
0.02649778
-0.00838618
-0.07664777
-0.04422918
-0.06483068
-0.00510508
-0.15048425
0.05407521
0.13643377
-0.19741485
-0.03015825
-0.07686453
-0.00523835
0.15080434
0.13051319
0.10294807
0.21096350
-0.05342927
-0.05338812
-0.04584941
-0.14583153
0.07097683
0.02644358
-0.20250940
-0.12524959
0.00874520
0.18776138
-0.01938018
-0.27067984
0.09482386
0.01167936
0.06458152
-0.21014389
0.03751220
0.10362123
-0.16573210
-0.06266289
0.03013317
0.01131363
-0.02829010
-0.08618159
0.13786744
0.19079531
0.23630679
0.27621695
0.10857045
0.25396080
-0.18082010
-0.05915078
-0.04047326
0.08328527
0.06836795
-0.04919101
0.05211447
0.00886467
0.10238882
0.11714436
0.06088724
0.04809221
-0.02432531
-0.12602068
0.09211459
0.01548199
0.00122052
0.18330299
0.06823044
0.10572185
0.10064653
0.07776197
-0.14646516
0.12550605
-0.05329287
-0.10288546
-0.07995148
-0.00418696
0.02833998
0.07058519
0.26737991
0.08256058
-0.03148509
0.05238775
-0.07376883
-0.01773479
-0.02875746
-0.09077025
0.00440288
0.16272726
0.12082773
-0.03783977
-0.13836410
-0.05283481
-0.06229460
-0.04652140
0.09309117
0.16104097
-0.02860829
0.04961577
0.06977215
0.23335491
0.04184172
0.07736640
0.11497127
-0.02672823
0.00511663
-0.08249924
-0.09704254
-0.08512305
-0.02159789
-0.05418449
-0.18969035
0.10272224
-0.04719136
0.01884816
0.10350113
-0.00470317
0.22200623
0.21161078
0.14102084
-0.03004339
-0.04885402
-0.13615940
-0.14740095
-0.09708923
0.05846607
0.01090279
0.06173537
0.02697113
0.02720232
0.01304525
0.04235665
0.04362944
0.06346349
0.17018314
0.08056653
-0.23552374
-0.10097200
-0.07691853
0.00615434
-0.01113137
-0.13015546
0.17544780
-0.14202554
-0.23039871
-0.11562863
-0.10487763
-0.02199926
-0.12270135
0.08316615
0.02337952
0.01933404
0.09308361
0.11128455
0.01927125
-0.04630770
-0.02361948
-0.02493366
0.05398340
0.07705737
-0.11356459
-0.00120492
-0.06757750
-0.04375560
0.03566989
-0.00240204
0.12706002
0.07022532
0.02011109
-0.08466432
0.05704535
0.09285946
0.09873942
0.08206693
-0.05368158
-0.03910453
-0.11688481
0.22410604
0.08822279
0.00876780
-0.04464449
-0.03435215
0.06339987
0.00058860
-0.13293862
-0.18842570
0.01403905
-0.23113683
0.09254004
0.02689248
-0.00014388
-0.07062309
0.02880877
-0.01184204
0.03743274
-0.06128611
0.01960653
0.04490963
0.06615104
-0.03521395
-0.03620187
-0.13878059
-0.08487893
-0.01443970
-0.15582860
0.09606942
-0.11429048
-0.04246192
-0.01589800
0.12158360
0.09502230
-0.12240212
0.22642539
-0.19110610
0.07558564
-0.07619929
0.15036100
-0.04082394
-0.00717221
0.08216556
0.00540952
0.10165290
-0.07874596
0.43531771
0.02535170
0.05017200
-0.12294761
0.19891907
-0.19684197
0.08409845
0.16821064
0.01168118
0.08583301
0.13028504
-0.01442242
0.11183006
-0.03930983
0.07845532
-0.03143670
0.07538959
-0.03984646
0.01251397
-0.05396043
0.09229252
0.10212271
0.09180836
0.18971492
-0.04487903
0.01172120
0.02597691
-0.05516793
0.02010789
-0.03335908
-0.00280476
0.06788153
-0.02493423
0.05072763
0.01591408
0.00160916
-0.03237657
-0.24507268
-0.22824596
-0.02623286
0.07137179
-0.02996678
-0.10607768
0.15423634
-0.11746659
-0.01344830
-0.12657186
0.10141287
0.17960676
0.24379891
-0.00347197
-0.01082969
-0.06112135
-0.08393544
-0.05059308
0.10172930
0.04347486
0.08627544
0.00283503
0.03420075
-0.08518389
-0.08865391
0.09559143
0.14273723
0.00681086
0.03421560
-0.02612858
0.12145371
-0.04308062
0.03172829
0.00070391
-0.07029600
0.05607489
0.08970118
0.17198309
0.01971412
-0.00686331
-0.14881033
0.07240659
-0.16215214
0.02813002
-0.16977170
-0.01057840
-0.22111659
0.23675609
0.05339221
0.20976448
-0.00506090
0.05935600
0.05148014
-0.07960135
0.04050727
-0.08995737
-0.10082083
-0.11624755
0.14373916
0.18328936
-0.10557427
-0.04587381
0.03762644
-0.07225304
-0.07937541
-0.08222018
0.12758603
-0.09117631
-0.06097451
-0.08206974
-0.00791883
-0.15694877
0.02099014
-0.23093553
0.00520562
-0.03745176
0.00002587
0.04050871
0.03426006
0.05622235
0.09093995
0.00767432
0.20475266
-0.17255771
0.03988017
-0.06625949
-0.12078165
-0.00547946
0.01175126
0.13957944
0.05085088
0.13971163
-0.14547139
0.03490803
-0.14320841
0.12463280
-0.04381436
-0.11978815
0.01451763
0.09067129
0.11195870
-0.13052584
0.12325713
0.11005575
0.29355556
-0.04409894
-0.01913733
0.09390538
0.04798430
-0.00881455
0.11614748
0.13113487
-0.00384073
0.01716228
-0.00930588
0.03658547
-0.03579550
0.14219030
-0.04012861
-0.35102782
0.10170590
-0.13688891
0.27085600
0.09188256
-0.06848406
0.05936058
-0.03659985
-0.04313097
-0.02810212
-0.19454652
0.15918533
-0.22056376
-0.05460932
-0.04315620
-0.09590660
0.03240693
0.01760244
-0.08704477
0.14718896
-0.04851722
-0.22498068
0.09128105
-0.07182140
-0.12945486
-0.01392611
-0.07075251
-0.09176580
-0.04482837
0.10744053
0.05333910
-0.03917578
-0.03858318
0.01597840
-0.16444475
0.08620702
-0.02805849
-0.04980230
0.12064229
0.08340526
-0.11057624
0.16802458
-0.02959321
0.07605578
0.14463211
-0.14039022
-0.13463731
0.08453014
0.02987423
-0.03879442
0.07090666
-0.16771612
-0.05074581
-0.28120766
-0.16765253
-0.32547527
-0.18208003
-0.20297058
-0.37334868
-0.09561028
-0.34254758
-0.11851926
-0.41541399
-0.18093633
-0.37084038
-0.23291943
0.01494264
-0.11692237
0.09922863
-0.05178932
0.03334269
0.02907917
-0.02026779
0.01086912
0.13654807
0.15712870
0.25129359
0.49994091
0.38755345
0.52665829
0.59336155
0.30195834
0.12418405
0.63924918
0.41011577
0.40100287
0.46889340
0.07958362
0.25885851
0.09618153
0.20209905
0.11970774
0.10790060
0.09513168
-0.06499518
-0.17959347
0.03743210
-0.28881733
-0.17704289
0.07786780
-0.14675948
-0.14753486
-0.36789151
-0.34586090
-0.34120940
-0.42299808
-0.17749916
-0.50491658
-0.21484431
-0.19234834
0.03701384
-0.22579974
-0.14421005
-0.12234571
-0.21532808
-0.18998348
-0.23721834
-0.02638561
0.02360460
-0.07692284
-0.04099859
-0.00146035
0.03804832
0.14912214
-0.04412610
0.03307854
-0.31937996
0.08538981
0.09684611
0.01255893
0.11220614
-0.04571264
-0.06883636
0.22881032
0.06235738
0.28771368
0.12792007
-0.00004519
0.10170032
0.23594024
-0.17216780
-0.00131090
0.13838282
0.11596793
0.03724283
0.10473408
0.04415014
0.14896669
0.06207217
-0.10594425
0.03277446
-0.09560587
-0.05035976
-0.22123524
-0.05002208
0.17524053
0.06231526
0.05143540
0.06923323
-0.04462537
-0.01452704
0.13038706
0.13501642
0.20038678
0.26642569
0.02513124
0.06340514
-0.09437212
-0.23359982
0.08632384
-0.09233707
-0.02849909
0.01419867
-0.08257543
0.01105416
0.03070817
-0.10043821
-0.05699228
-0.04398184
-0.11039690
-0.14475565
-0.03180359
0.03546234
-0.11192645
0.02398080
-0.05975753
-0.11428312
0.14199183
-0.05997278
-0.21548843
-0.03280680
0.10488249
-0.01819975
0.01628491
-0.13117613
-0.08141882
-0.05772275
0.15911138
0.09682333
0.12991311
0.20293976
0.27582532
0.35446873
0.15766533
0.30945051
0.38563893
0.49259857
0.33619710
0.20568041
0.33895055
0.31691909
0.30790523
0.27999278
0.46161984
0.27004115
0.10549332
0.11907710
-0.04345460
0.05675271
-0.34219723
-0.22235749
-0.41009165
-0.32688261
-0.37178687
-0.70329177
-0.66026601
-0.60142497
-0.60780386
-0.48713298
-0.45463297
-0.60699652
-0.61413205
-0.62821288
-0.31872695
-0.50049124
-0.32781304
-0.13973169
-0.03081006
-0.07415098
0.01557707
-0.04338381
0.08728647
0.21056928
0.11782632
0.31422579
0.43292535
0.45411556
0.29031573
0.45237473
0.48061458
0.32036197
0.14949332
0.42941254
0.39931419
0.36216623
0.22765505
0.22780199
0.29861634
0.14459280
0.31336749
0.24863774
0.14030594
0.06598417
0.14214099
-0.00778379
0.11164831
-0.01665481
-0.13285377
-0.18685532
-0.14163646
-0.13438984
-0.18120661
-0.10250824
-0.27009759
0.09949619
-0.09475420
-0.06317960
0.01642305
-0.02693092
-0.24410550
0.18379145
0.01326119
-0.01877232
-0.06769382
0.01280340
-0.05578913
-0.22292706
-0.11903183
-0.11778751
-0.00922519
0.09572151
-0.09536977
0.08255176
-0.12031876
-0.01155058
0.08221089
0.15582426
-0.01945230
-0.04362616
0.03125324
0.15733167
-0.12356324
0.18162712
0.04612818
0.31868021
0.05360055
-0.03156345
-0.01896117
-0.05013940
0.08678013
-0.10682498
0.01839521
-0.01845707
0.04116668
-0.09590288
-0.01608777
-0.03382925
-0.00093375
0.09394875
0.17464343
0.13891652
0.08032462
0.15535070
-0.02130438
0.00666918
0.07925215
0.00530147
-0.13799712
-0.02101696
-0.12550052
0.02596406
-0.26294023
-0.24835266
-0.12128862
0.24614862
-0.14576496
-0.18464824
-0.00255038
-0.07207726
-0.00916504
-0.06991136
-0.12200419
0.13944527
0.08354646
0.10904704
-0.02932225
0.07062321
0.03927257
-0.06230887
0.12864450
0.09793540
0.18350539
-0.00252650
0.07061326
0.04744701
-0.14925781
-0.10077757
0.06615037
-0.00197865
0.12224182
-0.10412730
-0.20550055
0.14945364
0.00921323
-0.10143800
0.12267532
0.08248414
-0.02947368
-0.01715606
-0.00701265
-0.03616833
0.09002210
-0.01451174
0.06776891
-0.07465322
0.16796166
-0.05546815
-0.11838030
0.10842059
0.25224368
0.06705722
0.00541372
0.05940265
-0.05204749
0.04893781
-0.04810860
-0.02504184
-0.03966956
-0.00489355
-0.04520178
-0.22306323
-0.03212346
0.22940119
0.10514785
0.13813533
-0.12012540
0.01055315
-0.24863033
-0.09845441
0.04322169
-0.17447507
-0.07075393
-0.01696663
0.03850329
-0.00328564
-0.14236954
-0.04425169
-0.11642194
-0.05277203
0.14863380
-0.11037515
0.17210380
-0.09095984
-0.01417587
-0.01254232
0.09476808
-0.00079311
-0.11363536
0.14182084
0.04635551
-0.09307385
-0.08699021
-0.06644121
0.03203509
-0.16775110
0.04792251
-0.10700576
-0.21060068
-0.00095937
-0.11961988
-0.06767976
0.05255245
-0.13669154
0.07595434
0.09713004
-0.03230870
-0.02955009
0.11740209
-0.04321619
0.02995930
0.02510105
0.04954891
-0.06163436
0.02168542
-0.02238898
-0.15004737
-0.09378070
-0.28898180
0.22250967
0.00689106
-0.01993584
0.12606871
0.08277693
0.08856379
0.06054417
0.06879082
0.01631825
-0.10054552
-0.05944761
0.01571838
-0.34448110
-0.01708131
0.01573247
-0.00578365
0.10709058
0.10431381
0.00970358
-0.05589433
0.05598828
0.02507301
0.14717399
0.09351615
0.18718299
-0.07270199
0.09563703
-0.05398148
0.02124802
0.02614936
-0.00154035
-0.10183335
0.10117661
0.01115696
0.06262862
-0.12573853
0.10683812
0.11555358
-0.05729638
0.01540120
0.03003291
0.02366515
-0.08545866
-0.06342475
0.18008851
0.18892108
0.25316962
0.06174740
0.04815941
-0.02661228
-0.05071726
0.07691696
0.01161795
-0.17517592
-0.18298147
0.00966856
-0.12245076
0.06848400
-0.01751343
-0.00182244
0.00473450
-0.00297195
0.07768053
0.04004435
-0.15294392
0.04473053
0.19405697
-0.09493328
-0.00306153
0.10204637
-0.07618692
-0.10010690
0.12910619
-0.05062331
-0.16477467
0.13813878
0.01064194
0.01599619
-0.11101022
0.03545593
0.03867115
0.12001564
0.01972347
0.10707849
0.00719519
0.02672130
0.17919454
-0.16418487
0.25621837
0.18248848
0.00056270
0.16191308
0.00836691
0.15341392
-0.09438484
-0.00496686
-0.04787519
0.22283586
-0.01164773
-0.08577299
0.06619682
0.18991791
-0.15356706
-0.09645599
0.01706162
0.28233108
-0.07381848
-0.14077555
0.04859835
0.04015909
-0.01723478
0.07106397
0.18696243
0.11147524
0.10730448
-0.10230675
-0.02292023
0.13962755
0.05871609
-0.10617807
0.12349727
0.03285799
-0.06392609
-0.10674120
-0.08941416
0.10723849
-0.09858113
-0.00555106
0.13270235
0.03479513
-0.07959553
-0.03832603
-0.08237430
0.16899930
-0.22104067
-0.26721605
0.01377953
0.00925822
0.04913024
-0.15959857
-0.00983689
-0.00430613
0.06307624
0.09553361
0.12571425
0.02492549
-0.04846755
-0.02499155
0.04429329
-0.01355244
-0.09826321
-0.18520824
-0.03784713
-0.08203129
-0.10421801
-0.09603925
-0.02879023
-0.01462084
-0.07180429
0.28383397
-0.08322821
0.01939075
0.07872998
-0.13891917
-0.03950535
-0.04430580
-0.06866364
-0.07624827
0.00721712
-0.05747860
-0.07442782
0.16073446
0.04406737
0.00313123
0.15967652
0.02337472
-0.04477796
0.15467784
-0.04448816
0.29966463
0.06465759
0.06343559
0.09502659
0.09522691
-0.04959215
0.06443534
0.07416648
-0.04635031
-0.09911188
0.06267299
-0.12614397
-0.15517590
-0.31920741
0.01700312
0.11817690
0.14245947
0.11953908
-0.08608767
0.01717768
0.13563329
0.08734980
0.23755197
-0.03706072
0.01341125
-0.06305435
0.14028438
0.16325802
-0.09910326
-0.07214388
-0.17991972
0.05530751
0.07815007
0.02295265
0.02903213
0.07542140
0.06692521
0.16619678
-0.11802138
0.06537255
-0.16451193
0.04581365
0.07691667
-0.01150536
0.09104261
-0.19575550
0.02131310
-0.11031373
0.05646506
-0.10068974
0.14146178
0.13861414
-0.15990375
0.08000176
-0.01183084
0.15656252
0.06806724
-0.03542355
-0.12163025
-0.00499583
-0.03020113
-0.24051087
0.06809693
-0.01584080
-0.02323678
0.18915772
0.19495143
-0.16786867
0.09406851
-0.02919199
-0.06663986
0.02164502
0.03888284
0.02361995
-0.04922309
0.18527474
0.22502159
-0.03683939
0.02576769
-0.46014176
-0.00410807
-0.03213324
0.10296507
-0.14647229
-0.09393715
0.05498994
0.06489074
0.11125088
0.03449266
-0.13316570
0.04779205
0.16786961
0.14820755
-0.06697995
-0.12090181
0.03945619
-0.02562043
0.12225116
-0.07403810
0.07871411
0.05188765
-0.13883530
-0.14744155
-0.11153608
0.04471439
0.13685037
-0.06227582
-0.02254118
0.03035615
-0.09664335
-0.12238200
-0.07604820
-0.03927241
-0.10982679
-0.06220055
0.08438530
0.07630499
0.24871994
0.10915487
0.09410345
-0.09038755
0.12078300
0.10791350
