-0.08613243
-0.05478862
0.06196656
0.10444324
-0.07053801
0.14223348
-0.10525260
-0.05793015
0.06135156
-0.07882141
0.11451693
-0.02049876
0.12889823
0.02607709
0.00982194
-0.22248705
0.07020598
0.10573512
0.02700934
-0.24210682
0.00350610
-0.11866318
-0.08321977
-0.12197914
0.10914658
0.14791224
0.00871697
0.00842034
-0.00282352
0.24134294
-0.06840679
-0.14324897
-0.09111511
0.20310098
0.01600070
0.15375938
0.04470600
-0.06232107
-0.02912421
0.09365598
-0.16600314
0.06026413
0.00760179
-0.06189872
0.13129263
-0.02443725
-0.07607744
0.16296446
0.11044397
-0.07958318
0.11536771
0.14973604
0.04795749
-0.09166721
0.04797709
0.02757534
0.25074828
0.08403325
-0.05306662
0.15687944
0.20461735
0.08419477
0.12323622
-0.11608346
-0.18955011
-0.06221727
-0.18204918
-0.13004118
0.12666302
-0.07333464
0.05234698
0.00212405
0.12283729
-0.18113073
-0.06179410
-0.16315810
0.11651887
-0.18080060
-0.16540117
0.06805784
-0.11544859
-0.10567345
-0.05843605
-0.00863949
0.02040713
-0.08535868
-0.07924283
0.08135641
-0.00812125
-0.06146919
-0.03683478
0.00505402
0.17629011
0.01929493
-0.15039122
-0.15055235
-0.09582989
-0.01739383
-0.05245844
-0.26176607
-0.01992603
-0.05014094
0.04220487
-0.05998052
-0.22206652
0.27599922
-0.09522783
0.09809153
0.25575101
-0.14097386
0.18837683
0.20409420
0.05681036
-0.03894824
-0.08107058
-0.08420626
-0.00472030
-0.07184257
-0.15025720
-0.10278904
-0.13237506
0.11506185
0.00891299
-0.17655443
-0.11272471
0.08826053
-0.18695095
-0.10435460
0.03275431
0.03433187
0.10784144
0.02235071
-0.07760507
0.03623041
-0.02545371
0.10981200
0.00214785
0.00746818
-0.14385912
-0.23486344
-0.07434194
-0.08615871
-0.17083037
-0.05371455
0.02008571
-0.14230969
0.03621284
-0.03016669
-0.01350908
-0.09675023
-0.25604401
0.14559858
0.04553480
-0.12027238
0.12781223
-0.01298878
-0.05020846
0.27926559
-0.03838706
-0.11243635
-0.13555404
-0.10899128
0.06241438
-0.00645132
-0.04606703
-0.15797311
-0.09123123
0.02612442
0.05580472
-0.12007443
0.00221728
-0.03373311
0.19097262
0.09124821
-0.06917992
-0.02778228
-0.11422235
-0.10972420
-0.07055031
0.00107399
0.15312275
0.17585720
-0.04792276
0.06441230
-0.05881639
-0.16269475
0.14324977
-0.25302556
0.03943917
-0.05207609
0.25039974
-0.05348152
0.10036782
0.02303064
-0.08316944
-0.10515140
0.06149291
-0.07395606
0.15455044
-0.06894697
0.01228885
-0.12852915
0.00317625
-0.07358817
-0.01946911
0.12158580
-0.10536647
0.13661136
0.02758515
0.01375641
-0.02251518
0.07985615
-0.02399561
0.03419745
0.12655183
0.07918888
0.08235073
-0.06275435
0.05935573
0.02536784
-0.05961456
-0.15504704
0.01452052
-0.05675165
-0.14718927
0.08727462
0.03416589
-0.08144908
-0.08796575
-0.12621554
-0.17816000
0.21570692
0.01462025
-0.01535273
0.06590579
0.05514117
-0.18730156
-0.00751150
-0.01494840
-0.15261673
0.02758629
0.18619039
0.11066511
0.00579539
0.14720556
-0.10576922
0.02220440
-0.09239113
0.00953774
-0.06321422
0.21890782
0.03585109
-0.01113211
-0.15812331
-0.08652752
0.06354544
-0.02695527
0.05823164
0.00961551
-0.10045437
-0.11049062
-0.12464054
0.01413226
0.09685939
-0.12422211
0.09601096
0.03961582
-0.10308015
-0.05693981
0.02388222
-0.00640782
0.13230915
0.02278939
0.03840064
0.01315881
0.13458732
-0.10995449
-0.10449273
0.05977228
-0.04729291
0.13539806
0.12581340
0.05905481
-0.00602544
-0.06480679
0.17413792
0.05202434
-0.20300840
0.06660734
0.11676992
-0.05723767
-0.03879199
0.12896670
0.07404873
-0.13526054
0.02722365
0.24327410
0.05552629
-0.16448451
-0.04403665
-0.07338552
0.03757912
-0.06912179
0.06983080
0.10410243
-0.01558969
-0.02042689
-0.14402607
-0.15348356
0.15030141
0.18792028
-0.09000003
0.01904992
-0.16041351
-0.29926674
0.06382093
-0.02418443
0.11405147
0.27181406
0.07210459
-0.06545451
0.10446073
-0.02029216
-0.03918593
0.30228905
0.08084070
0.01913293
-0.04978124
-0.03781553
-0.06482861
-0.14083367
0.01029901
0.06124096
-0.02378178
-0.02951634
-0.10220971
0.02712949
0.20405264
-0.06317452
-0.04880931
0.00901611
0.00659565
-0.00017404
0.01858701
0.21122712
-0.12904460
-0.10084995
0.00489785
0.01751198
-0.20002933
-0.03315364
0.00366891
-0.02417976
0.06075519
-0.09983433
0.14361878
-0.01818362
0.15945444
0.06797679
-0.00264058
0.01579660
0.05385416
-0.10772154
0.23971940
-0.08679441
0.06059954
0.13093934
-0.13739885
-0.19113091
0.01711266
0.15428166
0.02687901
-0.05711510
-0.01219083
0.08648036
-0.06048119
0.01379657
0.05351135
-0.10201858
-0.05087408
-0.08474558
0.07526412
-0.01761576
0.03454718
0.04767451
-0.03107339
-0.02073579
0.01117487
-0.06779994
-0.04044372
0.05976736
0.11235191
0.12954278
0.04732507
0.04064185
-0.13923487
-0.04959921
-0.03796602
-0.15203990
-0.16093352
0.02744275
-0.11336452
-0.13485283
-0.00904308
-0.01691328
-0.07185755
0.02485852
0.09875270
-0.17457194
0.16447955
-0.09728850
-0.09156031
-0.05439992
0.12351043
0.20847230
-0.03031278
-0.27742173
0.03441116
0.06499072
0.02861763
0.05635929
-0.03872337
0.05709375
0.21578233
-0.02083017
0.14965301
-0.01005539
0.02306199
0.14027238
0.02631275
0.01828104
0.03761342
-0.02506226
-0.14475239
-0.14893664
-0.17860503
0.01492380
0.19896536
0.05280557
-0.02681958
0.07061923
-0.19877794
-0.08290235
0.02801885
0.21514873
-0.06655685
0.05465999
0.03729006
-0.08280962
0.12437805
-0.12844404
-0.07024523
0.18115986
-0.09644883
0.04281313
-0.10253375
-0.14003481
0.10721209
-0.06902262
-0.15619746
0.06486346
0.07512662
-0.17044720
0.01045415
-0.01776288
0.23100418
0.12321809
0.05700834
-0.13737693
0.12220136
0.03335445
0.11182743
0.15234447
-0.21934270
-0.17563684
-0.07800524
0.11765034
0.10341720
0.03058997
-0.05839853
-0.04537772
0.17330770
-0.00925444
-0.14200080
0.16452442
0.02988029
-0.02407350
0.17562847
-0.09661116
0.06491699
0.00298332
-0.21969613
0.06470962
-0.17984094
0.13207139
0.04336622
0.10732268
-0.30954356
0.02809244
0.12621392
0.04109500
0.15804036
0.14106007
-0.28541011
0.00416891
0.07798413
0.03099090
0.16414440
0.13261874
0.02062253
-0.06123976
-0.10122814
0.06029301
0.08078759
-0.15353406
-0.12486295
-0.02141497
-0.08310986
-0.10633083
0.07858395
0.03640881
-0.01959400
-0.13163530
-0.20414777
0.00755820
-0.03864560
0.15609446
0.23502273
-0.09557912
-0.04989343
0.00032716
-0.19341217
0.06317591
-0.11356497
-0.01928478
0.03183227
-0.08433224
0.00063784
0.29174508
-0.12433502
-0.14279213
-0.06016079
-0.17451450
0.01820123
-0.22497384
-0.15129407
0.06364627
-0.08460350
-0.14341540
0.00656892
-0.24864586
-0.12278288
0.01539855
-0.00578126
0.15560869
0.05260527
-0.03462442
-0.14055363
0.02731493
-0.04756128
0.06724402
-0.10215465
0.06471494
-0.09474800
0.04038541
-0.14382936
0.13586156
-0.17331671
0.03566161
0.02540796
-0.10135043
-0.25207610
-0.13371129
0.05259720
0.03491937
0.06733437
0.13772819
0.01996037
0.01909524
-0.11671068
-0.07915511
-0.06677414
-0.06020558
0.07011558
0.04054226
-0.10951708
0.03618138
-0.01043315
0.06768038
0.05707513
-0.04321737
-0.04941087
0.00523508
0.12956230
-0.03703786
-0.00292553
0.02414490
-0.05965265
-0.09896059
-0.09740913
-0.08248316
0.20555620
0.06025477
-0.10669722
0.11620865
0.12254625
-0.00714942
-0.14305023
-0.11387402
0.17366974
-0.09058258
-0.04379501
-0.00897966
-0.07772682
-0.02174990
-0.04204950
0.16506097
-0.02116290
-0.18498241
0.16577206
-0.10326937
-0.04222424
-0.13469307
0.18386558
0.16917628
-0.03132197
0.09919889
0.10337364
0.01931367
0.02156985
0.18514381
-0.25534164
-0.21305726
0.07278979
0.05153721
0.07302112
0.02788800
0.03287413
-0.10751028
-0.00753392
-0.05980395
-0.14656043
-0.16695534
-0.03492500
0.14221635
-0.19477919
0.01424986
-0.22869986
0.16392088
-0.07900962
-0.00348700
0.00179916
-0.10916383
0.19892888
-0.14351118
-0.15217811
-0.08144441
-0.01005764
0.20139271
-0.07175757
0.10197308
-0.25869078
-0.18674517
0.01092800
-0.28412114
-0.00841717
0.20929890
-0.01575843
0.04608462
0.10166380
0.01562360
0.12952534
-0.08964138
0.09424791
-0.16099838
0.20052947
-0.01726968
-0.03457802
0.00609871
0.00227656
0.08510892
-0.01177597
0.15601252
0.01397526
-0.05629841
-0.01117790
0.16479764
-0.12590703
0.03786145
0.02676224
0.22748906
0.02319609
0.06944200
0.08907145
0.12226640
-0.18536524
0.01474260
0.06690734
0.02775338
-0.00771228
-0.00293717
-0.11792544
0.04694292
-0.09156075
-0.03964612
0.26487328
-0.08081882
-0.14163538
0.22917110
-0.10374377
0.08010936
-0.19802086
0.04169191
0.19727185
-0.18122526
0.05409827
0.04376267
0.04087312
0.13888673
-0.11724968
-0.12461057
0.01219546
-0.02604135
-0.17339770
0.00764897
0.12122821
-0.01320705
0.04881629
0.21751555
-0.06107863
-0.09188339
-0.02739664
-0.05672397
-0.07747350
0.05257855
0.08581318
0.26914159
0.00511972
0.15221188
-0.03281823
0.20718762
-0.12987591
0.10897368
-0.12273969
0.01454855
-0.13351424
-0.00970328
0.12338175
-0.13275549
-0.14045932
0.04444980
0.00488546
0.18546578
0.27274004
0.07582204
0.15420804
0.05573890
-0.11290882
0.06908544
0.08040805
-0.19407289
-0.17686529
-0.25622771
0.13640276
-0.01211261
-0.01362804
0.13196439
-0.17256037
-0.04669296
-0.15106164
-0.02179149
0.06793004
-0.14983525
0.01823449
0.03327220
0.11112132
-0.08741336
0.06435863
0.02755278
-0.18351821
0.11358950
0.09655967
-0.07645482
-0.00770585
0.06085713
0.00717433
0.15532661
0.08244103
0.03919062
-0.11644277
0.00032148
0.23138121
0.12273068
-0.04754445
-0.24871847
-0.03140617
-0.04185513
-0.05906760
0.04871732
-0.03888909
-0.06144397
0.02030066
0.12398366
0.14988003
-0.07080596
0.01010891
0.07553645
0.05688010
0.04459677
0.23545983
-0.11934279
-0.10345939
-0.02870348
0.11547323
-0.08299570
0.02068308
0.01470976
0.00773107
0.06664337
0.04491052
-0.09187806
0.06285950
0.02308603
0.02720406
0.06969873
-0.14889529
0.12190393
0.18474526
-0.21627838
0.12829217
0.05309015
-0.00199891
0.00395803
0.06233112
0.12420226
0.04719643
0.01351490
0.08528336
0.00466870
-0.13997268
-0.05096455
-0.01677675
-0.07611805
0.08724227
-0.05392535
-0.00240737
0.07103357
0.13216282
-0.05550460
-0.04051650
0.00333057
0.06423159
-0.18756833
0.02909921
0.12271553
-0.00308734
0.11969918
-0.03465515
-0.01471787
0.07655711
-0.00695716
0.02924619
0.00311783
0.19256439
0.08740506
0.11298959
-0.17331216
-0.04882827
0.09453841
0.03340699
-0.12998598
0.19128349
0.01727977
-0.12904294
-0.23768903
-0.12155327
0.01890181
0.04023347
-0.04019625
0.03216914
0.21273348
-0.01644795
0.00600401
0.01579578
0.17904810
-0.05941242
-0.01976603
0.01310601
-0.05051221
-0.00263267
0.23525025
0.14161298
-0.14113432
-0.01824323
0.07842669
-0.00561056
0.21962029
0.08898418
-0.09568493
-0.01977919
-0.09200756
-0.05375155
-0.06445130
-0.07391339
0.00541775
-0.06203217
-0.15266566
0.06293223
0.11648106
-0.02159383
-0.07338485
0.15618638
0.07581917
0.11113298
-0.04245123
0.11982458
-0.26755354
-0.04396070
0.05964553
0.12943329
-0.01417103
0.00000130
0.01331453
-0.01090967
0.06788696
0.02107479
0.01478418
-0.02383552
-0.06078964
0.05685768
0.08500254
-0.04090701
0.10151031
0.04254824
0.11196510
-0.06635448
-0.07244772
0.05869153
0.08525533
-0.21522305
0.10433555
0.16237153
0.12771868
0.07406190
-0.04768527
-0.15701276
0.07119194
-0.33346961
-0.06041282
-0.16832955
0.12440855
0.09700876
-0.03891859
-0.16591717
-0.08140362
-0.01867917
-0.00960008
-0.06546734
0.01798606
-0.13796913
-0.03672147
0.05800440
-0.03435280
-0.14516512
-0.05438979
-0.02243945
0.02609181
-0.14353315
-0.03607415
0.16892082
-0.06164646
-0.25711821
-0.16046835
-0.21383453
0.15101948
-0.06409830
-0.25153109
0.06159444
-0.09731269
0.01461947
0.00248035
-0.08385973
0.00653425
-0.08460934
0.00012086
-0.09426988
-0.24271434
-0.06526026
0.11112367
-0.04391935
-0.05618752
0.12097128
0.03506640
0.06953637
-0.18079547
0.03672527
-0.03141302
0.19611392
0.22433330
-0.05403905
-0.05777508
0.01290953
-0.06894713
-0.08094449
0.10050017
0.02485732
0.02759582
-0.09151085
0.08115579
0.05705260
0.01005116
0.05094466
0.30857649
0.01254933
0.20860342
-0.06841710
-0.08247099
0.06317784
0.15811113
0.03350160
0.07040484
-0.08686492
-0.14716804
0.07025309
0.02428221
-0.25138071
-0.33249673
0.16998068
-0.02489677
0.21758096
-0.17061993
0.02438941
-0.12517132
0.13279094
0.08212153
0.01857529
-0.21192947
-0.24208561
-0.10589720
0.17686783
0.04677173
0.03119242
0.03775237
0.09162190
-0.06292552
0.05792900
0.07335870
-0.11385249
0.09607907
0.13395045
0.14062977
-0.06225762
-0.07339818
0.03295569
0.01222919
0.10524070
0.02748476
0.08768040
-0.05457749
0.04580296
-0.03708046
-0.01872257
-0.02740868
0.07337008
0.05889083
0.09293245
0.20276058
-0.06234439
0.01688289
0.11371025
-0.05318268
-0.04442458
-0.23527520
-0.08158410
0.05633313
0.08660293
-0.08427028
0.15454103
0.07436917
-0.14291940
-0.00702208
-0.12202042
0.13800049
-0.13339475
-0.05198354
0.08696015
-0.11517328
0.08338349
-0.02643240
-0.10432141
0.00787969
-0.09313409
0.09389444
-0.02117102
-0.12267417
-0.07826495
0.13564058
0.14502403
-0.06282276
0.06212467
-0.08185302
0.09185075
-0.11635924
-0.02607095
-0.16421577
-0.08966790
0.05795947
0.09903956
0.17668077
-0.09082333
0.01162423
-0.02339794
-0.25684542
-0.13301457
0.15307094
0.02710249
0.04949387
-0.12844662
-0.01711677
-0.02962902
0.05124687
0.03609555
-0.16629537
0.06275717
0.02897753
0.04317954
0.02625744
0.04095224
0.01233125
0.01128783
0.02916862
0.17790802
-0.11390870
-0.06210604
0.14180159
0.12692756
0.06347793
-0.08857444
0.06885265
0.12308937
0.01638330
0.19229764
0.05447244
0.16995996
-0.06880170
0.00920368
-0.08321042
-0.16439607
-0.03589111
0.02524590
0.06849522
0.04969252
0.09856010
-0.16305986
0.01630453
-0.18780825
-0.07700953
-0.05770783
0.15448093
0.01335277
0.09869893
0.18944389
-0.12375750
0.23881022
0.10736164
0.19390009
0.01298326
0.00685112
-0.29522288
-0.20437659
0.30410012
0.01540790
-0.11264082
-0.12063626
0.04635998
-0.11698547
0.05519827
-0.02515322
-0.00332459
-0.06031249
-0.14134419
-0.05603229
0.03038976
-0.05360460
-0.07548500
-0.00906592
0.07162225
-0.18336075
0.05532932
-0.02394799
-0.02387734
-0.00159253
0.13097873
0.05319870
0.05780199
0.02661126
0.15913689
0.01942206
-0.12043506
-0.12554555
0.05458043
0.03624205
0.00740751
0.01819006
-0.00063137
-0.02723520
-0.02633908
0.00867462
0.11104351
-0.10053053
-0.00443114
0.03888069
-0.13039179
0.05980931
-0.11405759
0.02952061
-0.07499854
-0.00528258
0.04638605
-0.00894611
-0.09492931
-0.15017387
0.36052859
0.12532406
-0.09782566
0.05582338
-0.02501656
-0.05335388
-0.01299206
-0.05497657
0.20518976
0.01380148
0.06150617
-0.19708438
0.05093705
-0.09683167
0.06932576
-0.15662540
-0.07430495
-0.24814021
-0.11440702
-0.08134601
-0.04631312
-0.07350846
0.01736607
-0.02530133
0.12678355
-0.15181633
0.05467383
-0.11201996
-0.10407404
0.01359984
-0.08088918
0.01566876
-0.10618065
-0.12981594
0.08746685
0.05540259
0.05861270
-0.03556005
0.05126155
0.08544624
-0.07307132
-0.01383839
0.14961641
0.08426464
-0.15626727
0.00639369
-0.00418873
-0.02151531
0.18175565
0.04844967
0.08200473
0.02888085
-0.00582384
0.20308215
-0.11336340
-0.09962719
-0.01373075
0.16392740
0.07305657
-0.03078872
0.08151170
0.02776610
0.10629860
0.03759179
-0.08012448
0.04399924
-0.13300285
0.21301788
0.25809631
-0.06583854
-0.14315564
-0.18198393
-0.09650575
0.06575950
0.13665165
-0.05266379
-0.14049053
-0.00293679
0.06066122
-0.11470393
-0.03188914
-0.02913948
-0.11935526
-0.02512223
-0.10595768
-0.25094003
0.06003818
0.06560855
-0.00974696
0.03054896
-0.23166301
0.00367427
0.00438170
0.01465432
-0.01270019
0.07190319
0.13172606
0.08280337
0.09889937
0.01938547
-0.00984929
0.06159516
0.20912550
0.20512407
-0.15295622
-0.08107480
-0.00151119
0.26884633
0.07426205
0.00146168
0.06839283
-0.08198561
0.07890950
-0.09916605
0.05355396
0.05296076
-0.06683740
0.07255850
-0.12562966
-0.07443712
-0.03747016
-0.11807911
-0.16676174
-0.22534309
-0.23480726
-0.22132940
-0.01258291
-0.09000504
-0.42157474
-0.05269944
0.08418794
-0.29647945
-0.02627093
-0.25183703
-0.03424221
-0.35672053
-0.07500816
-0.08811097
-0.05151308
-0.12773846
-0.00447198
0.26534240
0.09327987
0.11145569
0.08772696
0.18997939
0.27578898
0.25527582
0.23572886
0.43030300
0.59697143
0.29952801
0.28536169
0.36138551
0.20899304
0.27779787
0.20422090
0.20322737
0.20819440
0.08079315
0.12610753
0.00858362
-0.00460841
0.09931849
-0.25265166
-0.04822719
-0.17927923
-0.08606047
-0.04433455
-0.15260402
-0.24142150
-0.02963215
-0.36149568
-0.22047433
-0.24491923
-0.17905988
-0.27713620
-0.27653799
-0.15491620
-0.06201099
-0.17307696
-0.21189132
-0.10048098
-0.21384048
-0.05875066
-0.05030667
-0.21924262
-0.00341550
0.13522813
0.05693302
0.07935158
0.16940171
0.07204540
-0.12275984
0.08482588
0.17837902
0.05984248
-0.14388227
-0.09777362
0.01929664
0.19407179
-0.14027679
-0.06790241
-0.23298912
-0.22383721
0.12507652
-0.02025682
-0.02908727
0.03717711
0.08600409
0.00547697
0.14560861
0.25465684
-0.09807003
0.19665885
0.07181043
-0.09393537
0.03951823
-0.10114723
0.16955631
-0.03842491
-0.01749229
-0.07341156
-0.22886983
-0.02996720
-0.14444413
0.01245855
0.13067957
-0.13139416
-0.10998788
-0.15351475
-0.04147900
-0.28840337
0.09485351
0.06982443
-0.09986659
0.03334842
0.09629089
-0.05273651
-0.00212156
-0.10647327
-0.13919500
-0.02816061
-0.08898793
-0.21567775
0.13842116
0.20024716
-0.06764736
-0.12661808
-0.19164034
0.12858542
0.18376631
0.08343642
0.10027817
0.19602584
-0.01419395
0.10595750
0.28239416
0.21218829
0.31005877
0.19763224
0.25545116
0.56113529
0.18096954
0.35240853
0.39829461
0.26393175
0.22796429
0.31044422
0.33233609
0.42653481
0.37996914
0.24809975
0.36125107
0.30521576
0.01169602
0.10005385
0.02774105
0.02375956
-0.19618213
-0.12959173
-0.39968069
-0.47951245
-0.52863233
-0.46785201
-0.64478808
-0.42180212
-0.75101717
-0.72929627
-0.63657991
-0.63979695
-0.37972904
-0.56379932
-0.44437606
-0.29996121
-0.46076441
-0.25233980
-0.06669155
-0.29192545
-0.23443845
-0.07284999
0.02348734
0.34247442
0.09681606
0.18449188
0.28249835
0.42355513
0.53469760
0.40280815
0.34421058
0.53910525
0.51716740
0.35716360
0.55817511
0.30216634
0.28797730
0.39459577
0.44806789
0.20391894
0.17274534
0.01925680
0.07478478
-0.09161325
-0.07279057
-0.05004172
-0.05246184
0.00318858
-0.20574875
-0.14254633
0.02028801
-0.22505993
-0.03046669
-0.18643243
-0.09742072
0.09144364
-0.15539875
-0.03337932
-0.04681928
-0.27471895
0.01206083
-0.10100313
0.05620034
-0.05822800
-0.01061768
-0.09416731
-0.13580276
-0.06977927
-0.09764580
-0.01644554
-0.11819842
0.01203676
-0.02004994
-0.01407323
-0.09606494
-0.19003282
0.07480950
0.02542977
0.04328490
0.09269559
-0.11187424
-0.00903399
0.00892449
-0.14817392
-0.08523023
0.03506670
-0.16428035
-0.02661706
0.14209477
0.13662592
0.20676350
-0.06737861
-0.20830519
-0.33612173
-0.07589569
0.05800208
0.13145771
-0.09008798
0.07606826
0.09108052
-0.05318013
-0.01112642
-0.04233482
-0.00540079
0.06382072
-0.10248114
-0.06642892
-0.09025005
0.04262973
0.02818642
0.13578552
-0.11438041
-0.09940360
0.08212176
-0.00001369
-0.01220058
-0.08507897
-0.03952897
0.11121583
-0.11572678
0.16832373
-0.06998500
0.07069235
-0.07561378
0.04457314
0.14218946
0.08461553
-0.18389157
-0.04049870
-0.07594948
0.18708162
0.10845233
0.01853953
-0.06657355
0.15764943
-0.06693540
0.10361915
0.06852421
0.01150955
-0.23012285
0.00289406
0.11216710
-0.06187735
-0.10588745
-0.13717215
-0.08802736
-0.21652411
0.11789503
0.04623605
-0.05674824
-0.10973289
-0.02759870
-0.16771189
-0.24735490
0.04515623
0.03697047
0.10560081
-0.07301859
0.09902627
0.00896376
0.04606741
0.08603398
-0.11282798
0.09599995
0.06480608
0.00374706
0.07426787
-0.01470922
-0.08979578
-0.15875944
0.20620217
-0.08677173
0.12397032
-0.05146402
0.11045262
-0.03815338
0.12683431
0.28702296
-0.01489281
0.12271623
-0.12382704
0.14582550
0.12203885
0.09588454
-0.07923598
0.01432818
-0.09495656
-0.09362794
-0.07978913
0.00375230
-0.13038328
-0.12351375
-0.06815130
-0.12604707
-0.22413115
-0.05774410
-0.17919073
-0.00801673
0.09075634
-0.02502241
-0.01696016
-0.09686348
0.07757154
-0.18289879
0.12320453
0.29326857
0.00966746
-0.22081762
0.06879807
0.06524416
-0.00061571
-0.10006733
0.15772626
-0.14868827
-0.05061482
0.04284105
-0.12525955
-0.10777408
-0.10553186
0.16742320
0.02345679
0.01952073
0.12313286
0.02385520
-0.12891462
0.01825913
-0.00575597
-0.08325393
-0.20671320
0.06603043
-0.20617512
0.23625936
-0.25093923
-0.01517775
0.14710116
0.10965478
-0.03013841
0.22123871
-0.09438974
0.08346650
-0.00845478
0.18370419
-0.02097707
0.28862087
-0.01604427
-0.11199672
0.08785302
-0.16623620
0.15362841
0.04278299
-0.03269172
-0.07188396
-0.23076804
-0.02361941
-0.04121026
-0.14682756
-0.22905516
0.16087585
-0.09238426
-0.02487860
0.08884461
0.18635197
-0.00786743
0.22734166
0.19840349
-0.10843234
0.12457644
-0.09813006
-0.27769158
-0.15710199
-0.07895574
0.02871436
0.01199193
0.17597660
0.10934558
-0.27913916
-0.32197852
0.12833609
0.06124146
-0.01802136
-0.04339941
-0.06490826
0.05407983
-0.04444687
-0.03840440
0.06167044
0.02611922
0.11495423
-0.08628127
0.05090349
0.19349622
-0.07503481
0.00233172
0.07355551
-0.00828287
0.19931946
-0.05723795
0.10371376
-0.04407855
-0.12854815
0.00106474
0.03046061
-0.06946946
-0.04427267
-0.11402564
-0.01191960
-0.11819852
0.16053683
-0.12340595
-0.00344720
-0.01564826
0.22875845
-0.01358841
0.00594860
-0.16012480
0.02049708
-0.01462962
-0.17409587
-0.01310322
0.09120224
0.06693581
0.08659734
-0.00580634
-0.03695271
0.07812298
-0.12070525
0.04821128
0.06415202
0.15019035
-0.02638643
-0.18350773
-0.04712031
-0.20178086
0.09936188
-0.00582763
-0.06503305
0.06506845
0.01987735
-0.06483597
-0.14254065
-0.05938297
0.26762575
-0.04607693
0.06351230
-0.11807902
-0.02547570
-0.24527280
-0.10170334
-0.10163047
0.13442511
0.03790221
-0.11374850
0.21501905
0.11198006
-0.26812780
0.21154788
-0.09204419
-0.00749281
-0.04699395
-0.09508284
0.14516908
-0.04284593
0.15922883
-0.07740332
-0.07273691
-0.06154560
0.03606962
0.01055971
0.14359884
0.03303509
-0.01953017
-0.00135870
0.08288542
0.00028182
-0.11981961
0.06275959
0.16468734
0.09327836
0.00248347
0.15048574
0.00502737
-0.05510412
-0.02685214
-0.07108021
-0.27600193
0.07058379
-0.05614377
-0.14060404
-0.09936146
-0.09008193
0.13844089
0.07067725
0.06709574
0.14796933
-0.04524858
-0.08099328
-0.14837620
-0.09829751
-0.04803118
-0.03840373
-0.10257370
-0.01019973
-0.04096083
0.11458444
0.02572453
0.23381902
-0.13406956
0.04416158
0.01018880
0.03305172
-0.09146189
0.03183233
-0.24753465
-0.05696840
0.06031134
0.02926752
0.06277165
-0.00669348
0.01122995
0.02730892
-0.13902379
0.01506574
0.05210023
-0.14751325
0.06268711
-0.01640203
0.07791847
0.09664102
-0.05561990
0.23015636
0.06709180
0.00713230
0.16011730
-0.00404135
-0.03523002
-0.03541399
-0.13591338
-0.12464188
-0.10883217
0.06365139
-0.09110985
0.16616219
-0.04377855
0.08325703
-0.03899978
-0.00461290
0.06516295
-0.09650839
0.01890993
0.19957757
-0.10470787
-0.03830270
0.15178642
0.09353966
-0.25272425
0.09473285
0.03440669
-0.11540536
0.09709344
-0.11851489
0.00276620
-0.02009466
0.17587709
-0.03620954
-0.15263186
-0.08761166
0.10267609
-0.11085602
0.09964762
-0.17750401
-0.09784880
0.03010727
-0.00609776
-0.22990692
-0.00994408
0.10097226
-0.18033042
0.11977731
-0.00875521
0.04097830
0.15125835
-0.19620427
-0.08422545
0.14381349
0.00291702
-0.01894375
-0.09635270
-0.00392284
0.10562131
0.09278148
-0.09110506
0.03022613
0.01000347
-0.11670280
-0.16302576
0.01387008
-0.00140728
0.08363000
0.11119994
0.12319235
