0.03540815
0.13725406
-0.06954718
0.03464576
-0.10759778
0.00527913
0.08448156
-0.08468415
0.02298626
0.04643940
0.11776941
-0.04342469
-0.00435060
-0.07204722
-0.07244570
-0.01135597
-0.14355167
-0.03586944
-0.11825655
0.03787208
-0.05634798
-0.11292798
0.02071464
0.09475723
0.05013406
0.01274653
-0.18826115
-0.10556096
0.00135162
0.00222938
0.14715106
-0.05190821
-0.10902059
-0.13308830
-0.07369533
0.12561043
-0.00890446
0.12167274
-0.16019273
-0.07433508
0.11749549
0.12229862
-0.02432725
0.18017349
-0.15440115
0.11726497
-0.14739906
-0.04823576
0.02447026
-0.03240377
0.00954347
-0.10824532
0.05494217
-0.10308662
-0.06343010
-0.03267929
-0.06116138
-0.08036591
-0.05004358
-0.06628682
0.03055610
-0.09697076
0.04151094
-0.02014898
-0.01429969
0.05866278
0.05001009
0.10031949
0.08357970
0.09675313
0.07382483
-0.08791060
-0.00657898
-0.05403574
-0.12012275
0.02678278
-0.23593155
0.04724319
0.10943914
-0.07518215
-0.18037844
-0.10745017
0.01575880
0.06485333
0.07754132
-0.10701463
-0.06675427
0.13298586
-0.11818811
0.06596386
-0.00715200
-0.19981686
-0.05036622
0.00002695
-0.03765087
0.05260008
-0.12672806
-0.07515807
0.07080106
-0.01726505
-0.03021170
-0.03486566
-0.01739217
-0.01041032
-0.02574797
-0.11854620
0.04879814
0.22065465
-0.03419845
-0.08877944
-0.00135918
0.12451682
0.17612116
-0.15450951
-0.08161175
0.13700966
-0.03042891
-0.07243483
-0.11324058
0.00141280
0.00829559
-0.12016077
-0.10779738
0.00288626
-0.06210134
-0.05989372
0.10280138
0.04794867
0.01307496
0.14380225
0.02122660
-0.03295628
-0.14620021
-0.01971854
0.08490993
0.14779825
-0.10340586
0.00712197
-0.04249541
0.16423489
0.03457077
0.16580532
-0.14177559
-0.14258255
-0.19189015
0.10630203
0.12598835
-0.01755374
0.07864980
-0.09102362
-0.04974999
0.07121971
-0.01660297
-0.09455704
0.09415679
-0.07481139
0.00587248
-0.00878312
0.02782680
0.17741040
0.10699671
-0.06155943
0.17048826
0.15977161
-0.05669393
0.07248319
-0.05487680
0.10907512
0.06196666
-0.01272610
-0.14758007
-0.12735455
-0.00915145
0.05670218
0.02627366
0.11570565
-0.01820363
-0.09497439
-0.00137369
-0.06074047
-0.06595960
-0.14505051
-0.04209255
0.03439917
0.01762135
0.14850687
-0.10413198
-0.11258860
0.06018176
-0.06874376
-0.08295596
0.11901225
0.23501127
0.00572079
0.05257646
0.07241214
0.04180073
-0.09006372
0.24935976
-0.06773252
0.03456020
-0.01403478
0.02998872
0.04642613
-0.04700635
0.00392147
-0.06681932
-0.00304949
0.01711168
0.15849414
0.13248292
0.08481821
-0.10226063
-0.02354145
-0.09272543
0.06860011
0.08957950
-0.13288191
-0.06287882
-0.05410606
-0.01620925
-0.11936566
0.04983446
0.14210662
-0.04495595
0.10092746
-0.08482807
0.05367548
-0.00871091
-0.13117886
-0.10844236
0.00082722
-0.03135861
-0.04243302
-0.02237771
0.00387006
0.01702768
0.04359224
0.04557816
0.06201378
-0.22423609
-0.05151635
-0.03800432
0.04781786
-0.03811766
-0.04184780
-0.00045872
-0.10834446
0.02498019
0.09369996
-0.17826533
-0.21492809
0.04879249
0.07929921
-0.03087008
-0.15301643
-0.04211009
0.01634127
0.09628962
-0.13560279
0.10558706
0.07842608
-0.02191401
-0.10491040
0.09734089
0.00125860
-0.11973358
0.02274094
-0.08783561
-0.08537186
0.11934172
0.17096823
0.05975539
0.03958325
-0.09521544
-0.02333013
0.14401010
0.04639895
0.08794462
-0.00650207
-0.12776230
-0.03261776
0.03878839
-0.00661775
0.02538113
0.02932807
0.01559410
-0.05365753
-0.17355883
0.03076865
-0.05780748
0.05596706
-0.07630133
-0.05096614
-0.05954185
0.14935855
0.01095176
-0.06221445
-0.08186585
-0.02813008
-0.06728392
-0.08074461
0.08492749
0.02603496
0.12195890
-0.10384948
0.14030767
-0.00976950
-0.09441035
-0.01459045
-0.05598070
-0.17802524
0.08068515
0.16336228
-0.02052903
-0.05634441
0.01365563
0.13679686
0.16190155
0.00980236
0.04472883
-0.00699215
0.19951767
0.06720213
0.08190915
-0.03834060
0.08131680
-0.16280845
0.16934088
-0.00887982
0.04407983
-0.14215638
0.17843460
0.11052580
0.15908470
0.08456814
-0.02337323
-0.07565500
0.03325719
0.02395858
-0.06046604
0.04684490
0.06898119
0.09739435
-0.04734071
0.06678705
-0.03316084
0.00541874
0.00084333
0.13461442
0.05654796
-0.06212677
-0.01050774
-0.06406346
-0.15300132
0.05471084
-0.21367327
0.15260690
0.13082751
0.02836826
-0.20876730
-0.08281722
-0.08855900
-0.06553962
0.04831357
-0.03526257
0.07631704
-0.05054052
-0.00871538
-0.13298458
-0.03876752
-0.12152048
-0.12823739
-0.20516296
-0.17656624
0.14152202
-0.05033747
-0.03794403
-0.10430380
-0.03594522
-0.04336248
-0.02147874
0.00758724
-0.06278769
0.15219964
-0.16239400
0.15102900
0.09629671
0.08064084
-0.03626770
0.02383747
0.03578702
-0.13774730
0.02363086
0.08056916
0.06930781
-0.00718921
0.03873772
0.01058564
-0.02939057
0.06418773
-0.09328626
-0.13160157
0.01784821
0.00672510
-0.01065933
0.06621907
0.08755634
-0.06487487
0.00771346
0.05429451
0.08342198
-0.07330272
-0.08723046
0.05904040
-0.04650949
-0.20854053
0.05885486
0.02826183
0.06477200
0.03500032
0.14914827
0.03676914
-0.14075284
0.01035809
0.21707783
-0.03219819
-0.12063282
-0.02148847
0.12496833
-0.16219316
0.02674671
0.05301473
0.09213092
0.03967609
-0.11107481
0.05362437
0.02471498
-0.03845454
-0.03382814
0.01773266
0.00386271
-0.15143394
0.11569944
0.00521957
-0.01949369
-0.07613661
0.05449459
0.11735819
0.01428277
-0.21447397
-0.20410482
0.05310130
-0.04133895
0.01841350
-0.19610692
0.11268665
-0.04379800
-0.16257657
-0.03067298
-0.03604505
-0.02912969
-0.09272366
0.01943610
0.14162717
0.10730459
0.03077488
0.06449793
0.08066838
0.04402175
-0.00703018
0.01100443
0.02520249
-0.10856744
-0.02735949
-0.00513036
-0.02998592
-0.00542485
-0.10491746
-0.09346089
-0.01088862
-0.02329987
0.05073676
-0.10057250
-0.16022724
0.04285392
0.14736764
-0.01287044
0.06107364
0.01547382
-0.03165980
-0.17004253
-0.01977185
-0.08216305
0.06631085
-0.03281576
-0.04903839
0.02995950
-0.05351175
-0.16649016
0.05716351
-0.13616210
-0.02160241
0.12472062
-0.14776884
0.15600076
-0.00713776
-0.08936508
-0.12133322
-0.04222452
0.11318905
-0.13044579
-0.03254513
-0.09068904
0.05394512
-0.10650749
-0.10466918
0.01669236
-0.08140028
-0.07385496
-0.22374497
-0.09914171
0.05153042
-0.05153616
0.02742009
0.01254077
-0.03573762
-0.01033855
-0.15699995
0.18470998
-0.00774762
-0.05183472
0.14072349
-0.00631566
0.08440387
-0.17397376
0.00587188
0.10620741
0.10295105
-0.13825917
0.01241462
-0.10045212
-0.00738492
-0.00172176
-0.10938056
0.11053616
-0.05581635
-0.00596605
0.04849737
-0.04875222
-0.11165358
-0.06575766
0.02544697
-0.01383291
0.02946333
0.04601432
0.06725059
-0.02732592
-0.09153357
0.00291340
0.06348951
0.06130774
0.10785722
-0.09021141
0.13642265
-0.03818766
0.10485265
-0.11204169
0.11021363
0.11519326
0.01954873
0.05705754
0.08018438
-0.00920132
-0.06040343
0.25721146
0.21658706
0.07222865
0.02723382
0.08740687
-0.15275949
0.03310610
0.01295435
-0.01187989
-0.08709150
-0.05396793
-0.00600425
-0.00613353
-0.04609238
-0.07848967
-0.11868150
-0.16595603
0.02311508
-0.05001531
-0.05556154
-0.05437733
0.10874512
0.02865310
-0.06618028
-0.01567606
-0.06869461
0.18627869
0.08392333
-0.05146433
0.06975254
-0.05210173
0.01430100
-0.09038881
0.02002578
0.01642524
0.11054562
-0.18609554
-0.10774550
0.16565696
-0.10490149
0.12512240
0.09348724
0.07744122
-0.02275087
0.19604841
0.03902285
0.08762353
0.01291210
-0.09710918
0.00731621
0.01543626
0.01423429
-0.17834393
0.07975523
-0.01142103
-0.09738898
0.06880408
0.03723096
-0.06793394
-0.14544404
-0.02004687
-0.07643856
0.11340003
-0.01008689
0.02913379
-0.04260185
-0.02934010
0.00753185
0.05256953
-0.10953260
-0.02495478
0.01682180
-0.03724086
-0.05167951
0.04137192
0.04408417
-0.15844984
-0.11186272
-0.12765774
0.11963894
0.06449991
-0.05816460
0.12915763
-0.02800618
0.18982354
0.04146989
0.04225570
0.04025073
-0.05189295
-0.00153950
0.01570977
0.08696119
0.11414741
0.14127275
0.01840778
0.03379864
0.02629079
-0.02956904
-0.02807417
0.08006761
0.04629235
-0.01373833
-0.05452581
0.03186015
0.07617674
0.06874123
-0.05682766
-0.07287638
-0.08456059
-0.11377353
-0.00065865
0.07705764
-0.01275948
0.02600508
-0.03558786
-0.04955277
0.17047721
-0.04945312
0.05412797
-0.01212504
-0.05256278
0.03911967
-0.12209386
0.09945288
-0.03438827
-0.15144527
-0.04843296
-0.20832254
0.02379795
-0.16694264
0.09602448
0.06074862
-0.12671479
-0.10217981
0.16525944
0.20110702
-0.03844514
-0.02275421
-0.13739607
-0.13387636
0.03617252
-0.12267037
-0.02417529
-0.09414577
0.06653653
-0.01344550
-0.02357461
-0.00077397
0.03012845
0.09078175
0.15389883
-0.05699433
-0.10127076
0.05453937
-0.13338924
-0.18643834
0.17112918
0.07280378
0.13510442
-0.03402385
0.05242392
0.12343803
0.01661217
-0.00376815
0.01844707
0.10140870
-0.02186184
0.24405281
0.00339179
0.03512908
0.10250187
0.07165125
0.03369569
0.03637111
-0.09371308
0.11249095
-0.10155207
0.05919380
-0.04191181
-0.07192550
0.03827471
-0.05881034
0.13470099
0.02225741
-0.00006142
-0.03350172
-0.08364353
0.04443083
0.04599328
-0.00833976
-0.01704786
-0.02332046
-0.05519304
-0.13130186
0.06704042
0.05628673
0.15373493
-0.05456952
0.07336162
0.06437654
0.03586722
0.06699500
0.20613712
-0.03351527
0.03443394
0.03917225
-0.07702171
0.10131651
-0.07100594
0.14451588
0.02190417
0.08006727
-0.00172521
-0.00339775
-0.11160489
-0.02524414
0.04936567
0.17203345
0.03479332
-0.06480517
-0.05923281
-0.09830583
-0.02815009
0.01271017
-0.03063017
0.06705738
-0.01265327
0.00591583
-0.06215507
-0.08985770
0.00796410
0.03168046
-0.16762703
-0.20102023
0.08186544
-0.13599848
-0.05516509
0.01509060
0.05214150
0.00043349
-0.08475827
0.20508833
-0.03973505
-0.06758267
0.00934722
-0.05744290
0.09737432
0.00939457
-0.09402682
0.14998514
0.03857120
-0.08772503
0.06092488
0.02548076
-0.03183528
-0.02088752
0.13255022
-0.03489347
-0.12058607
-0.01547665
0.06324794
0.05341186
0.06840902
-0.03421746
-0.18833735
-0.05835194
0.16481762
-0.00950481
0.09752376
0.02807302
-0.08537781
-0.10732715
-0.04137950
0.10531497
-0.17775452
-0.09334457
0.06196036
0.03352052
0.03692021
0.03359183
0.04866355
0.12746089
-0.07069264
0.23312710
-0.05820910
0.09976824
-0.11786361
0.06720035
0.01687685
0.09457354
0.07420302
0.03183010
-0.12216040
0.05552765
-0.12832818
0.07831463
-0.00141303
-0.07212104
0.02246441
0.17318137
-0.00026135
0.01571085
-0.07144216
0.08165020
-0.01149778
-0.07170739
-0.01941929
-0.03071783
0.04843742
-0.02105125
-0.17208311
0.10831227
-0.01624947
-0.07978925
0.17060482
-0.09678730
-0.06320018
-0.07832173
-0.13471375
-0.03774957
-0.04288889
-0.04226981
0.06417029
-0.21464804
-0.07854339
0.08448716
-0.01134078
0.04653636
-0.09349207
-0.09693567
0.06749920
-0.05720982
-0.04236200
-0.02645840
0.01500742
0.12265894
-0.05446692
0.02513414
0.06269505
0.01434602
-0.17769192
0.17258871
-0.21696674
-0.09674709
-0.00143194
0.13255790
-0.05737830
0.08078524
-0.18504230
0.04182345
0.10411967
0.19887586
-0.07573694
0.01984690
-0.17689234
-0.14113514
0.13615639
-0.13343169
0.17647593
-0.06430782
0.05694731
0.03272195
0.09070675
-0.10107928
-0.00487851
0.00361531
-0.00736409
0.00531608
-0.02799968
0.02381647
-0.04259489
-0.02742447
-0.01255236
-0.03180592
-0.08479205
0.19233841
0.08475393
0.14022197
0.00292132
-0.03311700
0.11687653
0.02566683
-0.02873054
-0.14871788
0.10249655
-0.04486300
0.02623115
-0.09060042
0.16831513
-0.17768771
-0.09175708
-0.08320993
-0.02516977
0.13915077
0.05853352
0.17252166
-0.06608826
-0.12737632
-0.15838137
-0.05215435
0.13108369
-0.09338712
-0.00926701
0.03727085
0.11786045
-0.01754892
0.09174269
-0.06296530
-0.00225429
0.00752651
-0.10040192
-0.11506315
0.01804036
0.08509974
-0.04782755
0.11205148
-0.02579400
-0.07771203
0.11014626
0.11886602
0.00452467
0.04905486
0.05173979
-0.10453593
0.08235162
0.03480162
0.14607841
-0.07565274
0.04490802
0.06912178
0.08628148
-0.04103315
-0.00678913
0.11019773
-0.02573675
0.03916660
0.09676151
-0.04658922
0.20993008
-0.01191781
-0.03802149
-0.08941097
-0.00497259
0.00354961
-0.03020966
0.23235831
0.01794330
0.00712684
0.10002385
0.13814199
-0.02707369
-0.10953089
0.09726427
0.11949398
0.03882891
0.07767374
0.15056743
-0.03924898
-0.00687168
0.01946554
0.02274353
0.08110022
-0.05753374
-0.05907687
0.05275865
0.06026831
0.14729970
-0.04349922
-0.08444589
-0.11166287
-0.13641244
-0.02782123
0.01580967
-0.06183937
-0.06294811
-0.01465010
0.04903442
-0.00154787
0.03809838
-0.02987547
0.04533899
0.01510497
-0.13299777
-0.23472583
-0.18064386
-0.06599125
-0.18973585
-0.15115446
-0.27200591
0.01050691
0.05806992
0.00035685
0.03207123
-0.00840300
0.05660347
0.05210527
-0.00754577
0.07409609
0.24589698
0.10104329
0.10977564
-0.03393757
0.04196160
0.17815408
0.01095768
0.03065903
0.24154925
0.09800269
0.13203690
-0.02869686
0.02943012
0.11176415
-0.10633811
-0.11479358
-0.10543597
-0.09657470
-0.18736884
-0.14791144
-0.27932058
-0.35461795
-0.17192531
-0.36638115
-0.25015118
-0.32455868
-0.49905033
-0.43251110
-0.38395801
-0.43570097
-0.39264210
-0.21032708
-0.33310025
-0.35075079
-0.07558580
-0.05439290
-0.01340190
0.04695008
0.15389555
0.15754209
0.50852914
0.55221822
0.50997996
0.49351359
0.59248188
0.61754304
0.52286544
0.58057658
0.68658622
0.67897577
0.64243579
0.75755636
0.63047482
0.67310261
0.53061408
0.49949109
0.40333788
0.28457510
0.23560707
0.31015580
0.00001702
0.03426035
-0.16823834
-0.17224637
-0.06205488
-0.42953468
-0.32307338
-0.51254946
-0.40660218
-0.64438018
-0.42585326
-0.28186644
-0.49273518
-0.52255141
-0.38945574
-0.26988115
-0.33390420
-0.36254992
-0.39484864
-0.21308380
-0.26018963
-0.27203371
-0.33790320
-0.23276986
0.11700620
-0.02545514
0.01499579
0.03001271
-0.05003250
0.15660927
0.02841238
0.09322123
-0.05503103
0.11036667
0.14658595
0.03618263
0.21630758
0.04233594
-0.01516102
0.06129790
-0.12591286
-0.01153373
0.08772754
0.10237966
0.04787218
0.11015067
-0.08513403
-0.07647193
0.06781328
-0.04961275
0.15009981
-0.11853096
-0.09391132
-0.00119585
-0.13252566
0.05737177
-0.00803898
0.01584672
-0.01408354
0.03536051
-0.02715133
0.07886265
0.04210663
-0.03735103
-0.20159158
-0.12143057
0.03484258
0.00947539
-0.14144560
-0.06684804
-0.16064950
0.01182073
0.04311670
0.05098315
0.16267099
-0.08098939
0.05161494
0.07788137
-0.17268895
0.22079315
0.12073907
-0.04608492
0.04015602
-0.07138331
-0.03356711
-0.07592015
-0.00926033
-0.08426346
-0.05360715
-0.01527552
-0.08350327
-0.00389307
0.07981946
-0.04765315
-0.02119398
0.01739383
-0.17596089
0.08628159
-0.00651719
-0.02531587
-0.00262187
0.06049031
0.11660402
-0.06024643
-0.08738261
0.07332663
-0.03672118
-0.12187538
-0.01231844
0.02667497
-0.06679270
0.11777802
-0.02030247
-0.02932407
0.02031891
0.15237699
-0.01376667
0.08815760
-0.09229146
-0.01348541
-0.03107606
0.25592370
0.07223337
-0.05262069
0.13686058
0.08085857
-0.02748581
-0.00909464
-0.04912448
-0.19139495
0.03500301
0.04436792
-0.07112151
0.05814884
-0.15720524
-0.03120488
-0.01409077
0.04738865
-0.03928844
0.14475376
-0.09201962
-0.10534850
-0.17731418
0.04118031
0.07798901
0.13795765
0.17456392
0.15431755
-0.04074188
0.15935412
0.04167724
0.23384894
0.23063747
0.26521837
0.27332138
0.15355703
0.14175567
0.24218308
0.20196559
0.22851259
0.16139897
0.08847794
0.27114021
0.25751987
0.19533025
-0.01729568
0.02097645
-0.24094858
-0.11653165
-0.12658358
-0.16578926
-0.34034177
-0.30456000
-0.24775304
-0.16410740
-0.24675886
-0.43364633
-0.33124687
-0.22007705
-0.38184502
-0.33883289
-0.26872474
-0.39656464
-0.18272524
-0.27800405
-0.05017170
-0.04712020
0.11685773
-0.13981915
-0.00257948
-0.06974636
-0.03050150
0.16141878
0.02305928
0.25578088
0.08633678
0.10170694
0.17573966
0.04286728
0.19964884
0.20706356
0.20315444
0.23743833
0.12527282
0.21591207
0.11258451
0.26674304
0.06052723
0.01301373
-0.03659494
0.00977468
0.18052621
0.04647454
-0.02008912
0.09212241
0.09062217
0.02672760
0.13857438
0.00525707
0.09574656
0.06628551
-0.02557350
-0.08956005
-0.04570064
-0.05201923
-0.04838968
-0.09073494
-0.10446648
-0.05371145
0.02851466
0.03619690
-0.04418516
0.06877848
0.03783770
-0.11001743
-0.09791785
0.11165706
-0.10136615
0.08494617
-0.01451471
0.10766134
0.07778876
0.02757245
-0.12746660
0.04604898
-0.04062927
-0.08726505
-0.07755937
-0.24705277
0.01044044
0.00714576
0.19190793
0.05529636
0.10223670
-0.10474992
-0.11273800
0.02325171
-0.00643050
-0.10815826
0.17759943
-0.07278616
-0.07508504
0.19149433
-0.02213229
-0.05064414
-0.17069308
0.00028061
-0.10507267
0.00310074
0.07376877
-0.12150408
-0.01174951
-0.00763978
-0.02494081
-0.22394112
0.01147905
-0.16207241
0.07845258
0.10082841
0.06142442
-0.06392102
-0.03607440
-0.12726924
-0.04028050
-0.30392243
-0.11902493
0.17540452
-0.06894467
0.09121559
0.23931341
0.00503954
-0.03985909
-0.00061904
-0.08050206
0.11689402
0.02465109
0.04095919
-0.05640603
-0.09160605
0.17999492
-0.02129725
0.05418297
-0.01886005
0.07426762
0.01555251
0.24695820
0.00795915
-0.00779584
0.09594381
0.00671741
0.11845639
0.00778761
-0.02073517
-0.01301053
0.02430642
-0.04631754
-0.13593240
-0.03632320
-0.09548372
0.09868693
0.12546886
0.03209247
0.13095932
-0.23855779
0.07130416
0.00622799
-0.05087842
0.04045320
-0.15496800
-0.00432391
0.04728333
-0.12368798
-0.11751218
0.04406086
0.13989403
0.06851462
-0.10193496
-0.00567522
0.02089569
0.02575714
0.20265052
0.08922915
0.13346693
-0.02416150
-0.06957266
0.02468801
0.06638114
-0.06560904
-0.05140052
-0.11037539
-0.02505720
0.07785661
-0.01842771
-0.02546241
0.07970003
-0.06286885
0.14623806
-0.04251898
-0.07581834
0.02700957
0.09155242
-0.01274092
-0.11873449
-0.10293718
0.00429288
0.05096108
-0.03239421
-0.07795455
0.04308420
-0.12038356
-0.12879155
0.12385105
0.02111437
-0.09590133
0.03568241
-0.12007908
0.06684510
0.03444287
0.11026047
-0.14246289
-0.13476022
-0.04692911
0.08184020
-0.05942333
0.09050398
0.02640712
0.11021496
-0.15522234
-0.11249810
0.06008263
-0.05201343
0.09911543
-0.06527759
-0.06579940
-0.03423958
0.00200221
-0.11508056
-0.06358903
-0.04645773
0.00379600
-0.08825517
0.03827942
-0.07027315
0.10670360
-0.08409630
-0.05781290
0.02543292
-0.09259286
0.07978437
0.05892446
-0.04368674
-0.03697617
0.10481642
-0.11044719
0.07596290
-0.06110911
0.10632414
-0.04944912
0.00236580
0.13107359
-0.16565783
0.06031520
0.01144705
-0.03453419
0.06334496
-0.05359599
-0.00874515
-0.06864331
0.03725054
-0.07754367
0.05809511
0.08501103
-0.03112809
-0.07423157
-0.12898073
-0.03277339
0.14360571
0.00967490
-0.03144321
-0.01454217
-0.11237510
-0.01503850
0.15938807
0.08134466
-0.06077457
0.14112972
-0.05270630
0.12729867
-0.06495583
0.03393584
0.01713019
0.15089721
-0.07159520
-0.17946515
0.04245865
0.03941495
0.07857955
-0.01083774
0.14675764
-0.01596643
0.09698488
0.14277080
-0.03357145
-0.09251092
0.05199559
-0.11139610
-0.01791858
0.04637557
-0.24026007
-0.12053155
0.14829705
-0.01250833
-0.06466103
0.13055847
-0.00844816
0.07861976
0.09502787
-0.00127220
0.09555773
0.01885357
-0.00993486
-0.10356841
0.10489709
0.06412578
-0.10040122
-0.07099252
-0.07686241
-0.02256845
0.03012590
0.02551515
0.00924754
0.05410759
0.27256962
-0.01183785
-0.00313929
-0.00786838
-0.11543311
-0.00121594
0.09103133
0.06537440
-0.04532333
0.07662645
0.08710237
0.02492406
-0.07959839
-0.02552307
0.00916908
-0.02998888
0.12715845
-0.02587264
-0.10776664
-0.04972295
-0.07732749
0.07677159
-0.06818315
0.10703243
-0.03409001
-0.16047642
-0.02847126
-0.07125711
-0.01464154
0.09947250
0.02907525
0.01401544
-0.00442733
-0.19155316
0.09662561
0.04280136
0.03937710
0.15241012
0.05217690
0.09083141
0.01739995
0.13822965
0.10922263
-0.10002248
-0.05122213
0.15210910
0.01344009
0.09460470
0.09100425
0.13878162
0.01484386
-0.03483984
0.00146719
-0.00931362
-0.14527257
0.11470083
0.01931094
0.00287069
-0.06371412
0.02603440
0.06094384
-0.00422712
-0.11052618
-0.12445260
0.09574394
-0.03926274
0.06787442
-0.04658659
-0.02145614
0.19824262
-0.01571519
-0.06359838
-0.01145870
0.01492099
-0.04618680
-0.05529976
0.00403831
-0.06826004
-0.00765192
-0.03596259
0.00080021
-0.06295880
-0.03073061
0.07180465
-0.10955653
0.11578824
-0.00708087
-0.10564779
-0.03203387
-0.04201332
0.09866077
-0.00761186
0.05891669
0.10847839
-0.03292676
-0.08837107
0.00228579
0.03894658
0.16966382
0.01641219
-0.14134520
0.12349749
-0.08331509
0.04950528
-0.00526480
-0.12854640
0.05047834
0.04668529
-0.00891899
-0.18691593
-0.02584541
-0.02088391
-0.02497438
-0.07947437
0.01464096
0.14692303
0.10498827
-0.15755939
0.11464997
-0.03816593
-0.06008191
-0.13104483
0.10841687
0.05559582
0.00782944
-0.10159727
0.04695732
-0.08899646
0.07379334
0.03016639
-0.00010621
-0.08781117
-0.03492975
0.13656191
0.14243012
-0.10802577
-0.06630168
0.02854716
-0.10566550
0.10677713
0.04369428
0.11684816
-0.08569933
0.09187157
-0.17070023
0.03556016
-0.03366362
-0.10680455
0.09298829
-0.00410016
-0.02084221
0.08186370
0.06699477
0.03689277
-0.12521672
0.16405169
0.09238292
0.00616745
-0.11659910
0.05893466
0.10726748
-0.05152569
-0.03190696
0.13353712
0.15857172
-0.02747359
0.01182074
0.06774888
0.11257261
0.13671891
0.16497921
0.12448209
-0.01986580
-0.04954890
0.07318372
0.04608317
0.01799548
-0.07561628
0.08011086
0.00089069
-0.00448915
-0.01886365
0.08719143
-0.00014243
0.08172341
-0.08553207
-0.12185679
-0.07558416
-0.04709203
0.08380885
0.15623306
0.12305432
0.07709726
0.07295799
0.13134474
0.09447480
-0.01475828
-0.16657834
-0.08249036
0.01430372
-0.04939207
0.03826636
-0.06368547
-0.00123791
0.03741111
-0.24493843
-0.06607598
-0.04476430
0.12954968
-0.03817568
-0.15555181
-0.10427577
-0.07074208
-0.11786922
-0.00347348
-0.04360587
0.07647787
0.01741370
0.03244678
0.00186711
0.09133720
-0.02612743
-0.12675345
-0.00124626
0.03113549
-0.03418432
-0.00720291
0.07020881
0.02800665
0.20352380
0.15685184
0.04126202
-0.26320656
-0.06237700
0.10922431
-0.12847903
0.06584014
0.14090237
0.08295290
0.09443597
-0.05559669
-0.13469003
-0.13169388
0.06076069
0.02093504
0.04698792
0.12380131
-0.04274721
0.09447015
-0.10178333
-0.04474076
0.04870038
-0.06489254
0.09482476
0.05480790
-0.16327247
0.06601963
-0.02836858
-0.10168811
-0.16239396
0.08771547
0.06249344
-0.02721167
0.09576414
0.01413000
-0.12981325
0.08340316
0.02800535
0.02144550
0.03276817
0.00553022
-0.02829257
-0.01756741
-0.12253784
0.08412503
0.03937541
0.08188350
-0.05206037
0.05901126
-0.15760616
0.04126086
-0.20524455
-0.02736261
-0.01529115
-0.02330065
-0.03118626
0.14150960
-0.02560867
-0.02441298
-0.13294595
-0.06814482
-0.15918337
0.12945991
0.05783200
0.15692917
0.01786953
-0.07895196
-0.03788286
-0.03079140
0.04601824
-0.01413970
-0.05709701
-0.07206960
0.11848056
-0.01384140
-0.01465368
0.16539372
-0.08428153
0.05569326
-0.03110061
-0.10712950
-0.09226864
-0.04596369
0.04776156
0.04643439
-0.06296337
-0.04758662
-0.13789043
-0.03183250
0.00858111
0.01400876
-0.03919607
-0.10415192
-0.05051699
-0.14156367
-0.04886093
-0.02460342
0.01601126
-0.00451065
0.13898933
0.03994226
0.17453097
0.01140814
-0.02018454
-0.01172960
0.07546622
-0.06533661
0.00748305
0.12806085
0.17223353
-0.22788427
0.19122679
-0.12848688
0.08265452
-0.01017415
0.04554201
-0.01734542
0.11295195
-0.00226382
0.00575655
0.10143992
-0.06604965
-0.02495595
-0.07215439
0.08257410
-0.21000084
0.03153215
-0.02060406
-0.07451295
0.03412213
-0.03224709
-0.08488391
0.02600601
0.06855043
0.10296189
-0.05531258
0.16423782
0.04464909
-0.03697431
-0.07851759
0.06167769
-0.03285148
0.00271520
-0.02747059
0.19658213
0.20130936
