-0.02965917
-0.19257753
-0.03514328
0.00971571
-0.06730652
0.22742024
0.60683760
0.26205163
0.27178193
0.03413363
-0.04330557
-0.40669529
0.32317513
-0.11965301
-0.22598566
-0.09570251
-0.03779548
-0.12615250
-0.56165971
0.00579232
0.49823732
0.07361174
-0.21323230
0.25773767
0.28008485
-0.10493898
0.09156813
0.06250407
-0.51652242
-0.05119317
0.44365657
0.07235946
-0.02737127
0.08305322
0.19872309
0.43692251
0.34867845
-0.19923496
-0.14943463
0.57925004
0.28330474
-0.35084620
0.03212123
0.17900779
0.00139169
0.05860495
-0.34515849
0.39564505
0.09423678
-0.00604884
-0.06080039
-0.40480777
0.11163647
0.24051510
0.03637798
-0.41819218
0.27873061
0.02214111
0.11112411
-0.07343553
0.20285441
-0.16958231
0.30052135
0.31555457
0.20227106
-0.05421892
-0.02656378
-0.08350258
-0.34339714
-0.29977046
-0.22098588
0.00272365
0.02165838
0.03616227
0.17967356
-0.03659531
-0.19420617
0.35894800
0.24716866
0.28095876
-0.28627155
-0.11406971
-0.22009568
0.02988534
-0.17884659
-0.07511746
0.12393322
0.05268723
-0.33432734
-0.33628247
-0.31116409
0.12755723
-0.37149619
-0.45670156
0.35126390
0.03144399
-0.20327342
0.17377959
-0.03997553
-0.03673339
-0.07695273
0.28713052
0.22891630
-0.05925089
-0.51382816
0.19003902
-0.17176029
-0.14946882
-0.06473720
0.12292438
-0.20475756
-0.22242375
-0.16615275
-0.20322976
0.11213879
0.09338929
0.77672935
0.33192684
-0.17106133
-0.31457382
-0.05089656
-0.16749755
0.12257706
0.07592256
0.28394389
0.03082975
0.41179222
-0.03934037
-0.14895001
-0.68339242
-0.38554081
-0.59112499
0.18770278
-0.06818241
0.70975817
-0.23745381
-0.18431645
-0.18197039
-0.24161042
-0.22844039
0.24757438
0.21518221
0.41052516
0.18783883
-0.26729388
-0.31916907
-0.19239280
0.04903312
0.17285292
0.04963205
0.28228596
-0.09619646
0.55131554
-0.30273553
0.06292521
-0.22240542
-0.03912660
0.00204198
-0.10936729
0.26672259
-0.04460351
0.25241237
0.01007759
0.12340009
0.06655881
0.65200700
-0.32415392
0.48444512
-0.07930619
-0.18733844
0.47994964
-0.17514113
-0.41290258
-0.05840610
0.04307313
-0.02258561
0.12488859
0.07300048
0.02208471
0.14305348
0.51604330
0.04518506
-0.02263566
-0.44824503
-0.33928272
-0.50934133
-0.35210503
-0.25742123
-0.01678519
-0.26243870
-0.09939808
0.21971075
0.11785668
-0.00506125
0.19685189
0.21211206
-0.10363402
-0.17162197
-0.22050868
0.17522018
-0.09863208
-0.45442697
-0.25998750
-0.10745297
0.30041160
0.20116705
0.15385107
0.04676533
-0.07718285
0.07029638
-0.13486968
0.26843311
-0.21794636
-0.48323632
0.43021121
-0.16968533
0.48646278
-0.06980678
-0.24491969
-0.65586149
-0.28960326
0.41872971
0.06914153
0.11205288
-0.20688756
0.13946472
-0.41123004
-0.14283081
0.34444783
-0.10062861
0.37787165
-0.63822671
-0.07760690
-0.44323395
0.41309796
0.04571240
-0.16565689
0.17466376
-0.36352006
-0.37100796
0.24565343
-0.17541143
-0.02308074
-0.00984752
0.06741567
-0.27738438
-0.15294765
0.05106883
-0.18038234
0.11559362
-0.14868850
-0.33673286
-0.02576051
0.26136954
-0.35230373
0.09989510
-0.23042898
0.32512843
0.31499078
-0.29076362
0.13087129
-0.03850719
-0.25029412
0.24152404
0.07785455
-0.06162327
0.36502226
0.43951310
-0.04379601
0.52687237
-0.26718993
-0.26529491
-0.06634538
-0.19845846
0.42093211
0.26003585
-0.15474267
0.00289783
-0.11557705
-0.12243844
0.13712360
0.01082530
-0.13620345
0.04324071
-0.15431609
-0.09064256
-0.26572121
0.04529961
0.02047278
-0.22578679
0.22880684
-0.22030800
0.12619646
0.13861241
-0.21962581
-0.10212800
0.28638287
0.57034714
-0.23134930
0.64284457
-0.09018861
0.40665115
-0.26922443
-0.52260372
0.25672026
0.13802322
-0.13472937
-0.24834015
0.10947824
-0.16804785
0.02602841
-0.04567256
-0.29127836
-0.05068012
-0.03842348
-0.13484026
-0.40192057
0.02686506
-0.60439683
0.52749820
-0.32919429
0.20529160
0.32017842
0.00127841
0.39222673
0.13063731
0.06158855
-0.18469629
0.43246489
0.20003812
0.56333810
-0.27695594
0.20004072
-0.43109935
0.24343426
0.04147445
0.05378394
0.42266243
0.17759010
0.18495900
0.01927344
-0.31770829
-0.49548684
0.12398625
-0.07034853
-0.55112861
-0.18248058
0.17396602
0.35842770
-0.49488896
-0.10101209
0.04094164
-0.25118556
-0.23043244
-0.36343781
-0.11411683
0.17202858
-0.04738654
-0.03513435
0.09182313
0.22495255
-0.45972858
0.14407576
0.25783095
-0.42984995
-0.01521465
0.33224467
0.03804442
0.00618673
-0.02645079
-0.29829293
-0.28763016
-0.19812519
0.35801338
-0.43010550
-0.05206968
-0.04813852
0.13583356
-0.12159083
-0.26029428
-0.07795963
0.11097380
0.74624526
0.13231880
0.30223928
-0.23135761
0.06897602
-0.19964410
0.29621381
-0.25680124
-0.17202063
-0.02681137
-0.28385116
-0.06541792
0.01482543
0.26240837
0.07012667
-0.14339643
0.21652766
-0.24231800
-0.04243856
-0.03240010
0.48303418
-0.13175870
-0.17481238
0.00261761
0.10031723
-0.50818526
-0.30885183
-0.01792876
-0.18879652
-0.17398515
0.28015033
0.01873627
0.21779044
0.39163570
-0.31711139
-0.03814391
0.24771826
-0.18322548
0.07136691
0.31126025
-0.33973129
0.10245381
0.22453609
-0.11188550
-0.01710268
0.31646560
-0.07919100
0.56051375
-0.48747749
-0.08137734
-0.55419392
-0.10156167
-0.06060683
0.81573818
-0.18248244
0.33469568
0.15257233
0.05094403
-0.20591301
0.07428473
-0.02458659
0.06128911
0.13454533
0.29201837
-0.26889937
-0.12315281
-0.23296165
0.37863425
-0.18133648
0.36261470
-0.11693696
0.03941147
0.06015175
-0.35969494
-0.08058667
0.39149854
0.08359968
0.44598249
0.00177172
-0.43664030
-0.16821486
-0.08702987
0.07969154
0.08779847
0.18034526
-0.26113658
-0.44363488
0.13842887
-0.23109319
-0.29621103
-0.25293167
-0.13032359
-0.10631723
0.12037779
0.13775588
-0.03330884
-0.01228669
0.04558400
-0.00553274
-0.30741582
-0.19481286
0.37720586
-0.09600096
-0.23127100
0.08001301
-0.35291193
0.32799972
-0.26844246
0.24746329
0.11559071
-0.17994217
-0.05601501
-0.33718256
-0.04963623
0.10149169
-0.04744656
-0.30076906
0.26687994
-0.28614635
-0.18725670
0.02438074
-0.56043237
0.21506098
-0.34909067
0.30955129
-0.13524511
0.18509255
-0.14301784
-0.13338975
0.24629780
0.16202740
-0.02582135
0.16251083
0.12048039
-0.26881116
0.11518677
0.32044889
-0.21390967
-0.66254444
-0.34308064
0.02240498
0.12977545
0.02547385
-0.03352720
0.66508194
-0.16663619
-0.00981356
0.83827805
0.09836360
0.23122956
-0.14967182
0.23967811
-0.22072901
-0.02737493
0.38914893
0.16235007
0.14637287
0.68187490
-0.13763800
-0.10235481
-0.11699665
0.38667902
-0.03599795
-0.01367884
0.00215053
0.25694540
-0.29192094
0.01046725
-0.14009844
0.10822506
0.10427236
-0.26116926
0.04133026
0.43943028
-0.14107750
0.01990702
0.48475271
0.20057230
-0.04108315
-0.07631105
0.29064880
-0.14655774
0.11152807
0.40176026
-0.61178807
0.48397612
0.74210873
0.15518193
0.04452545
0.50032064
-0.07564348
0.30483184
-0.24631385
-0.51567010
-0.22534481
-0.39891213
0.30632847
0.16710941
-0.47872840
-0.08451250
0.12857301
-0.40176835
-0.28373113
0.26831179
-0.51216415
0.06054702
0.20920814
0.16613056
-0.28419228
0.21346791
0.54130076
0.05375858
-0.22918277
0.02444985
0.04355548
0.21605609
-0.08618627
0.20012410
0.34151608
0.25730485
-0.02511111
0.28116543
-0.21801006
-0.13534094
0.03238829
0.29579576
-0.30800699
0.31867684
0.16584818
-0.09037015
0.03942158
-0.57225823
0.08842796
0.12597272
-0.19837721
0.00621076
-0.38822219
-0.42349869
0.42928685
0.42115463
-0.08856732
-0.11265788
-0.16003969
0.13584747
-0.27870571
-0.38426613
0.30695004
0.56156908
-0.33815661
0.12021126
-0.27272134
-0.47011654
0.10516864
0.14808349
0.32192053
0.06948026
0.12162193
0.07719550
-0.03801791
0.30654673
0.39662480
0.42484672
0.10067454
-0.30934493
-0.00865687
-0.22487652
-0.20738956
0.00360500
-0.20115727
-0.10135134
0.17666205
0.06200277
0.48050674
-0.16991287
-0.26688764
-0.28996309
-0.02994545
0.15266718
0.52151534
0.54489441
0.16788713
0.09150854
-0.18998653
0.00816042
0.17302230
0.30001397
-0.09428795
-0.43609409
0.00808577
0.02929967
-0.21394696
0.22807217
-0.57389389
-0.17845550
-0.18550995
0.25004537
0.32258143
0.02446757
-0.52391564
-0.02828536
-0.18256306
0.03231255
-0.20905587
0.22764029
-0.12229565
0.08155756
0.35002034
-0.01829086
-0.35139718
0.09152912
-0.33959011
-0.30139798
0.18648862
0.15495256
0.11689408
-0.18805073
-0.16247498
-0.20829651
-0.09019412
0.21777006
0.29048788
-0.11217589
-0.40560980
-0.05756991
-0.58257167
0.16567760
-0.07547661
-0.21673024
-0.19504712
-0.24143531
-0.22161407
-0.14081904
-0.13748660
-0.23078928
0.08536459
0.15818161
0.00654948
0.20439063
0.03272084
-0.14103370
-0.39390495
-0.13395863
-0.25124220
-0.19958388
0.19829951
0.00339093
-0.20858188
0.10471538
0.42242497
-0.07334254
-0.03591052
-0.50244353
0.34504504
-0.08581755
-0.01766244
0.19874563
0.46164482
0.14482985
0.04206221
0.33285158
0.03494520
0.58210688
0.60517613
0.40475252
0.33164857
0.81351036
0.02713295
0.46768293
0.08421371
0.31915503
0.20651818
0.02020579
0.21720638
0.06369509
-0.47389715
-0.22160015
-0.73658629
-0.23686078
-0.94946569
-0.44628787
-0.38757767
-0.82030428
-1.24228671
-1.02348495
-0.97997181
-1.51388921
-0.68826484
-1.38500689
-1.51086047
-1.24665565
-0.97341761
-1.62049370
-1.27897490
-0.80645130
-1.25115968
-0.74088731
-0.37833168
-0.05243990
-0.05529117
0.08316821
0.41561616
0.12933525
0.91549544
1.80019290
1.00893770
0.92303649
1.13398698
1.58431404
2.01166264
2.33966218
1.84891726
1.62009891
2.11835252
1.72255940
1.53247243
1.18853131
1.46591987
1.07956732
0.72788274
0.56422066
0.96913771
0.29715333
0.27523643
-0.06066652
-0.28915380
0.01190805
-0.44823487
-0.67540629
-0.62979504
-0.58594961
-0.70476851
-0.52148422
-0.60298300
-0.66528772
-0.78364927
-0.87661990
-0.48315347
-0.36199742
-0.22219167
-0.95113408
-0.31659566
-0.58058048
-0.37085997
-0.54247416
-0.16324933
-0.46854565
-0.16327016
-0.24371791
0.00283184
-0.22125720
-0.21591494
0.27189469
-0.22550642
0.12906362
0.51333287
0.14327414
0.24206644
0.20689777
0.09592380
-0.14718427
0.35210747
0.40598511
0.43167683
0.04235411
0.03651932
-0.23938830
0.10919751
0.16468618
-0.26817367
-0.20258140
-0.33935596
0.02423531
-0.07648070
0.07944154
0.07564853
-0.06686600
0.01915478
-0.06793349
0.26191061
0.03638285
0.53154422
0.24874601
0.29162649
0.43943084
0.17201425
-0.42793769
0.12087458
-0.26689566
-0.35570849
-0.02263848
-0.60186280
0.07784594
-0.05567400
0.47579019
0.90970025
0.37276671
-0.13352518
0.00358555
-0.21655516
-0.16837262
-0.10507732
0.18634376
0.03491448
-0.26491973
0.67472555
0.31228942
-0.14061640
-0.15246596
0.49357623
0.37095423
0.40085166
0.08191873
-0.03676072
0.40913341
-0.19675738
-0.29939676
0.22783162
0.03198116
-0.14230937
0.28532169
-0.17117104
0.13291128
0.03301060
-0.23125857
0.07771954
-0.23707948
0.06982946
0.09735610
0.18079319
-0.61249081
0.37857623
-0.18058686
-0.07550709
-0.40108044
0.23733746
0.04756395
0.27204151
0.32635000
-0.07014910
-0.19197701
-0.05022664
-0.31086715
0.10011914
0.43669754
-0.21662595
-0.11437619
-0.37888556
0.04981505
0.43610039
-0.27548232
-0.34345136
0.26517764
0.11207160
-0.08361018
-0.29687426
0.16981459
0.06326215
-0.01774834
0.25458943
0.35826938
0.00475359
0.34320448
-0.05851871
0.18716905
0.09407279
0.07052354
-0.23870673
0.13226050
0.41076472
-0.22019553
-0.56113099
0.27955304
0.24817564
0.18000093
-0.24722779
-0.07565809
-0.03745922
0.11741539
0.08473192
-0.69632069
0.42088102
-0.31834007
-0.35077712
-0.71041004
-0.09052030
0.10741852
-0.21630272
0.44485173
0.18208550
-0.14901245
-0.03272926
0.22478274
0.17709290
-0.06126851
-0.14742639
-0.18027849
-0.33940716
0.60621613
-0.01386941
0.00989297
-0.27838958
-0.65646786
-0.00993239
0.51434439
-0.05899335
-0.22532804
0.06906388
0.11829909
-0.38811415
-0.12377488
-0.27834893
0.16904715
0.04867012
-0.14482623
0.00392086
0.04076156
0.06747350
-0.10154993
-0.28477025
0.00355537
-0.43520544
0.13954514
0.15949486
0.73043500
-0.22156389
0.53506369
-0.38691688
0.01311517
-0.36076269
-0.28200706
-0.26372225
0.18684689
-0.12602964
0.01078197
0.22626591
-0.62826906
0.22621793
-0.12420601
0.23620639
-0.57992516
0.03684590
0.34633422
0.31259146
0.24046501
-0.06360749
-0.28562595
0.02997610
0.09668292
0.27717374
0.22559232
-0.25466201
0.06497848
-0.23423505
0.16258398
0.06323310
0.35131358
-0.78715719
0.07039425
0.51255965
-0.16178431
0.38743038
0.13275457
-0.23633482
0.10642160
-0.33165420
0.11208480
0.56183197
0.63316365
-0.15308276
0.05213892
-0.44869528
0.30923171
-0.02016501
0.05233690
0.37036983
0.30343336
-0.02838083
-0.01174301
0.03917610
-0.59874333
-0.20455773
0.23960954
0.12174460
-0.46999362
0.46629212
0.02467451
0.32411379
-0.28361198
-0.20076520
0.35231150
0.37574172
0.01955092
0.23818680
0.06265254
0.07397925
0.06397242
0.06637786
-0.11206124
-0.00518750
-0.47365529
-0.25987785
-0.14639120
0.01858301
0.00910341
0.08001498
0.07690804
0.13708101
-0.09031384
-0.01233138
0.31739420
0.18921009
0.14678228
0.07106294
-0.26819617
0.18103651
0.36935284
0.48293319
-0.03544054
0.17849844
0.10145426
-0.03630366
0.38089515
0.09140187
0.27083878
-0.03038269
-0.37591328
-0.41594623
0.10495540
-0.00581771
-0.11589794
0.20939971
-0.12890466
0.74557611
-0.42579918
0.00905620
0.74926134
-0.47859977
0.51697418
-0.35882497
0.38622357
-0.12269688
0.18112483
0.12465475
0.13401575
0.16909835
0.01665921
-0.11279678
-0.10793404
0.14600578
0.24254374
-0.51309195
-0.26279087
-0.04253836
0.29821402
0.19281852
-0.24933015
-0.00873427
0.38097860
-0.04848562
0.03928651
0.02504961
-0.31270690
0.20143812
0.04552493
0.54901284
-0.04480834
-0.25092232
0.47528158
-0.47036612
0.23929557
0.17829295
-0.05563586
-0.23137043
-0.10809395
-0.04632646
0.22150471
0.16440742
-0.17283640
-0.06900994
0.16211305
-0.37877751
-0.11373643
-0.21433104
0.48017972
-0.16723716
-0.05222067
-0.19530391
-0.24728484
-0.07385400
-0.17110810
0.62310763
-0.10364435
-0.22694337
0.26573503
0.38344045
0.03025798
-0.12212772
-0.05796660
0.54717550
-0.06173652
0.14211198
0.13299628
0.00232146
0.01835968
-0.00364587
-0.14960113
0.79919222
-0.27325263
0.02639541
0.26439590
0.19337708
0.26929353
0.21552062
0.18883374
-0.12311082
0.03277155
-0.04400555
0.39650007
-0.04141230
-0.07486482
0.27376516
0.01642227
0.45960809
-0.67282797
-0.01555082
-0.00131232
0.73533640
0.23578226
0.17635969
0.06020619
0.34047384
0.01158027
-0.29305808
0.20090671
-0.19708107
0.24603134
-0.20260764
0.11174473
0.34080318
-0.58379743
0.23772377
-0.04903318
0.06339705
0.15158205
0.18530274
0.06820998
0.14870912
0.44099081
0.32987124
0.22454647
0.30505118
-0.28643232
-0.20566057
-0.00628620
0.05890723
0.14591515
0.16099170
-0.30634124
0.04106979
-0.35679243
0.43945933
-0.02073413
0.61921883
-0.12930595
0.04817483
-0.06532648
0.18962554
0.17783417
-0.32508928
-0.23475785
-0.58860318
0.32401715
0.33839404
0.34020007
0.33867228
-0.29682923
-0.13758357
0.25693235
0.00968899
0.02847466
0.47851715
-0.08445921
-0.14322611
-0.25614105
0.22575394
-0.75092941
-0.30335075
0.42449532
-0.04234352
-0.03754792
-0.40453584
-0.09014728
0.22975669
0.42744057
-0.30563412
-0.30518485
0.23067005
0.18700927
0.30114448
-0.16405166
-0.25400339
0.17012059
0.07842075
-0.37939404
0.20305424
0.10946316
-0.10297767
-0.19622199
0.01079942
-0.21154290
-0.07149722
0.52869349
-0.17373872
0.12363910
0.39893778
0.04923973
0.25564758
0.19235027
0.12580296
-0.05937956
-0.17878496
0.04308471
-0.36361143
0.28352742
0.32071091
0.40255360
-0.04411618
0.00353342
0.11108205
-0.11830573
0.34251453
0.54951294
0.56488125
-0.36295265
0.24050560
0.10026785
0.46158241
0.15639809
0.42891808
-0.01590415
0.02174347
-0.17486174
0.35586375
-0.01839588
0.12990488
0.27108389
0.23195289
0.23077848
0.02447591
0.06250407
0.18596113
-0.24185040
0.01096924
0.36340836
0.25901518
-0.23852751
0.09805417
-0.42993619
0.33870341
0.39375683
-0.22248575
0.29095471
0.01300316
0.33986225
-0.01935434
0.20871321
-0.11916586
0.01566001
-0.11951105
0.08442533
0.01764321
0.03433040
0.26163962
-0.31193669
-0.09292519
-0.02549556
-0.31072386
-0.10049457
-0.25199023
0.20687497
0.58903484
0.07137285
0.11085764
0.50976181
0.28678469
0.07405085
-0.45882211
-0.31115456
-0.07476813
0.04205183
-0.48846887
-0.15048248
-0.29819717
-0.13657240
0.23818365
-0.04573095
0.20040746
-0.23863742
0.24130184
-0.04361405
0.02627683
-0.28978974
-0.05740704
-0.23190623
0.07282154
-0.02946526
-0.15914364
0.22801367
-0.01925510
0.74807709
0.15376232
-0.07117749
-0.11705103
-0.25596410
0.37479136
-0.08747043
-0.31642529
-0.10530102
0.01936995
-0.10226387
-0.02536614
0.22055890
0.71733369
-0.16732085
0.41757137
-0.01193354
-0.10233730
0.19134163
-0.36997808
-0.12226666
-0.31355160
-0.51980567
0.03242645
-0.48333509
0.12540967
0.16409412
-0.05343691
-0.17433755
-0.18287778
0.02096348
-0.74418990
-0.46890688
0.17511109
-0.06749237
-0.23532706
-0.08102032
-0.08052147
-0.24510698
-0.04955466
0.19314936
-0.31877044
0.15477797
-0.11180726
0.04105921
0.06278295
0.00125409
-0.01112758
-0.37349579
0.42261853
-0.45658364
-0.33717568
-0.25355208
-0.13176729
-0.08820251
-0.13325032
0.06050907
-0.03555481
-0.06217745
0.00442303
0.11313425
0.51593413
0.03675959
-0.54226246
-0.15407353
-0.07922362
0.48861488
0.33894144
0.19456357
-0.26720025
-0.04725219
-0.47931495
-0.16118980
-0.05744514
-0.08278793
0.23791672
-0.10536028
-0.27260956
0.04283219
-0.16482644
0.19633423
-0.73261506
0.03921727
-0.01657834
0.05554081
-0.25590929
-0.13941776
-0.44187802
0.01704617
0.30905555
-0.07940814
0.15941489
-0.23152282
-0.16379070
-0.35892730
-0.09880661
0.24996504
0.22997884
0.09103281
-0.14880535
0.04486299
0.21075435
0.41094463
0.15089089
-0.25975815
-0.13870487
-0.06408255
-0.24620087
-0.09259034
0.21204279
-0.24675775
0.02143709
-0.41582507
-0.36144977
-0.27330944
-0.04771112
-0.04592546
0.23459937
-0.11276368
-0.08334599
-0.40043633
-0.03250142
0.09703488
-0.15196232
-0.26334289
0.30361928
-0.10989058
-0.11903147
-0.15422483
0.26068468
0.20629516
0.08485779
0.19129133
0.06166791
0.15238295
0.21799679
0.91072978
-0.12793441
0.15542047
0.01612489
-0.35379118
0.20636317
0.06871941
0.15089811
-0.06308959
-0.32383691
0.37690589
-0.11594829
0.35426884
0.38449814
0.41229795
0.05284493
-0.24958785
-0.33055070
-0.04940418
-0.06013656
0.09833719
0.19821520
-0.24243450
0.68030916
0.24631598
-0.02937323
-0.21034291
0.08115634
-0.03930400
-0.20103076
-0.26074321
-0.04680622
-0.28435137
-0.18698609
-0.01968201
0.07250238
0.60929603
0.28360092
0.71568215
0.39784184
-0.18288584
0.03896516
-0.00942243
-0.10119346
0.32636510
-0.09393648
-0.40944983
-0.21580395
-0.05208359
0.02612400
0.07963732
-0.02653090
-0.11522506
-0.06080235
-0.18527565
0.16777507
0.00823869
0.36927991
0.13168049
-0.03400904
-0.28399137
-0.56678229
0.03511315
0.37343393
-0.17656999
0.29699790
0.02203113
-0.26879322
0.15488753
0.03157729
-0.47178505
-0.03556305
-0.09888227
-0.36799176
0.03022435
-0.21118721
0.03422314
0.47411921
0.00739070
0.03578178
0.02218659
0.35493037
0.41336147
-0.27432594
-0.21237709
0.05455850
0.43556478
-0.17631905
-0.28376135
0.58321693
0.27225044
-0.11088322
-0.03489413
-0.00249847
0.12713552
-0.13019978
-0.34296826
-0.10392830
-0.01059442
0.39452814
0.00617483
-0.08454170
0.11991550
-0.24825413
-0.07987297
-0.01567368
0.02616966
0.30505189
-0.29622166
-0.12769460
0.15082302
0.17953904
0.07894846
0.11809191
-0.08863200
0.05784573
-0.30468353
0.29290913
0.62527312
-0.19883229
-0.08579664
0.03246954
0.33016342
-0.07692653
0.00890069
-0.04914256
-0.08479233
-0.04461677
-0.23209768
0.01065408
0.06851728
-0.14658501
-0.28104948
-0.11040178
-0.13777411
0.33549602
0.21577315
-0.23354034
0.28335641
0.05805113
-0.09510013
0.18788766
0.03331172
-0.03355588
0.01058500
0.11926899
0.22717634
0.25598910
-0.08566844
0.42385428
0.07803344
-0.28501372
0.04704524
0.17963948
0.08664807
0.09049194
-0.10938594
0.04443372
-0.30419310
-0.24120487
-0.21332849
0.19427495
0.21407587
0.05922351
0.04270678
0.40428687
0.42791956
0.07147447
0.11570161
0.38336603
-0.08065191
-0.10565994
0.12665015
0.30117329
-0.41534768
-0.15359075
-0.06897415
0.46819391
-0.08121418
0.15481682
0.23450013
-0.04475367
0.32910558
0.03062555
0.06677753
0.08884725
0.37288087
0.32906539
-0.36415597
0.09360286
-0.40297309
0.05653540
-0.12609337
0.30917663
0.47473290
0.11303790
0.44115802
-0.14762393
0.15809626
0.58446622
0.02181712
0.23254277
-0.31835666
0.09387778
0.15160835
-0.29927505
-0.03758792
-0.22450178
-0.18750507
0.05608395
-0.30583283
-0.29714657
0.49498762
0.89180216
0.15000080
-0.17320125
0.06711596
0.30395277
-0.42363059
-0.06697840
0.07442928
0.19424482
0.31355975
-0.11384038
0.02424297
-0.02096702
0.19612782
0.37363840
-0.00999286
-0.23167721
0.31023180
0.11780813
-0.46841057
-0.09741006
0.06858173
0.07586338
0.24830829
0.26353400
-0.02378737
0.37932903
0.57858572
-0.31058226
0.38047271
0.06979463
0.49882778
0.08334426
0.21847868
-0.02703234
-0.27914640
-0.12164566
0.00037659
0.06071212
0.16816987
-0.26284596
0.34836771
0.44115230
-0.32497439
0.06186136
-0.24707786
0.58453027
0.16755023
0.29574458
-0.26753637
-0.00305769
0.01612103
0.18311630
-0.24291321
0.01260935
-0.17667737
-0.04612047
0.25235671
0.22801518
0.06720165
-0.63927023
-0.15712608
-0.42924978
0.81668286
0.21206983
0.05384207
0.05695944
0.52630944
0.03394634
0.04961930
-0.24099132
-0.25099493
0.21444568
-0.38053223
-0.33812800
-0.23074812
0.07177733
-0.17919379
-0.50136151
0.14259036
0.42467779
-0.36211733
-0.51945265
-0.02443445
0.52117731
0.27047839
-0.29845344
0.25138282
0.24228981
0.01792041
-0.12805411
-0.21038847
0.18638730
-0.31456217
-0.52579380
-0.04023525
0.01237818
0.61068410
-0.11482989
0.12103269
0.58175357
0.30017512
-0.01699819
-0.21101904
0.45160917
-0.22290668
0.10586121
-0.22712118
0.20067693
0.03293630
-0.02933703
-0.12805470
0.03853819
0.08928695
-0.49558269
-0.09053813
-0.29846411
-0.01462681
0.11963712
-0.07027170
0.12583768
0.00108444
0.16387935
-0.15507792
-0.12148720
0.59555649
-0.23790384
-0.31154805
-0.03584319
-0.00169762
0.41452098
-0.05847106
0.36216142
-0.05041537
0.53686847
-0.01556259
-0.16515845
-0.41165149
-0.10427809
0.27235180
-0.25329398
0.25174339
-0.28559495
-0.03382814
-0.33115921
-0.23274358
0.34106049
-0.15436156
-0.16762023
0.06083083
0.18101662
-0.03658520
-0.10633803
-0.11889683
0.16318204
-0.21868561
0.27983057
0.18357368
-0.49264766
-0.13245353
0.19507581
0.18825767
0.08759541
0.16251660
0.40700793
0.02464498
-0.24017301
0.16919981
0.09979323
-0.09700567
0.12386433
-0.12941775
-0.20830984
0.08865428
0.04349472
0.23856851
-0.09506564
-0.21177800
-0.00088084
-0.30883109
0.19454658
-0.50106016
0.19233524
0.32039633
0.07323275
0.03842930
-0.39696043
0.08399058
0.08285995
-0.58519050
-0.51013765
-0.01720950
0.09929583
-0.14787607
0.09534161
-0.29778657
0.18393597
-0.05780534
-0.46800013
-0.15365995
0.69161876
-0.08973597
-0.02723331
-0.44305639
-0.01751044
0.01522937
0.14407961
0.26290787
0.09956176
0.02547074
-0.18140823
0.08546891
0.31149367
-0.03835223
0.17105424
-0.14628717
0.00779762
-0.12394393
0.17105850
-0.48791846
-0.04774871
0.01041173
0.05117217
0.38351393
-0.21611627
0.38989698
-0.04365278
0.38843747
0.58330991
-0.43884668
-0.07022975
-0.12279908
-0.06547624
-0.09092252
-0.09051604
0.03941082
0.19995943
-0.08526134
0.04952281
0.14480119
-0.14525658
0.15832123
0.22439043
-0.12000464
0.29527408
0.07634824
0.31362193
-0.23777305
0.55236535
0.56036694
0.25894975
-0.30223051
-0.42576353
-0.23077784
0.21745455
-0.16682560
-0.26900131
0.12327493
0.34744753
0.87803717
0.05077345
