0.06952274
0.06645372
-0.03096460
-0.01788837
-0.30675033
0.11171180
-0.00944172
0.25726955
0.27716680
0.11498646
-0.19947400
-0.09696125
0.24223348
-0.10453195
-0.00386296
0.41321185
-0.02692291
0.28346912
-0.09247451
-0.05815234
-0.16193510
-0.06420392
-0.26568572
0.26282405
0.00147952
0.20596614
0.05516589
-0.55808087
-0.49455873
-0.66820219
-0.62103153
0.06131042
0.23753159
-0.13354677
-0.33366796
0.09401805
0.25177833
-0.12704105
0.12750741
-0.19786529
-0.40653066
-0.12517185
-0.09439278
-0.39930305
0.45457314
-0.11181079
0.15443997
-0.01129283
-0.20628636
0.58427823
0.13090977
-0.57578335
-0.09152837
-0.12278404
0.22592025
0.20187936
0.17867833
0.03099793
0.42934535
0.09337886
-0.36385344
-0.33523065
0.11393851
0.31240194
0.33504083
-0.29638939
0.32323190
0.54164411
-0.10446052
-0.14190571
-0.35206524
0.28996935
-0.15934755
-0.14023857
-0.06033578
0.07970661
-0.01837340
0.10070276
-0.11312345
0.22992125
0.06542975
0.09333236
0.05324607
0.31116565
-0.18007088
0.33292765
0.53108470
0.06069289
0.08990860
-0.03308628
0.18525940
-0.41226730
0.16461149
-0.10017245
0.03124976
0.01790456
0.19130901
0.16688474
-0.44737062
-0.31071166
-0.50247087
-0.08850634
-0.22412467
-0.04938304
0.07412836
0.09103227
-0.43279634
-0.13052349
0.04154420
0.17329834
0.22766523
-0.25711081
-0.36812727
-0.10067656
0.18476610
0.45911262
-0.18627684
0.05705332
-0.04150659
-0.36067707
0.23250294
0.13289257
-0.25516513
0.21832247
-0.04602278
0.36533717
-0.07843402
0.34530598
-0.23590576
0.15687930
-0.01951522
0.06560833
-0.10777400
-0.24446688
-0.02072700
-0.10839150
-0.02181406
0.06603458
-0.24132491
0.37673817
0.53455648
-0.08665512
-0.02531348
0.35482824
-0.00621422
0.12531621
0.04142590
0.10921927
0.22327655
-0.22747899
0.10464071
0.03948521
-0.35870949
-0.13416479
-0.30255329
-0.57646294
0.29470365
-0.20877991
-0.02536317
0.36049087
-0.51073859
0.20667363
-0.14483084
0.15277245
-0.06478388
-0.40343654
-0.17727680
0.20122916
0.22575102
0.28834446
-0.33105242
-0.36491340
0.23210885
0.03743457
0.04623576
-0.02155611
-0.33550117
-0.30382466
0.06443377
0.03139374
0.29939036
0.10228065
-0.04091766
0.40314785
0.00725414
-0.11428807
0.13676074
-0.10076754
-0.45810979
0.31290770
-0.01063660
-0.09258454
-0.04580673
-0.31745308
-0.19532050
0.34082790
0.19498594
-0.09400817
-0.03210671
-0.16705030
-0.13012001
0.17669103
0.05418676
-0.11483613
0.02367275
0.04138822
-0.13828701
-0.06292917
0.62485175
0.14613183
0.01603883
0.04067153
-0.09915943
-0.33479482
-0.08253179
-0.20590295
-0.03150567
-0.39569261
-0.39098135
0.24335554
-0.09821122
0.07107188
0.23867375
0.15488359
0.19288921
0.46541470
0.29900871
0.21579176
-0.13684185
0.03771547
-0.23957899
0.20486948
0.22921262
0.55356100
-0.04195110
-0.19511481
0.01395147
-0.08115123
0.17451848
0.20130983
0.30705491
0.50864439
0.09707317
0.26406398
0.41603604
-0.44445034
-0.14388486
0.18770492
-0.12167281
0.18818387
0.10235084
-0.14618746
0.29201833
0.40831885
0.54634496
0.23272272
0.07906271
-0.08535267
-0.00262409
0.34985501
0.04745849
0.13049520
-0.23606082
0.46647719
-0.20187059
0.01621891
0.22793316
-0.25295961
0.34894561
-0.18396341
-0.31574930
0.07623169
-0.24967366
-0.41277650
-0.22083351
0.25245773
0.04852213
-0.44221719
0.29372753
-0.15149016
-0.23524179
-0.13908241
0.01056524
-0.35707946
0.36304434
-0.03220338
-0.14980878
-0.15512833
-0.30436153
-0.46853709
-0.14971446
-0.23821532
0.03586027
0.04083156
-0.27724747
-0.20672708
0.07255202
0.46195979
0.15056436
0.14481533
0.08451001
-0.36793409
0.29378556
0.29560032
0.23945275
-0.09412668
0.04395973
0.08650699
-0.14238118
0.12994849
-0.07687937
-0.62968973
0.13905266
0.12707119
-0.07682615
-0.18292439
-0.01060180
0.08036696
-0.03051578
-0.27685443
0.39627931
-0.36391173
0.08625869
0.06139749
0.41173653
0.13611256
-0.03618270
-0.14352121
-0.05066753
0.09247916
0.00444293
-0.05529713
0.35733285
0.19468575
-0.33744018
0.08526901
-0.04841473
0.49415299
-0.11827282
0.05642081
-0.42602183
0.02466006
-0.14571301
0.36400320
0.21396104
-0.03600089
-0.27193189
-0.01283983
0.07047753
0.27569000
-0.05875867
0.03431413
0.06972008
0.08863577
0.22394788
0.17799769
-0.02567145
-0.02105141
-0.16990120
0.10406187
0.18579179
0.19117979
0.24728637
0.08257624
0.08200940
-0.10647128
-0.36133798
0.14312430
-0.45996957
0.26153254
0.48775957
-0.13006559
-0.29150465
0.10777131
-0.03091290
0.07786699
0.37504515
0.03233638
0.09702040
0.04583533
0.74011250
-0.41856101
-0.06269903
0.17933972
0.47940534
0.16385938
-0.01330468
0.04939081
-0.03769607
0.12640705
-0.33162971
-0.59730336
-0.10925664
-0.42176263
0.46231067
0.38065531
0.06367456
-0.20534154
-0.28098836
-0.22734339
0.27595475
-0.36176734
-0.27300111
-0.19955521
0.04573142
0.20098999
-0.04326707
-0.04768655
-0.06742728
-0.20141141
-0.14660213
0.40442151
0.15309298
0.23695259
0.45011488
0.12516326
-0.21117161
0.11625622
-0.01368255
0.01178342
0.10879450
-0.24837585
-0.05756336
-0.24918778
0.03091475
-0.51726212
-0.17297821
0.16960038
-0.41477135
-0.26928609
-0.05543168
0.04402703
0.37727670
0.20989147
-0.15735597
-0.08638613
-0.19482156
-0.10241591
-0.25690619
0.08617046
0.39998578
0.05448185
0.08067255
-0.24589395
0.11827292
-0.08397771
0.16063047
-0.21263838
-0.03918021
-0.23013678
-0.11967867
-0.25457349
-0.23982828
-0.06100485
-0.10519575
-0.14508043
-0.27052466
-0.19578261
0.52135685
-0.11806108
0.37547134
-0.59547623
-0.07176702
-0.16605373
-0.07530327
0.02647004
-0.01816503
-0.06107318
0.22301919
-0.36425072
-0.14515001
0.00048313
-0.17107699
0.23026801
0.06260502
-0.03219206
0.36473060
-0.18503023
-0.09935361
0.03413281
-0.17289762
0.38747078
-0.17631034
-0.00933719
0.33135911
0.05761145
-0.53906366
-0.15054968
-0.06911848
0.10741589
0.03789600
-0.21092790
0.22862477
-0.09379386
0.31231767
0.07014099
-0.25618359
-0.09972585
-0.32971466
-0.19875336
0.19601815
-0.19508387
-0.05929899
-0.06122147
0.28720940
-0.00159900
0.14008196
-0.10105802
0.03828698
0.48269265
-0.39399298
-0.35593451
0.11667087
-0.12458402
-0.01201342
-0.23299406
-0.24279118
0.06891053
-0.47413568
0.32854756
-0.35873612
-0.09570062
-0.00632137
-0.13177344
-0.20920622
0.08554751
-0.26384606
0.05707487
0.13910863
-0.06614527
-0.64396101
-0.30369820
-0.21572706
0.22296759
-0.49137857
-0.05560245
-0.22639618
0.52452208
-0.02381600
-0.25753276
0.16767677
0.15183336
-0.00864416
0.31383286
-0.03934283
-0.18839521
-0.03810050
-0.03545521
0.30344092
-0.20900389
0.06373496
-0.43788362
-0.01998047
0.14618724
-0.37420595
0.05776923
-0.11900478
-0.31220080
-0.31003439
-0.27621838
0.31248362
-0.19713320
-0.31357686
-0.54098683
0.01761298
-0.03397022
0.24783537
0.30735109
0.07084783
0.11433689
-0.11762733
0.08961027
-0.16241692
0.12925763
0.21743633
-0.43664119
0.05277668
-0.32565527
0.22797475
-0.00431511
0.01469178
-0.03283598
-0.03844904
0.26635559
0.26090648
-0.10300919
0.15258401
-0.24265848
0.29796293
-0.15481588
0.28549696
-0.07515374
-0.13030575
0.01872732
-0.11528660
-0.04399030
-0.17912299
-0.30608212
0.12550988
0.38822405
-0.22171430
-0.09251475
-0.20298662
0.51360069
0.24315267
0.25565684
0.64801819
0.10433026
0.02028574
0.34403678
0.05249035
-0.06422739
0.21074425
0.21531369
0.15820727
0.83693236
0.75415204
-0.16703477
0.41240976
0.16822575
-0.39441183
-0.29840562
0.09269681
0.23623179
0.02092131
0.15822637
-0.36743426
-0.40354961
-0.59963459
-0.95280595
-0.14022437
-0.67745043
-0.91900248
-1.21409438
-1.30555695
-1.43569195
-1.00514119
-1.58836356
-0.97337690
-1.13927144
-1.41570058
-1.64034536
-1.29375333
-0.61435323
-0.62012710
-1.07186876
-0.79333133
-0.38564837
-0.38754652
-0.23542308
0.10501536
0.29797802
0.61957358
0.73665979
1.26091300
1.22973627
1.30977675
1.70395673
1.69651283
1.71981070
1.81570276
1.69263355
1.58877902
1.60743498
1.24638380
1.06774110
1.04099128
1.34982586
1.11177154
1.02435873
0.79612187
0.49061683
0.30302831
0.26223987
-0.54497728
-0.18368060
-0.18236199
-0.67777967
-0.84662806
-0.68509195
-0.77838626
-0.37931097
-1.17018697
-0.54531845
-0.60135312
-0.49396648
-0.99990444
-0.88805030
-0.58212063
-0.36257877
-0.38390566
-0.13661547
-0.29787672
-0.25415053
-0.02201903
-0.15744392
0.11122784
-0.14850296
0.06771938
-0.07626661
-0.03343926
0.20842745
-0.28734030
0.02609980
0.03852899
-0.20017568
0.13180823
0.25197929
-0.03639844
-0.22302333
0.33152080
0.48200440
0.07726014
-0.04081993
0.11156511
0.08555518
-0.55616617
-0.14481341
-0.05052782
0.32535172
0.38267946
-0.32285120
-0.23884286
-0.43437328
-0.23289399
0.31276831
0.31912828
-0.26969777
0.06696242
-0.00921232
-0.20241285
-0.25750577
-0.11967458
0.37113497
-0.23451099
-0.29056776
0.00166823
0.04458765
0.35148633
0.29427542
-0.00606988
0.02148886
-0.36976498
-0.04445913
0.16848158
0.12251988
0.10434505
-0.13452378
-0.29489167
-0.26156021
0.04599669
0.07942662
-0.01237972
-0.01020500
0.06447112
0.05441931
0.23999387
0.10667271
0.08420069
-0.14073332
0.20931738
-0.12037296
0.15415244
0.45328005
0.07023845
0.00187699
0.12932807
0.20201200
0.44586940
0.32259278
-0.10246100
0.14001966
-0.15730711
-0.00048409
0.23113812
0.11284626
0.12566728
-0.11539042
0.23497988
0.12684493
-0.37930273
0.13688980
-0.28536260
0.15026384
-0.53024648
0.09059835
-0.02602921
0.08832583
-0.05731926
0.30174603
0.43713486
0.00828967
0.02766922
-0.35642004
0.98125731
0.00339131
0.38605313
0.06031270
-0.14531784
0.31808826
0.20063591
0.07178683
0.54830868
-0.46587445
0.28111386
0.36737059
0.32097520
0.16069499
-0.18118452
0.08645419
-0.13243574
0.03138783
0.04422392
0.34753339
0.15985470
-0.03196703
-0.44411836
0.17907548
-0.33623913
0.08904725
0.02213889
0.10252158
-0.12003684
0.36087095
0.00388212
-0.10739304
-0.08082184
0.11954679
-0.28117907
-0.22009085
0.15181397
-0.11099816
-0.24240529
-0.06260984
-0.01118139
0.81911124
0.04064013
0.25866996
0.10587507
-0.02013256
-0.31873834
-0.41693084
-0.09073246
0.38406090
0.19672466
-0.04391872
0.45493145
0.03810645
0.05346302
0.14201122
-0.10937571
-0.14765491
-0.03906103
0.08039196
0.49481387
0.31864630
-0.12215217
0.02260789
0.04427597
0.24327970
0.72821586
0.14105529
-0.00978067
-0.06656073
-0.14945267
-0.16329726
-0.23556686
0.26462178
0.32194045
0.02474321
0.02550802
-0.50711239
0.51642411
0.14413236
0.07515707
-0.28785020
0.16163685
-0.02102362
0.25290748
0.32226910
-0.13265407
-0.65255726
0.16555230
-0.24550255
-0.15531658
0.24303069
-0.47477081
-0.03924671
-0.05430427
-0.10930539
-0.24044371
0.19887880
-0.22299243
0.03978632
-0.36551936
-0.11421168
-0.00139404
0.73256915
0.19844872
0.28273277
0.18007023
-0.53635349
0.11474424
0.19505782
-0.15009631
-0.06450610
0.27093431
0.15101548
-0.17927730
-0.13040856
-0.04826247
0.20079293
0.20094521
0.00177275
-0.16713929
-0.03268345
-0.02475690
-0.17947781
0.05140987
0.08469699
0.06866314
0.18901619
0.25845872
0.22770089
-0.50548158
0.16986835
-0.11633155
0.03149040
0.24185009
0.35096175
-0.01052122
0.28756579
-0.01977820
-0.34726802
0.16340069
-0.56080717
0.16365103
0.06260068
-0.08932368
0.08459910
-0.18021105
0.14091425
0.16127971
0.07236524
0.10831879
-0.51511258
0.23881334
0.60784492
-0.17515344
0.20829155
-0.28457965
0.20008613
0.27715490
-0.14393199
-0.32333479
-0.01182530
-0.03414964
0.00635406
0.30667341
-0.43841747
-0.26018658
-0.16959380
0.02530933
0.09208136
0.05139139
0.02992216
0.18181261
-0.19753489
0.18739759
-0.82248144
0.00114148
-0.13815781
-0.25664187
0.02296990
-0.19355187
0.26327580
0.02102869
0.12397542
0.02332492
0.05429930
0.08302624
0.04805121
-0.29692297
0.14207284
0.33516784
-0.83417503
0.05811793
-0.11850831
-0.03297294
0.12072168
0.49568321
-0.11053950
0.37720547
-0.15689848
-0.07934868
0.36373332
-0.18277663
-0.37235981
-0.16108875
-0.42287282
0.42372387
-0.23824192
0.14638440
-0.34950491
0.12748955
0.32144153
0.04216262
0.02212213
-0.28393879
0.30988331
0.47199940
-0.00020788
0.04510946
0.12682620
0.11980586
-0.12328663
-0.18485093
-0.15848167
0.00761976
0.28341956
0.02006199
-0.01567418
0.02424907
0.09118884
-0.46147407
-0.03109637
-0.20627825
0.10587983
0.34732759
-0.24461410
0.52921601
0.16692996
-0.11513365
0.07352184
0.44175173
-0.03518600
-0.08163460
-0.01414741
0.01507631
0.29030974
-0.18538355
0.01431465
0.04267222
-0.13226027
-0.30032015
0.13373939
0.13142202
-0.00166180
-0.11337290
0.01796923
-0.21990012
-0.19517274
0.00158801
-0.05835415
0.11310165
-0.41290966
0.23719903
0.02459383
0.05023179
-0.39125649
0.14106746
0.00702723
-0.35323963
0.10791279
0.05229596
-0.33910926
0.06080916
-0.29437711
-0.30492733
0.11423299
-0.14228098
-0.73411055
-0.16168160
0.03953656
-0.37493002
-0.53231244
0.06848129
-0.25897857
-0.01712867
-0.05341669
0.03472545
0.38061959
0.10730031
0.33200795
-0.36216168
-0.35288559
0.56275359
0.19149547
-0.43138335
0.03121613
-0.19277146
0.02153112
0.11451890
0.22764689
-0.61479962
-0.06458343
-0.01404644
0.18931436
-0.34720080
0.44048470
-0.04167309
0.13802507
-0.28657824
0.11341565
-0.03771412
0.03770025
-0.02941170
-0.31708001
-0.12860808
0.01345844
0.19379522
0.15293607
-0.42055957
0.07461296
-0.09054855
0.54825217
0.06934845
-0.04951652
0.13038750
-0.25068125
-0.12612094
-0.13464823
0.09817360
0.31743057
-0.00471185
0.05475123
0.38202368
-0.18653451
0.26019533
-0.19371111
-0.12651629
0.11893420
-0.41628527
0.13696771
-0.14229172
0.08937162
0.25119903
-0.03330848
-0.32253569
0.02977471
-0.23130672
0.19442487
0.79079784
0.19048126
-0.20472041
0.17071661
0.21712624
0.11458214
-0.32037842
-0.10027237
-0.09941210
-0.10468644
-0.21316204
-0.10748494
0.08630846
0.15167417
0.11077472
-0.00325788
-0.03169275
-0.15237195
-0.14027253
-0.62435948
0.13045960
0.04083226
-0.23440279
0.26331087
-0.42356196
0.20228068
-0.11827818
0.02545033
-0.10719948
0.24760730
-0.12908503
0.15621256
-0.37775984
0.15615072
-0.11534443
0.33698863
0.07744829
0.14080678
-0.41136755
-0.08023687
-0.17934976
-0.33661364
-0.02193039
0.14931367
0.08853653
0.09032669
0.38303515
0.33517133
0.26144650
-0.10751405
0.36663090
-0.00268223
0.04136483
-0.06879085
-0.00670947
-0.27085034
-0.23692110
-0.29769154
0.07383482
-0.53317236
0.18260240
-0.32972846
-0.44767089
-0.20161369
0.02734191
0.12742282
-0.39161628
0.03079125
-0.72193108
0.12382800
-0.12819376
0.05532440
0.29087524
0.09846902
0.10124592
-0.18356396
-0.21970681
-0.09048356
-0.11214384
-0.19871346
0.07886827
-0.16019351
-0.03820886
0.03683366
-0.15541033
-0.04389265
-0.02478535
-0.00047410
-0.20934962
0.03152923
0.36129613
0.27848183
0.21069678
-0.15532564
-0.18105225
-0.01662742
-0.13329509
0.09649707
-0.06504922
0.01780715
-0.14903499
0.06496266
-0.41020755
0.46385045
-0.13346712
-0.06296533
0.04883447
-0.30722135
0.05805136
-0.15577879
-0.04653081
0.12123520
0.50934198
-0.12874393
0.16610218
-0.26696350
0.03705781
0.07341325
0.19365904
-0.20719420
0.13754088
0.11660006
-0.26749643
-0.17438346
-0.36798551
-0.10291602
-0.04815314
-0.09163690
0.33566373
0.17269861
0.19592983
0.13337873
-0.13034203
0.26333846
0.01080034
0.09479007
0.50735703
0.42839702
0.05589815
-0.32790608
-0.06435623
0.14211167
-0.25155417
0.04940250
-0.36161440
0.05419629
0.24126558
0.21028616
-0.04159829
0.08329196
0.35445342
-0.18629884
0.04082077
0.02666683
-0.28186007
-0.16236903
-0.25224367
-0.24300136
-0.39438655
0.04563235
0.29612404
0.04724045
-0.38754877
0.01329704
0.06025519
-0.22664715
0.00713982
-0.28134196
0.13203786
0.16116821
0.03759398
0.00281008
-0.37468270
0.12617342
-0.19242301
0.37956467
0.02099967
-0.07825751
-0.25796590
-0.25001914
0.16449349
-0.04352808
0.14259456
0.03613365
-0.03483516
-0.45562413
0.30072490
-0.17885125
0.27632979
0.11317800
0.00713775
-0.20141567
0.13433693
0.27860587
-0.01341670
0.37932868
-0.05263298
-0.19736079
0.04550065
-0.03098608
-0.31203414
0.04753710
0.25806796
0.23593680
0.21620734
-0.12001874
-0.06406287
0.19477537
0.22642264
-0.36539306
0.01813814
0.21689163
-0.02446456
-0.25061774
-0.01082815
-0.05260529
-0.04209693
-0.23662772
-0.15205374
0.12575019
0.11822696
-0.23893479
-0.03092616
-0.27564168
-0.16335650
0.07406882
-0.25756366
-0.00426143
-0.10255189
-0.00413034
-0.42951624
0.23760217
-0.16532793
0.20068088
0.50549810
-0.14886198
0.09904895
-0.26214213
-0.22128207
-0.39785814
0.00811791
-0.13856127
0.11187185
0.64140396
-0.09463779
-0.15990163
-0.36840578
0.34414458
0.01915715
0.06987380
0.25979247
-0.30341341
-0.16805700
-0.15197265
0.02521216
0.00479263
-0.45558066
0.32128922
-0.09788860
0.04494334
-0.02609412
0.16563640
0.02933013
0.00363272
0.50820317
-0.20041514
0.12275310
-0.20278669
0.11150734
0.13717479
0.43050881
0.29292120
0.12577133
-0.03676200
0.03235565
-0.31244128
0.34994548
-0.36078304
-0.14045255
0.00616705
0.32460608
0.15621270
-0.17060381
0.22927772
0.22854088
-0.09778540
-0.17734783
-0.17732694
-0.40299121
-0.09312298
0.02963834
0.04664741
0.36566992
0.12363941
0.06769441
-0.03654993
-0.34534780
0.07840521
-0.26593771
-0.17388445
-0.12195793
-0.39367952
-0.21724878
0.05214741
-0.28973061
0.00557432
0.19735798
0.25337543
-0.03004354
0.15230813
-0.18560846
-0.02835419
-0.12405887
0.04903177
-0.09458090
-0.18531039
-0.05520269
-0.00063283
0.31270097
-0.03106931
0.02210404
0.19756461
0.16135570
-0.16878919
0.37490511
-0.01418276
-0.04364285
0.18003962
-0.13518813
0.05851882
0.40895472
-0.05262176
-0.37327089
0.20782431
-0.36415443
0.34961426
0.67976999
0.27565635
-0.15192232
-0.08376660
-0.16057170
-0.11889155
-0.09957448
0.13362186
-0.01603343
-0.17064157
0.14023725
0.30943293
0.31790554
-0.01309410
0.06958827
-0.12258421
-0.29130359
-0.29339839
0.17409998
-0.44361263
0.07782649
0.26612107
0.13089592
0.02335287
0.14944912
-0.13345581
0.10543513
-0.18386458
-0.25676228
0.09741695
-0.26930393
0.34781434
0.14133832
-0.04882876
0.10170476
0.03124546
-0.37299075
-0.67628075
0.16855817
0.08211356
0.08323453
0.67146469
0.19112016
-0.53278484
0.27972270
-0.11494083
0.14963536
0.00902721
-0.12420483
0.23310210
0.32212577
0.17667900
-0.10275271
0.02904065
-0.01817233
0.31104191
0.16278458
-0.03904594
0.48111243
-0.02381221
-0.04455752
0.15363628
-0.23631916
0.23718987
-0.01133030
0.57220658
-0.37324361
-0.14865079
-0.10317129
-0.23411483
0.13224159
0.31998305
-0.47177438
-0.02655206
0.33137624
0.13807640
0.13398884
-0.29996482
0.48899744
-0.48864082
-0.04436610
0.30271979
-0.09263412
-0.21155643
0.11559684
0.01468088
-0.01961637
0.13367926
-0.06653719
0.01189850
-0.14799558
-0.24248922
-0.55919468
-0.34585185
-0.11667256
-0.10548243
0.15566116
-0.51872659
-0.31893495
-0.35577037
-0.41550129
0.01679564
0.48189551
0.12804779
-0.20773870
-0.47059130
-0.09292946
0.11384821
0.40371232
-0.18676912
0.24709995
-0.18184104
0.41016942
-0.08489697
0.00981171
-0.09573571
0.24533651
0.08648687
0.59976717
-0.06035506
0.31486496
0.26160300
0.15338184
-0.11097778
-0.34546388
0.07628925
0.06042111
0.47098718
-0.37602389
0.37373678
0.00650745
-0.35400276
0.42230416
-0.01903143
-0.05160638
-0.17334144
0.02144592
0.00622208
0.17248790
-0.18371386
-0.08414385
0.25802478
0.32256186
0.02965008
0.05617727
-0.02143652
0.37984605
0.39035399
-0.05343736
-0.10535334
-0.16209686
0.25469831
0.30607661
0.49908424
0.33166997
0.17662404
0.26813225
0.06279778
-0.28718398
0.07575653
-0.20003834
0.36553124
0.42876607
-0.12095271
-0.02801392
0.42916632
0.08206200
-0.35031339
-0.16580581
-0.11032750
-0.15262392
0.22129924
0.05475207
-0.08843905
0.27427047
-0.01773504
0.01043582
0.10986449
0.13815923
-0.01898214
-0.26464512
0.15856791
-0.09265160
-0.03260245
0.31770469
0.15995654
-0.14427098
-0.50124359
-0.57181858
-0.01582773
-0.06255370
-0.08688720
0.07446221
0.44182624
-0.26900762
0.00849697
-0.12075952
-0.18895629
0.11347005
-0.05830018
0.29364549
0.12848594
-0.13949580
0.14710622
0.36840700
-0.23740932
-0.10281592
0.21067829
-0.45097955
-0.22979363
-0.38572018
0.35599200
0.38180496
0.42099651
-0.03350114
0.15460970
-0.02552805
0.18831766
0.30653085
-0.21996051
-0.19408839
0.04587878
0.02848845
-0.01168243
0.13401286
-0.16674076
0.04332383
0.21750186
-0.48672124
0.20249295
0.09941920
0.06823439
-0.33842099
-0.12821235
0.30924086
-0.22783868
0.07831294
-0.12606726
-0.41476802
0.06133522
-0.39589434
0.29215979
-0.28983717
-0.19708433
0.00717701
0.00528367
-0.03132233
-0.00352117
-0.20761035
-0.13229216
-0.14218633
0.26617780
0.29463664
0.04607577
-0.05629643
-0.00100221
0.05901242
0.29844416
0.09660411
0.02351837
-0.29099886
-0.14136753
-0.17927621
-0.08047569
0.18798335
-0.16512674
-0.17328461
-0.20606754
-0.34765732
0.28268990
0.01159277
-0.10403283
0.18584510
0.17391547
-0.15551377
-0.40268520
0.09458384
0.03817682
0.32505955
0.11032227
-0.38122434
0.33623509
0.06012008
-0.83005013
0.04886976
-0.21900901
0.04062784
0.36229498
0.01359622
0.19573685
-0.12341337
-0.29544156
0.01206691
0.15455760
0.30065496
-0.37104962
-0.41323809
0.70548480
0.12244302
-0.19573748
0.07379116
-0.50459565
-0.14290671
0.26488084
-0.19906101
-0.28045821
0.35939267
-0.05983568
-0.07975099
-0.38945327
0.06677810
0.33780955
0.29035135
-0.18389998
-0.33038576
-0.02103820
-0.04606170
-0.08424568
0.09940241
0.13008210
-0.22050851
-0.12785589
-0.38830473
0.29719399
0.12112993
0.12464613
0.19194708
0.13299928
0.40697585
0.01098385
-0.02327880
0.01671266
-0.01854413
0.56082071
0.30745067
0.06345349
-0.00410708
-0.26709365
0.08691383
0.21049233
0.22611552
0.09310615
-0.36639265
0.07085355
-0.21503497
-0.15792223
0.71524433
-0.09444182
-0.15479190
0.06402351
0.30142516
-0.04489773
-0.11251535
0.13940527
0.09406258
0.41271919
0.11633851
-0.01521515
0.42899095
-0.36181876
-0.17674487
-0.21718408
0.15873235
0.05532918
0.07905646
-0.17550972
-0.24682530
-0.43828637
0.21672543
-0.13906002
-0.06376209
-0.00823559
0.08325684
0.17243620
-0.26875014
0.00842487
-0.15865673
-0.06408127
-0.02357214
0.18908507
-0.11872274
-0.21898626
0.25821984
-0.36455566
0.31280383
-0.13171331
-0.07789251
-0.40720135
0.28816574
0.22276443
0.40161371
-0.04267320
0.31703210
-0.07302433
-0.27438200
-0.62129685
-0.04180764
-0.12996420
-0.27154199
-0.05220047
0.08405020
-0.41057221
0.00393806
-0.10687467
0.36626881
-0.35196720
0.30546554
-0.22332376
0.22417502
0.14489377
-0.08141001
0.13047268
-0.21323830
0.41692283
-0.10224966
0.49593404
0.16671817
-0.05573962
-0.14689491
-0.07628502
0.05064967
-0.11465399
-0.13596472
0.25921825
-0.11501667
-0.11564878
0.16767546
-0.34567551
0.05713439
0.35376772
-0.04134830
0.35586057
0.03089241
0.00235790
0.02130600
-0.15056408
-0.48212011
0.19219213
0.18474708
-0.15941234
-0.11730095
-0.09334391
0.23161708
0.01138327
0.28412930
-0.10065797
0.14179480
0.16695939
-0.47266785
0.20440133
-0.06121389
0.39911534
-0.02342212
0.33790549
0.03764882
-0.40308158
0.23346700
-0.01895660
-0.14216376
-0.65308585
0.16900247
-0.23170086
0.21467463
0.11851090
-0.20527368
0.17925702
0.03880982
-0.18010020
-0.11483060
0.21090108
-0.43291542
-0.46097974
-0.10801456
0.13991563
0.32543362
-0.36205685
-0.05282438
-0.03680262
0.20709108
0.11363139
0.27707516
0.36228543
-0.07528410
-0.07899770
0.38955960
0.06306128
0.31751338
-0.31901452
0.05434875
0.62501756
-0.12865426
0.28346037
-0.10378251
0.29023567
-0.25054348
0.02631877
0.58839759
-0.11308110
-0.08777649
0.25018460
-0.38221993
-0.24368144
0.38122779
-0.16800223
-0.44573550
-0.23664808
0.00331810
0.13229475
-0.03612272
0.31499326
-0.15574564
0.23047876
0.16444593
0.10662415
-0.12310132
-0.15211321
0.11829656
-0.10603125
0.16367061
0.10025670
0.10689821
0.09785478
0.08151166
