0.21626496
-0.02182548
-0.41967272
-0.39538628
-0.01103641
-0.30151370
-0.39890339
0.15057460
0.07822664
0.06166121
-0.02102714
-0.12142685
-0.08291348
-0.05149285
0.04704583
0.36893462
-0.06980179
0.15729707
-0.08308116
0.10449982
0.13239686
0.09482835
0.10403390
-0.03581961
-0.06102461
-0.18247512
-0.57062929
0.25314974
0.05117782
0.25849632
0.33874363
-0.05223654
-0.48031698
0.12475252
0.21243386
-0.10452840
-0.38788800
-0.07773604
0.05284113
-0.31266009
0.04189754
-0.16250667
-0.13667775
0.48496374
-0.10373881
0.24956759
0.19633560
-0.03007062
0.21978824
0.03370177
0.45762803
-0.13114074
-0.42522411
-0.19274735
-0.11011310
-0.09366101
0.05882018
0.21805194
0.48039683
0.08517295
-0.15710678
0.48195736
0.00211961
-0.01075764
0.17622025
-0.16416681
-0.01942474
-0.11614780
0.01521587
0.27082364
0.41988692
0.18449348
0.05368340
-0.06040520
-0.16683363
-0.18973464
0.05922437
0.00442688
-0.06391124
0.25449977
0.30768978
0.18533515
-0.32969808
0.20866301
-0.17993176
-0.17589045
0.21472929
0.19231286
-0.05506187
0.24590365
-0.06305223
-0.25686213
-0.11090788
0.15149052
0.26039667
-0.01089911
-0.02239121
-0.08867389
-0.00228081
0.11296080
-0.26428620
0.09485902
-0.21084493
0.15573860
0.20569583
-0.00834225
-0.13622348
-0.01792949
0.07627917
0.27753279
-0.24353958
-0.13957761
-0.15542494
0.04975024
-0.02617572
0.13024085
0.03347110
0.30908915
0.35629261
-0.10199772
-0.00703929
-0.17524929
-0.03994093
-0.17028129
0.27908544
0.02239330
0.19696054
-0.21817963
-0.30144815
0.16721335
-0.02276062
-0.03555124
-0.21509080
0.01657149
0.35884468
0.01473939
-0.21523557
-0.09898996
0.31927381
-0.26030069
-0.19545904
-0.86790771
-0.35643158
0.38621282
-0.16598734
0.04010242
-0.55559448
-0.03080155
-0.25681091
-0.21602481
0.13707961
-0.08845864
-0.01542671
0.27734858
-0.03561006
0.04866308
-0.07439206
-0.28602844
0.03918350
-0.08809085
0.50622815
0.10157155
-0.24947712
0.05586004
0.19598958
-0.33479055
0.43761054
-0.10851969
-0.25657518
0.14249254
0.27003841
0.05633665
-0.30564406
-0.26135166
0.52807298
-0.41756757
0.18044784
-0.10527643
0.38098988
-0.13955408
0.27691325
-0.20756300
0.13730025
0.24288759
-0.23253326
0.04173692
-0.02997330
0.18486741
-0.09338558
-0.39636315
-0.54932280
0.20573013
-0.43750255
0.05808768
0.20522517
0.19386547
-0.42722589
-0.20085899
-0.46201191
-0.02675725
-0.07947427
0.44792010
0.12843916
-0.25205348
0.05296332
-0.26003420
-0.58635074
0.10452659
-0.30707925
-0.05123315
-0.14705275
0.20048269
-0.40404726
0.10024605
-0.20013972
0.24745775
0.11689934
-0.07018373
0.14420081
-0.04280955
0.44125332
0.16400666
-0.44059746
0.30766160
0.00122618
0.30083481
0.08689755
0.39290980
0.36378495
0.19561246
0.10454955
0.40134698
-0.42146757
-0.09119336
-0.43968019
-0.34184192
-0.19827258
-0.05033333
0.16094650
-0.26885377
-0.24913876
-0.50111734
0.03336008
0.03732502
0.34972538
-0.15420345
0.04126424
0.42602918
0.22773955
-0.20416425
-0.07012816
-0.15046106
0.11900160
0.01068510
-0.07239590
0.11450070
0.03523878
-0.46857436
-0.08620490
-0.11800276
-0.50555397
-0.13417404
-0.07033174
0.13433511
-0.08815212
0.15389851
0.00273070
-0.11891611
0.26981328
-0.07618711
-0.30406222
0.43049810
-0.22022788
0.25414792
-0.15335608
0.15134706
-0.07477711
0.19088083
0.42915890
-0.14135375
0.01216704
0.09133055
-0.12350499
-0.08654471
-0.71260214
-0.10930989
0.04278107
0.34100060
-0.38238724
-0.02514235
-0.12636560
-0.43593610
-0.18394399
0.05123393
-0.29910172
-0.26144531
0.13153404
0.08526949
-0.02794777
0.34705057
-0.06752896
-0.33474355
0.07848405
-0.01753322
-0.17549383
0.18118482
0.21645113
-0.62919024
-0.37984161
0.03529687
0.02067081
-0.04045458
-0.08504130
-0.37352260
-0.05079555
0.12297812
-0.19602049
0.16806209
-0.00338185
-0.25073178
-0.36398143
0.05271514
0.25132907
0.02757022
-0.04308089
-0.17977077
-0.35218939
0.04924939
-0.28899102
0.01062882
0.05145557
0.23141388
0.11058510
-0.56206605
0.14812398
0.22042548
0.12196255
0.08677386
-0.00688643
-0.56863012
-0.09109539
-0.06163626
0.03927454
0.11654928
0.22338938
0.01501294
-0.16040178
-0.56672168
-0.16988249
-0.35965389
0.23462688
0.22774976
0.13619244
0.61111054
-0.15783695
-0.03623757
0.23803159
-0.34838194
-0.32510615
0.37345671
0.08470236
-0.09977426
0.24105048
-0.06725724
0.28349991
0.14544134
-0.29431124
0.25667967
-0.19573469
-0.11738293
0.02771782
0.40634662
0.34484790
-0.41245111
-0.25490793
0.79095810
-0.16092638
-0.21558839
0.26131516
-0.22446794
0.34858486
-0.29790891
0.17389314
-0.05201052
0.08095666
0.02831237
-0.23579228
0.11736351
0.35160946
0.36060184
-0.18357421
0.22966079
-0.01245842
-0.19690816
-0.17330521
-0.13568779
0.14854083
0.24904648
0.03526484
-0.04213932
0.03462340
0.13505824
0.32928368
0.25161648
0.12754934
-0.15146698
-0.12690471
-0.15534881
0.39921391
0.22134026
0.05259184
0.00213503
0.20972844
-0.18894639
-0.18230438
0.04413976
-0.10839497
-0.26925838
-0.08027753
0.04051290
0.13518379
-0.05182363
-0.10484550
0.06214912
0.18738393
0.43328845
0.30336060
0.11231137
0.09480207
-0.11189689
0.02866058
-0.42294057
0.05950121
-0.07999227
-0.70693705
-0.13060705
-0.21704353
-0.29711100
0.10583974
0.17943364
0.30163570
0.20921431
-0.12557089
0.32563093
0.07353910
-0.00048446
0.51453022
0.15549224
0.17986227
-0.23868745
-0.36523465
0.17811070
-0.21313015
0.09239679
-0.42327877
-0.23701659
0.00089795
-0.16695151
-0.27242935
0.06996882
-0.54907558
-0.30589769
0.40445322
-0.22550537
-0.11758228
-0.01531764
0.18696397
-0.13362381
-0.22672810
-0.04234373
-0.08509681
-0.39830806
-0.09800062
-0.12845056
0.22120402
-0.01887592
0.21267547
0.04321845
-0.13450923
0.07635744
0.38642100
0.03449579
0.03483681
-0.23944166
0.00831440
0.05901261
0.36485768
-0.06474223
-0.22698110
-0.28952185
0.31293293
-0.23723381
0.13339544
-0.30773349
0.23033968
0.05230762
0.36976623
0.15043933
0.03600866
0.04964880
0.19803967
-0.09425230
-0.06214568
0.24841309
-0.41229578
0.01196558
0.17790953
-0.15693881
0.19164184
0.05717541
-0.00306090
-0.11195738
-0.14016038
-0.00653703
-0.10622248
-0.33422734
0.30138466
0.27933611
0.35808581
-0.09829515
-0.51518161
-0.08685858
0.37047915
-0.10294939
-0.11126632
-0.07218091
-0.00566649
-0.22403355
0.05895770
0.00196190
0.17075139
0.04247252
0.13190236
-0.03882186
-0.17457287
0.21680090
-0.16867119
0.15150968
0.39127728
-0.21928718
-0.17962313
-0.48201823
-0.07823775
0.66085650
-0.25835432
-0.18939527
0.02794858
0.04999155
-0.24460884
0.22652441
0.24212767
0.04411849
-0.05826096
0.15298972
0.43850682
0.00162717
-0.32826285
0.18845441
-0.14842555
-0.28278106
-0.06514845
0.05895384
-0.09107607
0.03090932
0.44344583
-0.03001516
-0.04191084
-0.18548719
-0.27618917
0.18967041
-0.43757700
-0.08805050
-0.12523558
-0.02690521
-0.10966147
0.16913246
0.01513760
-0.14079372
0.09416333
-0.20204056
0.12071516
-0.17680555
-0.15036898
0.07527900
0.18981839
0.16589191
0.29897317
0.46270412
0.28667679
0.15498535
-0.08394087
0.83990769
0.18270230
0.28802659
-0.31015111
0.04462615
-0.35801914
-0.06962947
-0.31607104
-0.15406619
0.12082744
0.02110215
0.04181339
0.18603184
-0.13323106
-0.00781194
0.40059809
0.35732366
-0.20744032
0.48352562
0.28226603
0.21565025
0.34611648
0.37798059
0.36225165
0.22694701
0.35397495
0.29508034
0.00058650
-0.25909513
0.42235301
-0.19023481
-0.51334066
-0.19473560
-0.57189175
-0.62451259
-0.74033015
-0.67267219
-1.03578315
-1.23728021
-0.91465200
-0.87666268
-1.10759569
-1.70900392
-1.26480747
-1.40806037
-1.25431942
-1.04998357
-0.80995305
-1.32803057
-0.93570156
-0.56647109
-0.51397747
-0.37341784
-0.26903293
-0.06877087
0.36602382
0.52198189
0.84938550
0.99043433
1.26087619
1.30521159
1.49068917
1.42618705
1.56637914
1.83168830
1.36618035
2.10035832
1.21001212
1.10138819
1.85665997
1.44186189
0.80029159
0.85308001
0.96363674
0.55749376
0.50102755
0.30386310
0.55351999
-0.04092285
-0.05339392
-0.76189290
-0.21406382
-0.34157028
-0.37574149
-0.42967805
-0.83855171
-0.67516975
-0.85510856
-0.82413694
-0.47246207
-0.56332057
-0.50074667
-0.71605105
-1.11072760
-0.37927191
-0.33656286
-0.22851577
0.07669086
0.03818807
-0.28318527
-0.40669990
-0.58636017
-0.21790142
-0.05384913
-0.00673807
0.30960250
0.19657404
-0.15735183
0.10419460
0.65671668
0.50106853
0.29386523
0.65358614
0.23157708
-0.06826074
-0.01171314
-0.21539536
-0.27625570
-0.42407658
-0.21372032
0.44681964
-0.08077729
0.36460911
0.18759259
0.40893909
0.13520564
0.52644629
-0.13997639
-0.09450493
-0.10258726
0.11807377
-0.11965196
0.04848967
0.06827384
0.09070862
0.14178320
0.62878319
0.16910451
-0.09780032
-0.36661288
-0.28024936
-0.26643018
0.00970489
0.33258510
0.03610575
0.17854827
-0.24928800
-0.36473226
-0.60973403
0.08732039
0.16001814
0.41080095
-0.16984732
-0.46104818
0.30159490
-0.22879071
-0.38584881
0.09193153
-0.23276975
-0.25008241
0.08185202
-0.37728722
-0.21169612
0.02653719
0.07918284
0.21262453
-0.06574545
0.39981529
0.18651718
-0.48870178
0.17203586
-0.33671611
-0.08767776
0.06026910
-0.26698422
0.04199639
-0.36379193
0.14695538
0.06499235
-0.03687867
0.09540613
0.05382779
0.09211379
-0.11226966
-0.02784239
0.24005103
0.26478090
-0.30303019
-0.11161449
0.13722121
-0.17257605
-0.06820576
0.47808771
0.03838700
-0.00734299
0.35120932
0.20738991
-0.33933469
-0.07749501
0.17463979
-0.16410073
-0.01980744
0.04297148
-0.35014291
-0.26198322
-0.17478632
0.15119438
0.07837114
0.07678207
0.01084953
-0.03347509
0.11543172
-0.16347394
-0.16921489
0.47741905
-0.41512125
0.48855365
0.24684711
0.04095563
0.17892263
-0.28763741
0.23383150
-0.19352365
-0.19797692
0.38266641
-0.12733428
-0.11898588
0.25757803
0.04876712
0.23902404
-0.15115914
0.02894719
-0.28634310
-0.04557156
-0.20391410
-0.10812071
0.11299785
0.12058379
-0.18125754
0.11239250
-0.04274786
0.19730748
0.17687210
-0.17784982
-0.21941998
-0.25434898
0.45478190
-0.01084896
0.16126285
-0.62210013
-0.17707850
0.06481541
-0.15075922
-0.05965504
-0.20357978
0.18867898
-0.42065933
0.00381217
0.21463353
-0.14520638
0.04663803
-0.46372195
-0.63925624
0.02121395
0.11377116
0.06586478
0.02417999
-0.33920285
-0.53023487
-0.22169175
-0.03306601
-0.14803209
-0.32164893
0.30531300
0.13211303
0.03677793
0.43500880
-0.06535958
-0.14333542
-0.38034943
0.32903381
0.06992374
-0.12544157
-0.02024128
0.17043743
0.14245472
-0.00242894
0.46022471
-0.22116446
-0.10220244
0.39284895
-0.07533455
-0.16336058
0.12009713
0.33598833
0.04272916
0.33714926
0.19862266
0.50722709
0.36501125
0.28534231
-0.05644104
-0.50049540
-0.08035593
-0.18789225
0.27890402
-0.28298239
-0.03203464
-0.04112462
-0.27190819
-0.02345883
-0.36056371
0.15223112
-0.07928401
-0.11406322
0.25947697
-0.22815154
-0.11404363
-0.20474387
0.21493515
0.03034627
0.07273954
0.02855523
-0.00723855
0.25224459
0.28077337
-0.38440718
0.02001194
0.32557437
0.43734997
0.07193185
0.12138584
-0.35846916
-0.19618583
0.06286215
-0.13721460
0.20341197
0.59207576
-0.29373319
0.20103023
-0.08669024
0.11415790
0.02078081
0.18651330
0.27465334
-0.03188385
0.11014999
-0.23508672
0.03500371
0.23053717
-0.25479131
-0.15296884
0.07905890
0.06941788
0.29214235
0.06654503
0.25273178
-0.30005390
-0.06784072
0.37041640
0.08597282
0.29729717
0.06547221
0.24510380
-0.42633610
-0.15295340
0.12328746
0.03704014
0.42254505
0.06971379
0.13506372
0.04480605
0.16448420
0.12370772
0.21541043
-0.22453967
0.08804064
0.34346114
-0.28104326
0.06640323
-0.09115264
0.05606641
0.14223425
0.31757866
0.40245543
-0.02228135
-0.24547536
0.19634230
0.01967422
-0.25129998
0.37710201
-0.11935969
-0.08774160
-0.09042621
0.46046425
0.34847770
0.14118664
-0.33466660
-0.22484380
0.26969928
-0.07370896
0.06776971
-0.00898793
-0.19032826
-0.47614620
0.24061649
-0.10364445
-0.03623374
0.30522803
-0.35602395
-0.01468065
0.28409284
0.18277531
-0.00141008
0.29389628
-0.17569045
-0.13575038
0.08684208
-0.25354519
0.37777722
0.42975762
0.16111662
-0.48063637
-0.18653868
0.06513645
-0.00058748
0.13298712
0.25226390
0.60722459
0.05032643
-0.46860871
0.27903020
-0.06717991
0.07372096
0.10128491
0.16782548
0.02033328
-0.32824111
-0.23960451
-0.04087279
-0.21098377
-0.02284087
0.18364688
-0.12691954
-0.48287351
0.37527471
0.14034007
-0.32571383
0.06331465
-0.16343781
-0.32106652
0.55892234
-0.01493343
-0.04529938
0.14207171
0.25556746
-0.10401695
-0.17083115
-0.07320630
0.13422012
-0.10849730
0.65841433
-0.01852945
-0.16003944
0.05836960
0.01347766
0.05429281
-0.23608787
-0.40950572
0.17903146
-0.34318148
-0.13307239
0.07219131
-0.07008999
-0.18976522
0.18620618
-0.11046226
-0.16421162
0.08551893
0.54803102
0.03874435
-0.49412011
0.06014231
0.20796082
-0.01849626
0.16144277
0.16766780
-0.31410640
0.44887370
0.09851566
-0.14272919
-0.21176531
-0.14179792
0.53218594
0.04705771
-0.05042147
0.12356031
0.36384917
-0.20619946
-0.23814819
0.15892642
-0.00319681
-0.02596266
-0.46696468
0.07466994
0.29641028
0.21176818
-0.02373362
0.01815850
-0.06717359
0.29929509
0.28064627
0.17600789
0.13097046
-0.24657658
0.44559486
-0.11988431
-0.25161617
0.01699929
-0.33051156
-0.20594237
-0.17109949
-0.04151264
0.20492534
0.08691246
0.06813791
0.14716515
0.05067247
-0.11805910
0.21114839
-0.47016454
-0.03423526
0.12671003
0.36216542
-0.02633257
-0.14396893
-0.58398786
0.07306793
0.35672667
0.16691805
0.08253959
-0.12621532
-0.40506713
0.09027410
-0.32173487
0.15949458
-0.10661740
-0.03036598
-0.00361888
-0.25153457
0.09641052
0.30617127
0.26946632
0.03613194
0.15951211
0.28669450
-0.02908079
0.11350839
0.18458307
0.06653569
-0.26357777
-0.41785558
0.56326459
0.11358235
-0.02720830
0.24786945
-0.00423698
0.41464726
-0.29994445
-0.33335823
0.12162291
0.23939070
-0.06546830
-0.07256848
0.17468155
0.21400245
0.15612507
-0.27924655
0.19535234
0.23998822
0.14194306
-0.05378879
-0.05056874
0.04205393
0.02504078
0.37689877
0.29121876
-0.14845503
0.15141621
0.33949926
0.01589220
-0.49857438
0.13391410
0.06067854
-0.22448259
0.13152991
0.06529401
-0.15077869
0.08299665
-0.32913982
0.11327193
0.18743234
0.14927865
-0.08007516
0.02671012
0.25379083
-0.13414900
-0.29260985
-0.41494768
0.03721292
0.11883026
-0.14227791
-0.21276774
0.07927881
0.17675074
0.23892718
-0.25444255
0.20083172
-0.10642913
-0.17172282
0.17178163
0.14835781
0.00533939
-0.30297323
0.18134480
-0.00155852
0.15357795
0.21513545
0.01244294
0.40927262
0.47885898
0.04608156
-0.16882044
0.00323151
-0.14103725
-0.23863914
0.17967347
0.37094449
0.28901751
-0.07754377
0.83663199
-0.05098539
0.21454204
-0.29894777
0.27633267
-0.39439897
-0.47997008
0.21745089
0.65833219
0.38177036
-0.24971727
-0.51079619
-0.00731123
-0.13281041
-0.27693893
0.15055126
-0.04726583
0.22236378
0.04679668
0.24002832
0.00519755
-0.01521516
-0.10062777
-0.02151443
0.50882519
-0.36875715
-0.34823113
0.11328328
0.19248872
-0.16700658
0.15407864
-0.15657720
-0.03391843
-0.09631586
0.14039209
0.24417284
-0.42034151
0.13591688
-0.49583378
0.24123714
0.04979337
-0.02206208
0.17015170
-0.03251560
0.11098899
0.08916667
0.03557609
0.08068926
-0.10298979
-0.35042599
-0.33043699
-0.18527489
0.13787488
0.04383775
0.34926509
-0.45616109
-0.45252502
-0.12018839
-0.07220385
-0.03393064
-0.34148479
-0.30650536
-0.14761207
0.01304768
-0.22540677
-0.21878991
0.02083693
-0.28436304
-0.03920014
0.18580884
-0.04841961
0.06302788
0.53698919
0.07747182
-0.09980051
0.24773075
0.31171927
-0.00834829
-0.19151944
-0.00654931
-0.41057421
0.20776398
-0.08793044
-0.32778864
-0.09434469
-0.07304083
-0.12200429
-0.02668280
-0.21437481
0.24348340
-0.12000620
-0.44759510
-0.49028802
-0.05951587
-0.03563674
0.04625158
0.22155804
0.11910465
-0.21045336
0.14600717
-0.01476753
0.11064829
0.06653882
-0.07665839
0.23215602
0.40497648
-0.27383389
-0.33559183
0.04850118
0.26648226
-0.05708569
-0.13928367
0.37427590
0.11560757
-0.10419660
0.20148971
0.31055538
-0.01198107
-0.09973997
-0.10679823
-0.17679272
-0.28549927
-0.21266042
-0.19706508
0.22112962
-0.28314742
-0.31072838
-0.13242749
-0.08484967
0.06973497
0.23002997
0.18738797
-0.13533093
-0.24673910
0.09590281
0.16922210
0.18392018
0.77409932
0.08783203
-0.03140733
0.15173552
-0.03088822
-0.43583149
0.26813296
0.10657659
-0.28229944
-0.14506215
0.04443129
0.29791775
-0.17665738
0.18675497
0.12405932
-0.16358782
-0.25415715
-0.34694213
0.00218584
0.15652245
-0.41080734
0.38273885
-0.05207426
-0.08301225
0.12397173
0.08285188
0.09589470
0.02629018
0.08212296
0.34028990
-0.00638882
-0.37943771
0.04956516
-0.07232592
0.19880652
-0.72011038
-0.11585626
-0.21425245
0.23295223
0.22348063
0.25953051
-0.00050499
-0.37333980
-0.08111439
-0.15640417
0.18304520
-0.05744687
0.10108755
-0.25006289
0.16345352
0.29797877
-0.30906095
0.10917209
0.10522876
0.34347363
-0.06616867
-0.18372729
0.31687122
-0.14924716
-0.08523910
0.17196827
0.36897138
-0.08400008
-0.18888627
-0.36239460
0.38529252
-0.10595386
0.03485639
0.19690836
0.19232892
0.35892637
0.28432443
0.29507243
0.29621819
-0.01634540
0.44088771
0.33557330
0.30575476
0.09178231
0.41109107
0.07769150
0.10130467
-0.31801025
0.17054239
0.38079786
0.19331171
0.02106863
-0.26894957
0.47607674
-0.31285508
0.17725332
-0.52918305
0.26758064
-0.44003100
-0.37235988
-0.24803177
-0.06640027
-0.28053919
-0.33013021
-0.22710253
0.51547219
0.08738365
0.33635817
0.44076053
0.34281166
0.19560466
-0.19712730
0.13466489
0.02311162
-0.40160559
-0.09584883
-0.11663198
-0.02557456
0.04422554
0.36529531
-0.38857028
0.06808465
0.03084678
-0.32723554
0.09939486
-0.07574244
0.10046622
-0.36747161
0.30915819
-0.01064381
-0.23445131
0.11945553
0.31747590
-0.08029654
0.17626052
-0.24180164
-0.08115601
0.23928087
-0.06717310
-0.04604695
0.25688455
-0.19100346
-0.00427316
0.27722518
-0.05136744
0.31982969
-0.26044560
0.07474885
0.14422113
0.41255305
-0.14819607
-0.56708680
0.17519504
0.23158770
0.22862288
0.01186459
-0.16086657
0.06611981
-0.14931373
0.19460611
0.10125401
-0.54194674
0.26020289
0.26436830
-0.14598812
-0.15647939
0.43227027
-0.01332178
0.49768365
-0.18173047
0.20733114
0.09062032
0.63292475
-0.00202647
0.07241513
0.35737928
-0.25504323
0.10877200
0.08975608
-0.22311131
0.30432851
0.04448990
-0.09171156
0.23455486
-0.20657833
0.57838381
-0.46325831
0.30667745
-0.70568039
-0.11616183
0.52953588
-0.37468412
0.72321158
-0.21654265
-0.16320029
0.55081836
-0.42759111
-0.32259698
-0.20464560
0.08092226
0.28855095
-0.22216926
-0.36266695
0.09502037
0.15795948
-0.21201435
-0.08301291
-0.09688138
0.08159161
0.20601404
-0.09845533
0.58435195
0.01209560
-0.15986080
-0.00681832
-0.06369166
-0.17943189
0.33295671
-0.03120795
-0.05140715
0.12456252
0.00232096
-0.16019875
0.05018792
0.18547773
-0.02841232
0.26989856
0.03756915
-0.16196975
0.13899171
-0.11903489
0.08796407
0.15808368
0.04267136
0.12971988
0.44020061
-0.16696460
-0.47293849
0.12502469
-0.12728774
-0.04238417
0.21578982
-0.04111929
-0.37145551
0.08373743
0.16174970
-0.00461200
-0.04516354
-0.09135045
0.22312770
0.35298240
-0.00035522
0.24429978
0.31876920
-0.20504742
0.12623495
-0.20693307
0.21690895
-0.15196661
0.04947514
-0.32302964
-0.31944468
0.27952982
-0.27802865
0.06411552
0.07661462
-0.07058306
-0.03109502
0.03184302
-0.22405345
-0.26545101
0.02887556
-0.32527866
-0.29070134
-0.12537367
0.08260486
-0.72387954
0.20875776
-0.41973484
0.53029353
0.38864866
-0.15399505
0.20948631
-0.14021522
0.26678405
-0.30203679
0.37036926
0.03358925
-0.17737714
-0.23597180
-0.11743366
-0.13363734
0.42207785
0.04007512
-0.02328995
-0.00493300
-0.13257284
-0.08576622
0.21271076
0.08842379
0.00249197
0.38952932
-0.19384291
0.17530615
-0.48709069
-0.13866397
0.13942944
-0.15710459
-0.18597772
0.59775044
-0.17309770
-0.05200729
0.22266390
0.03965232
-0.34204836
-0.20690224
0.09311902
-0.14370230
0.24399244
0.08369478
-0.10628320
0.36221430
-0.19637292
0.15287953
0.11038531
-0.00231964
-0.35543957
0.14852649
-0.26890712
0.38708688
-0.09238982
0.17856457
0.13163308
0.19144322
0.02903913
-0.38163997
-0.13684133
-0.09558831
0.11365189
0.23054022
-0.33773627
-0.08929930
0.15202737
-0.03298473
-0.16211616
-0.29916494
0.05452678
-0.03556792
-0.19748776
0.08293512
-0.15945019
-0.09566913
0.07130363
-0.29751388
-0.24742269
-0.43243451
0.14495039
0.04380698
0.16425288
-0.00247264
0.52747082
-0.18256703
0.12496084
-0.09006681
-0.35975399
-0.36231439
-0.12535860
-0.11875049
0.11244313
0.19590535
0.07102946
0.16039264
0.17386819
-0.38568807
0.17375536
-0.04230005
0.37845267
0.28516011
0.22186277
-0.40004275
0.04782012
-0.37511662
0.03832269
-0.01508298
-0.02254121
-0.16664817
0.02577755
0.38960460
0.18206868
-0.35463399
0.14862014
0.27520114
0.28394114
0.16272717
-0.13486286
-0.52198211
0.31155896
-0.41376251
0.02508604
-0.06589856
0.22873316
0.15512650
0.16752652
-0.05669280
-0.32423288
-0.25469064
0.20269626
-0.29871878
0.03481970
-0.07709947
0.05155089
0.38528743
-0.05221668
0.46398982
-0.24641368
0.02728740
0.13716186
0.01062884
-0.07707270
0.07069740
-0.06628412
-0.37802959
-0.25926341
0.41010228
0.09319076
0.34827303
-0.38731896
0.52539971
0.40249259
-0.14823647
-0.34974030
0.37273985
-0.06104048
-0.11299145
0.09900457
0.20039302
0.19626644
0.36043165
-0.34480259
0.17028922
-0.54972583
-0.18171031
-0.47739416
-0.26528022
0.21329809
-0.12192688
-0.38162990
0.24835688
-0.12288666
0.08421242
0.19350699
0.16071557
0.04719641
-0.21415257
0.46850543
-0.12346984
0.26818675
0.21290039
-0.23024737
-0.15584725
-0.15575671
0.13079894
0.27404940
0.16935940
0.11995255
0.55178007
-0.32160150
-0.20507273
0.03947080
0.26213755
0.12722679
0.15678864
0.40533391
-0.07910532
0.17686811
0.05837900
-0.04336185
-0.22847047
-0.07383173
-0.17168802
0.15908313
-0.16082098
0.31793265
0.21555674
0.04446351
-0.24919413
-0.21218358
0.09151745
-0.18675981
-0.29973169
-0.15006321
0.19507578
0.15811408
-0.25841375
0.22071027
0.03248941
0.29096710
0.39211582
-0.46326184
-0.47781874
0.37791399
-0.26529764
0.30241748
-0.15587835
0.06445125
-0.36580134
-0.17728229
0.20801698
-0.36671085
-0.12439153
0.06033339
-0.17367708
0.24834914
-0.36310323
-0.10688173
-0.54862772
-0.34496594
-0.19920431
0.12772557
-0.38082422
-0.22766538
0.35955942
-0.10699195
0.06514790
-0.47017573
-0.27404427
-0.22531702
0.21352261
0.41205614
0.05123319
0.07644771
0.60078183
-0.20736330
0.37732382
0.07734804
0.10038840
-0.00634350
-0.06134601
0.06772466
0.15331234
-0.27042271
-0.00770576
0.03544337
-0.15834971
0.52608092
-0.01300931
0.01244266
0.42553276
0.22496027
-0.26659457
-0.19968495
0.27535649
0.01800337
-0.40433002
0.14731539
-0.10480457
0.06189817
0.52523661
-0.19208390
0.05179946
0.28217387
-0.31739235
0.06832115
-0.32511726
0.24170115
-0.13548692
-0.34646439
-0.13103252
0.11476278
0.09999219
0.04235678
0.20161298
0.11516200
-0.45044459
-0.10242002
-0.52815784
0.03243080
0.27894599
-0.16106426
0.14945161
0.09612560
-0.47596193
-0.15566224
0.19039418
-0.23646839
-0.18080005
-0.20198146
-0.20939206
0.47181134
-0.20800169
-0.23185466
0.27826521
-0.00024546
-0.06240895
0.03309777
-0.35332782
0.41728821
0.38879282
-0.04470587
0.03343008
0.03013526
-0.29359763
-0.36624330
0.09300956
-0.16326293
-0.25221104
0.17470095
0.10440287
0.05970886
-0.12657233
-0.11514663
-0.10737045
-0.29437975
-0.21418484
0.06077716
0.06734899
0.17090909
-0.26643185
0.25283889
0.01322911
-0.03985448
0.34039596
0.15120522
-0.05724454
-0.11890967
0.13796586
0.30099273
-0.11135323
-0.26517487
-0.00987650
-0.30900824
-0.26825154
0.08832593
0.31070740
0.33564374
-0.09798693
-0.04051621
-0.16698664
