-0.03891436
0.20657068
-0.01258115
0.05674653
-0.04239187
-0.36563945
0.31859684
-0.19853113
-0.03168002
0.13590287
-0.10207411
0.24324426
0.27098682
0.12774733
-0.18600946
-0.11919256
-0.03418180
-0.01207374
-0.17935609
-0.31207253
0.06401856
0.25938070
0.23996419
0.36891498
0.14562543
-0.49412221
0.43166609
-0.33989749
-0.24731649
-0.21088104
0.07408983
-0.10879493
-0.04912605
-0.12642367
0.22135349
-0.55375761
0.05376683
0.19817484
0.35538975
-0.02889113
0.30943680
-0.13231447
0.20713314
0.00451483
-0.14071419
0.18051245
0.30882167
-0.12753517
-0.01334334
0.07981497
0.21639937
-0.11529271
0.49690694
0.10325152
0.30404369
0.07759797
0.12891812
0.30316481
0.31829612
-0.09168505
-0.27080099
-0.35563532
-0.15962636
-0.11365938
0.78123669
-0.13181371
-0.43606613
-0.18754966
-0.09694811
-0.05540977
0.16971319
0.13499311
0.27322289
0.30003133
0.52297800
-0.26944126
0.18074245
-0.33921451
-0.05050617
0.19092430
0.28289157
-0.35854981
0.08228107
0.10213890
-0.11306974
-0.21300935
-0.17967251
0.10715549
0.49242834
0.00392141
-0.25076831
0.26897496
0.05390387
0.42367294
0.12590022
0.52086962
-0.39388007
0.05703756
-0.13692213
-0.06823451
0.57471748
-0.17493470
-0.31887556
-0.06927286
0.09483423
-0.03087339
0.21903826
-0.74411634
0.00034790
-0.33902664
0.26512727
-0.12107037
0.31185823
0.48834364
0.17770386
0.02282974
-0.22865481
-0.46865935
-0.20177726
0.03475561
-0.05176111
-0.30014802
0.00998965
-0.01499227
-0.00429595
-0.13993177
-0.17191221
0.19758600
-0.69841989
-0.03317502
0.23249224
0.27062429
0.13982766
-0.06011055
-0.12606928
0.22008014
0.22138893
0.14862553
-0.52008425
0.11392099
0.00501328
-0.21788756
0.18030444
0.35761605
0.02816905
0.04214139
-0.03057640
-0.42095849
0.05770695
-0.35609419
0.12186531
0.34896199
0.52087769
-0.46643613
-0.14389838
-0.25816816
-0.08047999
0.20595967
-0.06337359
-0.26317969
0.07736258
-0.30520956
0.18620304
-0.19559774
0.68814625
0.09252431
-0.16828177
0.21519511
0.16622030
0.14794083
0.08179651
-0.28228434
0.61472154
0.03860514
0.02702809
-0.11620128
-0.05851030
0.24572410
-0.33974369
0.65116446
-0.03024530
0.28273639
0.15316759
-0.15174737
0.18270799
0.11874391
0.03175696
-0.03460262
0.13329749
-0.21498977
0.07892595
-0.21189854
0.00703028
-0.13048182
0.36561850
-0.32113480
0.07437857
0.07282498
-0.14585689
-0.31646142
0.50664886
0.05659914
0.13646650
0.03103382
-0.19816687
0.02322771
-0.26962777
-0.21150267
0.07893910
-0.12009411
0.05728142
0.06652561
0.02638234
-0.19536422
0.27580243
-0.39385348
-0.11500562
0.03488818
-0.24973777
-0.41972952
0.36805744
0.15720887
0.16405453
-0.15769625
-0.02374748
-0.11757454
-0.24326224
0.13945395
-0.08009882
0.25061528
-0.17516930
-0.00053342
0.31743272
-0.24520946
0.12427669
0.22047558
-0.21073062
0.05787599
-0.55947976
-0.09883359
-0.19261993
-0.28991478
0.48506082
-0.26222764
0.07433013
-0.15990906
-0.05734484
0.05727290
0.41433966
-0.03020164
0.37137959
0.01217341
-0.29620611
0.13005592
0.00944336
0.38547220
0.37349862
0.05886673
-0.06345709
0.14570295
0.04397936
-0.04010607
-0.13390610
0.35903763
-0.05398283
0.15333578
0.24828951
0.09646752
0.47401914
0.05263901
0.29327313
-0.38333995
-0.02058096
-0.08562465
0.65416641
0.01062600
0.19533553
0.09287042
-0.06737296
-0.64385444
-0.11417024
0.03430693
0.49212241
-0.13123579
-0.00951970
-0.35319343
-0.03329675
-0.09489426
0.24378057
-0.15839888
-0.38017166
0.08871319
-0.01380683
0.04601966
-0.53061508
-0.11919405
0.50147022
-0.06527484
-0.30197970
-0.25798736
0.09781627
-0.18641166
0.06056165
0.32444822
0.22456513
-0.01387882
-0.35366859
0.01851302
-0.08354096
-0.00224283
0.00672677
-0.09354960
0.00388390
0.26767774
-0.24931293
0.31457085
-0.06576457
-0.09205120
-0.03277035
-0.19867788
-0.13660048
0.08008078
-0.15044863
0.25353244
0.03031409
-0.06661823
0.00310291
0.02245744
0.02582435
-0.84641994
-0.40016770
-0.27277137
-0.35519296
0.11213021
0.16893487
-0.05091436
-0.00808610
0.42084499
0.28567204
0.07998065
-0.04870633
-0.51426534
-0.19760376
-0.11184612
0.07151140
-0.15298896
-0.01038030
0.01145233
0.03235901
-0.03402009
-0.26176179
-0.06309627
0.13742655
-0.02911530
0.45181066
-0.06661447
-0.02577059
-0.46520066
-0.31040857
-0.01376625
-0.59610337
-0.00960857
-0.15727503
-0.00284604
-0.45616636
0.07936608
0.37750092
-0.24628806
0.05998336
-0.38941489
-0.04920879
0.14371665
-0.14849800
0.08057239
0.39274914
-0.05504322
0.32537825
0.14676191
0.08579570
-0.02729350
-0.08455458
0.50806461
0.21332582
0.10113880
0.47041557
-0.00021382
-0.13614580
0.08213564
0.02624293
-0.27283753
-0.03157616
-0.00797122
0.13843931
0.20220283
-0.17633303
-0.40011624
0.17201841
-0.38264045
-0.30317137
0.22507362
-0.14894615
-0.18835894
0.19435818
0.22458214
-0.18833664
0.43815575
-0.50880588
0.00777780
0.02131852
-0.32992135
-0.11226855
0.03287969
0.14035646
0.30195488
0.21887282
-0.25746898
0.10052620
0.31550399
-0.20641689
-0.01815277
0.08475668
-0.53982261
-0.45466121
0.23206352
0.40539817
0.49775974
0.14955535
0.15005895
-0.18960411
-0.14581498
-0.15293017
-0.40788567
-0.15780182
0.19499163
0.33982821
-0.16645682
-0.35363874
-0.11083806
0.24915837
-0.17239804
-0.10143195
0.36225736
-0.30548936
0.19446204
-0.08361793
-0.21044178
-0.26602138
0.26327955
-0.32854652
-0.00782825
0.36852569
0.31774569
-0.16729478
-0.05004007
0.53921905
0.24866138
-0.11151470
0.24480068
-0.11896312
0.07889112
-0.13307759
0.23067771
0.08498628
0.00207677
0.08048042
-0.06374088
-0.27318167
-0.03410551
-0.07418521
0.10209679
0.72363126
-0.23142391
-0.17716285
-0.23887284
-0.25436601
0.13114832
0.00656941
-0.01481670
-0.40171247
0.10349982
0.27391996
-0.16192814
-0.55993868
0.28550938
-0.22148074
-0.35650851
0.10594215
-0.16671435
-0.23175649
-0.48059456
-0.10931751
-0.12065778
-0.15745165
-0.07707306
-0.39137271
0.49662755
-0.32031774
-0.37496767
0.23254532
0.31551331
-0.02640670
-0.16186547
0.18260512
0.28232279
0.18831483
0.12145767
-0.09274640
0.00833536
0.24921559
0.42098664
-0.30411282
0.28603207
-0.16712171
-0.33945735
0.39951390
-0.04654458
0.00771341
-0.31627930
-0.33313817
-0.09798031
0.20641731
-0.54859693
0.14672538
0.56742552
-0.27440621
0.47906313
-0.11838928
-0.23134946
-0.01731058
-0.14150893
-0.44803060
-0.23644578
-0.30627871
-0.11475625
-0.40480236
0.43582619
-0.28915743
0.13070593
-0.06824182
-0.52388905
0.03087342
0.04770986
0.13997114
0.23451610
0.22820437
-0.11349224
0.07769294
-0.18621566
-0.40593125
-0.59577870
0.09566900
0.33964350
-0.26212506
0.09455705
-0.01582577
-0.21578587
0.28188991
0.17083222
0.07907522
0.16863177
-0.40477203
0.01568366
-0.09300512
0.19769162
-0.50669673
-0.16469872
-0.31383875
0.31376642
-0.19147408
0.02814663
-0.23835147
0.46262860
0.07726896
-0.10760169
0.08596681
0.11603021
0.37159452
-0.01346529
-0.20006496
0.12655782
-0.25408525
0.17900699
-0.10675959
0.25526121
-0.14383585
0.39592344
-0.03764595
-0.12125093
0.21610720
-0.31052199
0.29864724
-0.15874980
0.34121486
-0.41235928
0.01229039
0.15447084
0.43020945
0.07281524
0.09022366
-0.11457912
-0.00083462
0.10225551
-0.52190672
0.25729691
-0.43012854
-0.11128928
-0.01306055
-0.06234958
0.05771502
-0.15327904
0.17875334
-0.28061435
-0.04245672
-0.01863423
-0.21759714
-0.18585723
0.20718831
-0.26790505
0.11589716
0.14164468
0.41727170
0.09408185
-0.35283697
-0.41375674
-0.03226733
0.13920300
0.36134865
-0.17421567
0.05187365
-0.02250613
0.32586363
0.35061297
-0.19187660
0.00057509
-0.17323803
0.09226199
0.24782760
-0.40623689
-0.24510448
0.18225330
-0.04527111
0.16005583
0.22596539
-0.02834793
-0.01551551
-0.01318849
0.04905535
-0.23606850
0.27928658
-0.07225568
-0.38777258
0.26156794
-0.37708854
0.09264777
0.11073977
-0.28413614
-0.22363670
0.01417277
0.30485663
0.24030127
-0.38781333
-0.05672666
-0.23243769
-0.35284030
-0.22179837
-0.08837983
-0.42135192
-0.00153443
0.07166489
0.21378823
0.26751731
0.38857580
-0.10392103
0.30054176
-0.27570210
-0.05869841
-0.19536288
-0.15846281
0.40188775
0.14164975
0.14625547
0.27379854
0.23338888
-0.00953002
-0.00945732
0.00372104
0.00676422
-0.06443158
-0.10999139
0.29836597
0.10867473
0.10191882
-0.45822874
-0.22733593
-0.05869390
-0.44796505
-0.29862120
0.39906087
-0.00985158
-0.08036096
-0.01519137
-0.41588595
0.30968171
0.16275632
-0.06150941
-0.00884566
-0.01252860
-0.06268922
-0.08153691
-0.19701375
-0.21817663
-0.08529043
0.17563806
0.21502976
0.17932757
-0.22850525
0.01654388
0.22924502
0.51781183
0.37243705
0.20575941
0.19946777
0.28243435
-0.04556548
0.70958056
-0.07600255
0.66517308
0.26530870
0.33499650
0.02472462
0.12375483
-0.04634808
-0.34467678
-0.38919322
-0.36685217
-0.54766247
-0.39535725
-0.94204941
-1.09140448
-0.87861186
-1.46328075
-0.74468146
-1.43426329
-1.44265875
-1.38192266
-0.57425538
-1.20004759
-1.57879437
-1.73245713
-0.78972957
-0.70243993
-0.77633522
-0.52958838
-0.13061326
-0.05468274
-0.09698724
0.19226739
0.49006348
0.29950356
1.11472214
1.50257568
1.48795746
1.57121877
1.50424597
1.82781642
1.81280107
2.08062914
1.61621437
2.00865714
1.58308657
1.54768156
1.62563128
1.26069196
1.14511787
1.05615664
0.61249801
0.69878375
0.23562818
0.12311256
0.08133925
-0.11696310
-0.13607579
-0.23810818
-0.36392134
-0.94623942
-0.52484110
-0.89150788
-1.09669782
-0.63852853
-0.87838664
-0.38809325
-0.81669757
-0.75093145
-0.25861544
-0.74077083
-0.52681344
-0.83892375
-0.18684295
-0.18447398
-0.52495900
-0.63282156
-0.22956515
-0.20480452
-0.29251817
-0.26849850
-0.16807107
0.29583622
-0.02332167
-0.05377883
-0.29621541
-0.05374665
0.08139575
0.01312569
-0.02699019
0.40590809
0.18140772
0.27430170
0.30026741
0.31504327
-0.35635306
-0.15619354
-0.09752726
0.19450461
-0.36803777
0.12169986
0.08704097
0.24595740
0.19868483
0.46911335
-0.46852261
-0.12510680
0.18425584
-0.07205092
-0.40582009
-0.00883886
-0.09573323
-0.20535433
0.48592923
-0.14569440
-0.25259465
0.15219564
0.16258837
-0.24100890
-0.37548858
0.23704386
-0.01177109
0.24918220
-0.21743024
0.02366161
-0.14804890
0.18972743
0.14881229
-0.25273426
0.39374746
-0.39397731
-0.19435937
0.09096761
0.12057878
0.08424445
0.02461815
0.72789749
-0.06754905
-0.37603198
-0.33010133
0.01974533
-0.25313541
0.20229511
0.43845150
-0.63023724
-0.41377260
-0.02405713
0.23057412
0.05740028
0.39923975
-0.36000369
-0.14499796
0.19392553
0.05891228
0.18780008
-0.18036715
0.00242942
-0.19420398
0.36138634
-0.36247010
-0.01251151
0.03583580
-0.35513915
-0.47156911
0.62717095
0.06364966
0.07266315
0.20088276
-0.18534443
0.57486132
0.10472642
-0.03573371
-0.06831485
0.15010812
0.11827318
0.10549167
-0.42369710
-0.93362920
0.04251377
-0.30121566
-0.14740117
-0.17073564
0.28857441
0.27302689
-0.31453540
-0.15787445
0.14141235
-0.22942331
-0.24115190
0.69151657
0.09118081
0.24932000
-0.42701144
-0.44453438
0.27347549
-0.09426694
0.03546414
-0.24280566
0.22462223
-0.19149662
0.05281105
0.32666853
0.28021791
-0.06550496
0.13996764
0.09330311
0.05511730
0.18981347
-0.40936841
0.28851064
-0.25852441
0.03393422
0.03323134
0.11037425
-0.38461411
0.23974086
-0.17785268
0.49247577
-0.44700864
0.39164117
0.52210937
-0.40378927
-0.36170870
-0.22239365
-0.10094645
0.34612466
0.07143323
0.31540857
0.17151297
0.13150767
0.24772255
0.17308120
0.23926585
0.07684225
-0.34155780
0.13090034
-0.35947732
0.26566407
-0.03415297
0.25647991
0.04980660
-0.07390769
0.10403273
0.11002148
-0.02807187
0.30293865
-0.22257793
0.00678204
0.39340082
0.05309103
-0.56005474
-0.51485735
-0.39979409
0.28316925
-0.46239110
0.11124502
0.34129108
0.69159670
-0.11119790
-0.19521040
0.01854768
-0.31164640
0.16465057
0.26627987
-0.04491021
0.29027936
0.34494887
-0.39418664
-0.14711366
-0.08943008
-0.01203841
0.21940685
-0.00495345
-0.70685057
0.10368933
0.14438717
0.08475502
-0.18001605
0.08017857
-0.06271133
-0.02830036
-0.35327103
0.45856163
-0.03441949
0.51801269
0.26871453
-0.26385883
0.41449374
-0.19898696
-0.27677974
-0.05700291
0.26292768
0.21136016
0.33803292
-0.74768024
0.15552335
-0.17962397
0.44781653
-0.21339004
-0.12066819
-0.15814381
0.24291687
0.14512747
-0.17064600
-0.10692873
0.11499802
0.27071848
-0.01473185
-0.32580804
0.08873958
-0.12694043
0.69148805
-0.20488086
0.13597822
0.22203212
-0.02998758
0.13495743
-0.13978231
-0.17039029
0.20232186
-0.61792696
0.18847086
-0.00952674
0.03865294
0.21753191
-0.02537073
0.30952611
-0.34417662
0.09456267
0.01647134
0.19453856
0.50783367
-0.47472585
0.21831078
-0.20224250
0.06019242
-0.01039826
-0.23604838
-0.14463128
-0.02618559
-0.13719526
0.05618599
0.03750201
0.03450807
-0.25946540
0.44663281
0.14407343
-0.10110440
-0.08283450
-0.63206819
-0.28635972
-0.19047294
-0.05235651
-0.19682161
-0.05174747
0.17156257
0.07878870
-0.10838230
-0.46272797
0.21178675
0.42947151
0.15372113
0.16707540
-0.10212677
0.38325540
0.10819000
0.16234012
-0.35545071
0.09651120
0.13506639
0.11823061
-0.17482522
-0.53063317
0.31539587
0.09115028
-0.08020191
-0.39870576
0.32004510
0.04134985
-0.13099460
0.32850299
-0.16917125
0.00889729
0.40940022
0.00384511
0.14228375
0.14748846
-0.52636907
-0.08230611
-0.10176572
-0.20757099
-0.22817061
0.13181924
0.44644928
-0.09869696
0.19278224
0.06085604
0.29155657
0.19799995
-0.57763651
0.20015583
-0.26563559
-0.63674479
0.63889693
0.15261717
0.46834809
0.31861285
0.34500533
0.24011420
0.09007937
-0.05065545
-0.07689065
0.21200747
0.07063044
0.29943809
-0.00469090
0.31151007
-0.05118250
-0.01429637
0.19930166
0.27414020
0.06923945
-0.26026600
-0.05304218
0.35797291
0.26588082
-0.06561211
0.05451265
0.28583300
-0.36668782
0.29288635
0.41602417
-0.10061079
-0.32370731
-0.16637682
0.12209097
-0.10867572
-0.23840286
-0.31065539
-0.20351097
0.31913360
0.23877653
0.22549575
0.08177759
0.34030538
0.24665614
-0.05250533
-0.10142112
0.15077494
-0.08058434
0.40527693
0.09091555
0.12732632
0.04729812
0.01269897
0.32287177
0.09241638
0.26722953
0.41702291
-0.20498799
0.36321530
-0.19585226
-0.09977663
-0.48325489
0.26481858
-0.01374959
-0.42644965
0.25925449
-0.09584191
0.40331742
-0.12602622
0.06823176
0.44198200
0.19123510
-0.51230276
0.24044948
0.27926592
-0.35075324
0.08290834
-0.36146324
-0.06954325
0.44448870
-0.11781292
-0.17086263
-0.10828206
-0.22825076
0.07360519
-0.40339095
-0.10898798
-0.03435375
-0.15744411
-0.06103135
0.19209888
-0.03064052
-0.44481646
-0.27175004
-0.02760867
-0.19188977
-0.05757501
0.03693950
0.11179746
0.01202187
0.30832762
-0.24029652
0.43518483
0.37884512
0.36583311
0.14835859
0.06133200
-0.22332118
-0.18756469
0.18108911
-0.30062527
0.05670806
0.25530461
0.05992583
0.14219801
-0.62082375
0.12186916
-0.48516956
0.40050194
-0.30676100
-0.12001425
-0.18726771
0.30360470
0.17111124
0.23883394
0.41233726
-0.00671180
-0.15042917
-0.01552916
0.23330304
-0.72051072
-0.01303875
-0.13930688
-0.05368925
-0.10386456
-0.06244895
0.26913327
0.07442907
0.31387059
-0.03616577
-0.54038680
0.32365142
-0.28664264
0.25979770
0.55370060
0.21771188
0.31839694
0.08333967
-0.09020306
0.10310868
0.61830028
0.04656070
0.23999305
-0.09060292
0.11719134
-0.12004144
0.87829146
0.36390104
0.27053144
-0.15539948
-0.26839915
-0.05552784
0.48295681
0.27512178
0.31592614
0.10927303
-0.02270960
-0.01614810
0.02891583
-0.26449797
-0.29511967
-0.43556407
0.15904299
-0.21924549
-0.04392829
-0.06416137
0.13668317
0.02764240
-0.03059737
-0.15550291
0.01341849
-0.04098945
-0.03468333
-0.24124612
-0.33212462
0.43333290
0.23427584
-0.23705645
-0.06336484
0.39301541
0.02873591
-0.38502387
-0.02522279
-0.36496134
-0.06098695
-0.15060570
-0.56336520
0.39858156
0.03539409
-0.06856198
0.28623061
-0.04024981
0.14667434
-0.04630678
-0.33220017
-0.27888466
0.03409244
0.24130738
-0.02085093
-0.05919298
0.12173759
-0.11125158
0.09860669
-0.15406505
0.33827535
0.27830530
-0.39868938
0.00944985
0.25315110
-0.17248180
0.21953061
-0.15898889
0.03612104
-0.05104987
0.35005760
-0.53611691
0.26771632
0.10958185
0.14615340
0.06170459
-0.01148965
0.52634547
-0.07118274
0.00010281
0.27314376
-0.12323333
0.44131967
0.03965828
0.25983303
-0.03449884
-0.14996899
-0.45675193
0.08833248
0.19405066
0.03140605
-0.02467027
-0.07473833
-0.56265286
-0.42386509
0.06736970
0.52382524
-0.32235198
0.26440852
0.31423738
0.38850646
-0.28994614
0.29246780
-0.19868378
-0.08858792
-0.05619361
-0.08108638
0.09693761
-0.04693052
-0.38253206
-0.13217013
0.27417076
0.21040541
0.45581713
0.11362000
-0.23810624
-0.24140055
0.06113836
-0.35849001
-0.08549722
0.01303022
0.21169288
-0.03711543
0.05049230
-0.03531380
0.22965447
0.10692543
-0.18881715
0.12589450
0.31827907
-0.01780102
0.16796195
0.03850543
0.06833083
-0.10286535
0.03969438
-0.47906056
-0.36415456
0.27533919
0.09837586
0.21327403
-0.02009455
-0.10411868
-0.06897628
-0.15014504
-0.06778644
-0.05103367
0.28575138
0.42814031
-0.59992217
-0.35476460
0.04444949
0.24447071
0.26716368
-0.01651500
0.22952692
-0.25800046
-0.04931697
-0.54011622
-0.27152027
0.34339179
0.09386974
-0.09708739
0.37301519
-0.08055915
0.19564396
-0.07486511
0.13539232
0.09978096
0.22120505
-0.00238259
-0.09347545
0.20363618
0.32222110
0.27196973
0.02580837
0.03764298
0.07435433
0.39910152
0.25386115
0.01433790
-0.19753149
0.45390501
0.17185354
-0.57769618
0.12850376
-0.17724722
-0.30724658
-0.00722902
-0.13827557
0.03445529
0.11032722
0.15700596
0.16245759
0.18428314
-0.20555878
-0.07368560
0.15995243
-0.02747832
0.00465814
0.17541854
0.06821475
-0.28501043
-0.09703530
-0.13383742
0.15849746
-0.07568865
-0.03208512
0.24148717
-0.34490644
-0.28154371
0.09494877
-0.02176131
-0.04009932
-0.65642378
-0.21131104
-0.08147976
0.01551065
-0.25528300
-0.02505693
-0.28483167
-0.15503044
0.32980416
0.45825987
0.46759328
0.14685464
0.12047198
0.29651734
-0.18075035
-0.21887583
-0.19535062
0.17573926
0.23034536
0.37787696
0.03426976
-0.01535460
0.03315690
-0.24449317
0.29031300
-0.36351037
-0.07161757
-0.16359020
-0.23570370
0.28046234
0.77083577
0.27714156
-0.43298176
0.90670883
-0.36787448
-0.45077475
-0.14131744
-0.44635116
0.01842416
0.06438733
0.45259023
-0.23350913
-0.17980470
0.01254093
-0.46477169
-0.08807437
-0.00799188
0.32649852
-0.16126603
0.27623678
-0.41608977
0.16501363
-0.03657292
-0.02910980
-0.23253570
0.35446018
-0.50344560
0.21974182
0.46013448
0.51947153
-0.16054620
-0.25394779
0.06190174
0.03804184
0.55684008
0.18711740
0.02366591
0.05019893
-0.01253772
0.28858124
0.28235352
-0.16826516
0.28732537
-0.01769128
-0.09360571
-0.31774496
-0.29964048
-0.33536739
0.13919788
0.25619094
0.19406639
0.18637923
-0.30994696
-0.09339970
0.37367531
0.46235367
-0.05785285
0.13386775
-0.17873092
0.02663410
-0.40734555
-0.32186157
-0.49165379
0.33907885
-0.00785734
0.47606875
-0.23287477
-0.14989139
-0.14324139
0.10560486
0.47522991
0.12438393
0.05194133
0.37848065
-0.05765820
-0.33963828
0.19386859
-0.15944251
0.04481052
-0.12377363
-0.12147349
-0.18192364
-0.09599985
-0.57145732
0.17858521
0.08548371
0.00579508
0.19043951
0.16710325
-0.33024037
-0.29944890
0.10360953
0.13276470
-0.48236592
-0.04262596
-0.19313573
-0.36184550
-0.11284170
-0.45460383
0.42499722
-0.08335740
-0.07338427
0.13997376
0.07346795
-0.62545567
0.00617942
-0.30168480
0.16291596
0.17545359
-0.64553641
-0.09581541
-0.15290573
0.10175438
0.18215336
0.20228054
-0.25183295
-0.13217886
-0.34580147
-0.14168449
0.32108914
-0.46732679
-0.23773848
-0.41678131
0.03269298
0.21099049
0.11409027
-0.21106013
0.06168524
0.20239014
0.18063054
0.08819740
0.32813903
-0.08373426
-0.19832383
-0.04362308
0.42234771
0.04450897
0.52775012
-0.10438564
0.03387909
0.26170225
-0.24773144
0.36435700
0.00766124
-0.53216557
0.33819962
0.03953999
0.02797364
-0.09820702
0.16224331
-0.11474100
0.19812970
0.05865323
-0.21427052
0.22535552
-0.07756007
-0.07499288
-0.52093216
0.22422355
-0.07917403
-0.15948972
0.13192166
-0.10998216
-0.42275045
-0.45179662
-0.46540725
0.21794840
-0.33289702
-0.22027579
-0.05150240
0.20264141
-0.07702336
0.18092721
-0.11284226
-0.31744885
0.36480960
0.09423563
0.14448827
0.22325532
-0.07779488
0.39405461
-0.29316713
-0.32430226
-0.19693297
-0.21538747
0.03384320
0.05778972
-0.21713367
0.08019951
-0.30160765
-0.14193490
-0.39414074
-0.43365820
-0.10339729
0.32760359
0.14850768
-0.21435122
0.03809554
0.26078543
0.21162878
0.24429760
-0.08307776
0.01207343
0.06949124
-0.05955088
0.20606103
-0.52372586
0.18339338
0.22583325
0.07120132
-0.34412961
-0.42755065
0.09923386
0.37440337
0.08136801
0.22186823
0.45739183
-0.07188968
-0.06550621
-0.09598930
0.10147936
0.02480222
-0.41484262
-0.09812981
-0.13287072
0.22379869
-0.08227512
0.10431526
-0.19269952
-0.28724731
0.03818844
-0.23068084
0.62774275
-0.05668011
-0.45501817
0.10138885
-0.03315917
0.29091551
-0.39524888
-0.19747823
-0.02575853
-0.49111414
0.43976448
0.09975368
0.12628859
0.20140219
-0.17353038
-0.30599588
0.00412066
0.03971902
-0.06848515
-0.22442127
0.12411170
0.03768876
0.19062070
0.37072110
0.12382210
0.11214265
-0.02249274
-0.06229025
-0.02128009
0.11157538
0.36993687
0.16770997
-0.00180011
0.16168735
0.41333753
0.19964431
-0.05666838
0.27177719
-0.16990178
0.35689768
-0.11239196
-0.10070186
0.38929747
0.04450339
-0.26472487
-0.30241257
0.29476528
0.07325297
0.07835943
-0.78665207
-0.37448937
0.14072501
0.13572586
0.15389724
0.06813886
0.08518245
-0.05578698
0.07409121
0.55828573
-0.06801827
0.13456364
0.22328565
0.25307382
0.46150071
-0.36213264
0.62405090
-0.46670391
0.44067550
0.15692474
-0.01501449
-0.14969174
0.05080650
-0.20217510
-0.05943429
-0.13132681
0.12165477
0.17007454
-0.21950742
0.01371230
-0.06759764
0.14934888
0.52147786
-0.38096464
-0.04100654
-0.11280627
0.36853301
0.48777105
0.34439860
-0.08537632
0.02616280
0.00272977
0.40252336
-0.09355219
-0.23674703
-0.02404243
0.57898236
0.49435700
0.16338166
-0.21096791
-0.18426095
0.19163841
0.10401633
-0.24502001
-0.24142526
0.15733203
-0.23393587
-0.29890235
-0.31653484
-0.28903846
0.07110657
0.09864239
0.08945151
-0.08235815
-0.15935225
0.17489623
0.23042778
-0.05291246
-0.10986474
-0.02921278
0.06976352
-0.22581670
0.17521126
0.56469020
0.10680147
-0.24792139
0.00539340
0.22430331
0.30569147
-0.06885049
0.00161833
0.04640278
0.22297130
-0.02120930
-0.08744171
0.18058179
0.09455102
-0.19700081
0.11352621
0.48672594
0.17744207
-0.04140389
0.52040728
-0.45797960
0.24917134
0.42249646
-0.17211333
-0.52789069
0.31999763
0.04037032
-0.00317641
-0.30968652
0.32806773
0.19766661
0.41652839
-0.14456377
0.27271987
0.46186240
-0.12705244
0.50988717
0.36083077
-0.17336061
0.14873285
0.34266332
0.17857308
-0.08358866
-0.34234536
0.50875447
-0.05890102
0.16533094
-0.17997258
0.12875655
-0.10446478
-0.08619123
0.28176648
-0.25165565
-0.45372600
-0.55408626
0.00522382
-0.38870906
0.05280463
-0.12923936
-0.12837425
0.21665808
0.33283206
-0.01916164
-0.29997328
0.08598987
0.14978116
-0.09572042
-0.42651790
0.26224915
0.00574568
0.20363578
0.26763027
-0.26068723
-0.10787189
0.47121556
0.20509468
-0.15304605
-0.09047956
0.45378858
0.21869810
0.12503429
-0.14406329
0.14535711
-0.15277583
0.37418003
0.40937715
-0.21387529
-0.36778948
0.19470206
-0.12027864
0.05579703
0.17118524
-0.17209570
0.07669323
0.33653524
0.29814751
-0.47034957
-0.20777307
0.16556286
-0.02172721
-0.43857262
0.11556916
-0.29731591
0.15136321
0.41135278
0.36078918
0.24240736
-0.01148988
0.02145746
-0.04567613
0.03002853
0.09512753
0.20216084
0.12425310
0.64057692
-0.31368924
-0.26316821
0.22444687
-0.09919955
0.05952582
0.72309894
0.23514567
-0.29041688
