0.05625012
0.08432413
0.12475533
0.33000145
0.23222255
0.05228822
0.09573643
0.08656606
-0.00006312
-0.06286499
0.18572752
-0.30063770
0.22463636
-0.03397386
-0.12348431
0.05521741
0.17475263
0.23046482
0.01428727
0.08578600
-0.02092639
0.05721166
0.38013461
0.06268042
0.25174336
0.21239567
0.24557442
0.20354231
-0.06470983
0.00461558
0.22094110
-0.11383310
0.42702695
-0.35249913
-0.10243640
-0.29112776
-0.09238340
0.11377499
-0.21286910
0.06633460
-0.05013477
-0.11283291
-0.05428851
0.20594015
-0.10418923
0.39381146
0.11900935
-0.06974542
-0.23665663
0.03257881
0.02031662
0.04346775
0.21400000
-0.12519121
-0.05874988
-0.02190601
-0.04408157
-0.02125637
-0.09886459
0.04176179
0.30061994
0.23344100
0.04486850
0.00016218
0.48211239
-0.10661387
-0.11412070
-0.13178159
-0.14286346
-0.15245616
0.10513943
0.07626816
0.03801479
0.04824288
-0.20148492
-0.20134853
-0.24484346
-0.14548170
0.05415925
0.13057927
-0.06494431
0.03163212
-0.15936269
-0.13158695
-0.22536899
0.08487567
0.13134985
0.13714333
-0.06737701
0.14405295
0.30084687
0.21626413
-0.30816248
-0.02540798
-0.18649969
0.10412018
-0.02534607
-0.08460206
-0.04513976
-0.06627342
0.46420539
-0.03904463
-0.05573053
-0.19349834
-0.09532802
-0.00947567
-0.07719599
0.32422612
-0.02235423
-0.29038959
-0.08563891
0.11926417
0.01237244
0.05227565
-0.10724867
-0.37835003
-0.29221551
0.16868758
0.12050804
0.19290572
-0.04562891
-0.02619866
0.35658420
0.06651069
0.07094106
-0.09116938
-0.13086509
0.10517613
0.14920497
-0.11727193
-0.27989903
0.00056460
0.12376106
0.03230445
0.26827054
0.09159595
-0.06186279
-0.06436654
0.00186723
-0.06003846
-0.33845010
-0.00510557
-0.12916977
0.18777049
-0.07712048
0.01844883
-0.16670565
0.09584893
-0.09034418
0.14212959
0.03824371
-0.07881542
0.05510194
-0.13468770
0.33400079
0.17876346
0.00169837
-0.01289502
0.35235169
-0.02264658
0.13852731
0.16039176
0.05144603
0.03699336
-0.16541321
0.08555316
0.04547858
-0.10196158
0.13891660
-0.16497731
0.05189834
0.00604160
-0.29239870
0.04690444
-0.11688811
-0.14680083
0.10968326
-0.06844965
-0.16735186
-0.06846555
-0.01210830
0.07306434
0.01453431
-0.19642534
-0.21843733
-0.29541858
-0.17128579
-0.00220909
0.25905580
0.11482925
-0.13167678
-0.00975498
0.09106054
-0.08252260
0.18753131
-0.02832650
0.16807503
0.13760182
-0.04398375
-0.04266533
0.12571983
0.10072755
-0.04505224
-0.19166407
-0.15598436
-0.22828172
0.01214851
0.07866992
0.26974519
-0.28478115
0.13009616
0.20412444
0.20628850
0.09700597
0.23624146
0.02360386
0.07097570
-0.17221225
-0.12453380
0.21358842
-0.24232219
0.12761699
0.09659701
0.07167882
0.02387623
0.09951448
-0.37649579
0.04876405
-0.15197362
-0.15687663
-0.04192396
-0.08331981
0.25467553
0.19875506
0.27975770
-0.23480136
0.08878117
0.16844420
-0.20730799
0.09900407
0.05282532
0.04558224
-0.12403236
-0.07091972
0.25131934
-0.37997380
-0.06200001
0.09346869
0.16926071
-0.05331148
-0.08668938
-0.00984588
0.13659958
0.24530642
-0.10117698
-0.04904046
-0.15917515
-0.24506328
0.05383432
-0.01764957
0.12572903
0.03167390
0.16681019
0.02645391
0.09618218
0.26410210
-0.09976990
-0.02731774
0.04715708
-0.04895162
-0.26410452
-0.02436280
-0.06199721
-0.07091936
0.00522819
-0.17277067
-0.06030631
0.02283716
0.17485751
-0.13242357
-0.11617833
0.21191711
-0.05626826
0.39611868
-0.03173061
0.21631617
0.09809673
-0.01439002
-0.00625270
-0.25212808
0.09454306
-0.11438772
0.29004408
-0.02042017
-0.02933179
-0.13349065
0.20041391
-0.19160815
-0.06512098
-0.11793527
0.10114711
0.01079693
0.17770707
-0.03475860
-0.05881001
-0.38782049
-0.25838231
0.10147096
0.17059781
-0.19297712
-0.01851119
-0.11839469
0.00119660
-0.22629458
0.07188157
-0.09825279
-0.01709575
0.08076750
-0.09555673
0.21589890
0.00706105
0.13692389
-0.15049061
-0.13090599
0.08477777
-0.12193370
0.00589160
0.32187936
-0.03285376
-0.40736837
0.09966202
-0.05784985
-0.21489116
-0.05730196
-0.00770046
-0.04343841
0.03835695
0.01059030
0.16265114
0.07021602
0.08117876
0.15498106
-0.02608726
-0.05093747
0.12368828
-0.19805545
-0.13099385
0.01712550
0.30936493
0.05965011
-0.02672508
-0.03161682
0.04655695
0.14644926
-0.04597350
0.16113581
-0.06371656
0.13311069
-0.03781275
0.14014433
-0.29644975
-0.40253172
-0.40010803
0.56521756
-0.23075772
0.01272451
0.33214171
-0.23571506
0.16107592
-0.04271004
0.14783824
0.17690156
-0.15854901
-0.05166413
0.10564801
-0.14947474
-0.11341920
-0.01484800
-0.16572902
-0.04502889
0.04419088
0.16663698
0.16177941
-0.15586511
-0.06953829
0.20711292
-0.00214503
-0.05321208
0.18347751
0.15114819
-0.21638004
-0.04622956
0.08685891
0.02860280
0.13000852
0.01534276
0.21482938
0.02886550
0.11937776
0.06238298
0.36857272
0.11073655
0.09952120
0.18128439
-0.01607188
0.15848491
0.00129939
0.14905684
0.27691977
0.35517168
0.16610677
-0.14527326
0.01321735
-0.13026431
-0.00925111
0.00441277
-0.36961588
-0.09781608
0.03941694
-0.06300292
0.09286950
-0.00618711
0.07086021
0.13042626
0.08435865
0.06454433
-0.12661243
-0.13361595
0.26522233
-0.08073764
-0.03564883
-0.15622539
-0.02418298
-0.35765015
0.05464855
-0.20011745
-0.17548434
0.05977066
-0.15198895
-0.10494802
-0.11328888
-0.09482155
0.16851898
0.00669094
0.06594629
0.00018052
-0.20429553
-0.08361510
-0.15733519
-0.11015723
0.26197562
-0.21661583
-0.00128148
0.04647310
0.18469060
0.01004355
0.11008169
-0.23274781
0.18648995
-0.23646548
-0.24449753
0.00533075
0.03164685
-0.00978709
-0.10111007
-0.04657193
-0.17889405
0.18634635
-0.24274711
0.09329889
-0.01670144
-0.05104864
-0.14912151
-0.03959948
0.01211212
-0.07120371
-0.13395538
-0.05987455
-0.18143816
0.07044640
0.11043144
-0.06115864
0.05044407
-0.01792373
-0.16686211
0.18555752
-0.05007266
0.16490432
0.26417571
-0.14907826
0.19849865
-0.06517044
-0.11943805
-0.07774226
-0.13549908
0.10736248
0.25865457
0.12938562
-0.29063257
-0.26027434
-0.11226253
-0.20645376
0.02867422
-0.13762315
-0.06916963
-0.19575826
0.06915552
-0.13654659
-0.08280405
-0.09650958
0.05736189
0.03462326
-0.16178808
-0.15691105
-0.01474572
-0.11485502
-0.16612648
-0.19905050
-0.34072623
-0.23014001
0.08461688
-0.25427209
0.13307925
-0.08119599
0.00242774
0.01128856
-0.07429189
-0.01145491
0.01767269
0.02495330
0.04276719
0.09965657
0.16992749
-0.07281876
-0.21017457
0.03542917
-0.25576499
0.05949788
0.06271067
0.06572413
0.19590269
0.00204112
-0.08096989
-0.45845551
-0.04048421
0.07667290
0.00152534
-0.03956506
0.10902279
-0.18345439
-0.10682450
0.42673649
-0.21587627
0.18721655
0.07717833
-0.02803647
-0.01308491
-0.08716724
0.05270909
-0.00846663
0.12649066
-0.00293937
0.02368258
-0.03655422
0.16183906
-0.23086399
0.09719562
0.18019355
0.19190697
0.02612715
0.00013222
0.19947365
-0.02173643
0.06797723
-0.25678597
0.02903447
0.23303806
-0.14386587
-0.04102334
-0.09277301
0.06800407
-0.13660102
-0.09558390
0.07780467
0.17954450
0.38843341
0.10570533
0.21936794
-0.14438932
-0.33890771
-0.17917681
-0.20240990
0.22041037
0.00274264
-0.03392675
0.13612273
-0.11179673
-0.01708644
0.02556676
-0.04397395
0.05055437
-0.13442594
-0.11045237
0.01994016
0.10708767
-0.27104440
-0.01172670
0.19033316
0.05031639
-0.22262497
-0.31484337
-0.11290160
0.12630579
0.00390189
-0.01835857
-0.00132073
0.08971987
0.02873353
0.13762929
0.35017734
0.06705822
-0.30454584
-0.00618686
-0.11088756
0.17106340
-0.19758461
-0.10045793
0.12970714
0.04220286
-0.10202478
-0.06692156
-0.11817988
-0.33172485
-0.09414092
0.16349214
0.02716387
0.07026894
-0.15331697
-0.02440157
0.32225186
-0.16153732
0.17847248
-0.19435923
-0.20008690
0.17663953
0.00913271
-0.15094821
0.07189111
0.05830948
-0.19264097
-0.33691420
-0.12691822
-0.18257018
-0.12555212
0.07744021
-0.17820084
0.01424380
0.01584828
-0.02609717
-0.10034252
0.01896374
-0.03389147
0.23865676
0.11739013
0.09228149
-0.14730643
0.22409445
0.02159197
0.23185647
-0.18015604
-0.18908757
0.07110381
-0.04442235
0.16637237
0.32624075
0.07748289
-0.12840581
-0.02674358
-0.06473770
-0.06519594
-0.29162309
-0.05363570
0.22346407
-0.11302316
-0.14061516
0.17083554
-0.14778205
0.06868246
-0.05483345
0.06863869
0.12107634
0.04654010
-0.01902262
-0.06956111
0.02699375
-0.19086149
0.54976685
0.27051900
-0.17069701
-0.01972515
-0.07766411
0.23368427
-0.00123954
0.14633726
0.02421755
0.26251807
0.05720007
-0.02026084
0.02994984
-0.33426969
0.19045813
0.15677774
0.00804524
-0.03292313
-0.04223050
0.00503817
0.02725810
0.10376816
-0.19138651
-0.02723111
-0.01249078
-0.06830220
-0.03125057
0.27521065
-0.01542738
0.13004991
0.12982768
0.17725775
-0.02710960
0.00818600
-0.25580968
0.21523489
0.11648706
0.08124931
-0.16051381
0.15617082
-0.11974635
-0.14908147
-0.31478865
-0.09733296
0.03746208
0.28973707
-0.02367010
-0.01763461
0.13086039
-0.01763401
-0.11153965
0.25504746
-0.10802610
0.14224707
-0.07279830
-0.06729337
-0.16730277
0.15158731
-0.25387149
-0.08247378
-0.01342481
-0.10744376
0.05353382
0.14193842
-0.12686663
0.03549342
-0.04454188
-0.22999977
0.27020199
-0.09981941
-0.18254362
-0.16826541
0.11639456
-0.06153566
-0.06432266
-0.20647680
-0.00407518
-0.15203473
0.13036734
0.08739460
0.12157849
0.05692371
-0.06826273
-0.02189013
-0.26134810
0.03278518
-0.16123144
0.57739057
0.30489748
-0.04243012
0.07662743
0.23795566
0.13427747
0.02350932
0.05309327
0.07037418
0.08856006
0.34167013
-0.11176886
0.11899608
-0.04506743
-0.00664794
0.17091099
-0.09738268
0.01771987
-0.13209716
0.01050640
-0.10099197
0.04789076
0.14946008
0.18130094
0.08058910
-0.02346192
-0.10920163
-0.18645476
0.26500354
0.19856199
0.10641442
-0.04547822
0.14720265
0.10234468
0.21161666
0.02976798
0.05012446
0.01179281
0.18098232
-0.11685939
0.36521771
-0.08867026
0.20511461
0.04531688
-0.14429975
0.21389753
0.04850355
-0.04381297
0.07070682
0.06856449
-0.36284926
-0.12219185
-0.24966036
-0.06540886
0.37852622
0.17148894
0.08418210
-0.09515772
0.08532421
0.05486869
-0.14845288
0.50196784
-0.12771433
0.11186122
-0.20465611
-0.13443019
-0.04435791
0.02471183
-0.08519779
0.06325546
-0.21496831
0.09303842
-0.06150852
-0.30202010
-0.12281432
-0.10069835
-0.00772379
-0.18396830
0.04046163
0.18223692
-0.02999310
-0.12967746
-0.15138424
0.04658410
0.19529626
-0.06325571
0.07373577
-0.37287579
0.27412223
-0.27874115
-0.20226728
-0.06429879
0.26675771
0.05820653
0.03622061
0.04121082
-0.18870822
0.04046415
0.14930316
-0.05955081
0.20674500
0.23181240
0.06147058
-0.14302515
-0.12485685
0.18189255
0.04748818
0.05431768
-0.05922787
0.19628114
0.08710874
-0.24884635
-0.12836331
-0.28752417
0.11821833
0.10760766
-0.04676097
-0.11061828
-0.03529682
0.03433786
-0.00578302
-0.20164518
0.33409291
-0.22560218
-0.07283342
-0.10214890
-0.19446086
-0.20885038
-0.20938776
-0.00919710
-0.00265463
-0.08006435
0.14619272
0.09141808
-0.16619405
0.10107307
-0.01733083
-0.04361776
0.06843979
0.31551883
0.04911736
0.11098877
0.12372664
0.08185919
-0.04827688
-0.18644103
-0.21910124
-0.09456621
0.01873226
0.13426603
0.05793973
0.09729080
-0.04756852
-0.01239021
0.10676134
0.18767005
-0.11863641
0.15289495
0.27144785
-0.23754358
0.08273778
0.07179366
0.16581747
-0.12982802
0.37664045
-0.04446082
-0.26157566
0.04010151
0.09203463
0.10608290
0.12752188
-0.08061719
0.07425896
-0.11690342
-0.15837071
0.16119382
0.10589775
-0.00534937
0.00330585
0.34491362
0.19030216
0.10478773
-0.21408938
-0.21793963
0.22861102
0.13560735
-0.01269275
0.44273116
-0.17610195
0.14792278
-0.20299001
-0.10792474
0.00196888
-0.33802025
-0.23080555
-0.08361645
-0.35911512
-0.12950592
-0.01914804
0.02349336
-0.11063503
-0.26275080
-0.51968528
-0.09705838
-0.12684982
-0.29178138
-0.32393551
-0.52150500
-0.21860365
-0.58436592
-0.80139916
-0.70003060
-0.52261740
-0.54171192
-0.82769318
-0.55973767
-0.57300942
-0.59869793
-0.44043510
-0.29043399
-0.28613282
-0.30907092
0.05887772
0.28252666
0.22857615
0.33613740
0.51883579
0.25626557
0.69132929
0.89927874
1.02133475
0.94826142
0.89235548
1.12396773
1.06569014
1.23754492
1.09483569
1.02394906
0.94750799
1.21026117
0.59081254
0.79613912
0.80604092
0.67590375
0.54285554
0.20490451
0.27348284
0.24046604
-0.13400740
-0.04695645
-0.17578547
-0.39655021
-0.62260604
-0.46902863
-0.68934412
-0.44299671
-0.91637855
-0.92467336
-0.51224026
-0.86442458
-0.66986808
-0.68156878
-0.53272062
-0.36859348
-0.22598899
-0.28607711
-0.09070222
-0.10949107
-0.35197525
0.01967884
0.03562459
0.06375527
0.17045501
0.09579774
0.05468002
0.09568506
0.10287811
-0.09871598
0.25614056
0.31365721
0.07176941
-0.01110048
-0.01425872
-0.05310010
0.03573083
0.12633993
0.22043714
0.32688478
0.09966054
0.02922004
0.10579971
-0.02872054
0.21429643
0.09301508
0.15575983
0.32891382
0.13846256
-0.37485540
-0.12085577
-0.05885368
0.05713502
-0.12458508
0.03706460
-0.32284263
-0.13816166
-0.18307564
-0.16621047
-0.01454728
0.02098694
-0.06054775
0.12301054
-0.04537495
0.04896594
0.05200705
-0.05815707
-0.14344370
-0.00116551
0.04165955
0.22962366
-0.19759017
-0.23637794
0.14779137
0.17225535
-0.05951787
0.10537226
0.00282144
0.01782843
0.23011089
-0.08862218
-0.26474290
0.04405704
-0.06843545
-0.01165783
0.12692726
0.23199298
0.04540277
0.24456141
-0.00264526
0.14349812
0.02054445
-0.07158541
0.13605186
0.50487513
-0.13420098
0.06233900
-0.05136877
0.18443147
0.00132310
-0.05223518
0.11415998
-0.08466564
-0.16317684
-0.04035287
0.02551530
-0.24143135
0.02962206
0.17972076
0.25569562
-0.02807048
-0.07374539
0.11119382
0.01469768
0.38335003
-0.03038948
0.17244711
-0.19407313
0.04816663
0.11109185
0.04743530
0.04135905
-0.17088107
-0.08406759
-0.04863687
-0.35670696
0.08327140
0.38543889
0.03418764
0.10568733
0.28830734
0.16434378
-0.03059716
-0.06521515
-0.15812908
-0.06754501
-0.25393034
0.16212338
0.19165356
-0.03294442
0.07594300
-0.08550534
-0.14049160
-0.04942036
0.00729276
-0.01532708
0.20036643
-0.14576967
-0.01725767
0.13278204
-0.22555162
0.11893820
0.03606550
0.16973964
-0.05872603
-0.09542114
-0.09039847
0.06737039
-0.12100587
-0.01782473
0.05592084
-0.31866292
0.18997480
0.09400509
0.18511820
-0.02811743
-0.07360580
0.05608580
-0.27399951
0.27926525
0.14043349
-0.06265001
0.05461915
0.21026881
-0.07237156
0.16714197
0.15200000
0.12949507
0.32749708
0.28923584
0.23769899
0.13347962
0.21421275
0.20004820
0.18613820
-0.06520043
0.02086191
0.08031106
0.20295820
0.17161053
0.11805488
-0.04450807
-0.08499893
-0.05277648
-0.23546011
0.15190911
0.09388387
-0.12707642
-0.14095800
-0.41497132
-0.11037706
0.16093460
-0.40471840
-0.26337485
-0.25892279
0.06696573
-0.31827043
-0.26050834
-0.02077863
-0.09625568
-0.29923470
0.22081458
-0.23343606
-0.04110404
-0.26342274
-0.18549412
0.03394759
-0.01741647
-0.10891619
0.02049055
0.04309939
-0.02034554
0.32766523
0.01497241
0.37958151
0.39289102
-0.14402672
0.01190587
0.14781436
0.16382494
0.27405161
-0.05416532
0.06798121
0.07340597
0.08856715
-0.15242958
0.04938652
-0.14140720
0.01858818
0.10507237
0.31513286
-0.10932608
0.12448964
0.10816036
0.19363947
-0.15337924
-0.25483273
-0.06754543
0.03967483
0.12589657
-0.22134467
-0.35162847
-0.18133188
-0.04199194
0.04555164
0.04301138
-0.09921401
0.14011144
0.29679371
0.18380302
0.23736403
0.38482035
-0.09173729
-0.00155081
-0.09028074
0.14394751
0.14369743
0.14383750
0.19622059
0.05137174
-0.20696290
0.19266360
0.08998670
0.01850962
-0.44787604
-0.03706970
-0.03380851
0.07588275
-0.12417056
-0.16842257
-0.05932185
0.04366255
-0.05405185
0.27456848
0.13920578
0.26878457
0.08303100
-0.21226778
-0.14601897
-0.19975355
-0.28825804
-0.16154265
-0.17963796
0.17690268
-0.04223628
-0.04024966
0.10509052
0.05000629
-0.04664466
-0.04086693
-0.00237288
0.03191265
-0.20288561
-0.04336939
-0.07600693
-0.17474409
-0.28491501
0.15287842
0.16460524
-0.04355285
0.15140645
-0.21526662
-0.25989249
0.11871877
-0.23638080
0.07938443
-0.05912949
-0.00077554
0.14844783
0.01749236
0.14525302
-0.18645454
0.23538802
0.01362157
-0.07633121
0.09196696
0.11266775
-0.20360048
0.08039625
-0.02470411
0.05167747
-0.04472362
0.06429692
0.15193874
-0.24455422
0.01282474
0.00544293
-0.17098639
0.23878522
0.02457380
0.03285126
-0.00457549
-0.24578918
0.31738714
0.18532826
0.16335211
0.01002132
0.08799651
-0.24920718
0.15751041
-0.04675772
-0.06957699
-0.03817398
0.26720582
-0.06216636
-0.04974141
-0.14499563
-0.18118212
0.04423027
-0.22782757
-0.18372206
0.10246995
0.02964291
0.26179985
-0.41906498
-0.05786304
-0.05991125
0.40815964
-0.00300986
0.32759747
-0.02798329
-0.05530586
-0.06570171
0.02707466
0.35608907
0.11798655
0.16186119
-0.40079482
0.26489647
-0.10024836
-0.12530340
-0.14105968
-0.14453428
0.17782373
0.27588171
-0.10872888
0.22121128
-0.13688804
-0.34011491
0.24826196
-0.06325681
-0.02252415
0.15191115
-0.02469569
0.15019170
-0.16312324
-0.09272245
0.46713503
-0.13635058
-0.27240449
0.06234803
0.05516926
0.02075517
-0.07314521
0.15688797
0.11501448
-0.21848089
0.15247558
-0.09249571
0.06087994
-0.08808603
-0.06746180
0.20244209
0.01208350
0.01849377
-0.31931924
0.26033547
0.09762389
0.02361434
-0.03322145
0.00925955
0.45436191
0.11151783
-0.09075317
0.05294514
0.01123223
0.12034962
0.01074435
-0.05021037
0.28387045
0.07948969
-0.10384524
0.12224667
-0.10055289
-0.01796224
-0.12465698
0.16685263
-0.22259782
0.26110869
-0.02542004
-0.02912405
0.25356586
-0.12874060
-0.01902345
-0.31088810
0.05583803
0.09632332
0.10822050
0.09003575
-0.05827187
-0.05671942
0.45423898
0.16525202
-0.16620459
0.23486288
-0.05411178
-0.09469368
0.07147084
0.04889378
-0.20859965
0.11676182
0.00466145
0.19229591
-0.14209301
-0.08659490
0.18247002
-0.17924894
-0.18281606
-0.13081652
0.11998637
-0.01166116
0.11169106
-0.11575038
0.08180627
-0.05233607
0.03635079
-0.01225855
-0.16929078
-0.07535192
-0.05796187
-0.14102064
-0.02943738
-0.21015034
-0.04827179
0.13574297
0.12556264
-0.16242930
0.02974509
-0.34684742
-0.10249998
0.01386518
-0.19356422
-0.04146877
-0.35525170
0.09456568
-0.09995848
0.19558029
-0.28957669
-0.09508213
0.11237803
-0.03308118
0.14321202
0.13904562
-0.09194294
-0.28599509
-0.04056206
-0.04189110
0.02229463
-0.08007338
0.13817051
0.01472774
-0.02953401
-0.03033137
-0.01705976
-0.21469051
-0.19455803
-0.09265768
0.37892324
0.12210333
0.12350052
0.02835228
-0.18278691
0.05984680
0.13740550
-0.04053799
0.15808228
-0.21453759
-0.09291975
0.01204971
0.21232993
-0.14690814
0.17154614
0.20863334
0.08383604
-0.00228038
-0.02135908
0.24116065
0.05312431
-0.38446217
-0.13932107
0.00171561
0.05767763
0.12902792
0.13522405
-0.31819574
0.13953485
0.22940419
0.02921504
-0.14518513
-0.12313761
-0.36027299
-0.04559352
0.05588312
0.05690297
-0.27800288
-0.27625673
0.01851610
0.01497166
0.09712938
-0.02266418
0.05811136
-0.11198851
0.19232141
-0.09807102
-0.06915191
-0.14807884
-0.12699785
-0.09024652
-0.14770893
-0.09553575
-0.05605234
-0.02520774
0.12292610
-0.18705988
0.28013585
0.16724382
-0.15174789
0.15550167
-0.07712102
0.24950048
0.01028924
0.15247649
0.13383314
0.24468431
-0.01987488
-0.03656595
-0.06519076
-0.42417108
0.01419907
0.21214009
-0.04017393
0.06047853
-0.13856342
-0.06912693
-0.05408064
0.00121076
-0.37141498
-0.10647313
0.15170487
-0.03417783
0.11627173
0.10751956
0.02667755
-0.05322067
-0.05914263
-0.02608114
0.16172270
-0.11115198
0.10688371
-0.22006449
0.03801859
0.16593765
0.30295379
-0.10759188
-0.19745577
0.25171505
0.16852741
-0.10038598
0.35624447
0.09002326
-0.10334305
0.05450818
-0.09532626
0.17328793
-0.03574217
0.04722796
-0.19744951
-0.11140852
0.05033603
0.11720652
-0.00951611
-0.00246607
0.01239106
-0.05373154
0.05091083
-0.13242828
0.17381292
0.27124620
0.02446784
-0.08541927
-0.05280552
0.00409501
-0.23874396
-0.06694197
0.20965223
-0.03724575
0.11610959
-0.17187558
-0.17142204
-0.00173278
0.00871234
-0.11931806
-0.24029304
0.04345669
0.10351848
-0.38054921
0.12131763
0.14133850
-0.02189903
0.16215640
-0.02727630
0.29410167
0.08498624
0.04308642
0.19988657
0.09623016
0.28349875
-0.07881646
-0.15181764
0.16397356
-0.05583628
0.00424577
0.08281837
0.02092080
-0.00544510
-0.19790146
-0.01797299
0.17271073
0.07324053
-0.07829452
-0.12117894
-0.00518926
0.21677889
0.01020470
-0.11197587
-0.21249842
-0.01431597
0.22271719
0.07941261
0.29668884
0.10757968
-0.01917950
-0.20173887
0.16811122
-0.25846104
0.05590670
-0.00656901
0.05369519
-0.02675625
-0.10695658
0.03577062
0.00733671
-0.08014352
0.02347629
-0.00258836
-0.03581464
-0.20145583
0.09620443
-0.16457341
0.12662773
-0.03685734
-0.12441668
-0.02015386
0.02346372
-0.10786716
0.12282814
0.09226057
0.05768566
-0.21873939
-0.06096772
-0.04254221
0.07021089
-0.10898362
-0.17829862
-0.26774463
0.06143146
0.08749057
0.02238274
-0.08064719
-0.13678326
0.04924271
-0.19620480
0.09209138
-0.10570925
0.00670477
-0.07844608
0.33827950
0.29583461
0.05114746
-0.18106534
0.12644921
-0.27014473
-0.06222910
-0.04464400
0.05275073
-0.00264220
-0.11761618
-0.05265469
-0.14304770
-0.02426153
0.06966988
0.10417659
-0.00157281
0.23737574
-0.17007881
-0.01788003
0.01705707
-0.03036314
0.05803240
-0.12681856
0.10048287
-0.13652335
0.24808925
0.26272054
0.04294890
-0.04671191
-0.10874581
-0.11961471
-0.17696359
-0.10950413
0.00788051
-0.16085011
0.40996784
-0.11020547
0.10571029
0.08148713
-0.49345549
-0.00306568
0.23979897
-0.16900664
-0.23127551
0.12638231
0.00959399
-0.05021362
0.07801645
-0.09333714
0.01273637
0.12634038
-0.15917411
-0.00347047
0.00740065
0.00846125
-0.23524546
-0.18961725
-0.18145606
0.19556969
-0.06128720
0.04170471
0.14084771
0.02141696
-0.01077882
-0.25019366
0.00973253
-0.00293307
0.15939469
-0.03997593
0.10697543
0.14534970
0.10357596
0.08975938
-0.15061295
-0.07640588
-0.01353176
0.10906085
-0.07445096
-0.06370250
-0.27079571
0.09273496
-0.08552019
0.00969751
-0.17792302
-0.03802239
-0.01728193
-0.02996601
0.02474301
0.05000688
-0.08879411
-0.00523495
0.11231433
0.35176999
-0.10253193
-0.10454550
-0.36130131
0.03294511
0.11987500
-0.08435798
0.12224280
0.05732040
-0.06632362
-0.05866600
-0.03069643
-0.35882793
-0.30412534
-0.03305446
-0.10292461
-0.02428449
-0.38263773
-0.08186394
0.25388370
-0.08822453
0.07505193
0.08034414
-0.23518119
0.02875426
-0.04922991
-0.03517913
0.03651787
0.24955196
-0.19070732
-0.02578662
0.01335723
-0.12476935
-0.27178837
0.18011870
0.09946730
-0.17375603
0.04525537
-0.06568626
-0.17426440
-0.23865219
-0.03716248
-0.04426281
-0.02701580
0.11798568
0.18174331
-0.00384928
-0.02355996
-0.01339210
0.07671004
0.03759235
0.03910006
-0.16557627
0.00241520
0.06789580
-0.05036140
-0.20790132
-0.19735495
-0.08606184
-0.09469854
0.02330963
-0.22568390
0.28021084
-0.25194119
0.35948548
0.16397327
0.06899623
-0.16270973
0.00575681
0.00281350
0.27594878
0.00743037
-0.12008735
-0.20348211
-0.08221753
-0.35422466
-0.04728075
-0.00759418
-0.15986386
0.09718392
-0.05201050
0.24480719
0.12874919
-0.04035339
0.04850076
0.17974079
-0.01081116
0.11924607
0.16223798
-0.04571967
-0.17957259
-0.08214212
0.19084962
0.21011401
-0.21610839
-0.12276301
-0.13102096
0.06692740
-0.02962821
0.11957055
-0.00866869
0.08759290
0.20448470
-0.19990381
-0.14640761
0.18591170
-0.07013155
0.05221556
0.15790795
-0.00136445
-0.18017216
0.01324389
0.15231892
-0.13831933
-0.16388283
-0.08728212
0.06410703
-0.19458397
-0.02207813
0.13524202
0.00853014
-0.01774071
-0.01136581
0.15856592
-0.04843298
-0.09127764
-0.09245996
-0.12647347
-0.04587787
-0.09748179
-0.04902248
0.14581319
-0.19080887
-0.06786508
-0.07060362
-0.16994653
-0.00559264
-0.10500954
0.10842395
0.14727239
0.24051994
