-0.07159294
-0.02263064
-0.09594350
-0.29771322
-0.06678568
0.01653616
-0.07355908
-0.09478813
-0.16925555
0.18629785
-0.06565210
-0.05201084
-0.25857869
0.05007887
-0.25918080
0.11618566
-0.12212566
0.14680490
0.03274161
0.01633667
-0.04126037
-0.30588454
0.09141579
0.16012674
0.15412923
0.05741554
0.17559126
-0.05157769
0.02220529
0.12502942
-0.09009785
-0.20272205
-0.04049040
-0.01855760
-0.15887435
-0.15056624
-0.07840895
0.13785321
-0.18218999
-0.02138245
0.23734719
0.00244523
0.03646509
0.06707699
0.20073718
0.05613208
-0.04575756
0.04223709
-0.00822768
-0.09625355
0.13748980
0.08281744
-0.26326832
0.01474986
-0.25302921
-0.04806460
-0.09948660
-0.00530957
-0.01584417
0.19968987
-0.13131185
-0.05865738
0.10679291
-0.13088782
-0.02139462
-0.02468326
-0.02562521
-0.00103309
0.03432692
-0.17694246
-0.01881499
-0.00939898
-0.01104934
-0.01014320
0.11822518
0.13156365
0.07850253
0.22361853
0.08981165
0.08344281
-0.13443605
-0.03537466
-0.17652897
0.03862546
0.24301396
0.09538593
0.08455675
-0.24143322
-0.12789038
-0.21385086
-0.05473399
0.30545615
0.04199292
-0.07055830
-0.08171994
-0.02847522
-0.09157807
0.14396865
-0.32596530
0.04128998
-0.02603757
0.10168513
-0.04823102
0.11483562
-0.11782327
0.03081602
0.09541769
-0.03115615
0.10443728
0.02544164
0.08214676
-0.02942530
0.09091946
-0.05321283
-0.03271602
0.11656027
-0.06903313
0.11386271
0.04703176
-0.13878215
0.03441279
0.01317886
0.14073394
0.14215488
-0.14649764
0.09155642
0.07150489
0.04742409
0.05998143
-0.08815432
0.05037461
-0.12029730
-0.09302404
0.05162882
-0.13758454
0.15919807
0.08514224
-0.06234253
-0.00400409
0.08743551
-0.19191481
-0.00565507
0.02409740
0.01489959
-0.02071800
-0.05124920
0.09327955
-0.02656255
-0.04814290
-0.09147798
-0.00303571
0.01254257
-0.13623179
0.09437952
-0.11996877
0.08122194
-0.17548484
-0.03027446
-0.14547990
0.12510598
0.11970975
0.03326254
0.05916021
0.03037280
0.01626991
-0.01189896
0.04650825
0.13471815
-0.15006085
-0.00045769
0.03531313
-0.19892897
0.05225170
0.04072652
0.03026248
-0.01318763
-0.09858401
-0.10331016
-0.28099192
-0.07271735
-0.07507562
-0.10575473
-0.13237612
0.10996902
-0.10129149
-0.03933857
-0.18690471
0.06262745
-0.12964748
-0.02322930
0.11194960
-0.06530080
0.11886359
0.09669631
-0.09374551
-0.01884213
0.01682927
-0.01085769
-0.07649339
-0.02197175
-0.16761753
0.05789147
-0.11374575
-0.03948051
0.07349349
-0.08246113
0.25848617
-0.03549929
-0.06347657
-0.16445210
0.03818091
-0.00670013
0.06300328
-0.16711117
-0.01270217
-0.20032023
-0.11450588
0.12871585
0.00488195
0.06733795
0.03910917
0.07498292
-0.19785611
0.24735636
0.20890909
-0.10039132
0.17313937
-0.01727690
0.02736775
0.12151604
0.18270268
0.12810356
-0.07638975
-0.00399192
-0.16267367
0.24218261
0.00331545
0.01945569
0.07581742
0.10518358
-0.10711092
-0.07164821
0.05672755
-0.10134621
0.26446371
0.09145978
-0.13972122
0.04041277
-0.00556103
0.05575555
-0.04495984
-0.01681114
-0.07950297
0.04850559
-0.08914465
0.04112750
0.23285755
0.07893078
0.14632930
-0.07788594
-0.07586400
-0.00734253
0.14271982
-0.06231914
0.12197418
0.02497628
0.05196426
-0.00742911
0.04286809
-0.08545002
-0.14944224
-0.14574000
0.10854534
-0.17008801
0.12701813
-0.02211459
0.04351675
0.01599115
0.12699029
0.03420772
0.03112939
-0.29170961
0.13358906
0.00304663
-0.10831378
0.01672391
0.05157476
0.02875379
0.06134708
-0.15146588
-0.05606808
0.08338749
0.18820677
-0.09864317
0.02997233
0.08418374
0.09851900
0.14352565
0.12460854
-0.02837928
0.19141877
-0.11521359
-0.09289127
-0.08387723
0.19074936
-0.08488122
0.06052859
0.05548933
0.08503422
-0.19608544
0.08476465
0.17966983
0.10592596
-0.12529450
-0.03062274
0.17695338
0.15196840
-0.23931204
0.01170112
-0.18536254
-0.17849600
0.26516179
-0.20631357
-0.16004888
-0.04747147
0.03875369
-0.12253303
0.08004739
-0.06813117
-0.07637363
-0.02676628
-0.13166907
-0.02102565
0.02087732
-0.18688515
0.07476726
0.04763236
0.12311884
0.04274262
-0.02498841
-0.12092934
-0.17715417
-0.07038926
-0.17341809
0.05739104
0.06663240
0.12641050
-0.06617708
0.12412376
0.05376363
-0.06321701
-0.09818982
-0.15293631
-0.10260848
-0.01862286
-0.10492398
0.29556436
0.07921588
-0.08862218
0.24857982
0.11442773
-0.03167720
0.19734233
-0.09525915
0.06904602
-0.09421518
0.06604871
-0.12864793
0.01327445
0.00632031
-0.14593037
-0.20614653
-0.11577539
-0.02904936
-0.26419113
0.05567462
0.01084856
-0.11645009
-0.00423951
0.01530077
-0.02476940
-0.04488974
-0.11473764
-0.12784515
0.07607645
-0.01990644
-0.08888547
-0.22513313
0.03016010
0.00553884
-0.25989723
-0.24707103
0.15806979
-0.18329387
-0.03198442
0.14350771
0.06171637
-0.20972843
0.01839979
0.15622593
-0.00030424
-0.01367048
0.00790055
-0.01198782
-0.06810227
-0.22535944
0.00845426
-0.06866645
-0.02258606
-0.26642785
0.00875675
0.05527464
-0.11399407
0.01439334
-0.09605094
-0.06098336
-0.09734906
-0.04921395
-0.19846439
-0.10784180
-0.02253781
0.04119356
-0.09605008
-0.01409649
-0.11613478
0.11251329
0.05449515
-0.07401389
0.05479105
0.04848220
0.03540226
-0.13964377
0.16136597
0.04428918
-0.21205572
-0.06865793
-0.21458840
0.04865744
0.18474666
0.05626696
-0.07773389
0.23151675
-0.05639575
-0.09466502
0.05845578
0.01864594
0.00673424
-0.12453930
-0.14572240
0.15049654
0.00166154
0.14305373
-0.04099286
0.22276330
-0.08987878
-0.06114555
-0.20847138
-0.06772118
-0.09659769
-0.06871063
0.09289420
-0.21660830
-0.04481813
-0.01923589
0.20640287
0.10580281
-0.17215342
0.03476496
-0.02941306
-0.02737241
0.06910637
0.13203251
0.06978046
-0.02896425
0.12209223
-0.18447387
0.08833883
0.05856594
-0.16428457
-0.04474450
0.17143416
-0.06954006
0.08086967
-0.02285549
-0.04867406
0.02191000
0.12123529
0.06485991
-0.02775325
-0.06807359
-0.04845708
-0.08790386
-0.07417740
-0.03445816
0.14533483
0.03930423
0.01882711
0.02004554
0.08764183
-0.07778594
-0.23853016
-0.12913143
-0.09550158
-0.03783473
0.02070835
0.17814876
0.07495181
0.11814657
-0.09449953
0.10407157
0.10909370
0.03888547
0.06309018
-0.18931306
0.00224369
0.07884162
-0.18020589
-0.22499740
0.00470099
0.15121017
0.15343166
-0.04765924
-0.06221023
-0.10446814
-0.05495642
-0.03782178
0.04413053
0.02580186
0.05894873
0.06821420
-0.15556575
0.01046883
-0.11938441
-0.16694957
-0.02458044
-0.01903836
-0.16207194
-0.13422557
-0.06460438
0.17363476
0.06590925
-0.18824665
-0.02380415
-0.08869643
-0.07588435
-0.17489816
0.09499653
0.05516704
0.09752307
-0.19152027
0.03658143
0.04640021
0.03645491
-0.09635595
-0.13183537
0.02061711
-0.03626170
-0.02009194
-0.02480306
-0.14323162
0.02328560
0.18419144
-0.15706562
-0.09889848
-0.10169370
-0.03967378
-0.02292481
-0.11108470
-0.12415705
-0.00830626
0.13408296
-0.01790368
0.07486261
-0.00592093
0.02099846
-0.09484434
0.03428492
0.01899703
-0.08106982
0.02155808
-0.04077246
-0.03584677
-0.18394025
-0.00564060
-0.21502994
-0.13944619
-0.13217096
-0.10849722
-0.20688004
0.19963358
-0.09808039
0.02000162
0.09687892
-0.06464011
0.01606501
-0.13338343
-0.20435510
-0.04598854
-0.14181737
-0.03352484
-0.02275239
0.20704491
0.05925090
-0.14723003
0.03479552
0.07596116
0.10222106
-0.00544451
0.10678737
0.14685231
-0.00165172
-0.06312834
0.27175534
-0.05995183
-0.04800153
0.04586963
-0.23968466
0.02025382
0.09608490
-0.06391620
0.11110497
-0.08748644
0.13929608
0.04141165
-0.06497376
0.03450165
0.13445389
-0.03506523
0.20601689
0.08687255
-0.02059639
-0.00863505
-0.20820432
-0.12326852
0.24636844
0.31672859
0.01144448
0.01584714
-0.04101890
0.04267015
0.21210728
-0.19040930
-0.09401723
-0.03475069
0.07579038
0.14192682
0.15146392
-0.08920974
0.12700930
-0.03424385
-0.08590642
-0.04441971
-0.09774851
0.02640706
0.09115988
0.11532280
0.07227527
-0.00592597
-0.04251900
0.06141529
-0.05114961
0.02474754
-0.05928876
0.03059756
-0.04961227
0.06967672
-0.14679190
-0.03276688
-0.01468546
-0.05841282
-0.30395450
-0.12832635
-0.09147517
-0.05328362
-0.21056978
-0.02751566
0.02584323
-0.10522876
-0.07521136
-0.03746021
0.23980464
0.04485551
-0.09128593
0.16412207
-0.22177984
0.23090262
0.19956457
-0.15937772
-0.21257953
-0.14588605
0.24779998
-0.16536730
0.01705938
-0.04106829
0.07090730
0.20324761
-0.05932457
-0.16495467
-0.06748238
-0.00771682
-0.05862015
0.03789786
0.09710514
-0.02380344
0.12717665
0.06045508
0.01541444
-0.01681343
0.14331560
0.01689016
-0.14295737
0.14054761
0.05065145
0.05810856
0.11001888
0.03257292
0.11325882
0.01923689
-0.08849768
-0.02149907
-0.12374525
0.00282873
-0.03364039
-0.00177785
-0.07791661
-0.07752278
-0.10511622
0.20742499
-0.06695585
-0.05458736
-0.09749396
-0.06446040
0.11431262
0.11833917
-0.10075318
0.08567948
0.04250833
0.09101595
-0.10999616
0.01497984
-0.01200154
0.05315781
0.03822890
0.09045792
-0.01784289
-0.11939848
-0.05721578
0.10226324
-0.18461010
-0.03475460
-0.00183960
0.04128058
-0.21844491
-0.11724158
0.03861770
0.24417821
-0.12245884
-0.27897785
-0.01446857
0.21070587
-0.13741321
0.00140426
0.01969217
-0.06426142
-0.10617305
-0.01392635
0.12209617
0.07431220
-0.02258734
-0.01945645
0.01732237
0.03115174
-0.05943120
-0.07222587
-0.19649879
-0.02492360
0.15888116
0.08942726
0.14504495
0.13155070
-0.15534201
-0.03262620
0.08327241
0.06437758
0.01851359
0.02582046
-0.10044997
-0.00089420
-0.03522995
-0.04310233
0.11322083
0.01211021
0.03467241
-0.09215840
0.05917464
0.02303541
0.03627296
-0.06403861
0.06865641
0.05218578
0.21155301
0.16830055
-0.06982474
-0.06925191
-0.00365121
0.17799555
0.24589790
0.01078882
-0.21345483
-0.05371975
-0.03878662
0.06526867
0.09483823
-0.03105762
0.05966081
-0.08920946
0.14326137
-0.12357366
0.09541794
-0.05388661
0.14202255
-0.09460418
0.16054800
0.05195448
-0.09868202
-0.06713764
0.09680313
-0.17650609
0.09597430
0.22832570
0.11743693
-0.02943616
0.10819215
0.06508717
0.06718161
-0.10621162
0.19573427
-0.11248287
0.12765537
-0.02892501
-0.15960374
-0.22426742
-0.03938203
0.10661241
-0.01575398
0.07413539
-0.19071776
0.05008768
0.06493864
-0.10386431
-0.08717575
-0.04017584
-0.15801322
0.14449686
-0.10924461
-0.01229753
-0.09692843
-0.05138815
0.02923460
0.19515267
0.03437672
0.02924396
-0.01990806
0.15689284
0.11490613
-0.10761090
-0.08207812
-0.12083085
0.17350433
0.16667846
-0.04759526
-0.05109419
-0.09700528
0.04352606
-0.01847013
0.22121650
0.34718210
0.03744971
0.11024464
-0.02670100
0.11634239
-0.16525858
-0.05770702
0.10767473
-0.04757734
-0.11216550
-0.01633721
-0.06063555
0.04123864
0.10295406
-0.24366223
0.02049710
0.00267141
0.23303061
-0.05615765
0.00110742
0.00130540
-0.14414930
0.07247551
-0.20281157
0.19074894
0.14273547
-0.07518934
0.32612309
0.09183913
0.17956660
0.01495668
-0.05920373
0.10040610
0.04572545
-0.09532934
-0.16361459
-0.11380022
0.17301636
0.08387563
0.00492862
0.02703960
0.03811416
-0.15684228
-0.07769896
0.05711868
0.07159842
-0.18035644
-0.06018764
-0.07179454
0.09334613
-0.14877420
-0.08115353
0.26221093
-0.09265983
-0.16677090
0.02080971
-0.01299683
0.00335219
-0.04727130
0.13144412
0.10476652
-0.11543384
0.00025538
0.05485842
-0.08249463
-0.04236235
0.00739520
-0.10843683
0.02850706
-0.09612161
0.03800881
-0.18477538
0.09290664
-0.04016429
-0.17012536
-0.08954070
0.17695712
-0.01186892
-0.03869236
-0.05277343
0.00587856
0.04531202
-0.02145024
-0.00541867
-0.08837767
-0.04003943
-0.04805781
-0.04175812
0.20253617
-0.13915473
0.04653488
-0.01156655
-0.05968719
0.06615709
-0.11139407
0.12086334
0.10440160
-0.05140456
0.13283894
0.13595624
-0.10036270
0.15871402
0.11971824
-0.02043604
0.07312960
0.05364566
0.24229936
-0.07625823
0.23400303
-0.11131598
0.02749767
0.13935744
0.03435487
0.06823140
-0.03174188
0.05152465
0.13103643
-0.15943079
0.14127989
-0.04354459
-0.03522006
0.09028444
0.07584122
0.13972680
0.05813948
0.36828939
-0.08981021
-0.00515564
-0.02710492
-0.05732840
0.01516469
-0.03550439
-0.05291184
-0.16575521
-0.10328095
-0.00271262
0.07908444
-0.13373281
0.05193934
-0.13710309
-0.04092035
-0.17545161
-0.00686866
-0.09226186
0.07071904
0.14313209
-0.26122385
-0.09150377
0.11114773
-0.16463667
0.22178491
0.00764703
0.00280927
-0.09265718
-0.06185953
-0.07608200
0.04726009
0.01346144
0.01166748
-0.16670488
-0.14146480
-0.05393600
-0.12111145
-0.21714275
-0.53807608
-0.28872355
-0.35103729
-0.42787759
-0.63210074
-0.30185374
-0.32293585
-0.53999698
-0.40877222
-0.50844149
-0.62977485
-0.38859403
-0.34894058
-0.14842773
-0.27871782
-0.05112738
0.10176393
0.10411489
0.23037200
0.36317710
0.61192577
0.38851559
0.59191736
0.88469047
0.67162891
0.98089713
0.82342171
0.90720025
0.86116228
0.85661012
0.83743261
0.76254324
0.47000204
0.52920707
0.61265681
0.35901059
0.52493700
0.19745475
0.52441829
0.16640881
0.20500716
-0.07233252
-0.29407144
-0.25504409
-0.30081273
-0.49351850
-0.41129136
-0.53980095
-0.55539917
-0.62219683
-0.38565008
-0.79363718
-0.46013795
-0.41726159
-0.35287830
-0.32298630
-0.55133896
-0.23788505
-0.55151308
-0.29864202
-0.21061007
-0.26297790
-0.19428168
0.03597018
-0.13155477
0.01538401
-0.11885971
0.09381080
0.01074718
-0.02304784
0.10953372
0.11024811
0.17392404
0.02527656
0.12087478
0.07885246
0.21863206
0.16106719
0.08572799
0.06880035
-0.11545804
0.13016338
0.16343331
-0.02662170
-0.18021646
0.11865029
0.06828921
-0.25580927
-0.00754520
-0.03151745
0.10651264
-0.20206662
-0.04651042
0.09069946
-0.08048332
0.05975838
-0.11311045
-0.03877881
-0.02258370
0.06855943
-0.03614308
-0.16288099
0.04880880
0.25462257
-0.13994682
0.08658249
-0.06979670
0.00290454
0.16712692
-0.02553213
0.06517956
0.17733960
0.06518326
-0.05667070
0.04550861
0.00410169
0.06050908
-0.03316255
0.10983865
0.07252914
-0.08005209
-0.18048788
0.06308770
-0.20157263
-0.24936951
0.13300829
0.14551974
-0.26719768
-0.02726540
-0.08860557
0.07845576
0.16086736
-0.05577184
0.08843291
0.06882100
-0.11339586
-0.02158288
-0.07965310
0.03704148
0.00860698
0.29046845
0.08709935
0.05338676
-0.08201489
0.04265804
0.00310429
0.04276483
-0.11230232
-0.05717304
-0.00934409
-0.13063233
0.26594657
-0.00159563
-0.07098867
-0.21054637
0.06387181
0.01978267
-0.13129147
-0.12362134
0.05629847
0.06902199
0.03839695
0.17202147
-0.02451115
0.25186991
0.13104559
0.03296655
-0.11398624
-0.06791213
-0.11326899
0.05039899
0.10825297
0.00271423
0.00378868
-0.02557796
-0.12226278
-0.06473451
0.03280869
-0.02397452
-0.12154783
-0.01918308
0.05505722
0.07086433
-0.06959095
0.07781747
-0.08131141
0.15411604
-0.04033104
-0.15713401
0.20112518
0.13155597
-0.25649963
0.15453883
0.22090190
-0.01572081
0.04142278
-0.02192265
-0.04238255
0.17541204
0.02442247
0.19376326
0.07864737
-0.06697419
0.31104592
0.19508031
0.06580603
0.12869321
0.13956641
0.35690521
0.16283566
-0.01888932
0.15397277
0.17324810
0.11050442
-0.02356618
0.25391357
0.00927979
-0.09714941
-0.14065296
-0.02290057
0.03024164
-0.00927347
-0.00727292
-0.14183388
-0.18502658
-0.30869884
-0.27958710
-0.26637770
-0.19281469
-0.41263246
-0.12880975
-0.22358247
-0.39872220
-0.22001041
-0.44516159
-0.07086212
0.09961396
-0.10811412
-0.24710773
-0.36762957
-0.04649092
0.11687140
0.22944539
0.16725078
0.16300340
-0.05586625
0.15656938
0.15419503
0.05079691
-0.01042876
0.00209242
0.13328895
-0.03877519
0.05367716
0.17596765
0.16133595
-0.07952519
-0.06870826
0.09430188
0.11798338
-0.17352567
-0.15116449
0.06381026
0.12810720
-0.21132233
0.02948083
-0.07049038
-0.06421418
-0.13489757
0.01329161
-0.00427319
0.01524153
-0.08597183
0.06753541
-0.08197886
-0.14281725
-0.07580272
-0.10398722
0.09441436
0.05496819
-0.23996718
-0.12058478
-0.26507520
-0.06813007
0.06971161
0.03073173
-0.17937381
0.13997422
0.01623342
-0.05468920
0.00362651
-0.06950109
-0.12890957
0.13360007
0.16030445
-0.01215618
-0.10830466
0.02097522
0.20370889
-0.22735505
-0.22571827
-0.09479976
0.13629139
0.19722682
-0.08082530
-0.05315425
0.05267798
0.01976441
0.14985048
0.24939357
-0.04841324
0.03218419
-0.06238591
0.15391734
-0.00829278
-0.01198369
0.08620929
-0.27739041
0.10689213
-0.33617554
0.01212570
0.00823890
0.11849009
0.06554271
-0.12768302
-0.00023562
0.06787432
-0.02039657
0.00585816
0.16431097
0.05958924
-0.19844251
-0.18005000
-0.20647265
-0.09199349
0.06535145
0.12146291
-0.07015171
-0.11841824
0.30593192
0.03017951
-0.06254519
0.00489975
-0.18809465
-0.10314894
0.02790109
0.11959487
-0.01705552
0.04308227
0.01898729
0.16748606
-0.08824987
0.14726778
-0.11405959
-0.03125152
-0.03167087
-0.07364019
-0.25287250
0.18041341
-0.09296188
-0.09121364
0.07210355
0.10761176
0.18452255
0.26735720
0.05629734
-0.05647619
0.22622548
-0.03799500
-0.06843479
0.16565038
0.18655774
0.08348571
-0.04418912
0.18888106
0.12425559
-0.03109739
0.01602348
0.04145511
-0.14134846
0.15252623
0.04143861
-0.09393363
0.05246719
0.14504821
-0.25258430
-0.17135242
-0.12605644
0.00830876
0.03248418
0.04764244
0.00652286
0.09723068
-0.01769142
-0.06033688
0.00850081
-0.04472524
-0.02484388
-0.04068123
-0.04302279
0.00780861
-0.05755788
-0.12384454
0.05412365
0.02837724
0.11576500
-0.30463082
-0.01789821
-0.07486321
0.01696807
-0.00846793
-0.12361772
0.05714505
0.03610232
0.01835482
-0.10348814
-0.04387910
0.18620662
-0.02772772
-0.07788161
-0.02089671
0.01670762
-0.11280141
-0.00690849
-0.08732582
-0.23367120
-0.09333608
-0.07227729
-0.04371898
0.04706138
0.00206676
-0.08276077
-0.05744969
-0.03201026
0.10923323
-0.04844776
-0.05731651
0.00518762
0.11546612
0.09639348
0.09671436
-0.00458256
0.00805529
0.04632690
-0.04703606
-0.28344918
0.21168113
0.13417489
0.01693221
0.14609622
0.10672500
0.00271503
-0.06976272
0.03967603
-0.20024294
-0.11315631
-0.16459874
0.08732308
-0.09672804
-0.11439031
-0.19136841
-0.05091027
-0.11223764
-0.09015376
0.10267820
0.05708792
0.00012675
0.12250119
-0.07841256
-0.02454219
-0.07895023
-0.00393358
-0.13113889
0.02778286
0.08549970
-0.01795214
-0.01675680
0.15157653
0.15373468
-0.13536853
0.04846095
-0.17419397
0.08553975
0.05394501
-0.12589878
0.08449865
0.03287191
0.01503346
-0.00439030
-0.11047122
0.13020052
0.09457392
-0.14813875
0.25593244
0.11369269
0.27552010
-0.11709135
-0.05688668
0.05275274
0.05230468
0.04044984
-0.22849728
0.11560332
-0.07369718
-0.15408415
-0.07268901
0.18529403
0.04318640
0.11488790
-0.05323714
-0.07016472
0.10477733
0.16693373
-0.01467323
-0.00859649
-0.16641618
-0.05615498
0.05178014
0.20704303
-0.39878688
-0.08847944
-0.22287408
-0.01383098
0.05994112
-0.00522598
0.08471959
-0.12478844
0.03142184
-0.16152746
-0.18848418
0.00169404
-0.09431510
0.04998169
0.08725862
-0.15216111
0.15910633
-0.02910541
0.24545811
-0.07570948
-0.06247976
0.07618106
-0.00545958
-0.16470022
0.03945388
-0.27606181
-0.01879342
-0.09504665
0.04811188
-0.10074395
-0.10797433
0.17286150
0.02681385
0.01307674
-0.04131366
0.18006962
-0.08120378
-0.00349826
-0.04794423
-0.15189678
-0.06088687
-0.03291829
-0.06936138
0.10211719
0.00042423
0.20761633
-0.10104268
0.11275051
0.20477915
-0.12220836
-0.01077373
0.07969721
0.02440352
0.05744024
-0.16012903
-0.07169590
-0.18381488
0.14325867
0.08559591
-0.11756339
-0.07620435
-0.08504984
0.12712402
-0.00312644
-0.26232898
-0.06231230
-0.26039331
0.00428887
-0.15562121
0.03130031
-0.07354517
0.04347886
0.14278129
0.13309309
0.02744220
0.16063497
0.00680345
-0.13414125
0.05098294
0.01156919
-0.04377782
-0.14191459
-0.02622858
0.20477131
-0.03373650
0.09833359
0.04271709
-0.11164748
0.17053888
-0.14272064
-0.02605252
0.05840424
-0.01641606
-0.02527613
0.14394378
-0.14134737
0.07950975
-0.18889405
-0.16766680
-0.04949797
0.09519792
-0.21241082
0.12811875
-0.03577097
-0.01993195
-0.14041194
0.07957292
0.32684791
0.02814747
0.06747191
-0.00732694
0.17772061
0.11280777
-0.01621756
-0.00067121
0.05324655
-0.02768235
0.24805630
-0.04806949
-0.01385582
-0.18828400
0.00589023
0.31831664
-0.07703991
-0.11991245
-0.10595760
0.12268393
0.08364563
-0.02547022
-0.11895851
0.07757804
-0.01205736
-0.05523466
-0.09653051
-0.20274545
0.08495861
0.20860617
-0.01038762
-0.05144191
-0.09553104
-0.07987285
0.09975027
0.16378753
0.08059870
-0.09016297
0.05966984
-0.13878845
0.01310832
0.00812541
-0.14527679
-0.00269660
-0.09283650
-0.01397446
-0.03591740
-0.20241451
0.09096666
0.00419522
-0.00929042
0.05177815
0.05135485
-0.04065583
0.04400466
-0.18025737
0.06680524
-0.03348981
0.04088383
0.22494825
0.05630723
0.01718171
0.27904780
-0.09304316
-0.09254240
0.11624615
0.11471983
0.01159208
0.10226362
-0.06664370
0.04501624
-0.13704821
0.05167120
-0.01148474
-0.07339856
-0.09971605
0.11704804
0.08889622
-0.02800317
0.01741117
0.08733757
0.11603401
-0.09468400
0.15278234
0.17725929
0.06196795
0.03593773
-0.03310885
0.09901338
-0.01847760
-0.00263123
-0.09482305
0.23523048
0.04381926
0.16117703
0.12419616
0.06788054
-0.16027496
-0.05746848
-0.00614098
0.04054656
-0.19700687
0.11207841
-0.08783255
0.01758285
0.05857829
0.19503700
0.03399601
-0.03363975
-0.14170176
-0.05924273
0.07021072
0.01119240
0.07651317
0.05227753
0.03113030
0.09866502
-0.13035962
0.13553684
-0.14342509
0.12273489
0.09653315
0.09222783
-0.27285937
-0.09656025
-0.06381954
0.09254733
0.07540711
0.14853348
0.18768346
0.00058709
-0.04150445
-0.21327032
0.23171227
-0.02077521
-0.03034260
-0.06727520
-0.02065385
-0.17193111
0.03133985
-0.08017344
0.21154117
0.06665088
0.08293326
-0.18604981
0.01768489
0.12155674
0.07809448
0.07202442
0.15640975
0.15479505
0.04255078
-0.05186851
0.06122021
0.20043194
-0.16127867
-0.08227120
-0.06887173
-0.00686582
0.04187895
-0.03317699
0.12776815
0.06175978
0.10876959
0.10991429
0.27461808
0.17894813
-0.15438882
0.05126690
-0.06930508
0.19066336
0.10728278
0.18381493
0.00643816
0.13666562
-0.07229811
0.07522394
0.14638352
-0.04230751
-0.08360105
0.07682965
0.08169822
0.14318905
0.28631025
-0.07581789
-0.01225942
-0.12467717
0.09033895
-0.00945781
0.08513529
0.09879114
-0.23529281
-0.05370439
-0.07494283
0.04280500
0.04160555
0.03887754
-0.01648605
-0.02660564
0.00476794
-0.03663526
-0.03529973
0.00607902
0.09101200
0.00959490
0.11840138
-0.06959975
0.07844659
0.08075379
-0.18562548
-0.01340838
0.00837324
0.26363688
0.09686684
-0.03373683
-0.13763532
0.22907250
0.14656710
-0.08029638
0.02975284
0.14554669
-0.00997329
0.04794548
-0.14747745
0.09956936
-0.03099747
0.00076615
0.04352973
0.04693944
-0.13518993
-0.15921838
-0.01437807
-0.02482357
0.11594656
-0.04424511
0.15544007
0.04834792
-0.04745119
-0.00629979
0.00543502
-0.12851289
0.06383859
0.16244716
0.03282848
0.10009920
-0.03700516
0.03859233
0.07186469
0.00388421
0.10051402
0.11090230
-0.06246446
0.14035944
-0.00356447
0.04232715
0.20787720
0.05385010
0.07646239
-0.18078358
-0.02173048
-0.19651119
-0.24326307
-0.09778875
-0.11562771
0.00779351
-0.22163830
0.06003623
-0.00152125
-0.00328503
-0.05664491
-0.09507352
-0.07225369
0.12722416
0.06418348
-0.08919489
-0.14518012
-0.17155082
-0.09303998
0.10235491
0.18448432
-0.03121886
-0.00122531
-0.09730042
-0.01982520
0.17166572
0.20872284
-0.10296745
0.19317596
0.12465019
-0.01931814
-0.08730354
0.10827976
0.13374037
-0.17247528
0.08348316
-0.01721299
-0.05889928
0.26638182
-0.00715708
-0.01774090
0.01056763
-0.07297334
0.10128558
0.15645077
-0.01281044
-0.01684305
-0.04937261
-0.01906659
-0.08495279
0.13651296
0.06585162
0.20096409
-0.07026347
0.03362617
0.10221594
-0.10392402
0.07490233
0.01524571
0.11963845
0.04418934
0.04593644
-0.13561531
-0.13301027
0.05368804
0.14881409
0.03002817
0.00196611
-0.02878141
0.00976633
0.02125550
0.06275390
-0.16208645
0.13124161
0.04135011
0.07418953
