-0.18177485
0.30909249
0.17140722
-0.14023917
0.09526080
-0.33763530
-0.13649948
-0.18975326
0.02277693
-0.11904702
-0.05047059
0.57434639
-0.04656017
0.31598251
0.19557295
-0.25282469
-0.16754312
-0.06167338
0.36578395
-0.40561428
0.21818426
0.30170919
0.07338196
0.04149271
0.08251881
-0.46231005
-0.00243098
-0.01348193
0.13941163
-0.40659419
-0.03959927
-0.23928699
-0.00141943
-0.26119306
-0.37092492
0.19971162
-0.08250493
0.35835110
0.18501183
0.26137204
-0.13247962
0.12405473
0.36651435
-0.08099580
0.64454507
0.36789939
-0.25245522
-0.38698909
-0.26779659
0.11678456
0.07895741
-0.09533199
-0.09887419
-0.17922047
-0.05060290
0.26847373
0.07458153
0.05917546
-0.13554015
0.23141082
-0.14758855
0.14407202
-0.00313550
0.00195423
-0.83920224
0.34848351
0.18830079
-0.20966566
0.37688305
0.32972837
0.09444427
-0.29007180
-0.01246474
0.23118098
0.16166952
-0.10447341
-0.13922009
0.31067366
0.48058702
0.20724004
-0.15832003
-0.03659622
0.10007233
0.20526580
0.07908294
-0.08935330
0.34196982
0.37777397
-0.04215962
-0.00563326
0.18334193
0.00687154
-0.06321213
0.14782360
-0.14332249
0.09211613
0.13102520
-0.07604695
-0.48721195
-0.10630430
0.45889518
0.15049174
-0.03900315
-0.23923297
-0.21575442
-0.10857066
0.29415149
-0.17237926
-0.06997077
-0.19375315
0.22583625
-0.06984148
-0.28023788
0.17054402
-0.13891436
-0.11539260
0.07466674
-0.20764900
-0.10735529
-0.00690407
-0.26698410
-0.12961990
-0.23807370
0.24808694
0.00453136
0.41065437
0.43295481
0.03842702
-0.46181950
0.14212634
0.23557217
-0.05870547
0.03095643
0.03735516
0.01834945
-0.07460539
-0.17460329
0.12362542
0.22676262
0.09274770
0.12782728
-0.21735328
0.20895189
0.12042215
-0.04428339
0.36717644
0.36166269
0.07922818
-0.20284703
-0.21261952
0.43078407
0.16069389
0.07919747
-0.29060996
0.12294377
0.44000163
0.27962118
0.19860767
-0.05267092
-0.53876577
-0.02813808
-0.18297761
0.27737125
-0.08924730
0.57256734
0.12228270
0.34169791
0.09850710
0.25290203
-0.04082858
-0.11310717
0.24450539
-0.00018528
0.04763645
-0.11035555
-0.35931508
0.42843222
0.36731163
-0.01684493
-0.09004864
0.33996723
0.33735446
-0.31271120
0.29079928
0.06971800
0.27319743
0.03616710
0.18259133
-0.32612642
-0.20813962
-0.08275563
-0.01636952
-0.14256672
-0.24988020
0.37940423
-0.33615143
-0.42686938
0.41564073
-0.21350892
-0.03794536
-0.18142291
0.15601086
-0.13822727
0.28800664
0.22906964
0.05638305
-0.05498596
-0.17956086
-0.20113987
0.36193290
-0.12306379
0.03929923
0.07216710
-0.10723007
0.03369224
-0.05882797
0.41873051
-0.23782545
0.20494122
-0.37001874
0.08982583
-0.05441558
-0.23859646
0.33657847
-0.02683694
-0.15373360
-0.57132450
-0.21614821
-0.29409569
-0.03969245
0.25373531
-0.15349751
0.17924723
0.06118122
0.20037630
0.15578847
0.32830316
-0.12940396
0.02505750
0.14617442
0.21490710
-0.00651338
-0.16408388
-0.01874553
-0.20924869
-0.08427143
0.15770477
-0.18300275
0.14121452
-0.21357836
0.28264843
0.53808835
0.21878703
0.04081264
0.05095374
0.14282633
-0.21747896
-0.04838229
0.11462627
-0.17992414
-0.05801996
0.07550346
0.20878609
0.19901580
-0.09490519
0.00799400
-0.12262470
0.24400900
-0.11212677
0.29048204
-0.15698469
-0.07941297
-0.16324071
0.02959338
0.21841012
0.32958939
0.22053336
-0.14385222
0.15534647
0.00835861
0.40028920
-0.03044013
0.26744291
-0.28911114
-0.16646393
-0.40189855
0.14906640
0.10073569
0.08654586
0.04411547
-0.29542184
0.25051980
0.20871636
0.02621666
0.16817301
0.17239787
-0.14916216
-0.00855182
0.11996990
0.16156121
0.28593833
-0.16730189
0.28870817
0.03361941
-0.19298588
0.23863105
0.10739968
0.30699915
0.17291780
-0.45105094
0.27982335
0.28119585
-0.05109223
-0.12050217
0.21491645
-0.32131228
-0.27517862
0.05092977
0.14968206
0.29490884
0.26709709
-0.07426943
-0.24489994
-0.08169628
0.36740759
0.35402428
0.32007685
0.29834179
-0.32612802
0.07376180
0.06150835
0.14358749
0.00074825
-0.21027294
0.26224593
0.00206282
0.29148587
0.24389546
-0.03007195
0.12474115
-0.24924355
-0.01794655
-0.50438799
0.14232492
-0.15249363
-0.27432663
-0.12124272
-0.16066419
-0.17670437
0.31710099
-0.33509054
0.16513241
-0.11647709
0.21898624
-0.22647367
-0.15691052
0.18530661
0.27927886
-0.01722724
-0.10791309
-0.04909064
0.41546425
-0.11577755
0.15843567
0.17052843
-0.08449032
-0.08562868
0.30378274
-0.22937888
0.14219402
0.27996178
0.13075151
-0.27124860
0.12158515
0.17197842
0.17013012
0.06059906
-0.25885108
0.12945980
0.26785616
0.26204425
-0.25927629
0.01172150
-0.04041231
0.00053275
0.02850996
0.16069572
-0.27137162
-0.07879700
0.28365802
-0.44848928
0.15543707
-0.16395555
-0.24810349
-0.08320982
-0.18432073
0.05627626
0.19034116
0.15590149
-0.26887593
-0.00796479
-0.30478302
0.07809676
0.15669702
-0.01143827
-0.00650089
0.18834978
0.06598408
0.06682540
-0.02796646
-0.04922616
0.10053835
-0.09007567
-0.27165078
0.18741438
0.12109728
-0.23588567
0.16586572
-0.14957570
-0.42291752
0.13258389
0.53549664
-0.06298337
-0.40781781
-0.08714082
-0.24901296
-0.30393797
-0.18739474
0.16765390
-0.21775279
-0.21228269
0.26907024
0.18636116
0.00876192
0.12869193
0.33429204
0.07693173
0.13027967
0.12464229
-0.22204778
0.09566545
-0.14941866
0.19004384
0.17517278
-0.27768748
0.18690417
0.44018401
-0.10822699
0.04308894
-0.03896067
0.01433426
-0.34136232
0.08171504
0.13743676
0.21580358
0.13499543
-0.13249661
-0.11046555
0.00292009
0.10814388
-0.11358613
-0.01385329
0.15790383
0.10151120
-0.18602891
0.32765500
-0.21675565
0.46412597
0.07903281
0.01019254
0.21748457
0.05284170
0.01824797
0.20854487
0.05892573
-0.07551909
-0.22808961
-0.17718284
-0.24642627
-0.06276924
0.13495434
-0.03875607
-0.19354578
-0.40796810
0.34628031
-0.15602230
0.02842703
-0.00017977
-0.17388752
0.20045406
0.04791482
0.00672209
0.01007788
-0.18449618
0.20619004
-0.15611192
-0.12172713
-0.47385573
-0.10831127
0.22233725
-0.10221115
-0.12674580
0.01422530
-0.29218839
0.48778053
0.12245945
0.30668759
0.35955462
0.13561702
-0.15417460
0.08750286
0.14335482
-0.11450323
-0.03603278
-0.47435475
-0.05441177
0.23189867
0.33226490
0.18505789
0.05679990
0.46012921
-0.43507785
0.43552572
0.00131337
-0.18591463
-0.00727648
0.05177127
0.50304835
0.15230160
0.11304035
-0.14518927
-0.11570545
0.08487828
0.11556616
-0.26491776
0.06227415
-0.23834614
-0.03854290
-0.00036204
0.31614700
0.01160524
-0.00251803
-0.19778857
0.34715553
0.12776550
0.22977254
-0.45415216
0.24330881
-0.57277744
0.18919401
-0.54431701
-0.02510740
-0.01578916
-0.26510890
0.01922905
-0.09909295
0.18305217
0.06924884
0.14476892
-0.29292851
-0.00103673
0.20128856
-0.13216649
0.00054881
-0.14155620
-0.31779436
-0.30731974
-0.31412896
-0.04528895
0.14653386
0.15459966
0.21797362
-0.06193277
-0.16246132
-0.00829726
-0.51061710
-0.20558786
-0.38815696
0.23161575
0.02591224
0.04281357
0.07844555
-0.04535280
0.25109313
-0.07818505
0.27111331
0.16456000
-0.02959158
-0.17329187
-0.14535203
-0.10613794
0.03671757
0.18694451
0.24374391
-0.15282627
-0.21174748
-0.34297716
0.29794096
0.18808661
0.22369307
-0.31568045
0.27192249
-0.27105527
-0.11821593
-0.14527910
-0.20385119
0.21839926
-0.23007847
0.09851572
-0.12076738
0.04441198
-0.34439016
0.03201199
0.04874627
-0.16821110
-0.06555161
0.09583019
-0.22805860
-0.09953195
0.21297166
0.07627137
0.30689757
-0.21214982
0.08755732
0.03329034
-0.10067829
-0.05858693
0.38747244
-0.43591998
0.06092873
-0.13962737
0.19333657
-0.19493490
0.00868212
0.27010114
0.18463609
0.07802957
0.09302494
-0.10361428
-0.06330048
-0.10071355
-0.40285944
0.32975612
0.31751318
-0.01628760
-0.47943686
0.17347262
0.57261503
0.12640077
0.04927947
-0.07175877
0.14574936
0.46321736
0.17613004
0.26981622
-0.06075526
0.34722598
-0.21766206
0.20205578
0.04708668
-0.04769779
0.00238192
-0.27326943
-0.44734364
-0.02200340
0.09412187
0.30107916
0.16804034
0.11257039
-0.21648923
0.03092806
-0.06034030
-0.07007403
-0.03919079
0.04111817
-0.06011644
0.40338971
-0.17395251
-0.38739248
0.23823130
0.35989606
0.36439197
0.47411434
0.31169156
0.26787421
0.20543408
0.29140166
0.25122584
0.46923048
0.48168548
0.08631533
0.08310750
-0.10608826
-0.52165670
0.04175544
-0.22654503
0.04286593
-0.31128698
-0.13895255
-0.99220336
-0.70439627
-0.80773967
-0.60629061
-1.03465486
-1.12669244
-1.11061106
-1.34304646
-1.18575701
-0.98972338
-1.57025300
-1.32038885
-1.22116765
-0.91460584
-1.26270582
-0.98906064
-1.04417163
-0.65646825
-0.16578190
-0.30636856
0.06855405
0.49583894
0.84136936
0.43444889
1.15423479
1.19305784
1.48337745
1.11588492
1.78482037
1.69748073
1.54791077
1.80619045
1.02042920
1.82194690
1.72151129
1.71926854
1.16218541
1.51101811
0.99961212
0.91777197
0.61127213
0.51976354
0.37472685
0.44847103
0.19583335
-0.19963624
-0.25288510
-0.48467082
-0.48429832
-0.47363138
-0.71876965
-0.65690448
-0.96747737
-0.41406357
-0.69335962
-0.39758183
-0.79765773
-1.04544148
-0.62954551
-0.76166959
-0.66868996
-0.69968949
-0.65544589
-0.30284717
0.07867191
-0.04070531
0.00447575
-0.20258514
-0.05195538
-0.41129174
0.10171101
-0.16695515
-0.10305814
0.27945884
0.11154764
0.18850655
-0.13032671
-0.15969944
0.13142809
-0.03256425
0.21357307
0.30590797
-0.40188013
0.38272069
0.46972677
-0.04230839
0.06350283
0.13032335
0.17931274
0.01378773
-0.04553522
0.24497134
-0.23602365
-0.34845372
0.18424368
0.16163011
-0.24063944
0.04608679
0.14594711
0.46567104
0.18354553
-0.01288725
0.26358825
-0.09894193
-0.06381870
0.07322451
-0.03971866
-0.02141199
0.11655579
0.30509366
-0.09436103
-0.09601870
-0.04941306
0.05952312
0.31453141
0.17660981
0.19241143
-0.22720656
-0.01808641
0.33532259
0.12819264
-0.43926064
0.10889518
0.15309408
0.28215294
-0.09883355
0.19556609
-0.03240809
-0.20535688
0.08278572
-0.24951814
-0.05159195
0.05349427
-0.24833815
0.21076317
0.36990950
0.10082622
0.25866217
0.26885206
-0.13576811
0.09750379
-0.15543936
-0.44819338
-0.01406704
-0.13756186
0.01192895
0.44119314
-0.06488330
0.05018103
-0.30883678
-0.23571632
-0.01346693
-0.10079444
0.08885459
0.47904327
0.16458961
-0.24557147
-0.17911535
0.09620441
-0.48003991
0.06417957
0.00226133
0.13941962
-0.03859159
0.11844584
0.73396274
0.03723166
0.23183344
0.01108747
0.05110101
-0.37381297
-0.05918983
0.52116344
-0.01250668
0.05091192
0.06993459
0.04772538
0.02985768
-0.00301924
0.22768312
-0.05626100
-0.23004482
-0.24446281
-0.15180689
0.01352788
-0.06103049
0.22571765
0.05219090
0.32612661
0.06914558
-0.08310682
0.12759797
-0.50951783
0.11080557
-0.01574869
0.25989595
-0.16681541
-0.01550575
-0.08210303
-0.09981624
0.11539809
-0.00713237
0.24098064
-0.12517476
0.01666618
-0.16885364
-0.01966447
0.11138717
0.06063533
0.07202935
-0.32940232
0.09445661
0.15223486
-0.29728661
-0.22358795
0.10305723
-0.19943322
0.34814520
-0.11815208
-0.42696610
0.07146834
0.11804209
-0.04978562
0.29412744
-0.17694710
-0.00449410
-0.05664232
0.59157486
-0.20957220
-0.10891889
0.73986630
-0.44933074
-0.38772156
0.28796766
-0.23481723
-0.25205544
-0.19585527
0.05144044
-0.32593148
0.09395962
-0.40377029
0.03052685
-0.43483339
0.21917699
-0.07797189
-0.46551873
0.15304534
-0.04850943
-0.21063102
0.22242301
-0.33789004
0.09447574
0.32540811
-0.05294024
-0.18749438
-0.31255495
-0.25613272
-0.07291558
-0.00374983
0.38745153
-0.21981783
-0.06462114
-0.12760300
-0.36617387
-0.22044012
0.12545372
-0.15250869
0.11237219
-0.22806846
0.03359923
-0.05664968
-0.40696751
0.07803484
0.10526911
-0.12684724
-0.02529796
-0.13541638
0.43741775
-0.16354798
-0.09726699
-0.04087201
0.12186689
-0.12655508
-0.50391812
-0.35625521
0.13950174
-0.32337899
-0.27579349
0.07425646
-0.18988259
-0.23636046
0.47911940
-0.01368932
-0.48744332
-0.14088048
-0.03364051
-0.22344668
0.08288218
0.16154535
0.11255030
-0.06831320
-0.08737780
-0.39915232
-0.01346592
0.34679420
-0.14209638
0.21835422
-0.20952975
0.11768256
0.04653202
-0.02217341
-0.05459772
0.18182823
-0.03414244
0.11029695
0.12924742
-0.12677004
-0.05267155
0.24710854
-0.30752198
-0.10609595
0.12253605
-0.03572552
-0.18140338
-0.39412293
0.13148321
-0.07768258
0.41938595
-0.27750291
0.22441234
0.07508552
0.48667504
-0.24446383
-0.54268414
-0.00291057
-0.00767027
-0.00045922
-0.16516825
0.15765076
-0.34760341
0.07719334
0.20448152
-0.56855928
-0.19007024
0.18566029
0.25063799
0.14995726
0.02929771
-0.07155375
-0.53643495
-0.05597854
-0.17463804
0.10678049
0.30623515
-0.33967949
-0.02104114
-0.20587070
-0.25120060
0.33645911
-0.03235383
0.11826512
0.09717231
0.13910875
0.85943815
0.09492185
0.35821728
-0.03678751
-0.03187997
-0.08939876
-0.00681609
-0.15770117
-0.51336140
0.34757393
0.19812630
-0.00268864
0.55571693
0.25082941
0.03876739
-0.05146365
-0.23466266
0.42493686
0.10742654
0.11721646
-0.01560253
0.31371852
0.04386088
0.10662805
0.01096297
-0.14061750
0.01813035
0.20908849
0.47927813
0.41000023
0.32204244
-0.42812866
-0.06028070
-0.40846148
-0.01197869
-0.06161174
0.04064702
-0.32051714
-0.28588504
-0.06203066
0.14919601
-0.21821076
-0.08173117
-0.16045092
-0.07326631
-0.39682629
0.19267542
0.21735759
-0.34795264
0.02966922
-0.24773916
0.28116430
-0.06249199
-0.34883658
0.11663232
-0.00324384
-0.32420536
0.14576464
0.23705926
0.01025181
-0.03373535
-0.06456576
0.09710182
-0.06631548
-0.14560867
0.00689104
0.09313389
0.14776279
-0.01227780
0.18463581
-0.11300688
0.26039992
-0.24564786
0.27456269
0.11860409
0.31886855
0.23255922
-0.23065503
-0.11310509
-0.01480585
-0.21249874
0.15577364
0.07378100
-0.12724769
-0.20722322
-0.06423843
-0.20705915
-0.18063110
-0.00828274
0.11504407
-0.40771525
0.23137927
0.34554835
-0.01580785
-0.38197387
0.00409986
0.56477643
0.09070955
0.32891858
-0.05432840
0.03376773
-0.06923784
-0.19006237
-0.16346546
0.10286702
-0.12177603
0.27923786
-0.05179838
-0.13454247
0.36347888
0.19657080
-0.18018333
-0.05752202
0.20119837
-0.23920015
-0.10919442
0.42602500
-0.00002561
-0.34520577
-0.25900866
0.05731888
0.05013037
0.29315540
-0.00542975
-0.21349267
-0.12668370
0.38730292
-0.46145561
0.17518789
-0.05678995
-0.28089185
0.24594646
-0.16954530
0.40871382
0.07423811
-0.10322264
0.18474764
-0.35527553
-0.19224428
-0.17582079
-0.08565606
0.31892729
-0.08602738
-0.23979922
-0.66504574
-0.14995369
0.21789705
0.10095254
-0.27764474
0.24173862
-0.17192561
-0.11309012
-0.07706239
-0.21129924
-0.11528384
-0.39590247
0.01920129
0.01531007
0.07750551
-0.24084100
-0.13585917
-0.21127267
0.10191251
-0.01150491
0.02301874
-0.28447997
0.06202992
-0.01329179
0.08877462
0.00603464
-0.15378766
0.07317603
0.04003509
0.17996550
-0.38805807
0.16667517
0.40248332
-0.25361474
-0.07375029
-0.03203058
0.27907336
-0.22783239
0.24857220
-0.42805887
-0.50217467
0.09980213
0.09609023
0.21332159
0.04464972
0.21656783
0.21141183
0.32512545
0.23456815
0.11681186
-0.05131166
-0.23429697
0.21630726
-0.26537381
0.24584401
-0.21820312
-0.02990364
0.12178787
-0.13104060
0.33985327
-0.13930899
0.04980449
-0.12782956
-0.33747302
-0.07016263
0.11999375
-0.28071177
-0.14029335
0.50396169
-0.25702922
-0.20595735
0.16824327
0.11220611
-0.30558559
-0.14622414
0.05950538
0.15932126
0.27704725
-0.22276904
0.35195067
0.34296609
-0.03675079
-0.21814458
0.16076727
0.00357558
-0.10175598
-0.00439944
-0.16294160
-0.17212857
0.11673943
0.20475527
0.34735807
0.13629893
0.03396101
-0.22175235
0.06376948
0.25626762
0.22658070
-0.40959968
0.33250268
0.70153313
0.17906495
0.20370240
-0.08028591
-0.30501839
-0.11597152
0.18616987
-0.09096373
0.11352999
-0.01559201
0.27302356
0.26820099
0.38888978
-0.16719800
-0.04900120
0.13086960
0.17453465
-0.01834843
-0.11041970
0.24712685
-0.12102982
-0.04921770
0.30291174
0.07303371
-0.05904557
-0.21744672
0.23748857
0.07902637
-0.42911096
-0.32697033
0.34056635
-0.32700634
0.08250883
-0.22452966
-0.06412729
0.21877383
0.09583413
-0.04392496
0.27349133
-0.04719828
0.04539246
-0.11124684
-0.48997465
0.22618478
0.00708805
-0.20676462
-0.22181384
-0.15132548
-0.09020499
0.10071725
-0.19036124
-0.07882697
-0.25391153
0.00760160
0.05782103
-0.03734887
0.43202062
0.07290417
0.02653782
0.24895312
0.12400497
-0.24791483
0.06379093
-0.29243872
0.24478403
-0.45811013
0.31061746
-0.36486797
0.00759578
-0.17697665
-0.13403217
-0.27449059
0.03123219
0.11791701
-0.19762652
-0.31698850
-0.03455327
-0.16436580
0.06359450
-0.05521048
0.08240525
-0.20220762
0.08385566
-0.38152700
-0.33632429
-0.09456144
0.07280083
-0.11517294
-0.10399136
-0.10209789
-0.29463122
0.06578173
0.30758290
-0.28405336
-0.09172169
0.39249438
-0.07651246
0.18036122
-0.08887309
-0.21432660
-0.08240680
-0.04009383
-0.02230836
-0.29488242
0.32770980
0.21756917
-0.06400778
-0.18351523
0.10470488
0.00009261
0.24890142
-0.24145167
0.18485921
-0.37787731
-0.05974420
-0.31952636
0.09980868
-0.28223186
0.26898023
-0.22795472
-0.25629054
0.12695480
-0.27228545
0.21916076
0.32285383
-0.19288227
0.36873797
-0.40197452
-0.05285899
0.24142638
-0.23488138
0.08086294
-0.18692724
0.12027078
-0.36720990
0.18856173
-0.36142003
0.08515325
0.11446886
-0.10799828
0.09949428
-0.01232903
0.13246401
0.09441902
0.09718508
-0.56940645
0.07786539
-0.43952167
-0.12799545
-0.05208160
0.01716180
-0.00602922
-0.12368625
0.07240983
-0.00815021
0.23708630
0.20097122
0.50983151
0.37855846
0.38274956
-0.05491230
0.03298706
-0.00725150
-0.03911338
0.27138530
-0.10659215
-0.16409491
-0.13195136
-0.10151910
0.04686299
-0.08565450
-0.05218110
-0.07992175
0.13142519
-0.09377920
0.21269069
-0.20704834
0.13504009
-0.18015377
-0.01862499
-0.22398390
0.18864171
0.11439645
0.23710487
0.16058785
-0.19990955
0.00281039
-0.35413645
0.24746347
-0.28864396
-0.19106286
0.12113824
-0.16683107
0.00672709
0.21915242
0.04492930
-0.16527701
-0.53069515
-0.01703896
0.17730874
0.14402640
0.42655004
0.14624457
-0.03965776
-0.71530019
-0.06779117
0.12319480
0.15362026
-0.16572214
-0.06416865
-0.03962470
-0.21851167
-0.21837830
0.32023449
0.04833553
-0.20448565
0.11143610
-0.14796320
0.02936851
-0.04761319
-0.10461862
-0.05683925
0.66855759
0.19606540
0.25846930
-0.19631787
0.08148756
0.42125694
-0.32098660
0.17675839
0.25707350
0.09703926
-0.06356035
0.13089592
-0.21698037
0.04531328
0.04443428
-0.23403398
0.09007109
-0.37888443
0.03383298
0.02293496
-0.07680986
-0.10883271
-0.19561662
-0.60399719
-0.14504237
0.13661566
0.00752254
0.41281852
0.04049802
-0.05082151
0.09753416
-0.03932818
-0.13620505
-0.03186218
0.11300348
-0.01170857
-0.28909240
0.01149099
-0.11800404
0.18107580
0.10371134
0.40803739
-0.23270193
-0.06891513
0.02717381
0.24408857
-0.14278233
-0.25153695
0.41214067
0.26087546
0.13410541
-0.13617031
-0.09554974
0.03765543
0.02242180
0.12455684
-0.38138561
0.11729004
-0.21070040
0.26397487
0.11084917
0.31271923
-0.16052554
0.28688698
-0.04593374
0.04341349
-0.22702773
0.12730621
-0.11736556
-0.14610685
0.59162971
0.48299402
0.16987990
0.15854678
-0.09847896
0.14954707
0.05969247
0.37769181
0.03008462
0.11359089
0.20939998
-0.19864966
0.37756303
-0.09064973
0.27416880
0.37393276
-0.34900223
0.37945745
0.03009331
-0.05429726
0.08694693
-0.06585517
-0.18496847
0.18236238
-0.18342744
-0.23714312
0.06597271
-0.11097348
-0.04214311
0.15367806
0.02354796
-0.24927387
-0.19252166
-0.18459050
-0.06253493
0.29092506
-0.13017019
-0.06438018
-0.05301276
-0.17791373
-0.06776937
-0.40379546
-0.03311799
0.05244682
-0.03212812
0.02834865
-0.18711804
-0.17235275
0.15957002
0.39579395
-0.37031318
-0.13333993
0.32578650
0.21122829
-0.07929029
-0.13970937
0.10036811
-0.10347964
-0.10378213
-0.27340859
-0.16630604
-0.12992741
0.40174118
-0.16159100
-0.30395145
0.15396935
0.11338161
0.64334267
-0.08558816
0.49117138
-0.01538350
-0.12353917
0.26199475
-0.28853873
-0.02020446
0.14334213
0.05771921
-0.00943617
0.23279010
-0.26073183
0.03596187
-0.16619348
-0.24177817
-0.24648102
-0.01826035
0.14610023
0.32914542
-0.04810591
-0.10916208
0.00387286
0.36933241
-0.36374194
-0.06035789
-0.22825368
-0.18329124
0.02676687
0.00239103
-0.28613027
0.07578563
0.22189272
-0.06230918
-0.34258073
-0.39468997
0.20845460
-0.22243169
-0.30106631
-0.22159123
0.09639836
-0.06721530
-0.07450134
0.03806634
-0.33146939
0.06917082
0.05731066
0.24142828
-0.06366263
-0.06600067
-0.07144125
-0.04467772
0.17004248
-0.34243453
-0.31861460
-0.29191507
-0.02911300
0.09251065
0.02526432
0.00380430
0.03468236
0.03737266
0.42636239
0.09804058
0.25098547
-0.01648559
0.17250155
0.14560213
0.23693953
0.00729667
0.19195377
0.31999060
0.07802761
-0.49416408
-0.26384449
0.13203398
-0.07829706
-0.11311505
-0.11628542
0.01360128
0.20366682
-0.29409134
-0.09518242
-0.05601351
0.18127436
-0.06923262
-0.32505954
-0.35764511
0.35337187
-0.10417450
-0.06151677
-0.05063254
-0.12588478
-0.41529410
-0.30411068
0.12058605
-0.20487976
0.25285705
0.22765267
0.19558865
0.36711392
0.06007905
0.36484311
0.10959476
0.22221348
-0.05588516
0.44005351
0.24083395
0.24059809
-0.08638805
-0.11284029
-0.06714192
-0.27609077
-0.25936993
-0.29114209
0.27253940
0.10007107
-0.14305717
-0.11794095
-0.09741119
-0.02567185
-0.08299953
0.46068855
-0.05474321
-0.06499273
0.08314341
-0.03903585
0.14076862
-0.12423096
0.00900163
0.11573096
-0.27768860
0.13259829
-0.19023376
-0.01312041
0.05296608
-0.04407821
0.22551653
0.29433191
0.40938552
-0.15650542
0.26378039
0.07268825
-0.20725897
-0.00351311
0.29217889
0.40377353
-0.04755977
0.12008002
-0.18051941
-0.02879661
0.39267973
-0.40739206
0.02726066
0.45680722
-0.16871774
-0.13051935
-0.05554221
0.33995792
-0.20975379
-0.02193636
0.04257531
-0.02405715
0.18869899
-0.15192098
-0.09855600
0.19532388
-0.36821639
0.01038347
-0.15798944
0.06206503
0.02097582
-0.12878195
0.00748636
-0.02345722
-0.43500388
0.20102529
-0.09408626
-0.21455463
0.18712197
-0.31121331
-0.17349962
-0.12056756
-0.03395265
-0.03438883
0.04336235
-0.03085607
0.04503954
-0.24904264
0.30311595
-0.02541189
0.29387208
0.24389802
0.09839017
0.13156127
-0.28544576
-0.17176935
-0.37202434
-0.05630565
0.15097352
0.01683295
0.00115824
-0.35268650
-0.12784812
0.16317608
-0.24767530
0.70134605
0.20095915
-0.04222773
0.06067735
0.02380703
-0.14490084
-0.25278926
-0.01573436
0.27379126
-0.19727724
-0.04526586
-0.22974919
0.50301614
-0.24639400
0.16320535
-0.10736347
-0.19935420
-0.27426770
0.10531531
0.28844562
0.18873730
0.08933275
0.11069728
0.11314533
-0.42859240
0.16654252
0.21214735
-0.36746227
-0.25341566
-0.02338056
0.05937362
-0.03788971
-0.01468574
0.09293394
-0.26028200
0.22203660
-0.33492460
-0.21482851
0.13417165
-0.04537936
0.31996413
-0.01534500
-0.01813051
0.01743157
0.06766155
0.15613780
0.20299748
0.19372493
0.07477183
0.06713256
-0.20767120
0.41544172
0.26815771
0.15821985
0.08902445
-0.01469619
0.24176507
0.12454411
-0.18038151
0.14030027
0.13501059
-0.10631673
-0.05918427
0.12663304
0.25981596
-0.22943736
-0.05568141
-0.25421530
-0.32914902
0.02120980
0.34055398
-0.19274860
0.12654088
-0.16155163
0.26849577
0.00274639
-0.05986757
-0.23517712
0.18532978
-0.06513161
0.09991362
0.04238587
-0.07465374
-0.04917643
0.55786638
-0.41141096
-0.03088553
0.57873087
-0.28391525
-0.18325830
0.10220002
0.05326910
0.17577506
0.31743579
-0.04574252
0.08191740
-0.13190546
-0.05918279
0.19594074
0.14133670
-0.15532622
-0.69774611
-0.33915845
0.05536020
0.03103357
0.16118897
0.33998721
0.20099691
-0.10067228
0.28796860
0.02806423
-0.05077836
-0.15427287
0.02508093
-0.05076588
0.34674555
-0.24189786
0.16236440
-0.06974785
0.49134450
0.02407312
0.08133691
-0.09732024
0.23494183
0.02103411
0.19551520
0.52370131
-0.26333436
-0.14294367
0.13016549
