0.10750814
0.20791687
0.23491528
-0.13861683
-0.18093003
-0.03574175
-0.07106613
-0.17593707
0.17633257
-0.30660977
0.19072954
-0.11397468
-0.02012536
-0.01685722
-0.18241177
0.16225754
-0.19888418
0.04783019
0.37306800
0.18459765
0.00812395
0.18112637
-0.28262274
-0.19332279
-0.04369064
0.20161560
0.31598328
0.47065806
-0.12306167
0.09408566
0.15128941
-0.34306201
-0.09586906
-0.53000873
0.29697477
0.38555770
0.22097651
-0.41326425
0.10472243
-0.08659613
0.16865127
-0.12149781
-0.20610411
-0.26878094
-0.38077193
-0.15891896
0.08512714
0.37862375
0.18776806
0.27717970
0.03697855
-0.24024877
-0.14696187
0.02496829
-0.23998402
-0.02132429
0.05819876
0.07954898
-0.20288805
0.09221599
0.05034779
0.40697637
-0.14535363
-0.02361613
0.25946862
0.07157400
-0.11722251
-0.22231053
0.26301021
-0.02179824
0.22810027
0.56125003
-0.09392752
-0.28796459
-0.08518797
0.40525088
-0.24085061
0.09712191
-0.45569277
0.00828770
-0.24096977
-0.08373718
-0.00293114
0.15568002
0.04075144
0.17369013
0.02110486
0.33742686
-0.17169859
0.17003110
0.00638803
-0.31643013
0.16386056
0.23887439
-0.22643994
0.02607240
0.13763887
-0.07718615
0.50119485
0.03019256
-0.25336446
-0.36894225
-0.14745868
-0.17881912
0.17631429
-0.12245520
0.19331131
0.23343601
0.31021918
0.15355951
0.02952348
-0.07689350
-0.01952540
0.18022983
-0.27759357
0.48318924
-0.25582952
-0.05640843
-0.15428117
0.01870926
-0.12130820
0.17496589
0.15037777
-0.10124378
-0.24430613
-0.06294019
-0.28677915
-0.45985908
-0.10974212
-0.00507187
-0.05771697
0.12098228
0.22576244
-0.18665032
-0.21626431
0.18554330
0.14511140
-0.18770533
0.04979607
-0.12988589
-0.42066531
-0.30027818
-0.31690742
-0.38595493
0.14495352
0.01313760
-0.03148255
-0.31944349
-0.08053586
0.01815928
0.26194948
-0.10052682
-0.01052885
0.01661602
-0.11792379
0.10309804
0.03050910
-0.06944258
0.07763709
-0.14017336
0.22070750
-0.01933221
-0.41686511
-0.10596460
0.21268526
-0.20121448
-0.01157255
-0.04085315
0.09228361
-0.20612854
-0.29100710
-0.21650668
-0.05200596
0.36671333
0.06183983
0.06522080
0.17561447
-0.05868211
-0.00627471
-0.00576028
-0.32661523
0.02352346
-0.23301431
0.17938418
0.60128704
-0.01632976
-0.02017753
-0.04042589
0.09671687
-0.29699392
0.01532643
-0.36536724
0.24051556
0.31445087
-0.43676819
0.57749933
0.43836701
-0.00891241
0.14105308
0.16814122
-0.44328944
0.43547159
0.14275518
-0.53766534
-0.51302390
-0.17551011
0.32822027
0.07684382
0.19782822
0.06767840
0.17298594
0.23051467
0.29802935
0.01379855
0.38259680
0.06217533
0.13681784
0.23435624
0.03343292
-0.10662947
0.03600929
0.30651118
-0.21393038
-0.52654359
-0.66449894
-0.12126176
0.38272178
-0.04006989
0.13292068
-0.08295336
-0.31724284
-0.06189305
0.18153732
0.06994268
0.00519303
-0.40919027
-0.33665852
0.08482071
0.00599441
-0.03383534
-0.01071966
-0.19417727
-0.39109429
0.07625077
0.15679514
0.15134970
0.35481384
-0.25321624
-0.18995270
0.23359887
-0.45131286
0.35817945
0.11849083
0.04432661
0.38805583
0.21431223
0.45121891
0.36107591
0.06549312
0.43671893
-0.07604499
0.17604987
-0.28502766
0.21110273
-0.24016538
0.02364282
-0.05948531
-0.01660262
0.47496636
-0.46903105
-0.04154250
0.00817053
-0.20259270
-0.23484103
-0.09338153
0.06640385
0.29897073
0.05729232
0.11158899
-0.18480406
-0.07684196
-0.04995366
-0.18407253
-0.00085900
-0.16088533
0.31489245
0.47400637
-0.21122999
-0.47709466
0.12547611
0.09848698
0.15729306
0.46690972
0.29611586
-0.08243157
-0.20929628
-0.19346958
-0.07283468
-0.09523565
-0.40099528
-0.13227652
-0.09132029
0.25943384
0.00174288
0.12353378
-0.15917218
-0.17970632
-0.04993740
0.19151397
-0.29507311
0.06303207
0.09601515
0.02380633
-0.22170769
-0.03148282
0.37080288
-0.48961008
-0.19269579
-0.19503333
0.06701419
-0.05052270
0.35851243
0.01583781
-0.08162916
-0.07165177
0.27641825
0.10801639
0.03182338
0.16597676
-0.27600756
-0.02355690
-0.21032882
0.41678293
-0.17099902
0.19418349
0.03770331
0.01701640
0.25524174
-0.00322097
-0.24213493
0.01508134
0.07991659
-0.35418326
-0.30443564
0.14553253
0.24436653
0.06623870
-0.05437847
-0.07723258
-0.20900859
-0.11669129
-0.41364999
-0.09560396
-0.26878243
0.07855946
-0.10679555
0.24155345
0.69569802
0.03207542
-0.22405295
-0.14818809
-0.26397220
-0.11392270
-0.08826297
0.33590561
0.01046979
-0.17663457
0.22019412
0.30621359
0.37103113
-0.32627491
0.01914901
-0.05126148
0.16172864
-0.08513775
0.49914760
-0.29194287
-0.13838093
0.01678760
-0.50436500
0.07409883
-0.29817103
0.30175791
0.30811726
-0.34756688
0.00211818
0.09168863
-0.10294164
0.00637359
0.10569195
0.05274769
-0.06822128
-0.24055872
0.22342076
-0.16912585
0.17537200
-0.17207780
-0.11197736
-0.28184163
-0.11625053
-0.06375962
-0.31107736
0.02301247
0.10638934
0.04191735
0.08972871
0.20674962
-0.13315295
-0.09128241
0.05070147
-0.26611481
0.23998037
-0.12292631
-0.00076952
0.46393542
-0.04464715
0.14178881
-0.60461691
0.32615533
0.08905074
-0.12427579
-0.04951263
0.02564547
-0.06498928
-0.37941380
-0.22927942
-0.03362408
-0.06927122
0.36350528
-0.27789249
-0.02412734
-0.03137519
0.07151468
0.16831238
-0.14597798
0.06041653
-0.50529685
0.16658686
-0.52011581
0.09372491
-0.12029852
-0.08240099
0.15844229
-0.34778041
0.06217294
0.21280036
0.16040909
0.00537677
0.34243829
-0.16378421
-0.17517501
-0.29507812
-0.32375782
0.11905662
-0.32705565
-0.27681211
-0.02702944
0.27333776
0.23571356
0.57407882
0.34538345
0.39055183
0.16549455
0.17594430
-0.26010189
0.28304120
0.10304876
0.15876498
-0.13990166
0.15181409
-0.59082828
-0.46478858
0.30471101
-0.16539673
-0.06700992
-0.29688817
0.13798156
0.18924437
-0.25418431
0.05429280
-0.00557738
0.03345588
-0.06226242
0.23001053
-0.21906290
-0.28224798
-0.20927134
0.13741217
0.28875537
0.16733906
-0.11853201
-0.29135453
0.01994419
-0.15865079
-0.28978592
-0.22521723
0.45663036
0.03529544
0.10927101
0.09061063
-0.31895694
0.11442965
0.30142662
0.13832770
-0.16299318
0.06096517
-0.33522444
0.07982650
0.30682827
0.31126899
-0.17576944
0.18755717
-0.34798922
-0.11573027
-0.21931654
-0.02630372
0.10774749
-0.22950098
0.32774971
-0.44883841
-0.24493226
0.01571839
0.03512325
-0.00420342
-0.08629862
0.25123880
-0.03044517
0.09167706
0.13075024
-0.33274977
-0.10429712
0.06643655
0.30781447
-0.08897329
-0.27742981
-0.20561388
-0.34215536
-0.12482928
-0.06680547
-0.01953200
-0.03474636
0.29084463
0.12100568
-0.19949896
0.01421351
-0.10447300
-0.07863873
-0.14840456
-0.02878156
0.29167389
-0.19324179
-0.05796182
0.23956097
0.03911404
0.06691657
-0.05846643
0.04231950
0.02956320
-0.30368018
-0.35704343
-0.16589175
0.11378512
-0.16381628
0.09400746
-0.38631452
0.03142624
0.27178908
-0.01546168
-0.09398745
0.31813477
0.05217496
-0.10517787
0.43996175
0.28994326
-0.10795945
0.36565443
-0.07844452
-0.39087754
0.08406897
-0.14439572
0.27877202
-0.02365235
0.51459377
0.09378435
0.41304739
0.21684072
0.34300119
-0.05610446
0.30906364
0.04595265
0.43883994
-0.15948357
0.23052719
0.08337796
0.16811182
0.22142927
-0.08139731
0.29356150
0.04822404
0.12463572
0.39975899
-0.10900569
-0.14623818
-0.50251425
0.08788799
-0.15965496
-0.08624056
0.02105011
-0.02001128
0.03586889
0.12204130
-0.23209783
-0.06978706
0.22091548
0.13790386
0.03719605
0.15122868
-0.22519221
-0.05492901
-0.19003397
-0.44901033
0.05099508
-0.14885221
-0.02889255
0.17608639
-0.00332246
-0.05094773
-0.08679327
-0.54881373
0.09947580
-0.20568498
0.06877445
-0.31577192
-0.29520405
0.27029071
-0.21911675
0.27379664
-0.01551930
0.19156872
0.13243936
0.08514106
0.17843056
-0.11738818
0.10939620
-0.23780972
-0.05813979
-0.17013862
0.15724929
-0.01591716
-0.10253821
0.13964642
-0.05440438
-0.04057741
-0.05807893
-0.03224292
-0.26328185
-0.09089117
0.04955038
-0.01887055
-0.44401966
0.18460176
-0.06777148
-0.23256900
-0.13332261
0.21374030
0.05539818
0.33325882
0.13499221
0.06387461
-0.12094431
-0.17286525
-0.14924303
0.00465421
-0.01342275
-0.28717483
0.27145969
-0.05163271
-0.18237909
0.20481986
-0.07367839
-0.24620097
0.33224961
-0.26732041
0.07038119
-0.04776136
0.02186808
-0.02243435
-0.26677030
-0.04411875
-0.32859620
-0.26547017
0.08848368
0.19634512
0.15081960
-0.32349444
-0.15224245
-0.12376384
-0.16656971
0.25778431
-0.32865717
0.20749486
0.05457287
-0.00526013
0.23929503
0.02175227
-0.18581590
-0.01006069
-0.65948584
0.07926128
-0.28433738
-0.54371818
-0.47441790
0.46109981
-0.13388081
-0.39145761
-0.13966507
0.10714623
0.10806820
0.22531089
-0.13276162
-0.16202269
-0.11385910
-0.02121048
-0.20932018
0.29236443
0.44639688
0.15169886
-0.17067537
0.13509032
0.07031776
0.15305841
-0.26493386
-0.06231882
0.21121176
-0.21945610
0.16210861
0.08712498
0.26780219
-0.22393414
-0.10356835
0.12379790
0.14011092
0.29252773
-0.02652825
-0.38088965
0.12547460
-0.26690976
-0.08744462
-0.06720967
0.01161300
0.18893603
-0.30965966
-0.09683852
0.05426474
0.33243502
-0.08422901
0.11669309
0.10258928
-0.26051246
-0.39210207
0.15775596
0.19481654
0.21469643
-0.28858148
0.14022995
-0.05997474
-0.40970861
0.27608925
-0.02605483
0.18482506
0.36671163
0.17959807
-0.30271595
0.00121367
-0.04056227
-0.04802145
-0.15354439
0.04132575
0.18860114
-0.09286069
-0.16658449
0.17144564
-0.22833908
0.23747603
-0.18142011
0.14221432
0.21261705
-0.09348341
0.01319220
-0.21527022
-0.35689510
0.26207509
0.02711557
0.07155557
0.34074617
-0.16770376
-0.11700291
0.01822136
-0.22601853
-0.09102156
-0.02984687
0.14506577
0.01805214
0.10838788
-0.14758832
-0.01773558
0.00074512
-0.19950556
0.12800998
-0.28473121
0.04946657
0.17860940
-0.18170129
0.07122088
0.46438652
-0.34742946
0.63547314
-0.03769930
0.05317012
0.05435213
0.03056246
0.19459535
-0.10069195
-0.01680349
-0.32038279
-0.00740238
0.00484653
0.50475762
0.07141427
-0.26490495
0.13379720
0.46374615
-0.05358922
0.35869603
-0.11697366
0.20694237
-0.36236491
0.12304445
0.05887344
0.24638087
-0.30572419
-0.39172265
0.27175047
0.30634681
0.19402277
-0.14571959
0.16548362
0.11929652
0.20735838
0.11950928
-0.29587656
-0.15517626
-0.19642230
0.05543091
-0.25464480
-0.11072912
-0.03712931
-0.13347150
-0.11005324
0.28857499
0.51672186
0.20425222
0.55367812
0.00597856
0.24767015
-0.24871846
0.34634858
-0.39789843
0.40560036
-0.15425583
-0.06444413
-0.20192115
0.05054754
0.13811212
-0.09558996
0.32806058
-0.05043606
-0.03014556
-0.35502552
0.24262299
0.38252750
-0.14207158
-0.08664676
-0.31480483
0.07834305
-0.00699979
-0.21313955
0.27058055
0.42632004
0.16422782
-0.13379263
0.06872324
-0.14908429
0.23510839
0.10986569
-0.10207817
0.04190259
-0.03174798
0.09331953
-0.02195879
-0.14204854
0.04889712
0.18562094
-0.05756131
0.03621792
-0.21450833
0.12106549
0.32511164
-0.52553639
0.23569709
0.36735771
-0.30594749
0.13938849
-0.32411312
0.18791874
-0.26591272
-0.07840906
0.12105236
-0.02254309
-0.04873628
-0.22912992
-0.23622791
0.22761071
0.07253674
0.05109093
-0.29039299
-0.18491468
-0.03615412
-0.14129023
-0.40569307
0.33118414
0.30193882
-0.09299194
0.05165295
-0.12619229
0.12963939
-0.27206261
0.06651290
-0.37403229
-0.23027537
0.10780811
-0.24062795
-0.21157911
0.03461785
-0.01397794
0.18860596
-0.04221194
-0.07291485
-0.20902368
0.07179973
-0.27637111
-0.13403922
-0.55497811
-0.15099767
0.50779749
-0.19364151
-0.34817542
-0.09119294
0.05663692
0.17549062
0.11465200
0.27544188
0.10243527
0.03387553
-0.20238978
0.04725468
-0.13514617
-0.26794793
-0.29036802
-0.01052915
0.49183142
0.05666224
0.20830810
-0.13792123
0.01476402
0.23763436
0.02381669
0.35361662
0.03029922
0.12907434
-0.00347095
0.01972723
-0.32460201
-0.01360085
-0.03765462
-0.34627016
0.15129328
0.18309982
-0.35477350
0.14477145
0.26776777
-0.05954739
-0.10842363
0.05195539
-0.11976344
0.05310222
0.35245085
-0.32213349
-0.22338831
-0.15244531
0.19412372
0.30059221
0.06209026
-0.00519361
0.05851478
0.14281051
0.07486066
-0.09109848
-0.00161279
0.02459649
-0.18335880
-0.15501317
-0.21718338
0.23560869
0.49072726
-0.20010186
-0.10440516
0.20425735
0.55076172
-0.54276342
-0.12275030
0.04095806
0.15647567
-0.00632967
0.26554673
-0.05854456
0.07127422
0.12858711
0.21946722
0.23946903
-0.01760124
0.21516920
0.28600653
0.11297028
-0.06804371
0.18900735
0.07559162
-0.10409670
-0.03373477
-0.08096090
-0.13977061
0.34060889
-0.08621184
0.02813933
0.10757302
-0.47202030
0.17143167
-0.21798439
0.42175689
-0.00574529
-0.00015409
-0.00215987
-0.01282774
-0.05807932
0.13403300
0.01985522
0.58221551
-0.11877525
0.23056015
0.04396724
0.00208959
-0.36365026
-0.18562238
0.14734616
-0.53482005
0.10941265
0.34899192
0.06246489
0.31274015
-0.11960673
-0.24066440
0.32606340
0.29916089
0.09552712
-0.17279391
0.00180272
-0.30233530
-0.03231938
0.28687887
0.13503426
0.00949849
-0.33209558
-0.21373617
0.21237422
-0.21521080
-0.17045109
0.11784278
0.02230855
0.02182285
0.09848168
-0.11972318
0.13193152
-0.18336026
0.14266237
0.01477852
-0.11336017
0.28035344
-0.05117403
0.22254241
0.09123883
0.32493199
-0.04229085
-0.22144792
0.15390823
0.29520985
0.18335180
-0.19082143
0.29763873
0.22423706
0.16951107
0.08841044
0.09270453
-0.18410239
0.19669719
-0.51339873
0.06019397
0.24993415
-0.27626439
-0.03819523
0.69341283
0.32394391
0.00578244
0.02634983
-0.15964216
-0.12571085
0.17010246
0.00811211
-0.36094904
0.26965683
-0.15331339
-0.27788858
0.09457587
-0.16423478
0.01021926
-0.09567918
0.10008489
-0.02604350
-0.42998929
0.04752565
0.16572926
0.37441614
0.03116315
-0.04536722
-0.19952390
-0.12239402
0.14661931
0.04243476
-0.11653818
-0.46996135
-0.06330478
-0.15650468
0.05117437
-0.02988595
-0.14691422
-0.31068804
-0.38096526
0.02535280
0.18095741
0.04853625
0.27624495
-0.39384975
-0.42055047
0.22681041
-0.12664622
-0.19617103
0.19003836
-0.00474533
0.26871826
0.15406299
0.01028084
0.00586884
0.07715248
0.42679070
-0.58800328
0.25354088
-0.01460106
-0.06258897
0.03672229
-0.35853908
-0.14103300
-0.45129286
0.02217327
-0.08992554
0.25547568
0.23434242
0.16460626
0.31608325
-0.14337889
0.23268983
0.04735445
0.01738906
-0.05924222
0.29216256
0.21012900
0.18170736
0.00873979
-0.15966705
-0.16478233
-0.45294538
0.03552243
-0.23005265
-0.09462583
0.06709186
0.13378197
0.15202271
-0.12249554
-0.02131923
-0.02753958
-0.01451961
-0.07339720
-0.13569386
-0.35375388
-0.26427238
-0.43333473
0.22097538
0.03660901
-0.13005113
-0.05711717
-0.23031937
-0.19582479
0.28785139
-0.06914973
-0.45988995
-0.32823775
-0.02621054
-0.23641895
0.23481641
0.16583151
-0.02944613
0.26767420
0.00216834
0.06279518
0.08757004
-0.19758389
0.09417275
0.28454979
0.35041287
0.06516065
0.06485548
0.17221246
0.09536936
-0.23148980
0.12544495
0.04668092
-0.23285350
-0.28421245
0.01700624
0.16264734
0.07606479
-0.11799904
0.11629984
0.00935246
0.11878262
-0.13894570
-0.20032289
-0.30301530
0.52835472
-0.08468915
0.01315178
0.02652724
0.05863951
-0.10471770
0.47999963
0.17697267
-0.32406147
-0.25745307
0.46111805
0.14884638
-0.02621843
0.00119751
-0.35383910
-0.11535456
-0.05192632
-0.06268262
-0.23769676
0.60277627
0.14023085
0.11566607
0.10732036
0.02646689
-0.08199405
0.13231531
-0.23400570
0.22264389
-0.21731061
-0.03596233
-0.21178460
-0.07016931
-0.27925078
-0.20518811
0.28596163
0.02737332
-0.24580342
0.60414970
0.15590537
-0.26088989
-0.22851039
-0.30059606
-0.02171131
0.25690234
0.05349190
0.13531374
0.01096318
-0.22297319
-0.06217077
-0.13524567
0.20517683
-0.20662723
0.04206604
0.12371990
-0.38541740
0.26777391
-0.12034820
0.17445686
-0.02745804
0.10537711
0.21187542
-0.08402107
-0.03971567
-0.21605165
-0.25297369
-0.00385618
-0.21177715
-0.09472868
-0.23572241
0.24010518
0.15610824
0.01556477
-0.52926408
0.10323354
-0.28111308
0.05794032
-0.08603605
0.15120070
0.34998210
0.52631103
0.48429514
0.37565742
0.31864716
0.53759855
0.30903453
0.25380366
0.15842629
0.23429638
0.61745105
0.43061331
0.23888819
-0.13703422
0.46255383
-0.12196935
-0.03948408
-0.15330084
0.10739883
0.11039878
-0.48544842
-0.42545051
-0.59936445
-0.75540015
-0.30025536
0.04995108
-0.29127519
-0.69801276
0.11890314
-0.19434032
-0.04041176
-0.09994370
-0.29868320
-0.71749312
-0.38713141
-0.12341641
0.04789300
-0.06008355
-0.18609781
-0.24183310
0.25788872
0.11598488
-0.28348507
0.23375217
0.05610640
0.05919283
-0.04135018
-0.23318755
0.19516721
-0.15588818
-0.03285672
0.03321615
-0.19072351
-0.08455205
-0.00869589
0.01199650
-0.04333634
0.15135960
0.09742161
-0.14891932
-0.30408214
0.05005655
0.03432982
0.21545860
-0.06531493
0.21370244
0.00267193
0.10824685
-0.31855450
-0.31850008
0.16967923
-0.04854732
0.20532751
-0.44024317
-0.17830523
0.08033262
0.15069448
-0.38314647
0.01244858
-0.18131327
-0.71674289
-0.24818902
0.34267891
-0.15437981
0.11005496
-0.52429710
-0.08788803
-0.22647290
-0.37884366
0.03539603
-0.01369381
0.17289624
0.17603463
0.14771806
-0.09934271
0.06533542
-0.26555507
-0.06203721
0.04420223
0.03711948
0.37015409
-0.20604772
-0.34217399
-0.45780766
0.24209312
0.22128573
-0.41873737
0.03198493
0.00796123
0.10997221
0.13011412
-0.23870422
-0.10250322
0.55169342
0.08699227
-0.13958836
0.25012843
0.35079274
-0.17026298
0.00895823
0.87184716
0.65086301
0.38511289
0.17533573
0.31747273
0.55126388
0.41241564
0.22155684
0.33758174
0.41587758
0.27291299
0.09746006
0.28437547
0.11368332
0.37633056
0.27460115
-0.19944546
-0.26229439
-0.08284602
0.20446903
-0.33851375
-0.15211474
-0.57704584
-0.23113016
-0.42493640
-1.05341089
-0.07002441
-0.42210120
-0.43557957
-0.80721774
-0.40381564
-0.51674066
-0.81379841
-0.39399119
-0.78898076
-0.08643132
-0.73358956
-0.33064750
-0.05378148
-0.12212047
-0.09427494
-0.16481760
-0.00611547
0.50820097
0.10045454
0.58556027
0.08163641
0.55917694
0.35482442
0.36272448
0.42600616
0.16062619
-0.03596073
0.50334502
0.29921848
0.09354820
0.05181642
-0.06895066
0.36438223
0.56910665
-0.21913808
0.30533315
0.45355364
-0.18960278
-0.23774065
-0.00359143
-0.13779967
0.19279691
-0.21538563
-0.12008058
-0.08398501
-0.27364056
-0.04231475
-0.14024013
-0.16743197
-0.00060412
-0.15401596
-0.13914966
0.08036694
-0.41601439
-0.13332639
-0.15897721
-0.22223134
0.27597320
-0.24343736
0.26033127
-0.11897296
-0.40374464
-0.20161740
0.20064751
-0.15310332
-0.05453956
0.50941723
-0.34789487
-0.11575920
0.61837512
-0.23221967
0.27556973
0.35514286
-0.07195002
-0.32616533
0.04628075
0.00520645
-0.20727830
0.44712427
0.11569390
-0.00858485
0.11212735
-0.09520310
-0.05722301
-0.13996436
0.00774754
0.05022382
0.12666470
0.29026275
-0.07264869
-0.42087126
0.01972815
-0.05475691
-0.15998685
-0.13733096
0.40765794
-0.08934390
-0.26575056
-0.18984887
-0.16761710
-0.12197574
0.00165694
-0.37430568
0.01551050
-0.04325122
0.03947187
0.02921782
-0.10755178
0.06774400
-0.24342381
-0.01455518
-0.01049865
0.12969668
-0.34151250
-0.25759734
-0.03095049
0.40112916
0.07366701
-0.07267765
-0.02338618
0.01670231
0.54905312
-0.21926839
-0.45208306
0.00529016
-0.01211348
-0.07801176
0.30114143
0.20008014
0.43914501
0.05680218
0.28729275
0.56068312
0.03302556
0.24013651
0.36114554
0.03444378
0.05998426
0.13663538
0.20925116
0.03605303
-0.23273808
-0.32420698
-0.08156957
-0.29209874
0.17198317
-0.33638412
0.44739977
0.06916798
-0.36681596
-0.34823247
0.24957212
-0.06581536
-0.20238256
-0.27306652
-0.12704564
-0.36432887
0.18936539
-0.50550874
0.30465808
0.05967631
-0.25894512
-0.13160635
-0.22750301
0.51960574
0.21703648
-0.03954073
-0.04495321
-0.47926842
-0.33001447
-0.17341106
0.16447837
-0.06855612
0.04563441
-0.13263819
0.04803359
0.07254168
-0.40529282
0.28632367
0.11287598
-0.05109578
-0.04676201
0.02581635
-0.30260162
-0.16966778
-0.06621085
-0.11533482
-0.36104726
0.17090772
-0.11338805
0.06647575
0.14340572
0.24047516
0.23729705
0.00748796
-0.31965191
0.23974123
-0.04725816
0.49880520
-0.07118039
0.25450208
-0.07552028
-0.00138531
0.14681645
0.11322567
0.21048210
0.01976105
0.21757348
-0.04397117
0.16299057
0.18752453
-0.24107882
0.28569034
-0.08412800
-0.11518925
-0.17636633
-0.06764538
-0.06029200
-0.15049257
-0.42986774
-0.13666635
0.53848394
-0.24857219
0.53274650
-0.18255584
0.15604497
-0.18512985
0.02623267
-0.03316489
-0.44347331
-0.10091129
0.28021138
0.22496242
-0.25133699
-0.41489674
0.06068199
0.00695564
-0.14497060
-0.06442038
-0.09141788
0.22759062
0.33521628
-0.20999792
0.26456295
0.14351421
-0.16518800
0.39431342
0.08186572
-0.13974606
-0.25677646
0.02384511
-0.17774894
0.02921527
0.00142834
-0.10963715
0.22313985
0.26269943
0.47505739
0.09117860
-0.09755681
-0.04963830
0.41788237
-0.02396249
0.02937059
0.13793503
-0.05801606
-0.33920801
-0.10750238
-0.15220264
0.06998784
0.39965336
-0.21563282
0.12413929
-0.00620672
0.10312015
0.13763272
-0.11559006
0.20976751
0.07615391
0.12587234
0.01807766
-0.06744618
0.03617775
-0.04135504
-0.21311923
0.08647821
-0.07294607
0.00342002
-0.04985247
-0.24187841
0.23153056
0.07879233
0.22936002
0.12155367
-0.19106695
0.19342052
0.42957030
0.02541779
0.15374144
-0.10683787
-0.15065737
-0.24056475
0.26098326
-0.27493191
0.27393966
0.10500608
0.02193263
0.05177392
0.10032077
-0.33460750
0.20229550
0.11153362
0.07046050
0.16041119
0.12786799
-0.28248977
0.17462017
0.17504842
0.07806121
-0.04264868
-0.19129259
0.20838861
-0.14125199
0.49791116
0.18792292
-0.23865122
0.24983569
-0.22901615
-0.21484444
0.14313498
0.09536094
-0.10024525
0.25445566
-0.15207341
0.10728735
0.12177233
-0.09271480
-0.25487176
0.09579563
-0.05028768
-0.38685785
-0.23498261
0.31830186
0.14045055
-0.16562471
-0.27108081
-0.11044039
-0.07516203
0.03562538
-0.08700877
-0.14699444
-0.24912536
-0.13186546
0.23186111
0.06485773
0.19156336
0.06424324
-0.05435018
-0.01990616
0.13885163
0.52302637
0.16870324
0.17539688
-0.09070973
-0.20026484
0.05675868
0.19117991
-0.04006616
0.08254051
0.11248275
-0.09434937
-0.20446715
-0.03467987
-0.19068282
-0.05024715
-0.11684919
0.02457679
-0.08208122
-0.06234039
-0.04467492
-0.04766799
-0.24398673
-0.01053971
-0.09845212
0.34813409
-0.27684989
-0.20850142
-0.30256765
0.25716710
0.04580643
-0.18430601
-0.21286399
0.17600357
-0.23010442
-0.08056722
0.17828859
0.04063450
-0.27203247
0.07233262
0.11815956
-0.05578437
0.08488882
0.22388716
-0.19365316
-0.07539858
-0.08237882
0.45261694
-0.07667765
0.17671589
0.03694774
-0.28896408
-0.22656815
0.09171466
0.14532042
-0.03393918
0.26457393
0.00277413
0.06180953
0.35593830
0.42790012
-0.06547862
-0.17836647
-0.29757924
-0.05438482
-0.49513069
0.26643218
-0.03590551
0.43736255
0.17259554
0.06328933
0.06142689
-0.18211172
0.09111587
0.17459970
0.37957139
-0.10269473
0.11415774
-0.22203273
-0.19956211
0.35747422
0.05723237
-0.59835538
-0.20048532
0.06401265
-0.14915952
0.01338309
0.37023389
-0.12595880
-0.10825055
-0.25766860
-0.25592467
-0.20284007
-0.05618915
-0.22274729
-0.13162566
-0.12567841
-0.29406475
-0.01123389
0.12131858
0.33460533
0.38720553
-0.22982044
-0.08245632
0.50036584
0.10651404
-0.07117977
0.00291132
0.10450413
0.02783700
0.15415486
0.23532994
0.33871109
-0.19761559
0.17932222
0.06115547
-0.38689353
-0.16233851
0.03710899
-0.06082118
0.25151539
0.38444946
0.04566866
0.62516276
0.08477920
-0.03718379
-0.27267662
-0.12583233
-0.15653222
0.24898157
0.33168539
0.28011036
-0.60671993
0.17612266
-0.42625546
-0.24285389
0.12322267
0.31695367
0.47171271
-0.09988043
-0.02516769
-0.01965816
-0.13210361
0.16740516
-0.05609487
-0.03055442
0.43195373
-0.16372489
0.34197219
0.06908646
-0.16807702
-0.10483991
-0.24569048
0.11249250
0.29838656
0.10750883
-0.07251504
0.17340895
-0.02846334
0.01143558
0.42928962
0.13337966
