-0.10266206
-0.03243859
0.00402424
-0.00744564
0.00000841
-0.00008326
0.05302531
-0.03665550
-0.09371967
0.00104677
0.06029363
0.00208973
-0.00227883
-0.11459659
0.07901787
0.09319308
0.00520966
-0.09929180
-0.09768610
0.04425733
-0.08919954
0.01320598
-0.11840675
0.02943027
0.04113251
0.05317786
-0.00831234
-0.11395765
0.09177136
-0.06317212
0.06794511
-0.03447554
-0.08895825
-0.01530217
0.01868368
0.11850437
0.01735469
0.06202844
0.14446624
0.04726409
-0.05344268
-0.00663425
-0.01937852
0.06406157
0.03578642
0.02958672
0.06432431
-0.03922325
0.06079368
0.00373555
-0.02679296
0.04480514
-0.11833701
0.02906162
0.03559684
-0.01351467
-0.01391753
-0.01907524
0.00386523
-0.01115042
-0.16411105
0.01771578
0.04709305
-0.11794158
-0.06027667
-0.02358914
-0.01335128
-0.03118324
0.10722922
0.13885840
-0.00483999
-0.01298813
0.01828476
0.07835815
0.00954223
0.08580568
0.00842696
0.05068727
-0.13520918
-0.04413055
0.07266018
-0.01562085
-0.10627747
0.04727515
-0.05361363
-0.06491455
0.00507372
0.02739502
0.10094247
0.07654546
-0.05145184
-0.06948056
0.02687589
-0.11954121
-0.00387429
0.00640201
-0.03475648
0.01226136
-0.10267854
-0.07348613
-0.02170079
0.16285692
0.02444639
-0.03064999
-0.07340515
-0.03387186
-0.05984219
0.08290143
-0.01210366
-0.01759518
-0.00487497
-0.05540054
0.00237094
-0.02838391
0.06911394
-0.02923091
0.03081541
0.05336759
0.03939198
0.04740559
-0.01205388
-0.01373059
0.03192227
-0.01882828
0.08609373
0.07493060
-0.00552279
0.03426316
0.00677854
-0.07487246
-0.03926320
-0.02100550
-0.06138121
-0.02521951
-0.03328769
-0.11744762
-0.03115501
0.03570520
0.05126377
-0.04396560
-0.00522747
0.00124456
0.03721545
-0.06683225
-0.19196662
0.02323780
-0.01914231
-0.06001464
0.06124747
-0.02549429
-0.01250950
0.00853523
-0.04895426
-0.01514088
0.00054869
0.06942479
0.09249301
-0.02936742
0.01387210
-0.06323344
-0.05399261
0.04552148
-0.12547866
0.00526619
-0.07706148
0.01099110
0.01677951
0.19676060
0.00395424
0.02703256
0.05896419
-0.01880106
0.02890304
-0.06417622
-0.00060406
-0.14192196
-0.05282087
-0.20323856
0.08599507
-0.08284414
0.02087130
0.07067807
0.04573003
0.12116762
0.06752454
0.05094161
-0.08719102
0.05306948
0.01567791
-0.05663121
-0.04501819
0.03952224
0.02930918
0.07682278
0.02973504
-0.07244901
-0.00176561
-0.10132903
-0.13041151
0.03267581
0.03458531
0.07550553
0.02250790
-0.10349024
0.04363160
0.01260092
-0.01158004
-0.05901247
0.02362471
0.01978607
0.06598442
0.02143691
-0.00714802
0.06180690
0.10484390
0.04204811
0.09519430
0.06114209
0.01410372
-0.05997606
-0.01892021
0.02987290
0.02051438
-0.02923057
-0.08857526
0.08523891
0.00179818
-0.05737741
0.01717053
-0.12950698
-0.09468176
-0.05984705
0.00081181
0.05690982
-0.02263549
-0.08144605
0.08178099
0.07499481
0.11244217
-0.05363982
-0.03666962
0.07337441
-0.05971990
-0.06677193
-0.02501881
0.01176634
-0.02024833
0.03141070
0.02762804
-0.02754657
0.05087387
0.05440171
0.07978493
-0.01378671
0.07888495
-0.01737666
0.05797780
0.03209469
0.07146063
0.12009413
-0.04478199
-0.04260581
-0.00878822
-0.01460037
-0.00142832
-0.05094634
0.06200641
0.02896046
0.02467131
0.06275242
0.05634906
0.01428984
-0.04048674
0.09596578
0.08347615
-0.03426906
0.00075161
-0.05592431
0.00357772
-0.06688623
-0.04541976
-0.08438357
0.05306615
-0.13384680
0.08318735
0.06670918
0.06268459
0.11317029
-0.08221094
-0.02934615
0.02655783
0.05600401
-0.10285316
-0.01821594
-0.04736308
0.03853162
0.04201931
-0.06428303
-0.00180223
-0.09235416
0.06042415
0.01614488
0.00271760
0.01284250
-0.07138207
0.04218646
-0.08778707
-0.00729395
-0.04399122
-0.08043986
-0.15265436
0.10361964
-0.03245541
-0.04130069
0.00057673
-0.02062956
-0.10134415
-0.07521535
0.00625426
0.08669946
0.07186964
-0.07891620
0.02404833
0.07757828
-0.02171074
-0.07679175
-0.02904727
-0.00453339
-0.00063038
-0.09014820
0.12406391
0.06512801
0.14006633
-0.05042762
0.06818937
0.11104790
0.02719055
0.05558619
0.07950871
-0.16163003
0.00667717
0.18236322
-0.02632433
-0.00268087
0.01777356
-0.04102593
-0.02600771
-0.07848632
-0.08134470
-0.05482721
0.02288462
0.03134304
0.03169964
0.01031869
-0.07454421
-0.06360164
0.13973136
-0.01935117
0.04064658
-0.02792369
-0.03822626
-0.06838309
0.06408217
-0.01820572
-0.02944715
0.01241126
0.06895496
-0.03520403
0.02151213
-0.10800299
-0.03526045
0.06981095
0.01577838
-0.06112550
-0.09426853
-0.00272945
0.06695418
-0.05898377
-0.08452629
-0.09362946
-0.01580355
-0.05130029
-0.04156047
0.02469826
0.03779591
-0.02400778
0.04874428
0.03001691
-0.04089692
0.02178700
-0.06201138
-0.01891458
0.08381282
-0.03204788
0.02130085
0.00304360
0.02980400
0.01948318
0.08914911
-0.00481913
0.00193805
0.14507789
-0.07045216
0.14350634
0.02548904
-0.02443646
-0.03886344
-0.00437308
-0.07607801
0.02444672
0.00545904
0.04063993
0.05512930
-0.01670082
0.00131716
-0.03464918
-0.13747980
0.00502892
0.10464472
0.12503433
0.04983134
-0.04366328
-0.08924838
-0.01706712
-0.08257501
0.04245276
0.00845614
0.04816225
0.05181545
-0.09671233
-0.03720263
0.00819227
-0.00385744
0.02610411
-0.07478331
-0.02035859
-0.05945867
0.07911809
-0.04603396
-0.01012017
0.01361496
-0.08217452
0.01674504
0.06171185
0.00737579
-0.08513233
0.11664828
0.14555416
-0.00841872
-0.06661066
-0.05903870
0.01627282
0.01786905
0.01123886
-0.04079351
0.02865598
0.05791887
-0.04054764
-0.06877885
-0.03476212
0.01149210
-0.01449696
-0.02277210
0.04746772
-0.07530202
-0.08043578
-0.07736942
0.01335090
-0.04673110
-0.01885219
0.03728721
-0.06299520
-0.02203940
-0.07115529
0.00544580
0.04643526
0.04306477
0.02048454
-0.04501719
-0.00297879
0.15764607
-0.02252720
0.02410219
-0.05324751
-0.06764009
-0.02992748
-0.06662466
-0.02555875
0.05049234
0.02933255
0.01300977
-0.03852117
0.08149991
0.01298760
0.00383463
-0.05719548
0.02729189
-0.04832723
0.01831184
0.05248617
0.00109060
0.07708511
-0.09827973
0.05139387
-0.02431058
0.00047052
-0.05748891
0.05270758
-0.01139467
0.00271924
-0.06665277
-0.06239091
0.04549533
-0.12937475
0.05361440
0.03066972
0.05192753
-0.07223753
0.06575499
-0.03419770
-0.12847650
-0.04826708
-0.03016512
-0.11321688
0.05804107
-0.04378026
-0.08376360
0.02858179
0.01078793
0.00215597
-0.03093967
-0.02700620
-0.05214964
0.03567628
-0.00292170
0.07183181
0.06866497
0.05322731
-0.01058146
0.01317139
0.03300198
-0.00467695
0.03995043
0.04636972
0.03689740
-0.12045163
-0.00723069
0.01277613
-0.03212952
-0.10769469
-0.07889331
0.06683415
-0.01893487
0.09914101
-0.02777562
0.14125152
-0.08424846
0.02038295
-0.02565007
-0.02639985
-0.02681304
-0.01838113
-0.09661814
0.08732090
-0.04798588
-0.00657581
-0.09078328
0.06785140
0.01950450
0.00749853
-0.03453673
-0.09094508
-0.04312026
0.04670909
-0.10132443
-0.04210799
-0.02218019
-0.02648352
0.02904386
0.06430764
-0.02200109
0.04916330
-0.07593380
-0.00583074
-0.10831745
-0.02993759
0.02459586
0.01992926
0.05359716
-0.01314992
0.06037577
-0.03399656
-0.02998754
-0.02920110
0.06427393
0.11886903
-0.00031040
-0.06730207
-0.12807677
0.00791436
-0.02898691
-0.02464678
-0.02717017
0.03573092
0.06196995
0.02295655
0.11382620
0.02714082
0.07746011
0.07335418
-0.00913641
0.21424212
0.02082934
0.02693196
0.12161676
-0.01485676
0.00173323
-0.00493630
0.04125107
-0.02950477
0.01326482
0.00737549
-0.03312197
0.07516833
0.00898647
-0.06117295
0.01506494
-0.04482765
-0.07065017
-0.02318290
-0.07675212
-0.04514732
-0.03078749
0.07348535
0.12024689
0.06129300
0.01896418
0.07149426
0.09374749
-0.04683968
-0.00449676
0.08834900
-0.01270444
-0.02796017
0.03114733
0.02589150
-0.01484716
0.08351052
0.00069096
0.02894765
-0.00037536
-0.01561993
0.09997933
-0.07728714
-0.04665315
0.05498666
0.05908961
-0.04299007
-0.02332337
-0.13089814
0.08074210
0.00913071
-0.06750111
0.06470703
-0.03607497
0.06405555
0.00949880
-0.06730176
0.06857939
0.02334042
0.01048616
0.01547252
0.03938884
-0.08150960
0.00244024
0.07870186
-0.02270089
0.03290299
-0.00440666
0.15638424
0.02432014
0.01154026
-0.01987959
-0.04356568
0.04563619
-0.08904763
0.07033634
-0.06592364
-0.03374913
0.05607983
-0.03910392
-0.05387044
-0.09504779
-0.04557951
-0.05085003
0.02130877
0.06328121
0.02595810
0.11653352
-0.00895322
-0.06027334
-0.07868324
0.03786778
0.07625567
-0.03446582
-0.05910180
0.03027999
0.01650767
0.01575360
-0.03614644
0.05130556
0.05546050
-0.00511307
-0.03481465
0.05581656
-0.07547116
0.07413533
-0.06913758
-0.01208296
-0.04408771
-0.11015018
0.00480731
0.01203525
0.02325427
0.08138094
-0.03295924
-0.00713135
-0.03426928
-0.00422467
-0.09722524
-0.08492865
0.06342221
0.04902829
0.03308706
0.02465682
-0.03480005
-0.02964561
0.03458220
0.02531336
0.02122178
0.02437818
0.04746595
0.08271006
0.00433322
-0.05735681
-0.01108988
-0.15988220
0.02718183
-0.10143082
0.09972002
0.04707110
0.04564538
0.08786544
0.07678203
-0.02108650
-0.06614143
0.07274505
-0.08646003
0.03404753
0.09321624
-0.05025302
0.00086621
0.09055240
0.02488136
-0.04522851
0.02282438
-0.00881247
0.07319271
-0.03287741
0.03431074
-0.09043319
-0.05203180
0.01862087
-0.02234655
-0.06709516
0.00377505
0.08865986
-0.00275903
0.00173202
0.05168085
-0.00470315
-0.13219447
0.04743964
-0.03997661
0.00339693
0.01634979
0.07239523
-0.07077886
-0.06199110
0.00861784
0.03558763
0.07244058
0.01587190
-0.06752171
-0.07402744
-0.00011121
0.06385015
0.04297283
-0.04029471
0.06023070
0.10996014
-0.03160866
-0.00157990
0.04787576
0.01810605
-0.06007412
0.06083182
-0.04273739
-0.05136096
0.02430091
0.00529848
0.02748836
-0.01372064
-0.02526281
0.01200163
0.05843545
-0.04781174
-0.02852984
0.00625964
0.09289139
0.07899181
-0.02903373
0.09729640
0.00116987
-0.05758330
0.05978260
0.01305676
0.05250259
0.11064733
-0.02519102
0.05517438
-0.06913815
0.00443833
0.00866667
-0.00538809
-0.14427283
-0.09995116
-0.02969496
0.05435173
-0.01532703
0.09935797
-0.08807826
-0.00867914
-0.00279156
-0.01139696
0.02864254
-0.06380971
-0.05764505
-0.02394122
-0.13782860
-0.07428555
0.03959105
0.06457082
-0.03551618
-0.05103802
0.06687957
0.06504468
0.06128887
-0.08019595
-0.03021039
-0.05396296
0.01500835
0.00649749
0.07608649
-0.00123706
-0.05339571
0.11153400
-0.06609117
-0.03218762
0.03852958
0.05873488
0.07267600
-0.01063301
0.05681070
0.10860340
-0.04198223
-0.06509711
-0.10294973
0.02422511
0.05165115
-0.01271709
0.03036640
0.07442929
0.01374067
0.01805303
0.01424989
-0.02477304
-0.00919165
-0.05645278
-0.06471504
-0.00030064
-0.04581836
-0.04534979
0.00838414
-0.03689527
-0.07399555
-0.00381018
-0.02545539
0.04716950
-0.10838057
0.09237978
0.00290311
0.10576493
-0.09278875
0.01253221
0.00666435
0.01957957
0.02297145
0.06911899
0.02640606
0.09377804
-0.00514933
0.08228686
-0.00321482
-0.06081427
-0.05083324
0.00233067
-0.02519787
-0.01919684
0.07048425
0.08654409
0.03846999
-0.06174720
-0.14795807
-0.06592044
0.01098724
0.07485576
-0.00000555
0.05540639
-0.00549206
0.07438138
0.07901527
-0.12776701
0.00828479
0.14246216
-0.08266570
0.02567270
0.02340001
0.07036262
0.02674596
0.00553024
-0.07124033
-0.04599147
-0.04705349
0.00438475
-0.00149091
-0.04149601
0.13829514
-0.01104863
-0.08171684
0.10151368
0.01873447
-0.03184904
0.00980384
0.06692618
-0.03820144
0.00699771
-0.02687896
-0.03413555
0.00632965
0.03493956
-0.02401575
0.01837711
0.02201960
0.00519929
-0.06487452
-0.01272326
0.08655996
-0.08892574
-0.00742718
-0.03924967
-0.01865860
-0.06620306
-0.04598014
-0.06772552
-0.01725347
0.01771934
-0.09426130
0.02257234
-0.02198511
0.02858238
0.02155694
-0.00359572
0.00949213
-0.07804438
0.06714978
-0.04713395
-0.03529630
0.03124421
-0.00921754
-0.09606955
0.02894243
0.00347086
0.03817755
-0.09806242
-0.08817804
0.10049431
-0.05191503
-0.04859577
0.00782688
-0.02458303
-0.06263917
-0.04831300
-0.05842164
-0.14003940
-0.01793885
0.02923711
0.00529874
-0.01113173
-0.00577909
-0.00147264
-0.00415381
-0.01835993
0.01459147
-0.05931828
0.01466823
-0.04695287
0.01188010
0.00143872
0.10097296
-0.11325928
-0.00857003
0.00956754
0.03020846
0.10755779
-0.10110618
0.09235590
0.02725697
0.04120195
-0.05060861
0.05306626
-0.07660939
0.04198277
0.02593570
-0.08592359
-0.00526889
-0.04758446
0.04511740
-0.11775782
-0.11293168
-0.03514394
-0.04958358
-0.02503518
-0.01369553
-0.02597123
0.08851360
-0.04157898
-0.06337110
-0.02741192
-0.07444230
-0.03214858
0.05973960
-0.02099389
0.01906625
0.07728672
-0.09479533
-0.01207414
-0.05622413
-0.04770044
0.05980537
-0.04567490
-0.10186680
0.03427604
0.06813206
0.00778482
0.05926128
0.04988717
-0.06660872
0.03282543
0.01430510
0.04978369
0.00787879
0.18771723
0.02954036
0.00996150
-0.04862205
-0.04171345
-0.12760550
-0.02838031
0.04754164
-0.10983994
0.01593978
-0.05060239
-0.05182894
-0.00671800
0.05064504
0.00330365
0.06210861
-0.04477035
0.02700714
-0.01521800
0.11764193
-0.02653665
0.04272916
0.11543597
0.06873117
-0.00790935
-0.01063454
-0.04403042
-0.08433184
0.07314570
0.03721432
-0.00167211
-0.07542799
0.03729905
0.05328628
-0.01558626
-0.02459172
-0.01123542
-0.05496332
0.07645027
0.02830677
-0.03332808
-0.01593624
-0.00404197
-0.11042522
0.08749471
-0.04519790
0.00101635
-0.06622091
0.03340733
0.02316597
-0.01164328
-0.02591515
0.00533889
0.14624142
-0.04260303
-0.09054430
-0.04171980
-0.08069251
-0.01868852
-0.11961198
-0.03319764
-0.01100938
0.02593296
-0.05515493
-0.09250987
0.07208114
0.01325650
0.05767658
-0.03532793
0.06594281
-0.04089524
0.06196106
0.01870728
-0.09521534
-0.05302994
0.05941569
0.01553879
0.04043574
-0.10248928
0.07181968
0.05932305
0.02192425
-0.05489329
-0.14061934
0.06428852
-0.08166634
0.02511167
-0.04477697
-0.00439653
-0.02400425
-0.05234116
-0.06562582
0.01723206
-0.02839698
-0.04112239
0.01975979
-0.01868443
-0.10051494
-0.05344442
-0.05586973
0.04522058
-0.08073587
0.02929307
-0.00135869
-0.00386817
-0.04463436
0.02479077
-0.03046582
-0.05397860
-0.05316027
0.06997680
-0.00566522
-0.00701509
-0.07647599
-0.06567114
-0.02620594
-0.04121978
-0.13323438
0.10145491
0.04485709
0.09963656
-0.00556657
0.04033850
-0.02286569
-0.09508629
-0.06410423
0.07505495
0.08207545
0.01191491
0.04179623
0.08168902
-0.01492654
0.01357788
0.04850345
-0.06142827
0.06626277
-0.04360222
0.01462476
-0.06188475
-0.01944168
-0.08366157
0.02078251
0.03286773
-0.04160487
0.03060981
0.00480642
0.06686630
-0.04325200
0.01294672
0.02510305
0.00663400
-0.08767663
-0.08184982
-0.06218226
-0.02566496
0.05333447
0.07039977
0.03385392
0.09224827
0.09255329
0.05764931
-0.01737688
-0.00384878
0.01872523
0.06228739
0.02157049
0.10163029
0.12258222
-0.03429896
0.05804526
0.05268948
0.01750029
0.01748691
0.05980044
-0.01961471
-0.04793633
-0.09666717
-0.07891191
0.07074934
0.00007909
0.02897266
-0.13707608
0.04477763
-0.07039135
0.08505623
0.01163909
0.01337732
0.02011078
-0.06716356
0.00793181
-0.08920788
0.00387411
0.00039479
0.13913139
0.07446503
0.11812982
-0.04325912
0.01232298
-0.04322342
0.01534284
0.09185250
0.10966078
0.03315488
0.06381220
0.01100455
0.04368206
-0.01916090
-0.09911784
-0.08768939
-0.02963690
-0.01080124
0.01031126
-0.02805711
-0.07654524
0.02846356
0.03033561
-0.07531575
-0.03568431
0.00763476
-0.02246120
-0.07938519
-0.03077036
-0.09735104
-0.05529262
0.01459845
0.07846796
-0.00877988
0.06290984
-0.07105925
0.05019596
-0.03274631
0.11495487
-0.06304316
-0.12765943
0.01248447
0.03316074
0.02129065
0.03524309
0.08464886
-0.01794644
0.11861376
-0.07880174
0.05844751
0.05745740
-0.10702634
0.02533362
-0.10111181
0.03043363
0.05563878
-0.06421426
0.00526585
0.01514230
0.00778035
0.01674876
0.00207072
-0.05380195
0.02674738
0.02962716
-0.01924614
-0.05003379
0.03441147
0.03024477
-0.08547017
0.03649512
-0.07388414
0.00404208
0.00320504
0.02350702
-0.00888354
-0.08886739
0.01882244
-0.08043311
0.02818598
-0.00288013
0.08725672
-0.05008079
0.10984125
0.02590521
-0.10952778
0.02713488
-0.02511170
0.02970462
0.08877104
-0.03974979
-0.00050182
-0.01865308
0.05278847
0.08494175
0.07894246
-0.06926181
-0.05588525
-0.06554755
-0.15424435
-0.02255358
0.05320976
-0.11160772
-0.06324853
-0.02167800
0.01843895
-0.08894814
-0.05923647
0.00427912
0.03537433
-0.00064191
0.00560707
-0.01470146
0.12531238
-0.01451773
-0.02709886
0.07540676
-0.09323394
0.04835061
-0.05215775
0.14241218
-0.04852462
-0.06145280
-0.04465779
-0.09175918
0.00575301
-0.02223851
0.01877787
0.00034241
-0.00954135
-0.06206523
-0.07332710
-0.03052417
0.08387273
0.06375616
-0.03597289
0.03321725
0.05321934
0.02885440
-0.01333066
-0.07144660
0.03109893
0.00619468
0.05541856
0.05651861
0.02173246
-0.07538907
-0.14464131
0.04449219
-0.06501073
0.10107073
-0.04019665
-0.01607199
0.06180441
0.09746712
-0.01794169
0.11293387
-0.03055589
-0.04640286
-0.10626722
0.02772640
0.08077686
-0.04431282
-0.07935695
0.02503465
-0.02169923
-0.04013139
-0.01780827
-0.08428307
0.04526554
0.07559562
0.01946843
-0.02201739
0.01939255
0.03123198
-0.03899616
0.06139906
-0.00906067
0.01191888
-0.03643582
0.05970108
0.07254318
-0.11188508
0.00472977
0.00959621
-0.02031297
-0.02284995
-0.02363844
0.05966302
-0.08905950
0.00209385
-0.03222353
0.08950457
0.06205650
-0.07764756
0.00742318
-0.02782369
0.01187359
0.07647639
0.05147388
0.11299559
0.11033628
0.09132935
0.00971368
-0.10558514
0.11266352
0.05141864
0.04770394
0.04129943
-0.03125235
-0.03870585
-0.00979068
0.09398285
0.11415849
0.09997758
-0.01384547
-0.00793311
-0.06977385
0.00106924
-0.04470016
0.00808948
0.10047186
-0.01928867
0.04538107
-0.05591042
-0.04166588
-0.09804679
0.02916275
-0.00570277
-0.02884763
0.06000898
0.02814204
-0.01237530
-0.05410403
0.08946010
-0.05928759
-0.10553296
-0.03869329
-0.01435215
-0.00377312
0.00214219
0.04832796
-0.06771172
0.05505620
-0.06173196
-0.06910450
-0.04508255
0.02278936
0.03514934
-0.10154879
-0.01608041
0.05743772
0.04250847
0.01672890
-0.02770197
0.03993031
0.15068234
0.07827115
0.01368084
-0.04416552
-0.03411669
-0.00641266
0.04595125
0.00510021
-0.00757398
0.10026886
-0.04360435
-0.01978747
-0.02410418
0.00509953
-0.04940796
-0.04973555
0.04621492
0.00820160
0.10005521
-0.03153758
0.00928234
0.03462339
0.02076735
-0.01028924
-0.00397689
0.08336182
0.04100203
-0.02424011
-0.00570681
-0.05571247
-0.08268267
0.03788006
0.04441002
0.08597396
-0.00135074
0.00138698
0.03676340
-0.04704107
-0.14296721
-0.06709048
-0.00348129
0.09210243
0.04756084
0.07148823
0.19128658
0.08735793
0.03114455
0.08535210
-0.02118689
-0.09475590
-0.02622470
-0.08653358
-0.06160318
-0.08205012
0.04502274
0.05657095
0.01568237
-0.02185114
0.01266731
0.04062809
0.05153674
-0.01982358
-0.04430083
-0.04504704
-0.03841649
-0.07312801
-0.01599308
-0.02312946
-0.06653358
0.05845847
-0.00782632
-0.03866657
0.10904247
-0.01654295
-0.08557715
0.09132216
0.10260065
-0.05001143
-0.01367693
0.12309741
-0.00316436
0.03529310
-0.03108546
-0.02209388
-0.06436307
-0.09164880
-0.05510948
-0.13947080
-0.05435220
-0.00648130
-0.12002113
-0.05087530
-0.10484976
-0.09065365
-0.15234286
-0.08097660
-0.00726371
-0.08727026
-0.18971943
-0.16327051
-0.15067942
-0.10546867
-0.00967494
-0.04816082
0.02620473
0.05639958
0.03940861
0.11111549
0.10993272
0.07815941
0.16069150
0.12540817
0.19746165
0.05713381
0.17079044
0.09328756
0.15144047
0.24153071
0.17856924
0.18408809
0.09151382
0.11353157
0.10620578
0.14602805
0.20039155
0.02366963
-0.01181359
-0.07490232
-0.08756055
0.10032325
-0.01102432
-0.11703736
-0.02938326
-0.25834227
-0.02221773
-0.01682643
-0.09922852
-0.10812179
-0.04841256
-0.24030188
-0.11885252
-0.10336134
-0.05610286
-0.07099199
-0.19568856
-0.12330834
0.01630249
-0.04547080
-0.08440053
-0.15865229
-0.12825812
-0.02156531
0.07284473
-0.00271040
0.09603650
0.01113659
0.11395015
0.13756713
0.06057562
0.01599596
-0.02119225
0.07462044
0.03963451
-0.06642158
0.05213968
0.00563020
0.10408367
-0.10010333
0.06443090
0.14224167
0.00926821
-0.02437189
0.04320220
0.09563777
0.05953143
0.03769624
-0.04639772
0.01084153
-0.01140871
-0.01551466
0.13646264
0.00530277
-0.03965051
0.11706004
0.07328480
-0.11402977
-0.04323202
-0.13155206
0.10522309
0.02578013
0.01559701
0.06534368
0.07999455
0.06057840
-0.01515909
0.12515422
0.12567980
0.03367331
0.13349266
0.10628618
0.06313258
0.16165451
0.13234517
0.11663407
0.07812155
0.06155094
0.10388736
-0.17814815
-0.05552240
-0.03803853
-0.06978542
-0.15047209
-0.36599309
-0.13070390
-0.18162799
-0.32873695
-0.35997082
-0.37027532
-0.39898543
-0.46872037
-0.38382109
-0.35936486
-0.39898065
-0.42775199
-0.36720832
-0.31169914
-0.18282954
-0.31043552
-0.11389918
-0.08333778
-0.08693270
-0.01834212
-0.04386459
0.12887620
0.19220563
0.24197067
0.23132679
0.24269708
0.26309008
0.31553772
0.40227871
0.40744423
0.25481917
0.35492750
0.30967920
0.21011505
0.25939113
0.19043716
0.23659409
0.20136600
0.10468226
0.23670501
0.19194567
0.16655519
0.00481579
-0.06927774
-0.01040489
0.00004569
-0.06592530
-0.03478720
-0.10897263
0.00029720
0.07832166
-0.03821351
-0.06824615
0.02157322
-0.00280856
-0.08834443
-0.06221709
-0.25006036
-0.12721926
-0.07711758
-0.04986378
-0.02043498
-0.03624752
-0.08777362
-0.14190402
0.00651992
-0.09209779
-0.03721606
-0.02589429
-0.08638943
-0.06497700
0.10170524
-0.09027974
0.02587214
0.09983485
0.06862016
-0.03289591
0.02759606
-0.12150768
0.01337410
-0.08311517
-0.00258153
-0.03231858
-0.04060838
0.03064285
-0.05677302
0.06098699
-0.00718031
-0.06515142
-0.04565312
0.07121252
-0.04838199
0.00709696
-0.06266352
-0.01622969
0.07351571
0.13549184
-0.01576539
0.03758561
0.01649165
-0.01256359
0.01280941
0.03287789
0.03226275
-0.01876816
0.03178910
-0.05662237
0.07532662
-0.04745272
-0.00067532
-0.00988226
0.05586413
-0.06026368
-0.00897114
0.01544733
-0.12525044
0.05349567
0.01748688
0.10109608
-0.03990563
-0.01343110
-0.00775255
0.00611862
0.04867435
-0.00689383
-0.00573191
0.00467032
0.03388773
-0.03469263
-0.06642155
-0.06831491
-0.00104156
-0.05075735
-0.07050077
0.04373116
-0.05228872
0.01670714
-0.06888319
-0.11607311
0.02382296
-0.15552796
-0.10024918
0.04192903
-0.08419992
-0.12993338
0.01747270
-0.04924450
-0.01357147
-0.02630285
-0.05267798
0.04717096
0.04444654
0.00390553
0.07644328
-0.04987721
0.05483821
-0.02863361
-0.00934126
0.09704815
-0.01276050
0.04558142
0.02772142
-0.00112933
-0.03685730
0.08309220
0.01328198
0.02964986
0.03614968
0.07482571
0.08682932
0.02036429
-0.02010248
0.06573825
0.06444882
0.05542043
0.05957027
-0.01342424
-0.00147711
0.00762274
-0.05742067
-0.02964817
-0.10326286
-0.13373747
0.03172220
-0.08767507
-0.17196739
-0.07710020
0.03335969
-0.01350312
0.06305598
-0.10560733
-0.11828134
-0.08488662
-0.10008137
-0.06566396
-0.08448854
0.07474092
-0.06752394
0.00709030
-0.09195051
0.01691796
0.13423898
0.08351254
0.10401751
0.14279237
0.16769495
0.20353415
0.24182740
0.10755392
0.18421708
0.17880347
0.05129959
0.17144146
0.12105593
0.05196103
0.11886698
-0.02528978
-0.05177520
0.02723205
-0.02327861
-0.07209678
-0.10721300
0.08887937
-0.13928160
-0.01165554
-0.08162994
-0.01229567
-0.01084169
-0.02604392
-0.02431618
-0.11236633
-0.14411234
-0.00937706
-0.15194061
-0.07414150
-0.02101648
-0.00420269
-0.02766181
0.08424599
0.06602052
-0.06578070
-0.01954037
0.03627636
0.03794568
-0.04366607
-0.04973335
0.03394342
-0.03546245
0.06674940
-0.05430895
0.02644599
-0.02260047
0.09328223
-0.02291110
-0.08418127
0.10737296
-0.01200393
0.03278555
0.10249372
0.07988068
0.04329362
-0.01070756
0.03346695
0.03463277
0.00251525
0.02670808
0.00787330
-0.09337293
