-0.43510934
-0.10475749
0.16328832
-0.07060321
0.02883711
-0.06015208
-0.01775107
-0.32341174
-0.26483122
-0.48889939
0.18122580
0.30340105
0.03286048
-0.19182567
-0.26873505
-0.21467664
-0.06631140
-0.33015150
0.11440041
0.02428867
0.10631861
-0.04168841
-0.05458585
-0.01173800
-0.24602432
0.03782499
0.11087333
-0.31136021
-0.54934906
-0.14512894
0.05284569
-0.31249743
0.08913366
0.45692465
0.06875824
-0.05098808
0.08859919
0.26276645
-0.46198143
-0.35166171
-0.11732729
0.07376912
-0.06573418
-0.14504322
-0.05043175
0.01041865
-0.20558226
0.14087514
0.14962620
0.04099794
-0.14698394
0.34603365
-0.06261346
0.10519860
-0.12422729
0.31642916
0.01614401
0.05461640
-0.09242708
-0.12231691
-0.06508678
-0.24573826
0.02243269
-0.35407980
0.04675061
-0.09971267
0.07530198
0.10075618
0.00505182
-0.23913006
0.12358902
-0.43791663
-0.35403779
0.12938125
0.22586237
0.05383580
-0.25282387
0.28290646
0.12870963
-0.19512452
0.14179336
-0.09739541
-0.09999802
-0.13547530
0.09259933
0.05285695
-0.19536914
0.13120925
0.35905077
-0.17840714
-0.16117271
0.37694249
0.19308671
0.12923185
-0.01829019
-0.04394642
0.29586955
0.04512321
0.28234700
-0.27076824
0.03874581
-0.10723598
-0.12014057
-0.11564281
0.09822120
0.08368313
0.10611548
0.05117333
-0.32295556
-0.59795877
0.02540736
-0.40761171
-0.24261353
-0.25009034
-0.18633665
-0.46121340
-0.08947849
0.04617623
-0.04688524
-0.49431399
-0.02961644
-0.24792750
-0.31211608
0.06749365
-0.06399368
0.24424596
-0.06916224
-0.14966669
-0.30307288
-0.04924844
0.24463155
0.15949988
-0.06497640
0.19260364
-0.02746516
-0.11442104
0.07287606
0.01968723
0.04354007
0.13057764
0.05758851
0.25689903
-0.13195377
0.02695070
0.08446887
-0.02027195
0.28555538
0.15884978
-0.00451185
-0.13284999
0.06586577
-0.20212420
0.16840926
-0.39821571
-0.41693453
-0.20658252
0.22973930
-0.43099796
0.18165271
0.01189776
-0.25269227
-0.11178756
-0.06394218
0.26552528
0.09475887
0.19347325
0.13281757
0.49890329
0.05351824
-0.00986989
0.00127278
-0.39831327
-0.26360398
0.44279023
0.10052720
-0.18475686
0.50876936
-0.13532432
0.31227405
0.36397665
0.04768155
-0.25057969
-0.25709704
-0.07898103
0.32731479
-0.02244712
-0.13615474
0.16714152
-0.25144940
-0.03471959
0.14366827
-0.29388175
0.03578741
-0.01373258
0.29835948
-0.00076500
0.14849337
0.36010458
-0.42281776
0.02805616
0.06092379
-0.23220344
0.32520973
0.20341955
-0.01982899
0.08765842
-0.07115212
-0.00261693
0.35379937
0.27178381
0.00381518
0.12578974
-0.08494453
0.41975711
0.17148424
0.23081601
0.30122566
-0.00353684
0.23513852
-0.08322081
0.00642420
0.01143725
-0.16219788
-0.02461399
0.17744528
-0.12764505
-0.15762602
0.05605926
-0.25170313
-0.16324383
0.05838863
0.29765911
0.36996446
0.19553870
0.12666629
0.09669314
0.25085960
-0.19845228
-0.19225099
0.13633763
-0.03924149
0.15813064
-0.05056583
-0.08206486
-0.12622391
-0.04336995
-0.15017231
-0.16133854
-0.04954822
-0.00865707
0.16895696
-0.24458156
0.02250907
0.03512399
0.38562131
-0.14698608
0.27959530
0.28909707
-0.13657195
-0.09877759
0.01757268
-0.26030154
-0.26515322
-0.05185822
-0.09473459
0.08810769
-0.24171164
0.08418754
0.57094476
-0.21764653
-0.07295186
-0.14873554
0.20486969
-0.01799114
-0.09590026
-0.25721747
-0.28876900
0.11375865
-0.46703798
0.22382059
0.04836995
0.22594456
0.17297738
-0.22131881
0.03007750
0.23414344
-0.04361327
-0.48025594
-0.07382079
0.09855344
-0.08629152
0.07194862
-0.16260128
-0.02101863
-0.28050524
0.07772429
-0.04162793
-0.19727612
-0.14105144
-0.23816880
-0.28969613
-0.06985118
0.11538380
-0.49308529
-0.21463439
0.04757597
-0.28617221
0.23778663
-0.33767591
-0.12009723
-0.15026886
-0.10368524
0.27045935
0.01789838
0.25056023
-0.44680389
0.06595602
0.28270065
-0.08567307
-0.29594950
0.31351291
0.16678959
0.01421919
0.09141010
0.11894968
-0.75784685
-0.37914266
0.01391209
-0.06942372
0.17668477
-0.03609059
0.04401293
0.08410826
-0.05064902
0.09080528
-0.12044776
-0.34224457
-0.11479741
-0.20952894
-0.21517845
-0.13659061
0.11918891
-0.14249914
-0.28452760
-0.34236034
0.01390152
0.02373438
0.00949925
-0.43218432
-0.07445395
0.01455962
0.12475683
0.12188530
0.35944487
-0.03837886
0.30345507
-0.40693760
0.17430710
0.06692927
0.09624070
0.05611499
-0.30542262
0.30300114
0.24190577
0.01988371
0.00748152
0.37383894
0.23223382
-0.26419938
0.04897232
0.17820502
0.07595710
0.06413655
-0.08304468
-0.13459592
0.06306910
-0.04507750
0.18530574
0.31197298
0.06647693
-0.21010031
-0.31969626
-0.14277913
0.20969153
0.31686145
-0.09635767
0.09765996
0.15773182
0.07520776
-0.18684424
0.15053894
-0.12830728
0.40512577
-0.15244900
0.23653312
0.00151299
-0.30260849
0.18719694
0.17628761
0.40672267
0.25144306
0.08340879
-0.02228401
0.20322859
-0.17161768
0.23264238
-0.39616430
0.14757247
-0.36115509
0.30874489
0.26986798
-0.18375951
-0.34816626
0.08929305
-0.27673592
0.00184838
0.24861152
-0.06109910
0.39642790
-0.03722983
0.05602637
-0.05079126
0.32836238
0.00212073
-0.05751832
0.16367890
0.13050743
-0.29347023
-0.04271225
-0.00917966
0.25932231
-0.00666274
0.10285782
0.13085062
0.12787678
0.03340365
0.31501842
-0.09444730
-0.00294255
0.03775886
-0.07854255
0.06114293
-0.02047728
0.27881896
0.21834166
0.04316899
0.36591491
-0.16214790
-0.02620519
-0.48732425
0.22706948
-0.06316089
0.15824795
-0.01753542
-0.17242108
-0.31876711
-0.18384650
-0.05011486
-0.19738464
0.08820856
0.16921349
-0.03965820
0.13369511
0.21500956
0.32103998
-0.22418890
-0.05752118
-0.05798048
0.23094281
-0.06785841
0.27667276
-0.05713742
-0.20715673
0.39673368
-0.28447533
-0.01554336
-0.06728068
-0.21391995
-0.15056636
-0.24506720
-0.33792578
0.10774915
0.56475393
-0.18915643
0.07468106
-0.29169434
0.05008449
0.42117419
-0.03659518
-0.02689058
-0.43952137
-0.27454383
0.35598794
-0.07818222
0.03271495
0.59544224
-0.02807015
-0.23577181
0.18156118
-0.26326702
0.17384079
-0.22947144
-0.08286145
-0.00359627
-0.03768755
0.05032797
-0.02591728
-0.05200276
-0.39268317
-0.06919663
0.39646504
-0.12809581
0.19735759
0.01902037
0.09654792
-0.46330567
0.07266551
-0.17571039
0.00841933
0.36594522
-0.25695446
0.00725471
-0.07454116
-0.13731928
-0.07723152
0.36853051
0.14826090
0.14813355
0.40957377
0.19709690
0.49147628
-0.07705770
0.06092339
0.19295860
0.06254433
-0.38029755
0.02154927
0.17358812
0.16841630
-0.09303671
-0.03339120
-0.05677217
-0.13571410
0.16509798
-0.22044352
-0.04447417
-0.10044978
0.04127685
-0.25292363
0.18325307
-0.09790038
-0.08841035
-0.00951942
0.07452337
0.33020690
0.03120032
-0.15376632
-0.36113525
-0.19648613
0.13072954
0.03769593
0.06042147
-0.01989696
0.13524213
-0.11626565
0.18080770
-0.38354115
-0.08264417
0.24807430
0.03443378
-0.05709378
0.08093235
0.09423778
0.32736296
0.02327420
-0.08463736
-0.20710947
0.05379315
0.26979610
-0.03394189
-0.18120452
0.13135338
-0.13417973
0.27072879
0.47902159
0.14468711
-0.17761693
0.13610780
-0.17250315
0.31177439
0.13536641
-0.30499109
-0.06164009
0.32580891
0.00831728
0.21588755
-0.27861519
0.17036254
0.05701087
0.31868336
0.02719707
-0.26421883
-0.30123607
0.17036211
0.03445467
-0.05666800
-0.12244206
-0.13435092
0.03256942
0.14010065
0.05536700
0.03810819
0.08213183
0.30874034
0.11469550
0.32425246
0.13168980
-0.24921748
-0.26489470
-0.04699603
-0.19184550
0.13997930
0.05609197
0.13715018
0.25279295
0.37638848
-0.17005536
-0.22825096
-0.28245928
0.17583391
-0.12399375
0.32567124
0.37939823
-0.01856215
-0.05409420
-0.17912975
0.40906078
-0.08379483
0.23147230
0.31810073
0.04584672
-0.14891873
0.12091542
0.32137306
0.08541726
0.13396437
-0.12610586
0.58802897
0.41062172
-0.01515442
-0.19417867
0.04718833
0.20428022
-0.62126675
0.02350976
-0.00835355
-0.26834812
-0.15981593
-0.02968818
-0.04063888
0.11507695
0.13839352
0.19664890
-0.26543950
0.02186125
-0.34542093
-0.32050532
0.18475029
0.19875618
0.06648471
0.28059517
-0.21825511
0.28523995
-0.29624843
0.02251757
0.08571573
-0.05824322
0.11860845
0.08259783
0.04930348
0.01312284
-0.24339578
-0.23693167
-0.32908258
-0.18547979
0.34921289
0.31858243
0.11905306
0.00039171
-0.23738623
0.11298439
0.17786500
-0.19588323
-0.13445648
-0.07465217
0.02743895
-0.01123576
-0.05834486
0.02322925
0.45220442
0.17029574
-0.05793242
-0.41933662
-0.08101402
-0.06081530
0.15500117
-0.22653717
-0.12789549
0.02445669
0.08919816
0.03056542
-0.14245853
-0.20798944
-0.27319287
-0.39545431
-0.11017842
0.18789326
0.45969730
-0.21750930
-0.37087635
-0.14824274
0.23682796
-0.22538488
-0.22272282
-0.15809184
0.02488935
-0.32625733
0.32956875
-0.01460719
0.27693062
0.03413758
0.07701488
-0.27041424
-0.00383975
0.13804272
0.32579376
0.06127534
0.28776775
0.41357493
0.25133715
0.59801161
0.11058725
0.47931818
0.23604190
0.16009292
0.23861970
0.16984200
0.20148408
0.10657802
0.20400836
0.03737002
-0.45556293
-0.34309325
-0.09102247
0.00302053
-0.50183000
-0.93503318
-1.03152485
-1.54205526
-0.92143230
-1.25549836
-1.28384471
-1.21083831
-1.47748018
-1.28695289
-1.23413875
-1.42215366
-1.25965718
-1.27648168
-0.88221484
-1.03352743
-0.57425790
-0.28644345
0.21690001
0.29292390
0.41156235
0.50335420
0.39689882
0.93818659
1.51378704
1.36943795
1.69529675
1.85714397
1.61259658
1.53692138
1.76548706
2.08384781
1.43998415
1.86964231
1.94548820
1.27409006
1.15122391
0.92876386
0.73468715
0.81982500
0.53355248
0.21574761
0.02446536
0.02957763
-0.24883680
-0.65354171
-0.73675423
-0.34863473
-0.84018971
-0.63615646
-0.58953311
-0.74384776
-0.92566904
-0.87677071
-0.99215271
-0.68779471
-0.42782121
-0.67984488
-0.51831525
-0.44302631
-0.63539878
-0.42678762
-0.84736170
-0.61357488
-0.16213637
-0.35160257
-0.22039568
-0.30460071
0.00159219
-0.16245079
-0.00402728
-0.13490783
-0.18179216
0.12681080
0.27624471
0.16352703
-0.21598470
-0.03074226
-0.09543489
0.15795808
0.13906030
0.51801749
0.03560086
-0.01714797
-0.06828791
-0.08156296
0.44785127
0.23130102
0.20683681
0.46261385
0.00129211
0.30890862
-0.28283438
-0.11617510
-0.09894715
0.01032794
-0.16251257
-0.49772498
0.08230487
0.11584616
-0.09729733
0.32441904
0.23335952
-0.00981281
0.45451864
0.00202908
0.00861475
0.07157078
0.14454538
0.12696655
-0.15528293
0.11648407
0.19348956
0.04631726
-0.07745041
0.06664795
-0.16788710
0.20614814
-0.10855735
0.27167673
-0.13344101
-0.03996534
-0.14601282
-0.07997535
0.19564787
0.02442822
-0.36600585
0.09041982
0.33169959
0.25934828
0.09846217
-0.27959891
-0.08453301
0.36002408
0.03192529
-0.13460256
-0.19712272
-0.25063607
0.17167158
0.06652405
0.36155629
0.25650178
-0.26567071
0.08065524
0.10683818
0.08934903
0.11355316
0.12079603
-0.02555840
0.01128365
-0.11136815
-0.15010053
-0.28464338
0.44548302
0.33208571
0.04047956
0.13627262
0.32713010
-0.04992596
-0.30908326
-0.05509695
0.12153488
0.49174420
0.04146209
0.13019866
0.04482036
0.14235738
-0.13687155
0.15087578
0.01491080
0.02804632
0.05032994
0.04523644
-0.05750869
0.12629195
0.30705288
-0.09985296
0.14999554
-0.22677413
-0.12535996
-0.04917993
-0.01026466
-0.42570356
-0.31297701
-0.33676416
-0.37262734
-0.04912104
-0.15381293
-0.24697734
-0.04471592
-0.43773924
0.33068924
-0.23251548
0.16227760
-0.26507941
-0.07002991
0.01977993
0.03900482
-0.32999401
0.18839363
-0.08917389
-0.06453397
0.27471170
0.09771476
-0.10387186
-0.33406038
0.08590123
0.34373802
-0.14978904
0.15610199
0.17906029
-0.17263754
-0.16867136
-0.37106008
-0.13473322
0.28999068
-0.07525321
-0.08214771
-0.01849822
-0.30116337
-0.51690159
0.05949723
-0.18130385
-0.15773876
-0.00066765
0.40506128
-0.07089133
-0.15768031
0.29110146
0.07872661
-0.38280753
-0.19528252
-0.03517831
0.20922103
0.05662119
-0.15397281
0.30967822
0.17261140
-0.35509652
0.27712683
0.34704077
-0.29272065
-0.07285065
-0.06642505
-0.21761186
0.13352415
0.11156270
0.31888393
0.09176476
0.26833620
-0.34056428
-0.15789625
0.27398683
-0.09563844
-0.03856808
-0.08093308
-0.52150391
-0.01405570
0.07886604
-0.11813283
0.26567958
0.46693135
0.08572184
0.29073562
0.43044551
0.31278677
0.10379166
0.24891984
-0.22973756
0.21886340
-0.27064585
-0.19452285
-0.11554046
-0.10568014
-0.02867479
-0.67959159
-0.24026926
-0.01090382
0.05869325
-0.32374825
0.18548259
0.31421999
-0.02625393
0.09248406
0.00101480
0.05565167
0.07988688
0.15278089
-0.24780100
-0.05906191
0.24121770
-0.18328439
0.04671573
-0.19732034
-0.00392102
-0.06838507
0.09138517
-0.21072513
-0.11809122
0.20785810
0.20510181
-0.35920189
0.22563587
0.10996038
-0.14564997
0.00328109
0.13759296
-0.25096209
-0.00208112
0.13663230
-0.10197416
-0.17283557
-0.12300255
0.09219056
0.12192949
-0.12686671
-0.09950101
-0.10104522
-0.01425957
-0.07977027
0.19281137
-0.24509240
0.19364514
0.21949577
0.12617107
0.08265278
-0.10566128
-0.20845057
0.14617681
-0.07612076
0.10913945
0.03729125
0.25435402
-0.09706443
0.23515839
-0.13551768
0.17501329
0.04610120
0.24244046
-0.22688673
0.37358219
-0.09219586
0.00250263
0.31304976
0.16261068
-0.21934537
-0.33072647
0.27323508
0.21525682
0.47256650
0.05028865
0.09260951
-0.22859218
0.11903907
-0.25180926
-0.07378415
0.03023571
-0.08013550
0.23790503
-0.28286502
0.21884267
0.16021103
0.16476169
0.04036805
0.18174247
-0.44676205
-0.11683342
0.00519198
-0.38198361
0.31056209
0.06763843
-0.07978734
-0.24433464
0.27808687
0.14202423
0.03244082
-0.09816035
-0.08113813
0.09894661
-0.19545439
0.20438110
-0.04064665
0.16912801
-0.03721449
-0.00719861
0.04070277
0.32307602
0.15497211
0.31399013
0.01928264
0.05525324
-0.13128701
0.11236502
-0.37803990
-0.25724291
0.05540052
0.02597151
-0.26364433
0.10298404
0.00053238
-0.01289319
-0.11260165
-0.14264176
0.13587594
0.36556327
0.34393886
-0.28670347
0.11157900
0.42355993
0.10986713
-0.08170645
0.07617468
0.13940406
0.18141718
-0.03055407
-0.09404681
-0.20911798
-0.27533379
0.04897829
-0.00848241
-0.16359265
0.27137458
-0.21299914
0.08441738
0.05329717
0.04926030
-0.03538410
-0.13486208
-0.03563741
-0.02105878
-0.42390053
0.15657726
-0.04282183
0.26073924
0.07458305
0.41735525
-0.14124383
-0.01610055
-0.04055078
-0.17893815
0.03600882
0.21102766
0.23500626
0.12308932
-0.00588743
-0.30102136
-0.01930287
-0.15237284
-0.22142349
-0.20346196
-0.14952629
-0.15751739
-0.08046339
-0.16832917
0.26799984
-0.10927739
-0.06036302
-0.03137428
-0.28188732
-0.09896312
0.07020649
0.15163321
-0.06758221
0.26730588
-0.13588903
0.03495188
-0.08786554
0.20727051
0.02143602
0.07302335
0.00489212
0.41124418
0.00520339
0.09086712
-0.40634198
0.03177753
-0.13040908
0.17362736
0.35335352
-0.36514054
-0.04946394
0.03674418
0.36445531
-0.42378205
-0.02588398
0.05353630
0.24444111
0.09314896
-0.19388325
-0.12827231
-0.10450853
0.10797502
-0.02587206
0.11564853
-0.02457859
0.32828235
0.14804935
-0.25385478
0.12836612
-0.03049161
-0.20247279
0.05307951
0.31568844
0.34159878
0.14701019
-0.17112173
0.08020275
-0.22831721
0.32238182
-0.30864270
-0.24715591
0.05768023
0.02515671
0.56766547
0.08460593
0.11208574
0.14572257
0.03986068
-0.28515720
0.09858392
0.07006880
0.01812376
0.01238805
0.23269666
0.18741116
0.17857752
-0.04529954
0.43310382
0.36156595
0.29637388
0.24479031
0.25090755
0.01491556
0.20793489
0.40552653
0.13002116
-0.05719171
-0.15416661
0.30256614
0.00915963
-0.30663469
-0.22614863
-0.02533563
-0.18029197
-0.02935981
-0.13018389
-0.37235000
-0.02479472
0.31489143
-0.23512190
-0.18827267
0.00654256
-0.03925437
-0.31096117
0.00020629
-0.26603439
-0.29224328
-0.09458250
0.35430741
0.29930615
-0.07406720
-0.09362450
-0.59693809
-0.00483437
-0.23079157
0.07208297
0.47594001
-0.12137135
-0.02940490
-0.47084508
0.44746989
-0.42892049
0.05757591
-0.15013500
-0.00354406
-0.01431407
-0.05447362
0.05775994
-0.07554872
0.06457920
-0.22864524
-0.01120034
0.18404025
-0.02979866
0.14372272
-0.01543197
0.37308514
0.07896624
-0.10686801
0.10833931
-0.06814029
0.07697215
-0.00366046
0.16241845
-0.11321118
-0.12550107
-0.33116665
-0.25762746
0.31453312
-0.04409365
0.20208055
-0.03767089
-0.25209187
-0.11500260
0.08781122
0.36976026
-0.05020321
0.04130778
-0.32354293
0.06913959
0.17009553
-0.30763583
0.30203800
-0.17327984
0.08815002
0.20082603
0.02689975
0.04283430
-0.16129976
-0.17789776
0.10462683
0.11470628
0.36825626
0.22635552
-0.20346345
0.23569203
-0.04695547
0.18734281
0.28494726
-0.07674791
-0.22229276
-0.17445516
-0.09206746
0.03101699
0.06237515
-0.15965247
-0.27133983
0.01892761
-0.06955166
-0.00077011
0.51358897
-0.39674528
-0.30619443
-0.02203355
-0.02183152
-0.15974446
-0.27266618
0.17948186
-0.06861070
0.12377649
0.10897528
-0.11293959
-0.17374422
0.30355834
-0.36423032
-0.04527453
0.42323672
0.07826603
0.01709446
-0.00975038
0.03310821
0.09882770
0.10566664
0.23294449
-0.14972702
-0.14583895
-0.07452797
0.05389780
-0.22610129
-0.20439940
-0.45646685
-0.29949777
-0.18263977
0.00105676
-0.15648144
-0.01345485
0.28158469
-0.25561026
-0.00795823
0.06023992
0.35091044
-0.26936441
-0.41069196
0.23201449
0.07770925
0.01712224
-0.22624242
0.04568821
-0.02335213
-0.03464245
-0.02884898
0.24142588
-0.03349408
-0.11066902
0.24088458
-0.03437840
0.12076044
0.27290042
-0.16432287
-0.22333209
-0.04182339
0.28290326
-0.01915093
-0.20432524
-0.25287735
0.44919206
-0.32398200
0.02544759
0.30105344
0.24748011
-0.08809467
0.11696638
-0.27120989
0.22372616
0.02198230
0.16071673
-0.42617127
-0.26531479
0.26377436
0.13476496
-0.10539405
0.32410040
-0.32746445
0.40257172
0.08916198
-0.30389508
-0.33798301
-0.03448941
0.18929154
0.27971851
0.23555417
0.04711678
-0.25161937
-0.09790626
-0.33042923
-0.07173841
-0.02569661
-0.10691965
0.45551631
-0.03915584
0.01327997
0.13208679
-0.09898803
-0.23061325
-0.10297570
-0.15952411
-0.30672733
-0.23092489
-0.05275950
0.00891428
0.42567492
-0.01943904
0.53510394
-0.30837132
0.18761701
-0.03621336
-0.01752886
-0.13045684
-0.02290860
0.15154310
0.16025901
0.23373949
-0.18239744
-0.00904134
0.13693613
0.21824372
0.21484863
0.10592296
0.02309276
0.38390498
-0.03932567
-0.09495134
-0.06414280
0.12346071
0.11613847
-0.02365861
0.01943903
0.00206170
0.08876078
0.13299872
0.12111639
-0.19694815
0.18773524
-0.32166236
0.14161423
-0.07079744
0.24039480
0.01678144
-0.08746516
-0.06534787
0.09270713
-0.03825117
-0.07482088
-0.01216353
0.24663005
0.28454182
-0.04286478
-0.26156028
0.01159327
0.07832698
-0.22114659
-0.18828564
0.06220627
-0.05288604
0.07693018
-0.26075332
-0.25553714
0.02496614
-0.19011324
0.11685134
0.23349252
0.04540608
0.03596136
-0.19774713
-0.24532070
0.17852761
0.31092169
0.39845662
-0.29028009
0.16204068
0.01678490
-0.35405097
0.36236560
0.39773104
0.26788000
-0.32591270
0.09121497
-0.24608567
-0.09495647
-0.29273329
0.00660566
0.19778863
0.11052929
0.19160896
0.08900383
0.06452869
0.27700505
0.06660484
-0.29847183
-0.29276493
-0.09707936
-0.41521936
-0.06600004
-0.16806530
-0.02493576
-0.10896186
-0.12235428
0.09597125
-0.06043480
0.00497244
0.28565101
0.13724151
0.06032980
-0.24893015
0.25435844
-0.31016315
-0.10676971
0.06687139
0.26223738
-0.11652348
0.21531729
-0.19507931
-0.33613938
-0.00311872
-0.21512023
-0.36537944
0.01564828
0.23410468
-0.07188596
-0.41229758
-0.26193246
-0.06216637
0.16867251
-0.22826871
0.07790815
-0.16651457
-0.07904566
0.37539469
-0.34046207
-0.13395587
0.07419784
0.04018988
-0.01666933
0.01514170
0.01816056
-0.05799456
-0.12589131
0.33942457
0.12987261
0.25405498
-0.19357951
-0.02335899
-0.13733626
-0.30500107
0.12751392
-0.23650465
0.33119169
0.07302869
0.12240622
0.36282576
-0.00459798
-0.24419078
0.09165206
0.15977649
0.22560278
-0.01494084
0.15940479
0.08813400
0.37259972
-0.10590879
0.50016750
-0.12943357
0.06937794
0.24572309
-0.56657376
0.28374644
-0.39428852
0.04551548
0.05806089
-0.14813708
-0.10200129
0.14658454
-0.23600539
-0.10623655
-0.20905904
-0.51720566
0.06016156
-0.00138888
-0.27829838
0.13819998
-0.13998411
-0.21822375
0.07889349
-0.05389597
0.26990593
-0.18605714
0.11898641
-0.19055204
0.34603406
0.11064627
0.02143655
0.01020784
0.17992497
0.32699708
0.26921805
-0.57883132
0.02180356
-0.06888888
-0.11221426
-0.26123861
-0.22882649
0.38579733
0.22916421
-0.29043054
-0.19466097
0.08868465
0.00598355
-0.29662491
-0.31258147
0.20792121
-0.05206412
0.22975183
0.07598924
-0.13638895
-0.10087841
-0.19833983
0.06530183
0.08232591
-0.18778573
-0.34024846
-0.08092548
-0.17993423
0.20565180
-0.30171155
0.27327587
0.20781991
0.23709382
0.07213212
0.21096954
-0.26133677
0.09902994
0.04730498
0.12843173
0.01396441
0.02873089
-0.08957985
-0.27556886
0.07249519
0.14686075
0.29215270
-0.16156490
-0.26618391
-0.06704151
0.32976670
0.07793177
0.38834488
0.17575112
0.59573093
0.13930082
0.14273641
0.03184074
0.04979100
0.54286862
-0.56139289
0.00454137
0.06301485
-0.17246067
0.05331076
-0.13391822
-0.13300786
0.17842849
0.19921975
0.28890135
0.04092082
0.46591001
0.46349434
0.47164365
0.02648904
-0.12686812
0.12157024
0.01723982
-0.06381571
-0.02778548
0.16194088
-0.26292357
-0.07553403
0.13615830
0.21725207
0.02242799
0.28749448
-0.45380246
-0.30911153
-0.05877457
-0.30374307
-0.39901527
0.19443227
-0.22022212
-0.36960947
0.11400720
0.14077533
-0.16866666
-0.06694108
-0.00001848
-0.12522137
-0.17047720
-0.01978513
0.06342135
-0.29586987
-0.18911571
-0.01600360
0.05864553
0.42269267
-0.03962067
-0.20564279
-0.21195270
-0.08083084
0.47282719
-0.21950283
-0.19434998
0.20105865
-0.20582729
0.35923978
0.08166012
0.00098625
0.15067601
0.24259342
-0.05087995
-0.07754389
0.13178628
-0.13887220
0.03241614
0.34423539
-0.27304591
-0.35589144
0.38484856
-0.23196804
-0.07905947
-0.10126227
-0.12718963
-0.35574129
-0.40186381
-0.08300851
0.18301796
-0.08529514
-0.57844228
0.13238580
0.07210927
0.18826615
-0.10121993
0.05776658
0.08991700
0.12608594
-0.00665436
0.28536781
-0.09602505
-0.04190885
0.18198257
0.17390670
0.13251119
-0.10362841
-0.09690162
-0.00814702
0.32983704
0.10863414
-0.26368948
-0.01752159
0.29402727
0.26641908
-0.29542655
-0.13850828
-0.17507549
-0.16688748
-0.11937161
-0.06608634
-0.42552126
0.02277204
0.42568761
-0.15425236
-0.28859386
-0.03889921
-0.10113611
-0.14240478
-0.16385127
-0.08338214
-0.23275051
0.34728953
0.05320457
-0.09780091
0.01578420
0.10522647
-0.01982666
-0.28023023
0.04058761
0.30182418
-0.16343191
-0.15571643
-0.11595965
0.19918262
0.24183588
-0.41809100
0.13438708
-0.26932390
0.05111718
-0.12041605
-0.29887905
0.19684580
-0.19505678
-0.27240033
-0.07297364
0.16050965
-0.04995869
-0.19124732
-0.30198425
-0.10690645
0.41882875
0.06792450
-0.26154556
0.22001512
-0.14339614
-0.17039269
0.11902677
-0.06403676
-0.00052335
-0.51250920
-0.06725188
-0.13353777
0.01685195
-0.08762901
-0.05572224
-0.15657165
0.15940298
-0.27988969
-0.01908109
-0.12163584
0.13097165
0.33012299
0.01860992
-0.10483395
-0.10875168
0.11710348
0.10575401
-0.13627908
-0.15963073
-0.01577089
0.39087912
0.07257750
0.29334936
-0.20485702
-0.26783332
-0.30881358
-0.17761209
-0.31009945
-0.28247867
-0.13248144
-0.16336560
-0.32129373
-0.11024743
-0.02016825
-0.25610372
0.06986847
0.01209035
-0.00908585
-0.03729629
-0.27013585
0.06557342
0.17447336
-0.03332498
0.07785820
-0.23885284
0.19290575
0.19537928
0.40250722
0.12933117
-0.05200947
-0.02089136
-0.06365190
0.19968215
0.09536753
-0.41865181
0.08261916
-0.01159642
-0.15881514
0.00940464
-0.19041996
-0.18078972
-0.11585913
-0.07471033
0.07711634
0.11540602
-0.12612525
-0.05631919
0.00416850
-0.04754536
-0.23109265
-0.23376058
0.01578352
-0.12164194
-0.03321133
0.02237759
-0.11071632
0.13543088
-0.13241506
0.23433387
0.17348136
-0.06361121
0.45174934
