-0.17450318
0.00931603
-0.24796517
0.17943750
0.17596707
-0.12547485
-0.53922219
-0.22645429
-0.02255147
-0.02339316
-0.09697753
0.02036296
0.19196458
-0.21173379
-0.23472185
-0.19551093
-0.34698041
-0.44970641
-0.16920808
-0.06899500
-0.19047241
-0.59505367
0.03710949
0.38978414
-0.10979997
-0.21492453
0.15956423
0.28201084
0.04868900
0.22262002
0.09331842
0.05682189
0.00627644
0.02220444
0.04418882
0.04799848
-0.26551919
-0.36856641
0.28100060
-0.09705324
-0.31248959
0.04625081
-0.28511559
-0.14090374
0.09954056
-0.25876313
0.00886895
0.04780536
0.13201502
0.11945677
0.13432491
-0.07335015
0.31346064
0.01912098
0.54459483
-0.11677021
-0.29996980
0.38256318
-0.04776368
-0.41302527
0.11565828
-0.18394105
0.15613989
-0.17572149
-0.05512753
-0.37696543
-0.43947453
0.13100867
-0.64571781
0.25303075
0.17922708
0.43513194
-0.34997400
-0.11498972
-0.23060692
-0.03229573
0.32902005
-0.22390801
-0.09046117
0.10390924
-0.30060399
-0.01180279
-0.06880426
0.25538091
-0.04928941
0.07201352
0.02130286
0.13170298
0.27496008
0.15052286
0.04098366
0.34656926
-0.17573909
-0.03606246
0.26693077
0.05418230
0.11419776
-0.23625647
-0.05840272
-0.15424130
-0.35796562
-0.07278161
-0.29978472
-0.17194580
-0.25894374
0.03281733
-0.05291250
-0.21776200
0.07460936
-0.11473438
0.20759567
-0.01625647
-0.04946198
0.46360309
-0.27499015
0.22578616
-0.36963560
-0.03454907
0.15122768
0.05056236
-0.01659013
0.14728428
-0.04988445
0.20323291
-0.12578253
0.09133682
0.17296194
0.18348473
-0.15885068
-0.19309851
0.00668340
0.07394015
0.17337217
0.11514945
0.40477162
-0.23407907
-0.09434825
0.25963605
0.31338071
0.09337038
0.26234724
-0.25421146
0.04843153
-0.01133294
-0.11202764
-0.24040874
-0.19082104
0.15617256
-0.18178229
-0.03874173
-0.38530255
-0.11815382
0.35040689
0.26303423
-0.05912332
0.21439734
0.05109409
-0.04484624
0.37648140
-0.26359445
0.00379129
-0.12514477
-0.11642097
-0.22794189
0.10808916
-0.21572274
0.07351336
0.24216536
0.16988786
0.22823112
-0.15960730
0.17791003
0.27832757
-0.29511416
0.20924574
-0.06925073
0.24982232
-0.07414363
-0.07784941
0.03154103
0.17495660
0.12475008
-0.11531658
0.21939968
-0.07692346
-0.41953003
0.05410555
-0.05133019
-0.68978925
-0.01684102
-0.03988416
0.17159132
0.21063835
0.13218093
0.07884218
-0.05382606
-0.15300441
-0.09751550
-0.24772003
-0.05856660
-0.40758436
-0.23641928
-0.22184133
-0.29066652
0.22151799
0.05891199
0.43915314
0.29332828
-0.40064443
0.36317159
0.16947322
-0.01022493
0.17056541
0.16769689
-0.09303524
0.00638624
0.28387094
0.16800942
0.11251047
0.10295471
0.14631141
-0.39663672
0.45436258
0.16965205
-0.51209913
-0.01933728
0.05693344
0.16045399
-0.00936092
0.20747531
0.14628192
0.14834429
-0.09143302
-0.25861114
-0.06944111
0.31267702
0.14075512
-0.04890685
0.38722138
-0.07017288
-0.20998143
-0.16629410
0.16149665
0.08753008
-0.34563382
0.34931935
0.01996486
-0.20271171
-0.00319230
0.15539112
0.08040865
-0.40927545
-0.43556498
0.14081423
-0.17034264
-0.01145336
-0.02201243
-0.01599739
0.11755023
0.11799747
-0.06599295
-0.14683276
-0.08274979
0.28535784
0.23746180
-0.16566419
-0.23474781
-0.01667232
-0.18087073
-0.45627258
0.06492763
-0.04719744
-0.14053227
-0.05668125
-0.09606741
0.06811072
0.03185089
-0.09505273
-0.10516180
-0.03740571
0.08212721
-0.00318591
0.19640244
-0.12768847
-0.39670908
-0.21418824
0.26753245
0.06606233
-0.27313766
0.02110852
0.10074572
0.03351141
-0.09509024
-0.20598686
0.05195326
0.17016602
0.08575614
-0.33263422
0.10226104
0.20389098
0.02319403
-0.27663920
-0.06260432
-0.15598597
-0.22221743
-0.50707169
0.11320177
-0.15647967
-0.10810501
-0.13479997
-0.08368349
-0.13439649
-0.39301285
0.10699979
-0.44595330
-0.08023198
-0.18992666
-0.03028046
0.06847471
-0.01650745
0.23846417
0.34520408
0.23743949
-0.35572561
0.10144057
0.16024008
-0.38824235
0.03285938
0.01374077
-0.09007498
0.00606992
-0.21851808
0.19309000
-0.21163633
-0.08755841
0.05092533
-0.01628113
0.03843156
0.45728412
0.13632284
0.13446575
0.11229611
0.17242002
0.38240588
-0.38123072
-0.17156736
0.16136747
0.18199519
0.08748476
-0.08534872
-0.07397672
0.30571174
-0.22100837
-0.48266815
0.10525509
0.19107883
0.22691344
0.02837922
0.26339391
-0.04239533
0.36643120
0.18195378
0.14621991
0.09574586
0.08391197
-0.03703713
-0.39338440
-0.00889878
0.25386926
0.31699413
0.08340930
0.01020045
0.34902849
-0.13874417
-0.32116896
-0.11708367
-0.07342062
0.08480055
-0.04435832
-0.03455848
0.06517371
-0.03971374
0.28933701
0.18202914
-0.08996791
-0.23345396
0.51332381
0.00102390
-0.00177743
-0.19704673
0.07472814
0.10580459
-0.05281419
-0.14509957
0.14010945
-0.34598867
-0.14667177
0.20695015
-0.07916687
-0.29640239
0.20749212
0.12606741
-0.08457515
0.38113716
0.13448295
0.42538275
0.02731449
-0.41098706
-0.03266731
0.06533763
-0.13859403
0.26379454
-0.05319242
-0.08081227
0.07160573
0.04109413
-0.01618149
-0.22967908
0.05102562
-0.08247180
0.09724064
0.12749423
-0.11486669
-0.07492540
0.14089907
0.06124663
0.38032233
0.03612578
0.07815638
0.32412981
-0.25589417
-0.24023340
0.14169119
0.39180297
-0.01608473
-0.00641384
-0.12795402
-0.01803678
-0.38996088
0.02034327
0.27995324
-0.11899941
-0.13753543
0.26006526
0.32869199
-0.74584274
-0.26999612
0.03192769
-0.15510663
0.02384465
-0.11327730
-0.16559238
-0.08946524
0.14370939
0.16509122
-0.03452430
-0.00876097
0.13801527
-0.08580978
0.20225392
0.20348197
0.12516330
-0.06396591
-0.07186540
-0.05855752
0.12061790
-0.32051007
-0.00267135
-0.05270145
-0.02608962
-0.11915081
-0.01452239
-0.11703986
0.14623061
0.15222137
0.00172679
0.21404252
-0.08225178
0.16810288
-0.09796014
-0.00592060
-0.24685256
0.12988635
-0.19658710
-0.08119613
-0.00969985
-0.50801151
-0.00289301
-0.07911164
0.13821568
0.09246816
0.01730602
-0.28557638
-0.02956257
0.29914621
-0.01345456
-0.15216422
0.01081317
-0.10706803
0.14453010
-0.37555540
-0.40122766
-0.17089280
0.41030310
0.35828848
0.27332116
-0.29851183
-0.08875363
0.11222463
0.60625475
-0.08473782
0.30899909
0.13468209
0.18693037
0.11324458
-0.13467261
-0.11062939
0.30077324
-0.20995192
-0.11226225
0.16068465
-0.31562010
-0.20687212
-0.05421207
-0.16776372
0.26591263
-0.03142233
-0.46062191
0.39155336
0.04654990
-0.23256809
-0.35391704
-0.29833116
-0.01975644
0.06213531
0.28765193
-0.14097294
-0.20499562
0.08559874
-0.24346955
0.21314479
0.14526136
-0.04598228
0.16658087
-0.00643074
0.34220718
-0.02538210
-0.06251331
0.03534887
0.31680060
0.03734558
0.39841843
0.06485276
0.18741878
-0.17150424
-0.15728058
0.30695473
-0.15454795
0.45839929
0.02770150
0.14416304
-0.06092442
-0.34198744
-0.17475944
0.11580072
-0.00006739
0.10155824
-0.36805366
0.11233079
-0.08019716
0.11673478
0.22566107
-0.25425717
0.08720008
-0.10152057
0.22279107
-0.04044299
0.03870335
-0.06041898
0.21623003
-0.36809537
0.12974998
-0.21148837
-0.16941170
0.10663700
0.12444267
0.14902616
-0.13421384
-0.05111935
0.20069091
0.39809566
-0.08433959
-0.02278841
-0.34390852
-0.26643898
-0.22033893
0.07811662
0.26064371
-0.20163344
-0.38831651
-0.17974842
0.08999567
-0.08871437
-0.05015161
-0.05471775
-0.08079993
-0.06239229
-0.15777509
-0.23343176
0.25736227
0.21246770
-0.19650366
0.03668038
0.07740900
-0.04678677
-0.08222591
0.08242841
0.43731836
-0.09577016
-0.18866585
0.24664923
0.16029833
0.23252131
0.06941800
-0.19601470
-0.12443373
-0.23531636
-0.02121729
-0.25574140
-0.01730404
-0.18579438
-0.30426365
0.25875526
0.07944196
-0.77710933
-0.01825274
0.05082975
-0.19653011
0.02018650
-0.44736591
-0.09543794
0.24112691
-0.37547097
0.15143822
-0.11076409
0.14153272
0.06722972
-0.52723895
-0.18179178
-0.28535486
-0.13794641
0.27120432
-0.22560749
-0.06779623
-0.20340756
-0.17740320
-0.18464561
-0.16079292
-0.04478209
-0.09275266
-0.03627290
-0.39497539
0.17296841
-0.06629692
0.58424957
0.49818917
-0.18242444
0.15353057
0.19827829
-0.07902340
-0.02503279
-0.17557599
-0.19233344
-0.01553470
-0.05051035
-0.14499795
0.08315952
-0.33286216
0.03577257
-0.02321957
-0.23297599
0.00646305
0.08076545
-0.37306135
0.00621118
-0.03254840
-0.21235509
0.20651575
0.03522635
-0.21382071
-0.16796092
-0.23991920
0.06721721
-0.21711863
0.15111903
-0.12010520
-0.10110063
-0.13341785
0.17699978
0.18538345
-0.02680284
0.04695798
-0.30957036
-0.00445862
-0.04315772
-0.01155693
-0.09972289
0.27121635
0.24399895
-0.30841605
-0.03676953
-0.10802841
0.40891854
0.27762322
0.33957162
-0.22846508
0.03928822
0.05595435
-0.07631893
-0.35721554
-0.09221659
0.49721885
-0.17410827
-0.08144605
-0.45479329
0.09127614
0.06088617
-0.33833844
0.03967912
0.25881798
0.16628403
0.09494967
0.06186431
-0.04756418
0.18727741
-0.09930992
-0.21181525
0.14895654
-0.15235465
-0.09043666
0.08354777
-0.11795237
0.11893784
0.25672760
0.31531013
0.16147862
0.40209704
-0.05325781
0.13410185
-0.00963703
0.09135328
-0.02941258
0.03205520
0.23229537
0.22355061
0.15451449
0.38236012
0.28725799
0.04137661
0.54619431
0.28570370
0.41164543
0.47606319
0.65730377
0.53750042
0.38229256
0.55002153
0.34941962
0.25019100
-0.15170674
-0.18801219
-0.22180485
-0.39395349
-0.21923578
-0.62188470
-0.47828663
-0.46365877
-1.18795361
-1.49865391
-1.20776042
-1.50962895
-1.40742875
-1.24013881
-1.52930971
-1.47708863
-1.24378184
-1.62115750
-1.40504051
-1.14163197
-1.18852707
-1.26476394
-0.36683320
-0.40043495
-0.58273246
0.00107700
0.00883881
0.58519785
0.47606888
1.18813164
1.07563962
1.18157117
1.15796881
1.57296590
1.87651266
2.04456805
2.37126835
1.70201351
1.82651732
1.63743155
1.69451225
1.49950659
1.21768541
0.90298572
0.82634678
0.43911552
0.56432054
0.48215188
0.07900167
-0.13062513
-0.38619196
-0.31385624
-0.25387045
-0.44678149
-0.97868906
-0.95748477
-0.87368900
-0.44081342
-0.90753664
-0.73002521
-1.07784525
-1.13983644
-0.65745379
-0.77757273
-0.65702725
-0.67569548
-0.61794532
-0.59522018
-0.24421525
-0.12791854
-0.48289243
-0.07677939
-0.39338974
-0.46595851
-0.23256540
0.14867238
0.05289849
0.05002546
-0.05807913
-0.11520427
-0.13925233
0.38083423
-0.33901778
0.38556292
0.55837740
-0.01162905
0.30678579
0.12971191
0.13905825
0.23399119
0.11707423
-0.17798841
0.00869660
-0.16995655
0.20855375
0.22368238
-0.29157007
-0.02088042
-0.02872408
-0.12750791
-0.11222694
-0.19117111
0.31118894
-0.11530617
0.35892194
-0.37826404
0.02075318
-0.27215118
-0.08162018
0.11912184
-0.49303902
-0.33614981
0.01872664
-0.02529927
0.21957480
0.02764079
0.01704856
0.07843206
0.11628540
0.11235782
-0.10227487
-0.05407999
0.05524308
-0.23132136
-0.08633871
0.21615835
-0.14717618
-0.22718158
0.05388837
-0.10299855
0.01374366
0.24806802
0.20972153
-0.25146182
0.25470059
-0.17307780
-0.23253489
0.01486559
0.16546680
-0.21284615
0.23237306
0.07475447
0.09898608
0.14828661
0.20852226
0.28426142
-0.02676975
0.42435720
-0.21111577
0.24549419
0.24586846
-0.10636252
0.02340299
0.44012162
-0.16211808
0.38577323
-0.27940927
-0.13539983
0.20338697
0.31604772
0.38036734
0.10873530
-0.05310604
-0.10530284
-0.29387407
0.12393678
0.27033792
-0.03856935
-0.16263638
0.03495472
0.32406145
0.40010607
0.15792423
-0.00125552
0.07923900
-0.36303886
-0.13516017
-0.22774059
-0.13540923
-0.01474355
0.06334866
0.20531895
0.06930018
-0.12587617
-0.09004287
0.01054223
-0.27490459
0.43704690
-0.00347356
-0.10501360
0.02462648
-0.45445266
0.30044200
0.15399732
-0.05774305
0.28568664
0.07270550
0.23264774
-0.30366123
0.16284155
0.40257019
0.17114526
-0.19294079
-0.29434823
0.11239130
-0.22817062
0.12090599
-0.08801176
0.40507234
0.06590844
-0.06645141
-0.41957893
0.34742863
-0.07938397
-0.02457590
0.29735382
0.26981750
0.31100613
0.28313806
-0.00677848
0.16692932
-0.15460457
0.13581955
0.18998588
-0.08619743
0.28650342
-0.01190198
-0.16010779
-0.05731071
0.35005544
-0.10125779
0.19357064
-0.20163085
0.14022034
0.47378786
-0.55923454
-0.06505231
-0.05589292
0.17221916
-0.00357320
0.30317747
-0.04570917
0.00478912
-0.10838861
-0.34633547
0.13068363
-0.28278584
-0.16277225
0.06082857
0.17253462
0.19102947
-0.19955269
-0.12942007
-0.16518942
0.35141853
0.22479050
-0.02179672
-0.40156876
-0.20835176
-0.16171362
0.31965908
-0.17539932
-0.18269154
0.11721759
0.07052467
-0.34469494
-0.03198195
-0.20047986
0.15822857
0.09614628
-0.21118732
0.05813377
0.06276101
0.18890804
-0.10949287
-0.28115987
-0.23204250
0.25502542
-0.04079876
0.17183742
0.01504734
-0.27066462
0.49237373
-0.13046909
0.17067060
0.06787959
-0.03643326
-0.30799245
-0.14662002
0.27368877
0.54434549
-0.00306346
-0.29972505
0.66331802
-0.30114616
0.30582644
0.15633390
0.08179897
-0.03381396
0.02978094
0.13933564
-0.00175156
0.16223254
-0.12826862
0.58402424
-0.02325714
0.20191810
-0.21543062
-0.15103326
-0.07305997
-0.22455097
0.00964320
0.53056601
-0.24966964
-0.30968657
0.14941316
-0.24369226
-0.04691162
0.26095253
0.19248536
0.22479235
-0.25901227
0.19036320
-0.13366031
-0.14427401
-0.18175289
-0.12589992
-0.10900499
0.14941225
-0.13890887
-0.07724549
0.33794055
-0.03515620
0.05918522
0.10432831
-0.17849933
0.09994018
-0.12172332
-0.16110800
-0.35858858
0.07934846
0.04551182
0.44431973
-0.09441005
-0.04109225
-0.08783922
-0.23133291
0.29443769
-0.34178775
-0.11388046
-0.26617622
0.08567709
0.14637538
0.24962124
0.16704523
0.16026977
-0.00701539
-0.20660354
-0.04933751
-0.05419654
0.00220015
-0.02105995
0.08529677
0.24914832
0.05098100
-0.20030487
-0.06643523
0.08606713
-0.06064026
0.06269247
0.24533018
0.20951174
-0.11854988
-0.09096681
-0.05476319
-0.24113430
-0.47212267
0.05156068
0.14254523
0.15780777
-0.14845044
-0.22682472
0.05106638
-0.08047471
0.08556363
0.02262609
-0.00529328
0.10011273
0.07902615
-0.11207446
0.14667673
0.21803200
-0.06153528
0.19360777
0.04790977
0.09421463
-0.06147641
-0.20060062
0.29087439
-0.20426640
0.10537228
-0.02579750
-0.30111354
0.10124826
0.06487462
-0.03020205
0.24187832
-0.16504040
0.12678272
-0.14086195
-0.02555998
0.44163692
-0.15210978
0.05424899
-0.10781234
0.35829194
-0.00947414
-0.26728280
0.03637031
0.10501292
0.43120879
-0.32869038
0.07629236
-0.08654851
-0.48243933
0.50314427
-0.11720653
0.03873295
0.00639031
0.03204840
0.21641931
-0.12780137
-0.29318025
0.02286413
0.20232174
0.44550724
0.38200117
-0.24748670
0.36581014
0.13353734
-0.06129636
-0.24138816
-0.03504121
0.11929630
-0.07472133
-0.18311212
0.24418060
0.10103615
-0.26374895
0.16551765
-0.00918882
0.07746765
0.18970103
-0.45626554
0.22739636
-0.49342102
-0.28155489
-0.33896787
-0.10168880
0.06817179
-0.31108112
-0.09540931
-0.15569886
0.08850462
0.21988674
0.16132655
-0.05650506
-0.51790749
0.19606271
0.14721805
-0.28550318
0.38338660
0.85861319
-0.26592024
0.04028859
-0.31129555
0.31499254
0.06752171
-0.28471143
-0.27188034
0.27268690
-0.18927955
-0.12178819
0.22503689
0.18488794
-0.01492499
0.11548704
-0.00023123
-0.02751723
-0.01155141
0.09238372
0.24147390
-0.08173746
-0.07820176
0.26325626
-0.08549357
0.25880448
-0.08973497
0.21685786
0.00687331
-0.08828539
0.28195183
-0.11313677
-0.22641272
-0.09509513
-0.16844455
-0.08290390
0.23133506
0.25279793
0.25320591
0.26193346
0.14894852
-0.10268780
-0.11058595
-0.36300570
0.21432787
0.14645713
-0.47496731
-0.06635812
0.06164380
0.06168629
-0.41909798
-0.07868854
-0.17403939
-0.03155235
0.18598630
0.07963586
-0.04372475
-0.45545391
-0.48185594
-0.10104104
0.10477155
0.29522978
0.11903246
0.02031204
-0.12653073
0.07882580
0.02479665
0.03901264
-0.21286194
0.29852474
-0.67327634
-0.23448820
0.25361357
-0.18021137
0.04811910
-0.31505753
-0.24637822
0.03600488
0.78228625
-0.00194179
0.27817443
0.32502107
0.13525559
-0.01972488
-0.35236775
0.42256219
0.03231203
0.04289650
0.10048660
0.23533604
-0.29167658
-0.15285998
0.27302331
-0.07807460
0.11401603
0.15264699
0.24958213
-0.18001516
-0.41444990
-0.08894628
0.18442152
-0.01220033
0.24529261
-0.01306704
0.14732632
0.45011020
-0.13096056
0.28750102
-0.19352139
-0.21720735
-0.25669258
0.14798583
-0.43580206
0.25364245
-0.49068408
0.51881909
0.26433661
0.32311070
-0.11537422
-0.00581150
-0.10373232
0.20495698
-0.32042405
0.16287700
-0.01951072
0.22785377
-0.00547136
-0.50982019
-0.22913778
-0.23205307
-0.05084894
0.23606995
-0.04026665
-0.15776515
-0.11698762
-0.03326574
-0.20986957
0.13948510
0.08092228
0.30892692
-0.11664953
0.11683935
0.19945762
-0.50295427
-0.20870000
-0.01452876
-0.19464993
-0.26976981
-0.06034490
-0.11174096
0.23670505
0.14930169
0.37519877
-0.07617153
0.23971327
0.10832775
-0.07598302
0.28759055
0.18678882
-0.31314552
0.07084863
-0.28273709
0.06169999
0.33975451
0.14175424
-0.24467504
-0.32234071
-0.25400764
0.18157652
-0.20989022
-0.12859536
0.05777023
-0.38213154
-0.10954991
-0.31735536
0.08725041
-0.36203055
0.09700922
-0.26235011
-0.07539436
0.18162866
-0.28469787
0.02746847
0.12108276
-0.04298765
0.02056869
0.24818314
0.20274754
0.47114350
0.07589951
-0.25305129
-0.23069262
0.03032371
-0.04881557
-0.34888561
0.18286831
-0.05276894
-0.10939263
-0.09407661
0.15534650
0.13210357
0.21150185
-0.18937595
0.51503210
-0.19198428
-0.13116243
0.33785357
-0.03644675
-0.07262838
0.09726806
-0.03200247
-0.01246999
0.16297809
-0.13039327
0.03186130
-0.36480080
0.39603742
0.03471404
0.04577714
-0.15616928
-0.02594362
0.14983217
-0.26013056
0.00943755
0.10971947
0.12782184
-0.24302330
-0.02810471
0.12905153
-0.19095731
0.22183238
0.13789064
-0.24113488
0.08754760
-0.35022428
0.22909317
-0.08844749
-0.02729090
-0.44403509
-0.54753269
-0.00371634
0.22992766
-0.18444447
0.04775389
-0.10367567
-0.12205515
0.08747137
0.10121017
0.29097616
0.26090772
-0.12103419
0.21803297
0.02580048
0.23026667
0.18709131
-0.19869506
0.36564940
-0.36793547
0.25452377
0.02338172
-0.11808987
0.08467537
0.00743039
-0.02689289
0.20871110
0.05366157
-0.43988284
0.38749681
0.11595749
-0.25964196
0.06333937
-0.24598289
-0.02891213
0.07481975
0.12534634
-0.44942197
0.35537241
0.13591471
0.20214779
-0.00089855
0.12809492
0.13178271
0.07483360
-0.31755422
0.31905670
0.04773206
-0.29193179
-0.06880384
0.26473200
-0.02027972
0.16671705
0.16203838
0.31999159
-0.13300362
0.17903484
0.17310308
-0.34658745
0.23062827
-0.27945114
0.04539484
0.21686041
-0.02321899
0.11895063
-0.01550155
0.38082203
0.05958790
-0.08939145
0.38807408
-0.05875740
-0.34898029
0.11163248
-0.13570652
0.21731662
-0.25753895
0.07472511
0.14753457
0.03831050
0.13925680
0.25892145
0.13340617
0.18547774
-0.13442173
-0.12570927
0.06642451
0.23909832
0.35048002
-0.27962899
-0.23172635
-0.17516638
-0.06778596
-0.16621496
-0.00931001
-0.10626423
0.14761078
-0.62139112
-0.19200077
0.01536961
-0.18821803
-0.32438958
0.12425938
-0.05808121
0.11563009
-0.19502574
0.34408653
-0.10006008
-0.12707483
0.21364183
-0.12711727
-0.10228851
-0.01923320
0.19147387
-0.24817952
0.25447833
-0.12972150
-0.29914643
0.24661535
-0.25457952
-0.21032981
0.04571197
0.25193419
-0.31625687
-0.07321311
0.15158281
0.14872368
-0.25389854
-0.11436897
0.04587689
-0.28163241
-0.14263422
-0.06682738
0.00760312
0.11857912
0.10235356
0.09577841
-0.08510233
-0.22283474
-0.13317979
-0.11978533
-0.24310919
-0.20234874
-0.13351100
0.07576402
0.14289027
-0.15638288
0.04262785
0.27622056
0.17687846
-0.05446909
0.24039514
0.20754509
-0.17961402
-0.25933151
0.05440609
0.33910789
-0.14578677
0.31300990
0.16038177
0.47869577
0.40790022
0.24869148
0.23249716
0.30556167
0.20482709
0.44373217
0.18181182
-0.06656079
0.16844076
-0.08386036
-0.13937381
-0.48921339
0.24281390
0.17812933
-0.24089910
-0.05408845
-0.24651861
0.11637189
0.20115355
-0.06256410
0.03810644
0.31342408
-0.57218852
-0.09516690
-0.15662529
0.28040742
-0.06557852
-0.18223710
0.33099710
-0.02633126
-0.05596113
0.23719062
-0.30004894
-0.25243867
-0.03952946
-0.20057630
-0.00382889
-0.02553672
-0.15652707
0.03536431
0.13447765
0.12455648
0.15240427
-0.25547848
0.01736351
-0.21481578
0.16847723
0.18026807
0.19714285
-0.06552142
-0.00331771
0.04653512
-0.26604222
-0.30530461
0.00032159
0.04220534
0.44145529
-0.00009031
0.14283591
0.30548471
0.50162977
-0.17048398
0.15683671
0.08324062
-0.08887912
0.20884483
0.09352888
-0.13129934
-0.14134846
0.32575523
0.13106960
0.07029943
-0.02459113
0.16721204
0.47607008
0.08796980
-0.21570121
0.02225393
0.28975865
0.00423194
-0.36587717
0.16136821
0.11563349
0.02579270
0.05532909
-0.04202076
-0.16695265
-0.13265213
0.06916092
0.15718265
-0.30450093
0.05858129
0.08949015
0.09564762
-0.33509067
-0.28562994
0.23194105
-0.24333637
-0.25173732
0.10107136
-0.41027794
0.01992588
0.27438311
-0.00454270
-0.06681097
-0.04082774
-0.05929921
-0.02421739
-0.27147617
0.25095755
-0.27802176
0.01509543
-0.26251102
0.18820750
-0.20914204
-0.00695315
-0.20469733
0.62053251
-0.13309354
-0.07940308
0.30487111
-0.38179680
-0.00162138
-0.04394294
-0.01853955
0.18537582
-0.33873698
-0.20018560
0.01290036
-0.08265006
-0.28318775
0.17052973
0.27110919
0.07975231
-0.19248441
0.01051947
0.21696529
0.21245319
-0.08239510
-0.04519755
0.26662433
0.13278957
-0.17554015
-0.04241765
-0.06760086
-0.14871620
-0.14250028
-0.06060304
-0.20177958
0.18868975
-0.26962307
0.13150639
0.27875268
0.45765468
0.05754929
0.10885623
0.03860944
0.13744013
0.52413495
0.09876047
-0.09401010
-0.16861830
-0.24512303
-0.33630235
0.33229915
-0.27306270
0.18000873
0.43685903
-0.17557479
-0.10063311
0.02112835
-0.24996981
-0.19812891
0.03803307
0.31206986
0.07652104
-0.15048071
0.02763046
0.10047833
-0.17821002
-0.10160699
-0.13781009
-0.24188213
-0.23913786
-0.15706841
-0.08465044
-0.11637421
-0.58154650
0.25481695
0.18068592
0.34535420
-0.14419425
-0.03756728
0.38294748
-0.37914478
0.24700110
-0.25580127
-0.20037378
-0.18135966
-0.08977148
0.12515484
-0.06815858
0.05107137
-0.21572802
0.06554348
-0.08980021
0.09964279
0.47317096
0.08945440
0.12601762
-0.12197523
-0.37483172
0.43538866
0.10969324
-0.06718395
-0.12483791
-0.14642299
-0.17157930
0.01746548
0.02146303
-0.02865455
0.06626322
-0.42879740
-0.07915127
-0.00185909
-0.28015415
-0.02185226
-0.15105872
-0.12653023
0.09801532
-0.24365215
0.00455946
0.17560009
0.02497335
-0.17126854
-0.09144195
-0.05732162
0.38654715
0.32690418
0.19619852
-0.18338686
0.11083585
0.09460904
-0.18120827
-0.03997344
-0.18389256
0.25650170
0.33849901
-0.00938804
0.09954930
-0.14668385
-0.12600594
0.27429210
0.05118446
0.19034470
-0.01528720
0.46226918
-0.10542931
0.12346889
-0.12874835
-0.01172374
0.15130940
0.08599954
-0.25763817
0.30044864
0.37748684
-0.17905943
0.07517205
-0.16088374
0.29245272
0.22915308
-0.02110733
-0.19719097
0.07479512
-0.02035692
-0.26179687
0.18646927
0.06805865
-0.03154674
-0.18077212
-0.49932047
-0.05875223
-0.07371080
-0.54315811
-0.10190727
0.05739277
-0.06767547
0.01202706
-0.20559586
0.11562524
-0.17139560
-0.37590409
-0.48974469
-0.29526731
-0.28477922
-0.25047192
-0.18076379
0.09594722
0.26608288
0.08792692
-0.13431083
0.14428289
0.06878128
0.23133450
0.02149087
0.13051674
-0.22209735
0.42311763
-0.08651515
-0.09065210
0.04311846
0.18610540
-0.17100801
-0.02519133
0.13413511
0.07962513
0.05973951
0.26557442
-0.28530206
-0.06138576
-0.16767562
-0.03848429
-0.18797664
0.12047033
-0.18545991
-0.00321019
0.08253716
-0.25076599
0.15229296
0.07084094
0.15624140
-0.20640404
-0.40024062
-0.18870901
0.02991908
-0.12519673
0.19457517
0.06658998
-0.13874979
0.27602535
-0.24861373
0.05707662
0.14023762
-0.12335513
-0.00531231
0.27610418
0.11318580
-0.18103690
-0.05271589
-0.11401281
0.16329164
-0.06983912
-0.20915176
0.06141433
-0.00101738
-0.42940685
-0.30929576
0.48849323
-0.26701664
0.35407925
0.40622493
-0.08290644
-0.09245829
