0.08707272
0.38525888
0.05269793
0.21186797
0.11403673
-0.04456688
0.53614594
0.28675055
-0.16277562
0.34583541
0.03046547
0.23743435
-0.17764860
-0.01832176
-0.31286494
0.22968273
-0.06015437
-0.01033448
0.46907801
-0.01657309
-0.00664524
0.08633277
-0.13528773
0.08499882
-0.41314137
-0.16486637
-0.00885739
0.11913953
0.08950145
0.02363016
0.10324210
-0.25969509
0.17522782
-0.01904513
0.05689788
0.27706113
0.18388155
0.12309826
-0.27810691
-0.10524139
0.23705662
0.02693798
-0.10664441
0.34780214
0.01417487
-0.42261110
0.11343510
0.05574260
0.24577239
0.07852546
-0.10566568
0.10102761
-0.06230536
0.11042712
0.18335290
0.25577357
0.14971970
-0.05929266
-0.06085120
-0.32745466
-0.06675412
-0.24697323
-0.07423411
0.37070472
-0.36775994
-0.01703764
-0.09728001
-0.05960576
0.06253702
-0.20349534
-0.04904494
0.25738626
-0.29332951
-0.18426769
-0.04487592
0.04542544
-0.23619955
-0.36760738
-0.12484875
-0.05863919
0.00522540
-0.32908030
-0.18709098
0.04914064
-0.31004229
-0.02199832
-0.08404019
-0.09639246
0.09663836
0.20449579
-0.04572391
0.18414939
0.31228493
0.05820368
0.04794329
0.09649556
-0.21949271
-0.10548621
-0.08738444
-0.17567284
-0.04289618
-0.05242114
-0.18174085
0.03695130
-0.01795640
-0.13520496
0.35664149
-0.20404545
-0.07863564
0.22135452
-0.16780563
0.12399295
-0.20481870
0.10427967
-0.01240105
-0.01729546
-0.01870110
0.12372284
0.01007062
-0.58025647
0.00801848
-0.18993213
0.08698869
0.10548688
-0.14181717
-0.12258133
0.26868741
0.26495246
0.26697253
0.16318723
-0.04982853
0.01542619
-0.18611956
0.22814409
0.31388795
-0.05460372
-0.01361928
0.21181262
0.12989000
-0.25945804
0.10130601
-0.24736872
-0.11180688
0.15136698
-0.09901030
0.00108168
-0.14324791
-0.13608016
-0.00830427
-0.27646416
0.07404859
0.10854918
0.24179282
0.04788856
0.13177047
0.01332531
0.14910662
-0.38126816
-0.01655270
-0.18904143
0.01280798
0.01983349
0.06290977
0.01730500
0.15841521
-0.03623775
-0.09128692
0.02858113
0.10587098
0.23757312
-0.16975641
0.13395198
0.14366737
-0.06399187
-0.12552230
0.08439910
-0.02015745
-0.29259478
0.14669823
0.12494087
0.08766108
-0.15738298
0.21018847
0.32986947
0.19018728
0.03986658
-0.19784977
-0.04112273
0.21006735
0.02422089
0.07203142
0.13135755
0.03330616
0.01799350
-0.00547507
0.08732526
-0.02439463
-0.07464153
-0.26438182
-0.37740391
0.23961106
-0.01848439
0.21052826
-0.00726148
-0.00674897
0.30642359
0.43236147
-0.33097192
0.03007427
-0.08188764
-0.08122241
-0.19730695
0.19130653
-0.03012352
0.07216926
0.04026570
-0.00202214
-0.46163647
-0.11891266
0.10701041
0.01482737
0.01290406
0.02598371
-0.03285151
0.12529717
0.54905821
-0.08829846
0.23395169
0.13831074
-0.23895122
-0.03192826
0.09678897
-0.05467906
0.11839998
-0.07312087
-0.08261743
0.19207657
-0.16875595
0.21980921
-0.28310432
-0.06948296
0.08743626
0.30678803
-0.02299159
0.23871888
0.09724750
-0.35161194
0.23167397
0.14473507
0.20305164
-0.12887300
0.05234677
0.14142721
-0.17681831
-0.16525254
0.14954662
0.10340513
-0.06721924
0.15521397
-0.05105876
-0.05753718
-0.13636621
0.28181465
-0.12705350
0.03132033
-0.16334080
-0.33754833
-0.10776222
-0.16035361
0.21760846
-0.01727011
0.17116494
-0.21963209
-0.02052450
0.45054053
0.19258313
-0.11097192
0.19694388
0.30954976
0.36026324
-0.09339569
0.17101562
0.14489875
0.06889713
-0.22736955
-0.10084471
-0.18312992
0.12625467
0.04215304
-0.05650186
0.01333260
0.02297822
-0.04875878
-0.36007133
-0.10207941
-0.08431475
0.05893938
-0.09181134
0.15765051
0.15780636
0.10987349
0.31478281
0.08414756
-0.02763597
-0.11246136
0.01391054
0.03451896
0.06750593
0.11687547
0.08163412
-0.03852875
0.07467146
0.09864388
-0.13139851
0.00397988
0.04983329
0.52865752
-0.41438702
0.05390290
-0.02744636
0.03690226
0.00559963
0.09243572
0.10659511
-0.06629505
0.10742834
0.03262505
-0.18713859
-0.11740110
-0.20112314
-0.15365267
0.12195984
0.05937793
0.12856465
-0.23567775
-0.04132005
0.19030880
0.41837381
0.15515340
-0.24063212
-0.05126063
0.39826991
-0.27894608
0.19374249
-0.37937638
-0.18844425
0.37630577
0.07031401
0.16575370
-0.06038126
-0.17432841
-0.22425906
0.09116636
-0.07847071
-0.27873982
0.31231319
0.04021750
0.13086219
0.03014094
0.18214749
0.08691928
-0.24180842
0.43084149
0.25825130
-0.03699059
0.05462573
-0.02096077
-0.20293561
0.01463936
-0.20479672
-0.07199802
0.25098818
0.14925901
0.15099042
0.05382508
0.20754013
-0.22322834
-0.23269291
0.16431677
-0.21035425
0.47089990
0.05274348
0.14911954
-0.03441821
-0.03387895
-0.00256646
-0.11244956
0.03693959
-0.15567246
-0.04130061
0.02170954
0.01003119
0.12690235
0.09596346
0.08924294
0.08578189
-0.01355031
0.12413573
0.14073792
-0.16937916
-0.00515460
-0.11060039
-0.18721732
-0.12601392
-0.04875388
0.07739313
-0.08882312
-0.08883881
-0.29349657
-0.04928440
-0.08840087
0.05465169
-0.02421895
-0.24562085
-0.51615739
0.17893524
-0.02589753
-0.05510674
0.12892745
0.33075214
0.37683767
0.27203718
0.20238110
-0.01468881
0.02588356
0.09389359
0.23297043
0.11193509
-0.35797416
-0.06939039
0.04243969
-0.10437912
-0.16994088
0.04562201
-0.03659293
0.12740974
-0.15177591
0.12580554
0.15896195
0.17779374
-0.22107551
0.08019215
-0.16035314
-0.00084600
0.05922379
0.01736039
-0.01603543
0.09571397
0.13156630
-0.05397593
-0.05908603
-0.15150900
-0.14328695
-0.12562955
-0.06293325
-0.16260536
-0.39873460
-0.16606963
-0.07057417
-0.09603403
-0.01097865
-0.06682826
-0.05925708
0.16790977
-0.19940526
-0.32909325
0.37465370
-0.04504224
0.19916054
-0.02694246
0.28241099
0.08559469
-0.29064088
0.19688276
-0.02079081
0.10070645
0.12223182
0.18041554
-0.00429949
-0.01179909
-0.22148505
0.00491942
0.09516795
0.03049650
0.10416688
-0.12361920
-0.09393752
-0.59359961
-0.01687497
-0.16087180
0.33730361
-0.09055139
0.15881930
-0.01741300
0.05776777
0.19062773
0.01610200
-0.18405632
-0.11215803
-0.41298185
0.01815890
0.10293084
0.01950145
-0.24996563
-0.15214933
0.22898593
0.16193470
0.06078843
-0.08591687
-0.18867416
0.21243077
-0.17514473
0.04816218
0.03003730
0.04286352
-0.58532731
-0.07271020
0.14896023
-0.05455216
0.16236078
0.07893443
0.30360229
0.14182615
0.08771471
0.46405602
0.19172577
0.01673714
0.08814640
-0.05554716
0.04871543
0.11783462
0.12701702
0.00087189
-0.03266587
-0.18716028
-0.21955773
-0.17130556
-0.03478419
0.04059338
-0.09813281
0.04388989
-0.29280158
-0.11564530
0.30843618
0.08220899
-0.03597615
0.07698108
-0.21550583
-0.10696130
-0.07558435
0.10297283
-0.30337132
-0.14551497
0.05769711
-0.00441620
0.41583808
-0.10408928
-0.03389378
-0.01382090
-0.02213088
0.42131279
-0.05774917
0.05317777
0.24050117
0.16474344
-0.10079346
0.00327035
0.10898769
0.22584070
-0.40249284
-0.01726255
-0.00248173
-0.06776040
-0.02029288
-0.23701903
-0.00828410
0.09097393
0.15227605
-0.00544071
-0.12033607
-0.03864622
0.14191924
0.16286870
-0.25276844
-0.17406245
-0.04968570
-0.00838055
0.12750313
-0.11868217
-0.13075133
0.07240503
-0.01099731
0.14489116
-0.15015948
0.03750395
0.24967006
-0.08898545
-0.15008589
-0.16632658
-0.28712169
-0.06105162
-0.07144144
-0.37182813
0.12028983
-0.07962152
-0.00579584
0.05167402
-0.10283718
-0.02684621
0.04913230
-0.32148826
-0.18551456
0.17117091
-0.24059150
-0.07784265
-0.07184899
0.04997450
-0.04315892
0.05508154
0.26930310
-0.23557990
0.13139438
-0.25732802
-0.12688163
-0.04187005
0.08345660
0.00282648
0.07668534
-0.04383916
-0.00558532
-0.02255114
-0.10108227
0.34493118
-0.05887273
0.16691898
0.07397064
0.12406758
-0.45075550
0.07409744
-0.29713375
0.36634620
-0.07350051
0.02713866
-0.19208978
0.14210085
0.00238498
-0.16520618
-0.04270562
-0.01720814
0.13579683
-0.24301585
-0.09349760
-0.09392509
-0.10515139
-0.01439472
-0.05399966
0.18477925
0.05225992
0.00765426
-0.12123580
0.12620716
-0.07211866
-0.08009738
0.09332579
0.10144703
0.04677525
0.08335014
0.24678349
-0.04577996
-0.12759532
-0.09140017
0.07624224
-0.00767272
0.23483964
-0.31151828
0.21611921
0.27520171
0.17852495
0.08837643
0.13937968
0.16214478
-0.03314570
-0.01926116
0.01767425
0.20992440
0.10310960
0.05479385
-0.31667628
0.16705483
-0.18338362
0.13687297
0.38831078
0.22807859
0.01223113
-0.08064774
-0.21968045
-0.19553227
0.33574042
0.30814054
0.01749789
-0.06242639
0.02126445
0.10086138
-0.12503353
-0.30731076
0.17773772
0.18409084
0.22695365
-0.06609844
-0.16014652
-0.08106941
0.03393231
-0.13531773
-0.22559899
0.14770135
0.06591478
0.10598225
-0.02863435
-0.30466442
0.26851441
-0.01373832
0.26392667
0.00586047
-0.01323387
-0.00196135
-0.11500379
-0.06070405
-0.07654157
-0.17598884
0.04137897
-0.11399226
0.04680450
-0.23249646
-0.38967252
0.04441852
-0.27046728
0.18100599
-0.05491758
0.09814316
-0.18330772
0.09268978
0.00585127
0.15897689
0.09347689
0.01686354
0.23331156
0.01245319
-0.14633620
-0.03406280
-0.09617939
0.31741832
-0.19470090
0.00730014
-0.00883652
-0.08388147
0.17732035
-0.23671423
-0.08851954
-0.09509869
-0.15549595
0.07944089
0.06314882
0.05235955
0.40112407
-0.11950077
-0.18156270
-0.40998394
-0.14844911
0.19792027
0.15626607
0.38651838
0.40747400
0.23970718
0.07889903
0.33966627
0.11514603
-0.28822398
-0.18056161
-0.25528320
0.23789382
0.19166097
-0.29300153
-0.01571253
0.14046484
0.29033940
-0.18138398
0.16898103
-0.00892373
0.36709778
-0.25894462
0.19555490
0.04579191
-0.12996618
0.26747980
-0.13009079
-0.12588334
-0.00013604
0.10809939
0.00192415
-0.27453706
0.01779518
-0.06798526
-0.28321871
0.06310130
-0.25544870
0.11586250
-0.24780127
-0.29055253
-0.08802297
0.10166617
0.11087724
0.21711631
-0.26313614
-0.07083957
-0.01700102
-0.07184350
-0.39279541
-0.13531505
-0.01289962
0.13024512
-0.23317789
0.17574218
-0.15251849
0.01249412
-0.05224210
0.11687025
-0.10464627
0.09079795
-0.30052157
-0.19380044
0.19849344
-0.18039920
-0.12749394
-0.06738868
0.14015531
-0.13231144
0.17398090
-0.02154999
-0.12336414
-0.20620349
-0.09784160
0.23616770
0.15467694
0.21649535
-0.24119729
-0.22102071
0.10843397
-0.12630932
0.11056436
0.04341641
-0.19861540
-0.09784268
-0.09773876
0.11486037
-0.25468605
-0.16716264
0.18168040
0.29516818
0.17196648
0.17934454
-0.31296692
0.05764474
0.06868139
0.00511962
-0.04304061
0.02494539
-0.04119752
0.02823148
0.06132693
0.35495700
0.38789222
-0.00282633
0.13377267
-0.19494645
-0.23027975
-0.00996083
-0.02265678
-0.14596908
0.18564293
-0.15691621
-0.03269990
-0.34717697
0.15831800
0.01302876
-0.09277060
-0.11261690
-0.05195112
0.14214109
0.19018270
0.09375780
-0.06290440
-0.13012567
0.14221891
0.04082621
-0.00174388
-0.19224570
0.21564445
0.14832963
0.13152268
0.15712144
0.41871298
0.12122827
0.12207535
0.18521210
0.14969466
0.07169013
0.40699408
-0.00331399
0.05781491
0.32279001
0.00132283
-0.10465418
0.46540399
0.02799869
0.10819017
-0.28429093
-0.38935813
-0.13913031
-0.38946260
-0.11166811
-0.27840702
-0.64345986
-0.64867432
-0.84065562
-0.92765914
-1.03095005
-1.09813440
-1.09754026
-1.07394759
-1.27002905
-1.12137275
-1.08919503
-0.70944406
-0.66736409
-0.74646103
-0.65541245
-0.18590083
-0.33455352
-0.22215877
0.21577338
0.48008878
0.47477167
0.66888415
1.09887116
1.09990685
0.99405768
1.34823027
1.44129374
1.19261714
1.36147952
1.65062293
1.78575371
1.65300104
1.45402765
1.79781804
1.35891740
1.19766262
0.68417156
0.86348800
0.60042650
0.88748426
0.25169179
-0.03736510
-0.03848478
-0.50023001
-0.82722417
-0.35487543
-0.81921731
-0.44552103
-0.83814195
-0.79857144
-0.47412843
-0.57910643
-0.71983339
-0.65795077
-0.60994729
-0.82125366
-0.52918828
-0.70039412
-0.69192100
-0.60630305
-0.58030019
-0.45331322
-0.54150389
-0.40647352
-0.19670768
-0.07214411
-0.52520113
0.00708030
0.22327591
-0.04494784
0.39999358
0.37186940
0.06818932
-0.13058235
0.09212459
0.18564321
0.29572537
0.32136733
0.22461537
0.15296703
-0.00247933
0.18703118
0.14789037
-0.14822010
0.21897653
0.10355210
0.17555331
0.23711953
0.03137707
0.20549806
0.14388092
0.18192158
-0.22840000
-0.00891288
-0.12038822
0.15779060
0.24353277
0.13573395
-0.10183806
0.03166824
-0.12694845
0.09791961
0.29296384
-0.00817712
0.03833436
-0.10197818
-0.19259038
0.15598061
0.03726940
0.20745839
-0.02761150
0.09342460
0.04072334
-0.12499492
-0.19049784
0.11296469
0.04740706
-0.02329025
0.32484301
0.28502988
0.29476984
-0.16773113
-0.08441467
-0.07901380
-0.01462501
0.06713542
-0.13434917
0.04278492
0.06820752
0.18350038
-0.03703685
0.04218719
0.02450988
-0.10166377
0.12292176
-0.01845795
0.16064973
-0.23235186
0.01389971
0.12149902
-0.43303640
-0.07608777
-0.13605477
-0.22759933
0.11644901
0.05822814
-0.01246989
0.18184917
-0.19276197
-0.06812568
-0.26314570
0.23606457
0.33668463
0.11613801
0.18765901
0.10898467
-0.11139048
0.02207242
-0.21508512
0.10091391
0.03483236
-0.00216367
0.04431995
-0.21421447
-0.03640115
0.36515758
0.36096668
0.20123439
-0.02983998
-0.09543206
0.26923959
-0.05537900
-0.18362257
-0.10208936
-0.07860612
-0.15852390
0.08726066
-0.03638030
-0.07350961
-0.19354910
0.12671916
-0.22228098
0.14780241
-0.00695046
0.15426623
-0.22472235
-0.49830577
-0.15941274
-0.15024835
-0.06908616
0.16934206
0.27850686
0.29638702
0.30998406
0.08638559
-0.26193715
0.14248199
0.21845346
-0.10417548
0.10882260
-0.24575355
0.28862767
0.14453724
0.15858808
0.21278609
-0.07134319
-0.01521743
0.11400716
-0.04936188
0.02415538
-0.13760341
0.39072728
0.39455182
-0.05270770
-0.13601760
-0.11605012
0.02941790
0.07464051
-0.00151820
0.20653789
0.24992179
-0.15490669
-0.09659740
0.08732138
0.04471829
-0.05299637
0.06659818
-0.20647662
0.23518795
-0.08551703
-0.09279953
0.26794401
-0.18329432
0.01760614
-0.13787949
0.23313285
0.13086531
-0.09742333
0.15034963
0.04709365
-0.05689784
0.18346974
-0.05997109
0.26312932
-0.17972216
0.27785501
-0.06944120
-0.04242373
-0.08774271
0.10451524
0.34682554
0.04665430
-0.13489294
-0.10348628
0.17828598
-0.19768126
0.19192398
-0.14585547
-0.17103892
-0.14804367
0.19292779
-0.23747068
-0.15797691
-0.02366447
-0.30670852
-0.40943047
-0.26189133
-0.12831191
0.19905574
-0.12166410
-0.31320261
-0.10937441
-0.39301654
-0.02295994
0.26989074
-0.05827957
-0.10674158
0.02769406
-0.04698980
0.06667316
-0.03897961
-0.17449973
0.11123623
0.02651370
0.01590894
0.39207265
-0.01612142
0.00795485
0.13523828
0.00299014
0.16892239
0.41567151
-0.27268302
0.02761747
0.07532178
-0.06323753
0.22665688
0.09241259
-0.00875354
-0.07418612
0.05904691
0.06330848
-0.10813208
-0.04006446
-0.20932992
0.00350352
-0.02748263
-0.10643795
-0.05600180
-0.36547554
-0.05191069
-0.15779761
-0.15916218
-0.01408565
-0.12588653
-0.32562447
-0.13362131
-0.03340704
0.11139833
-0.01791704
0.09918824
-0.18242213
0.05954874
0.20879283
-0.40790086
0.37590765
0.00452707
-0.01522906
0.03567153
-0.14160871
0.06347160
0.03623795
-0.02353858
0.05224876
0.06209067
0.02397583
0.11125738
-0.13802554
-0.06187062
0.11891069
-0.45287075
0.18518568
-0.08218997
-0.13428891
-0.36271910
-0.01989150
-0.10276094
0.14937303
0.15666817
-0.00192557
-0.22289634
0.16196592
0.06475579
-0.03562588
-0.33797457
0.22518934
0.10961536
-0.29839516
-0.00774367
0.45253952
0.18180910
-0.01097693
0.08680440
-0.03562306
0.14314759
0.27926071
-0.07305637
0.18890711
-0.15305372
0.21828139
-0.02495153
0.03441271
0.11660865
0.13501449
0.47531454
-0.17574464
-0.12768909
-0.24274004
0.05794277
-0.04665624
-0.04821328
-0.10816637
-0.14128145
-0.09293415
0.10325208
0.07125919
-0.07103481
0.14046006
0.03953972
-0.17796487
-0.20258525
-0.17835422
-0.24220203
-0.30433218
0.00289137
0.18597270
0.12100072
-0.14373302
-0.38932743
-0.11574537
-0.19014508
-0.03741972
0.12354196
0.03738951
0.53706785
-0.23126465
-0.14887941
0.04250599
0.06007281
0.25967713
0.22447916
0.27888700
-0.08701327
-0.00675973
-0.07879784
0.18505158
-0.37300766
0.08747106
-0.11173977
0.10049737
0.06401774
0.18600201
0.42094711
0.09330073
0.08041959
-0.12893215
0.22319921
0.06927352
-0.16496119
0.20329781
0.19249597
-0.08601562
-0.08692911
0.11825084
-0.03661059
0.03718514
0.20407216
0.06604661
-0.12085829
0.25711027
-0.27733473
-0.01513592
0.18427285
0.15747184
0.13486952
-0.18368148
0.00782014
0.04234923
-0.11487741
0.09998581
-0.08968490
0.00718846
0.09313954
-0.08401089
-0.09326152
-0.21265186
0.04041859
0.33044688
0.17375268
-0.14863991
-0.10010659
0.39382063
0.21367037
0.29853526
-0.15157672
-0.12025034
-0.10045243
0.03394006
0.03371611
-0.07648911
0.24975895
0.38491803
-0.30184048
0.03327117
-0.38147471
0.19248802
0.33263725
0.03518063
-0.13884167
-0.01010218
0.10368827
0.24145798
-0.37693858
0.06767594
0.08053760
-0.04555798
-0.05280935
0.41231185
0.31041374
-0.43519120
0.09829668
-0.37461862
-0.01897913
-0.01478431
0.09303107
0.32679870
-0.04326448
0.05948935
-0.00893844
-0.14538168
0.28292877
-0.08928939
0.28140641
0.22572194
-0.04153700
0.27050969
-0.12238988
-0.14716974
-0.15639012
0.06471825
-0.05185105
0.14800729
0.23513944
-0.03969200
-0.25633345
0.26613442
-0.24809919
-0.00364588
-0.20553071
0.07835277
0.12245487
-0.00716532
-0.10126931
-0.27074103
0.11717023
-0.40207454
0.03253527
-0.09018679
-0.34418588
0.10776748
-0.04845047
0.15297243
-0.29280752
-0.04081786
-0.19923051
-0.04223523
0.03252178
-0.27218150
-0.21656593
0.09267255
-0.17184093
0.01894455
-0.17834772
0.10117800
-0.36004697
0.12478433
-0.12958218
-0.25903953
0.14801029
0.21217658
-0.24833379
-0.12684920
0.42239900
-0.04943488
0.04580689
-0.23019911
-0.06891550
-0.04504959
-0.18183221
-0.05270497
0.09050932
-0.09160583
-0.03799306
-0.06663003
0.15044421
0.28449398
-0.01677646
0.24677790
-0.19634830
0.14355622
-0.00355920
0.13934974
0.07351865
-0.20520550
-0.22437306
-0.04447018
0.07211792
-0.07507332
-0.22626749
0.16293685
-0.05134553
0.05633247
0.03705704
0.35204527
-0.01986129
0.08664479
-0.07744388
-0.07430902
-0.07935969
0.13429000
-0.11594711
-0.19722201
-0.23414448
-0.27217177
-0.20859428
-0.05043980
-0.02050471
0.00183181
-0.21230432
0.17205760
0.11550987
0.42699074
-0.15118961
-0.04151539
-0.03290554
-0.15149244
-0.16584090
-0.26946154
0.28995621
-0.09054314
-0.10697280
-0.13031629
-0.02549167
-0.08049411
0.06164517
0.18004203
0.36673967
-0.09332751
-0.01160746
-0.02197702
0.16519373
-0.25195782
-0.11814227
-0.22224956
0.28509217
0.01680238
0.13427069
0.03656007
0.19535182
-0.07204145
0.11102039
0.11727992
-0.16774475
0.26910238
0.03786202
0.25127437
0.15882517
0.08004958
-0.22915616
-0.04831532
0.24843677
0.00809288
0.13687889
0.33966834
-0.02217394
0.08108044
-0.14080984
-0.03988292
0.06785455
0.22780852
0.05078648
0.06330331
0.10764452
-0.12566161
-0.02396851
-0.09915021
-0.26048979
-0.21895880
-0.60997788
-0.07048561
0.01508985
0.14465139
0.04514739
-0.02130335
-0.22015216
0.04494576
-0.09860663
0.10709869
0.02572423
-0.09855367
0.30738767
-0.22202480
0.18744976
-0.12031527
-0.07850507
-0.04660818
0.21109156
0.08710709
0.01973053
-0.12454176
-0.19891546
0.18548773
-0.21891105
-0.24321751
0.19685388
-0.12264779
0.00612010
0.15855081
-0.04557857
0.16459864
-0.47223180
-0.05954430
-0.60132125
0.08657377
0.09033227
-0.17451079
0.02000959
0.13362010
-0.17110142
-0.15986647
-0.08399735
-0.14455394
-0.04804904
0.12053874
0.09215695
0.22025080
0.08451496
-0.25564495
0.06481056
0.06341778
0.09578417
0.51529672
0.22774790
0.13701815
-0.06943862
-0.08626250
-0.21004549
-0.10198035
-0.03568347
0.40144633
-0.18710172
0.11090514
0.13871647
0.11886364
-0.11928602
-0.03498752
0.16849578
-0.09450788
-0.05887640
0.09973200
-0.05143188
-0.21927322
0.10071244
-0.09545252
-0.02832440
0.01418461
0.16974671
0.16576899
-0.23116518
0.11856124
0.16479262
0.09781992
-0.18720520
-0.06386848
0.18839786
0.13291524
0.07541200
-0.39533637
-0.13068159
-0.30263920
-0.06118012
0.19249159
-0.16582921
-0.07205596
0.09703465
0.04945012
0.22227460
-0.40756628
0.06221558
-0.04293798
-0.06568705
-0.10073102
-0.23914762
-0.14492836
-0.06913650
-0.37128537
0.03809676
0.05097088
-0.39441416
0.10369506
-0.10641419
-0.20492959
-0.33120966
-0.10663163
0.18221066
-0.29496203
0.17811382
0.27516490
0.46876166
-0.17949510
-0.12089608
0.07577470
-0.12541844
0.05485117
0.09342517
0.25695758
-0.12379445
0.02467982
-0.04095229
0.09471402
0.46211269
-0.17899473
-0.15168583
0.01880629
0.21419421
0.15221679
0.02620666
0.22336504
-0.01523767
0.12683833
-0.03370321
0.07700905
-0.42569001
0.33355938
0.21061628
-0.01423521
-0.23637522
-0.25881028
-0.00123085
0.39159401
-0.07772763
-0.12287583
-0.09403466
0.15837167
-0.00928667
-0.20400505
-0.23592314
0.16425405
0.02271645
-0.16162255
-0.07958369
0.02164515
0.05027183
-0.17165107
-0.05399990
-0.06697247
0.04916989
-0.13006250
0.00625390
-0.13375982
0.06523268
-0.20346549
-0.11914332
-0.03826737
0.03009457
-0.35041401
-0.03191646
0.13532915
0.24503160
0.11998438
0.00303584
0.23861692
0.09273930
0.16569006
0.05861793
0.10224375
0.20151415
0.06622055
0.15194307
-0.01434756
-0.29658917
0.15683408
0.11005182
-0.30321745
-0.12430141
-0.21408630
-0.16498165
0.19428804
-0.33910516
0.13548053
-0.03734472
-0.07705154
-0.14591316
0.19754517
0.20524269
0.13958047
0.02550403
-0.10293422
0.05834164
-0.07075483
0.07941662
0.15812335
-0.19463603
0.13555039
0.03418019
-0.10356082
-0.07647235
-0.17304275
-0.03314137
-0.23006566
-0.18051225
-0.10403012
-0.25416733
0.14690096
-0.17714430
-0.14347476
-0.17805369
0.15202612
-0.08618350
-0.07511847
-0.02408549
-0.12981109
0.01312693
0.18572484
-0.08424273
-0.16353494
0.36147134
0.08723324
-0.01868494
-0.03914530
-0.08576672
0.09619479
0.12179986
-0.08836253
-0.05476336
0.05551994
-0.10969450
-0.09043776
0.03796788
0.05137203
-0.03286739
0.13110028
-0.20129648
0.05974758
0.10820414
-0.22790242
0.17205051
-0.10600347
0.16905367
0.05782872
-0.35362032
0.00280717
-0.05725936
0.19116441
-0.03479229
0.11894361
-0.02443618
0.08983034
-0.23812554
-0.05500204
-0.02650586
-0.20297473
0.03867912
0.09808647
0.28020699
0.05970638
0.23982443
0.12130910
0.01836325
0.03222280
-0.16166017
-0.15905442
-0.16497394
-0.13949352
0.12147193
0.09383336
-0.29223091
-0.02309845
-0.08384647
-0.20474401
-0.03645183
0.04036170
0.11870735
0.35693729
-0.05698455
-0.09579790
-0.27513929
0.11895643
-0.33050536
0.02505341
-0.04594559
0.40816947
0.10431873
-0.09698705
-0.08639128
-0.03446156
-0.02266903
-0.09746711
0.24819028
0.08510615
-0.18264544
0.15109339
0.20079868
0.05396459
0.03802235
0.06844150
-0.09751274
0.14679591
0.00495803
-0.21983022
0.21863828
-0.05269172
-0.05379294
-0.24060009
-0.14817797
0.13876601
-0.02315434
0.09566905
-0.06016784
0.21949624
-0.18631331
0.05618760
-0.02864601
0.13147695
-0.11030636
0.13359538
0.24050101
0.22752128
-0.34023060
-0.01952626
-0.21974986
-0.00816754
-0.16138925
-0.10028750
-0.14698786
-0.19449434
0.10188414
0.03155996
-0.17848440
0.11312299
0.15679666
-0.16781285
0.09317520
-0.04941051
0.13732384
0.13376049
0.20156530
0.18913761
-0.19248530
-0.03726959
-0.26366945
0.01434660
-0.00842234
-0.11201329
-0.01015914
-0.30380240
-0.56268205
-0.13812215
-0.04001473
0.02426979
-0.00471583
0.09017474
-0.11561042
-0.04983621
-0.26153968
0.14722509
-0.30385281
0.24765786
0.00206955
-0.10093868
-0.07749739
0.16803448
0.03949011
-0.39142429
0.10812201
0.38293680
0.11138832
-0.10129581
-0.01132640
-0.11749417
0.12159244
0.12079606
-0.02301060
-0.11076024
0.11142517
-0.05157001
0.14353337
-0.21944541
0.08276551
-0.02142288
-0.11129688
0.05607165
0.21660138
0.13553511
-0.37523632
0.00447006
0.12727951
-0.12119509
0.19146634
0.25110281
-0.39422889
-0.04147252
0.21552333
0.08782548
-0.07976246
0.20937246
0.08321859
0.22485109
0.10591314
0.33149673
