-0.08673693
-0.06603026
-0.08143731
0.03934877
0.16258703
-0.09291408
-0.00741214
0.04550132
-0.15221710
-0.02013339
0.21097445
-0.00709078
0.02162546
0.04382121
-0.04770587
0.09366993
0.03253418
0.10666340
-0.03005664
0.06906476
-0.00511845
-0.16849900
-0.00509728
-0.02114246
-0.02253655
-0.00672566
0.03515729
-0.00576744
0.07484974
-0.06479697
0.03321730
-0.00766764
-0.00140355
-0.00634709
0.04428078
-0.03488607
-0.13985084
-0.01281857
-0.08320881
0.03482547
-0.06069515
-0.04692653
0.03535939
-0.11807827
0.08612670
0.00846202
-0.01042766
0.14056191
-0.00124604
0.05430283
-0.02344250
0.03631692
-0.07567919
-0.10644873
0.10106885
0.02657054
0.00394863
0.18325743
0.05896006
0.02924422
-0.00152549
0.05513816
0.04807367
0.07114131
-0.08107424
0.01002953
0.05537124
-0.02418323
0.04181858
-0.04642879
-0.09690353
-0.03510614
0.08951720
-0.03090972
0.08274511
0.01254378
-0.05977048
-0.02721112
-0.00941630
0.00611325
-0.03843183
0.08803175
-0.05019657
0.05346205
0.03265564
0.02480348
-0.07118913
0.03465777
0.03456764
0.10857296
-0.01971890
0.02638864
0.03822562
0.02062093
-0.12889285
-0.07421501
-0.00340870
-0.06432311
-0.04379568
0.01630307
0.02283800
-0.03022134
-0.06076800
-0.09943999
-0.05556577
0.04518663
-0.03841572
0.11253807
0.24655435
-0.14998252
-0.00860794
0.03837194
-0.03002599
-0.09645773
-0.01830508
0.07883271
0.06350345
-0.13891056
-0.00504962
-0.04233762
-0.05619427
-0.05748258
0.11322346
-0.00734154
0.14206329
0.09837766
0.01309615
-0.01933257
-0.06545605
-0.01250415
-0.02505454
0.12294513
-0.12252403
0.05871497
0.06731569
-0.04498118
-0.03739617
-0.04073588
-0.03147099
-0.06542376
0.07760102
0.04485175
-0.01541691
0.16131922
0.02946674
-0.08214554
0.08388756
0.06697483
-0.13816650
0.00332658
-0.02213337
-0.04878021
-0.04550498
0.03420684
-0.05409361
0.04711498
0.02256534
0.02677641
-0.00624618
0.00590456
-0.07954645
0.11994987
-0.02640087
-0.07684259
0.07360327
-0.15425818
0.03201550
0.01698038
-0.05549439
-0.00932033
0.02656671
-0.04902304
0.14591877
-0.07062919
0.01091950
-0.02798655
0.10018753
-0.03359878
-0.11218351
-0.15091441
0.08680410
-0.00055972
-0.13891756
0.00751935
-0.10523179
0.02750578
-0.03909218
-0.06844598
0.10474023
-0.18180499
-0.01733603
0.12023037
-0.11795431
0.02546843
0.09159543
0.00440857
-0.03858704
0.04887342
0.10087160
0.00096813
-0.03579362
-0.00513451
0.07117850
0.03937538
-0.07683027
0.07196911
-0.04216552
0.04668011
-0.17064268
0.07775517
-0.00426525
0.04128781
-0.09272369
-0.01850982
-0.04451505
-0.09285019
0.05442923
-0.00061920
0.03715410
-0.13384427
-0.06794150
-0.02296247
-0.00840821
0.00512644
-0.01057957
0.05114083
-0.03159779
0.05392040
-0.00709203
-0.07886494
-0.02864193
0.15124743
-0.03884579
0.01904722
0.04005847
0.05149570
-0.08009145
-0.07343459
-0.06387057
0.10533635
-0.00336359
0.09921931
-0.04294829
-0.06662854
-0.04759470
0.06201154
0.00775579
-0.04680465
0.15985610
-0.03206398
-0.08268469
-0.04437706
-0.06440795
-0.11227248
-0.06834271
0.06867798
-0.01022003
-0.07234906
-0.06145794
-0.01673156
0.07846281
0.03250385
0.09451678
0.07462615
0.11970098
-0.04094073
0.08663773
0.00856508
0.04530563
-0.06548804
-0.01494294
0.03418091
0.04059927
-0.06730187
-0.15673765
-0.00329120
0.06873934
0.00216021
-0.10222163
0.02880171
-0.03397193
-0.07850287
-0.04874547
0.04006537
-0.14498786
-0.10103987
0.00899912
-0.08455825
0.08707271
-0.01099313
0.01631802
-0.03370073
-0.18292728
-0.02474042
-0.02828369
-0.09805082
-0.02636621
-0.01834483
-0.04472663
-0.01211774
0.01559953
0.02687528
0.03553266
-0.01495723
-0.07985230
-0.03284823
-0.01403587
-0.00633377
0.06896372
0.09443721
0.07832596
-0.05467731
0.02717692
0.01616840
0.04474285
0.05770505
0.01087151
-0.01883575
0.03614066
-0.01616702
0.20750782
-0.09225524
-0.01988295
0.05535040
-0.05382767
0.02762808
-0.04246591
0.13412914
0.06778801
0.05798694
0.01517376
-0.08710621
-0.08613739
-0.11621203
0.03927335
-0.12029010
-0.07808197
-0.05188150
0.05255410
0.10384242
0.05475004
0.05564257
0.02934815
0.19712540
-0.08589696
0.21588072
0.13230702
0.06165914
-0.03279323
0.08147221
0.10397149
0.06092032
-0.00557030
-0.03402033
-0.08376772
-0.05806428
-0.05673330
-0.09295444
-0.00327644
-0.03499235
0.05668701
-0.14198038
0.05159474
-0.06149953
0.21452220
-0.06592140
0.12894011
-0.16227679
-0.18880801
-0.02480507
-0.10814202
0.02705648
-0.07959544
-0.13024211
-0.01971468
-0.00469551
0.05437577
-0.06529414
-0.02244633
0.09104738
0.02641250
-0.09252664
-0.01152256
-0.03266582
0.00165094
0.03092258
-0.11844174
-0.01776384
0.08778319
0.13618962
-0.00136198
-0.02499723
-0.01528615
0.05841411
-0.16467764
0.07184344
-0.19505017
0.00469175
0.09791365
0.05556788
-0.12629965
0.00370238
-0.00724568
-0.12257342
0.01032327
-0.08447806
0.00813076
-0.13916954
-0.03089569
-0.04713187
0.05389149
-0.02335038
0.11917840
-0.04012320
0.16973170
-0.14769038
-0.05230725
0.00125866
-0.04591922
-0.00339118
-0.01109918
0.05666939
0.01300787
0.07417884
0.05281180
0.00167675
0.04294098
0.08762954
-0.03940291
-0.03073626
-0.16016075
0.06954900
-0.09661958
0.02997796
0.11514306
0.06749905
0.00128282
-0.03776057
-0.04435668
0.06244006
0.15931156
0.06618990
0.06839735
0.06990475
-0.13048690
0.05970228
-0.02494195
0.07198004
0.05214408
0.01103033
0.01231804
-0.00157740
-0.10416558
0.07184066
-0.07946744
0.02432314
0.00912038
0.02587321
-0.09191340
0.22409719
-0.05706279
0.11211463
0.03665714
-0.00029640
0.01107636
0.08060210
-0.08867852
0.05823980
-0.05777479
-0.04913795
-0.11074279
-0.03879653
0.01739576
0.05562513
-0.02669170
0.04770345
-0.02571147
0.04560733
0.06154297
0.00472790
-0.00529603
0.09085767
0.04227689
-0.07563611
0.04837054
-0.01257351
0.12803146
0.06770089
-0.00128889
-0.03342618
0.06761990
0.01087902
-0.07644320
0.15398055
-0.11289327
-0.03338321
-0.07224228
-0.04116033
-0.04270552
0.00075340
0.00372830
0.05340051
-0.07894082
-0.00417803
0.05577196
0.01030865
0.01084891
0.11208553
-0.01883275
-0.00556767
0.01956255
0.01600115
-0.05509378
-0.01964777
0.04658618
0.04537359
0.00908768
0.03579893
-0.01646835
0.18767363
0.04335936
-0.08116753
0.04066852
-0.09341559
-0.09471667
-0.04003609
-0.09471889
-0.03105012
0.06938127
0.04956661
-0.06904768
0.02075708
0.07315430
-0.05260477
-0.08741151
0.01721074
-0.02704402
-0.02094468
-0.00977342
-0.13000984
0.10626107
-0.07013586
-0.05859990
-0.10585011
0.06380234
0.00096178
0.01655495
0.06603166
-0.03560579
0.01154439
0.17336767
-0.04226365
0.14371520
0.11101235
-0.00539002
-0.12259264
-0.10908089
-0.14110599
0.00264337
0.03218266
0.02928957
0.05499259
0.02469774
0.03152616
-0.01420290
-0.04087550
-0.08485392
-0.05012576
-0.11078384
0.10006962
0.17271411
0.00558182
0.09696018
0.05409206
-0.09197342
-0.11581685
-0.03550218
0.09116620
0.13018858
-0.00821140
-0.17806387
-0.11483106
0.10768616
0.10641186
0.18018902
0.01598658
-0.01157912
-0.01352069
0.09246575
-0.01403345
-0.13587844
0.06703173
0.03333397
-0.04312971
0.04974538
-0.02606850
0.10650079
0.01899963
-0.09881760
0.07644940
0.00698403
0.04456404
0.05014292
0.05088602
0.01184636
0.09109235
-0.10364891
-0.08214400
0.14165139
-0.02994785
-0.03442271
0.12756490
-0.05189004
-0.08039846
0.03471350
0.01858504
-0.02228163
0.13700633
-0.09092433
-0.17188248
-0.03873196
0.02726306
0.09188158
-0.08038064
0.00393278
-0.02274974
-0.05660919
0.02368243
0.10709629
-0.07664484
-0.13476047
0.00381804
0.12143651
-0.07803546
-0.06456351
-0.04406844
-0.05203121
-0.03848169
-0.09392625
0.04003424
-0.07027412
-0.05225063
-0.00596681
0.01722739
-0.05288862
-0.03432540
0.05507441
-0.06078841
-0.00883463
-0.11230464
0.03954637
0.05230987
0.06337988
-0.04545558
0.03659852
0.13272358
0.12418952
-0.10152080
0.04179592
0.08515615
0.03776563
-0.01415069
0.07107171
0.03061067
-0.05654951
-0.01385091
-0.04480192
0.04705910
-0.02147648
0.05800984
0.01379963
0.06057588
-0.05396556
-0.07231679
0.10400548
0.04166727
-0.03607416
-0.01423086
0.10309597
-0.03408684
-0.01061018
0.01179131
-0.21566416
-0.09472819
0.05066038
-0.12093430
0.02250885
-0.03710976
0.06401648
-0.06025436
-0.05477634
-0.10590219
-0.05220894
0.00585403
-0.00922848
0.01039844
0.02191902
0.12602710
-0.03547231
-0.08202349
-0.01277870
-0.05312622
0.04198560
0.02042849
-0.04976928
0.04085451
0.06180506
-0.06393799
0.02365657
-0.02250955
-0.10166316
0.02018549
-0.01064683
0.00086405
-0.06760196
-0.02826091
-0.07344739
0.11768391
0.05383751
-0.01685521
-0.05652886
0.08774262
-0.11683715
-0.02352109
-0.10729442
0.07834674
0.00765870
0.11627172
-0.02753578
-0.13253263
-0.04096515
0.07066470
0.12287657
-0.11624356
0.03380461
0.24339243
0.07413859
-0.06868341
0.20159260
-0.02131397
0.02987740
0.14892163
-0.02770556
0.11555539
0.05586183
0.19392432
-0.00241654
-0.13167252
0.09584352
-0.07136678
0.04009317
0.04588890
0.12246026
-0.12154365
0.04384468
0.02139527
-0.09508221
-0.03803139
-0.12657752
-0.09380870
-0.10724988
0.04055273
-0.04212050
-0.03719637
0.10387235
-0.02531892
-0.17863691
0.00249250
-0.12244794
-0.04581467
0.02315866
0.02122424
0.03904911
-0.07013085
0.02811686
-0.05157305
0.03328690
-0.15534544
0.03426441
0.02016298
0.04537173
-0.06276987
0.11001827
0.12524710
0.01201614
0.03498224
-0.08048361
-0.07344845
0.03986622
0.16334614
0.01636955
-0.01621433
-0.05369193
-0.03756964
0.00585622
0.08512117
-0.05070553
0.09397425
0.12911734
0.09645879
0.00450165
-0.15149487
-0.05160756
-0.05185471
-0.01717451
-0.04904299
0.12136119
-0.05437967
0.07597526
0.01358261
0.08401773
0.10262242
0.12593589
-0.04136053
-0.01479928
-0.12336013
0.01874131
-0.06896341
-0.12979151
-0.02350559
-0.03455908
-0.03460838
0.01011743
0.08214239
0.03048868
-0.00906096
-0.03871384
0.07211699
0.02799180
0.01822533
-0.02449257
0.06547889
-0.09522684
0.07211596
-0.08374095
-0.07055417
0.01554902
0.05028751
0.06334948
0.00300253
-0.04084701
0.10718417
0.19718969
-0.00148133
0.06487639
-0.13613866
-0.01780408
0.10971122
-0.03039497
0.02633728
0.07845510
-0.07732113
-0.01911110
-0.08969016
0.07972451
-0.06577393
0.00515513
-0.05909639
-0.07458309
0.01700123
0.06266840
-0.07319854
-0.20552316
0.07716657
0.14295682
-0.02073284
0.14138800
-0.05435062
-0.09598112
-0.05878393
0.10939944
0.10850374
0.10882216
-0.10264047
0.05659413
0.08754913
-0.03956161
-0.06122483
-0.03694157
0.00620322
-0.10103737
-0.15294507
-0.02497385
0.03341205
-0.00191856
-0.08076753
-0.02402783
0.03560989
0.08544604
-0.05008694
0.04451623
0.02481858
0.02954996
-0.03519225
-0.12426580
0.12547064
0.07780045
0.07816708
0.01862441
-0.09099632
-0.03699654
-0.17223768
-0.02778339
0.00013940
0.12939046
-0.05185664
-0.09849743
-0.13042805
0.03726903
0.07108205
-0.02543268
-0.06077632
-0.10736041
-0.10731191
-0.04222674
0.07173551
0.08544417
-0.15073955
0.04747144
-0.03251826
0.05807064
-0.09554371
-0.05162158
-0.02112545
0.00650334
-0.00783252
0.08482649
0.00732313
-0.01137756
-0.11413127
0.04613786
0.06846925
0.08358323
-0.06756265
-0.02500161
0.04346416
-0.09662420
0.08902495
0.05033572
0.11133941
-0.03817572
0.13341304
0.00492498
-0.00793766
-0.01852744
0.12636307
0.02899385
-0.06393421
-0.08980900
-0.07268239
-0.15411250
-0.01410859
0.09950253
0.05944040
0.02957026
0.01483979
0.01831553
0.01743044
0.04711922
0.05076432
-0.09084566
-0.07136285
0.02274113
-0.15404800
0.15042833
-0.15516656
0.10830523
-0.07407215
0.07077063
-0.11975188
-0.02456825
-0.03155312
0.03899468
0.10741275
0.08161572
0.03630006
-0.00626088
-0.06239205
-0.02843515
-0.00287855
-0.05090717
-0.00324352
0.04747584
0.08336921
0.02821663
-0.02855662
0.06102058
0.02219852
-0.02267868
-0.10930049
0.11645610
-0.05745016
0.02899307
0.01538318
0.04361605
0.05768174
0.02312857
-0.03397891
0.02011195
-0.09670158
-0.06309305
-0.06447092
-0.01201263
-0.20918986
-0.08020152
0.05041492
-0.01169158
0.02742988
-0.06580517
0.10880468
-0.00937269
0.02414940
-0.12467158
-0.15797104
-0.16333887
-0.00147043
-0.04705742
-0.07211781
-0.05069114
-0.08431516
-0.03776256
0.11393977
-0.04932832
-0.04469205
-0.01051621
-0.02708368
0.03134506
0.07277142
-0.00065693
0.03727185
0.01116103
-0.00752004
-0.05835213
0.05979700
0.11022131
0.00150384
-0.01156787
0.00530835
-0.13752555
-0.10981012
-0.03991867
0.07205978
0.01556477
-0.06502939
-0.04208209
-0.03194824
-0.08648793
-0.08387033
-0.07400551
-0.10080248
0.01861351
-0.09691250
0.10138774
-0.07543079
0.08778853
-0.02216208
0.02083813
-0.06527268
0.06118915
-0.05602114
0.02126846
0.05780537
0.00835094
0.04665546
-0.10902277
0.01513155
0.06716657
0.00504036
-0.11253341
0.00084145
0.01751550
-0.06115109
0.20181441
-0.10395363
0.06198345
0.00448762
-0.19054425
0.08731268
-0.10354178
-0.09895083
0.05940197
-0.04732176
-0.14234047
0.23705725
0.04573818
0.01601716
0.06856077
0.12483108
-0.12845011
-0.03240847
-0.07456733
-0.02566240
-0.02351231
0.06002440
-0.08314979
0.03152498
0.10664668
-0.06551049
0.04025919
-0.08433470
-0.01879593
0.08696113
0.04460051
-0.14301121
-0.19135857
0.03576876
0.09507532
-0.02019511
0.09673891
-0.06167961
0.01566299
0.14735310
0.01761728
-0.08993412
0.05830034
-0.08303403
0.02325611
0.02199353
-0.05116018
-0.13776636
-0.06701522
0.09589462
-0.04815158
-0.10085660
0.07155753
-0.07144413
-0.12064358
0.07886575
-0.06865550
-0.02133630
0.15945501
0.04580419
0.12758310
-0.13912294
-0.08177532
-0.02129442
0.07066152
-0.06070055
0.01515665
0.07136645
-0.02525415
0.13023140
-0.02520917
-0.01925312
-0.06410525
0.00473038
0.01281088
0.03212557
-0.13192715
-0.11220161
-0.12260844
0.03593855
0.02047811
0.01328400
0.00037838
0.05738955
0.04269721
-0.08118558
-0.00234601
0.10870914
-0.03225918
0.01660219
0.05815599
-0.12137838
-0.08185111
0.00910261
-0.08962941
0.02694456
-0.16638637
0.01155999
-0.00163176
-0.14531179
-0.05090350
-0.11888579
-0.04565068
-0.02154189
-0.08704398
-0.07845602
-0.03269018
-0.06044592
-0.12510502
0.15863224
-0.01915740
0.06497854
0.00191162
0.03436985
0.03413951
0.08937929
0.05232059
0.01058101
-0.03879492
0.05986373
-0.07187856
-0.04583779
0.07845929
0.13804546
0.03829837
0.07729702
0.05153691
-0.11421464
0.06508950
0.06273161
-0.03317485
0.09190697
0.01088503
0.03871479
0.11675036
-0.05023208
0.12790818
0.12438771
-0.04766734
0.06302185
-0.10191221
-0.04496488
-0.02905654
0.11388006
-0.06530523
0.11347923
0.05299305
-0.10465928
0.08030464
-0.14381170
-0.08013307
-0.11290878
0.08683873
-0.01746522
0.00007563
-0.11612830
-0.08374656
-0.14017625
-0.13229504
0.06754321
-0.01895339
-0.04124123
-0.00917048
-0.05932422
0.11297696
0.00764008
0.01317698
0.00195486
-0.08321158
0.06013629
-0.05720700
-0.06468647
-0.03968583
0.03069278
0.06064823
-0.04581808
-0.03200105
-0.00844338
-0.06128151
-0.06824625
0.02786508
0.01045980
-0.09281531
-0.11194527
-0.07741865
-0.05630075
0.12992327
-0.04495815
0.09204232
-0.02519655
0.08757028
-0.01717827
-0.14189866
-0.05972960
-0.08336724
0.02989600
0.05488174
-0.13534435
-0.11683951
0.06552859
-0.02181663
0.09744801
-0.11308348
-0.06495070
0.00295944
-0.02589781
-0.06458441
-0.13301042
0.06458715
0.01367075
0.04898147
-0.00985646
0.08104070
-0.10805765
0.04676546
0.08514602
0.03280370
0.04102923
-0.00305125
0.02199603
0.02789333
-0.05114711
-0.00190140
-0.02523156
-0.09124426
0.01230420
0.02382987
-0.00520534
-0.07277803
0.10880886
0.18022887
0.04046386
0.11557249
0.14778297
-0.03587157
0.08312888
-0.08555569
0.08201933
0.02468093
-0.19169039
-0.07679431
-0.06604614
-0.07720315
-0.09343554
-0.09635274
0.03906401
-0.24931032
0.04286187
-0.09875949
-0.15040003
-0.14144633
-0.32743706
-0.09109706
-0.37517727
-0.20539497
-0.06367091
-0.23554568
-0.07114192
-0.14948079
-0.06094538
-0.06643567
-0.01936049
-0.01686323
-0.17841311
0.08727380
-0.02223423
0.10576446
0.26728901
0.22659035
0.20689413
0.26697004
0.31464288
0.44451737
0.38806119
0.31879737
0.37223877
0.33264485
0.39209559
0.28298713
0.23916426
0.30688430
0.03488832
0.11291086
0.16771512
0.02014906
0.19154174
0.02112875
0.03569741
-0.02335620
0.10456518
0.07370010
-0.41305987
-0.14760188
-0.13662102
-0.21569738
-0.27198105
-0.23843397
-0.20395028
-0.28171357
-0.21085772
-0.31730111
-0.11862353
-0.27389524
-0.09560776
-0.18486311
-0.07848172
-0.09878230
-0.12127183
-0.01387604
0.06005754
-0.07447421
-0.00484819
0.05862192
-0.06870351
0.10553115
0.13364943
0.07700001
-0.03361925
0.12206809
0.13481020
0.08949195
0.02876279
0.00548308
-0.02043849
0.07006171
0.21389461
0.05160204
0.05755129
0.08901038
0.09965613
-0.06787262
0.04434423
-0.06311087
0.04596025
0.03134823
0.07350180
0.14358739
-0.05054485
-0.02324626
0.03936078
0.02223961
-0.05843480
-0.05805071
0.03605522
0.24016343
-0.00028251
-0.07405832
-0.16087497
-0.06450028
-0.04743815
-0.00327023
-0.05505004
-0.03588586
-0.05438007
-0.04369777
-0.07701495
-0.03703901
-0.05179947
-0.06395723
0.13596936
-0.15595513
-0.08937898
-0.04029456
0.12902814
-0.12693171
-0.06476917
0.01578758
-0.14701393
-0.10379616
-0.03952573
-0.03558612
-0.18921326
-0.16986562
-0.08746159
0.00677665
0.08921808
-0.12858073
-0.00551096
-0.15158597
-0.08061900
0.12809809
0.05474310
0.06988502
0.13456950
0.16796770
0.06365952
0.02456773
0.28042527
0.23225439
0.19037159
0.18392939
0.29857857
0.23962932
0.37237202
0.37649649
0.55873175
0.38262109
0.44424844
0.49373436
0.36813619
0.38751910
0.22525211
0.21811589
0.01981216
0.12685443
0.00618336
0.06495036
-0.13169920
-0.00169371
-0.15894018
-0.46513225
-0.29188889
-0.50580214
-0.35123191
-0.57007974
-0.55887575
-0.56040953
-0.58441129
-0.72480715
-0.60972512
-0.46268215
-0.51515076
-0.32578905
-0.34620636
-0.42802091
-0.30917287
-0.21564347
-0.21374224
-0.13202170
-0.01423965
0.04293234
0.08895165
0.20663025
0.32948367
0.31905268
0.26465116
0.23185110
0.28046010
0.29327466
0.32248283
0.23023662
0.21701840
0.37602699
0.27607621
0.32721804
0.34200435
0.21249685
-0.01958347
0.24900202
0.07735547
0.22682675
0.02146883
0.09526135
0.08754766
0.08669767
-0.01033986
-0.13409031
-0.07408249
0.02888507
-0.16975786
-0.08664229
-0.09190766
-0.05237023
-0.05554445
-0.07121550
0.11597476
-0.04391013
-0.12783199
-0.13655345
-0.05915967
0.06019463
-0.13104508
-0.09431998
0.03810851
0.01285670
-0.10993803
-0.03220674
0.04529477
-0.01631573
0.03375035
-0.09240210
-0.11786713
0.06555748
0.04567209
0.12405701
-0.04938019
-0.00069236
0.11086296
0.14015951
0.02798679
0.04670600
-0.19257765
-0.08470538
-0.06340741
0.06932350
0.09581847
0.07466897
0.11661171
-0.04621883
0.05935099
-0.14887816
-0.11196893
-0.03448549
-0.08574449
0.11240018
-0.06563918
-0.05522285
-0.03273367
0.06194102
-0.13073122
-0.02604131
0.00924522
0.01201247
-0.11963064
-0.03672098
0.00447664
0.04032504
0.02043541
0.01516758
0.02548415
-0.01053816
0.10614313
0.11282927
-0.08012205
-0.05075541
0.04988490
-0.01227861
0.08689788
0.07732567
0.01169954
0.15357075
0.01655307
0.00985247
-0.03439652
-0.11217186
0.01831807
0.13111805
0.14119623
-0.01542889
0.18013324
-0.03640327
-0.12482930
0.13327334
-0.11735525
0.10472700
0.00527859
-0.01859768
-0.05207850
-0.01510640
-0.00552982
-0.05083554
0.02134825
0.02627228
-0.03857450
0.01476403
-0.06796221
0.06135605
-0.09716634
-0.07070938
0.04361222
0.10674652
-0.09432342
0.06097666
0.06012328
-0.01724548
0.06491865
0.06684943
0.00586339
0.15938447
0.07687001
0.04829693
-0.02634431
0.07214206
-0.00685364
0.08004113
-0.06676454
0.18568032
0.06786889
0.18483394
0.04107995
-0.08702568
0.06899248
0.06292361
0.17788503
0.15962868
0.06339649
-0.04700808
0.15028194
0.01272945
-0.02641991
-0.00660919
-0.09195424
0.00141979
0.13609673
-0.11375077
0.03092442
0.03131039
0.05879892
-0.03185176
-0.05202305
-0.14773684
0.01763538
-0.03514632
-0.15809285
0.03906040
-0.09747869
0.13564159
0.05374883
0.06345900
0.09540487
0.14021080
0.17020808
0.08831810
0.00631182
0.03443248
-0.05715994
-0.11107716
0.07030297
-0.10451567
0.13799249
-0.10854491
0.00009556
-0.03202416
-0.03403183
-0.02850419
-0.07184459
-0.02502288
0.02843567
-0.00260206
-0.04030692
-0.07292125
-0.07463720
-0.04932529
0.03747890
-0.09370804
0.07580227
-0.24251771
0.04691541
-0.05604692
0.02370470
-0.12415235
-0.00408465
-0.01048864
0.01034666
-0.08210242
-0.06759375
-0.01946507
-0.03226326
-0.04892720
-0.03626676
0.01571141
0.07768136
0.10260693
0.01614629
0.10627253
-0.12029287
0.03617764
0.01225059
0.06504693
0.11961181
0.01403512
0.08046839
-0.01050729
0.13733625
-0.13821529
0.04901542
-0.02612563
-0.01631873
-0.13393152
0.08680438
-0.08933980
-0.07587333
-0.09386072
-0.02426102
-0.05347218
-0.04771526
-0.20738144
-0.00018690
-0.02343091
-0.06695828
0.08158986
-0.00288587
-0.13945935
0.02464590
0.00984049
0.05681337
-0.03884518
0.07746422
0.00227942
0.00545091
-0.07444674
0.21181019
0.05955120
-0.08137517
0.15325124
-0.02755791
-0.00380527
-0.01219347
0.00592129
-0.05407590
-0.05781746
-0.04366865
-0.14807178
0.12547355
-0.19561190
-0.07628702
0.00149253
-0.15160015
0.09505295
0.20101361
0.13806483
0.06214959
-0.03128170
-0.13393171
-0.08124593
0.00940918
0.00665450
0.00341914
0.22114651
0.12080484
0.11908108
0.16235146
-0.16818402
-0.16413999
-0.03499562
0.05383489
-0.12863217
0.18337953
0.00915235
0.02760430
0.08842549
-0.06982699
-0.12306073
-0.00152739
0.07662340
0.08304041
-0.01488981
-0.05695695
0.01215291
-0.06895187
0.04717699
-0.07331262
0.01515611
-0.00325038
-0.03190149
-0.07198162
0.05983576
0.10746930
-0.06275542
-0.03414772
0.13204918
0.02022906
0.05881125
-0.08154882
-0.01959240
0.05401937
-0.13139526
0.13207053
0.07921248
-0.04936810
-0.07401183
0.07783246
-0.10948441
-0.00885945
-0.07790159
0.11570322
-0.02719953
-0.09668688
-0.00420295
-0.00996756
0.27045462
-0.03873828
-0.06265507
0.04100201
-0.07541660
-0.03907222
0.10862965
0.01197766
-0.04076862
0.00244848
-0.23100239
-0.01693518
0.03127662
-0.08933507
0.00046261
-0.05686185
0.00505899
-0.04135687
0.05145830
-0.03275296
-0.02634657
-0.00000877
-0.07414224
0.03691913
-0.13291084
0.03134977
0.02631364
-0.07884087
-0.00285037
-0.01396052
-0.10195316
-0.03740383
-0.10202385
-0.06909391
-0.08066043
0.03468390
-0.07212557
-0.06354734
-0.11698473
-0.13256716
-0.03494297
0.10066885
-0.07331510
-0.00971087
0.05269120
-0.05009730
-0.14391807
-0.13055621
-0.01934521
0.03560709
0.03050359
-0.12540297
0.00210164
0.01846155
-0.07854468
-0.14899076
-0.04844441
-0.05973036
-0.07114155
0.06315995
-0.02332030
-0.01528352
-0.01303135
0.20703695
-0.03535028
0.07720490
0.00664871
-0.02947557
0.02951766
0.10251984
-0.04821920
-0.02675991
0.11269364
-0.00860448
0.07492553
0.05162642
-0.13562655
0.00411370
-0.12511084
-0.09942886
-0.03545799
-0.00630859
-0.01768878
0.06289157
0.04232761
-0.02088907
-0.11468609
0.10539482
0.14252340
-0.17014818
-0.00496432
0.07128185
0.07371641
-0.01408703
0.12460795
0.02502316
-0.03927084
0.00431785
0.03180302
-0.10989329
0.06492727
0.01993310
0.03379362
0.00631553
-0.00000378
-0.05059736
0.04202559
0.14309566
-0.01912865
0.19974022
-0.06728954
0.16421342
0.02682537
-0.00459995
0.00029446
0.03361660
0.09327606
0.07293969
0.11029368
-0.28260453
-0.11431439
-0.00609960
0.15052380
0.01550867
0.00047822
0.01384683
-0.07594292
-0.08656688
-0.00373303
0.02877024
0.06952499
-0.06125388
0.05003294
-0.02808218
0.10871286
-0.09684034
-0.16204586
-0.15226811
-0.12619875
0.06712732
0.02347519
-0.04854995
-0.03603269
0.03372490
-0.00215931
0.10966513
-0.08485386
-0.13462176
-0.12452498
0.02423084
-0.08225046
-0.08138941
-0.03548681
0.01398851
0.03565610
-0.15760659
0.05630832
-0.02156411
-0.00730106
