-0.02644523
-0.07135474
-0.02736273
0.04123023
-0.00383098
0.01643933
-0.03728189
0.00679658
0.01384063
-0.02095565
-0.06744558
0.07646422
0.06053790
0.04432464
0.07456294
-0.07277551
-0.05098671
0.00733958
-0.02876172
0.03966660
0.03562860
-0.02172541
0.01687192
-0.02520883
-0.03219014
-0.03694125
-0.03403299
0.03061691
0.08345818
-0.06201848
-0.00107155
0.02106528
-0.00630791
-0.06792952
-0.03211238
0.08156843
0.02067113
-0.06195106
0.10122144
0.06286093
0.01058534
0.01669617
0.03371424
0.11216716
0.07004630
0.06643254
-0.08268802
0.07980748
-0.02829868
0.02009724
-0.06224486
-0.00937908
0.04075574
-0.03193425
0.04820773
0.01078256
-0.03701650
-0.01040481
-0.06167787
-0.01719319
-0.02217071
0.04506349
-0.03055828
0.01937751
0.04512137
0.00480401
0.03909370
-0.01010734
-0.09634816
0.00511844
-0.01011836
0.04506051
0.05647049
0.06330873
0.03844720
-0.04477629
-0.01018696
-0.04946073
-0.00902455
0.04415489
0.00888808
0.01592875
0.00118447
0.03090768
0.02109296
0.01090564
-0.02932044
0.04955116
-0.08550800
-0.01112526
0.01597791
0.01291163
-0.04255760
0.04537312
-0.04047479
0.01686882
-0.06433584
0.02726103
0.04436895
0.04339901
0.09541864
-0.05152053
0.05394192
-0.00156594
-0.04146811
-0.02670583
0.02676314
-0.01150057
0.03516102
0.06090232
0.03731187
0.04811385
0.01541098
-0.00270956
0.00490769
-0.00627587
0.00256246
-0.03149612
-0.01760286
-0.01238935
-0.02602483
-0.02643731
-0.01878148
-0.03333284
-0.12664447
0.08648980
0.00439742
0.01120667
-0.04118484
0.01284479
0.03095888
-0.02042625
-0.02266620
0.00629765
-0.06943147
-0.02332589
-0.01729083
0.11551685
-0.00706341
-0.03903729
-0.02204585
-0.00694357
0.03781304
0.01424991
-0.01026794
0.03769779
0.00880176
0.00661077
-0.02327314
0.06308286
-0.01581182
0.05401524
-0.02968968
-0.03244221
0.01592204
0.04806363
-0.03922788
-0.00396481
-0.06035219
-0.07724322
0.03620986
-0.00661310
-0.01592881
0.03308848
-0.17298594
-0.07343152
-0.06365670
-0.02170141
-0.05432779
-0.00364371
-0.07593398
-0.04852081
0.09801104
-0.05440787
0.02384095
-0.00069139
-0.04459252
0.08638722
-0.03528646
0.02809098
0.03324100
-0.13970528
0.01011741
0.01334170
0.04609984
-0.01709882
-0.08134763
-0.01631921
0.01875453
0.01546519
0.06360264
-0.00194883
0.07653761
-0.07097797
-0.02575708
0.03675204
-0.02785460
0.01853922
-0.02091364
-0.08204514
0.00268236
-0.01401729
-0.01968611
0.06996226
0.00872584
0.00565550
-0.07995220
-0.06095055
0.04858653
-0.09750828
-0.11510588
-0.04668833
0.00546693
0.05094992
-0.08637600
-0.03335873
0.00579458
-0.01248951
-0.03996126
0.15569191
-0.01195381
-0.00194162
-0.02954776
0.06691229
0.04724835
-0.05060925
0.02472560
0.03047357
0.02081142
0.05574893
-0.00611806
-0.01737597
0.07493155
0.03877231
-0.00027608
0.06756091
0.15168176
-0.08458292
0.07189967
0.03346692
-0.01286584
-0.00238270
0.00214099
-0.02678568
0.05941329
-0.10648254
0.03077360
-0.06032202
-0.05978579
-0.04780008
-0.10552766
-0.04518510
-0.00545583
-0.04585289
-0.06595090
0.02691002
0.03898209
0.03890025
0.01815032
0.06049978
0.00355007
0.07903095
-0.00824743
-0.00323543
0.00793161
0.03601497
0.05218933
-0.00774754
-0.03509711
-0.00271376
0.01136042
-0.01298380
-0.06173977
0.08736172
-0.10139686
-0.07070862
0.04610468
-0.09180006
-0.10533325
-0.09265325
0.06282975
-0.08882362
-0.04489159
0.02922604
0.00657691
-0.04050469
0.01903885
0.02319597
0.05435392
0.01536328
-0.04079624
-0.04967232
-0.00154259
-0.00586865
-0.08891392
-0.01704788
0.00705271
0.01635785
0.03253916
0.00647430
-0.01422475
-0.09258115
-0.02768986
0.08553081
-0.09310927
0.01462910
0.00217295
0.00102641
0.02251076
0.01893238
-0.00445873
-0.01908387
0.01101615
-0.00326060
0.09432532
0.07453883
-0.11013783
-0.07648379
0.08772144
0.05120020
0.05143389
-0.00165941
-0.05947038
0.02491943
-0.10543197
0.03157215
0.05643849
-0.00907004
-0.02090635
0.01021957
-0.00324770
0.02684088
0.05314367
0.03983143
-0.00725881
-0.00130927
0.00187185
0.00261564
-0.00197448
0.04446061
-0.00364180
-0.05240207
-0.09511837
0.10255309
0.05068770
-0.05631917
-0.00864301
0.02284043
-0.02801592
-0.01189972
-0.01593786
0.05832412
0.00751213
0.02548910
0.02115794
0.04367831
0.06935742
0.00378280
-0.01084082
0.00868295
0.02422564
-0.09719669
0.02811741
0.04349928
-0.02075781
-0.00583308
0.03424212
0.06499817
-0.00394757
-0.01466471
0.00076525
-0.00629807
-0.00179552
-0.01947607
0.09828788
0.04804606
0.09559304
0.08231864
-0.04419546
0.01581912
0.00625085
0.03804670
-0.02571876
-0.03843553
-0.03373597
-0.00484219
-0.04400613
0.11786154
-0.00382175
0.05211696
-0.01399151
0.04615989
-0.02961881
-0.03689888
0.06099364
0.00028944
-0.02397265
-0.03888595
-0.03548750
-0.03103665
-0.04948002
-0.01156879
-0.00738424
0.00203808
0.01177288
-0.02198548
0.03826140
-0.02840316
0.03168899
0.03718385
0.07497064
0.09020248
-0.03339149
0.00834635
-0.03610510
0.05849244
0.02919380
0.06318550
0.08882312
0.06519498
0.04378011
-0.01970425
-0.09119226
0.03025061
0.06194874
0.02094857
0.00076217
-0.02162823
0.05471394
0.04359429
-0.03575344
0.03930672
0.06730118
-0.00383643
-0.00975947
0.00033661
-0.03156824
-0.04032600
0.02174339
0.05564303
0.06338260
-0.01955522
-0.05076752
-0.07954183
-0.03904251
0.05092088
0.00380659
-0.02424738
-0.08287849
0.08650875
-0.04034298
0.03528308
0.02544816
-0.17571509
-0.04395860
0.00261223
-0.05586592
-0.07032437
0.01647334
-0.03546812
-0.07739279
0.02537185
0.00319859
-0.05373850
0.00204037
0.01918204
0.00987902
-0.03421209
-0.09016573
-0.05499116
0.02914070
-0.00392952
-0.01472969
0.00250582
-0.04054172
0.01968247
0.08455973
-0.03329048
0.08071745
0.00056833
-0.04695555
-0.04391062
0.00892702
-0.04755662
-0.01781105
0.04122702
-0.00544805
0.01468574
-0.07082528
-0.03128177
0.03355127
0.05883315
-0.00526969
-0.04274577
-0.01694240
0.01188547
0.05253140
0.03181735
0.03565927
-0.03005405
-0.06832832
0.00663377
0.02929958
-0.04565445
0.00944589
0.10024425
-0.02075928
0.06687214
-0.01877860
0.02362884
-0.04117832
0.05756921
0.00625354
-0.06070839
0.05150938
0.09161942
0.12450026
0.02666180
0.02321281
-0.03855416
0.03646614
-0.01948057
-0.06976813
-0.06105917
0.02923420
-0.01227402
-0.01233575
-0.02606558
0.00626999
0.03503716
0.01273334
-0.05285081
-0.01299076
-0.02437025
-0.01617333
0.07671485
0.00132469
0.00309040
-0.03127271
0.01990070
-0.02870226
-0.01303314
0.00032812
0.03536852
0.00181238
0.02395509
0.00951538
0.05830677
-0.00807664
0.04333667
0.02402486
0.03132440
-0.00372368
-0.03282243
-0.02457823
0.03255504
0.03036024
-0.00906111
0.07929911
0.00400325
0.00795243
0.04629575
-0.03744786
0.02653665
-0.05626333
0.01922657
-0.11437332
0.03705724
-0.02423499
-0.00992221
-0.01870746
0.01276343
-0.07277610
0.01303453
-0.02511023
0.10951445
-0.01166684
0.03923045
0.10754207
-0.02636336
-0.00501615
-0.03692691
-0.02438906
0.00269823
-0.00284156
-0.00293762
-0.06081538
0.07530488
0.08477998
0.01617939
-0.01491260
0.07538899
0.06730224
-0.08801963
0.01063305
-0.06209474
0.10773517
0.07202716
-0.01499263
-0.05499396
0.08118774
-0.01733493
-0.01218604
0.04838742
-0.01029953
-0.05468635
0.05178569
-0.04198533
0.05154504
-0.02290895
0.00292587
0.07687221
-0.12610283
0.02210610
0.05608474
-0.05225786
0.01526460
-0.00964916
-0.04405360
-0.04548073
-0.01834422
-0.02567682
-0.08896379
-0.08422891
0.05507688
0.01371663
0.00843731
0.09140805
0.00354456
0.02229379
-0.04855351
0.05353530
0.00252344
0.00065656
-0.03862051
0.05534777
-0.03884220
-0.02445137
0.04233867
0.05742599
-0.00328157
-0.02143644
0.02716254
0.00022830
-0.03279609
-0.00461201
0.05810907
-0.02447345
0.04579280
-0.04532619
-0.05083069
0.05408920
-0.05229740
0.00229355
-0.01876546
0.06985440
0.03520591
-0.02567199
-0.06813635
-0.01445211
-0.02720433
0.05685264
0.10818104
0.00233586
-0.02135974
-0.01225889
0.10506172
0.04600547
-0.08052039
0.05629866
0.00150305
-0.04358894
0.05203205
0.05912186
-0.04681072
0.02654407
-0.02484743
-0.02379617
-0.03614838
-0.00903065
0.04896147
-0.11720000
0.04142838
0.02467655
-0.03934187
0.02982089
-0.03752624
0.01736435
0.00229047
0.04162491
-0.03978983
-0.01087869
-0.03255217
0.03489236
0.07053842
-0.02342292
0.03024290
0.00376080
-0.03839312
0.00502280
0.02064092
0.03555591
0.00379205
-0.00588105
-0.08280591
0.00907675
-0.07312953
-0.00381553
-0.12634980
0.03172326
-0.08701273
0.01092690
0.06116550
0.00641197
-0.11450066
0.00942960
0.07694933
-0.01256761
0.00955062
0.09946665
-0.02874540
-0.07260783
-0.05069302
0.03183551
0.10802792
-0.05120867
-0.03905295
-0.06748231
0.02307765
-0.01659899
0.01543700
-0.08099996
0.07004240
-0.04632661
0.03488480
-0.07179197
0.02307343
-0.02161919
-0.04547678
-0.03918638
0.01219237
-0.01908243
-0.10055342
-0.05837215
0.00045486
0.02186716
-0.02739124
-0.04676652
-0.00120173
-0.01250182
0.02203852
0.06608079
-0.01212460
-0.06387650
-0.02048180
0.13655607
0.00415823
-0.01627816
-0.00398275
0.00810786
-0.01178391
-0.01322654
-0.01146401
0.02301477
0.06331995
0.00741366
0.00810864
0.02743239
-0.00613041
-0.00146391
0.01538132
-0.06013376
0.03020864
0.03740583
-0.00269334
0.08360734
0.02585721
0.02869669
0.00188777
-0.00729466
-0.01906299
0.02645653
-0.01747889
0.02709579
0.00328632
0.05128826
-0.02016319
-0.02312563
-0.07119547
-0.04293488
0.05580840
-0.03432753
-0.01782383
0.00880622
0.07673777
0.04063663
-0.00352872
-0.07363415
-0.05601596
0.00962536
-0.02565960
0.02995958
-0.01822426
0.08056879
0.08933266
-0.10497980
0.05855178
-0.03233696
-0.04291300
0.09371666
0.06629665
0.08279737
0.07667827
-0.07235881
0.06425647
0.00499860
-0.05643789
-0.10656345
-0.00390682
0.02396333
-0.05433777
-0.00168440
-0.05483167
-0.01054896
-0.00720256
0.07385513
0.06757153
0.02619704
-0.03550352
-0.09618511
0.04276845
-0.04619386
-0.11951914
-0.06806853
-0.05006348
0.01119330
-0.07317008
-0.00657510
0.02673069
0.00862516
-0.07372077
0.01069223
-0.03001440
0.00483847
0.02765434
-0.13597619
0.01992945
-0.01249380
-0.01699193
0.03929343
0.00921239
-0.06011388
0.08560413
0.02060386
-0.02806816
-0.02912008
-0.05319341
-0.02671548
0.02529825
0.01284626
-0.04816973
-0.05460045
0.09804823
-0.05727843
-0.04967333
0.09551625
0.02353347
-0.01138842
-0.07929998
0.05475207
0.01008907
0.04019094
0.10369020
0.04768309
-0.00659013
-0.08932087
-0.10622430
0.05872187
0.02247193
0.01011079
-0.01857750
-0.05380326
-0.06334831
-0.01373920
-0.01515463
0.04809383
0.02555401
-0.01938260
-0.04088622
-0.02906629
-0.04938767
-0.06387420
0.00190369
0.00153852
0.06523508
0.00704300
-0.04186470
0.04241862
0.03389692
-0.08334245
-0.08148372
-0.05429186
-0.02143953
0.05005403
0.03385241
0.00071370
0.09218200
0.00794955
-0.10462861
-0.10291718
0.10937407
-0.04697755
0.04795098
0.00978725
0.04224063
-0.00053828
-0.08691585
-0.04025757
0.02646187
-0.03711751
-0.00416718
-0.14077596
0.00803163
-0.02782365
-0.02061062
0.12265267
0.00122096
-0.06245649
0.03906233
-0.01374681
0.08149189
0.08486955
-0.01082496
-0.01804683
0.06130119
0.00907715
0.04074142
0.08452284
0.11468191
0.02373921
-0.00437286
-0.00480025
-0.00914331
-0.03693268
-0.05300142
0.06761105
0.01569966
0.02633453
0.06416361
-0.00793092
0.05438290
-0.06411201
-0.06080613
0.00132111
-0.01114010
-0.07652663
0.08752645
0.06169872
-0.06084713
0.10208412
0.02646179
-0.02740228
-0.02891587
-0.01193805
-0.03569725
0.01665961
0.05804446
0.03280939
0.00344692
0.01027186
-0.02288537
0.00544462
-0.02819014
-0.08201870
0.04924630
-0.03816707
0.01783065
-0.02381129
-0.02761347
0.04520694
-0.00830410
0.01424772
-0.11402980
0.09999292
0.02360670
0.00145381
-0.08198465
0.06468007
-0.05723994
-0.03840609
0.01340557
-0.00368203
-0.01967179
-0.08414450
-0.01048426
0.09309621
-0.01999318
0.02961917
-0.08942642
0.01176065
0.04654280
-0.04675700
0.11700373
0.03350704
0.00280349
0.09594953
-0.03234386
0.09249654
-0.03392117
-0.01512595
-0.05672446
0.00575472
0.02423830
-0.06366078
-0.03811880
0.03455479
-0.04357965
-0.07154946
-0.04210954
0.02360536
0.00100716
-0.00883513
0.02128502
0.06848194
0.00783845
-0.08892822
0.07137250
0.05155606
-0.04842706
0.00784669
0.04471480
-0.05531336
-0.06366217
0.00037779
-0.01298624
-0.01134492
-0.05093265
-0.00471298
-0.01427076
0.02448408
-0.03684099
0.03141212
0.01602908
-0.02247050
0.00191788
0.08915365
0.07229047
-0.02213137
0.04830375
-0.01245960
0.03304635
0.00871400
-0.06138486
0.06209937
-0.01164624
0.05652919
-0.03843264
-0.00821495
-0.03294888
-0.04475673
-0.08293219
-0.04047880
0.02804219
0.09166611
-0.02283320
-0.03847081
-0.04626370
-0.00883068
-0.03139705
0.06232001
0.02861837
-0.08460093
0.04996889
-0.00283355
-0.00508823
-0.06838442
0.06780265
-0.01175548
-0.05581713
0.03547349
-0.11165227
0.01267075
-0.01013915
-0.05319918
0.04954526
0.02861099
-0.04336094
0.01315334
-0.09383822
0.01511842
0.09607835
-0.03204028
-0.00014739
0.01717198
-0.02384077
-0.04711244
-0.08699407
0.01544468
0.00923106
0.02495260
-0.01580255
0.05013386
0.02123342
-0.09610672
-0.01262654
0.07535433
0.01053360
0.01349493
0.02284370
0.04981071
0.09835152
-0.02846792
0.06361415
-0.00579468
-0.01160086
-0.06509726
0.03133842
-0.02803929
0.05849052
-0.05884591
-0.02231579
0.02540079
-0.00640205
0.05245427
-0.06227109
0.00440345
-0.08319185
0.03962077
0.06127000
0.09368800
0.09994058
-0.02871991
0.07028469
-0.01099877
0.09676984
-0.09990229
0.05749681
-0.05163187
-0.03511714
0.08377328
-0.03418962
-0.00140071
0.00570459
-0.00121352
-0.07033302
-0.06805737
-0.04709615
-0.03684488
-0.00949112
0.05033522
-0.07586261
-0.01874711
-0.07024244
0.00895597
-0.01137830
0.00104511
0.01126314
0.03431269
-0.05024213
0.00584155
0.03771278
0.02674076
-0.05192925
-0.01574200
0.01657232
-0.01648271
-0.01403403
-0.13709521
0.02357407
-0.02600355
0.02722334
-0.00172571
-0.06067609
0.00127443
-0.05929371
-0.02114661
-0.07657497
0.03421301
-0.03626353
0.01308916
0.03061165
-0.04067999
0.05642058
-0.00548203
-0.00145733
-0.00554572
0.01597635
0.06195795
0.01264125
0.03442318
-0.02038040
0.03591892
0.03297920
-0.01193885
0.00511989
0.02878824
-0.01380512
0.04480361
-0.02321567
-0.01217226
-0.01712837
0.01819673
0.05285350
0.00731095
-0.02627492
-0.07229347
0.00636277
-0.01481671
0.00351572
-0.10907225
-0.01301743
-0.00240766
-0.00584747
-0.02084912
-0.09090906
-0.02971779
0.01456722
-0.05538989
-0.02037167
-0.00904777
-0.01948301
0.08102041
-0.09180745
-0.00287132
0.00369593
0.04319811
-0.10571695
-0.04252169
-0.00810807
-0.09106238
0.00616150
0.04913558
-0.04100370
-0.02084145
0.01501600
-0.01988860
-0.01454847
-0.06985227
-0.01371370
0.01938679
-0.01664100
0.05004116
0.04335016
0.05508395
0.06183997
0.02632954
0.00321533
0.04958499
-0.04441402
0.00752715
0.00856074
-0.04853488
0.01349868
-0.07902125
-0.01076223
-0.05410935
-0.00957945
0.01196995
-0.09520713
0.01556202
-0.07558785
0.06685159
0.01539778
-0.06030186
-0.05018977
-0.01298594
-0.00119122
-0.00251718
0.02045318
-0.01804093
0.00339209
-0.07112107
0.07734578
-0.00049580
0.04058044
0.12571882
0.00258666
0.04905287
0.00351995
-0.02819262
0.05711119
0.00539855
0.04821345
-0.00194224
0.00849474
0.04995553
-0.02107160
0.03309539
-0.04365013
-0.15978689
-0.08367134
0.04044860
-0.06915170
0.07411489
-0.01042390
0.04292763
-0.09688331
0.01495035
0.01436298
-0.00575549
0.01217532
-0.05964396
0.08663568
-0.04568796
0.02354929
-0.06425813
0.00790603
0.10311066
-0.04881347
-0.09204524
0.05908365
0.08888700
0.02875212
0.00579771
0.08651116
-0.02232050
-0.02660403
0.00399440
-0.01509509
-0.06184041
-0.00987053
-0.05894197
0.00773351
-0.07066078
-0.02178241
0.02761159
0.05976894
0.04190941
0.02071446
0.08426247
0.02934062
-0.03460500
-0.04330744
0.00357160
0.06692775
0.01190118
-0.06089420
-0.02147067
0.03040284
-0.02169717
-0.06800655
-0.00267842
0.03960854
0.08384291
0.06888071
0.01961222
-0.06151303
-0.02263851
0.10458696
-0.03337720
-0.02444767
-0.09273996
0.03427602
-0.06478158
0.05920039
-0.03185265
0.00297222
-0.01476582
-0.07499529
-0.10400808
-0.01221931
-0.03726498
0.00328805
-0.02827602
-0.09205985
0.06748734
0.04821451
-0.00988521
-0.01863556
-0.02703367
0.01416078
-0.02781185
0.03522473
0.04123992
0.06662398
0.03340674
-0.01888872
0.06438173
-0.02417246
-0.00953170
0.14547908
0.07440465
0.01372421
0.07984593
-0.07953531
-0.01871190
-0.04177851
-0.01271473
-0.00651707
0.00415884
0.04469135
0.06197358
-0.02888486
0.02119136
0.03013540
0.04911184
0.00784482
0.11673976
0.02272196
-0.05478651
-0.07563130
0.07211478
-0.01722115
-0.05633423
-0.00187703
0.04700205
-0.06508416
0.15692937
0.03467913
0.02199781
-0.02238025
-0.02522113
-0.03090759
0.05364853
0.09587979
0.00143646
-0.00318922
0.02111559
-0.01382744
0.03009862
-0.05052942
-0.10547467
-0.03627122
0.09153081
-0.02718350
-0.01156534
0.00287761
-0.00381827
-0.03431785
-0.09884354
0.02312143
-0.01122087
0.03186160
0.03359644
0.05825852
-0.02192746
-0.00007308
0.06769986
0.01986165
-0.01659756
-0.10088392
-0.03053325
-0.04585008
-0.05365284
0.08405190
0.06971258
0.03454858
0.02061925
0.01866066
-0.10038091
0.09348955
0.00982933
0.09023769
0.09434706
0.11780045
0.06482196
0.07128788
0.05993174
-0.00095115
0.02995008
-0.01551066
-0.03582092
-0.04139859
0.00227961
0.01382638
0.03631366
0.02673343
0.07455546
-0.05127958
0.04333316
-0.06124448
-0.01517039
0.00646382
-0.05477192
0.03594951
0.06087819
0.08708679
0.01624027
-0.08736014
-0.08185945
-0.05222876
0.00722292
0.04393967
-0.05419906
0.02882829
0.00274161
-0.01781794
-0.01978884
0.02827232
0.01337509
-0.03925816
-0.03319706
0.02475812
0.06563193
-0.01171510
-0.04434440
-0.00358653
0.03540539
-0.01241957
0.02588630
0.03501355
0.00345058
0.08836429
-0.00661895
-0.06205899
0.02160549
0.01509971
0.01417023
0.05166039
0.03725701
0.01677727
0.07266251
-0.04733586
-0.03759051
-0.00895212
0.06594630
0.01016994
0.00924991
-0.00339175
0.05871964
-0.08286776
-0.01371984
0.04205098
-0.03439443
-0.06608191
-0.06436418
0.07101959
-0.03165194
0.03143459
0.04148737
0.11434134
0.05174089
0.03548429
0.04695739
0.00066840
0.03309404
-0.00179827
-0.04761826
-0.04600848
0.05181190
-0.02216314
0.01196090
-0.03351200
0.01751872
-0.01005468
-0.05767319
0.01907387
-0.03188121
-0.05972005
-0.07844890
0.12281463
0.04277863
-0.08737003
0.00101235
0.00867755
0.04593965
0.10067319
-0.00814252
-0.01791531
-0.03091878
-0.12764145
-0.09889695
-0.01017720
0.01806470
-0.05247328
-0.01376458
-0.05199895
0.02794660
0.09185504
0.04313767
0.01649897
-0.03058621
0.00225733
0.02075297
-0.00872680
-0.01051130
-0.06073555
-0.01487635
-0.07531622
-0.03929485
0.01202732
0.05481250
-0.01189758
0.04315442
0.02009323
-0.01691168
0.00945148
0.03391203
0.01831632
0.00878853
-0.02931171
0.05224514
-0.03732555
0.00404127
-0.01239680
-0.00921634
-0.05952005
0.05465681
0.00225869
0.03941582
0.01296825
0.03107382
0.05952821
0.00488843
0.03060750
-0.05061318
0.03763062
-0.00832232
-0.01899174
-0.00689538
-0.01894273
-0.05366198
0.01571459
0.06194460
0.10802980
0.00324265
0.06213709
0.05148071
-0.02682184
-0.07922749
-0.03761499
-0.04121356
-0.03928221
0.11283140
0.00646389
-0.03925064
0.00919365
0.00064983
0.01048470
-0.02907282
-0.00557165
-0.02463161
0.01663026
-0.00645575
-0.02462492
0.06338615
0.07354086
0.05655373
0.07095374
-0.05840705
-0.07446421
-0.05397912
0.05615834
0.06559138
-0.07519674
-0.05969648
-0.03720137
0.05141419
0.03553782
0.03169548
-0.01832470
-0.01522810
-0.00849175
0.08291748
0.05399873
-0.06113340
0.07030048
0.09382147
-0.04080660
-0.01716507
-0.02302710
-0.01627775
0.00463864
0.01702205
-0.02022167
-0.01563666
0.02192149
-0.06507471
-0.08767732
0.02051881
0.01634602
-0.03749206
-0.02973410
-0.03952449
-0.00143054
0.12018578
-0.00069313
-0.10771071
-0.05315844
-0.06180692
-0.03477980
-0.19646664
-0.07170445
-0.16078712
-0.01524518
-0.13434839
-0.09072670
-0.04863306
-0.10846847
-0.02442006
-0.09337405
0.04600446
0.14459244
-0.02059337
0.15972190
0.05913472
0.10737439
0.00729011
0.05914251
0.07426725
0.17765423
0.08830506
0.12187824
0.16761784
0.13655708
0.12842020
0.18677068
0.09307824
0.07291905
0.10597806
0.09874506
0.09070045
0.03558660
0.12113751
0.00608177
0.02738356
-0.08770341
-0.14597732
0.03412135
-0.04239909
-0.05263788
-0.04035746
-0.08003727
-0.11858954
-0.07724280
-0.11613181
-0.09286834
-0.10603785
-0.07187412
0.00816602
-0.00086828
0.00569705
-0.00901526
-0.10258922
0.02446110
-0.02415100
-0.01007699
-0.02890306
0.00280899
0.01840573
0.06197966
-0.01173813
0.06144335
0.03926283
0.03558499
0.05920984
-0.02291551
0.07674363
0.03655419
0.05134501
0.07639357
-0.01940676
-0.02702650
0.00169424
-0.03037897
0.00177084
-0.01552339
-0.07194922
0.03739238
-0.10901264
0.04474558
-0.04288857
0.01994213
-0.03532760
-0.04404278
-0.05135946
-0.06706051
-0.03255555
0.08261671
0.07600305
0.16081510
0.02267777
0.13614036
0.03894393
0.10315611
0.08982616
0.13361439
0.10202573
0.14754320
0.14121818
0.17938751
0.12529799
0.12951528
0.04351707
0.15298501
0.04525125
0.03024446
0.01323793
-0.01880972
-0.04301676
-0.11302963
-0.16869026
-0.15832263
-0.22125739
-0.23225375
-0.25262301
-0.28035003
-0.32139143
-0.31873410
-0.37775945
-0.34141089
-0.34124261
-0.38107991
-0.37519096
-0.29990528
-0.30629106
-0.24075153
-0.06806151
-0.15408561
-0.06544603
-0.15935329
-0.03161197
0.06872436
0.10031476
0.10091914
0.13368340
0.29983391
0.27655807
0.35220390
0.35238428
0.26326826
0.31312963
0.38093901
0.25776624
0.39416753
0.33697530
0.27578572
0.32308015
0.28757130
0.17631427
0.17852711
0.14046348
0.16019611
0.06578343
0.04446839
-0.00412912
-0.04765696
-0.00328937
-0.03343665
0.00024310
-0.04536266
-0.06809666
-0.11714514
-0.04654445
-0.11304686
-0.06605570
0.00249955
-0.12216096
-0.06207031
-0.25601099
-0.00527080
-0.08116144
-0.15426348
-0.06044266
-0.01410823
-0.00209960
-0.14063307
-0.04245191
0.01063150
0.05537665
-0.07146689
0.07715804
-0.00329416
-0.02051356
0.05422496
-0.01432941
-0.05093635
0.01408879
-0.06361345
-0.02921048
-0.05536461
0.01964509
0.07166207
-0.10318894
0.00838179
-0.06901749
0.00536301
-0.00689937
-0.01617485
0.03763899
0.01783859
0.03694892
0.08326463
0.06924243
-0.04771669
0.00246522
0.02809046
-0.03369389
0.00591451
0.04642777
-0.01374303
-0.03066503
0.01513331
0.05497858
0.05274719
-0.03079531
0.04082374
-0.09799656
-0.01632917
-0.03442945
-0.07820571
-0.06826655
-0.02602167
0.00151645
0.00592116
-0.02285520
0.01802082
-0.05382917
0.05715080
0.08446718
0.07094883
-0.00316185
-0.03457641
0.06869905
-0.02412908
0.00377195
-0.01010442
-0.03394063
0.10314270
0.00470039
-0.01645723
-0.09491582
0.00647479
-0.01722479
0.07710370
-0.05531612
-0.01522142
0.00804220
0.09270611
-0.02065521
0.00988469
0.03711978
0.02448024
0.01508600
-0.07179714
0.09194377
0.05098623
0.00047004
0.05724500
-0.04352663
0.10954545
0.00895459
-0.04802082
-0.08861676
0.01135349
-0.01704474
0.07684219
-0.02575079
0.07779384
0.02221361
-0.03435910
-0.06742000
0.01475162
0.05614474
0.07543908
0.04475442
-0.01874551
0.00902814
-0.00249390
-0.02670295
-0.05749516
-0.01501842
0.00206198
-0.07459184
-0.16780418
-0.15618498
-0.07000155
-0.04558000
-0.06969381
-0.09984459
0.04918036
-0.08213064
-0.06842974
-0.02275190
-0.08551216
-0.06730924
0.02862699
-0.02346326
-0.01961847
0.01254412
-0.06798599
0.07037359
0.07019603
-0.03225248
0.11196908
0.08036535
0.07134012
0.13581333
0.05924246
0.15615227
0.16319217
0.19648663
0.17646665
0.17221417
0.06003702
0.02784299
0.05123737
0.12737985
0.05966248
-0.06843701
0.06324208
