0.68691751
-0.44368537
0.77277861
-0.25175018
-0.07340809
0.21016239
0.01050903
-0.16928251
-0.54292180
0.23198363
0.07626169
0.32014568
0.05427932
0.57387126
0.22250602
-0.12996520
-0.11790641
0.12247626
-0.39145504
-0.26017949
-0.98100774
-0.40364009
-0.92426769
0.09503616
-0.26438507
-0.54732977
-0.02752307
-0.14170788
-0.03287302
-0.23195601
0.22145385
-0.24418681
0.18490356
-0.11475547
0.71886962
0.28136539
0.68264267
-0.44408157
-0.02039583
0.01803708
0.02984561
0.63548894
-0.23679227
-0.63139687
-0.34759052
-0.14916892
-0.01445414
0.30200820
-0.97948157
-0.10197358
0.23295365
0.34351454
0.15873706
0.84656385
-0.01348135
0.20977944
0.26379699
-0.41214328
-0.35595444
0.10745492
-0.30903652
1.70430481
0.75899308
-0.68811171
-0.77333241
0.13030304
0.11502621
0.45841227
0.31504968
0.12667798
0.33139919
0.02187775
0.33328716
0.77317366
0.40475076
-0.31275062
0.42436887
0.00489732
-0.40571151
-1.08568088
0.35617240
0.53709559
0.65841867
0.20483844
-0.28496543
0.25374459
0.02404042
-0.04677705
-0.19949823
-0.13952179
-0.74542988
0.10206382
0.17505016
0.09198942
-1.06902121
-0.94108649
-0.14501817
-0.13278664
0.35623059
-0.35200261
0.55965931
0.15442628
-0.27925375
-0.28584782
-0.69098200
0.00053946
0.49429539
-0.52057252
-0.47466871
-0.08736941
0.64912809
0.10905008
-0.23636463
0.55029665
0.22965683
0.47369641
-0.04415318
-0.04490265
0.48649400
0.46271963
0.43512345
-0.50947444
0.21406134
0.14069547
0.57108122
0.26953310
-0.15040132
-0.18656763
0.06604018
0.11801299
-0.56128709
-1.14827759
0.10024522
0.04307167
0.00194713
0.01720323
0.28710231
-0.24183685
-0.09755546
-0.02908571
-0.23849118
0.30769799
-0.07197185
0.09962559
0.37840124
-0.79798495
0.49489230
-0.06772461
0.05887272
0.60136421
0.61153396
0.17560639
-0.65748481
0.08999644
-0.35934370
0.67642882
0.05116077
0.29122449
-0.63173169
0.65668986
-0.41180488
0.10512523
-0.41578504
-0.03830457
-0.03454858
-0.25295225
0.87941899
-0.02693406
-0.06784864
0.14376607
0.19321439
0.59575798
0.30588201
0.46973857
0.16246180
0.19698960
0.77683850
-0.53647753
0.10559911
0.61051071
-0.52246180
-0.39620955
0.56467956
-0.86528608
-0.09035750
0.22246482
-0.53768777
-0.12094746
1.10489586
-0.86531515
-0.04781131
-0.49725051
-0.76234170
0.76385015
-0.74214997
0.62574550
-0.08001023
-0.38517091
-0.57936809
0.54842336
-0.64904941
-0.41183103
0.05084671
-0.46648987
0.22528060
0.28244716
-0.51177467
0.29432582
0.17937012
-0.03040446
0.27739721
-0.16705395
0.30676859
0.29843175
-0.17950667
0.31041555
-0.45013029
0.38359999
-0.69086036
-0.93633957
0.07128808
0.05706386
-0.43052174
-0.29616408
-0.51170290
0.68423769
0.37787670
0.22596777
0.35228645
0.40213925
0.43615033
0.40926495
-0.75839878
-0.12139076
-1.00028722
-0.48369325
-0.56782764
0.35556980
-0.26292868
1.36900182
-0.18702055
0.48891197
0.26447519
-0.89126437
-0.04226967
-0.42415238
-0.22477632
0.54274605
-0.01241413
-1.01793534
0.17959629
0.00008517
-0.54720387
-0.52314607
-0.23811102
-0.99698774
-0.95944543
-0.36071327
0.60554132
-0.69815655
0.12056244
-0.08541310
-0.02176390
0.64184640
-0.28738370
0.18613897
-0.17551509
-0.25935672
0.35694695
0.30319162
-0.14348684
0.23563399
-0.15097376
0.48041198
-0.32897731
-0.39038263
-0.13551807
1.14698221
0.16099487
-0.04411946
0.01470445
-0.08658105
0.74446713
-0.62014915
-0.09466681
-0.09058984
0.25033722
0.39337980
-0.43261447
-0.41470243
0.99021829
0.24795682
0.07018363
-0.01063152
-1.13001113
-0.26893385
-0.51468415
0.36738985
0.19822594
0.27207986
-0.07471207
-0.17915989
-1.68182735
-0.31404058
1.23765794
0.34080047
0.14687084
-0.36845975
-0.31536927
0.16908707
-0.40955659
-0.08666613
-0.46863687
-0.60715686
0.15050360
0.16106173
-0.24014328
-0.26854653
0.49552668
-0.19616911
-0.10793924
0.37261481
0.15911904
0.19668437
-0.11682928
0.63912706
0.23244706
-0.62904289
-0.52428470
0.12159057
-0.29284299
-0.73765265
-0.57407411
0.02469441
0.39840040
-0.03476213
-0.56563151
-0.19133130
0.57659054
-0.02648709
0.71587114
-0.38542477
-0.02430859
0.05546478
0.18096532
0.16175062
-0.61529122
0.33508432
0.43255678
-0.52704057
-0.32166669
-0.32759494
1.04904827
-0.02953881
-0.14792170
0.31320116
-0.08868631
-0.11767699
0.77999836
0.73086573
0.11728273
-0.40930309
0.73264110
0.37469232
-0.26156799
-0.30134725
0.11842608
-0.06798321
0.24826022
-0.48456946
-0.10238197
-0.52008836
-0.65286798
0.26889153
0.26916596
-0.72704759
0.24611308
-0.03395594
-0.37423374
-0.37672194
-0.14782364
0.32437097
0.36902674
-0.10572195
0.43889800
0.20495358
-0.47026342
0.36626090
-0.00561894
-0.27663217
-0.27338152
0.15897833
0.10568758
-0.15321900
-0.34484029
-0.61592305
0.35123348
-0.44774100
-0.10922460
0.65146818
-0.01272782
0.17115938
-0.27457424
0.04137091
-0.21969858
-0.20478958
0.16652525
0.27732924
-0.29799075
0.43148362
-0.79802398
-0.37749640
-0.32424353
-0.76653137
-0.21357417
0.41656770
-0.15217574
-0.50379300
0.49284132
0.69735196
0.00299763
1.04849836
-0.44656244
-0.05313408
-0.08721229
0.07288335
-0.56876425
0.55788514
0.16858083
1.21639959
-0.01338687
0.12803922
-0.37806748
0.40567260
0.19254745
-0.42630797
-0.19275274
-0.78176295
0.39299662
0.50738967
0.65710651
-0.36555803
0.61486185
-0.63449354
-0.56332193
-0.09560549
0.06046652
-0.42411107
0.22810484
-0.49467693
-0.41768871
-0.06326846
1.12575362
-0.25242671
-0.32957859
0.00957398
-0.54472879
-0.11920094
0.10714948
-0.34667411
-0.10089969
0.63963690
0.77769580
-0.19217595
-0.81886592
-0.01363733
-0.23767925
-0.86931983
-0.51084012
-1.03562007
0.18533978
1.23530143
0.23326663
-0.13866302
-0.07691729
-0.08784942
-0.00201687
0.11929730
0.04739600
0.61546734
-0.07553149
-0.91780206
0.43341235
0.04818497
-1.32003289
0.87778780
-0.02345656
-0.55888971
0.49897930
0.00504636
0.39564944
0.00518022
-0.27762110
0.31966865
0.72538039
-0.16581105
-0.17237458
-0.05788155
0.83953898
0.13813428
0.00894808
-0.36508745
0.18137785
-0.52787025
0.06700231
-0.50744232
0.24172220
0.01165453
-0.02691800
0.32029618
0.16573993
0.12601425
-0.33984142
-0.56861669
-0.55719598
-0.48363011
0.29677811
0.01115658
0.23921659
0.51445443
-0.07751445
-0.51415803
0.14544492
0.17041202
-0.14791724
0.35596447
0.62119978
0.28890190
0.22061617
0.40297923
-0.33564204
0.47091839
-0.21339925
-0.17380983
0.41098092
0.98454750
-0.19240604
-0.47860329
-0.13238456
0.14008289
-0.24831384
0.73235009
-0.35826075
-0.39079161
0.16282481
0.25911512
0.40803009
0.52697123
0.31508687
0.05025150
0.29226034
-0.34271762
-0.72648811
-0.31631757
-0.89251766
0.37774861
-1.18443874
0.44831302
-0.25107237
0.83110024
-0.61126471
0.89808854
0.22500866
0.89597696
0.27994931
-0.80063231
0.23341483
0.19863850
0.07838510
-0.09898123
-0.28708644
0.47679106
-0.27984942
0.42731867
-0.07595385
-0.24715275
0.26495213
0.32485176
-0.04513277
0.08859481
0.89811378
-0.24715183
-0.32098760
0.43598159
0.05414491
0.56596445
0.17134377
0.01604299
-0.67095396
1.01467425
0.14824518
-0.66386594
-0.74712202
-0.23948405
-0.69525152
-0.00511112
-0.30039649
0.59646873
0.19838132
-0.34282717
-0.39962567
-0.27702739
0.25036485
0.20751603
-0.56817025
0.22817046
-0.17614540
-0.07935543
-0.48167442
-0.88522347
0.46768053
-0.12400542
-0.00036829
0.11102717
-0.18535237
-0.34343151
-0.27570953
-0.03148631
-0.37464246
0.63892272
0.09394831
0.00048149
-0.78692589
-0.34260630
-0.10848419
0.94431203
-0.50814216
-1.12973983
0.04976799
-0.52578981
0.02004718
1.51179944
1.08315598
0.11141529
-0.71238674
0.01402841
1.33896162
0.46475816
0.20332464
-0.21649334
0.23641637
0.29146983
0.06789392
0.14796689
0.55434224
-0.67050562
-0.52137390
-0.22819000
0.05175788
-0.46114201
-0.73052470
-0.28414796
-0.89517719
-1.67030753
-0.79825319
-0.88629054
-1.15929483
-1.14293838
-0.66524000
-1.11244320
-0.52660818
-0.89088365
-2.13739616
-0.82805221
-1.03671429
-0.98082298
-0.62850095
-1.34798466
0.01864366
0.48091137
0.76422580
0.14541304
0.85900173
1.76306615
1.63303569
1.55899046
1.24459141
0.92236829
1.40479813
1.24411101
1.49239239
1.15809377
1.58642341
1.37086632
1.45230826
1.89471110
1.03953568
1.44645135
0.62934450
0.70074075
0.72468503
0.25856590
-0.46395153
0.21019919
0.27083806
0.04875440
-0.12186433
-1.12832566
-2.08007877
-1.00679710
-1.25392419
-1.78630696
0.01823495
-0.72018218
-0.01101184
-0.25237731
-1.24416461
-1.35630791
-1.20585898
0.14562881
0.24670893
-0.00457756
0.37511691
-0.50365485
-0.04691575
0.71073321
-0.14627539
0.01428760
-0.33108102
-0.12857646
-0.26154279
-0.08919143
0.03978852
0.14266955
-0.41667818
0.66532710
-0.55383690
0.12533855
-0.26419841
0.63033171
0.04314117
-0.27670736
0.09483657
-0.55437916
-0.07981327
0.07563995
-0.24973518
-0.15497084
0.37252705
0.27074876
0.06232056
-0.32709093
-0.01646859
-0.17706856
1.05008908
-0.09460477
0.40023591
0.73607564
0.56706281
-0.90279518
-0.53856694
-0.70385739
0.33071259
-0.55468523
-0.08992651
-0.06007088
-0.04669130
-0.45825486
-0.35431319
-0.19744987
-0.49824853
-0.76556387
-0.45845629
-0.75502018
0.09951195
-0.07672591
0.60038646
0.36607381
0.27007177
-0.76262968
0.29754618
-0.27512229
0.48300857
0.39592057
0.11313370
0.15180484
-0.31896764
-0.27851688
-1.18350050
-0.07094828
-0.20809341
0.75137811
-1.13092286
0.00634890
-0.10216014
-0.75332052
0.38261749
0.22420181
0.18431449
0.06472565
-0.32264349
0.47378835
0.03416368
0.12970452
-0.44546472
0.00178551
0.16424390
0.35127227
0.49923182
0.42239139
-0.11233194
-0.40285640
0.01622798
0.30763063
0.62688497
0.46126472
-0.52771221
-0.61673362
0.03474010
0.07020970
-0.01966238
0.05696683
-0.40375984
-0.73461734
-1.22472196
-0.98460189
-0.09125611
-0.08707855
0.39846116
-0.37948587
0.24343750
0.28493506
0.08378834
-0.65175138
-0.33364489
-0.06566874
1.18113934
-1.04823471
0.88593148
0.02907288
0.15362736
0.47615209
-0.52085351
-0.44720164
-0.57872106
0.23040377
-0.27079083
-0.73191432
0.70386921
-0.41436946
-0.14304415
-0.04560130
-0.47956201
-0.13755016
-0.38989629
0.45700906
0.50807520
-0.25245344
-0.38704972
-0.52677716
-0.13789459
0.64524673
0.09099979
0.90265418
0.16956935
-0.98966363
1.12654059
0.03134349
-0.07762031
0.47503324
-0.22962128
0.14731732
-0.16773237
-0.64969893
0.35720455
-0.11630719
-0.32094672
0.87806839
0.30568126
0.09305857
0.85175506
0.95361107
0.11671362
-0.19567268
0.24618412
0.25880538
-0.21334809
-1.11394147
-0.77897414
-0.29539258
-1.37779738
0.20517861
0.27221307
0.02515556
-0.08015525
0.62867524
-0.13404656
0.48135568
-0.77788188
-0.46287642
-0.36044295
-0.81672767
0.28722086
0.89583509
0.49151737
-0.29766698
-0.10505702
-0.03641185
-0.45615639
0.35180301
-0.08940930
0.28645267
-0.32576997
-0.48668629
0.33558748
0.51242952
-0.05436927
0.09400857
0.26327613
-0.15931626
-0.58913859
0.12977017
-0.05171295
0.65666058
-0.53168447
-0.18845585
0.60870759
-0.39813874
-0.31963322
-0.62614634
-0.12017745
-0.42909645
-0.08160064
-0.14588881
0.16012974
0.07476176
-0.09649019
-0.48102854
0.33811782
0.25955949
-0.07075539
0.01986397
0.02444015
-0.75756987
-0.09835468
0.31096635
-0.41477825
0.66521333
0.04083235
-0.77817283
0.33122759
-0.05859303
-0.28616616
-0.56827699
-0.54877204
-0.23286151
0.46225751
0.13879283
0.70302179
-1.10603672
0.18891520
-0.38802650
-0.02954596
-0.13031842
-0.24293687
-0.11584081
0.10020989
0.16243097
-0.37662589
0.18633759
-0.73258554
0.07051604
-0.39112172
-0.00331895
-0.12953069
-1.28277620
0.40935448
-0.38797277
-0.06152976
-0.03823842
0.33491876
0.23696658
0.06229451
-0.25082077
0.96828910
-0.60663317
-0.35158264
-0.97782695
0.42954377
0.24229445
-0.07485507
0.06358263
-1.27718876
-0.41759558
0.74849976
0.52374426
0.63330145
-0.62376831
0.39231386
0.26808993
0.30802671
-0.24375007
0.06512666
0.16828419
-0.26172517
1.18052725
-0.27089753
-0.00302788
0.47504132
-0.04143212
-0.32434250
0.37326956
0.17666694
0.16364694
-0.05820734
-0.79096992
0.00192591
0.33203701
0.63433340
0.37656530
0.56783889
-0.92091028
0.31542252
0.37160936
0.94476586
0.54042483
0.47898411
0.74190820
-0.49308134
-0.23545728
-0.33366468
-0.37784261
0.19555084
-0.31881387
-0.12472748
0.02293910
-0.05580825
0.35773391
0.50464763
0.22965263
0.35438472
0.03183487
-0.35084511
0.36495489
-1.03705941
0.74644453
0.61718474
-0.05569367
0.27517628
-0.21797614
0.03545660
0.68937991
0.07886010
-0.01841319
-0.29825989
0.15609138
-0.76590416
-0.28857213
0.25063410
0.17031873
0.34913022
0.17690816
-0.58872462
-0.27403777
0.23898267
-0.63067075
0.25075008
0.19037012
0.10344046
-0.25553817
0.03295220
-0.09802704
-0.49661231
0.65034088
-0.87212942
-0.11832368
0.11855754
0.02181948
0.25497835
1.47729155
-0.42147818
-0.24077447
1.39789141
0.54969791
0.40038150
-0.43583257
-0.36609188
-0.06226606
0.31081595
-1.96136547
-0.14482882
-0.39396327
-0.19704879
-0.41391110
0.69003240
-0.75622123
-0.13605427
0.14160895
-0.06763554
0.53314323
0.33821530
1.04240984
-0.22772757
-0.60040727
0.01268721
-0.89263491
-0.14027201
0.68794987
0.10570160
-0.08762831
0.63450864
-0.10367809
0.82127476
-0.33067307
0.41534824
-0.68054628
0.64183463
-0.46440047
-0.65613228
-0.32259247
-0.35754524
-0.14026504
-0.92969510
-0.07637130
-0.45487976
-0.23209295
-0.26468558
0.51085609
-0.27285921
-0.37363837
-0.37936124
-0.47432270
-0.22084410
0.11689061
0.51993147
-0.13525535
0.94649409
-0.25252305
0.57142538
0.51963524
-0.63178048
0.72782547
-0.49990204
-0.51452634
-0.01668588
0.35666238
-0.03874173
0.41818651
-0.32233009
-0.46167761
0.55684357
0.99066882
0.67173908
-0.49521548
0.05645596
0.25940109
-0.34737633
0.09498738
-0.12716398
-0.68300208
1.23267219
0.46879367
0.10532989
0.18514958
-0.87851915
-0.13138761
0.95759723
0.29184935
-0.74890611
-0.98627271
-0.17962559
-0.23473085
-0.51971879
0.31002105
-0.20287273
0.09203416
-0.64207316
-0.21539044
0.15013217
0.42972764
0.25630120
0.34149732
-0.63681151
0.15676851
-0.47519214
-0.25734667
0.12279643
0.16020114
0.54947779
0.64695361
0.79000832
0.29378197
-0.34858746
-0.34403735
0.40221031
-0.32926852
-0.24974005
-0.14241087
-0.46090135
0.95959049
0.91435402
-0.75273637
-0.24063708
-0.05364262
1.19731341
-0.08710973
-0.38925852
-0.15947958
-0.11801339
0.09523559
-1.07445945
-0.07822461
0.07050402
0.17647348
0.38215465
-0.21070813
-0.17069754
-0.78733275
-0.54400794
0.56339788
0.57703291
0.08152327
0.41489797
-0.69856655
-0.48234710
0.21674060
0.37287275
-0.15943755
-0.02890591
-0.73661069
-0.19624004
-0.30719097
-0.11520616
1.00057602
-0.22629022
0.30525121
0.80673348
-0.17188639
0.66683518
-0.18731787
0.01869304
1.02564498
0.14872680
-0.14734517
-0.20200783
0.10195336
0.58053838
-0.34982323
0.18320455
-0.32922994
0.79356977
0.72984930
-0.09451616
0.06201338
-0.35050152
0.81501618
0.13276352
0.16862662
-0.38984304
-0.99850665
0.56532471
-0.72573880
-0.19197444
-0.41255783
-0.33910963
0.97233429
-0.14927921
-0.12876750
-0.72613798
0.22039325
-0.39950097
-1.05229698
-0.53179693
0.67026507
0.02378319
-0.54331376
0.93536445
0.34198335
-0.47126249
0.58650150
-0.39934416
0.83935104
-0.25643709
-0.47107539
1.09302637
0.82682877
-0.01596437
-0.15548707
-0.18367252
0.22725335
-0.25019897
-0.36248904
0.00005269
-0.09328488
-0.05057088
0.61366690
0.49636346
-0.56047609
0.23055563
-0.13782434
-0.05179500
0.33397897
-1.34050803
0.32375728
-0.49396935
0.05253962
-0.31417111
0.18778016
-1.14925387
0.33892974
0.53694459
-0.18857847
-0.43656432
-0.69782458
-0.14990343
-0.58666501
-0.42062653
-1.37842811
1.22653219
1.00634116
-0.05933943
-0.07260260
0.80843277
-0.03046592
0.30649506
1.70443954
-1.02616252
-0.81086578
-0.32746748
0.78814282
-0.19114987
-0.09093234
0.14438502
0.42158289
0.58143645
0.21171616
-0.82007817
0.09906006
0.60833973
0.50666971
0.74594469
0.42149609
-0.68166929
-0.10485553
-0.15039290
-0.72126639
-0.43608219
-0.36610380
1.03454379
-1.05436008
-0.57037764
-0.36470604
-0.32171996
0.00348705
0.20794559
0.67025715
-0.42680754
0.66120997
0.07960004
0.27339740
-0.26412945
-0.00154984
1.31255812
0.83984701
-0.26109849
-0.45563839
0.05678500
0.34917570
0.03123731
-0.51125244
0.02438369
0.44661651
0.12166548
-0.46420764
0.02298363
-0.21720170
-0.35029370
0.56802480
-0.31666353
0.70306025
0.18241244
0.26389264
0.13241127
-0.17036203
0.59102766
-0.31488479
-0.33348953
0.44385864
1.12097085
0.39818241
0.09993645
0.16585823
0.67354062
-0.39043334
-0.59679563
-0.16415933
0.68958470
-0.23329414
0.19381795
-0.03603642
-0.12955519
-0.47507959
-0.00007664
0.06689306
-0.57854994
-0.14257088
-0.01963910
-0.43142712
-0.64005855
-0.67343038
0.04800960
0.86229423
0.48428996
-0.64833171
0.64954599
0.32078923
0.62588771
-0.44212493
0.68393742
-0.20367752
0.56748396
0.45960154
0.77233925
0.91299171
-0.99641177
0.19987535
-0.95080849
-0.44585685
-0.26843616
-0.51085847
-0.33235980
0.49398511
0.55340884
0.25902818
0.70148402
-0.05592255
-0.54108101
-0.62747485
-0.08159813
-0.37320186
-0.13428949
-0.11016690
0.21389687
0.37412724
-0.08765499
-0.28311870
0.13833905
-0.34391685
0.37036041
0.06051835
0.21799033
-0.30818215
0.01824184
-0.37025394
0.05059497
-0.51136789
0.03355154
0.48224815
-0.21637357
0.95902288
-0.07579675
0.02362611
0.25433480
0.06791491
-0.42579123
-0.38487749
-0.25854471
-0.17673931
0.37864543
-0.21018033
0.39318796
-0.23869534
1.32917898
0.63544332
-0.02232540
0.48960448
0.43065056
0.09828727
0.33537911
-0.18343995
-0.80528129
0.72554436
-0.01723664
0.13603509
0.18740240
0.42576203
-0.12279180
0.67691985
0.42718733
-0.86044871
0.42043705
-0.43224162
0.36023362
0.34517288
-0.31631752
-0.56574418
0.20054504
-0.40678061
-0.08987354
0.69613978
-0.25562980
-0.37329741
0.34949934
0.19069504
0.38025088
-0.03430705
-0.07507286
0.38697270
-0.08498461
-0.19921868
0.04627507
0.35833289
0.48251848
-0.16172852
-0.05548436
0.98555406
0.30080111
0.19020967
0.02752599
0.49766802
0.31109780
-0.33082399
0.56347939
0.02293138
-0.08166581
0.30912092
-0.75076513
0.22331917
0.77052811
-0.56309588
1.29962511
-0.37363432
0.02522602
0.13814379
-0.29657197
-0.44760861
0.01053004
0.33188646
0.34693110
-0.02392180
-0.77077465
-0.10437328
0.26511763
0.45634647
0.27474761
0.17994135
-0.29929388
-0.17714066
-0.41332776
0.56085919
0.06524445
0.23180080
-0.24680046
-0.92221670
0.31197286
0.18474388
-0.20894675
-0.20469733
-0.98213555
-0.39526713
0.73605986
0.09586196
-0.70502449
0.01078899
-0.69295452
-0.50589234
0.42633273
0.16777936
-0.27877419
-0.18194385
-0.50676462
-0.59517854
-0.31207750
-0.60021909
0.32490577
0.80364445
0.08849384
0.04441479
0.06931935
-0.23514553
-0.46237619
-0.26345319
-0.44558081
-0.10421311
-0.89159383
-0.68137155
-0.07435616
0.36735348
0.12615167
0.54907661
0.20774730
-0.67651996
0.61023365
0.21773144
-0.49225527
-0.49401606
0.04722723
-0.08095966
-0.40111292
0.03820399
-0.19595944
0.44533076
0.32818670
0.22500623
0.15885396
0.61484700
0.57638796
-1.08277142
0.49244263
0.29376315
1.24115008
0.27197954
0.90838065
0.20085470
0.33118442
-1.03035144
-0.68710156
-0.58146472
0.99075459
-0.13526060
-0.67891499
-0.00999046
0.03189997
0.51024144
0.68985115
-0.00428193
0.16374411
-0.94518159
0.09302017
-0.11763959
-0.18813520
0.40414243
-0.08335170
-0.24344122
-0.35169493
0.81284099
-0.10245979
-0.03394675
-0.66309939
0.56859854
-1.20672446
-0.71788875
0.11082907
-0.05078147
1.04473455
0.07385266
0.83346414
-0.05396807
0.70153196
0.44606737
-0.06745000
-0.56974280
0.34211485
0.06496514
-0.01903008
0.17056862
0.14579092
0.08889133
0.17787687
-0.18134041
-0.12664148
0.04504626
0.20537987
-0.79314311
0.10592617
0.81275545
0.26008303
0.60016099
0.44414584
-0.37305750
0.61096783
-0.20914184
-1.05093461
0.43992062
0.03077703
-0.38750169
-0.23178214
-0.24055064
0.48537171
0.11898690
0.11508730
0.18005401
0.88340653
-0.46050109
-1.02800323
-0.23780050
-0.29270718
-0.13992403
0.22910654
0.93693681
0.25709591
0.33816954
-0.43221548
-0.05886671
0.46108289
-0.22132294
-0.48475153
0.14104000
-0.06488229
0.32652458
-0.18314778
-0.78446481
0.82558253
0.11961709
0.17152214
-0.46451614
-0.94056547
0.09800361
-0.19086601
-0.66637793
0.54920081
-0.26781719
0.11903192
-0.67018526
-0.26522548
-1.19515128
-0.33275255
-0.19642972
-0.01937141
0.01263789
-0.57234222
0.28074356
0.18467311
0.26610958
0.37798402
-0.45447884
0.16563795
0.66513639
-0.52062252
-0.33801453
-0.00570816
0.26636632
0.14674020
0.06580749
0.21347879
-0.01751598
0.24949081
0.61375195
-1.26458436
0.35714554
-0.49558300
-0.24595735
0.13054080
-0.95031282
0.07521824
0.08038479
0.63067710
-0.33201401
-0.06318983
-0.34776194
0.84102215
0.12491369
0.21145822
0.08842082
0.18954571
-0.07088295
-0.44766663
0.23244546
0.13401996
-1.12069869
0.38170985
-0.03838003
-0.79519982
-0.56842427
-0.52586235
-0.16461639
0.70192902
0.60946035
0.23634683
1.28712256
0.41957910
-0.47464149
0.10979799
0.56953880
-0.18429166
1.27695955
-1.01276500
0.79109393
-0.31204834
-0.14432646
-0.55352888
-0.41879579
-0.12480784
0.58788840
0.61381137
0.45537560
-0.97488675
-0.85699808
0.41685399
-0.64506578
-0.19107462
0.47009208
0.52286937
-0.02185336
-0.09514692
-0.58390243
-0.54511976
0.38038492
0.17419034
-0.34062502
0.01582951
-0.03831493
0.36832443
0.09306117
0.07220374
0.00944641
0.37863839
0.13066565
-0.53630218
0.59675603
0.45727284
-0.56888217
0.14589260
-0.16137734
-0.11912253
0.16427991
0.29678861
0.18359194
0.72714348
-0.02738079
-0.33877221
0.29690199
-0.06114381
-0.41862822
0.17674573
0.17191503
-0.37518516
-0.16425892
-0.63804376
0.27871119
0.68590686
-0.29471877
0.63198863
0.39214022
-0.49723097
0.72680579
-0.49846210
-0.15524782
0.10701157
-0.13661544
-0.14144120
0.15860188
-0.77405382
0.66639174
-0.02127505
0.60338360
0.57403486
-0.95982611
-0.93673371
0.12098490
-0.68048285
-0.69777944
-0.57476853
0.36954185
0.55448629
0.48788085
1.10541895
0.19877168
0.69533931
-0.38240308
0.79553622
0.17783290
0.72974528
-0.49152782
0.13279600
0.53509893
-0.70201957
0.16040290
0.08932651
-0.09061790
-0.22377626
0.14615271
0.39506131
-0.93150406
0.55702855
0.44032988
-0.89206738
-0.21183492
-0.57849547
-0.22008426
0.34558577
-0.84243808
0.70270714
0.83515352
0.18770674
-0.32173400
0.08771803
0.47696790
-0.31444469
-0.57458114
0.75468891
0.51856437
-0.37935002
-0.06240210
0.27959403
-0.06852808
-0.28008514
-0.17081206
0.09552795
-0.52540070
-0.07562160
-0.11378594
-0.14887019
-0.04213948
-0.73125696
0.49704717
-0.23195708
-0.43382520
-0.38678650
-0.47855059
0.77127202
-0.75825731
-0.42773024
-0.35374381
0.22306015
0.85864821
-0.55175312
0.27847249
0.84359024
-0.61834847
0.30716467
-0.34608291
0.48873904
0.50106976
-0.02147316
0.13219763
-0.35478260
0.10110603
0.56541707
-0.69066208
0.38436540
0.41964537
-0.26858888
-0.46066318
0.10889996
-0.10089257
-1.10187363
0.04420770
0.49212390
0.08929656
0.22226849
-0.40206522
-0.51921371
0.30726466
-0.85282270
-0.52988619
-0.47042077
0.23323769
0.18764528
0.35087048
-0.16187010
-0.03633667
0.69362390
0.56469590
-1.04672968
0.13248124
0.73878823
-0.95273442
0.57146779
-0.26150850
0.10590204
-0.56471661
-0.05267511
0.50263513
-0.30995608
-0.57393968
-1.06208185
-0.62040179
0.01637016
-0.43306899
-0.00494030
0.00286271
-0.08338716
1.62628607
0.13612338
0.40611982
-0.27720569
0.37313008
0.51723773
0.27718901
-0.33337545
0.02557548
0.26023618
-0.32272348
-0.01252153
-0.51671597
-0.21624297
-0.73831037
0.45946154
-0.61041937
0.12679745
-0.26525023
0.35759036
-0.29775380
-0.52707713
-0.39404993
-0.06268064
-0.68449974
0.84687053
-0.81635632
0.33627460
-0.28535265
0.19710898
-0.54027039
-0.38260385
-0.49144216
0.49489026
-0.51386311
-1.14650938
-0.45316636
0.60497169
