0.21494477
0.23715828
-0.05496377
0.34705258
0.22818666
0.52368599
-0.38168219
0.02744367
0.02212004
0.18365515
-0.29952104
0.27903102
0.00900513
-0.05057402
0.03087630
-0.19832517
-0.40454170
0.23463085
0.26981201
-0.24388819
0.21322812
-0.05267726
0.02664422
0.26013925
0.16809201
-0.07046163
-0.07899008
0.09651420
-0.15512638
0.04150899
-0.06625560
-0.28767068
0.09788022
-0.21753978
-0.25155292
0.16474863
-0.23549381
-0.14735693
0.18219423
0.06759182
-0.05970457
0.27729678
0.28792741
-0.00945068
0.05356865
0.09445848
-0.08989544
0.29417620
-0.02020303
-0.02326238
0.20818171
0.12501360
-0.09192262
0.19922566
-0.14892259
-0.08722017
-0.16375194
0.04681410
0.05142557
0.19184486
0.34866770
0.24729684
-0.25112897
0.01284592
0.05992408
-0.24490759
0.09072428
-0.15740208
0.00653631
0.27018652
0.06523050
0.13077829
-0.25527875
-0.12655638
0.05379696
-0.08513534
0.01036799
0.07125462
0.20527852
-0.02095290
-0.24853720
-0.02313082
-0.29341310
0.24759444
0.02278840
-0.51072708
0.06025722
-0.25640040
0.18165156
0.05414482
-0.00254189
0.23842295
0.25812485
0.06157632
-0.13781489
0.16019012
0.02654158
0.03604346
0.17512308
-0.12681916
0.21828315
0.26174338
-0.65380706
-0.15729236
0.61964443
-0.14089594
-0.13800743
-0.33390279
0.08038795
-0.03765847
-0.35111254
-0.28455914
0.05201257
-0.07553232
0.23708843
0.14514087
-0.09717234
-0.01188483
-0.10410786
-0.21805704
0.17439124
0.21327620
0.26321306
0.00378963
0.04872539
0.00902667
-0.16488307
0.24957498
-0.14573236
-0.18220672
0.09438940
0.27381453
-0.28419723
0.11294847
-0.04242452
0.25158110
-0.30706780
-0.10573187
0.14656086
-0.31465629
0.18418371
-0.14961641
-0.15978225
0.17227402
-0.23326655
0.17375730
0.11523240
0.07040254
-0.19914902
-0.11936005
-0.21615923
0.05235276
0.02618463
-0.10482494
-0.05357620
-0.29836596
-0.10881577
0.11377949
-0.34692855
0.36159680
-0.20104407
-0.15917335
0.16882159
0.18667556
-0.14989711
0.06195499
-0.19556062
-0.03504476
-0.13723426
0.32292460
0.02887044
0.17380606
0.23166969
0.22205488
-0.11181957
0.09672815
0.03710297
-0.15741020
0.14183287
-0.16849301
-0.34461497
0.11594390
-0.17952892
-0.06372966
-0.36586149
-0.24029412
0.25894959
-0.13200570
-0.01055049
-0.26945532
0.02557542
0.55425053
-0.04039805
0.02294923
0.18296028
0.02362966
0.00787662
0.06359997
0.13581066
-0.12560371
0.22546799
-0.24899947
0.13116011
-0.17106899
0.13745533
-0.23812514
-0.05378472
0.37303219
-0.05848936
-0.13761620
-0.03798502
0.34720352
0.09485691
-0.00773776
0.36777327
-0.38316436
0.38403141
-0.11725648
-0.20784260
0.08070691
0.29846342
-0.18473635
-0.14349911
-0.23259941
-0.00420937
0.09515548
-0.10465855
-0.17023193
-0.01716612
0.01478410
-0.02854197
0.18241369
0.08728397
-0.04257736
0.15759416
-0.17757385
-0.06728032
-0.31679801
-0.10090231
-0.23412613
-0.22917157
-0.11913874
-0.27754240
0.11623214
0.15301726
0.12079313
0.09935779
0.41168421
-0.04028485
0.21917263
0.29720316
-0.09443569
-0.03415154
0.09013443
0.01991919
-0.11949131
0.03181539
-0.25477058
-0.48725082
0.03385361
0.17987687
-0.10986336
0.01495818
0.02182930
-0.05184490
-0.23786094
0.31273372
-0.01795089
0.12154773
-0.10549248
0.22520668
-0.25052968
0.14854097
0.14428237
-0.08603459
-0.04998375
-0.18710369
0.15041451
-0.06693329
0.17259788
0.42825816
-0.27180799
0.27909932
0.27275592
0.25207799
-0.25183807
0.14506736
-0.09038020
-0.35348850
0.19045057
-0.09588270
0.06790459
-0.08316761
0.16636776
0.31481113
0.07996440
-0.14430252
0.27503054
-0.26362262
-0.17744041
-0.09320150
0.20195961
-0.22939475
-0.09770961
0.19026637
0.05023215
-0.28351249
-0.25699566
0.14041245
-0.23541218
-0.18277849
-0.12974148
0.07473743
-0.15730859
0.00795933
0.48795702
0.46187481
0.16738390
-0.10791152
0.37183531
-0.17369422
-0.16046486
0.39158049
0.12216539
-0.00756677
0.02535368
0.28206914
0.14002168
-0.10162120
0.67132690
-0.04055140
-0.00344489
0.48669346
0.32671434
-0.03651449
-0.11639425
-0.01662864
0.09396819
-0.37042350
-0.03712159
0.04542962
0.32584276
-0.38781210
0.12707891
0.19660239
-0.11434960
-0.09025129
-0.11806023
-0.00619248
0.18192162
0.00563950
-0.13161461
0.04578889
-0.10507101
0.36442635
-0.05850609
0.18515762
0.15251045
0.07663941
0.13501862
0.00023943
0.06000045
0.04589339
0.16009719
-0.04625849
-0.20293975
0.28858924
-0.10070211
-0.70284699
-0.16459905
0.07160698
-0.02164712
0.23876031
0.03725309
-0.03427240
0.18889958
-0.03820741
-0.18142333
0.14117027
-0.22015602
-0.16897463
0.19047766
0.17585623
0.05741089
0.02070833
-0.20771486
0.02594533
0.00909949
0.30440729
0.41904866
-0.05283313
0.03681990
0.00867400
-0.08853081
0.45694998
0.02239313
0.00634829
-0.12694439
-0.05253131
-0.00352691
-0.25130330
-0.04234644
-0.26798605
-0.16864722
0.33883878
0.05797134
0.09568415
-0.14607749
-0.11893993
-0.15736632
-0.05750756
0.12961077
0.22376348
0.12728886
0.05924009
-0.17399430
-0.07068293
0.44399011
-0.00182249
0.09160539
0.07088538
0.36602835
0.22654396
-0.07273917
0.22115671
-0.54564032
0.03390356
-0.17675866
-0.18423101
-0.16458809
-0.16128497
-0.10192514
0.08277118
0.13411151
0.19080209
-0.04013530
0.26729657
-0.32012120
0.09557697
-0.02487824
-0.00609401
0.26748846
-0.26726929
0.08310949
0.10377109
0.46998639
-0.14240357
0.24283230
-0.05664447
0.22115436
0.11624843
0.03947721
-0.24479858
0.18701000
0.19323640
0.05091507
0.09415593
-0.11318827
0.08222055
-0.26225298
0.28077685
-0.18328207
-0.10174362
-0.10330404
0.19796066
-0.08942852
-0.20396320
-0.41483191
-0.25361294
-0.05031853
-0.00153483
-0.10679899
0.00412764
-0.24027918
0.16544488
0.25232468
0.04703778
0.29421452
-0.20428757
-0.11091463
0.09011726
-0.12469786
-0.12774384
0.10532888
0.05056859
0.21449228
-0.01057295
-0.17691277
0.18538777
-0.16089851
-0.01949145
-0.09692448
0.12145214
0.09199518
0.12648024
0.04144353
0.38496166
0.28718531
-0.38569136
-0.20914651
0.02035434
-0.03142923
0.10352265
-0.06419791
0.17649879
0.23846135
0.10003520
0.02354082
0.01054964
0.47466160
-0.20671499
0.16810307
0.07931076
-0.02620070
-0.12546097
-0.43704578
0.07777315
0.39630763
0.29157270
0.21027409
-0.10994255
-0.00536140
-0.18083940
-0.01543523
0.08497870
0.12780360
-0.10993934
0.19336151
-0.15778617
0.34190923
0.10047550
0.04086808
-0.17676202
-0.15666815
0.20252843
0.11533498
-0.20569160
-0.19204636
0.39529245
0.10563221
0.11038484
-0.04418140
0.21272718
-0.26933678
0.22882336
-0.07285091
-0.17297889
0.26186474
0.12129968
0.10370674
0.00664961
-0.29897937
-0.08329963
0.06995876
-0.13352901
0.24311319
0.10480622
0.59966379
-0.15363132
0.06012410
-0.17713067
0.22357102
-0.28079779
0.12879959
0.12405823
-0.22152060
-0.31049342
-0.24242439
-0.02254510
-0.16085840
-0.09202067
0.13363185
-0.01135013
-0.08503463
0.12676356
0.14842622
-0.03347378
-0.12841820
-0.14473021
-0.19313919
0.05033141
-0.26675262
0.03298136
0.22115419
0.14381560
0.20859231
-0.03671121
0.05041829
-0.02631303
0.05955560
0.22326522
-0.23601378
-0.08256583
-0.16781339
0.33992379
0.43280826
0.36726296
-0.18838669
-0.07060277
-0.11963109
-0.24101586
-0.33282350
-0.00880436
-0.17077288
-0.18183339
0.03311925
0.09032590
0.02968230
-0.11190029
-0.01933363
-0.12079799
0.04891784
-0.20452003
-0.02692174
0.05372623
0.07243512
0.11749645
0.15834667
-0.23275265
0.18721984
-0.23042145
-0.15937218
0.56380003
0.01934907
0.21158561
0.22868466
0.06806715
0.36433681
0.23734733
-0.26733357
-0.00002346
0.18994890
0.38051262
0.15600790
-0.00759517
0.16116206
-0.11783962
0.08530365
0.50110654
-0.22707271
0.21190801
0.02949159
0.18246002
-0.27574576
-0.14844967
0.23901128
-0.01942696
-0.22641061
0.23794570
-0.19172345
0.20834801
0.16332616
-0.25686927
-0.06136755
0.12032487
-0.13412235
0.39970732
0.10043546
0.19422329
-0.23058044
-0.11127989
-0.24290806
-0.24869148
0.12342586
-0.23217297
0.01627983
-0.07792814
-0.35078087
-0.15072364
-0.44144999
-0.18906466
-0.06336106
-0.05346483
0.22722246
-0.05988695
-0.28044461
-0.00518117
-0.03381009
-0.13022105
0.15940198
-0.02314242
0.09964392
0.24843912
-0.06035240
0.11258227
0.38491250
0.18401596
-0.21672882
0.07312286
-0.12435346
-0.25987329
0.46580075
0.12648984
-0.08988366
0.03308614
0.10563860
0.12594091
0.00826447
0.32108913
0.34952441
-0.13783506
0.36762589
0.23966314
-0.39206639
0.06350977
-0.24255925
-0.00900462
0.06578029
-0.19444122
-0.13140922
-0.08032176
0.04684125
-0.13131756
-0.18794226
-0.17402683
0.09170919
0.37932587
-0.02266629
-0.06874646
0.34068005
0.24922980
-0.27585158
0.26758940
-0.22892196
0.04833107
-0.03063642
-0.21027453
-0.18861681
0.14277947
0.04170839
0.12006129
-0.13081072
-0.16696347
-0.18363099
0.08714747
0.17178756
0.19663483
0.00455409
-0.11194469
-0.18345236
-0.08113867
0.02024700
0.19877786
0.08942511
-0.23169164
-0.06028805
0.01804372
0.19097635
0.08296483
-0.46094513
-0.01673763
0.17659125
-0.11924102
-0.12504567
-0.01125926
0.00873051
0.22411585
-0.08698084
-0.12717178
-0.11406654
-0.17568003
0.18620140
-0.43117204
-0.26647824
0.01860797
-0.06941540
-0.09783252
-0.28865541
0.06360284
-0.41516038
0.17115763
0.12338934
0.16821267
-0.19195316
-0.06366088
-0.03592049
-0.10792420
-0.31566206
-0.04636325
0.01837534
-0.01048360
-0.61488563
0.11728287
-0.52966019
0.27823117
0.44653591
0.04666736
0.24354943
-0.25259717
-0.00245418
-0.26792564
-0.13969364
0.19834755
-0.22622910
-0.06289176
-0.03867410
0.43077636
-0.38536470
-0.12184583
-0.12265742
0.11239860
-0.03740007
-0.00018284
-0.17382540
0.20729257
-0.18369826
0.17708480
0.36229918
-0.04207324
0.18864182
-0.18113027
0.19451787
0.20701373
-0.09441641
-0.29184526
-0.06488721
-0.15233141
0.22331364
-0.37116170
-0.20505229
0.33487026
0.14590548
0.24992056
-0.35850350
0.19077850
-0.13071212
-0.24134111
-0.15918163
0.13816024
0.26541652
-0.11179514
-0.17557722
0.05306831
0.22677123
0.36052818
0.17214170
-0.18029850
0.23598109
-0.01892469
0.15474050
-0.21663261
0.25544525
-0.12494856
-0.06228028
-0.14132341
-0.24337435
0.34928826
0.50327714
-0.07475939
0.12388889
0.12072881
0.08078763
0.02382690
-0.00850670
0.21445319
-0.33868225
-0.22131715
0.28474369
-0.27095034
0.35539424
0.20768531
-0.08041537
-0.03756774
0.08359319
0.07787808
0.29083996
0.37543082
0.16665833
0.40871674
-0.24396688
-0.02075265
0.09429772
0.28068193
0.04593561
0.15113823
-0.07449686
0.07234632
0.03498684
-0.14534233
0.19561198
0.02326388
-0.41133789
0.06155223
0.12915718
0.10681936
-0.12713772
-0.04507663
0.09659337
0.25946915
0.03622561
-0.06115308
-0.02567624
0.11382017
0.27589689
0.29948629
-0.16288907
-0.07084552
0.03517295
-0.35309786
-0.12124447
0.15884304
-0.28216064
-0.20703278
-0.11704461
0.04082516
0.48203382
0.13013127
0.01840223
-0.15148076
-0.14215232
-0.06870228
-0.16113555
0.31895412
0.01034452
0.08907597
-0.29890032
0.05158919
-0.10227848
-0.08781883
-0.33163253
-0.32172367
0.48666620
0.05801413
-0.05338100
-0.09163397
-0.28919237
-0.20886841
-0.11651214
-0.15874156
0.08072812
-0.17714493
0.20817863
-0.08046308
0.05270588
-0.16355700
0.11112336
-0.10140689
0.13166359
-0.12219562
-0.18005061
0.17298976
-0.21705960
0.11739791
-0.08712397
0.01748817
-0.17805040
0.20049191
0.19983040
0.13735622
-0.15733909
0.10188653
-0.35340193
-0.02918458
-0.01931415
-0.21542098
0.00984970
-0.17856787
-0.07831660
-0.16751398
-0.01281585
-0.11267345
-0.34956736
-0.09047026
-0.03816408
-0.00577184
-0.21881535
-0.11623399
0.24760995
0.15807139
0.20911099
-0.07582793
-0.05603811
0.02707727
-0.35835558
0.11976788
0.34441970
-0.05109389
0.17272169
0.12337466
0.04947160
0.00306916
0.13513309
-0.02220605
0.13330232
0.02273721
0.06348528
0.21882223
-0.07654283
-0.17263507
0.32709652
-0.24559098
-0.10809402
-0.17583946
-0.08238960
-0.10010740
0.07241637
0.09260399
-0.06395434
-0.32335182
-0.21357668
0.23924477
0.38836685
-0.16613795
-0.24533340
-0.45951848
-0.26397267
-0.16618420
0.21303314
-0.20190900
0.12548161
-0.27864312
0.04294069
0.10136555
-0.07682124
0.03160505
0.15852557
-0.31629759
-0.40650334
-0.07362829
-0.28456526
-0.10518065
0.19688169
0.16479119
0.08423009
-0.12246149
-0.08023959
0.19161152
-0.01521282
0.37436104
-0.11382467
-0.15782616
-0.13768711
0.13681033
-0.00600953
0.48429557
0.02361429
-0.28016316
-0.05471471
-0.07504657
0.23341476
-0.39818172
0.34534559
-0.10166347
-0.16123107
0.05540980
0.54959169
0.17375772
-0.10052645
-0.29128311
0.12134393
-0.18574842
-0.04856408
-0.08639460
0.22966475
-0.14554583
0.07944964
0.20788662
-0.11149522
-0.14719148
0.33469855
-0.32169361
0.38227187
0.02227028
0.14807293
-0.50196721
0.26205213
-0.08356536
0.10832349
0.02948456
-0.16280485
0.02761394
0.35905504
-0.08910362
0.08997302
-0.04289376
0.06262910
0.30548088
0.11771239
0.19808096
-0.14661283
-0.58210608
-0.03754451
-0.41228129
-0.26713932
-0.21131035
0.00233659
0.27526066
0.19504093
0.09732764
0.37124095
-0.39301557
-0.12481354
0.28576813
0.27918908
-0.08998875
0.23556565
0.04583763
-0.06410280
0.41408202
-0.31719658
0.01088105
-0.09952365
-0.09310791
0.19443026
0.05445876
0.23395635
-0.24891862
-0.17784785
-0.07267424
-0.04552706
0.22447803
-0.28809752
0.33212459
-0.17890851
0.11812139
0.12768033
0.08235477
0.17447402
0.05682936
0.08232183
0.19165433
0.40878490
0.00020587
-0.15741066
-0.28140264
-0.00298766
0.07097217
-0.10495735
-0.11726569
0.40430653
-0.00287002
-0.22377163
-0.32018887
0.35465197
0.17426603
0.35292629
0.09255862
-0.29080045
-0.01159850
0.08145222
-0.01974426
-0.10711043
0.00232683
-0.49130059
-0.13892223
-0.21797143
0.26287203
-0.01610404
-0.17636965
0.34238258
-0.19252486
0.17445734
0.17234105
-0.10350648
0.04579375
-0.20594438
0.04068078
0.06691336
-0.09080287
0.19524263
-0.17429196
-0.18939231
-0.49125197
-0.00302993
0.14538902
-0.11532358
-0.26325786
-0.18888396
-0.01290593
0.20063223
0.10729583
-0.29830820
-0.44050105
-0.03693648
0.08031570
-0.21639390
0.17566449
-0.02455628
0.02632639
0.12834129
-0.01670406
-0.22811920
-0.23025606
-0.00320063
0.13961253
0.13475903
-0.02137831
0.24658619
-0.02682897
0.37979925
0.06820792
-0.08056288
0.12241695
-0.28340904
0.39651172
0.07014577
0.31521190
0.09002936
-0.24405684
-0.01188467
-0.00211188
-0.10143093
-0.29403374
-0.09486607
0.36241605
-0.15605953
-0.10440322
-0.41450291
-0.01023139
0.09063234
-0.06904777
0.02716429
0.19349383
0.12465587
0.18279186
-0.07332986
0.00158102
-0.00579804
-0.06122665
-0.25644461
-0.26756158
0.17644312
-0.14593396
0.18183548
-0.03130937
0.26306498
0.01861678
-0.27177499
0.17766062
-0.26133467
0.01215562
0.35476788
0.09343830
-0.27417523
-0.05539680
-0.02825723
-0.22549315
0.42808684
0.12789677
-0.23373304
0.04723389
0.14488891
-0.41218356
-0.02780864
-0.25903881
-0.24140433
0.24907419
-0.11453953
0.10374613
0.04103239
-0.01244204
0.18589514
0.25120530
-0.07828259
0.18220217
-0.12320077
-0.23874875
-0.34751433
-0.17087375
-0.26418901
-0.00303594
0.14329060
0.00938071
0.18558122
-0.38944211
0.08904238
0.02665595
0.44714253
0.22245226
-0.00904823
0.16837239
0.52548348
0.04209829
0.25878023
-0.39154080
-0.08265386
-0.15618826
0.02433282
-0.20357564
-0.20067230
-0.22259805
-0.33784054
-0.16520418
0.20002589
-0.23726252
0.04311105
0.10698987
0.30567840
-0.18785645
-0.07640098
-0.08528058
-0.11418878
0.31269756
0.15074833
-0.48348555
0.08561973
-0.12985486
-0.07184797
-0.12701162
0.16076570
0.36314732
-0.11402650
0.17124783
0.14952699
-0.71604959
-0.03009532
-0.03316896
-0.25100631
0.10894607
0.31555307
0.07314609
0.04714228
-0.09104066
0.14031260
-0.09749579
-0.44238629
-0.17378525
-0.06172092
-0.09427976
-0.21051732
-0.11610066
-0.05603447
-0.30179885
-0.07334948
-0.27161209
0.07293387
-0.26238195
-0.16765984
-0.14725295
-0.22334702
-0.21261907
-0.35983022
-0.27999904
-0.07508216
-0.27422375
-0.35355500
0.09976440
-0.07638724
-0.14111903
-0.17740292
0.08490519
0.02585102
0.06544232
0.22137154
0.51566801
0.65704692
0.35302705
-0.24310147
0.20001636
0.39601556
0.22239651
0.34053881
0.20997021
0.24322526
0.37903260
-0.02867011
0.33647794
0.32941992
0.28909335
0.02614352
0.02767060
-0.03058361
0.02018221
-0.10189073
-0.40559136
-0.08048490
0.06950510
0.17698259
-0.07154189
-0.35302352
-0.03300521
0.08407202
-0.13021507
0.00180839
-0.66465435
-0.29982883
-0.11850048
-0.22959342
-0.06605682
-0.16619082
-0.12004133
-0.22682884
-0.41248612
0.26947693
-0.07728971
-0.14378156
0.05032236
0.15114592
-0.01599499
0.03563507
0.02348650
-0.03973730
-0.00371518
0.18720641
0.04357066
0.31206758
0.21508843
0.26545512
-0.30215078
-0.06830054
-0.07722337
0.40182380
0.28975590
0.11925405
-0.16565213
0.39173759
-0.21619761
0.35171433
-0.16539514
-0.02742769
-0.12504608
0.01034330
-0.11332548
0.11271789
-0.01976500
-0.06625789
-0.31157047
0.03163838
0.09523476
0.17391366
-0.18955740
0.17283244
-0.13913145
0.05817916
-0.14363340
0.00187913
0.02531974
-0.02606062
0.10544998
-0.17885692
-0.07950263
0.11286692
0.12576342
-0.06816402
-0.13664875
-0.12944154
-0.17349783
-0.04659642
0.05977786
-0.15507422
0.49124880
0.05416883
-0.24213754
-0.39810776
0.04336166
0.12269490
-0.25605837
-0.49488407
0.05988989
-0.03710156
0.09385262
-0.17945777
0.07051869
0.23514769
0.21608590
-0.47662132
-0.13744847
-0.04980079
-0.10717920
-0.22348921
0.00893849
0.29769931
0.07535943
-0.07353558
0.43958486
0.29660061
0.34558278
0.37893122
0.36247286
0.25107807
0.22328588
0.60384413
0.26611422
0.23145432
0.42525045
0.40241751
0.40857038
0.02534032
-0.02974957
0.14174519
-0.05966194
0.23781822
0.10883355
-0.00464441
-0.03012856
-0.30020365
-0.09611317
-0.04988176
-0.41328562
-0.42222274
-0.54502942
-0.57544096
-0.31738390
-0.33810168
-0.52988723
-0.88052207
-0.53792345
-0.75148882
-0.74010681
-0.54514532
-0.12955137
-0.13782509
-0.21993204
-0.06684519
0.08713631
-0.18825619
0.21901819
0.08943755
0.49130278
0.17783577
0.39901640
0.72115556
0.32069505
0.62491543
0.46823995
0.34893583
0.18712932
0.52853233
0.31026932
0.69893478
0.53477611
0.57831474
0.19499233
-0.02902025
0.41195717
-0.05767532
0.26067808
0.04239912
-0.17154475
0.07196451
-0.20619443
0.03871306
-0.34741574
0.07118480
0.08613355
-0.31072756
-0.17865220
-0.57602189
-0.24497961
-0.58841607
0.09596193
0.47038910
-0.12659585
-0.17357353
-0.24349488
0.05903736
-0.03805574
-0.18914409
-0.16605175
-0.16562125
-0.02077528
-0.45214149
-0.18776348
-0.11641413
-0.05286632
0.06071530
-0.07146325
0.03781980
0.07888916
-0.31447818
-0.00111343
0.01210048
0.05693972
-0.55466882
0.07558201
-0.14548414
0.20854643
-0.06333148
-0.08057903
0.17370633
0.04023379
-0.01319158
-0.02678348
-0.53123629
-0.18017076
0.10557921
-0.26116761
-0.22012617
-0.12333152
0.14120825
-0.05206189
0.11654209
0.09426726
0.05444338
-0.14733271
0.07998074
-0.25550640
0.03382656
0.21596512
-0.06117146
-0.16458085
-0.04527964
-0.29191960
-0.09736327
0.36354500
0.04997702
-0.17848510
0.25189963
0.15610869
-0.27838916
0.05454727
-0.23176041
-0.19423747
-0.22266749
0.26854395
0.20877738
0.05265615
0.26951320
-0.33321944
0.11338680
-0.19292585
-0.07122492
-0.14312563
0.02329262
0.13728236
-0.06860199
-0.15401921
-0.08808883
-0.28860945
0.02485685
-0.44182517
0.06020294
0.00632347
-0.13048946
-0.36635242
-0.20086242
0.22473132
0.02223911
0.07647474
-0.12836205
0.08176473
0.32244249
-0.00368701
-0.37693226
0.19075447
-0.15498438
0.22290782
0.10399152
-0.16156313
-0.15958570
0.22863096
0.16644414
0.13993832
-0.10186421
-0.02710433
0.04823222
0.14863469
0.18480191
-0.00432812
-0.39973959
0.04503984
-0.05973913
0.10075294
-0.03129545
0.11223705
-0.07524626
-0.08566246
0.45622109
0.21815224
-0.09212486
0.03368648
-0.05246477
0.22404047
0.08940818
-0.08515863
0.00537312
-0.09873808
-0.28395517
0.27799868
0.26881584
0.03490271
0.10532044
0.11332517
0.24092834
0.09464506
0.02068597
-0.31250627
-0.06325334
0.34467830
0.41391389
-0.05876638
0.07277439
-0.36253043
0.20486308
-0.34460914
-0.13651858
-0.08876963
0.03485123
0.16133209
-0.44425265
-0.04650658
0.04427153
-0.03801594
0.23676786
-0.04566516
-0.13334591
0.16713972
0.08681431
-0.17574274
0.12207114
-0.15640902
-0.10826883
0.10384361
-0.01581232
0.24852296
-0.03873696
0.29616548
0.39444510
-0.31960341
-0.02437932
-0.26257918
-0.04762554
-0.02634214
-0.08788153
0.02728666
0.25080484
-0.10368796
-0.22938143
-0.27344297
-0.19973414
-0.12193273
-0.34687577
-0.05132667
-0.07510101
-0.09759591
-0.33445913
0.04128875
-0.07765031
0.14480688
-0.54373366
0.08250673
0.23213968
-0.10646103
-0.11823759
0.10051052
0.40799935
0.18197223
-0.04481802
-0.00313704
-0.08174633
0.16718635
-0.33904041
0.02947004
-0.04700015
-0.08014094
-0.04479046
0.06254075
0.02905544
0.01595580
-0.35269577
0.01610142
-0.12865571
-0.31539146
0.17331580
-0.31742596
-0.01451413
-0.09012629
0.13236698
-0.06242834
0.02282523
0.05271968
-0.10538043
-0.01826998
-0.06328497
-0.17374485
0.01418418
-0.06402891
0.30864319
-0.37682297
-0.23272514
-0.25848791
0.22022131
0.02430865
0.04250974
0.09962280
0.05962548
-0.12547600
-0.19644453
0.38100590
0.24340305
-0.11300758
-0.23600802
0.16792218
-0.02729461
-0.11184212
-0.07193703
0.38669929
0.46435841
0.06007724
-0.02865739
-0.02558016
0.14628860
0.00970403
0.09611650
-0.09919895
0.03270410
-0.12296285
0.25209743
-0.13001291
-0.08854261
-0.19720489
0.18156970
0.27414946
0.21022269
-0.40209415
-0.02589563
0.03749696
-0.19230457
-0.05920735
-0.08361780
0.20826534
0.35549986
0.33827663
0.20638594
0.17775625
0.18533928
-0.27157941
0.18440618
-0.16491085
-0.22928162
-0.10820169
0.11026297
0.28860911
-0.04123522
0.05096121
-0.14210424
0.27479739
-0.08098782
0.13947436
-0.23792860
-0.10609747
-0.28911480
-0.18546321
0.26506725
-0.21729660
-0.23608374
-0.14123030
0.01955538
-0.10008846
0.23345595
-0.16033127
-0.13288352
-0.28572541
-0.37086026
-0.07655902
0.07009211
0.33031444
0.14971888
-0.28499441
0.24460194
-0.20823841
0.00150045
0.18058255
-0.02042242
0.06680349
0.19769908
-0.14248888
-0.06023365
-0.08709953
-0.09903038
0.06028673
0.07854621
-0.32520569
0.08898645
0.07083455
-0.02178848
-0.22727135
-0.00321621
0.18826386
-0.17306624
-0.24225750
0.05136967
-0.13284840
-0.05287052
0.08537291
-0.19818590
-0.06121698
0.19339932
0.10119269
-0.27095397
0.14125168
-0.10775148
-0.05098161
-0.28128909
0.27815930
0.32906010
0.30715900
0.22326816
-0.04831050
0.08080082
0.04851888
-0.21838900
-0.01494067
0.26787606
0.24157626
-0.19095527
-0.21243721
-0.07588974
0.26944279
-0.16780685
-0.18771916
-0.00597784
-0.04454527
0.04798545
-0.02159168
-0.23598324
0.10801671
0.21459211
0.04683304
-0.02798550
0.04045969
0.04562400
-0.02422918
-0.11691257
-0.11719934
0.07222849
0.48115715
0.02251058
-0.02931025
0.26556957
0.24932418
0.33309483
-0.54749333
-0.01446892
-0.15496485
0.19510312
-0.02957998
0.14207633
-0.12987481
0.30328161
-0.10222870
0.36471899
0.34206529
-0.00610491
-0.17267240
0.01350371
0.35141379
0.06817641
0.00359387
0.02946466
-0.06248162
-0.11842575
-0.08857179
0.17888674
-0.14751992
0.14707732
0.05158224
0.12146648
-0.09695640
-0.08180858
0.08055328
0.00827703
0.03285422
-0.00537786
-0.14467203
-0.27661439
0.03653264
0.19673107
-0.17674822
0.28994408
-0.21618215
0.46609928
0.01875131
-0.06971204
-0.18625279
-0.04540623
-0.03964704
0.10090994
-0.09745894
0.21070377
0.15847909
0.21222328
-0.18510081
-0.11847487
-0.25466859
-0.42858273
0.25863643
-0.07572177
-0.03114803
0.19392865
0.13477239
0.24891155
-0.06894552
0.05508698
-0.04126970
-0.07604389
-0.08319789
-0.10475060
0.02475680
-0.19296571
0.31112928
-0.26085015
-0.17550966
0.01980689
0.19217529
-0.29616057
0.03274446
-0.04980511
-0.13044548
-0.06428447
-0.05378520
