-0.00382888
0.04985171
0.03731433
0.01537167
-0.16638614
-0.07578246
0.01045498
0.00671511
-0.21377449
-0.04006449
-0.10842412
0.16665607
-0.13282172
0.03176772
-0.03008751
0.09388940
0.07203536
-0.06893388
-0.18748010
0.10061015
-0.07136288
-0.00004530
0.08895361
0.04429068
0.17906804
-0.04840756
-0.01914370
0.01693747
0.06253430
0.13133581
-0.23519721
-0.04258879
-0.13130251
0.02609863
-0.09253995
-0.01290982
-0.14846874
0.11851920
-0.10184987
-0.03153663
-0.08212093
-0.06818790
0.13209320
-0.08919876
0.13859927
0.10257342
-0.06806255
-0.02651792
0.19349444
-0.07549217
-0.01244838
-0.15594451
-0.06936346
0.14445006
-0.02726636
-0.09452376
-0.08497690
-0.00086919
0.10478504
0.01650764
-0.04079457
-0.02156733
-0.10964435
0.12980592
-0.07163271
-0.03887041
-0.12283315
0.08712419
-0.01711870
-0.26523688
-0.06688812
0.00956891
-0.05927964
0.09798148
-0.04179187
-0.16610572
-0.02250820
0.14703232
-0.02873901
-0.21584031
-0.11680192
-0.13762182
0.19537368
-0.01350047
0.21205049
-0.03047717
0.20590219
-0.05440308
0.06544225
-0.09075496
0.01937618
-0.06411472
0.09524049
-0.03798001
-0.10973904
-0.16413732
0.09024476
0.08470187
0.02268893
-0.08527356
0.03804415
0.10514435
-0.13624430
0.02442273
-0.07148686
0.00760191
0.20863341
0.30206304
-0.14759019
-0.05833386
-0.05205574
-0.00060244
-0.14636777
0.05832411
-0.01493690
-0.01064545
-0.13599560
0.08561306
0.01367093
-0.01254813
-0.01534805
-0.05037127
-0.07867067
-0.07532521
-0.23608721
-0.03338319
0.16812980
-0.08653709
0.23635291
-0.03996597
0.10477434
-0.17571375
-0.24633258
0.06895015
0.13928799
0.07003536
-0.06152045
-0.03952798
0.14424813
-0.11089491
0.02741159
-0.05191319
-0.13670470
0.15790140
0.02298820
-0.02070060
-0.01942439
-0.05465862
-0.10581661
0.23688449
-0.02409571
-0.00038251
-0.14506242
-0.09636318
0.01977981
-0.04411983
0.07910096
-0.02881049
-0.02806085
-0.09564525
-0.03824061
-0.12799492
-0.03047046
-0.14007871
0.08036069
-0.07270959
0.04719841
0.05998165
0.21035530
0.05814755
-0.01348430
0.02923250
-0.17521346
0.18675025
-0.14658160
-0.13005130
0.17784455
0.05961564
0.07690263
-0.00980001
-0.01234858
-0.03132036
-0.01701634
0.00048110
-0.16894579
-0.03211811
-0.15764427
-0.04734385
0.01474043
-0.03995365
-0.04250271
0.24212894
0.04035652
0.00543323
0.10708812
0.07104887
-0.08640936
0.11723212
0.17829870
0.03726909
0.04232201
0.06141285
-0.02382452
-0.13451826
0.21336450
0.14869203
0.26966098
-0.08881818
-0.27459600
-0.10120837
-0.00127432
0.25392588
0.07571089
-0.05939418
-0.21271256
-0.25554848
-0.11691424
0.05403458
-0.03955970
-0.20549435
0.15370625
-0.06790336
-0.14796544
-0.09118325
0.03282463
0.21902066
-0.07562145
-0.07419798
0.03034255
-0.04880385
0.13307107
-0.16250623
0.07719386
-0.07196641
0.03551094
-0.00662756
-0.02891556
-0.09574766
-0.01667564
0.00557197
0.02405706
-0.10612795
0.22825815
0.02467874
0.10297622
-0.14603001
0.02880489
0.04571786
0.05125393
-0.05943985
-0.14608714
-0.02140199
-0.03070654
-0.05210091
-0.11644917
0.04432467
0.10411441
0.11981150
-0.17829108
-0.01378796
0.09099603
0.03843960
-0.22289349
-0.25238746
-0.11717157
-0.16429711
0.11882087
0.02134698
-0.06523362
-0.04938245
0.03192682
-0.01544697
0.05521945
0.03271826
-0.00595206
-0.10097899
-0.08763285
0.09242906
-0.04550710
0.08060830
-0.17558945
-0.08984787
0.07102891
0.07670778
0.06672858
-0.00482793
0.11998341
-0.02191530
-0.00907260
-0.11043689
-0.10699128
0.02993730
-0.04229891
0.14371902
0.00436809
0.15882752
-0.13188286
0.08963444
-0.14507465
-0.02879055
-0.33766050
-0.04475007
0.09273178
0.17044268
-0.09488805
0.16317938
0.02918144
-0.04796879
0.03527908
-0.07080489
-0.02419814
-0.32458850
-0.02111928
0.07009496
0.05600760
-0.13286030
0.01864613
-0.02911234
-0.17493003
0.13401042
0.05721681
-0.09798580
0.03565747
-0.08680116
0.04693696
-0.04811906
0.03019274
0.14681119
-0.08846937
0.11936281
0.05434136
0.07253126
0.09358139
0.00198196
-0.02618672
-0.10969853
-0.19695229
0.12740899
-0.00407937
-0.11082008
0.03934861
-0.09700780
0.07638843
0.05793991
0.01500416
0.10707689
-0.09887072
-0.00845925
-0.13981600
0.03451254
0.03534261
0.04511739
-0.14068900
0.17420569
-0.01172740
-0.03358349
-0.10097194
-0.05158661
-0.19484127
-0.04444917
0.00077198
0.03437963
0.10192969
0.10308686
0.02035342
-0.18424521
0.07366876
0.01639010
0.12201112
-0.00190132
0.04496164
-0.10169959
0.04545955
0.22277140
-0.00955896
0.11809928
-0.12874355
0.11108158
-0.01072833
0.01952747
-0.03477066
-0.13132361
-0.06251860
-0.22282142
-0.04736589
-0.16249570
0.10368293
-0.02506151
-0.00686314
-0.25440011
0.14784933
-0.09877632
0.04558029
-0.01093245
0.02372312
0.04435732
-0.10203137
0.16165063
-0.06198144
0.14149238
-0.05114583
0.02224743
0.28585612
-0.10823780
-0.09137093
0.02739177
0.21185858
0.10722270
0.00562853
-0.03281168
-0.30016124
0.04858895
-0.01365870
-0.03535629
-0.09685885
-0.07898556
-0.06102676
0.15244471
-0.12330809
0.10218614
0.08337245
-0.01402257
0.10371422
0.02415045
0.06576949
0.02349265
0.25619608
-0.09552168
0.16314866
-0.07493128
-0.07098978
-0.02002276
-0.07708839
-0.07383061
-0.09498646
-0.19327759
-0.02594409
-0.09366042
0.02759524
0.10262328
-0.11642612
-0.00884518
0.07923187
-0.00805025
0.13235936
0.25559727
0.04283421
-0.06687178
-0.05712500
-0.03876670
-0.13226514
-0.00657799
-0.18350968
-0.17494062
0.05801707
0.12378595
-0.06667801
-0.02639923
-0.01663776
0.17493956
-0.18967926
-0.08082712
0.09704032
-0.05006440
0.01062362
0.23811655
0.02847287
0.15959311
0.08952729
-0.05951001
0.08321863
0.18451647
0.03600176
0.11090185
0.03473129
0.03772989
-0.00731236
0.02911925
0.01865202
-0.14673375
0.00465348
0.08992894
-0.07229480
-0.02303224
0.12446200
-0.09331574
-0.02049142
-0.10250820
-0.11743903
0.11135354
0.01991888
0.09862819
-0.05240096
-0.04615201
0.11059463
0.01568093
0.03281323
-0.09610219
-0.08804187
0.07490617
-0.18022156
-0.00547298
0.09234333
0.20956039
0.06560760
-0.03438997
0.03259783
-0.06214041
0.05477708
0.05425234
-0.10085693
-0.11742961
0.07468754
-0.12579632
0.03059448
0.05045630
0.06144703
0.12632696
-0.15464295
0.16138032
-0.05078758
-0.05208067
-0.01075591
-0.00202421
0.04199485
-0.00323177
-0.10444940
-0.04711253
0.01406081
0.00117770
-0.02501082
-0.13387401
0.09270510
0.06432894
-0.10860962
-0.14348765
-0.10746875
-0.05878576
-0.02155912
-0.25660808
0.12109538
0.11247163
0.03634248
0.01939390
0.10932397
-0.12788598
-0.09535295
0.13568546
0.02942883
-0.09465844
0.14213886
0.01812124
0.16946533
-0.19266035
0.04109857
0.05800037
-0.22535286
0.00972122
-0.09641301
-0.14104908
-0.09699179
0.07037601
0.11916708
-0.12730681
0.19241253
0.10166700
-0.08945393
-0.19488208
-0.17861735
0.06851699
-0.08559210
0.03710869
-0.00165312
-0.19493026
0.05241825
-0.01274305
0.03301599
0.13957991
-0.04830589
0.06432367
0.02311039
-0.06456623
0.14532450
0.24186893
-0.10188003
-0.03802842
-0.00302969
-0.05062872
0.01683867
0.04510766
0.00486137
0.05206695
0.23538911
-0.06140135
-0.04071886
0.09953966
0.06544170
-0.05035546
0.06754953
-0.22358771
-0.05758914
-0.09892697
0.16524401
0.01002030
0.02932416
-0.13665709
-0.00664370
0.09215889
0.01652507
0.02169630
0.13192291
-0.04334756
0.11146044
-0.16293569
-0.02593449
-0.04687363
0.09058142
-0.02865099
-0.16065939
-0.00817435
0.06230291
0.09545992
-0.04487140
-0.03581290
0.06211531
-0.03425462
0.18642273
-0.05461552
-0.15853860
-0.09674273
-0.00423500
-0.20233523
-0.02381334
0.12820150
-0.14596263
0.02893836
-0.05529163
-0.03574205
0.09104205
-0.00120360
0.08874441
-0.07595859
0.01755165
0.03406606
-0.02298740
-0.02523439
-0.01461368
0.00977610
0.03145319
0.00442445
-0.12408445
0.10675933
0.35776684
-0.06397364
0.08674474
0.07254846
0.19424922
0.13661598
0.03660147
0.06901319
0.05704737
0.05972058
0.03516603
-0.03877662
0.03316799
0.06206153
-0.18204184
-0.18758562
-0.01938898
-0.00447248
0.21011546
0.00560445
-0.05962941
0.21523115
0.16772516
0.20773189
-0.18416431
0.12083851
0.21094467
0.05045176
-0.05052872
0.02904973
0.02316456
-0.02909854
0.05911765
0.17435750
-0.06340508
-0.11113373
0.09102265
0.02085927
-0.04505656
0.04691592
-0.09066120
0.10103214
-0.01945321
0.03066613
0.10624410
0.28250274
0.03484788
-0.11279739
0.13733975
0.07109021
-0.09017330
0.08401533
-0.04746029
-0.16432026
0.05649943
0.09710841
0.06694992
0.10983440
0.08948203
0.07857155
-0.03131380
0.17068266
-0.03322821
-0.09316427
0.32831077
-0.05678068
0.10702735
0.00135657
-0.16964562
-0.01339019
0.19823833
0.02372093
0.06724539
0.03514333
0.23184574
0.29717072
0.04118163
0.16877755
-0.00443651
-0.06535979
-0.33852096
-0.17823444
0.00520662
-0.04125000
0.10345816
0.02596393
0.02495967
-0.08321466
0.22984836
-0.08146445
-0.15886312
-0.00031217
0.05464994
0.01751348
0.13288375
0.12861706
0.01259555
0.12970429
0.04762510
0.12090523
-0.00775532
0.11225858
-0.06664961
0.12590368
0.10825973
0.07125157
-0.06329277
0.16889418
0.10974446
0.06721962
0.21639643
0.13402522
-0.00278961
0.07212886
-0.10257460
-0.03147916
-0.09993041
0.03970995
0.02630137
-0.11370601
-0.20870812
0.20060778
0.06707847
0.01269581
-0.10066071
-0.17342931
0.03839681
0.06370361
-0.02663872
0.03498606
0.09326619
0.18168766
-0.08589967
-0.00905024
0.06565476
-0.00704863
-0.07219069
0.12904841
-0.12707606
0.07953411
-0.10330408
0.05141310
-0.13534121
-0.00883785
-0.03826430
0.11187363
-0.14174554
-0.19428289
-0.01875638
0.04538319
-0.10540561
0.09792393
0.18170993
-0.03531349
-0.13340550
-0.07738966
0.05667397
-0.02322968
-0.04676012
-0.09944832
0.10602232
-0.08888800
0.08557218
-0.00526231
-0.18127984
-0.12825504
-0.05022677
-0.03270448
-0.09340192
-0.28865589
0.04431049
0.03536354
-0.34073591
-0.23461422
-0.11702436
-0.16003614
0.12619447
0.16211398
0.14239195
0.04402870
0.03135366
0.07239722
-0.01700749
-0.00313589
0.00420434
-0.14617299
0.01124253
0.07497925
0.00753554
0.00563312
-0.03193467
0.05324873
0.00535376
0.01819848
-0.16137849
-0.05813370
-0.25345418
-0.23943457
0.04018749
-0.13241500
0.09251499
0.16798935
-0.10063056
0.12568348
-0.06427804
0.10093133
0.07708907
-0.06529053
-0.04065180
0.07280634
-0.00513304
-0.08648532
0.06471806
-0.04735563
-0.01786150
-0.05534541
-0.09467467
-0.03973987
-0.08722727
0.04341134
-0.02943052
-0.05441028
0.15484068
-0.03557857
-0.04964512
-0.13697762
0.00806681
-0.08604857
-0.21501454
-0.02780321
0.28172231
0.06152916
0.01943862
0.07453533
-0.10985983
0.02815350
0.05278598
0.01305646
-0.07033075
-0.03528476
-0.03206800
0.22765968
-0.12048434
0.00121777
0.01773496
0.12071082
-0.04101093
-0.01711647
-0.08229014
0.05079068
-0.02580568
0.02221067
-0.01733882
-0.13429751
0.06722106
0.18518115
0.16666292
0.13149392
-0.04551829
0.02473794
0.17227342
-0.10536740
-0.14982167
0.20390620
0.03685022
0.15987315
-0.08379101
0.08263295
-0.13061335
-0.03061137
-0.11743265
-0.08286060
-0.15324337
-0.07012730
-0.15998585
0.06432655
-0.02476273
0.13776076
0.00546629
-0.03818273
0.08087192
-0.23784231
-0.02933318
-0.29713517
-0.15858033
0.02343398
0.12899227
-0.02811609
-0.15367422
-0.02571648
0.05991206
0.05162328
-0.03218844
0.07368034
0.02469802
0.00793245
0.18763927
-0.26266782
-0.08004969
-0.13075260
0.13665570
0.01264888
0.01648795
0.00863454
0.15483173
0.10110030
0.04962278
0.10289936
0.03290585
0.03871853
-0.13854722
0.09824135
-0.01133528
0.04539454
0.02181786
-0.08025654
-0.12137680
-0.12847195
-0.10298307
-0.20039468
-0.02314435
0.07217209
0.05872066
-0.09297126
0.01574068
-0.05025440
-0.07825603
0.00962032
-0.26196071
0.06763927
-0.07539892
-0.10651238
-0.06394113
0.00043007
-0.05873935
0.00342897
-0.19238806
0.02783777
0.05878969
0.00219827
-0.05855535
0.09620268
-0.05298380
0.05554427
0.10418761
0.00852905
0.04466261
0.04807366
-0.12430177
-0.17148582
0.05542508
-0.05901505
-0.01226625
-0.25006002
-0.12779907
0.12301334
0.17864792
0.07872568
0.12435995
-0.12897630
-0.21984600
-0.09008594
0.10744004
-0.08804549
0.12721372
0.00858861
0.00534738
0.05694136
0.06327716
-0.04095201
-0.14272379
0.14579757
-0.02811885
0.14763906
0.14199198
0.05301440
-0.05272563
0.16034926
-0.01872585
0.04911330
-0.19070037
-0.06260895
-0.12511629
0.24041277
-0.09908094
-0.21001198
0.26468925
0.04287842
-0.13601431
-0.17719271
0.13494037
0.03333522
0.15779607
0.16499111
0.01060472
-0.15548202
-0.01679816
0.04568875
-0.02841447
0.05452021
0.29164413
0.02356595
0.10785347
-0.20946943
0.09168234
-0.02555081
0.18352218
-0.04563315
-0.04612721
0.16040881
0.06428928
-0.02976269
-0.03428003
-0.03348700
-0.09305498
-0.06706743
-0.06301225
0.02664521
-0.03156379
-0.00306592
-0.01180577
0.09797631
0.04103218
-0.23550552
-0.08678721
-0.08723925
0.00356876
-0.02634309
0.05525402
-0.19036938
-0.03344037
0.17935112
0.19249929
-0.00200609
0.11897489
-0.06229338
0.15566556
-0.01891325
0.04086195
-0.10398533
-0.04284333
0.16608445
-0.10630439
-0.14546554
0.07265280
0.03473898
-0.15069204
0.01306005
-0.10746600
-0.12944719
0.03707366
-0.12849899
0.00609693
0.04851097
0.14788871
0.03575642
-0.15795565
0.11262923
-0.05148718
0.11094487
-0.02667541
-0.16644256
-0.05336961
-0.15661640
0.10045704
0.04819765
0.10045623
-0.00668072
0.17878029
-0.08955301
-0.10018326
0.03978312
-0.09662549
-0.07870690
-0.06703753
0.15382771
0.03570353
-0.02371805
-0.17914202
0.12765270
0.06869139
-0.13780094
-0.05264227
-0.20635631
-0.04314212
0.12017176
-0.05726105
-0.03394655
-0.04916358
0.00528718
-0.01237304
0.02591689
0.04544621
-0.08806068
-0.02240639
0.07851199
0.06258604
0.23726913
-0.04512604
-0.02862743
-0.01760356
0.15588612
-0.21322869
0.00578966
0.05644711
-0.08449067
-0.07134616
-0.01134343
0.01386882
0.04648726
-0.07243887
-0.16526155
-0.09196285
0.17070578
0.04846710
-0.04954217
-0.03236818
0.09092101
-0.02355358
-0.14373165
0.16463105
-0.17518025
-0.08292805
-0.00282999
-0.00855589
-0.16758501
-0.15851340
0.07556888
0.03118998
0.13301235
-0.09346130
0.00927887
0.13153243
-0.01724200
-0.03604925
0.32829715
0.07117505
-0.07503734
-0.01254495
-0.05182869
0.07204470
0.21213340
0.05911812
-0.04493893
0.07796842
0.04168375
0.00371384
-0.00302133
-0.19154768
-0.08570917
0.09342115
0.01669579
-0.10341300
-0.00871347
0.01602152
-0.09068455
0.04020091
-0.10866986
0.04755355
-0.08049724
0.01592444
-0.08119438
-0.10815312
0.17998190
-0.00866357
-0.13512658
0.02955111
0.04660041
-0.07851711
-0.01725542
-0.08126527
0.03558145
0.00218944
-0.11769960
-0.03774620
0.03809642
0.06572513
0.14485768
-0.07971047
-0.03469716
-0.01296243
0.07431960
-0.17832872
0.02349634
0.00838107
-0.17699196
0.01991364
-0.21425538
0.00326629
0.01363898
0.03737207
0.05115118
-0.18986132
0.11180867
-0.04729173
0.13400467
-0.04229636
0.10563937
0.17675451
0.09232911
-0.00607741
-0.12641064
0.15573509
-0.24735324
-0.05517764
-0.03703117
0.09306065
-0.18100754
-0.17276845
-0.09685351
-0.11485385
0.05629014
0.04903475
-0.04622379
0.14626924
-0.18832095
-0.06695822
-0.13504806
-0.00370184
-0.28428270
-0.16728729
0.00732624
0.02219994
0.02802655
-0.08730167
0.05598185
0.01987498
-0.05987405
-0.09873025
0.11580612
0.15832276
0.04820883
0.03605330
0.21824545
-0.15820660
0.27920888
0.16265437
0.07761493
-0.01866856
0.16745772
-0.12775002
0.02947222
0.03548043
-0.03310636
-0.06492004
0.03339858
0.01509761
0.01743495
-0.01679326
-0.03325104
0.05892510
-0.00973770
-0.24466506
-0.03620259
0.07852310
-0.07609011
0.13410884
-0.05176567
0.00303451
0.12284556
-0.04875595
-0.08473520
0.00868862
-0.02421179
-0.01661228
0.07851056
-0.01732091
-0.11672884
-0.02382028
0.00365730
0.05941686
0.03161890
-0.18786094
0.08693021
-0.13477978
-0.18074890
-0.01188042
-0.16002806
0.16659735
0.07058010
-0.16706089
-0.00708142
0.12922715
-0.05483292
0.05988519
-0.03921539
-0.16395578
-0.12352601
-0.11678924
0.08805699
0.03965428
-0.08265110
-0.08639248
0.11670682
-0.01863973
-0.02497967
0.02655606
0.03270521
-0.11318377
0.03236235
-0.11289368
0.17709063
0.15279662
0.12441171
0.06425993
-0.03539817
0.02099681
0.03064199
-0.06753530
-0.00979499
0.02632233
0.00874804
-0.15199454
-0.09818863
0.16390222
-0.04195873
-0.10401094
0.13677223
-0.15605819
-0.09011393
-0.19643900
0.15610698
-0.09365508
-0.01984424
0.02939452
-0.06113136
-0.10318709
0.00711040
-0.12083199
-0.05480838
-0.13832292
-0.25040263
-0.16559110
-0.32670213
-0.04455394
-0.09542260
-0.00157583
-0.25859130
-0.08825531
-0.24867847
-0.15928431
0.04496217
0.12775806
0.04193993
0.01666525
0.06331096
0.15344745
0.16264500
0.19236355
0.24518136
0.09446454
0.19687187
0.36911005
0.43239373
0.31051997
0.45184555
0.33423602
0.20456117
0.32250614
0.22349961
0.31607786
0.31318271
0.17740306
0.01394489
0.18292311
-0.02881757
0.14454562
0.10385717
-0.07955532
-0.01886385
-0.17447210
-0.34088252
-0.28032195
-0.31739696
-0.23572216
-0.09951652
-0.28135712
-0.17831589
-0.18101393
-0.25171050
-0.26942440
0.07178205
-0.30259991
-0.08826314
-0.10590671
-0.15860068
-0.17034575
-0.12532335
0.02572131
-0.08295555
0.17346449
0.00886046
-0.19847537
0.02406174
-0.02113121
-0.21774534
0.01732558
0.24987347
0.04637740
-0.03757822
0.05604722
-0.02740918
0.01028451
-0.02144220
0.01750591
0.08236283
0.03268621
0.11087687
-0.00390033
-0.26383537
-0.18972343
0.09167729
0.08199687
0.18471931
0.17856720
0.00649222
-0.03405855
-0.03824213
-0.18713545
-0.21816324
-0.00786731
-0.07210133
-0.12322220
0.03718807
-0.21722568
-0.00687326
0.06004478
0.13301287
0.01563890
0.01199712
-0.07588926
-0.09563359
-0.12228876
-0.17840457
0.03522818
-0.07283706
-0.04998616
0.06970662
-0.34593725
-0.09438199
0.01613627
-0.10954300
-0.11664309
-0.23444984
-0.37993114
0.01181726
-0.10429045
0.05381056
-0.07430920
0.06432710
0.12050735
0.13910583
-0.06462419
0.08279265
0.12498257
0.10005899
0.11627374
0.26663934
0.07484131
0.18572385
0.27412650
0.17653980
0.28047222
0.29299682
0.42774644
0.41960054
0.49951234
0.42386873
0.24239578
0.49515037
0.15881451
0.18452849
0.22445127
0.38345539
0.14538244
0.11735714
-0.09956658
-0.14864181
-0.09107094
-0.40605781
-0.17913797
-0.33868486
-0.30090199
-0.30378756
-0.62790968
-0.52108111
-0.58228678
-0.66741451
-0.61385966
-0.71518722
-0.72276658
-0.57991983
-0.57234914
-0.27899642
-0.33046903
-0.29225641
-0.31078923
-0.17117129
-0.06154761
-0.02478942
0.02253021
-0.07459300
0.15395417
0.05779679
0.08601916
0.18026398
0.33781093
0.39411644
0.38655482
0.25839642
0.46620892
0.39747435
0.41407786
0.34856034
0.14694224
0.37596204
0.12527220
0.13160111
0.13581200
0.27815863
0.04151991
-0.04450748
-0.00197128
0.07008613
-0.20126123
0.15833169
-0.08955493
-0.03554102
0.04296682
-0.09110084
-0.12667028
0.07112955
-0.03581378
-0.07581768
0.02815454
-0.20928685
-0.10938661
-0.20882769
-0.00704376
0.04955871
0.06243705
-0.09083477
-0.13181596
-0.12155927
0.08022515
-0.15817730
-0.08498190
-0.12714768
0.02280534
-0.01668544
-0.08730096
0.04092572
0.18040410
0.15454761
-0.10654852
-0.01601787
0.02092837
0.07942545
0.01422017
-0.12850219
0.15343573
0.10841002
-0.18769838
-0.01994874
0.26192602
0.01380870
0.03502632
0.15857888
0.01132958
0.05270931
0.03847102
-0.09809821
-0.03464071
-0.23936152
-0.04223040
-0.05862441
0.00625506
-0.00774680
0.06869488
0.09522069
0.07144765
-0.08367002
0.08824371
0.05334847
-0.05411160
0.00374682
0.03267932
-0.11934064
0.02563374
0.03350159
0.10658858
0.05959995
0.07581400
-0.04013651
-0.02449831
-0.10818297
0.21079306
-0.03168538
-0.03858424
0.26886266
-0.22372850
0.14015814
-0.06411929
0.09479571
0.13414821
-0.15079127
0.05296429
-0.12210583
-0.03099091
-0.12562598
0.08058469
0.04060105
-0.02527767
-0.22316680
-0.07556045
0.12624766
-0.16649092
-0.01122346
-0.00999342
0.03060621
-0.15258535
-0.06695940
0.07625131
0.24655447
0.04767310
0.08515784
-0.04183993
-0.05899558
0.18689020
-0.17718650
-0.18364650
0.07198763
0.08144039
0.13137301
-0.07616192
0.01411972
-0.00062521
-0.04562263
0.22573365
-0.03012403
-0.10772377
-0.05601570
0.04134217
-0.01686395
-0.06365025
-0.14496946
-0.01906608
0.02762413
0.02252635
-0.01343070
-0.17647058
-0.08126312
0.05377901
-0.15582039
0.06543507
-0.09527191
0.06960561
-0.03738527
0.07552800
-0.16020450
-0.24921345
0.06124723
0.07248835
0.10237630
-0.05918773
0.17406276
0.16209754
0.13987146
0.09521875
0.16521401
0.05374312
0.14899190
0.12893596
0.15145713
-0.16426396
0.04378297
-0.21884181
-0.05133542
0.07185782
-0.03653820
-0.17848990
-0.06696148
-0.01411581
-0.01194684
-0.05867218
0.15552254
0.06453529
0.20647492
0.03846854
0.03620069
-0.04758642
0.16165395
-0.14047227
-0.11192253
0.04543462
-0.05388366
-0.00384535
-0.02902589
0.14087971
0.13563713
0.20480560
-0.08642548
-0.03969214
0.22055249
-0.01060436
0.09454317
0.16807922
0.02453694
-0.17664416
-0.09623910
0.14410105
0.12081787
0.30052896
-0.14762521
0.04226121
0.03124892
0.04212031
0.04950132
0.01420205
-0.00308543
-0.06237460
-0.02142995
-0.09820248
-0.10038157
0.00402783
-0.05672707
0.17631731
0.04195007
-0.06482327
-0.08316477
-0.11600073
0.05242041
-0.11122603
0.07118672
0.10029288
-0.06483541
-0.20591096
-0.07930485
0.10022469
0.06167980
0.05416934
0.04991445
0.04560115
-0.11456299
-0.00752825
-0.03334006
0.15530839
0.06035412
-0.03873615
-0.23230339
0.08223823
0.05106987
-0.03275869
0.07451975
-0.02243641
0.05136097
-0.15510291
-0.18554826
0.00813581
0.11699929
0.03619472
0.10751428
0.04938232
0.05367981
-0.01982634
0.11062471
0.12064982
0.20556646
0.02409474
-0.02145935
-0.02492429
-0.23121892
0.05507569
-0.08575540
-0.18021944
0.18994502
0.03509608
0.01335449
0.03871679
0.03642468
-0.06664570
0.01820872
0.24532458
0.02757208
0.05739974
0.04563212
0.04934517
0.01805798
-0.08933931
0.14747278
0.20879704
0.12099308
0.11902949
0.08390492
-0.00822996
0.19515896
-0.09065831
0.11267026
-0.03880756
-0.05564940
0.05326497
-0.02394608
0.04409105
-0.04205880
0.06921973
0.01710126
-0.02102354
-0.00193697
0.06047710
0.03910646
0.00964836
-0.00501183
0.00569682
-0.00569337
0.02107161
0.22713344
0.15862536
-0.01739649
0.09118204
0.05067255
-0.03068905
0.10299908
-0.12151183
-0.00925417
0.07738651
-0.00096770
-0.14854450
-0.02081235
-0.08765930
0.22837127
-0.08619272
0.06997510
0.00117357
0.13249728
0.01393447
0.16984870
0.18603414
0.04106767
-0.06946649
-0.00741906
0.04337249
0.14750342
0.02420254
-0.04956890
0.11928857
0.00526266
-0.03639006
0.21420990
-0.10992807
0.16907048
0.12604275
-0.16963471
-0.01441981
0.13434096
0.09920034
-0.02291940
-0.13176853
0.05932061
-0.17637159
-0.01138832
0.07344474
0.00893776
-0.06651466
-0.00769748
0.23838416
-0.08213554
-0.06903327
-0.13665538
0.14838860
-0.10567302
0.07581006
-0.02993862
0.12204560
-0.02507989
0.13787069
-0.05605806
0.18104511
0.06521030
0.10765335
-0.10281731
-0.03065382
0.03773994
0.10319488
-0.05433388
-0.00186253
-0.00526054
0.28737949
-0.01297973
0.17679673
-0.03161057
-0.03195998
0.07980449
0.04435501
-0.00784278
0.17910407
-0.00356523
-0.13709612
-0.08361084
0.14949394
-0.03482994
-0.26307199
0.10800788
-0.22003469
0.10117050
-0.03075716
0.05278911
-0.14547404
-0.14280476
0.03815342
0.16159401
-0.03154216
-0.05893382
0.01354430
-0.03443782
-0.20962281
0.02925320
0.10400778
-0.02216656
0.03951979
0.04983891
-0.01687908
-0.17175743
0.02391503
-0.01406229
-0.07600155
-0.00715202
-0.09045647
-0.09402125
-0.02131079
0.04622281
0.15573152
-0.02130193
-0.02301857
0.00854837
-0.09542953
0.12516805
0.01166966
-0.00285001
0.05679152
0.06451502
-0.13175967
0.33864692
0.15194066
0.03796926
0.11743970
-0.09638816
-0.03600435
0.06241624
0.06645805
