0.07700140
-0.16911503
0.23396131
-0.12902445
0.13555471
-0.09366977
-0.18716695
0.09156238
0.05389807
-0.13597893
-0.28183101
-0.27320373
-0.14457984
-0.03736508
0.11067356
0.25316384
0.23428012
-0.00809913
-0.05239559
-0.11475520
-0.24159397
0.07075346
-0.03160166
0.07434591
-0.01874350
-0.00177357
-0.03395488
0.01190446
0.26643361
-0.15896374
-0.00458708
-0.24107009
-0.10979579
-0.15469397
-0.38431921
-0.03574974
-0.00532802
-0.04222920
0.08170340
-0.00910442
-0.12417829
0.00069227
0.17597943
-0.18761900
0.50355781
0.22521115
-0.00166118
-0.22312399
-0.27739933
-0.16868998
-0.13383272
-0.06782237
-0.08788986
0.27409896
-0.18299540
0.27487437
-0.26656561
0.11941938
-0.01553900
0.33833132
0.01075477
-0.12920971
0.28944187
-0.05332542
-0.03538133
0.23415463
-0.26781104
-0.01332913
-0.00834213
0.22625123
0.07861817
0.12989492
0.27072722
0.32277262
0.14670920
-0.05494907
0.15993187
-0.01487967
0.09097152
0.10133581
0.07534526
0.06035456
-0.08429808
-0.13074867
-0.42902530
-0.10767576
-0.38571762
-0.23116482
0.16057084
0.21320153
0.11248007
0.07933531
-0.01807628
0.06632372
0.05504502
-0.18823134
-0.32704771
0.19944130
0.02848731
-0.03374930
0.06830290
0.22914316
-0.15639545
0.11632027
-0.15322559
0.13036361
0.18907354
-0.07746337
0.40347756
-0.09376217
-0.00856621
-0.33179049
-0.16941469
0.22476751
-0.15727477
0.17740866
-0.05950995
-0.05520235
0.04755825
-0.10692715
-0.23131358
-0.11287568
0.02064409
0.06002962
0.39025045
-0.14408486
-0.35451770
0.23354219
0.14371914
-0.26495535
-0.01091273
-0.05226184
-0.13328594
0.14890739
0.14497023
0.19756677
-0.16100838
-0.18327920
0.17883032
0.14073643
0.03170020
-0.00347465
0.07151985
-0.10933561
0.19081004
-0.17857758
0.07337613
-0.12139763
-0.05537464
-0.05070068
0.11266471
-0.23431047
-0.12564889
-0.07790090
-0.09042335
0.15815817
0.01061925
0.00910734
-0.57243205
-0.01624668
-0.18902976
-0.08466453
-0.06949371
-0.25182800
-0.48990643
-0.03192715
0.00124037
-0.00875137
0.10054013
0.23933835
0.02351403
-0.19751425
-0.35907644
0.37580336
0.22564656
-0.07295007
-0.15340659
0.18558591
-0.15061894
-0.19486094
0.03647422
-0.13963290
0.05739590
0.12738318
0.15972570
0.06774518
0.18848425
0.06552580
0.20238304
0.00416657
0.27139112
0.18605842
0.21448350
-0.09915575
-0.17950787
-0.10794245
-0.40734640
0.46316348
0.20860975
0.00469277
0.01763007
0.23538395
0.04429035
0.14255015
0.10718389
0.20634985
-0.19091879
-0.04137497
0.12098070
0.14290823
0.11252947
0.04240724
-0.19342286
-0.07828529
0.28733642
0.11224127
0.01386515
0.23704238
0.00396956
0.01131710
0.16975507
0.17404298
0.39251183
-0.19062447
-0.08819968
-0.11701588
0.04606733
-0.03416423
0.14437064
0.28728318
0.04854582
-0.31041026
0.39806768
0.01956619
0.03874690
-0.09104318
0.07525502
-0.22095087
0.13326686
0.31236857
0.07940853
-0.03448973
-0.09857911
-0.13787933
0.11689689
0.00174915
-0.01950495
0.08791669
-0.05122003
0.29351027
0.03332788
-0.30980307
0.00470629
0.07130508
-0.20483838
-0.04012489
-0.34359974
0.11529812
0.12863840
0.28391308
0.27430158
0.27492646
0.11904218
-0.08646752
-0.04960982
-0.58045255
0.04584601
0.10603184
-0.10854864
0.17259049
-0.26731476
0.10470735
0.00518196
0.02128074
0.01320300
-0.14232433
-0.02155220
0.22939932
0.03526465
0.04039767
0.14076126
0.36121718
-0.19672107
-0.11594177
0.21919853
0.13534379
-0.12041594
0.04020643
-0.25585383
0.42645290
-0.20134865
-0.02911497
0.00160204
-0.12506005
0.16062789
0.14140349
0.14940998
0.14628683
-0.18496635
0.08187640
0.27845013
0.02952943
0.02647716
-0.22146487
-0.00812178
-0.02908630
0.12751622
-0.41784633
0.18583772
-0.09044556
0.17775450
0.18778004
-0.08759641
0.09940014
-0.18393865
-0.07539498
-0.13635261
0.04026483
-0.15962145
0.24711092
0.01420556
0.15351109
0.14101733
-0.00655265
-0.40664923
0.25594375
-0.19134889
-0.04969188
0.22035757
-0.28390293
-0.06860979
0.07614150
0.12868406
0.04487948
0.10631903
-0.36671198
-0.04333881
0.28141488
0.14817278
-0.19898991
0.01052974
0.37452221
-0.38397001
-0.06566165
0.22925822
-0.04188388
-0.15430505
0.06873800
0.27458072
0.07221976
-0.05929888
0.19506716
-0.01603161
0.34494631
-0.05601036
-0.19028255
0.28028023
0.21353277
0.07244046
0.00158151
0.09774232
-0.13583590
-0.03317792
0.40056125
-0.11624283
0.06736703
0.08800598
-0.02009844
0.07581137
-0.17229061
-0.20337307
0.28295427
0.08167022
0.20768024
-0.22159156
-0.13495643
0.04472339
-0.30466596
-0.15202411
0.29022423
-0.10636623
0.02523039
-0.07871767
0.16727773
0.02982957
-0.21688825
0.03953563
-0.21066269
-0.18046933
-0.06637377
-0.13720816
0.17135586
-0.01087880
0.07083878
-0.42389909
-0.02375007
-0.17794656
-0.03908064
-0.37107846
-0.01903799
-0.02204901
-0.04467220
-0.03590968
-0.04446561
-0.31117920
0.19337103
0.24619988
-0.00274315
0.31959070
0.29402101
0.06848190
0.14773009
-0.37614494
-0.29824053
0.08264752
-0.35894356
0.16765236
0.31215919
-0.07369043
0.03346437
-0.30126293
0.34770255
-0.07317176
0.06978261
-0.23644953
0.17228081
-0.10772637
0.31224154
-0.10922701
-0.22887580
-0.14442611
-0.19473664
0.02062533
0.11511866
0.10212336
-0.37819909
-0.11356511
0.14949617
0.15120392
0.10555400
0.24293165
-0.01904692
0.03685261
-0.03509944
0.26936132
-0.27017069
-0.25504536
0.03112746
0.15917240
-0.01846304
-0.00602060
0.07576445
-0.00139004
0.06741735
-0.23225298
0.04682766
0.17172824
0.03176667
-0.20593268
0.01921806
-0.31791608
-0.13104026
-0.23467636
0.16278835
0.09437939
0.15040075
-0.02496203
0.01582570
0.16065439
0.44714050
0.24750210
-0.25306453
-0.03252708
-0.08655272
0.40576219
-0.19079414
-0.26043276
0.08200641
-0.06222777
-0.13796942
-0.38862868
-0.09749137
0.19429387
0.16793970
-0.10838559
0.09274505
-0.26383673
-0.16147187
0.10550197
-0.32946319
-0.37590886
0.05313003
-0.02658122
-0.10742879
0.01333648
0.02339278
-0.37065730
0.04505965
0.00015760
0.08442240
0.10838681
-0.40357320
0.00982360
-0.17162247
-0.09977490
0.31330228
-0.02007853
0.31633405
-0.11666109
0.03923422
0.07931261
-0.12365973
0.31759740
0.03843629
0.04344053
0.37141308
0.04912053
-0.16043719
-0.11949501
0.14261769
-0.13170019
0.01618114
-0.30216202
-0.22237440
-0.42636447
-0.35851348
0.10182654
0.07916725
-0.14337718
0.13774589
0.18910877
0.11288758
0.08070617
-0.02293208
0.02481435
-0.29327215
-0.49498548
0.15228106
0.20775442
-0.17779393
-0.13052741
0.24551615
0.12516520
0.28460676
-0.17110122
0.06315646
0.16910487
-0.32243791
-0.28448852
0.35322508
0.02394177
0.07427597
0.39261217
-0.03481175
-0.07047194
-0.04824939
-0.21855942
-0.21370937
0.37786810
0.02465216
0.09542260
0.20764599
0.13410785
-0.05655020
0.34901279
-0.01168806
0.20003193
-0.02427237
-0.01242095
-0.06353171
-0.32389767
0.03080769
-0.01666208
0.17741017
0.17053650
-0.02896792
0.03878992
-0.06801948
0.30046750
0.25442440
-0.42770811
0.01550709
0.29971455
0.09251555
-0.50685294
-0.03438968
0.30369263
-0.05511160
-0.09439161
-0.32526036
0.02265360
0.12732607
-0.07752803
-0.24782553
-0.23812809
0.14671616
-0.15063556
-0.33765174
-0.00072013
0.03791466
0.24873189
-0.10726965
0.06198705
0.02316496
0.15222865
0.14913571
0.12715309
0.20768754
0.09453744
0.21566264
-0.09320153
-0.09247034
0.23815391
-0.38844938
0.09231071
0.14847604
-0.25897676
0.16004629
0.00616605
0.12886079
0.17736112
0.05918883
0.06242625
-0.13474247
0.11491085
0.14958578
-0.09205131
0.32087663
-0.10448318
0.03166205
-0.51266142
0.07519265
0.22911748
-0.00082753
-0.14827555
0.20750954
0.37964343
-0.10029994
0.27430662
0.15841894
-0.17437660
0.04533414
-0.04418768
-0.29894314
-0.26373419
0.25906448
-0.32609892
0.00820966
0.34793218
0.03504361
-0.29515458
0.09138853
0.07135756
-0.08955922
0.00936776
-0.12621794
0.00061116
0.26733851
0.20269343
0.18224161
0.33508648
0.26031279
0.00906425
0.15575019
0.14452574
-0.01384003
-0.31622175
0.19221719
-0.04938285
0.18265871
-0.08730733
0.01754925
-0.11840635
-0.02812604
-0.21402126
-0.16995458
0.19367972
-0.05069832
-0.30014896
-0.03387623
-0.24734695
0.02282889
0.05564969
-0.29751384
0.04437779
-0.10901546
-0.08769975
0.17552290
-0.54399794
0.09343761
0.28903350
0.14069512
-0.17712816
0.22876112
0.04686020
0.11474850
-0.37608158
-0.05226230
-0.12707933
0.08040320
-0.11556427
-0.08664041
0.36510468
-0.23085809
-0.24018370
-0.10315207
0.00225577
-0.08143115
-0.25460577
-0.05251330
-0.22069137
0.20141485
-0.39705366
-0.01612694
0.15256506
-0.10735905
-0.31673154
0.14755178
-0.33452484
0.11331582
-0.16881377
-0.01614883
0.21685029
0.00357821
-0.04103500
-0.14982477
0.00345055
-0.08339638
-0.29805231
0.14704323
0.03181039
-0.11885882
0.14369939
-0.02595458
0.19132643
0.05398399
0.14885240
-0.15862557
-0.02091552
0.33482682
-0.06960140
-0.46106365
-0.06037642
-0.17830690
0.00238920
0.14888279
0.02084103
-0.06513265
0.12567334
0.13214332
0.17783505
-0.11678905
0.18482743
0.24801419
-0.17206214
-0.22504205
0.02805778
0.23689277
-0.26910151
0.29678845
0.17274174
-0.05238902
0.02899107
0.03122742
0.12709529
0.00071932
0.21376902
-0.44930449
-0.01448483
0.11331985
-0.02092408
0.07418840
-0.28381688
0.01557752
0.03325444
0.31694672
-0.03336626
-0.02754029
0.02403914
0.08064820
0.10727247
-0.04283945
-0.08226608
0.14201651
0.30998602
-0.08959281
-0.18480763
-0.23260777
0.30259851
0.14767689
-0.20253538
-0.27725699
-0.11849556
-0.04628936
0.26091639
0.30160776
-0.16695468
-0.11679181
0.23855944
0.30437685
-0.25727757
0.12736182
-0.10744087
-0.24750407
0.02400669
-0.09172695
-0.04881434
-0.10741713
-0.20002669
-0.02182732
-0.15113467
0.12758167
0.19000884
-0.06003698
-0.10763773
0.22861541
0.39971481
0.09173677
0.08411735
0.08712345
-0.37668218
-0.17621663
0.09304738
0.34771592
-0.07857809
-0.10888637
0.31988926
0.27870601
0.37755928
0.33591436
0.00339275
-0.11668401
0.27079465
-0.32594164
0.23098008
0.03100335
0.08738168
-0.37889780
-0.04796667
0.18714068
0.01269090
0.11690268
0.01914583
-0.12793020
0.25188517
0.01876868
0.18344918
0.13172894
-0.24058862
0.19045685
-0.05820910
0.17032113
0.16523704
0.07019610
0.01130384
-0.03746846
-0.12601589
0.02489019
-0.09394383
-0.19850812
-0.14507336
-0.26389935
0.11573300
-0.16027489
-0.04873736
0.08120922
0.08607519
-0.08283027
0.38928891
0.03951019
0.16931046
0.01520941
-0.36666814
-0.21943808
0.22228743
0.16271080
-0.21260591
-0.18046886
-0.05288362
0.21473298
-0.11095532
-0.05036228
-0.37428610
-0.25288836
-0.31373208
0.07711940
0.03002274
-0.16018950
-0.39535398
0.15479794
0.30128375
0.02987143
-0.03806020
-0.02443667
0.04097122
0.08603035
-0.12707932
-0.23433697
0.02888876
-0.00835979
0.08614569
-0.25767533
-0.22359199
0.13617329
-0.01647239
-0.13285649
-0.06512565
-0.00660709
-0.27737123
0.13695574
0.33555052
-0.00746895
-0.21212974
0.14400036
0.03564494
-0.11003807
-0.17199445
0.04024104
0.40378017
0.02991013
0.07828411
-0.09989103
0.26261672
-0.13504699
0.07090632
0.01392046
-0.30021693
0.01046441
-0.30425523
0.25840514
0.01951395
-0.19059440
-0.03625562
-0.02145648
-0.29752872
-0.13168300
-0.25976672
0.06848715
0.12596478
0.09485330
0.13236047
-0.02044184
0.28355819
-0.15368920
-0.07812121
-0.09012878
-0.16255165
0.51061136
-0.17676455
0.07642439
0.04944276
0.01625705
0.05394127
-0.11634836
0.00490760
0.20840102
0.13700126
0.20261198
-0.03092691
0.30415339
0.03924417
-0.32906444
0.13900527
0.08303274
0.07228707
0.11664622
-0.08187837
-0.27083933
0.08759603
-0.26935148
-0.43482821
-0.11357023
-0.14798719
-0.11289606
-0.40590090
-0.35247796
-0.34806521
-0.55898844
-0.31536502
-0.52460503
-0.45248912
-0.03646907
-0.43522781
-0.89647886
-0.06705139
-0.57394813
-0.96227466
-0.53803865
-0.60451385
-0.68743587
-0.07680531
-0.58127953
-0.03206453
0.15248352
0.10760278
-0.10320360
0.14856823
0.45145620
0.35593078
0.78692819
0.86968596
0.88118393
1.01763373
1.11246373
1.06201755
1.32815002
1.17680285
1.35203172
0.84664413
0.72975245
0.84575604
0.88290301
0.87422840
0.77762942
0.83237440
0.59698110
0.42182064
0.24843321
0.11509365
0.03936557
-0.24282677
-0.20743047
-0.46720892
-0.34556238
-0.97541947
-0.83357749
-0.69653137
-0.67393048
-1.00890734
-0.41558947
-0.40451141
-0.75453553
-0.44981632
-0.65876789
-0.34003130
-0.69770161
-0.55366144
-0.24969542
-0.77005766
-0.20926368
-0.18888996
-0.14824395
0.11220481
-0.18822811
-0.09994010
0.03376774
0.16150362
-0.09886463
0.02256944
0.18900861
0.38637880
-0.15452382
0.22348303
0.32164238
-0.32602027
-0.21774791
0.02525966
-0.07846178
0.13995316
-0.11099054
0.07026617
0.27936559
0.05103244
0.48881762
0.05044110
-0.21626529
-0.08171215
0.24134326
-0.08875751
0.00565943
0.14511998
-0.08021045
-0.01825358
0.29757612
0.50846610
-0.03462862
0.12865901
0.17948757
0.03191258
0.06014257
-0.21634830
-0.04646300
-0.04305513
0.03437066
-0.02525241
-0.02975317
0.27376169
0.13766037
0.25426024
-0.16604525
0.04636751
0.13543896
-0.07120827
-0.17230691
0.31392997
-0.09895490
-0.00099668
0.15036265
-0.22399835
-0.25088374
-0.18732969
0.02733107
-0.13621693
0.12587229
0.07027077
-0.20258542
-0.15163393
0.05768571
-0.30996950
-0.21620385
-0.30746425
-0.06375330
-0.22429748
0.04967613
0.04199175
0.22149631
-0.20360725
-0.00897226
-0.02530839
0.24397168
-0.06974663
0.01312025
-0.17816612
0.06908513
-0.38033586
-0.50565450
-0.31536774
-0.16026421
-0.00451182
0.03536195
0.00050307
-0.07940865
0.21058129
-0.08399171
0.10950995
-0.16846309
0.01782078
0.01642582
0.09012701
0.07497228
-0.33609249
-0.02620990
0.21204509
0.10722950
0.16646007
-0.02067620
-0.15319868
0.05590653
-0.00508357
-0.40887436
-0.00104301
0.20377555
-0.12272496
-0.28191661
0.12326052
-0.21597150
-0.20056537
-0.17060461
-0.33162480
0.03381524
0.35931877
-0.01928377
0.19116315
-0.25293626
-0.29687182
-0.28099577
0.33667415
0.25081365
0.03128824
-0.11089129
0.07129652
-0.26101398
0.13659508
-0.07937529
0.14169941
0.11306108
0.23897974
-0.18289438
-0.03420661
-0.31238471
0.12451136
-0.15560565
-0.11771356
0.14448785
0.07085605
-0.01023879
0.22121544
-0.13122776
0.00744935
0.02641320
0.19318762
0.03765999
0.37812146
0.08631773
-0.05627821
0.10847207
0.32774294
0.09510475
-0.26908265
0.22635613
0.12994212
0.11507166
0.52303785
0.30238763
0.15008726
-0.15325089
-0.19075741
0.12386429
-0.13622691
-0.03665421
-0.29583961
0.14978963
0.11117659
-0.12488644
-0.33844934
-0.03497034
0.18203077
-0.14286684
-0.16438084
0.04520125
0.06782136
-0.22053617
-0.48014281
-0.06103240
-0.48713596
-0.07098299
-0.10184321
0.02803790
-0.15538439
-0.01263224
-0.33024401
0.03347833
-0.18257173
0.06456239
0.06733902
-0.25340270
-0.15162645
0.33643488
0.12930433
0.04604187
-0.14984256
-0.25000020
0.08682483
0.03452498
0.06350325
-0.11474740
-0.04639875
-0.03961603
0.25432088
-0.15608248
-0.00056007
-0.11215937
0.16902389
0.07125426
-0.32610141
0.10309823
0.35538359
0.12305743
-0.04385927
0.22264861
-0.32162494
0.01784472
-0.06859278
0.39210175
-0.37417993
-0.00014887
0.11422535
0.19825448
0.17951887
-0.14991142
-0.17282323
0.27960667
-0.07063293
0.04868921
-0.35089126
0.04679952
-0.09056051
-0.10342394
-0.11564845
-0.11108847
-0.23420157
0.09775069
0.14061093
0.01170538
-0.01790459
-0.08830826
-0.18585905
-0.23317817
-0.12024306
-0.24514869
-0.15116400
0.05458747
0.49998926
0.08502204
0.18033375
-0.23978650
-0.39383989
-0.10938886
-0.00968542
-0.12325129
0.06370365
0.16165399
0.05023168
0.13122718
0.09377610
-0.05886358
0.24753861
-0.17245696
0.15460190
-0.05178058
0.36958303
-0.18094203
-0.22063777
-0.21203126
0.18669354
-0.26258638
0.33358433
0.07820169
0.04869211
0.19791654
0.05051785
0.41493204
0.00999799
-0.09306575
0.06385499
0.10360635
-0.02378124
-0.24792879
0.13916548
0.30084216
-0.40600950
0.24784024
0.05057661
-0.02036162
0.22298649
0.20855398
-0.05667521
0.11089237
0.11796167
0.01184909
-0.14347896
-0.11180055
0.07422976
-0.14101721
-0.23807082
0.08469556
0.10167030
-0.01344102
0.09735584
0.08657706
0.11744883
-0.31884183
-0.01952527
-0.08633183
0.05900950
0.14800072
0.05010619
-0.09070225
0.00469503
-0.08518487
-0.36356970
0.14504109
-0.12682394
-0.10470796
0.14233621
0.01645339
-0.01519014
-0.01535999
0.22100466
0.09562736
-0.00134511
-0.19739028
0.01740532
-0.01579530
-0.17577385
-0.12160689
0.35131942
0.09241280
-0.18168032
0.09420175
0.14337942
-0.00990500
0.02661528
-0.04058028
-0.14267025
0.24692295
-0.07088483
-0.05805628
-0.05740516
-0.14966799
0.08049002
0.09135077
0.04960301
0.12386691
0.20663193
0.10578934
-0.12800355
-0.05006993
0.12157769
-0.25396149
-0.08342063
-0.01737673
-0.00731942
0.05319639
-0.13144027
0.12847139
-0.08902788
-0.16983828
-0.21391229
0.15266433
0.01696138
0.06862951
0.00115904
0.11318055
-0.42948462
0.15382867
0.31131825
-0.09754943
-0.07706104
0.19310036
-0.02849773
-0.11953639
-0.12887153
0.11373522
-0.04504515
-0.12153838
0.27185229
-0.24145056
0.07643360
0.16726914
0.13510058
-0.29754716
-0.45232884
0.09512030
0.15468478
0.06131677
0.08997827
0.06524893
0.00850011
0.30397196
-0.20087729
-0.13114575
0.01718089
0.27649861
-0.03100204
0.10970485
0.01339589
0.24407260
-0.02693495
-0.17803748
-0.22947658
0.14257457
-0.13634645
-0.10842046
0.04187943
-0.12523246
-0.19113724
0.13094670
0.17151434
-0.13899633
-0.47881462
0.16463782
0.02074366
-0.02297059
0.04035392
0.10099170
-0.18312308
-0.04581735
-0.01931681
-0.26898559
0.11833549
-0.18567735
0.21526892
-0.01809931
-0.23511579
0.15590443
0.07353993
-0.09725103
-0.21144891
0.30772716
0.05889183
-0.01439157
0.27685203
-0.02930511
-0.28380265
0.27548453
0.11858170
0.28962147
-0.00315495
0.26046261
-0.00944763
-0.23993647
0.01852864
-0.31157296
0.37995937
0.04924523
0.00011924
-0.01427758
-0.07686859
-0.15559730
0.01329287
0.04323520
-0.22545202
0.23089285
-0.14322548
-0.06510346
0.16323137
-0.12699322
-0.33050329
0.21572090
0.04022897
0.11485974
-0.09061844
0.00643532
-0.10637201
0.03872965
0.05690217
-0.05248858
0.14416722
0.17005735
0.06731487
0.13501814
-0.21997625
-0.13608785
-0.17224615
0.11748710
0.38028645
0.34973796
-0.08550482
-0.15143506
0.02616451
0.08769738
0.09864102
0.23816090
0.25345744
-0.08730926
0.26122710
-0.03092529
0.31697512
0.05595440
0.05010890
0.13081715
0.14910759
-0.05439182
-0.02306157
0.11114825
0.11165752
-0.10388757
0.48342174
0.02811286
-0.28087392
0.20299709
-0.04357048
0.01735432
0.08525810
-0.03236122
-0.00421666
-0.07229472
0.20087241
0.01867697
-0.31775917
0.00997188
0.20910064
0.08557829
-0.01392014
-0.25552116
0.04217409
0.05890195
0.16406487
-0.41149984
-0.38726149
0.13008458
-0.00063587
0.01188057
-0.25058806
0.00446401
-0.11514218
0.10954394
0.01859824
0.00148552
-0.02660332
0.11625494
0.04645265
-0.07982164
-0.20984102
0.10992500
0.13249757
0.31217625
-0.29929077
-0.07675189
-0.15051689
0.01690538
0.15822540
-0.41359541
0.10552969
0.11528000
0.16636893
-0.16012668
-0.09388802
-0.27683119
-0.19410275
0.16076664
0.17837993
-0.25930470
-0.15721715
-0.13512523
-0.12251833
0.04067654
-0.07088420
0.17291629
0.32541443
0.18486504
-0.09104127
0.15379346
-0.17102482
0.06729270
-0.15693343
0.42363118
-0.04496091
0.07908312
0.01049024
-0.02063262
-0.15671089
0.04361160
-0.10381858
0.00786526
0.33263237
0.15151617
0.32099067
0.01587649
0.18172376
-0.17587643
0.43704758
-0.29287497
-0.01747131
-0.05927451
0.08000213
-0.20390102
0.22860498
0.03587780
0.10284568
0.05545535
-0.14528303
0.28142319
-0.42679015
-0.15610220
-0.47957116
-0.07812818
0.13175325
-0.11936949
-0.02594707
0.00978048
-0.20400563
0.16882509
0.28394956
-0.00428029
-0.07449055
-0.07154697
0.20973821
-0.37341476
-0.06080505
-0.07284992
0.11946544
-0.04204158
-0.01061073
0.13203343
-0.35556147
0.19794906
-0.02998636
-0.08921178
-0.23610474
0.03309026
0.33075347
0.32355039
0.13088717
-0.18775874
0.17822825
0.06934500
-0.00624786
-0.25103280
0.44587906
-0.05311956
-0.23983351
0.03565658
-0.16206221
-0.09807271
-0.09699471
-0.00130783
0.17782598
-0.04274474
-0.11295766
0.23486263
0.12589305
-0.15688217
-0.13979285
-0.17037309
-0.27234062
-0.06739275
0.10214600
-0.34271385
-0.12553721
-0.08137400
-0.08076655
-0.13334155
0.12184487
-0.14899295
0.14192918
-0.26428543
0.15151236
-0.01442022
-0.17507444
0.33488170
0.25914972
-0.19779216
-0.14083201
0.17336604
-0.09496721
0.04227392
0.27634794
-0.23576179
-0.15855849
-0.22996382
-0.18406970
0.11001493
-0.28508618
0.22474388
0.28141086
-0.06292515
0.01311903
0.43656482
-0.00244645
0.06280283
-0.33539735
-0.10436809
-0.28351550
0.33494416
-0.21522718
-0.12628005
0.00718045
0.06313409
-0.08566142
0.31786357
0.10206494
-0.22564512
-0.06644706
-0.21100071
-0.50326038
0.36980540
0.02940134
0.16478760
-0.08800785
-0.08698006
0.03194775
-0.08868230
-0.35290493
0.04240432
0.13307775
-0.30447502
0.35549291
0.06470649
-0.08921971
-0.04359977
-0.10752675
0.09246856
-0.03908671
0.01373265
-0.02940706
0.24998882
0.11736892
-0.27095579
-0.44578226
-0.00936287
0.04168591
0.10388685
-0.09200505
-0.03494149
-0.15562735
0.22063242
-0.16704615
-0.26290338
-0.12254349
-0.42715709
-0.46386956
0.03293954
-0.24826601
-0.17456565
-0.15117597
0.04194326
-0.06393564
0.01989447
-0.14728469
-0.03724072
0.11938370
-0.06617801
0.27130083
-0.16733699
-0.24775344
0.17577167
-0.08911688
0.27760516
0.30745485
0.05949065
-0.23184327
0.10794167
0.25820178
-0.05483247
-0.41017261
-0.36639088
0.04455324
0.01477756
0.02333309
0.10971846
-0.53436101
0.11450382
-0.08418772
0.16363331
0.06095689
0.14058753
-0.12398725
0.18737190
-0.35246376
-0.30687111
-0.09148878
-0.02689602
-0.02011765
0.25609562
-0.01954959
-0.03580079
-0.17357972
-0.11854429
-0.19801800
0.24999860
0.07793854
-0.15270160
-0.06924137
0.01150238
0.00333159
-0.20224435
0.12085109
-0.13734810
0.10405014
0.55121434
0.03726024
0.13500835
-0.13128991
-0.05397882
0.02068714
-0.05659239
-0.18682433
0.12709536
0.00447836
0.14742573
0.09225998
-0.10081968
0.00275149
-0.33997495
0.23480291
0.02708982
0.20622357
-0.27661787
-0.18648922
-0.29671612
-0.08719149
0.25194125
0.07429476
-0.11347876
0.05031191
-0.04610778
-0.07429081
0.15475572
-0.05405138
0.29594446
0.09100417
0.22794968
0.10040590
-0.14622311
0.08285666
-0.03533460
-0.12663906
0.20116209
0.08943453
-0.19863088
0.19934275
-0.01206169
0.20353931
0.11779459
0.02517441
-0.08345166
-0.16662740
0.04536667
-0.10933169
-0.28377374
-0.30399266
-0.15671820
0.28794619
-0.14559790
0.14934600
-0.14250881
-0.00978014
0.21133570
0.07137161
0.04041311
-0.12578833
0.09701737
0.06940009
-0.09478030
-0.01647720
0.22434351
0.16826462
-0.19284324
0.18524274
0.04430583
-0.07938650
0.01667405
-0.24611999
0.20876141
-0.05268207
-0.16558883
-0.06413616
0.07139581
0.04893793
0.09405219
-0.12258960
0.22840475
0.02588377
-0.05646348
0.14051409
0.41049851
0.15498732
0.22110782
0.10216108
-0.02590847
0.02983793
-0.10768241
0.09078938
-0.05771257
-0.07782222
0.14030396
0.27377369
0.41759532
0.32329383
0.39171569
0.43824257
-0.30331565
-0.02813452
-0.01366602
-0.03027714
0.13157896
-0.08770408
0.13340387
-0.28735782
0.43105703
0.07093960
-0.29027479
-0.01386068
0.06881120
-0.02731480
-0.01140379
-0.21248490
-0.07214454
-0.21924268
-0.27714223
0.17833872
0.02880789
0.02972261
-0.11309455
0.09232751
-0.12883922
0.02792092
0.00937263
-0.29878437
-0.15116482
0.13403373
-0.27338483
0.10182711
0.08656570
-0.00454911
-0.13273291
0.00621961
0.08449406
-0.24662191
-0.17210544
0.20672977
0.36302918
-0.00237990
0.29718164
0.25013499
0.07837507
-0.17785760
-0.26845775
-0.14602195
-0.23586044
-0.07029847
-0.10235004
-0.27312231
-0.00420795
0.18432276
-0.32312292
0.01298557
0.28840726
-0.17693931
