-0.49825296
-1.41576952
0.16216370
0.81918740
1.39447039
0.64760427
-0.30038936
-0.09045015
0.28415517
2.02240062
0.17059364
0.06844150
1.21465952
-2.09539486
1.07224258
2.55552390
-0.42467010
-0.02568585
-1.53275142
-1.56671532
-1.09721906
-1.84103937
2.61561737
-1.01443179
-0.23102111
-0.59439875
-0.05858568
-0.33841087
0.30468242
-1.67470574
0.04474733
0.94815812
0.50779244
1.46717935
-2.15924586
-1.20364812
-0.10640852
1.22108038
0.27722827
0.90880040
-0.96097461
-2.42764772
0.81065283
4.29460948
0.50776040
-0.06282737
0.37961061
-2.45019911
1.72538694
1.41578897
0.31244911
1.09986358
0.96246365
-0.86799193
1.30076488
0.88409726
-1.57097621
-2.05693700
0.75972108
-1.39572309
-0.43636124
-0.74260622
-0.82628574
-0.34156975
-1.31890970
0.26494316
-0.17689251
-1.68002156
-1.49799026
0.31485977
-0.65007219
0.14883881
-1.05889463
0.16609067
0.37214792
-1.39787247
0.66288332
-1.58318083
0.00726918
-1.55617921
-1.01936187
0.69487251
0.02770448
-0.77301233
-0.02999805
-0.10103898
-1.62398412
-3.44579477
-0.77885791
-1.31115936
-0.74953748
-0.20862873
-0.41236638
-0.49789572
-1.93351972
0.83871613
2.52331829
-1.13532875
1.53673786
-0.05529361
0.39903888
-0.14046370
0.33059828
0.62998947
-0.21089452
0.77608032
0.02515371
1.13617083
1.38067399
0.62805307
-0.20794246
0.19892103
-2.06096743
-1.81516165
1.21394699
-0.48675532
-0.40319902
1.11563762
-1.31804255
-1.13454378
-1.81172145
-0.41052035
-0.38174014
0.62308233
-0.07157824
1.25057801
-0.05448793
-0.32586450
-2.14904047
-1.34144778
-0.40082839
-1.80987479
1.19150716
0.52852190
-0.47024554
-1.64752459
1.67162753
1.22281060
-0.25467780
1.53138757
0.76915821
2.44738771
0.40534296
0.33438390
-1.03968978
1.63218953
0.89006640
-1.50066835
0.40093823
0.85445873
-0.12305931
-0.63871333
-0.67050942
1.05163615
-1.42648729
-0.49125820
0.04422365
1.48090643
0.00367953
2.65136225
-0.97940998
-0.09902336
-1.60880489
1.93570033
-0.12208963
-0.87610924
1.75751797
0.18814665
1.57937868
0.89674743
-0.29066510
-0.04532283
-0.34211976
-1.14421183
1.98453382
-0.16798231
-0.26538702
0.33041949
-0.15612020
1.86060527
-0.79218667
0.20826391
-1.08020808
-1.56253746
-1.01551136
1.12615446
0.36421953
-1.65867234
0.43189739
1.17335885
0.11539242
-1.95230598
0.59319105
-0.50494439
-1.45279589
2.20289277
-2.11250215
0.12971106
0.12392444
1.39099740
1.65387540
-0.57348623
-0.75068882
-1.56690130
0.02546545
0.11088816
1.48092337
-1.16272662
0.17582758
0.50343769
-1.50846106
-0.90994663
-1.25951330
0.61069518
-1.26149338
-1.06826630
1.24098195
-0.43578981
-0.59764144
-0.16517631
-0.75657189
-2.18265828
-0.79171853
-0.17767817
1.56473713
0.18274123
-0.99735789
0.22138629
-0.53028077
1.31180607
1.88555247
-0.84626216
0.70486040
1.55845739
1.73569215
1.02360331
1.98121405
-0.52888287
-1.16997312
1.37478052
0.54404110
-0.76857780
1.46025687
1.76775368
0.51629906
0.30946839
0.56269343
-0.82957787
-0.24407904
-1.09062258
-0.60433631
0.38087986
0.67038670
-1.59896624
-0.90056395
0.36621325
0.10581090
0.78509926
0.14610996
-1.66760021
-1.14001657
-0.77947301
-0.41516161
-1.06635416
1.50526259
-1.43312234
-0.79117479
0.36266497
2.55477843
-0.18155100
-0.17643478
-0.83464585
2.06153602
-0.69116430
0.47670335
-0.35117012
-0.03606338
1.20527719
-0.13266537
-0.50380758
-1.82701641
2.10992056
-1.87524746
0.35241884
0.02748202
-1.78172406
0.62261191
-0.47054788
-0.19458648
-0.02541367
0.02457091
1.22437516
0.03916766
-0.69527359
-0.23161932
0.70414743
0.68968261
0.76268226
-0.48733067
-0.64113139
0.41965790
-0.47655935
-0.31022013
0.63705818
-0.43149428
0.69918349
0.31866022
-2.18968529
0.51269389
0.03421892
0.06078362
-0.68978797
0.25672391
-0.10040532
0.10415282
-0.38349028
-0.55200090
-0.04773488
1.02104850
0.43088358
-0.38135689
0.05618882
2.45417905
-0.05006476
1.70906517
0.15864913
0.16127849
2.07888133
0.35508806
0.10637074
-1.12587257
-0.42769791
-1.03416878
-0.04361337
1.08451172
-0.39713267
-1.19968611
0.23639840
-0.99902085
0.83724446
1.15053346
0.29567418
0.57128878
-0.64959387
-1.67343871
-2.63796980
0.70978255
0.33173801
-0.54770121
0.86559242
-0.93651122
-0.98108672
0.05398640
-0.67805883
0.49944542
-0.42098245
1.44361456
-1.54873859
-0.08841023
-3.04606575
-0.62691285
-0.45126912
0.09682122
-0.08385889
-1.13642243
-2.54597913
0.60081203
0.60204384
-1.37793997
0.37984895
-1.12539694
-0.67185615
-0.12907032
-1.65705004
0.85369424
-0.87788750
3.26029568
1.28291215
-0.80540429
1.11644316
1.82672401
-0.95717285
0.95332577
2.38709715
1.43488468
-0.20983554
-0.32669507
1.40315179
0.54203432
-0.07307101
-1.54801941
-0.18084114
0.69229486
1.44915110
-0.34280753
0.98732664
0.89888392
0.55484286
0.59710119
1.34228910
-0.02591787
-0.86465090
-1.15185899
1.24812105
0.01082460
-0.69677967
-2.58353433
0.73347494
-0.64748683
0.25387276
-0.37020844
-0.98290133
1.32738948
-0.49063023
-0.49985855
1.63715522
0.48239934
-1.34790134
-1.35287788
-0.06441743
0.22045238
-0.61569977
1.64278981
0.55420174
-0.87224064
1.37237320
1.41065359
1.81059797
0.16575866
-0.26337771
-0.20436851
-0.60208263
0.26155247
0.60234627
0.37307337
-1.14737245
-0.69893607
0.24097490
-1.49460158
-1.87299681
-2.64617676
-0.16925297
-0.54643894
-2.90912696
0.11837027
0.69754448
-0.87966077
-0.68838430
1.81762191
1.00015307
0.70975619
-0.13986947
-0.17029613
0.03099523
1.12544500
0.99098330
0.28476279
-0.51489429
-2.06437694
-2.53150386
0.00895160
-1.09287609
-1.06647341
1.13407243
-0.66625336
-2.32254708
-2.07362793
1.79692746
0.74392546
-0.48544345
0.36681639
1.08036072
-0.31945899
0.05769799
1.19937311
1.13090496
-2.00674218
-0.43349802
-0.62599887
0.85987117
-1.19413735
-0.09430961
1.80836982
-1.86778533
-0.79705004
0.33019467
1.72548189
-1.15667092
2.24859601
-1.12100211
1.11320599
-1.03889920
-0.00064722
0.77791400
1.56423476
0.48181330
-0.88807912
0.45880046
-0.73290163
-0.81321394
-0.37390244
0.98384860
0.09302011
-0.15954416
0.72009535
0.93907579
-0.35461043
-1.10886589
-0.46691352
-1.65638160
0.70490548
-1.15242834
-1.80546327
-1.20818974
-2.14462707
1.68848330
-0.25273353
-0.52039062
-2.39607026
0.14015346
-1.25173171
-0.40460802
0.90702224
-1.17154795
-0.45978996
2.03783818
0.48599090
-0.58536362
1.78233380
0.90961262
-1.52669388
1.05863511
0.65910628
0.86187093
1.54668737
0.66966552
2.06963543
0.07407092
-1.67535431
0.24323115
3.77166991
-2.09767718
0.26192248
-1.09174989
0.28669435
0.64533482
-0.33355624
-1.39490319
0.62527582
0.02240203
-0.83297419
0.83802976
-0.02808328
-0.23920222
-1.17437656
0.59998662
0.64438212
-0.06614532
0.39284283
0.75230675
0.85626847
-1.15207839
0.51524809
-0.38017982
-0.93631509
-3.35889604
-0.69944861
0.44757823
-0.95920658
0.02644572
0.24852320
1.76819900
1.26582391
1.70764922
-0.73109950
0.82925984
0.35828192
-0.01707548
1.08725720
0.45737634
-0.49235949
0.25942935
-0.83306436
0.15644234
-0.96411836
0.01749528
0.39487583
0.40519216
-0.82808280
0.44191045
2.03830266
1.00774662
1.08389017
-2.23444381
0.24175240
-0.02833897
-1.17347531
-1.28445176
1.00296086
1.21080936
0.79851629
1.14075765
0.53039340
0.48900314
-0.08621951
-0.45082488
-2.53009534
1.57849595
-0.14801012
-0.14903611
-0.34936243
0.06761105
-0.13769597
-0.02487269
-2.67550955
0.38577354
1.01898386
0.50866583
2.53887237
-1.03059132
-1.19645059
1.78743315
1.26760109
1.65649832
-0.17337339
0.17518522
2.66261200
0.56379466
0.85486018
0.89199360
-1.40350174
-1.69695924
-0.91194410
0.40312699
-1.20834053
0.02965474
0.95624554
2.49415431
2.94746142
-1.50400014
-0.08190674
0.13920271
1.39986551
-0.89394423
1.80669034
0.00059375
1.27598699
0.05250181
-0.20554195
-3.53181429
0.27761693
1.75025936
-0.30942607
-0.80532896
0.58612489
-2.04841637
-1.79818581
-1.10933730
0.22268149
-0.61520233
0.59212404
0.39178961
-0.36594154
1.47343350
0.05232176
0.76029416
0.15361672
-1.43835120
-1.14983782
0.57724968
0.23629514
1.23515355
-0.51816796
1.99309443
-1.12854350
1.97593859
-0.04077865
1.89972529
-0.30060165
-2.40402300
1.70128020
-0.99685696
0.04849307
-0.38119863
0.08226670
0.55189952
-0.64832763
1.10742107
-0.19286304
-0.99999903
-0.81249521
-0.01638837
1.99471969
1.03724694
-0.81774643
0.98830095
0.00496322
1.29798458
-1.21536329
1.64569818
0.58257514
1.64479247
0.15772073
-1.12787238
1.93095424
-1.66234122
-0.61282858
0.93386903
-0.13209063
-0.67252890
-0.62202543
0.21220600
3.14199496
-1.72998296
0.24487542
0.27795432
-1.67984612
1.12977957
-0.00911116
0.54417510
2.30774641
-1.26717405
0.44359391
2.41970101
0.17883401
0.78259715
-0.13123434
-1.95035021
1.96533952
-1.14800607
1.84314636
0.83815612
0.28722683
-0.26541898
-0.11689587
-0.99459432
1.32089255
-2.86077685
-1.20492999
0.84548365
-0.33073874
-0.80173249
-0.39301416
2.36684416
-0.77121946
-1.94429483
0.27535280
-1.93445883
-0.58477595
0.57231561
0.92863681
2.16212445
0.32029934
0.76144851
0.60266248
0.89650107
1.22993349
-0.37229161
-0.89142309
2.06280479
0.65978564
-1.25229164
0.22515890
0.12676746
-0.46669199
1.84783912
-0.53875329
0.43931424
0.26572335
-1.32277795
1.08590835
3.64952004
1.32251452
-1.90739168
-1.36980654
-1.65093180
1.17775145
0.33754255
0.68128788
-1.04771465
-0.23507626
-0.14700311
-0.21106577
-0.27035354
-1.44165781
1.05737201
-0.38252204
1.16078304
-0.07028317
0.80216280
-0.92237891
0.15018883
0.39179901
0.74622175
0.00959769
1.13355930
-0.41491446
1.29385252
-0.32540057
-0.18922766
3.21561643
0.78021795
-0.53180415
2.09388798
0.81900751
-1.33432979
1.16222405
-0.94014669
0.61373810
0.71726460
-1.70933342
-1.01419487
0.48449549
-1.27246419
1.81945124
-1.06448596
1.45757552
-0.38764086
2.76170638
0.57679008
1.17926685
0.02308582
-0.31214973
-2.02183087
0.37756961
1.27220705
-1.55101299
0.60718817
0.74763021
-0.36707150
-2.40476440
1.92173417
1.27929933
0.48971933
-0.23402612
-0.40450235
-0.45413116
-0.11502707
-1.05495632
-0.46238293
-0.51028886
0.23250375
-1.42493387
-0.30271664
-0.72307638
-1.70946753
-0.81149391
-0.00882937
-1.09838959
1.19338999
-0.34668455
1.21459883
-1.80041463
1.04593900
0.89836863
-1.01414474
-0.78864480
2.52232203
0.20801644
1.38712517
-0.00236292
1.49960743
-0.50337334
-0.21471028
1.13061100
0.94366446
0.50705057
-1.86065671
-1.30430307
0.55835188
0.84081730
2.40647525
-0.16948092
0.67923460
0.74634860
0.54459875
-0.38209867
-0.21964139
-0.71336601
0.95256826
0.75974078
1.13750210
0.39204078
0.49061006
-1.18199220
0.51658444
3.12661755
-1.53124143
-0.44476504
0.98338203
0.18326753
-0.45408001
-0.44329992
1.68585192
0.62545198
-0.07147111
0.77715306
0.61284992
2.85969334
0.71185032
-0.24706027
-0.42170011
-0.92148396
0.74739903
0.08095010
1.01779512
-2.47530959
1.30719538
-0.71966675
-0.85496424
-0.50757064
-0.24937236
-1.10006257
-0.75149232
-0.25144187
-1.61336699
0.25330098
0.25103305
0.45783882
1.79875309
-0.62873622
0.12899575
1.31292202
-0.54114383
0.63193253
-2.19121590
-1.39190715
0.27831903
0.98463716
1.06076949
-0.53065166
1.61041710
0.55764104
0.16558382
0.11670577
0.34350338
0.51347550
0.17079361
-0.74968003
1.35841256
0.29957435
1.46712884
1.01808512
0.61621022
-1.11375012
-0.43909826
-0.39757586
0.79232174
-1.44223300
-0.48512513
-0.16393552
0.82809788
1.60611845
0.74148647
-2.14475556
-0.10948997
1.26890004
1.11651012
-1.10487914
0.02880265
-1.57781075
-1.89189183
-1.77130556
-2.31362217
-1.17225810
1.58271698
-1.23388303
-0.51409486
-2.26765276
1.36229448
-1.08243694
0.36617583
-2.17686853
-1.68377837
-0.53083775
-0.42060468
0.47138466
-1.10609585
-0.94636352
-0.22468228
-0.13764966
-0.72076490
-0.00103133
0.16420412
1.00548347
0.76240030
2.15890147
2.02811517
0.35592761
2.72876875
2.30377623
1.24008254
0.52626743
0.95198271
0.17598862
-0.59672386
-0.06861145
1.36030505
-0.44728297
0.65070263
-0.89610456
1.23710875
-0.54795722
-0.66791358
-0.20682372
-0.57500734
0.86830293
1.57414161
0.50439700
-0.29874951
1.90504743
0.22463261
-0.08677730
-0.26863366
-0.64867449
-0.01152104
0.02348142
0.12677239
-0.42235991
-0.66004485
-0.76038126
-0.21514554
-1.96606048
1.40258900
-0.43923250
-0.27472611
-0.65015603
0.72710898
0.00819118
-0.05833736
-1.69879318
-0.61844608
0.15001392
-0.35991953
0.04816754
0.39254896
-1.22028830
0.95078641
-2.07078950
-1.75454106
-0.27191751
-1.33049628
0.81793987
0.35265588
-0.54497145
0.26019708
-0.64794881
0.56407051
-1.48305200
-0.03461531
0.22814884
-0.21091878
0.45284672
0.69000857
1.14163838
0.63239337
1.63360657
0.10540453
0.23740972
1.00945147
0.39039626
-0.28476338
0.99124850
-1.70782196
0.31145657
1.56004475
-0.90357284
0.40473993
-1.22343805
-1.36387646
1.36763679
1.66214412
1.38237567
-0.39864822
-1.64640165
-0.54771725
0.38351352
0.72312798
1.06525440
-1.03151346
-0.89981817
1.32678673
1.02737757
-1.81354484
-0.93995315
1.81856226
-1.19629733
0.17897802
-0.84004788
-0.66760783
2.12937744
1.53818347
-1.06504601
-1.69947026
1.34133420
1.50110864
-0.88557027
0.14123046
-1.74435307
-0.26195473
2.65482518
-0.85162166
-0.74445824
0.86905588
1.28930477
0.12656942
-0.71959658
-0.39683839
0.93562021
0.63448896
-0.32932355
1.12686605
-1.23574747
0.38612041
-1.14758366
1.55701324
-0.69216574
-1.44067012
0.84411305
-0.12121693
-0.86821165
-1.10694579
-1.23899693
-1.11304270
-0.15500528
-1.06110527
-2.20527381
-0.50836379
0.10538946
0.15403447
-0.44818689
-2.45701134
0.24617972
0.43989723
-1.83641134
-1.15700904
0.23738197
1.01250343
0.33257755
1.71976947
1.32919781
0.89782468
1.26615386
-1.53084127
0.67387431
0.37345329
1.81199010
-0.67593613
-1.41592217
-1.69560797
-2.64937030
2.12055951
-2.47653495
-0.42488692
-1.00921374
0.35275541
-1.37794396
-0.74152131
1.14763553
1.62607583
-1.35631217
-2.06424661
-1.56412807
-0.23006158
0.98938175
-0.26244974
-1.02815559
1.36492739
-1.22167246
1.73897296
-2.35214756
-0.36672243
-0.75742813
0.51345805
1.11362203
1.21355504
1.49846500
-0.58615272
-1.18333459
0.36936084
0.50128506
-1.26441040
1.42761733
-1.95453133
0.81612436
2.19793195
1.09470000
1.35081471
0.70925857
-0.91517038
1.45574499
-1.74091701
-1.20588543
-0.40007527
0.69726960
2.01049780
1.02947245
-0.39419424
0.40665357
0.50490469
-1.22224423
0.79453789
-1.72380817
0.17307352
-0.18746939
-1.12858104
1.79308044
-1.77586815
-2.19776949
-1.23685698
0.26953848
-0.53175297
0.12739956
0.32806765
0.46658949
-1.94136452
0.97542392
-1.54723415
1.24259040
-0.98101338
-2.57603878
1.26326321
-2.64830703
0.85262741
1.20210954
0.05968058
-0.63101596
0.04103478
1.53733222
0.33699634
0.82505358
-0.87493075
-0.87556629
0.29154680
0.20555086
0.75767187
-0.60801680
1.04058371
0.99892014
1.09620826
-1.21168736
-0.17392963
-0.00673408
-0.21286656
0.45582875
1.00707123
-0.86090648
1.19027511
0.68029609
1.20489942
0.14047032
-0.61059504
1.31215832
0.75323456
0.10679097
0.27031384
-0.87519849
1.14335121
-0.37801723
2.14894137
-1.64577079
1.32136859
0.11050387
-2.00100676
-0.15114112
-0.86932078
0.33585525
-1.78334990
-1.37714289
1.56642059
0.18226307
0.68020815
0.11306437
-0.36359449
0.30602807
0.14404838
0.02457717
1.08101018
0.01368551
-0.60106068
1.41061294
0.42721391
0.71097671
-0.65580792
-0.76384373
0.35798487
-1.07750443
-1.06521215
1.53331357
1.18059625
-0.17342995
0.37427194
-0.44300733
0.04365779
-0.39519633
0.25895449
-0.27851415
-1.79225863
0.27571630
-0.19904421
1.29208766
1.49255174
0.08798765
0.20686132
-0.97468199
0.98275701
1.17216247
0.64093988
1.07663500
1.79561532
-0.87318373
0.33200695
-0.42572959
2.09322899
0.33323534
-0.83385973
-0.03973612
-2.80227852
-0.32502288
-0.16147589
1.40387015
-2.44184147
0.06628531
-0.91872764
-0.64164159
1.65319709
0.47815883
-0.46986490
0.65740629
-0.68800633
-1.74414436
-1.64909533
-0.49995935
-1.37215084
-0.59189668
1.43040761
-2.06645016
-0.74639726
-0.78892662
-0.93438671
1.32615028
-0.41921133
0.75253089
-0.16266247
-1.12940619
0.03870364
-1.09336681
0.35607586
1.06888912
-0.92308494
-0.67580824
1.93362198
-1.33225486
0.89078561
-1.48324811
1.63962352
-0.39640002
-0.95116611
1.20308667
-0.98791051
-0.15435738
-0.72654404
0.51578995
-0.88487807
-0.18319388
0.40005385
-2.50113640
0.89895693
1.50238631
0.49675778
-2.54089145
-1.47411392
0.40340736
-0.60172887
0.13547884
0.51930465
0.32889336
-0.77889339
0.63772853
-0.40525914
0.76882140
0.27845692
1.09199292
0.50014318
-0.91502560
-1.59160072
-3.37179486
2.55265503
1.06293374
-1.54200104
0.18201092
1.77714073
-0.13277987
0.44877101
-0.27357482
-0.03605751
1.57846828
-3.16893030
-0.21839093
0.20916063
0.09023274
1.40992827
-0.81316261
-0.64088898
0.25605248
-1.21203580
1.32039360
-1.03194733
1.05072061
-2.00317935
0.78792638
0.31518140
-0.59460463
-0.97900570
2.68181431
0.49465679
-1.41960671
-1.00750610
-0.66981820
0.45284738
-1.50819992
0.22115856
-0.15023631
-2.46538627
-2.45065544
-0.29703225
-0.74145492
1.75182154
-1.57360575
0.10946526
0.57112267
0.70808092
-1.04245103
1.30079790
-1.11674003
1.16908313
-1.95201413
1.87348345
0.79778521
1.55718765
-0.23888003
0.39680487
0.55162963
-3.31691205
-0.54507439
0.05685554
2.47345621
-0.96754206
-1.59448291
0.95482316
-0.49501138
-0.10711030
-0.86679106
-0.89328531
-0.17372762
-0.38844144
-0.25568725
-0.12489531
1.23678042
-0.15584029
-0.25610821
-0.05086193
1.34937000
-0.04106419
0.53972892
-0.51735280
-0.06480091
0.03910487
0.03877946
0.04747930
1.53022151
-0.65346970
1.02082155
-0.91257840
0.05847473
-0.54660523
0.87975295
1.86104164
-1.04921136
0.04533105
1.47610963
1.39251734
1.26492189
-1.39651900
-0.63719219
1.81959381
0.91503949
-0.17438965
2.64977328
1.21124782
-0.95660571
0.93021150
0.87808248
-0.95763315
1.52697097
-1.00092695
2.35883070
-1.33016735
1.25145488
2.21715237
-0.15942390
0.12990377
0.61775118
0.46641484
-1.97644002
-0.96044810
1.19923351
-1.75502430
0.92119342
-0.25539068
-0.95343629
0.79620888
1.08358819
0.16670484
-0.03558865
3.58496490
-1.11985630
-1.62999232
1.00675730
-0.97233065
0.42371994
-0.77399174
0.46902692
-2.56207548
-1.06197792
0.45192743
-1.42585714
-0.83425566
-0.67635856
-0.14141301
-0.99067524
0.88567389
0.91890474
0.80278835
-1.04603648
0.82966565
-0.35687576
0.55455650
-0.45075371
0.13328560
1.17409175
0.24538654
-0.69742883
0.40261240
0.81314588
0.62926131
-0.76754031
0.89511016
-0.22791816
-0.18362127
0.09032777
-1.44323488
-0.41385377
-1.18513535
1.48769165
0.47263345
-0.54585627
-1.49443390
0.07528524
1.57081226
0.32687970
0.28370774
1.77818568
0.80912117
-0.80994752
0.82677913
-1.03483051
-0.10235191
-2.11454057
0.90302942
0.68418956
1.62317093
-0.74433298
-1.59618914
-0.56332871
-1.52481729
0.45651402
1.55060235
1.00646042
1.30229260
0.56548249
-0.49313848
-1.80550272
1.17785838
1.08064319
1.79035944
-1.14410306
-1.16244977
-0.26371124
-0.63857457
0.18457955
0.22641583
-2.89209444
-0.46122497
0.06768743
-2.64543387
1.00571475
0.82945947
-1.21558753
0.11004322
0.63728922
-1.55297212
-1.29318247
2.13757001
1.09722435
3.02132902
-0.76174332
-0.22553602
1.20898021
-0.56393096
0.07931834
0.44628518
-2.21455571
-0.05625971
2.98176143
0.22603010
0.28677351
-0.58278144
-2.85916921
-1.04984398
-1.38092377
-2.30891505
-2.21603935
-0.20870217
-0.08559881
-0.82840384
0.16499159
0.60502495
0.15283041
-2.02851297
-2.32387578
2.46200576
-0.48703057
1.51724040
0.56785395
-2.15945924
-0.78507056
0.15396295
-1.84654506
-1.00538370
1.59486023
0.69156241
1.22409863
2.06655227
-2.06014199
-1.05032159
1.19511811
0.32833028
0.70218801
-0.72172068
0.13599032
1.45136029
0.12197679
-1.66739657
-2.39168017
-0.81863539
-1.26854235
0.00645355
-1.26318184
0.82110558
-1.79374799
0.04850697
-0.65924413
2.80653745
-0.58375052
1.18595139
-1.58733033
-0.09273508
0.64295624
-0.44004239
-1.59478135
0.34141594
-0.31446628
1.54965769
1.90989899
1.10746191
0.63273915
-0.10487495
0.63599609
1.00528666
0.72945034
-0.66510962
-0.45224598
0.28534072
0.12409148
0.86464707
0.86283535
1.57232270
1.31193245
0.51377979
-0.73813726
-0.85213560
2.23230849
1.68727292
-1.00390559
0.10656657
1.38349639
-0.87709012
-1.81157664
1.05551707
0.26062739
-0.07150492
0.11339032
-0.40133862
0.52589370
-1.32899747
0.18183739
-1.41213977
-0.33391795
0.46743958
0.05036409
0.10487066
0.72909893
-2.34545153
-0.34368843
-2.83687378
-2.38001401
-1.02741626
-1.00398855
0.65214414
0.85445698
-0.20474183
-2.01015555
-0.25935759
-1.55144304
0.55480171
-0.60890566
0.16160415
2.36318875
1.32428795
0.15410388
1.29847746
-0.63515288
1.85570585
-0.10594001
1.35092484
1.59143781
-0.56272003
0.29136142
-0.50131529
0.21565555
0.81075576
-1.07956012
-0.90205737
-1.35003395
-0.26346763
0.86650070
-0.62656699
0.90937552
-0.77249776
-0.33058869
1.20153639
-1.62149528
1.06656964
0.54965021
-0.76719256
1.62063795
-0.76840555
-0.94306714
-0.21103627
-0.64074921
1.79583917
-2.47588680
-0.37050598
-2.38449045
-0.51222593
-0.41706678
-0.29771599
-0.34329096
-0.84134134
-2.05545267
-1.30937342
-0.42335969
-0.97523870
0.98229513
0.26008754
0.88870707
0.03778238
-2.06557793
1.17420921
0.00425635
-1.44100123
-0.61820829
0.40470054
0.68997579
-1.40625771
1.59095761
-0.77406904
-1.03893357
-0.41000240
-1.35680958
-0.30295640
-1.04627111
-1.11569671
-0.98132963
1.74926962
0.27875344
0.21469430
-0.25199019
0.47396461
0.00132486
0.86737063
1.37026742
0.42631902
-0.44027238
-0.56023251
-0.96730704
0.26931034
-1.98319000
1.19584486
1.52233802
1.42900152
-0.65450320
0.37709323
0.18516505
0.27336525
-0.84944961
-0.47849072
0.96428653
1.38105381
0.88134300
0.72366867
1.43772558
1.11112899
-0.55985357
1.05121623
-0.96958387
-0.88878621
-0.51801204
-1.40071931
0.78510479
-0.72193355
0.07322943
1.87877266
1.02354241
0.24026977
0.30292545
-2.31700843
2.50040441
-2.94691759
1.06336569
-0.63486190
-0.69873336
1.81288280
-0.60046234
-0.35881862
-2.12983511
-0.58366148
1.93199867
1.48230805
-0.16406463
0.14554770
0.47336448
1.80560798
0.33307654
0.35751094
-1.91520025
0.10143267
-0.89028847
0.73753444
0.83611696
0.68496656
1.71566897
1.70043233
1.96901599
-0.84020523
-1.74881574
0.46291510
-1.77334869
1.38184999
-0.74967006
-0.59070262
-1.38803029
-1.16738347
-0.09584011
0.40746991
-0.50696082
-1.20618065
-0.98264891
0.88812641
-1.06844473
1.00554091
-1.17979880
0.42666610
1.39177800
1.22685709
0.20009386
0.13354435
-0.69924518
-0.82483255
0.27412579
-0.07796484
0.13754737
-0.99176167
0.80578798
0.15340028
0.54093723
0.79647512
0.94846986
0.32251388
-0.53966018
0.97062668
-0.47864077
0.30959553
-0.31203139
0.52606997
0.48588603
-0.99869249
0.82932636
1.99816734
0.56843995
1.10326556
-0.44259673
0.30487914
-0.52728034
1.04852544
-0.31368766
-0.66225199
-0.13837197
-0.75674536
2.47273197
1.18758617
2.56073450
1.51456506
1.23310165
0.11161461
-1.12316762
-1.51858377
0.05863014
0.89527735
-1.44557024
-0.14001772
-1.26158545
-0.46380969
1.35103099
1.21894024
-0.95077881
-1.66737854
-0.62077539
-0.19346502
-0.42734728
-2.21858493
3.95224832
1.02999281
-0.59105142
-1.91393297
-1.31814213
1.22740298
-2.70778662
-0.52073590
1.01985642
-0.57989327
-0.11753565
0.13212276
-0.57290326
0.33309665
-1.79648953
0.19622709
-1.51263926
-0.33662529
-1.72239832
-0.93274145
0.12412465
0.72582336
-1.52371245
-0.76017258
0.25306057
0.90048191
-0.98684489
-0.13717443
0.90406417
0.41964909
-0.21870115
0.28293446
0.04248452
-1.28504550
-0.58517553
-0.99936877
-0.67691751
0.21400502
-1.15632571
-0.19425898
-0.18928919
-0.66557241
0.63134160
-0.69226653
-1.03573326
-0.30887778
0.56511368
0.14452470
0.95150410
-1.25922985
0.82983072
1.57873106
-0.62672460
-1.21420200
0.41177406
0.24241244
0.30212701
-1.22232942
0.53528884
