-1.02018228
0.20376736
0.89742245
-0.23059993
0.51164690
-0.48771884
0.03728907
0.05772735
-0.31608882
0.76193413
0.28934391
0.86554729
0.52583143
-0.45229058
0.87244376
0.47509434
0.27422523
1.21612502
0.51124548
-1.41130136
-0.34622562
-0.50778022
0.59604317
-0.65360871
0.08553921
0.72663940
-0.66844947
0.13461558
-1.16052286
1.50387599
-0.35349923
-0.65912302
0.09013154
-0.79202317
-1.13990590
-0.63675818
-0.02644985
0.53077083
-0.12307974
-0.83326220
0.30556849
0.78191244
-1.67586304
0.47696269
0.24108031
-0.09443825
-0.38559889
-0.36730842
0.05713604
-0.39988433
0.48319833
-1.19623575
-0.13666116
-0.66855141
-0.86829470
-0.80363464
0.12868811
-1.30269365
0.15394160
-1.36624879
-0.68444510
-0.22934442
0.13155670
0.34393367
0.36672622
1.30240948
0.81353825
0.59094051
-0.84006641
-0.90520266
-0.45294851
-0.99088471
-0.40303378
0.76942704
-0.55611416
0.55462006
0.22741287
-0.36583085
0.34075986
-0.21689672
0.15335912
-0.59011690
0.33895674
-0.70530375
-1.16667905
-0.90538552
-0.19070387
-1.06562014
-0.58793614
0.12829632
-0.82296540
-0.68667388
-0.90229410
0.10506079
0.92041913
-0.24238708
0.53826751
1.08938083
0.02422436
0.54048640
0.61616785
-1.19294410
1.63181168
0.49311821
-0.25293371
0.97756357
-1.15197058
-0.65987785
-0.29506682
-0.09115593
-1.59869305
-1.51173025
-1.25082707
-0.44784712
-0.97186395
-0.05505507
1.07504697
-0.11966676
-0.16383921
0.74590465
-0.93679112
1.17770049
-0.37289369
0.54252796
-0.53327210
-0.01101116
0.89181453
0.32530957
0.10005536
0.55757884
-0.70909077
0.21861114
-0.76446464
0.02440157
-1.09975458
0.03324250
0.12620365
-0.32417349
1.16878046
-0.80863426
-0.06240192
-0.42011659
-1.02647287
0.85108205
0.18799502
-0.32219433
-0.22945522
0.03071079
0.62342655
-0.42892945
0.20058524
-0.64686405
0.50720527
0.15891307
0.23435776
-0.42135709
-0.32726342
-0.40802198
0.22493387
1.11884240
-0.10085268
0.92232206
-1.13696817
-0.45912154
0.44707436
-0.40539974
0.40244002
0.20301769
-0.23440986
-0.29983229
-0.36317633
0.94537368
0.19715970
0.47239033
0.80862578
0.17350330
0.95674813
0.82066136
-1.09781044
-0.88195199
0.04916010
-0.75893880
0.58029220
0.45998880
1.34676386
0.91789783
-0.27413199
-0.72390736
0.65943067
-0.16898020
0.01785976
-0.49632514
-0.32954783
-0.03109879
0.33008409
0.17291463
-0.06882225
-0.59329646
-0.93142038
0.69280573
0.34261320
0.51257512
-0.12364580
0.39704350
-0.16684596
0.19302220
0.14856959
-0.46014314
-0.15276326
-1.02064375
1.14312837
-0.68384110
-0.94471618
0.25665618
-0.87006234
-0.31933484
0.66249045
-1.04512594
0.22034403
-0.41737507
-0.83961111
-0.74510432
0.26137586
-0.35826932
0.22905261
-0.14251926
0.21443629
-0.89084704
0.58314767
1.24458586
-0.61748431
-1.47052566
0.19607503
0.56903569
0.80644462
-0.06782984
-1.26221949
-0.35314436
0.50075508
1.06217906
-0.57601700
-1.02109339
-0.37353048
-0.79790338
-0.81807082
0.02887049
0.35517743
0.08186211
1.56646762
-0.65564890
-0.23111713
1.48295138
-1.01762431
-0.70001114
-0.13542279
0.60019471
0.64992904
-0.08166281
0.20880238
-1.07351213
0.36789549
0.09487898
-1.14288221
0.03665007
-1.00570466
-0.58023628
0.84176514
-1.12932669
1.49948284
0.06677916
0.36198679
-0.44679978
-0.41774373
-1.37701934
-0.06885974
-0.97640055
-0.88189246
-0.21299182
1.67210451
1.10166628
-1.47764350
-1.01540712
-0.00530614
-0.53003283
0.71227176
0.22900582
0.93372782
0.90667784
0.24072473
-0.70989385
0.16571398
1.28083829
-0.36608730
-0.70986847
0.04005259
0.66579247
0.86865834
0.18364896
-0.88625537
0.23149133
1.49387944
0.88534616
-1.17586692
-0.81390731
-0.31045634
0.15594543
-0.06885675
0.07284631
0.79160140
-0.36876253
-0.13838170
0.26447476
0.09117836
-1.01291922
-0.98495072
-1.08741799
0.37012315
0.13865633
0.02286490
1.27893889
-0.37285061
-0.27689162
0.63895185
-0.84516277
-1.20855341
0.42471322
-0.19807844
-0.32617575
-0.39210012
0.49977652
-0.78859197
0.32335891
0.77830822
0.02586915
0.93955507
-0.35101306
0.72800511
0.45206128
0.09641440
0.32389888
-0.47989981
0.09538714
-1.10984293
0.20125902
-0.22110536
1.26442482
0.68977353
0.18989626
-0.63683433
0.13474424
0.53739364
0.30474386
1.14440117
-0.39390927
0.13329963
0.24404220
0.69331838
-0.20686309
0.16381308
-0.17172295
-0.90084610
0.63320822
-0.26238635
0.74849887
-0.93273390
-0.15929217
0.35577996
0.49549819
0.86115833
0.49516801
-0.55455561
0.95631700
-0.16718139
0.81773779
-0.83680832
0.46036549
0.30487082
0.64537477
1.00369438
0.26129211
-0.00233235
1.74320587
-0.47160320
-0.23334907
0.09325846
0.69854250
-1.37046706
0.25367352
0.25965384
-0.31770823
-0.89073442
0.89743399
-0.15888677
0.55759001
1.03313255
-0.01687332
-1.36137963
-0.73221925
0.06845581
0.01880356
-0.21832572
0.71194245
0.27229074
-0.77943700
0.20258077
0.48379226
-0.33419743
-1.79396632
0.94323579
-0.62907184
-0.38244317
0.81191553
-0.83979578
0.60674836
-1.43728884
1.17445548
-0.70529334
-0.45288250
0.90607842
0.61754810
0.75988594
0.48559893
0.52113699
-1.49648547
-0.59432200
-0.74713507
0.71787783
-0.32387367
-0.24312288
-0.93819567
0.47215680
-0.67857328
0.60362732
0.31289543
0.14370619
-0.12317897
0.60990810
1.20012979
-0.67988424
-0.02870914
0.02642214
0.37214590
1.54982753
0.07771984
0.05395291
-0.33142826
-0.14696962
0.38182012
-0.66733728
-0.40937550
1.36778520
1.03617730
0.31726036
-0.49397652
1.03498909
-0.70080020
-0.29898567
0.60584115
-0.21068317
0.63254824
0.59046505
0.04236123
-0.87998266
0.30612064
-2.56457355
0.65733614
0.40256304
-0.51527035
0.48850121
0.09501742
0.80062171
0.50350218
-0.20574841
0.67057450
-1.15102095
-0.03357178
0.16494644
0.30442142
-0.22510051
0.07014480
-1.21459682
-0.58749877
-0.47776076
-0.23476072
0.27880121
0.06173723
0.73442913
-1.26460708
0.59424082
0.08262258
-0.85293731
-0.34819299
0.48595281
-0.41581229
0.20992665
0.16605989
-0.32479847
0.18128144
-0.84727467
-0.83572271
-0.03128501
-1.15463109
-0.90685190
0.79124571
0.14815677
1.24694162
-0.98116110
0.81022905
0.19114569
-0.41738363
-0.10722062
0.34031526
-0.09138229
-0.05176102
-0.25538122
-0.18874185
-0.81584102
0.42764568
0.13807033
-0.85191493
0.82272659
1.61310336
-0.25396251
-0.70842608
-0.30884976
0.58023233
-0.09921959
-0.21945143
0.89704161
0.78457030
-0.66801798
-0.74488809
-0.54713147
0.45558919
1.02512926
-0.03678816
-0.94232420
-0.82541134
-0.20402511
-1.22440207
-0.75777186
-0.12333053
0.10723711
-0.75828904
-0.30409136
0.73454138
0.09715637
0.81834600
0.63742594
1.44966781
0.80199982
-0.66761375
1.28773536
0.94967882
-0.74022192
0.39632705
-1.12871376
-0.00467129
-0.42914134
-0.12530510
-0.71929356
-0.54639319
-0.53308613
0.10872416
-1.07879769
0.10071600
0.82562931
0.26699222
-0.46784966
0.76202686
0.02834618
-0.81467520
-0.57652572
-0.45162934
-0.56304063
0.77728022
1.05701140
0.49548459
0.76880683
0.05955545
1.36933960
-0.33693152
-1.69838804
-0.32809206
0.86103619
0.64594196
0.46980975
-0.12050550
-0.94986523
0.61255808
-0.17411946
0.57208276
0.72168815
-0.66688745
-0.53195911
0.87769090
0.34945435
0.47182210
0.40219876
0.52664986
-0.83962947
0.34359202
-0.58270873
0.71274756
-0.36370027
-0.11040061
-0.00284296
-0.24873121
-1.43772085
-0.99156593
1.62632276
-0.60620846
0.25409952
-0.15058563
1.10198507
0.39339966
-0.12521291
-0.47533170
-0.50500414
0.18042335
-0.74336777
0.03029135
-0.08865205
1.45454683
0.28309199
0.61929851
-0.56998482
0.70895052
0.68086401
-0.50597668
0.04610365
-0.47340151
0.72394038
2.06598196
0.39049206
-0.24104552
-0.16243572
-0.50326070
0.84264025
-0.59370461
-0.70814576
-0.71918263
0.98847300
-0.94205079
0.48609086
-1.34710475
1.11280272
0.52231031
0.63298068
-0.79810800
0.60691366
-0.46800782
-0.56229198
-0.42892794
-0.22512820
1.09115023
0.03052156
-0.32790039
0.35992210
-0.53953453
-1.46970999
-0.76068276
-1.05456541
0.62272034
-0.32086780
0.13079664
0.36478101
0.07062487
-0.95985320
0.47315246
0.85156847
-0.04680487
-1.02937971
-1.47753243
0.43822344
1.34791069
-0.64744374
-0.57135701
0.63857347
0.24338501
-0.86818148
0.31505290
0.84796477
-0.70301172
-0.36205173
-1.24697309
-0.65981209
0.13832349
-1.04837235
-0.04390852
-0.06178856
-0.80537897
0.01584501
1.17993825
0.13005649
-0.28998471
-0.69096392
-0.45314972
0.19439766
-1.06191303
1.01413979
-0.75256437
-0.15125967
-0.68429219
0.90981922
-0.69743815
0.26283188
-0.28207849
0.84781798
0.28071165
-1.29627968
-1.46934183
-0.68971107
-0.91649948
0.03444883
0.64706362
-0.27981398
0.88748948
0.31441605
0.44023435
-0.52810573
-1.09744775
-0.17639905
0.41990529
-0.74747742
0.55251501
0.30621135
0.11155984
1.20928902
-0.15810429
-1.00880261
0.57856975
-0.17691230
-1.47091116
-0.31588167
-0.26186984
-1.12156351
-0.53667840
-0.72767520
0.64214792
-0.58863491
-1.00651779
0.34466705
-0.69790134
0.36801327
-0.30497801
-0.97803594
-0.57901374
0.84090892
0.14530237
0.91108302
-1.03026327
-0.66264605
-0.15649227
0.50571938
-0.46170983
-0.39167311
-0.60180602
-0.21899586
0.56936250
-1.02562868
0.31377608
0.81287807
-0.00098176
0.79300411
-0.68300095
0.21958001
-0.38145894
-1.22456397
0.30586056
0.23190291
0.59102274
0.33543486
-0.65531797
0.03067627
0.33404051
-0.67797929
-0.28825982
0.22105291
-1.14875355
-0.39720687
1.17985676
-0.62548531
-0.23768286
1.11100223
-1.05367804
-0.79640594
1.50831536
-0.39410067
-0.19587591
-0.58095276
0.12022953
0.63015962
0.21003553
0.12754033
-0.35904866
0.09144919
-0.13398897
-1.13857838
-1.02438832
0.67590820
0.75497796
-0.48081978
-0.57925456
0.24489059
1.38619488
0.06146229
-0.16169732
-1.06687684
1.38396429
-0.79875805
0.01858764
1.54552566
1.48869020
0.18317072
0.93659639
0.29952307
-0.47363947
-0.27541376
-1.07537900
-0.27314325
-0.01569824
-0.63216101
-0.08214341
0.09424490
-0.47491553
0.47120257
-0.05800554
0.49454873
-1.28244495
-0.31964987
-0.04262942
-1.27201195
-0.70552967
0.61949843
-1.11771508
0.58197140
1.46642691
0.08094681
-0.11789678
-0.51548329
0.18445462
-0.99843755
0.45145360
-0.17377567
1.26600672
-0.06463022
-0.68507278
-0.06281457
-0.16698603
0.73473416
0.73023983
-0.47147867
0.18001471
-1.28844928
0.18839516
-0.58379380
1.40123472
-0.26505767
-0.61240900
-0.83747963
-0.19003029
-0.57205610
0.23927285
0.94351761
-0.09862728
0.62557261
-0.75418888
-1.21576455
-0.71379267
-0.16872838
-0.81872688
-1.51898876
-2.08611090
-0.47104453
0.37369494
0.15403222
-0.42648042
-0.56533761
0.98596815
0.78742445
0.08156384
0.94963632
-0.92477108
0.90333746
-0.99024854
-1.08986088
0.06857097
-0.83720760
-0.51735300
0.05862851
0.13865153
-0.96224149
-0.51448169
0.32581886
0.29046953
1.61764171
-1.28271573
-0.34843590
-0.13242494
0.15530061
-0.41753480
-0.33771039
0.01218464
1.48580724
-0.32502903
-0.55691498
1.10660754
1.46485641
-0.09024723
-0.00653907
-1.41974920
0.29233922
-0.09524529
-0.62418358
0.05670493
-0.64018539
-0.26212053
-1.22756457
-0.22078905
-0.20931343
0.72579995
-0.46670230
0.75621578
0.88753258
-1.48859744
0.72001674
-1.22242408
0.64903558
-0.55999708
-0.74873458
1.32564139
-0.25862628
0.10340001
-0.12312357
-0.21512337
-0.85598363
0.42142612
0.13469642
-0.42468166
-0.47624962
-1.07973931
-0.00070265
0.59381149
-0.13711120
0.29164393
0.68525369
0.38408258
0.68081273
-0.02463302
0.77062384
-0.57123356
2.21829018
-0.17043236
0.10710882
-0.84517497
0.17499559
-1.14575519
0.63577007
-0.28631424
-0.38584206
0.06287153
-0.00933024
-0.96208818
-1.50470547
0.54132758
-0.10844161
-0.74261905
-0.11563290
0.62578223
-1.49408350
0.73438622
0.12513244
-0.32696589
0.72080542
-1.21671899
0.50668853
-2.36554456
-0.54868259
0.81883102
-0.16188661
0.10808651
0.42256759
-0.45118256
-1.08200963
1.14685604
0.64587987
0.52732861
0.12919537
-0.25645454
1.39784331
-0.16225410
0.76789953
0.37164967
-0.25582234
-1.96818414
-0.99751761
0.48111953
-0.18896953
-0.74253281
0.40117504
0.18157831
0.80753579
-0.26341722
-0.12549472
-0.23166543
0.06093925
0.08933280
-1.17954996
-0.62727356
-0.26005167
-0.95095311
1.11951964
0.16513049
0.52053599
-1.04394471
0.78100975
1.54101849
0.62352252
0.85316309
0.69029595
0.64606096
0.24288926
-1.94906785
0.79348059
1.28726712
-0.06088599
-0.55103592
-0.24158218
0.36337904
0.04280986
-0.10932672
1.31076671
0.05906844
-0.48514886
-1.74961234
-0.28128676
-0.38789247
1.00807044
-1.74938802
0.93262829
-0.22937999
1.54021521
1.65107885
-0.62355746
-0.10138816
1.70555015
-0.25497672
0.74862795
-0.45576884
0.24030872
0.11539915
-0.63137616
-0.20210407
-0.39338654
0.45702229
-0.65950166
0.42758660
-0.82121573
-0.14845634
-0.25179919
-0.75007028
1.01895270
-0.83667702
-0.56825437
-0.33451359
-1.15170398
0.31710128
-0.37111731
0.63033266
-0.61429110
0.05105504
-0.16436782
0.42117617
0.66372541
0.79732034
0.80611397
-1.74383744
0.39461879
0.32618070
0.46091442
0.46125219
-0.16704502
0.68787750
0.09140231
0.90844028
0.15871811
-0.53545638
-0.25505376
0.54704175
0.83670115
0.65134726
0.47381936
-0.02462475
-0.92170900
-1.07260314
-0.60753864
-0.23729128
-0.90066013
-0.21080415
-0.29841205
1.00688292
-0.57673555
-0.96221774
0.45864916
0.39477453
0.46306827
-1.13236151
0.07905141
-0.41200387
0.13263757
0.62775526
-0.27613896
0.59883256
-0.02532085
1.29214964
-0.02085463
-0.32835080
0.62894419
-0.32534961
0.40049237
0.03680322
1.66094053
2.03844352
0.55631247
0.45240654
0.91671806
0.42874286
-0.07639974
0.59137861
-1.15031025
1.71348408
0.48510971
0.97035915
0.15833236
0.96803929
-0.99981223
0.35665148
0.42094916
-0.52604031
-0.28842041
1.09074468
-0.08679095
-0.41378218
-0.20520100
0.03356358
-0.82788893
-0.41325720
-0.13915516
-0.73909856
-0.94845777
-0.45010999
-0.38184577
0.85462873
-1.07308409
-0.30810762
0.98061745
-0.01002120
-0.66726031
0.16345177
-0.23938713
0.25968381
-1.08988899
-0.38409755
1.75810508
1.30655633
0.44144564
0.44024782
0.35533462
0.59876138
-0.55500825
0.69247399
0.19891645
-0.17231428
0.15158862
-0.32335227
0.36584026
-1.01135504
0.04898689
-0.83997761
-0.57487598
-0.47460022
0.23645319
-0.31954278
0.30795357
0.61229851
-0.28481187
-0.20899052
0.82864590
-0.29763075
0.33003829
0.84496326
-1.52834265
-0.63130127
0.34493244
0.27038102
-1.46043332
0.68510668
0.65702184
-0.22729752
0.42849392
0.68741752
-0.34864975
-0.62072591
-0.10469952
-1.00977472
-1.13256091
0.40183897
0.74676052
0.42836257
-0.23596342
-0.60545533
0.46032346
-0.98708108
0.13313282
0.32871015
-0.55177956
-0.09158461
-0.79133983
0.61502118
-0.47989908
0.53216222
0.35580374
-0.83634449
0.42054898
-0.59231391
-0.14625196
-0.11954111
-1.30782036
-1.10125323
1.03639497
0.67436608
-0.96200269
0.60740815
-0.05709447
-0.48092583
-1.00552434
1.04599183
-0.48259927
0.06164468
0.15842851
0.10856469
0.27978737
-0.39984267
0.65099222
0.04079893
-1.32570242
-1.37358246
0.30022969
1.90445241
0.86043966
-0.06553602
-0.65528925
0.21460871
-0.39007393
0.38715468
-0.46614946
-0.35485168
-0.79955280
-1.17721844
-1.55994025
0.04512913
0.13942586
-0.01342277
0.12105082
0.40204140
0.47075468
-0.18878498
-0.28756947
-0.93088817
0.36775772
-0.52602221
-1.08027901
0.07928786
-0.15591882
-0.04936534
1.76726794
0.46234964
0.45361550
-0.48220023
0.48967620
0.97596082
0.77844567
-0.00375647
0.47591205
-0.02046991
-0.90342584
1.18830934
0.41406883
0.80331223
0.26613281
-0.06622860
0.21068362
-0.51603919
-0.18975379
-0.10420843
-0.25282181
-0.84570068
0.63842040
0.79185077
-0.50641892
-0.90140539
0.98076796
-0.59469897
1.09369928
0.67924322
-1.36336749
-0.07335246
1.45205774
0.45934807
0.83632791
-1.12809080
-1.12287775
-0.82943893
-0.01072770
-0.45872860
-1.50966862
-0.06797002
0.65025944
-1.61013276
0.63375728
0.03923733
0.14729316
0.45465263
0.53216343
-0.53065484
-0.76396681
1.19290794
0.70685620
-0.19442878
-0.16592065
0.79513368
0.73137887
1.36205641
0.70070567
0.54717823
0.27137156
-0.14580039
0.15104869
1.00949436
0.60418302
0.42566105
-0.34697572
1.25578146
0.48539000
0.24459390
0.88306935
0.16032196
1.94180053
-0.11227239
-0.08558323
-0.77410029
0.84242390
1.24207962
1.23316165
0.06119572
0.48973543
-0.02939248
0.53881442
-0.51562685
0.53538892
-0.12284870
-0.16989463
0.45463496
0.33429568
0.94791209
-0.49329932
0.28311981
0.31477311
0.70758874
-1.18935136
-0.60897739
-1.00781275
0.36403527
0.10837839
-0.72952114
-0.36216757
0.55342826
-0.98643267
-0.98008095
0.58466461
0.50633251
0.53632389
-0.42450497
1.09928053
-1.04641935
0.69537813
-0.03569353
0.70067590
0.63924589
-1.28087057
-0.48620577
-0.30691424
-0.19624915
0.44539969
-1.12392016
0.14134913
-0.11447418
0.08216024
0.09878682
-1.27450903
-1.04658144
-1.05540367
-0.88354987
0.66510401
0.57482905
-0.08872048
-0.04144228
-1.17254611
-0.50312349
0.21565009
0.47999050
0.06466534
0.00303870
-0.42215708
1.08716004
0.61876916
-0.52306150
-0.17997119
-0.15346047
-0.46368546
0.32641318
-1.38405408
-0.36619495
1.12199643
0.23770340
0.36344688
-0.20109331
-0.13798831
-0.29092301
1.18404545
0.36759900
0.07191463
0.01014862
-0.07405509
-0.15910801
0.78171714
-0.90249195
0.03782706
-0.18007841
-0.30487603
0.59603656
0.45395805
1.49059864
-1.44215807
-0.49488840
1.20923301
1.22802512
-0.20645148
-0.14150953
-0.09117835
0.35362043
-1.24102833
0.47659603
-0.29742716
-1.31985464
-0.28713240
0.76095645
1.24278444
1.28202910
0.30610925
-1.01828142
0.63651588
0.56724889
0.73853091
0.36119763
-0.12867939
-0.26088561
0.47050284
-0.19492368
0.55950128
-0.48877521
-0.11390874
0.51203586
0.30352407
-0.84635603
1.08880444
0.71381891
0.29798473
-0.19336272
0.50306397
-0.36379179
0.99990976
-1.62112298
0.40052157
-0.45265858
-0.00846025
-0.05179479
0.41491107
-0.28921712
0.33950172
-1.03922989
-1.09768946
0.74928458
-1.14584727
-0.16713362
-0.00411563
-0.68747237
-0.33204265
-0.60004760
-0.27346081
-1.06261651
-0.33139390
0.58529234
-0.10180798
-0.15940301
0.00413123
-0.77550039
0.45606117
-0.30053409
-0.49641469
0.30415321
-1.08198170
-0.40501325
-0.37631554
0.23476282
1.27720031
0.31867876
-0.34714509
0.27405454
-0.84653070
0.91750265
-0.16692643
0.22465293
0.28162548
0.84994639
-0.71034501
0.49721561
-0.01213509
0.74029732
0.64836705
0.31383781
0.67122039
-0.87080428
1.50056478
0.15931617
0.28883460
-0.31691245
-0.24163848
1.90898261
0.98170491
-0.08928481
0.09175871
-0.04295767
0.47905499
0.01949664
-0.63906655
0.21211380
-0.35822019
-0.31188746
0.50506893
0.03132470
0.22777636
0.53750719
0.64925920
0.90861086
-0.77140684
0.60752605
-0.07687871
0.21594045
-0.80692459
-1.24626854
1.21330320
-1.79209399
-0.35689573
-0.19854974
0.87698338
-0.45333182
0.56197037
1.69733438
-1.02609489
0.41019862
0.01104161
1.30562231
-0.08715738
-0.71721258
0.21293145
-0.45862791
0.42136579
-0.09103703
-0.14566441
-0.53484585
0.35139168
0.11657906
-0.10645310
-0.76591781
1.07857988
0.14721358
0.09232734
0.26426662
-0.03751004
-0.51034307
-0.92181042
-0.44439658
0.32267897
0.06215732
0.07374510
0.22506262
0.41204533
0.19588938
-0.70699548
0.26376040
-0.33496066
0.21701145
0.42678234
1.68688094
-1.24801571
0.55008835
0.47618174
-0.67789869
0.26345778
-0.26952010
0.01174590
0.67301479
0.75748187
-0.87356228
-0.42920466
-0.53995699
-0.84549742
-0.16579519
1.09196576
-1.57969979
1.41904246
-0.43560171
0.19965143
0.30330332
0.04198064
-0.12910079
0.77425562
-0.67090998
1.03925718
0.01944809
1.56451440
-1.25601008
-0.15632850
0.61904210
0.92061035
0.26885052
-0.47730604
-0.77781850
1.05608809
-0.26485547
0.76204796
-0.36337555
-0.26192330
-0.14057066
1.31933076
1.09703888
-0.17575732
0.35158409
0.36744896
0.06216174
-1.30170191
-0.20970544
-0.23279797
1.14105117
-0.61653318
0.02545894
-0.76514479
0.10400882
0.06096667
0.50717597
-0.40622200
-0.68327047
0.58362979
-1.45874432
-0.45045035
0.42678906
0.33797151
-0.04849206
-0.69186176
-0.51553200
0.62823315
1.64840674
-1.45784616
0.74968024
-0.66324816
-0.02899184
0.09170797
0.47173969
-0.20669716
-0.84832252
-0.44257909
1.16507698
-0.47779025
0.31886850
-0.50134530
0.92474157
-0.38188563
0.11220049
-0.08569119
-0.13708632
0.49936352
-0.00074167
-1.87400812
-0.46957367
-0.83095012
-0.93710209
-0.13575161
0.43133730
-0.31996686
1.38409791
0.52608118
0.26329643
-0.25821721
0.78332449
-0.85968381
-0.10975552
0.54985803
0.87233404
1.02293562
1.06758392
1.29293394
0.41701405
1.32153310
0.34997560
0.18484578
-0.10291940
-0.03270420
1.56761237
0.59599563
-0.39242596
1.04601290
-0.25301882
0.55863736
-1.73053921
-0.69316694
-0.86075180
-0.01733647
-0.34799128
-0.44380012
1.01975212
-0.37100686
-0.20070188
-0.89861921
0.44467503
0.46288985
-0.41006273
0.02604688
0.88532731
-1.02682201
0.30385564
-0.21645556
-1.42294166
0.98720247
-0.59851770
0.52990033
-0.33181389
-1.05715259
1.09572746
0.27897044
0.28009054
-0.66283846
0.34180625
-0.29648958
-0.61523804
0.94699110
0.68954948
-0.86330046
-0.96798796
0.56732985
0.70530039
-0.57760249
0.04258449
-0.88506890
-1.72784924
-0.61602670
-0.86631124
-0.56988027
0.28673427
0.67110273
0.54984881
-0.00718901
-0.15034842
0.32502237
0.07184262
-1.23079281
0.17656873
-0.42315230
-0.06614210
-1.19803365
0.40451174
0.30610421
-0.56896117
-0.16470701
0.22380226
0.04701701
0.37928655
0.05353450
-0.22978301
0.28037659
0.05331822
0.47537809
-0.49812752
0.83307889
1.35043977
0.08026741
-1.00752201
-0.32826105
0.39372929
-1.32545891
-0.64537253
0.16365892
0.51564718
-0.43513030
1.32392232
-0.74041515
0.71956374
1.32793565
-0.59565321
-0.33105116
0.69590305
0.05682074
0.50682229
-0.89110823
0.65285392
1.20306256
-0.30543247
-0.54586860
-1.05443088
0.08869199
0.28226134
0.73642702
0.84857307
-0.16138270
-0.62170037
1.19041710
-0.09789679
1.41277360
0.14705544
-0.60392389
-0.16256579
0.41076332
0.48455605
-0.26549277
0.48785020
1.18382285
0.43672796
0.13720644
-0.82169850
-0.36590866
-0.52586506
-0.33850023
0.47247361
1.23201986
0.64089222
1.91561791
0.80328232
-0.57239729
0.55035164
-0.76546110
-0.15760589
1.06197903
0.58602659
0.17964748
0.59936575
0.38974670
-1.00324305
0.44967674
0.67599014
-0.03269135
-0.73407939
0.33812445
-0.13252183
1.51683936
0.36400956
-0.03853732
0.34423390
0.61754757
-0.60473013
-0.28233675
0.58842859
0.07154956
-0.49645640
-1.19214759
-0.11561394
-1.23449027
0.37386437
0.20991665
0.33832009
-0.74844111
-0.53189427
1.49813235
0.23081299
-1.20638861
0.41292479
-0.55008392
-0.19429707
0.50170913
-1.17968786
-0.68457954
0.92034733
0.43555303
-0.46579072
-0.05358797
-0.44211940
0.10406055
0.81141404
-0.38121817
0.25204043
-1.82052338
-0.61803306
-0.05996265
-0.19139950
-0.29299990
0.82357045
-0.64792539
1.44661862
-0.02702695
0.43183671
0.08280005
0.99685051
-0.08597625
-0.34596382
0.27146436
0.18501837
-0.11466577
0.41510288
0.69402918
-1.42369358
-0.69835063
-0.79986620
-0.07133988
-0.57510007
0.74076295
-0.60685012
0.30761581
0.55756347
0.62873781
0.20393587
-0.77132598
-0.99392393
-0.20756100
-0.23050998
0.74266049
-0.48093302
-0.64488257
-0.23629081
-0.41833306
-0.47576969
0.22111155
0.65239276
0.12653398
-0.24014990
0.76633739
-0.84150771
0.97771578
0.36907895
0.38871084
-0.51798315
-1.33660136
-1.01762864
-1.36737521
-0.74421462
0.32782719
-0.05777780
-0.21569917
-0.67346960
-0.43420320
-0.20675718
0.54771632
-0.69756997
-2.12914366
-0.68830041
-0.27672725
-0.54456150
-0.59256519
-0.30800874
-1.35461357
0.94500696
-0.09024579
0.39891684
0.10427597
0.32353447
-0.05564689
-0.36342878
-0.19775219
-1.05537983
0.60993186
0.30424166
-0.50132356
1.03696632
0.89813850
0.61338132
0.29453497
-0.16896342
-0.60778485
0.28203236
-0.82626230
-1.00628329
0.25881127
0.78378743
-0.41728055
-0.62437781
-1.02076421
1.89244704
-0.13022557
-0.49610730
-0.93304964
0.59838702
1.61024556
