0.65163189
0.66013042
-0.07481671
0.54577901
-1.04331663
0.46576600
-1.10074899
-0.35744485
0.67680168
0.60766741
-0.68962535
0.36236027
0.64277451
-1.06301913
-0.65258126
1.47895526
0.44663084
0.32347931
0.11953435
0.02871329
-0.45939908
-1.03200725
-0.74647450
0.33314077
-0.02057658
-0.43934573
-0.23769976
0.56432356
0.60450989
-0.74757941
1.21086265
-0.73966357
-0.99126816
-0.98126327
0.20391326
1.39099671
-0.00129562
-0.08574724
-0.06407310
-1.02244878
0.43955654
-0.09548518
0.33715140
1.22112420
-0.48801525
0.91328181
-0.93088205
-1.67092705
0.25600396
0.68083394
-0.27247571
-0.03714561
-0.35254919
0.36524742
-0.01442087
1.77352617
-0.07289810
-1.19462533
-1.64354767
2.17608681
0.24650623
0.30785287
-0.13829635
1.32588724
0.11458032
-0.03447674
0.51923867
-0.50323062
1.78822830
-0.36575640
1.21827153
1.23099687
1.50641822
0.45086635
0.45428191
1.13698080
1.54527928
-0.83415096
0.04800351
-0.06560089
0.64402441
-0.68953850
0.03671323
0.85055057
-1.22924809
0.20285614
1.31458363
0.18220312
-1.09209770
-0.17406779
-0.25809198
0.63272009
0.27284355
0.49001465
-2.16202920
0.92031883
0.43643649
-1.48413276
-1.80509769
0.79423113
-0.92760847
-0.12205782
-1.52501262
-1.25423074
-1.14660885
-0.31675262
0.19673542
1.25069824
0.54368780
0.34369320
-1.58790375
0.02590494
1.97251044
-0.78208266
-0.58040092
-0.11708996
0.41728309
0.08714692
0.04689311
-0.37635809
0.94176995
0.00649257
0.10819799
-0.50936521
0.41047623
-0.98533736
1.54130833
1.94831755
-0.43522197
-0.28465767
0.91043249
1.47324686
0.78661426
0.43546743
0.32084661
-0.31142993
-1.24070838
1.22106885
-0.23211522
-0.28457144
1.48959918
3.33531282
-1.21123252
0.95981430
-2.44348934
1.17614112
-0.12932174
0.04907969
1.95838860
0.76446411
-0.35928876
0.82221517
0.71354045
0.49375733
-0.36146797
1.12199388
-0.87832419
0.04984755
-1.20773679
-0.28757726
1.17239635
-0.42879654
0.92386985
1.08917753
0.93310439
-0.63291853
0.03068351
0.09839867
0.00771959
-2.33246712
-0.84395763
0.51677153
0.31151602
-0.58701816
-0.46122789
0.70394277
-2.01982953
1.01972028
0.21196503
0.66762964
0.36620004
-0.47454624
-0.33472523
-0.03924018
-0.08095385
2.32956953
-0.32744212
-0.09627342
-0.63187484
-0.52028747
-1.42268276
-0.13961746
-1.02013585
-0.16049698
-0.15721018
-0.10824294
-0.20849695
-0.60754217
0.97180603
-0.00964360
0.42934098
-0.50484440
1.34984269
-0.75862716
-0.23244120
-0.13834611
-0.72218347
2.30219495
0.49700793
-0.12255335
1.01096758
2.43132899
0.47596605
-0.37833583
0.15966422
-0.29650387
1.10067207
0.40633412
1.56341087
-0.74642579
-0.65657563
1.40720834
-0.90947924
-0.28368002
0.44842323
-0.55825190
-0.02133087
-1.62794643
0.92655449
-0.04662647
-0.60596170
0.57450115
0.06705902
-0.97805508
-0.68386557
-0.21155411
-0.33358092
0.90978022
0.61552149
-1.08448032
0.67627834
0.55740404
-1.80404659
1.22912505
0.90283298
0.27561650
-1.53443888
-0.20495124
-0.50502877
-1.61009953
-0.18661033
0.51149237
0.38342887
1.28940435
2.14007500
-0.13697734
-0.45018344
0.13475992
-1.87806763
1.51944265
-0.30261094
0.20688355
-0.18420432
-1.73776156
0.21214657
-0.60818392
-0.63260611
0.80821514
-0.81072076
0.87628637
0.99770727
0.27740032
-0.02943711
0.52239521
-0.18362137
-0.14666555
-0.19221505
-0.99294347
-0.42435779
0.73921234
-0.69776895
-2.32153239
-1.70591421
0.47045618
-1.04166551
0.37678658
-0.19492429
2.00671587
0.20003399
0.26516614
0.88797786
1.34983581
-2.33853286
0.32881105
-0.57087386
-0.06519144
1.69363944
0.03145109
0.45713714
1.02410457
0.39609714
0.79646115
0.72003382
-1.07374093
1.23490989
0.29818650
0.12528370
-0.09695222
-0.57934614
0.64661854
-0.05570892
0.43776689
0.11909957
1.26225725
-1.30945987
0.81559073
1.08462208
1.60607090
-0.75167230
-0.19404832
0.51546980
-0.80771129
1.06608912
0.14575905
0.55916622
0.26003336
0.83764661
-0.95874440
0.46832206
-0.48774377
1.04039116
-1.30084555
0.33366640
0.25029179
-0.73244566
1.36115546
0.88803241
-0.52669916
0.03480092
1.05417592
-1.35085835
-1.29715794
0.25097769
0.77517167
1.28097631
-2.28960563
0.35224567
-0.62500999
-0.29994194
-0.84181911
1.34118326
0.80933948
0.27035189
-0.30673101
-0.21343733
-0.47672163
-0.21648943
-0.94069733
1.70299788
-0.83409685
1.03447207
-1.23477579
0.35291727
-1.28037251
0.07363026
0.21477240
-0.72305531
-1.40921173
-0.21706864
-0.79643791
-0.17022940
0.70785685
-0.29493987
-1.61817987
0.77029002
1.63857783
0.16060817
-0.27151118
-0.88094707
-1.18239894
0.82362383
0.68075949
0.13371431
1.45754136
-0.33672496
-0.40838221
0.98341217
0.66990104
1.71219897
-0.11684169
-0.18323289
0.39493636
0.28022661
0.08361185
1.66568450
0.15918854
0.79122516
1.65459629
-0.65555406
-0.90186625
0.53749470
-1.21715388
-0.44001618
-0.06227224
0.26283780
0.16057434
-0.28099869
0.27159018
2.52177959
0.20429248
-1.19341760
-2.09434283
-0.42644399
-2.12998659
-2.19287016
1.16384502
-0.24558889
-0.15383542
-0.77910234
-0.34075433
-1.12060171
0.27888824
-0.38278741
-1.01902620
-0.03954172
-0.24613946
0.07373422
-0.56294241
-0.81773021
1.21452500
-0.34790591
-1.10057421
-0.40987770
0.02084295
0.13782718
-0.05362263
1.35861489
0.71698695
-0.59927687
2.12112886
2.25691007
-0.69944248
0.61344209
-0.81725787
0.19879304
0.24016286
-0.43563813
0.28743790
-0.94139130
1.12017953
0.12301148
-0.24986650
0.71401346
-0.70700739
0.64456820
0.98891420
1.75926455
1.16303533
0.35012375
-0.35613062
-0.53275414
0.23673787
0.93261894
-0.63790764
-1.17146440
-0.44483532
-0.26943233
-1.23455348
0.92763675
1.59373720
-0.33899997
-0.33636980
-0.57251988
0.02268116
1.53425527
0.40572399
-0.21534932
-1.39842570
1.29137898
0.82770736
-0.58017490
-0.05742164
-0.73643576
-0.18932292
-0.98959823
-0.17289735
-0.13432610
-0.24076898
-0.59724254
-0.44771197
0.18606340
-0.15764022
-0.85817360
0.88166608
-0.25449349
-0.41419376
1.34903314
-0.04496124
-0.58524585
1.97980905
0.15462358
1.15880361
-0.93073855
-0.07013917
0.76062526
0.92262633
-0.31213119
-1.68450443
-1.28927602
0.54087584
-0.31010114
-0.19436667
-0.33247989
-1.20907553
0.00933990
-1.83860795
-0.38288080
-0.02553135
0.40578817
0.93616980
1.13710055
0.02363690
-1.61096758
0.45850943
0.33425769
1.56610374
-0.94124487
0.24405127
0.42332662
-0.36530842
-0.43634623
-0.98499869
-0.00542551
-0.46356780
-0.12296750
-0.60346015
1.12034785
0.36191511
-1.50196544
-0.13489018
-0.84177630
0.68420412
1.44491310
-0.00675949
-0.21363807
0.18677491
-0.22599540
0.12063512
-0.56660434
-0.34461228
1.14245847
0.12732668
1.43637994
0.35900625
0.10472830
0.49743093
0.13187548
-0.70590537
-0.69662502
0.32208145
0.33152934
-0.94462119
-0.26235688
-0.21448031
0.02576608
1.36043019
-0.80376497
-0.73451048
-0.97065635
-0.28580087
-0.27166407
2.22781343
-0.20210182
-0.08311963
0.89864788
-1.28302525
0.29581325
1.48721284
1.22447003
1.04481802
1.22381928
0.72203920
-1.93673894
0.41672359
1.88746337
0.82013199
0.57326908
0.03976612
-1.55821313
0.65468262
1.25623514
-0.79942628
0.69035590
0.29220145
-0.40233323
0.09712509
-0.03673080
-0.15729230
-0.27268644
-0.98003688
0.89222842
-0.56478746
-0.04280971
-1.22469613
0.12602014
-0.10668410
-1.33423324
0.19177385
0.26656186
-0.03142248
0.20572301
-0.63378272
-0.25852645
0.26356150
-0.41854364
0.08895095
0.28057172
-1.35970540
0.51611767
0.12749179
-1.11108767
-1.17237728
0.57680690
0.28389412
0.13857674
-0.66657482
0.35081328
0.94605135
-0.43066468
-1.02619076
0.69761424
-1.65098751
-0.11065422
-1.18633985
-0.20989932
-0.48787731
0.19965747
0.83161847
-0.20685421
1.50326321
-1.50498035
-0.18424818
1.02466580
0.87592013
-0.61968787
-0.63875608
0.41882874
0.47811009
0.21626831
-0.25046128
0.68798302
-0.18021601
-0.65827334
-0.40711811
1.33739852
-0.46247117
-0.00611172
1.13303404
1.83974473
-0.97589383
0.71641970
-0.63242214
-0.93722076
0.42775039
-0.06775187
0.32586999
-1.55602423
0.34983342
-0.73629474
-0.06411087
0.54191789
0.06308891
-2.40271075
-0.31456201
-0.82680832
-2.02319223
0.92464299
1.63569125
-0.55135263
-0.56883999
1.28745575
-1.20914032
-1.05625948
-0.84516886
0.33736203
0.90010703
0.06642537
1.59300070
0.27561896
-0.94410084
1.06787557
-0.97603638
0.99044664
-1.05428837
1.23297531
2.25340801
0.63572871
-0.85545293
1.78964472
1.29443801
0.40703654
0.44064062
-0.53704962
-0.17453005
-0.04962638
-0.61420994
-0.28746576
1.16271519
0.87365605
-0.16296220
0.52173049
-0.00988135
-0.12258282
-1.75504472
0.96190637
1.07117853
0.21986777
0.73235629
-0.09517937
-1.24677381
0.75385550
-1.86710161
-1.19161073
1.99273250
-0.46083760
-0.34209855
0.24063224
2.02088953
-0.76594804
-1.35129743
1.54344129
0.84668232
0.84549626
-0.67800346
1.46780165
-0.45413117
-0.38077560
-0.26093425
0.09766000
-0.42533580
-0.47085313
-1.51250377
1.14173871
-0.91363432
0.57619867
-0.59088298
-0.52546865
-3.11505843
-0.01306644
-1.09983599
0.88854545
0.27691696
-0.92963442
-0.97220101
-1.30552432
-0.06671822
0.25822040
-0.07850398
0.12513050
-0.04141008
1.31772788
0.51629204
-1.15019901
-0.83207866
-1.04940083
0.66841055
0.23265817
-0.33488718
0.73272686
-0.10384945
-0.53715345
-0.18435969
1.14054913
0.56053538
-0.41923910
0.55024924
1.20160268
-1.42065662
0.66257596
-0.36204553
1.40975212
0.35887155
-0.15612306
-0.72514067
-1.03922001
-0.70713153
-0.91805218
0.77410553
1.56883329
-1.51360599
-0.78318493
-0.27768904
1.03911088
-0.73451315
-0.62273377
1.65330300
-0.23606968
-0.28066502
0.41483727
0.72893236
-0.07912498
1.45536534
-1.12680910
0.80436103
0.59770982
-0.12487227
1.27233253
0.07472948
-0.12598144
1.51845360
-0.11919599
-0.51397048
-0.43763998
-0.36462782
-0.15214928
2.05894999
-0.62749589
-1.46266169
-1.23582839
-1.05908979
-1.56261282
0.51121531
0.96600480
1.04502865
1.05813392
-0.25985897
0.31300713
1.66539419
-1.40794956
-1.28704578
-0.56701485
0.85049338
-0.03809805
0.97241544
0.45934591
-0.19286656
-0.57788999
-0.85779952
-1.31540196
0.06912747
-0.43796868
-1.08217272
-1.69269905
0.32989776
0.32534980
2.82352553
2.06834697
-2.23642216
1.17355060
-0.44427626
0.14395985
-0.34339560
1.28122186
0.72833350
1.11252224
-0.42684645
1.43350730
-0.34804715
0.35204276
-0.79006715
-1.40535629
0.50271948
-1.33542421
0.49990330
-0.45488983
1.14989019
-0.34322127
-0.77184589
1.25642216
1.22403117
0.40739806
-0.32232521
0.26166693
0.76528228
-1.31994153
-0.28136316
0.67527290
-0.88050650
0.38678676
-0.59975759
-0.60247593
0.78118192
0.03061021
1.33224909
-0.20142115
-1.15892217
0.78994688
-0.01047547
-0.45686507
0.64888623
1.77077626
-0.88728397
-0.23118379
0.72523113
-0.92921316
-0.83622721
-1.06551048
-0.70689401
0.27568927
0.55969286
0.78084552
-1.45482179
-0.54032934
0.23600810
-0.93786380
-0.69589900
0.82256624
0.60468577
-0.86408666
0.32695816
-0.39853856
0.61334223
-0.53717468
-0.27558344
1.26671188
-1.92661050
1.01164980
0.52243116
-0.86079536
-0.19962127
-1.87531187
0.09551437
-1.12662074
0.19306423
-0.02802108
0.23793532
-1.15949166
0.71198795
-1.12279951
0.45753700
-0.47309689
-0.83801437
1.29586915
0.41789310
0.26807358
0.28097160
0.13974378
-0.26132200
0.85861962
0.44198237
-0.04193182
0.51413086
-0.69315772
0.42396667
-1.17592589
-2.18926607
0.08941670
0.46313397
-0.01713541
0.33614331
0.29702248
-0.64553885
0.08907251
-0.56803389
0.00571164
-1.18307529
0.01856494
-0.23347834
0.24010466
0.68020630
0.01250795
0.53000987
0.78674898
-0.05858115
0.24317520
0.69704019
0.37229601
0.49103406
0.37911146
0.85307186
1.44697082
0.31026486
-1.21200848
1.21058341
-0.29795766
0.79309129
1.43486002
0.81646353
0.36651606
0.37299481
0.17569576
-0.93524548
-0.07219481
-0.24053926
0.68326235
-0.01121559
-1.49627533
-0.11452424
0.93343948
0.13315148
-1.93531642
1.60298893
1.00213324
-0.18321573
0.33940490
0.10820977
-1.53895424
-0.30999869
0.12050132
0.61999210
0.27022792
-0.97332783
0.27452120
-0.90635398
-0.48402275
-1.12236142
-0.58328361
2.45655878
-1.26994460
0.05147421
-0.46086741
-0.95333740
0.91516845
-0.89465465
-2.17995022
0.03702981
-1.47513673
-0.34366313
-0.73684274
-2.42536933
-0.26422259
-1.05989781
-0.05324946
1.32124132
-0.78847191
0.94825732
0.38434442
0.37617985
-0.36672719
2.27552800
1.27216262
1.85219081
0.75904581
-1.10313567
2.23858910
-0.30090806
-0.44645921
0.20426853
1.04020650
1.84100187
0.35862875
0.43850022
-0.88131891
1.25156813
0.73926572
1.07021495
-0.35935951
-1.14733964
-1.24388565
1.09075460
-1.60919934
0.43060760
-1.12823481
-1.34378382
-0.09750743
1.42579343
-0.61471509
-3.02918413
0.31014363
-0.25290321
-0.20624057
-0.21994711
-0.72780753
0.18109810
0.66921084
-0.79973987
-0.36402780
-1.73415675
0.06767484
-0.00209452
-0.67032887
-0.42287581
1.23098483
-1.51709822
0.30674033
-0.05427603
-0.25658904
0.77404614
-0.18954258
0.28252944
-0.50655871
0.54171245
1.03075931
2.68276589
-1.42034182
0.15007814
-0.35000582
0.21161215
-0.44912926
0.16767944
-0.39373648
0.70151628
-1.78914917
-1.05956997
-0.94354854
-0.38286689
0.79050454
-0.92263104
-0.17634964
-0.41190099
1.74259126
0.86381746
0.13549985
0.40870021
0.53821454
2.85965395
-0.73173474
0.19787533
-1.42787179
1.34648873
-0.21077903
0.19036519
1.20504153
1.35482579
0.62716221
0.29039400
0.27351156
0.56910691
0.15212200
-0.09744594
-0.40924113
0.55916145
-0.57356637
-0.39397392
0.75543987
-0.98589975
-0.58105656
1.41005026
-0.00574353
-0.85676938
-0.99708161
0.43091273
-0.23324071
0.20553057
0.75518307
0.27404957
0.43783740
0.45747638
1.02854382
-0.41141364
-2.01000526
0.27828949
-0.19015204
-0.11667910
0.48197570
-2.94991312
-1.53532246
-0.64414850
-1.18410542
-2.20231122
1.69955421
-1.44267679
1.75369133
-0.69872948
-0.44332786
-0.11005416
0.42228138
2.32213071
0.23838376
-0.76318509
0.98932865
-1.43149051
0.02903664
-0.55134824
-0.45190160
-1.26436352
0.21839910
-0.54495213
-0.12671925
-0.27746601
1.11935003
1.15341031
0.09179525
0.02371955
-1.41493637
-0.23191195
1.10257758
-0.59652430
0.42559232
0.51663956
-1.14821955
0.63450187
-0.49759552
0.31686096
0.63344624
0.51177714
-0.05319631
0.94037113
0.69828105
0.26789931
0.25705775
-0.23931138
0.43766694
0.26928440
0.31321407
0.17117392
-0.41654841
0.49142304
1.54615425
0.10961458
-0.08209769
1.53795696
-0.27309494
-0.26446572
-0.75213895
-0.12568406
0.33824066
0.87333284
-0.04151099
-0.20396947
0.05264491
-0.26041611
0.56371092
0.78263465
0.41009662
1.15072801
-2.09112393
-0.12331277
-0.31245529
-0.99922757
-0.41513457
-0.51433612
-1.01355045
0.35628191
0.30061359
0.52040085
-0.16183576
1.81086347
0.25130157
0.94611597
-0.83496067
-0.16297348
-0.25112870
0.34767557
-0.24173035
-0.96593165
-0.11688124
-0.71333939
1.06197029
-0.08687458
-0.66530965
-0.15056747
0.81312999
0.49177064
0.04095124
0.85418795
-1.14477213
0.91642146
0.26535820
-1.56442506
0.51341674
0.23893985
0.87645206
-0.60014523
-0.36059847
-1.38665073
-0.76405164
0.56997680
0.41089369
-1.78666745
-0.53903830
0.25389982
-1.23390646
-0.75442196
0.06809177
0.10329433
0.75904872
-0.46276507
-0.59639002
-0.10472328
0.93395861
-1.11773633
-0.02397426
-0.50931652
-0.19626599
-0.28411604
1.01385955
0.80753369
1.28649274
0.03358759
-2.18889657
0.31165729
-0.51761570
0.54924988
1.63594274
-0.90182634
1.12477017
0.85422375
-1.41810510
0.46589723
-2.25336096
-0.47100409
0.61410028
0.41562215
0.09913118
0.25401847
1.04207780
-0.89964745
-1.37908533
-0.92493420
1.01329449
-1.62872971
-0.33984529
1.13356187
1.65918158
-0.31254050
0.22787355
-0.63230813
-0.62238874
-0.30076034
0.24224134
0.25856743
0.03354927
-1.12432224
0.52585458
0.93423888
0.00177538
-0.44613698
0.68320125
-0.71522732
-0.78640521
1.22677995
-0.51496460
0.24215120
-0.32851137
-0.27227090
-2.75294619
0.00292246
-0.10351287
-0.90032044
-0.94369080
-1.76270234
1.36079642
-0.24360141
0.10834288
0.53613960
-0.68139471
0.03787040
0.62395439
0.31039859
-1.15473276
0.50969106
0.33279348
-1.36774145
-0.88655183
1.38426902
-0.95063050
1.57985089
-1.13990122
1.33338723
-0.55910881
0.27130251
-1.09912401
0.96167998
-1.07818059
0.29986366
0.03028736
2.73500409
0.61090942
0.73098997
-0.56950877
-0.22140330
-0.72635717
2.48741559
-1.90630651
-0.02134960
0.41399430
1.47702157
-1.23224491
0.09462422
0.54732615
0.11450866
-1.42042892
-0.86159107
-0.21476022
-0.42774085
-0.81798913
-1.88763921
0.65101670
-0.74306517
-0.56829027
0.07029341
1.18797624
-0.41155113
2.79834449
-0.36073457
-0.56962905
0.49291561
-0.53717617
0.72435061
0.00104844
-0.35778274
-0.31842248
1.64282321
0.15705251
-0.23262876
-0.48908485
-0.04467516
0.13536171
-1.24550726
-0.51332390
-0.09771465
0.01715833
-0.62702088
0.20144719
-0.08520327
-0.53845704
0.92188482
-0.40069678
-3.20353139
-1.20628274
-0.43814485
-0.27125702
0.05528220
-0.44008574
0.57823525
0.38445595
0.11340536
0.65113639
-0.34696507
0.02345850
0.26264166
1.02636937
-0.25266026
-0.91162330
1.30005648
-0.28595717
-0.20479273
1.18210587
1.31483595
-0.40631151
-0.66155201
-0.70578230
-1.52695139
-1.45435867
-0.53018028
-0.10214058
-0.20264793
-0.15847659
-1.70381346
-0.92634925
0.46699962
-1.01260548
-1.28517216
0.05016031
0.48340310
-0.23815181
-0.02545519
1.80261947
0.56363122
-2.12565647
-0.20020698
-0.85124791
-0.94817765
-1.47224041
1.25374051
0.01205098
0.45728488
0.65620699
1.11451141
0.67643156
-0.87278117
0.13675359
0.90448345
-1.31251836
-1.80971528
0.70379237
0.81928793
0.80509328
1.37032633
0.11908482
-0.43161244
0.07619240
0.16932847
-2.66035280
-1.57247393
-0.38828787
0.61931784
-1.68282990
-1.10186791
-0.22895288
0.40710008
-0.93426078
0.34572223
1.52247052
1.08207759
-1.74593055
0.00680061
-1.58229101
0.69256056
-0.36277851
0.72934202
-0.62642275
0.52134105
0.03383604
0.83828905
0.14535070
0.36400010
0.32634616
0.12703566
0.64941140
-1.52999119
-0.68075798
-0.34287156
-1.14658558
0.83544056
-1.33061315
0.03336426
-1.34856167
-0.13357347
0.06235057
-0.23736906
-0.04500964
-0.29549487
-0.77631919
0.15737070
-0.64602065
-1.11146951
0.36177491
2.74446153
0.68857746
0.25011864
-0.20959425
2.65213796
0.72115565
2.14721114
-1.96998843
-0.88072617
-0.24608947
0.89095865
0.87734466
-0.52299600
-0.65519971
0.10588843
-0.06676832
0.21622513
0.08936826
0.39779802
-0.35463539
1.57654609
1.44613302
0.44761856
-0.18270506
1.08375703
0.64716491
0.28901455
-0.24194507
1.26287263
2.17341872
0.53024775
-1.13942377
0.25159855
0.79239957
-0.21897854
0.42433059
-0.13894661
1.08386206
0.56847385
0.33875240
-1.25224851
0.69582243
-1.77964090
-0.97297419
-1.61370656
0.57151110
0.46345891
0.36409686
0.75968301
-0.36594650
-1.56522226
-1.09730810
0.59835088
0.64175014
-0.65393992
-2.83250854
-1.00050775
0.84756149
-0.39115448
-0.68089301
-0.51810787
-0.37583112
0.26545874
1.42259553
-0.18189217
1.78658270
0.13781004
-0.10665483
-0.98280153
-0.52197053
-0.75993471
0.78362915
-1.10645272
-0.57393771
-1.96132770
-1.24640863
-0.70139845
1.13280027
0.49282110
-0.89836704
-1.27842384
0.36761401
-0.38966360
0.89512164
0.85960023
0.11649746
0.93987907
-1.20836532
-0.74655309
0.21051265
-1.06904973
-1.34754299
-0.99683943
0.17225417
-0.27043368
-1.47569689
0.05726277
-0.38600526
1.28002383
-1.42501554
-0.48490607
0.43114605
-0.03455607
-0.36727571
-0.34319920
-0.31173314
0.66606177
0.52346178
0.35912302
0.81002641
0.60821843
0.45247952
-2.23066749
0.07752468
0.73691126
-0.42755283
0.02118381
-0.07221294
-0.11984598
0.20392044
-0.10172233
2.58744057
0.38411841
0.60931871
-0.44965606
0.43759965
-2.23294746
1.17551886
0.90989500
0.16835074
0.44550502
-1.66867139
0.08368750
0.21379357
0.42980335
0.37624701
-0.46822516
0.57735824
-0.78117530
-0.69974300
-0.84131067
1.12377085
1.01020315
-0.24337613
-0.58840627
-0.44024242
1.01123037
0.10451698
-0.19022586
-0.48121405
-0.36512827
-0.44464001
-0.16283827
0.61197539
0.00618127
0.65570411
0.27321450
0.80108558
-0.30100272
-0.62053299
-0.33922162
-0.02885383
-0.65917619
0.04708563
1.00345791
0.03447049
0.40725190
0.34838066
-0.27463736
-0.85569432
-0.05807902
-1.01143810
1.30989111
0.63252493
-0.07237542
0.25316443
-0.50478997
1.13930405
0.84518117
0.74376268
-0.39638833
0.41192880
-0.03415041
0.48280651
1.83454802
-0.10069498
2.06904735
-0.28003806
0.14760279
-0.08512702
0.61262835
-0.91321543
1.12059011
-0.42474324
0.59801565
1.55934477
-0.05140930
0.36313501
0.08361125
-1.29303460
-0.95004250
1.65791730
0.09478491
-1.42430022
0.42088622
1.31329048
-0.01441761
1.85041678
-0.14584844
-0.25745873
0.43645022
0.20951728
-0.13510722
1.25804843
0.67328896
0.34936464
1.03150533
-0.51738005
0.03116515
-0.43353125
0.99293297
-0.19399320
2.07113633
-0.67000162
1.00422001
0.91787252
1.34334630
-0.09072031
0.23373672
0.59447253
-0.99609065
-0.69918104
1.09658546
-0.33594031
-0.52836160
-0.68221766
-0.43070891
-0.00620289
1.35903574
-1.48898181
-0.50851357
0.58354616
-0.41720307
1.04258853
0.63803854
0.71073849
0.00971486
0.27146808
-0.75762967
1.87523820
1.27743560
0.93637949
-1.25298685
0.35606187
-0.15173550
-0.64369581
0.10508119
0.25267316
-1.49194358
-0.37526777
0.01340122
-0.75181522
0.13768124
0.97343865
0.77294178
0.49422974
2.19038160
-1.79697165
-0.10534041
1.73296243
0.49287154
0.06924865
0.13533278
0.27986534
0.23601224
0.05790579
-0.90830088
-0.27629326
-0.43523009
-1.12884887
-1.36646978
0.12522081
-0.42455109
1.09642014
0.11024735
-0.73469969
-0.08155785
-0.80242219
-0.12237688
0.71023121
0.57479873
0.89174855
-0.39962095
-0.90110958
0.29517310
1.35385903
0.23009447
-0.10572642
-1.18007645
-0.59929122
-1.34576847
-0.55924615
0.49584024
-0.58072918
1.77306748
-0.79825262
-0.24622828
-1.24657179
-0.79338010
-0.14931788
0.02154173
0.81502109
-0.59845406
-1.04651361
0.55402303
-0.32023189
0.76072167
-1.27122434
-0.70264520
-0.54648671
-1.57557208
-0.40702645
0.47501747
-0.39419262
-1.10460149
-0.25406903
2.31650910
-0.93960477
0.89944235
1.85793302
0.14079487
-0.20286420
0.83461411
1.53640815
-1.26610457
-1.00095825
-0.97439589
-0.02543787
-0.95264502
1.46421044
1.55424295
1.71626962
0.18095318
-0.70894621
-0.22243863
1.17719122
2.07728220
0.97835076
-0.23790427
0.49619702
0.93646437
0.16872817
0.92877334
0.43198806
-1.01289316
0.18745381
-1.31359432
-0.85252193
0.53210872
1.28481566
1.63749431
1.14385416
1.52489632
0.25168179
-0.42079528
1.47882682
0.44191147
0.12154511
1.11349293
-1.59511229
-0.44106398
-0.95802809
-0.84893522
0.66537931
-0.94807465
0.33351489
0.09102491
-2.01992818
-0.05471303
0.00667266
-1.28403392
-0.06306926
-0.12220779
-1.28637084
-1.30461394
0.38681428
1.34660739
-1.87536281
0.51385265
0.02794977
-0.70116236
-1.63532265
0.69854667
-0.81298661
-0.62407062
-0.04381910
0.27571791
-0.28554351
-2.14004361
-0.28232883
0.86779617
0.72841946
0.00314443
0.49815819
-0.65752105
-0.31070337
0.18605509
-1.18190183
-1.09075910
-0.33726221
1.38814933
-2.02136669
0.64639369
-1.36408158
-0.41913898
-0.15238759
-0.47845999
0.55037814
0.43132584
-1.39153949
0.02955259
-0.01310993
0.20619685
0.20624429
-1.09498839
0.22024834
2.08437146
1.17485526
0.76978878
-0.14766423
-1.29694611
1.48624655
-0.00479997
-0.83174627
0.63438668
0.15510589
2.87533858
-0.62808649
-0.13927287
-0.27969626
0.65281797
0.68335883
-0.44120955
-0.76091483
0.74237867
0.40467037
-0.90670102
-0.25984073
-0.51513341
-1.14542811
-0.75579310
0.66327634
0.69964435
-0.92436820
-0.30878410
-1.23582615
-1.75509247
-0.12201029
-0.96044583
-0.51864482
0.02346808
-0.39239318
1.79466380
-0.16617568
-0.60500180
0.66708969
-0.29337605
1.23459056
-0.47952530
1.59766207
0.51559353
-2.82355732
-0.27073636
0.29337060
1.26332996
-1.02290075
0.04415561
-2.02338333
-1.19204678
0.03701001
-0.94198815
0.00430846
