0.00000000
0.00000000
0.00000000
0.00000000
0.00000000
0.00000000
0.00000000
0.00000000
0.00000000
0.00000000
0.00000000
0.00000000
0.00000000
0.00000000
0.00000000
0.00000000
0.00000000
0.00000000
0.00000000
0.00000000
0.00000000
0.00000000
0.00000000
0.00000000
0.00000000
0.00000000
0.00000000
0.00000000
0.00000000
0.00000000
0.00000000
0.00000000
0.00000000
0.00000000
0.00000000
0.00000000
0.00000000
0.00000000
0.00000000
0.00000000
0.00000000
0.00000000
0.00000000
0.00000000
0.00000000
0.00000000
0.00000000
0.00000000
0.00000000
0.00000000
0.00000000
0.00000000
0.00000000
0.00000000
0.00000000
0.00000000
0.00000000
0.00000000
0.00000000
0.00000000
0.00000000
0.00000000
0.00000000
0.00000000
0.00000000
0.00000000
0.00000000
0.00000000
0.00000000
0.00000000
0.00000000
0.00000000
0.00000000
0.00000000
0.00000000
0.00000000
0.00000000
0.00000000
0.00000000
0.00000000
0.00000000
0.00000000
0.00000000
0.00000000
0.00000000
0.00000000
0.00000000
0.00000000
0.00000000
0.00000000
0.00000000
0.00000000
0.00000000
0.00000000
0.00000000
0.00000000
0.00000000
0.00000000
0.00000000
0.00000000
0.00000000
0.00000000
0.00000000
0.00000000
0.00000000
0.00000000
0.00000000
0.00000000
0.00000000
0.00000000
0.00000000
0.00000000
0.00000000
0.00000000
0.00000000
0.00000000
0.00000000
0.00000000
0.00000000
0.00000000
0.00000000
0.00000000
0.00000000
0.00000000
0.00000000
0.00000000
0.00000000
0.00000000
0.00000000
0.00000000
0.00000000
0.00000000
0.00000000
0.00000000
0.00000000
0.00000000
0.00000000
0.00000000
0.00000000
0.00000000
0.00000000
0.00000000
0.00000000
0.00000000
0.00000000
0.00000000
0.00000000
0.00000000
0.00000000
0.00000000
0.00000000
0.00000000
0.00000000
0.00000000
0.00000000
0.00000000
0.00000000
0.00000000
0.00000000
0.00000000
0.00000000
0.00000000
0.00000000
0.00000000
0.00000000
0.00000000
0.00000000
0.00000000
0.00000000
0.00000000
0.00000000
0.00000000
-0.00000000
-0.00000000
-0.00000000
-0.00000000
-0.00000000
0.00000000
0.00000000
0.00000000
0.00000000
-0.00000000
-0.00000000
-0.00000000
-0.00000000
0.00000000
0.00000000
0.00000000
0.00000000
-0.00000000
-0.00000000
-0.00000000
-0.00000000
-0.00000000
0.00000000
0.00000000
0.00000000
0.00000000
-0.00000000
-0.00000000
-0.00000000
-0.00000000
0.00000000
0.00000000
0.00000000
0.00000000
-0.00000000
-0.00000000
-0.00000000
-0.00000000
-0.00000000
0.00000000
0.00000000
0.00000000
0.00000000
-0.00000000
-0.00000000
-0.00000000
-0.00000000
0.00000000
0.00000000
0.00000000
0.00000000
0.00000000
-0.00000000
-0.00000000
-0.00000000
-0.00000000
0.00000000
0.00000000
0.00000000
0.00000000
0.00000000
-0.00000000
-0.00000000
-0.00000000
-0.00000000
0.00000000
0.00000000
0.00000000
0.00000000
0.00000000
-0.00000000
-0.00000000
-0.00000000
-0.00000000
-0.00000000
0.00000000
0.00000000
0.00000000
0.00000000
0.00000000
-0.00000000
-0.00000000
-0.00000000
-0.00000000
-0.00000000
0.00000000
0.00000000
0.00000000
0.00000000
0.00000000
-0.00000000
-0.00000000
-0.00000000
-0.00000000
-0.00000000
0.00000000
0.00000000
0.00000000
0.00000000
0.00000000
-0.00000000
-0.00000000
-0.00000000
-0.00000000
-0.00000000
-0.00000000
0.00000000
0.00000000
0.00000000
0.00000000
0.00000000
-0.00000000
-0.00000000
-0.00000000
-0.00000000
-0.00000000
-0.00000000
0.00000000
0.00000000
0.00000000
0.00000000
0.00000000
-0.00000000
-0.00000000
-0.00000000
-0.00000000
-0.00000000
-0.00000000
0.00000000
0.00000000
0.00000000
0.00000000
0.00000000
0.00000000
-0.00000000
-0.00000000
-0.00000000
-0.00000000
-0.00000000
-0.00000000
0.00000000
0.00000000
0.00000000
0.00000000
0.00000000
0.00000000
-0.00000000
-0.00000000
-0.00000000
-0.00000000
-0.00000000
-0.00000000
-0.00000000
0.00000000
0.00000000
0.00000000
0.00000000
0.00000000
0.00000000
-0.00000000
-0.00000000
-0.00000000
-0.00000000
-0.00000000
-0.00000000
-0.00000000
0.00000000
0.00000000
0.00000000
0.00000000
0.00000000
0.00000000
0.00000000
-0.00000000
-0.00000000
-0.00000000
-0.00000000
-0.00000000
-0.00000000
0.00000000
0.00000000
0.00000000
0.00000000
0.00000000
0.00000000
0.00000000
-0.00000000
-0.00000000
-0.00000000
-0.00000000
-0.00000000
-0.00000000
-0.00000000
0.00000000
0.00000000
0.00000000
0.00000000
0.00000000
0.00000000
0.00000000
-0.00000000
-0.00000000
-0.00000000
-0.00000000
-0.00000000
-0.00000000
-0.00000000
0.00000000
0.00000000
0.00000000
0.00000000
0.00000000
0.00000000
0.00000000
0.00000000
-0.00000000
-0.00000000
-0.00000000
-0.00000000
-0.00000000
-0.00000000
-0.00000000
0.00000000
0.00000000
0.00000000
0.00000000
0.00000000
0.00000000
0.00000000
-0.00000000
-0.00000000
-0.00000000
-0.00000000
-0.00000000
-0.00000000
-0.00000000
-0.00000000
0.00000000
0.00000000
0.00000000
0.00000000
0.00000000
0.00000000
0.00000000
-0.00000000
-0.00000000
-0.00000000
-0.00000000
-0.00000000
-0.00000000
-0.00000000
-0.00000000
0.00000000
0.00000000
0.00000000
0.00000000
0.00000000
0.00000000
0.00000000
0.00000000
-0.00000000
-0.00000000
-0.00000000
-0.00000000
-0.00000000
-0.00000000
-0.00000000
0.00000000
0.00000000
0.00000000
0.00000000
0.00000000
0.00000000
0.00000000
0.00000000
-0.00000000
-0.00000000
-0.00000000
-0.00000000
-0.00000000
-0.00000000
-0.00000000
-0.00000000
0.00000000
0.00000000
0.00000000
0.00000000
0.00000000
0.00000000
0.00000000
0.00000000
-0.00000000
-0.00000000
-0.00000000
-0.00000000
-0.00000000
-0.00000000
-0.00000000
-0.00000000
0.00000000
0.00000000
0.00000000
0.00000000
0.00000000
0.00000000
0.00000000
0.00000000
0.00000000
-0.00000000
-0.00000000
-0.00000000
-0.00000000
-0.00000000
-0.00000000
-0.00000000
-0.00000000
0.00000000
0.00000000
0.00000000
0.00000000
0.00000000
0.00000000
0.00000000
0.00000000
-0.00000000
-0.00000000
-0.00000000
-0.00000000
-0.00000000
-0.00000001
-0.00000000
-0.00000000
-0.00000000
0.00000000
0.00000001
0.00000001
0.00000001
0.00000001
0.00000002
0.00000001
0.00000001
0.00000000
-0.00000001
-0.00000002
-0.00000003
-0.00000004
-0.00000004
-0.00000004
-0.00000004
-0.00000002
0.00000000
0.00000003
0.00000006
0.00000009
0.00000011
0.00000012
0.00000012
0.00000010
0.00000005
-0.00000001
-0.00000009
-0.00000017
-0.00000025
-0.00000031
-0.00000034
-0.00000033
-0.00000027
-0.00000016
0.00000001
0.00000021
0.00000043
0.00000065
0.00000082
0.00000093
0.00000092
0.00000079
0.00000051
0.00000010
-0.00000043
-0.00000102
-0.00000161
-0.00000213
-0.00000248
-0.00000258
-0.00000235
-0.00000176
-0.00000079
0.00000053
0.00000210
0.00000378
0.00000538
0.00000669
0.00000747
0.00000749
0.00000655
0.00000454
0.00000142
-0.00000274
-0.00000774
-0.00001324
-0.00001881
-0.00002388
-0.00002784
-0.00003003
-0.00002980
-0.00002652
-0.00001962
-0.00000858
0.00000709
0.00002792
0.00005456
0.00008794
0.00012945
0.00018118
0.00024619
0.00032885
0.00043519
0.00057333
0.00075391
0.00099057
0.00130048
0.00170491
0.00222976
0.00290628
0.00377162
0.00486954
0.00625103
0.00797487
0.01010807
0.01272619
0.01591330
0.01976162
0.02437057
0.02984532
0.03629443
0.04382663
0.05254661
0.06254959
0.07391489
0.08669806
0.10092217
0.11656797
0.13356358
0.15177351
0.17098790
0.19091272
0.21116084
0.23124528
0.25057530
0.26845604
0.28409255
0.29659873
0.30501181
0.30831337
0.30545580
0.29539531
0.27713025
0.24974477
0.21245539
0.16466057
0.10598975
0.03635130
-0.04402430
-0.13454771
-0.23424351
-0.34173405
-0.45523775
-0.57258248
-0.69123554
-0.80835086
-0.92083400
-1.02542114
-1.11877537
-1.19759083
-1.25870609
-1.29922199
-1.31661797
-1.30886269
-1.27451324
-1.21279716
-1.12368298
-1.00790977
-0.86701286
-0.70329648
-0.51979917
-0.32021713
-0.10880643
0.10973847
0.33042532
0.54811764
0.75769621
0.95422155
1.13309097
1.29018402
1.42199135
1.52571869
1.59936810
1.64178658
1.65268421
1.63262749
1.58299255
1.50589943
1.40412140
1.28096867
1.14017010
0.98573589
0.82181817
0.65258265
0.48207814
0.31412417
0.15221125
-0.00057868
-0.14163280
-0.26884657
-0.38064259
-0.47597015
-0.55428725
-0.61552769
-0.66005594
-0.68861282
-0.70225531
-0.70229310
-0.69022501
-0.66767681
-0.63634336
-0.59793520
-0.55413151
-0.50653988
-0.45666206
-0.40586740
-0.35537165
-0.30622292
-0.25929236
-0.21527123
-0.17467207
-0.13783520
-0.10493946
-0.07601720
-0.05097254
-0.02960304
-0.01162359
0.00330842
0.01556754
0.02553567
0.03357962
0.04003213
0.04517731
0.04924136
0.05238907
0.05472600
0.05630605
0.05714333
0.05722731
0.05653936
0.05506913
0.05282903
0.04986516
0.04626360
0.04215129
0.03769147
0.03307398
0.02850161
0.02417391
0.02027038
0.01693478
0.01426250
0.01229255
0.01100497
0.01032428
0.01012858
0.01026336
0.01055858
0.01084708
0.01098241
0.01085382
0.01039702
0.00959929
0.00849853
0.00717637
0.00574621
0.00433780
0.00308009
0.00208459
0.00143121
0.00115835
0.00125838
0.00167905
0.00233057
0.00309745
0.00385343
0.00447775
0.00487045
0.00496490
0.00473584
0.00420198
0.00342286
0.00249038
0.00151620
0.00061668
-0.00010269
-0.00056117
-0.00071330
-0.00055456
-0.00012155
0.00051341
0.00125235
0.00198518
0.00260463
0.00302078
0.00317296
0.00303774
0.00263165
0.00200841
0.00125120
0.00046083
-0.00025830
-0.00081272
-0.00113267
-0.00118154
-0.00096067
-0.00050870
0.00010413
0.00078609
0.00143707
0.00196264
0.00228725
0.00236470
0.00218431
0.00177210
0.00118675
0.00051094
-0.00016062
-0.00073477
-0.00113317
-0.00130329
-0.00122575
-0.00091670
-0.00042525
0.00017393
0.00079155
0.00133669
0.00172990
0.00191455
0.00186482
0.00158911
0.00112857
0.00055078
-0.00006026
-0.00061651
-0.00103876
-0.00126805
-0.00127414
-0.00105970
-0.00065958
-0.00013547
0.00043336
0.00096187
0.00137180
0.00160310
0.00162266
0.00142894
0.00105196
0.00054859
-0.00000609
-0.00053005
-0.00094655
-0.00119548
-0.00124216
-0.00108229
-0.00074238
-0.00027551
0.00024680
0.00074537
0.00114532
0.00138718
0.00143572
0.00128501
0.00095906
0.00050803
0.00000043
-0.00048727
-0.00088228
-0.00112635
-0.00118448
-0.00105001
-0.00074543
-0.00031871
0.00016410
0.00062901
0.00100538
0.00123657
0.00128845
0.00115440
0.00085612
0.00044011
-0.00002955
-0.00048113
-0.00084623
-0.00107015
-0.00112019
-0.00099044
-0.00070254
-0.00030212
0.00014832
0.00057911
0.00092416
0.00113103
0.00116892
0.00103322
0.00074604
0.00035260
-0.00008584
-0.00050161
-0.00083100
-0.00102412
-0.00105246
-0.00091315
-0.00062922
-0.00024586
0.00017673
0.00057271
0.00088089
0.00105409
0.00106642
0.00091710
0.00063044
0.00025186
-0.00015925
-0.00053887
-0.00082835
-0.00098345
-0.00098117
-0.00082314
-0.00053526
-0.00016346
0.00023355
0.00059357
0.00086062
0.00099362
0.00097273
0.00080233
0.00051015
0.00014276
-0.00024179
-0.00058320
-0.00082835
-0.00093957
-0.00090049
-0.00071843
-0.00042312
-0.00006185
0.00030803
0.00062822
0.00084860
0.00093510
0.00087491
0.00067835
0.00037708
0.00001897
-0.00033965
-0.00064286
-0.00084414
-0.00091363
-0.00084291
-0.00064626
-0.00035844
-0.00002926
0.00028421
0.00052640
0.00065175
0.00063152
0.00045782
0.00014428
-0.00027671
-0.00075983
-0.00125466
-0.00171432
-0.00210353
-0.00240469
-0.00262120
-0.00277717
-0.00291387
-0.00308316
-0.00333910
-0.00372895
-0.00428491
-0.00501793
-0.00591439
-0.00693631
-0.00802476
-0.00910612
-0.01010004
-0.01092794
-0.01152067
-0.01182435
-0.01180341
-0.01144065
-0.01073454
-0.00969429
-0.00833388
-0.00666613
-0.00469810
-0.00242881
0.00015022
0.00305146
0.00628528
0.00985223
0.01373490
0.01789062
0.02224646
0.02669733
0.03110797
0.03531874
0.03915470
0.04243719
0.04499637
0.04668339
0.04738089
0.04701052
0.04553697
0.04296816
0.03935211
0.03477101
0.02933377
0.02316808
0.01641323
0.00921429
0.00171854
-0.00592634
-0.01357219
-0.02106952
-0.02826660
-0.03500945
-0.04114350
-0.04651742
-0.05098901
-0.05443282
-0.05674873
-0.05787023
-0.05777146
-0.05647162
-0.05403617
-0.05057419
-0.04623206
-0.04118397
-0.03562031
-0.02973516
-0.02371433
-0.01772517
-0.01190931
-0.00637880
-0.00121581
0.00352445
0.00780854
0.01161826
0.01494418
0.01778013
0.02011974
0.02195532
0.02327912
0.02408662
0.02438097
0.02417758
0.02350795
0.02242163
0.02098589
0.01928281
0.01740403
0.01544384
0.01349149
0.01162381
0.00989931
0.00835444
0.00700266
0.00583639
0.00483145
0.00395342
0.00316467
0.00243130
0.00172866
0.00104487
0.00038173
-0.00024680
-0.00081841
-0.00130760
-0.00169135
-0.00195426
-0.00209226
-0.00211425
-0.00204147
-0.00190459
-0.00173916
-0.00158008
-0.00145625
-0.00138608
-0.00137481
-0.00141409
-0.00148381
-0.00155606
-0.00160035
-0.00158938
-0.00150431
-0.00133859
-0.00109980
-0.00080898
-0.00049767
-0.00020309
0.00003786
0.00019466
0.00024835
0.00019500
0.00004675
-0.00016968
-0.00041691
-0.00065257
-0.00083588
-0.00093407
-0.00092767
-0.00081363
-0.00060602
-0.00033387
-0.00003677
0.00024137
0.00045915
0.00058429
0.00059865
0.00050123
0.00030830
0.00005094
-0.00022987
-0.00048963
-0.00068730
-0.00079170
-0.00078640
-0.00067215
-0.00046675
-0.00020213
0.00008075
0.00033837
0.00053151
0.00063138
0.00062402
0.00051238
0.00031568
0.00006619
-0.00019593
-0.00042913
-0.00059698
-0.00067385
-0.00064884
-0.00052727
-0.00032964
-0.00008811
0.00015873
0.00037209
0.00051918
0.00057827
0.00054198
0.00041824
0.00022872
0.00000513
-0.00021600
-0.00039930
-0.00051617
-0.00054922
-0.00049492
-0.00036380
-0.00017854
0.00002993
0.00022763
0.00038305
0.00047220
0.00048236
0.00041389
0.00027990
0.00010389
-0.00008438
-0.00025380
-0.00037706
-0.00043503
-0.00041975
-0.00033546
-0.00019766
-0.00003036
0.00013814
0.00027993
0.00037216
0.00040071
0.00036233
0.00026501
0.00012638
-0.00002939
-0.00017579
-0.00028841
-0.00034904
-0.00034856
-0.00028834
-0.00017981
-0.00004236
0.00010008
0.00022317
0.00030626
0.00033584
0.00030776
0.00022773
0.00011025
-0.00002399
-0.00015174
-0.00025115
-0.00030555
-0.00030615
-0.00025354
-0.00015744
-0.00003495
0.00009244
0.00020259
0.00027650
0.00030157
0.00027373
0.00019803
0.00008779
-0.00003778
-0.00015690
-0.00024899
-0.00029820
-0.00029611
-0.00024321
-0.00014873
-0.00002910
0.00009492
0.00020182
0.00027301
0.00029607
0.00026682
0.00019012
0.00007899
-0.00004758
-0.00016787
-0.00026117
-0.00031133
-0.00030952
-0.00025580
-0.00015911
-0.00003580
0.00009315
0.00020565
0.00028233
0.00030981
0.00028301
0.00020608
0.00009176
-0.00004079
-0.00016916
-0.00027150
-0.00033025
-0.00033511
-0.00028486
-0.00018764
-0.00005959
0.00007777
0.00020118
0.00028955
0.00032751
0.00030808
0.00023387
0.00011669
-0.00002436
-0.00016609
-0.00028510
-0.00036171
-0.00038331
-0.00034652
-0.00025782
-0.00013250
0.00000781
0.00013879
0.00023750
0.00028621
0.00027545
0.00020567
0.00008724
-0.00006117
-0.00021564
-0.00035090
-0.00044451
-0.00048055
-0.00045227
-0.00036320
-0.00022659
-0.00006319
0.00010218
0.00024477
0.00034403
0.00038702
0.00037058
0.00030186
0.00019710
0.00007889
-0.00002767
-0.00009923
-0.00011823
-0.00007600
0.00002568
0.00017460
0.00035004
0.00052596
0.00067527
0.00077411
0.00080578
0.00076349
0.00065142
0.00048410
0.00028406
0.00007815
-0.00010674
-0.00024805
-0.00033110
-0.00035135
-0.00031500
-0.00023769
-0.00014179
-0.00005239
0.00000699
0.00001858
-0.00002655
-0.00012679
-0.00027009
-0.00043584
-0.00059812
-0.00072999
-0.00080787
-0.00081548
-0.00074656
-0.00060603
-0.00040927
-0.00017973
0.00005474
0.00026634
0.00043167
0.00053537
0.00057239
0.00054859
0.00047943
0.00038716
0.00029683
0.00023181
0.00020964
0.00023886
0.00031726
0.00043207
0.00056180
0.00067967
0.00075789
0.00077222
0.00070601
0.00055304
0.00031877
0.00001970
-0.00031896
-0.00066698
-0.00099354
-0.00127167
-0.00148199
-0.00161517
-0.00167271
-0.00166587
-0.00161310
-0.00153629
-0.00145659
-0.00139037
-0.00134624
-0.00132336
-0.00131161
-0.00129336
-0.00124669
-0.00114952
-0.00098382
-0.00073937
-0.00041629
-0.00002598
0.00040980
0.00086148
0.00129552
0.00167902
0.00198415
0.00219198
0.00229483
0.00229698
0.00221354
0.00206771
0.00188687
0.00169815
0.00152427
0.00138019
0.00127121
0.00119276
0.00113192
0.00107036
0.00098812
0.00086777
0.00069797
0.00047612
0.00020932
-0.00008620
-0.00038735
-0.00066765
-0.00090134
-0.00106743
-0.00115311
-0.00115582
-0.00108370
-0.00095437
-0.00079215
-0.00062426
-0.00047656
-0.00036959
-0.00031546
-0.00031622
-0.00036385
-0.00044190
-0.00052855
-0.00060051
-0.00063705
-0.00062366
-0.00055456
-0.00043376
-0.00027442
-0.00009670
0.00007559
0.00021894
0.00031408
0.00034920
0.00032190
0.00023966
0.00011859
-0.00001918
-0.00014916
-0.00024851
-0.00029977
-0.00029373
-0.00023091
-0.00012143
0.00001671
0.00016063
0.00028637
0.00037286
0.00040545
0.00037829
0.00029528
0.00016948
0.00002089
-0.00012683
-0.00025022
-0.00032991
-0.00035373
-0.00031867
-0.00023135
-0.00010682
0.00003394
0.00016749
0.00027187
0.00033013
0.00033310
0.00028085
0.00018261
0.00005513
-0.00008011
-0.00020049
-0.00028601
-0.00032258
-0.00030428
-0.00023430
-0.00012434
0.00000742
0.00013933
0.00024993
0.00032145
0.00034278
0.00031118
0.00023273
0.00012117
-0.00000438
-0.00012271
-0.00021404
-0.00026332
-0.00026269
-0.00021273
-0.00012230
-0.00000700
0.00011350
0.00021881
0.00029118
0.00031850
0.00029627
0.00022830
0.00012602
0.00000651
-0.00011040
-0.00020544
-0.00026317
-0.00027448
-0.00023812
-0.00016081
-0.00005611
0.00005795
0.00016187
0.00023801
0.00027351
0.00026241
0.00020664
0.00011564
0.00000473
-0.00010747
-0.00020219
-0.00026369
-0.00028182
-0.00025378
-0.00018449
-0.00008580
0.00002560
0.00013092
0.00021250
0.00025672
0.00025629
0.00021145
0.00012990
0.00002548
-0.00008419
-0.00018063
-0.00024768
-0.00027412
-0.00025560
-0.00019530
-0.00010343
0.00000456
0.00011058
0.00019689
0.00024913
0.00025867
0.00022406
0.00015124
0.00005255
-0.00005540
-0.00015451
-0.00022817
-0.00026413
-0.00025643
-0.00020646
-0.00012266
-0.00001910
0.00008688
0.00017761
0.00023799
0.00025806
0.00023461
0.00017169
0.00007997
-0.00002516
-0.00012607
-0.00020593
-0.00025146
-0.00025515
-0.00021648
-0.00014204
-0.00004431
0.00006035
0.00015450
0.00022251
0.00025317
0.00024152
0.00018968
0.00010646
0.00000586
-0.00009528
-0.00018010
-0.00023451
-0.00024956
-0.00022288
-0.00015908
-0.00006891
0.00003252
0.00012829
0.00020250
0.00024290
0.00024294
0.00020281
0.00012939
0.00003507
-0.00006434
-0.00015225
-0.00021408
-0.00023967
-0.00022493
-0.00017254
-0.00009140
0.00000483
0.00010003
0.00017838
0.00022692
0.00023775
0.00020928
0.00014649
0.00006002
-0.00003558
-0.00012435
-0.00019154
-0.00022612
-0.00022251
-0.00018155
-0.00011030
-0.00002079
0.00007197
0.00015255
0.00020764
0.00022829
0.00021133
0.00015991
0.00008291
-0.00000656
-0.00009339
-0.00016297
-0.00020366
-0.00020866
-0.00017715
-0.00011440
-0.00003078
0.00005991
0.00014281
0.00020448
0.00023511
0.00023013
0.00019092
0.00012455
0.00004249
-0.00004127
-0.00011269
-0.00015995
-0.00017548
-0.00015722
-0.00010887
-0.00003934
0.00003884
0.00011163
0.00016581
0.00019119
0.00018235
0.00013948
0.00006833
-0.00002070
-0.00011440
-0.00019884
-0.00026173
-0.00029437
-0.00029307
-0.00025964
-0.00020104
-0.00012809
-0.00005362
0.00000973
0.00005165
0.00006591
0.00005132
0.00001194
-0.00004367
-0.00010398
-0.00015645
-0.00018967
-0.00019538
-0.00016984
-0.00011450
-0.00003583
0.00005581
0.00014779
0.00022735
0.00028364
0.00030950
0.00030256
0.00026562
0.00020607
0.00013462
0.00006349
0.00000430
-0.00003379
-0.00004561
-0.00003080
0.00000626
0.00005722
0.00011126
0.00015700
0.00018443
0.00018669
0.00016118
0.00011007
0.00003990
-0.00003950
-0.00011666
-0.00018039
-0.00022163
-0.00023495
-0.00021942
-0.00017873
-0.00012049
-0.00005498
0.00000665
0.00005426
0.00008037
0.00008144
0.00005839
0.00001639
-0.00003603
-0.00008852
-0.00013067
-0.00015379
-0.00015243
-0.00012526
-0.00007539
-0.00000976
0.00006197
0.00012904
0.00018136
0.00021123
0.00021454
0.00019145
0.00014630
0.00008687
0.00002298
-0.00003510
-0.00007845
-0.00010093
-0.00010018
-0.00007798
-0.00003987
0.00000586
0.00004963
0.00008225
0.00009652
0.00008847
0.00005810
0.00000933
-0.00005059
-0.00011237
-0.00016618
-0.00020336
-0.00021787
-0.00020728
-0.00017319
-0.00012096
-0.00005880
0.00000361
0.00005675
0.00009283
0.00010704
0.00009836
0.00006966
0.00002713
-0.00002075
-0.00006474
-0.00009640
-0.00010954
-0.00010125
-0.00007241
-0.00002748
0.00002623
0.00007986
0.00012450
0.00015270
0.00015975
0.00014447
0.00010941
0.00006038
0.00000551
-0.00004617
-0.00008625
-0.00010831
-0.00010907
-0.00008884
-0.00005150
-0.00000379
0.00004584
0.00008868
0.00011724
0.00012651
0.00011483
0.00008411
0.00003950
-0.00001148
-0.00006025
-0.00009865
-0.00012031
-0.00012173
-0.00010285
-0.00006711
-0.00002075
0.00002817
0.00007122
0.00010099
0.00011236
0.00010338
0.00007559
0.00003372
-0.00001510
-0.00006259
-0.00010068
-0.00012294
-0.00012565
-0.00010839
-0.00007416
-0.00002882
0.00001991
0.00006374
0.00009528
0.00010924
0.00010337
0.00007879
0.00003984
-0.00000669
-0.00005273
-0.00009026
-0.00011274
-0.00011617
-0.00009977
-0.00006615
-0.00002082
0.00002872
0.00007430
0.00010839
0.00012545
0.00012281
0.00010116
0.00006437
0.00001888
-0.00002744
-0.00006662
-0.00009192
-0.00009901
-0.00008668
-0.00005702
-0.00001510
0.00003194
0.00007606
0.00010974
0.00012721
0.00012546
0.00010470
0.00006839
0.00002258
-0.00002507
-0.00006664
-0.00009523
-0.00010618
-0.00009782
-0.00007175
-0.00003258
0.00001288
0.00005678
0.00009156
0.00011122
0.00011237
0.00009476
0.00006133
0.00001772
-0.00002872
-0.00007018
-0.00009967
-0.00011229
-0.00010596
-0.00008184
-0.00004410
0.00000082
0.00004526
0.00008168
0.00010390
0.00010820
0.00009389
0.00006344
0.00002208
-0.00002314
-0.00006452
-0.00009503
-0.00010949
-0.00010547
-0.00008367
-0.00004781
-0.00000401
0.00004029
0.00007757
0.00010152
0.00010809
0.00009622
0.00006796
0.00002816
-0.00001639
-0.00005810
-0.00008986
-0.00010629
-0.00010461
-0.00008514
-0.00005121
-0.00000862
0.00003537
0.00007329
0.00009870
0.00010729
0.00009762
0.00007138
0.00003302
-0.00001090
-0.00005295
-0.00008598
-0.00010441
-0.00010514
-0.00008809
-0.00005619
-0.00001490
0.00002876
0.00006733
0.00009425
0.00010494
0.00009755
0.00007333
0.00003636
-0.00000710
-0.00004971
-0.00008427
-0.00010494
-0.00010824
-0.00009365
-0.00006368
-0.00002345
0.00002019
0.00005978
0.00008859
0.00010171
0.00009688
0.00007491
0.00003954
-0.00000324
-0.00004617
-0.00008194
-0.00010448
-0.00010995
-0.00009742
-0.00006898
-0.00002946
0.00001448
0.00005539
0.00008639
0.00010224
0.00010031
0.00008096
0.00004751
0.00000569
-0.00003737
-0.00007433
-0.00009888
-0.00010682
-0.00009675
-0.00007034
-0.00003203
0.00001173
0.00005357
0.00008643
0.00010476
0.00010550
0.00008852
0.00005674
0.00001554
-0.00002806
-0.00006668
-0.00009377
-0.00010472
-0.00009768
-0.00007385
-0.00003726
0.00000588
0.00004824
0.00008266
0.00010328
0.00010660
0.00009204
0.00006206
0.00002170
-0.00002224
-0.00006236
-0.00009190
-0.00010592
-0.00010208
-0.00008107
-0.00004649
-0.00000422
0.00003859
0.00007468
0.00009794
0.00010447
0.00009317
0.00006601
0.00002761
-0.00001546
-0.00005584
-0.00008661
-0.00010244
-0.00010055
-0.00008112
-0.00004728
-0.00000461
0.00003983
0.00007867
0.00010548
0.00011588
0.00010821
0.00008389
0.00004710
0.00000411
-0.00003779
-0.00007155
-0.00009150
-0.00009439
-0.00007985
-0.00005052
-0.00001153
0.00003029
0.00006767
0.00009404
0.00010470
0.00009762
0.00007373
0.00003685
-0.00000703
-0.00005071
