0.55260796
-0.05124674
-0.57205479
-0.59883605
1.24409376
0.22211006
-1.01645214
-0.42495811
-0.44788202
0.86545773
-0.02667442
-0.51849691
-0.10384739
-0.23734526
-0.22297778
0.04923470
-0.60190620
0.43541455
-0.53026916
-0.17688772
0.11069698
0.36409672
0.02884225
0.11282694
0.63234174
0.24933325
-0.35466127
0.38943995
-0.39516869
0.04644516
-0.03970737
-0.64041421
0.04596716
0.24122607
0.21883913
-0.07702635
-0.31167265
1.22002370
0.00048399
-0.77268063
0.74602982
0.50661206
-0.06937844
-0.36432208
-0.37105343
0.44597439
0.35044908
0.03762282
-0.25720756
0.06317520
-0.27301663
-0.03316279
-0.07920503
-0.38705996
0.62186049
-0.25519419
-0.15803656
-0.71845755
-0.05938727
-0.15115749
-0.12345228
0.06234215
-0.59365079
-0.42689688
-0.32391290
-1.25485484
0.29273362
-0.07003563
0.43238055
0.70191582
-0.72779556
-0.20025360
0.75894817
-0.25297917
0.47124628
-0.05478624
0.31595769
0.18951123
0.27301855
-0.63206285
-0.30116929
0.31989148
0.65634647
0.92212619
0.74057989
0.22214546
0.25944921
-0.27770251
0.21728047
1.17840941
0.48278508
-0.30042198
0.58332030
-0.44280111
-0.07919566
-0.31165036
0.25579629
-0.03452449
-0.22979698
-0.72113876
-1.27817330
0.33792299
0.16823689
0.34374955
0.25004780
-0.15503182
-0.38799916
0.04004919
0.21291246
-0.83557998
0.78544098
-0.27429681
0.54519297
0.80174589
0.06836685
-0.15127002
-0.60191281
0.15153659
0.28066474
-0.03112334
0.04514530
-0.72019300
0.29215748
0.77807636
-0.38454794
-0.51110223
-0.92983460
0.16232164
0.52640449
0.28854452
-0.45874337
-0.57370656
-0.11336245
-0.18087385
0.22167545
0.36079123
0.11791933
0.72971855
0.53655232
-0.67606135
0.21211214
-0.29619860
-0.21361865
0.22489023
-0.03406093
0.76827515
-0.31295937
0.41522682
0.54817196
-0.29022302
-0.49307304
0.99748538
-0.77525577
-0.17634375
-0.41545859
0.04578490
-0.00093845
0.26803353
0.05543587
0.36187251
-0.25668481
-0.24987777
0.74865743
-0.53964691
-0.76743008
-0.70333661
-1.06222273
-0.03753888
0.93607551
0.42858364
0.08986710
0.04969376
-0.51557871
0.44645690
0.22161880
0.04358850
-0.35877241
0.36760441
0.00232771
-0.02726967
0.11027742
0.97749854
-0.09832566
-0.05108923
-0.44443255
-0.07520498
-0.27558147
-0.21855815
-0.30616241
-0.45154933
-0.50200600
0.31642241
0.30773182
-0.25367164
-0.75652001
0.54069770
0.45003590
0.16424884
0.29177161
-0.76022038
-0.56256597
0.09679390
0.03383926
-0.54515085
0.45391681
0.21611157
-0.16785900
-0.52023821
0.44900243
-0.04961655
-0.12268521
-0.46223559
0.47297600
-0.15474728
-0.19121755
-1.16799287
-0.41056976
-0.85870946
1.13699933
-0.54383808
1.00827853
-0.56519259
0.92313933
0.61431676
-0.41921534
0.31882368
0.40098886
-0.21199645
-0.59605725
0.84199622
-0.05824150
-0.04514208
0.89673688
-0.35284740
-0.37908672
0.13402990
-0.92388850
-0.23567577
-0.02308796
0.19898992
-0.07453036
0.25799501
-0.41280681
-0.25741673
1.06143814
-0.28227651
-0.04221642
-0.53513546
-0.33782437
-0.94248859
0.11941935
-0.07114298
0.16984775
-0.51275425
-0.56285582
0.96174007
0.23932882
-0.51840993
0.04977707
0.25131980
-0.14606266
-0.46207819
-0.52158716
0.12755085
0.66188820
0.13005465
-0.09295175
0.25647972
0.62184146
-0.87725304
-0.11479997
-0.27894649
-0.05970598
-0.27637480
-0.18815391
-0.58851169
0.09842408
-0.64688105
-0.31487537
-0.59013204
-0.04552116
-0.37881159
-0.00182512
-0.07103487
-0.20868958
0.17306339
0.15766208
-0.69940904
0.88525282
0.23904853
0.06496869
-0.12627507
-0.54198578
1.63162925
0.13326838
-1.05334316
-0.48627893
0.22539890
-0.52136262
-0.62300013
0.57053106
-1.23068420
-0.12068903
-0.20011675
-0.61175804
0.02177468
0.44601853
0.39181564
1.00618944
0.77979404
0.22994027
-0.72395936
0.24152535
1.05132623
0.29302429
-0.82412754
0.35025162
-0.55891509
-0.10940616
0.09923094
0.12146521
-0.71681896
0.76919981
0.08087347
0.59645563
-1.09214499
-0.07968556
-1.31462597
-0.10609006
0.65357175
0.11607523
0.51448852
0.17706580
0.20818685
-0.41618961
0.46253592
-0.59938370
-0.13177546
-0.15329327
-1.60392088
0.18509884
0.81235154
0.63109927
0.66312783
1.42987886
0.41186263
0.25658719
-0.47487168
0.15084288
0.72237817
0.25791442
-0.38342090
-0.00190164
-0.11441745
-0.44727217
0.10640713
-0.93006834
0.13960813
-0.85168888
-0.20845580
0.56829863
0.47202575
-1.26448733
0.08988379
-0.64657340
-0.56890148
0.59060357
0.40709299
-0.61385175
-0.11117847
0.27867034
-0.89432108
-0.19206806
0.33250581
0.53407303
-0.74918859
0.38687495
0.48709548
0.02581604
-0.97001085
-0.26479373
-0.12528273
0.07707107
-1.17849148
-0.21893505
0.29286853
-0.06742372
-0.18716671
-0.37419593
0.01856841
-0.39631180
0.12276406
0.77449814
0.20207035
0.16723685
-0.18292210
0.62211085
0.53334798
0.21963102
-0.51999314
1.66852646
0.18462088
-0.12730908
-0.53464065
0.00438796
-0.21467266
0.88585190
-0.08904079
-0.78244179
-0.33624173
0.01990340
-0.68630551
-0.39703824
-0.06463568
0.76745748
-0.67432974
0.31251332
0.03750563
0.21188870
-0.30983767
-0.16324673
0.34690651
0.47154805
-0.71288199
0.05203165
-0.19538204
-0.15421142
0.03006716
-0.00163106
0.08493913
1.03934540
-0.47677883
0.33664009
-0.27544626
-0.17160303
-0.02193038
1.23053289
-0.18252108
-0.12012486
-0.09347553
-0.46905928
-0.16966417
-0.53562849
-0.59586581
-0.70124351
0.33659575
-0.01790957
-0.23620245
0.31703204
0.27572439
0.12288191
-0.11853029
-0.27883525
-0.27251643
0.22139299
1.04796764
0.13434743
0.86621446
-0.22429432
-0.05944277
0.03869241
0.51814149
0.60815757
-0.38970391
-0.39158287
0.68158894
0.13551938
0.21820231
0.46882768
-0.25449943
0.35878527
0.26188582
0.54748336
-0.05534720
0.44182326
1.07743795
0.68277639
-0.05282777
-0.41971702
0.31817300
0.03140376
-1.12717870
0.25895040
0.08827606
-0.76468439
-0.46555054
-0.54042395
-0.03134291
-0.28677627
0.15865496
0.94269183
0.37548110
-0.27181816
0.12124720
-0.32067188
0.42647988
0.14750550
-0.06508371
0.57061305
-1.25480623
-0.37657833
-0.10129059
-0.05085460
0.95982177
0.68567752
-0.52018787
0.70722156
-0.73433311
0.98928472
1.74744173
0.37230852
-0.13276872
-0.45692910
1.29732850
0.35862678
-0.37163425
-0.84553127
-0.29497711
-0.06419970
0.55241843
-0.30010820
-0.14091479
0.31511264
-0.10727016
0.35560560
0.67899871
-0.64129767
-0.27361489
0.13560481
-0.03113840
-0.32782616
0.10458562
-0.27200259
0.16850211
-0.40966187
-0.55143468
-0.08540041
0.23681689
0.42816583
-0.71365907
-0.66414332
-0.24801853
-0.47643633
0.06644966
0.72463292
-0.83137075
0.43769152
-0.30044501
0.41634715
0.19625470
0.47721835
-0.15546465
-0.60919109
-0.00012163
-0.03114643
-0.61127816
0.03391859
0.21790893
0.69082166
0.19094277
-0.50375818
1.08131000
-0.26153275
0.38552466
-0.23969573
-0.14732341
0.62230035
0.48840031
-0.00988034
-0.41389964
0.33339059
-0.14373458
0.54637322
-0.23733030
0.44329438
0.03255639
0.46915312
0.07303832
0.19366658
-0.00601036
0.26282733
0.09106645
0.27000610
-0.14225458
0.88370165
-0.73082073
0.09087645
-0.52585016
-0.03184332
-0.30891633
1.14969551
0.27682745
-0.74854239
0.57379692
0.76989770
0.39737442
-0.26013140
-0.03903711
-0.02435475
-0.40868602
-0.04483817
0.22430069
-0.20852368
1.00318648
0.23545002
0.33156029
-0.10930044
0.35093173
0.18876175
0.59041006
1.46897328
-0.78017796
-0.56744997
-0.07060390
-0.19041194
-0.16086047
0.61843495
-0.02936636
1.10790467
0.29883768
0.14107891
-0.30140814
0.66442207
0.34952465
-0.14122833
0.26621610
-0.60860047
0.19260688
0.85039905
0.12228897
-0.19893575
-0.69811055
0.08302525
0.23527470
0.32218137
-0.50273254
-0.66381765
-0.95430308
0.36372568
0.28327267
0.24880814
-0.67664533
-0.66930655
0.00654853
0.58199764
0.39366326
-0.69754228
-0.93990986
-0.03532895
-0.40099895
0.24364521
-1.03636453
0.41079592
-0.37622399
0.02098372
-0.77876860
0.29695121
-0.41548274
-0.27598153
0.18004546
0.12636766
0.54968304
0.49226838
-0.47534220
-0.90281041
-0.04308796
-1.13993993
-1.24327853
-1.61581501
0.63848666
-0.24184611
-0.31069059
0.36532503
0.26260457
-0.08679731
-0.13199163
0.55223576
-0.14768503
-0.98070496
-0.23120199
0.16378746
0.40931814
-0.13813528
0.79535657
0.63591216
1.08758142
-0.01682682
0.20121300
-0.47320817
-0.27241740
-0.20611202
-0.25006147
1.01552066
0.10525958
1.09678667
-0.23396041
0.14653833
0.19940408
0.00100587
0.63187697
0.51383810
0.91832434
-0.12188872
0.41790423
0.37832951
0.46099680
0.13528132
0.11127671
0.71765844
0.85349917
-0.25417289
0.69762762
0.28189932
-0.49146349
-0.22200371
0.78500795
0.97406700
0.27035685
-0.12288966
-0.11155282
-0.00957478
0.93911130
-0.73001422
-0.82784658
0.11781062
0.83559539
-0.34525031
0.62784137
-0.05350415
-1.27439557
-1.13196186
-1.10802938
-0.37807179
-1.30620978
-1.30223691
-0.86822809
-0.88150380
-2.04756835
-1.10041239
-0.76700792
-1.51827947
-1.58582451
-0.64901366
-1.39782071
-1.51628176
-1.68252715
0.32312631
-0.40219943
-0.38077431
0.09344488
-0.17971742
1.20214441
1.45821801
-0.04232255
1.34419619
1.19761454
1.05033404
2.15823866
0.76008050
2.23030756
1.38707309
2.58592743
0.77567838
2.25757014
0.85452691
2.01731560
1.81700972
1.17077521
0.86384418
0.95454786
-0.06897063
-0.08108381
-0.51016625
-0.39200858
-0.02909203
-0.22834552
-0.49798951
-0.69035184
-1.35441908
-0.40803437
-0.41851128
-0.55289133
-0.28368463
-0.70376103
-0.62023439
-0.89826117
-1.14044648
-0.99922161
0.43407594
-1.01614514
-0.21364203
-0.24571594
0.39134399
0.08854094
-0.57521261
-0.34122782
-1.16374134
-0.09741239
0.07858285
-0.12551468
-0.36660735
0.07348760
-0.20750861
0.70967013
0.12789366
0.37613280
-0.60363243
1.23965586
0.42986646
0.04500369
0.58992084
0.43313478
0.00954928
0.99304621
0.11280446
-0.60378607
0.35987922
0.82346042
-0.60951574
0.28913761
0.33599249
1.01131554
-0.39953812
0.96293873
-0.64829382
-0.41273098
-0.02870635
0.14481162
-0.94949621
0.89835154
0.21488288
-0.52413388
0.28584165
-0.07073058
-0.50705438
0.39884588
0.25867105
0.76569310
0.16379220
0.13712364
1.26984354
-0.09885618
-0.40259719
0.23679209
0.48534775
-0.25971147
-0.23092664
-0.06123726
-0.28533675
0.09434560
0.95599013
-0.27084372
-0.20686732
0.15818506
0.29085251
-0.74590848
-0.71182692
-0.67095600
-0.57330347
-0.37818531
-0.40969205
-0.57896172
-0.29333380
0.40414157
0.64861086
-0.41843114
0.07853211
0.65351855
-0.19150093
-0.26245534
0.45069330
0.25126266
-0.59592409
-0.32799383
-0.09389413
0.10834843
0.24212474
-0.13682685
-0.80149543
1.11993323
-0.06305906
0.44817372
-0.50892937
-0.42638279
0.77484452
-0.52579066
0.49599615
0.02836231
0.40775309
-0.66002291
-0.06276551
-0.06758799
0.78624346
-0.19023833
0.34044113
-1.39723710
-0.08087498
-0.34974397
0.45943340
-0.41339930
0.44572437
0.32910242
-0.10838183
-0.19468771
0.79758233
-0.76520887
-0.22392744
-0.30554882
-0.11221503
0.87004204
-0.17214344
0.02046812
-0.57858374
0.71551524
-0.16105787
0.32166574
0.04840682
0.91223505
-0.08393187
0.04464712
0.16405094
-0.48939788
-0.16969661
-0.21212719
-0.10078985
-0.83284188
0.10946348
0.04146466
0.13233310
0.43075782
0.15979770
-0.36541793
0.97529807
0.18037026
0.06877988
0.19965851
-0.58703006
-0.12177377
-0.02312210
-0.01716617
-0.20693976
0.11634797
0.27246423
0.17305553
-0.45134819
-0.17064950
0.78616815
0.55908022
-0.83350273
0.78253143
0.26499861
-0.14320628
-0.14222153
-1.16985472
-0.23698234
0.38868204
0.26303038
-0.05267495
-0.20553352
-0.78189208
0.00449890
0.72883791
0.23253855
0.32778987
0.22641964
0.37943290
-0.38823794
-0.33878230
-0.21152146
0.19303014
0.68497072
0.12632342
-0.24405505
0.20691987
0.13150729
0.01897326
-0.55294406
0.13360092
-0.17986059
-0.05814983
0.61030014
-0.30252332
-0.18763931
-0.67625709
-0.72200215
0.09010966
-0.53560798
-0.13057172
0.11796945
-0.16130871
-0.66237306
-0.28978606
0.15425059
-0.48767893
-0.19999632
-0.32509157
-0.45204208
-1.04697937
0.48244564
0.89915851
-0.01822673
-0.77784563
-0.88527301
-0.33407780
0.20040865
0.27546583
0.51030819
-0.83260724
0.85299428
-0.05094651
-0.11353138
0.27364029
-0.89747943
-0.75137514
0.10584215
0.55384925
0.00782060
-0.58462830
-0.23974450
-0.28581132
-0.28984782
0.18712300
0.16560592
0.38644285
-0.51058374
-0.47197579
-0.10082457
-0.56581747
-0.24669391
0.19700936
0.65262042
0.06219178
0.14788746
0.32234404
-0.04624995
0.29162655
-1.22096716
0.64750400
-0.29555732
0.43776452
0.42049781
-0.57896137
-0.05098381
-0.26156166
-0.44723660
-0.82678207
1.09831753
0.50306657
-0.33658275
0.31485514
0.17748399
-0.32904733
-0.56537121
1.00415173
-0.77903862
0.23342490
-0.39726095
0.63140956
-0.67563473
1.26196621
1.09948184
-0.33624215
0.46323241
-0.89908072
0.45594065
-0.99721814
-0.41660370
0.77409827
0.63381475
-0.25041803
0.63564141
-0.18144190
0.00335961
0.17550036
0.15134999
0.95347560
-0.20394717
0.11748491
-0.32294002
0.84351880
-1.57990861
0.05549054
0.60958797
0.14591455
0.37560248
0.07832095
0.24708284
-0.42151057
-0.01413420
0.21482108
-0.46993556
-0.22351466
-0.69201449
-0.33206268
0.34218171
-1.36464660
0.03096500
0.73208373
0.07740961
0.84361846
0.39864559
-0.48606579
0.18205985
0.21059364
-0.82338983
-0.56053303
-0.32006678
-0.46052560
0.63231628
0.01258430
-0.37694715
-0.48419511
0.14817060
-0.09862168
-0.42536515
-0.17607510
0.19618784
-0.43959835
0.10444772
0.17890752
-0.80764194
-0.76240618
-0.18294225
-0.21347843
0.17616394
-1.49868499
-0.26809628
-0.26831717
-0.05147000
-0.85262466
-1.04566979
0.21169464
0.76317081
-0.36589596
-0.22474580
0.90215274
-0.40334922
-0.35608314
-0.20563035
-0.80967513
-0.67051787
-0.46312489
0.24680485
-0.58435627
-0.53689435
-0.13310030
0.62920550
0.34351830
-0.62552922
-0.66035164
0.17516062
0.39776623
-0.29844799
0.29597940
0.44482111
-0.35825750
-0.28416538
-0.89210833
-0.72510228
-0.05819974
0.17391407
0.53803976
-0.27664781
0.79215976
-0.57076866
-0.02888096
-0.49724846
0.19154036
0.05895295
-1.36308355
-0.21055195
-0.58720593
-0.53915408
0.79904922
0.60690599
-0.88146227
0.24269265
0.01116544
-0.76563649
-0.94326185
-0.00266786
0.38296762
0.76217112
-0.31553705
1.33728367
0.23242441
-0.21846372
-0.93930469
0.20645537
0.08264890
-0.87758513
-0.35807188
0.85516760
-1.10736602
0.46431910
-0.18368883
0.17357542
-0.69500806
-0.14861759
0.14447887
-0.90261836
-0.08443955
-0.22568867
0.31643477
0.14719709
0.04602540
0.10840820
-0.97961773
-0.60576826
0.09244525
0.13606346
0.29742126
-0.11126256
-0.07870968
-0.11788427
-0.26736467
-0.67871663
0.45662093
0.55776485
0.46060815
0.20736676
0.04287215
-1.03653638
0.19076831
0.17465875
0.46121636
1.00105441
0.11830347
0.16969331
0.73692155
-0.24953848
0.19869155
0.42045282
0.75272855
-0.48232285
-0.10251371
-0.04273061
0.43253694
0.91184747
0.33078085
-0.57054411
1.25291666
0.82187659
-0.30501105
0.32136580
0.01002670
-0.28153252
-0.17020725
-0.24296535
0.12900267
-0.30414007
-0.23015030
0.17289038
-0.63269662
0.51142100
-0.18562102
-0.38803496
0.04342520
0.54390657
0.06125923
1.13446187
0.30512408
0.15356612
0.39154513
0.04147793
0.52028739
-0.09954230
-0.23508537
0.02107528
0.58051840
0.19327492
0.55154773
0.69658460
0.10401902
-0.16718170
0.37500431
0.14921410
-1.18250393
-0.56715924
-0.16660156
-0.32494665
0.81486217
-0.33509894
-0.03775483
0.16356877
-0.63099652
-0.10162473
0.70052193
0.08479359
-0.09891527
-0.37512489
-1.48641667
0.63176989
-0.17199347
-0.00245934
0.50477289
0.05874177
0.46273730
0.83416631
-0.31784493
-0.65495006
0.35510096
-0.34296831
0.78332532
-1.31682058
-0.68495106
-0.48578372
0.65006502
-0.31361342
-0.49905730
0.55882920
1.00692938
0.65418483
1.20242032
0.46532475
0.35140413
0.18942630
0.34132362
0.45701186
0.02709274
0.04712661
0.12822485
-1.04332802
0.25870781
0.76339351
-0.39781343
0.92537525
-0.10403735
-0.60488757
-0.91719920
-0.37323962
-0.55411827
-0.03105902
-0.27583816
0.05039827
-0.07579526
-0.22766158
-0.37313246
0.47179108
-0.36002845
-0.03069433
-0.05144523
0.05321924
-0.11715562
-0.33259215
-0.77215232
-0.97400957
-0.27502867
0.37099736
-0.24381038
0.73838955
-0.38132066
0.35581193
0.15820460
-0.90703552
0.41376581
-0.35789961
0.52410453
0.34850766
0.23521252
0.16507857
0.41931358
-0.76949689
0.10317624
0.24886282
0.61526742
0.06057503
0.62090895
-0.12828375
0.14674429
0.03035570
0.04042339
0.32613983
-0.70382610
-0.35352168
-0.01433777
-0.38825633
0.30357761
-0.85523306
-0.46698393
-0.36111151
-0.48305526
0.39465783
0.87368372
0.34562445
0.69669304
-0.36941081
0.50934241
-0.30015287
0.17089823
0.15382645
-0.19049850
-0.25142500
0.74155003
1.49394769
1.01304728
0.85918667
-0.25798010
0.14147936
0.94274062
0.17402037
0.01295630
-0.05516912
-0.89712746
0.66626222
0.29023881
-0.14705510
-0.38036105
0.54431187
-0.15991683
-0.03823258
-0.45576324
0.49326359
0.14544979
-0.28035504
-0.03546682
-0.36784772
-1.11678715
0.31467429
-0.48460113
-0.00471575
0.10699497
-0.42356409
0.05839436
0.07763306
0.29318704
0.70194064
-0.54864979
0.33189174
-0.21561656
0.36045097
0.31487812
-0.05937701
0.62112586
-0.29646863
0.84907445
-0.24261035
-0.27366739
0.61661859
0.09701824
-0.13728089
0.21626251
-0.08796823
-0.85829857
1.24661599
-0.43176381
0.43385281
0.27597569
0.00668912
-0.53771679
-0.22184013
-0.38871008
-0.04219386
-0.09408740
1.23316136
0.18917624
-0.74172329
0.32036678
0.60485660
0.50652229
0.37902330
-0.38484838
-0.16181864
-0.29128041
0.79161454
0.47125109
0.34340978
-0.25948314
-0.39269648
0.08192228
0.25327699
0.34075471
-0.20237228
-0.50119505
0.44672828
0.09225131
-0.57402709
0.30302965
-0.19016206
0.57556018
0.57187583
-0.22972335
-0.09051857
-0.30735593
0.41577444
0.94678021
-0.43673640
-0.22348467
-0.42494625
-0.38938241
-0.46839631
-0.14984879
0.28398231
-0.30934968
0.70081729
-0.15058665
-0.05981661
-0.62272795
0.02903072
-0.60490550
0.09067583
0.58873491
0.57899804
0.49052782
-0.03375748
0.42386974
0.79441712
0.69815102
0.20638437
0.61861989
0.34665063
-0.07268720
0.59906481
0.28967205
-0.28651457
-0.66589430
-0.41997811
-0.69763301
0.33674184
-0.01060856
-0.43686224
-0.24034046
0.12412992
-0.71268270
0.44288949
-0.38681025
0.61981122
0.37649882
-0.45536755
0.27695196
-0.89482933
-0.15033177
0.14391301
0.04141238
0.36688536
1.08055708
-0.64985327
-0.45861028
0.75782642
-0.41283409
-0.60322724
0.10211870
-0.12338880
0.01852729
-0.09898193
-0.85572670
-0.76698450
-0.74925068
-0.18404722
0.46837618
-0.06414173
0.22221403
0.82250331
-0.35952630
0.30917124
-0.13869690
0.00773821
0.60397547
0.57968262
-0.92583747
0.08242762
1.09152181
-0.60839414
-0.00762369
-0.50048267
-0.60019607
0.15904095
0.08205755
-0.05527580
1.18609908
-0.34653818
-1.53170415
0.57004077
-1.16679994
0.37121874
-0.66547776
0.57565379
-0.65055747
0.62141061
-0.48292905
0.07533798
0.40821149
0.26803087
0.15815132
-0.32663799
-0.37572221
0.20069179
-0.60339462
-0.22009861
0.21594101
1.10514772
0.18320289
-0.00345059
-0.75508654
0.87677687
-0.78833207
0.53080022
-0.16733937
-0.04591060
-0.88596080
-0.26146084
-0.55909428
-0.00668159
0.11855762
-0.37723602
0.43570502
-0.13829358
-0.65675739
-0.37257897
-0.22499492
1.53350880
0.74861245
-0.32854414
-0.03558908
-0.88485443
0.56846992
0.22662319
0.15264216
0.36558958
-0.12599939
-0.09036014
-0.03857725
-0.34335192
-0.11589180
0.13114385
-0.63834535
-0.16124840
-0.14208782
-0.15596895
0.40938463
0.20559449
0.85927325
-0.02592767
0.16206889
0.46811551
-0.70666115
0.07664005
0.34024853
0.50982239
-0.29131578
-0.04188960
0.45342510
0.29631030
0.65372382
0.04965057
-0.50189496
-0.99200605
-0.81224014
0.57672511
-0.30525729
0.80550751
0.18905004
-0.06032415
-0.56887595
-0.06832115
0.18274901
0.06820779
0.58824483
-0.24864080
0.44366720
0.31960214
-0.08324868
0.75516745
-0.47752688
-0.47776501
-0.33591728
0.37763562
1.01905102
0.13105818
0.08911878
0.44243614
0.10488946
-0.09878391
-0.29295895
0.00697111
0.35978224
-1.10135226
0.13573360
-0.15781097
-0.29856352
0.62688838
0.37114238
-0.30501733
-0.36040707
0.25144917
0.03434381
-0.39178356
-0.34698023
-0.15476323
-0.11226041
1.16693442
-0.57042396
0.17779331
-0.41466109
-0.13033128
-0.05795924
-0.48534581
-0.55326955
-0.09810216
0.48284872
1.16637553
0.11743298
-0.37588438
0.40046272
0.42213805
0.00152580
0.24077794
0.34819138
-0.43517409
-0.59934241
0.39308705
0.78857803
0.28467063
0.01488658
1.12477522
0.13888658
-0.34846772
-0.11180700
-0.46614847
0.17978310
0.60149966
0.17506403
-0.83698300
0.09992517
0.25716070
-0.39923749
-0.89318778
-0.89631731
-0.01062705
0.59982212
0.01840077
0.24078841
0.96993965
-0.36714806
-0.43919836
0.38667135
-0.26985125
0.05120370
0.14547718
-0.65492352
-0.16215805
0.28285631
-0.38166580
0.31940035
0.32125415
-0.05660368
0.11893692
1.20444024
0.42626963
0.00441196
-0.00497177
0.08607102
1.09800496
-0.22205119
-1.18438780
0.21301981
-0.81923214
-0.13199874
-0.22708681
-0.90480950
-0.89133261
-0.66434178
0.36023807
-0.18035928
-0.11177450
-1.00743605
-0.23545065
-0.37703327
-0.35356336
-0.35986796
-0.77413206
-0.52366644
0.06994897
-0.76503958
-0.79186350
0.93854964
-0.29179860
0.38856181
0.73996009
-0.31320496
0.31650506
-0.28036279
-0.07797812
0.06133747
0.42090386
0.11131456
-0.40882789
0.25851006
0.39140675
0.19664547
0.20318464
0.41527901
0.16361744
-0.34212462
0.50714192
-0.78112752
-0.40012898
-0.13275128
-0.25249094
0.64528501
-0.18768994
-0.69766049
0.02168154
0.70008631
0.24951185
-0.28279518
-0.83085303
-0.19367175
0.67039320
-0.26957857
-0.47512810
-0.31371173
0.59001106
-0.33345007
0.95406389
-0.00702072
-0.25958624
0.35407575
-0.55233237
-0.24910027
-0.41530602
0.56542097
0.51735781
0.21868919
0.00313998
0.33605948
-0.25058894
-0.31155805
0.52583921
0.65995968
0.79431837
-0.88225362
0.24746617
0.40531969
0.09715547
0.31492035
-0.60027326
0.01171321
0.21935177
0.78486507
-0.95631273
0.26155052
-0.05276802
0.82798126
0.48691668
-0.10579660
-0.27728576
0.34701213
0.52248544
-0.43119320
0.39421168
0.03211209
-0.48260185
-0.59016909
-1.40025726
-0.13107880
0.05234154
0.31772186
-0.12947206
-0.09019883
-0.44048221
-0.36893138
-0.27929071
-0.63620668
-0.46162360
0.25630792
0.03565246
0.30229232
-0.72759282
0.42281280
-0.34718056
-0.03029320
0.45148927
-0.84288472
0.27975451
-0.20517100
-0.64407115
0.12696504
-0.42245094
0.80759620
-0.49775696
-0.01657791
-0.52630473
0.04622948
0.85485199
0.00646201
-0.30967524
-0.16544184
-0.83260384
0.17963420
0.06665393
0.57834528
0.46033306
0.85604487
0.34200147
-0.33894906
-0.43646660
-0.76359511
0.09151995
-0.43903984
-0.23496289
-0.34207340
0.04558197
-0.41318386
0.01586893
0.58848397
0.73340225
0.05823141
-0.35307387
-0.47018852
-0.27422486
0.40541907
-0.24230056
0.04112294
-0.01501260
0.56697467
-0.79480606
-0.43462772
-0.48798637
1.88116789
-0.66493402
-0.26977808
0.35697118
-0.19477538
0.31087407
-0.24344286
-0.05579332
0.86712887
0.47159011
-0.98832736
-0.56652479
0.32005322
0.21791768
0.30832905
0.02309449
-0.23000529
-0.30620365
0.16049775
0.03221575
0.25295844
-0.19296646
0.10054117
-0.27747682
0.23218060
0.22974364
0.29168968
-0.30206887
-0.16557205
-1.08813468
0.40134870
-0.85762455
-0.62852581
-0.43572583
-0.16183383
-0.66842572
-0.51592900
0.67607129
0.18464750
-0.16594763
0.21151353
-0.54602027
0.07489564
-0.38415357
0.92888029
-0.06219503
0.30555465
0.26878583
0.84878654
-0.40693318
0.33604868
0.05961793
-0.78660407
-0.05141668
0.00727624
0.30640569
-0.72876894
-0.44098281
-0.11254937
0.43308572
-1.12817193
0.80733242
-0.06991664
0.58422855
0.36799155
0.09587826
0.50225259
0.04022309
-1.19360351
0.16242918
0.91745229
0.04931620
0.71854900
-0.31392747
0.76471152
0.68509898
0.06817263
0.70058296
0.57894400
-0.43424137
-1.25567908
-0.42764410
