-0.27012014
0.35541951
0.00321067
0.30244786
0.13978251
-0.83261528
0.28966862
-0.58774172
0.22012908
-0.05382859
0.23699988
-0.90115225
-0.19307144
0.59432987
-0.06772586
0.62935907
-0.39756452
0.01585034
-0.33340512
0.77115654
-0.88147128
1.03059624
-0.21006455
-0.01283930
-1.29764049
-0.06206491
0.23665849
-0.00634339
0.57269282
0.76418138
-0.41198079
-0.51701480
0.59855601
0.74574454
-0.16565523
0.53340850
0.21999234
0.22035528
0.32440800
-0.32598742
-0.31760079
-0.01732345
0.04972497
-0.03397994
-0.92702920
-0.16748224
-0.17936583
0.61007919
-0.37777101
-0.03585559
-0.25519617
-0.81779732
1.03853202
-0.09852650
-0.20707994
-0.08252393
-0.53300323
-1.33243357
-0.39379373
0.33278613
0.05355770
0.83548058
0.25136506
0.64889436
0.58645499
0.01517465
0.18313944
-0.62586799
0.03714955
0.30771699
0.50923318
-0.17663436
-0.48012029
0.02857250
0.56052905
0.53554393
-0.30063268
0.89534563
0.10850910
0.17676574
0.08006151
0.85747579
-0.26861621
0.16257365
0.04563979
-0.77369286
0.79269795
-0.01414929
-0.27212796
-0.43993563
-0.58525772
-0.04713025
0.19794664
0.15580086
-0.28153688
0.25551165
0.29964730
-0.02488427
0.77907813
-0.09478733
-0.43686373
0.05064218
-0.25956021
0.42420050
-0.10001755
-0.14882478
0.20819428
0.54078396
-0.49459087
-1.33731133
-0.54714292
-0.38249822
0.66212282
-0.34793188
0.46606207
-0.20108927
-0.26994052
0.36814661
0.54949883
0.67686330
-0.49811512
0.82458434
-0.87226996
0.50997903
0.07005155
0.56782097
-0.43571820
-0.91866746
-0.55214660
0.62726340
-0.11152879
-0.03227489
0.81966253
-0.52488697
-0.19938005
0.29341454
0.13054042
-0.62637952
0.25498293
0.01260933
0.28478233
0.16460440
-0.67485793
0.10996348
0.21605214
-0.66022948
-0.07912940
-0.55084298
0.73521842
-0.13757644
0.07852520
-0.01601909
-0.12932871
-0.06539480
-0.65445713
0.31195758
0.06271244
-0.08262614
-0.06976828
-0.15897233
-0.06460064
-0.50562235
0.03356632
-0.83129626
0.62418542
0.45316624
-0.95318764
-0.51861671
0.07829378
-1.07588287
0.08903874
0.35175172
-0.67842700
-0.28399830
-0.09564615
0.54827297
-0.56572078
0.22921402
-0.21126421
-0.01104810
-0.58322650
-0.22866838
0.95337446
0.12641743
0.45494891
-0.08590189
1.06901492
-0.08525830
-0.44391849
0.49283007
0.93008720
-0.46992021
-0.93748995
-0.89472759
-0.55129754
-0.35756723
-0.34399343
-0.17526928
0.39648263
-0.39203235
0.28336686
-0.76007160
-0.47505338
0.19425426
-0.21559416
-0.31309893
0.24358633
0.64638543
0.60743740
0.33618284
-0.15274166
-0.26221312
-0.04326022
-0.66936306
0.46066015
0.15501700
0.65382347
0.43635713
0.18424021
0.34295496
0.70450601
0.45391951
0.71808300
0.15962820
-1.22367463
0.33331671
0.48925897
0.01622727
0.04636788
-0.21054802
0.56508775
-0.88948315
-0.48478890
-0.01309903
0.02802090
-0.51672980
0.15225323
0.30645399
-0.44025400
0.28967236
-0.53892238
0.33648038
0.28122329
-0.28285420
-0.81939469
0.38453599
-0.23219728
0.10319159
-0.60600654
0.29433868
-0.04020454
-0.40764947
-0.77797299
-0.52685928
-1.25704985
-0.67870864
-0.19036672
0.29239927
0.47248117
-0.27903423
-0.38809335
-0.09929670
0.20561182
-0.31967285
-0.59439227
0.19080332
0.54524153
-0.18395902
0.11023938
0.10540534
-0.27225913
-0.15430812
-0.01963328
-0.54648660
0.47206910
-0.02341469
0.10389613
-0.53163791
0.37560063
0.00792938
-0.59677469
0.05109595
0.72545581
-0.30566424
-0.12736732
-0.79772433
0.23219528
1.13874409
0.27795603
0.31272639
-0.07421189
0.22055047
-0.21811688
-0.07154445
-0.02175937
-0.43113531
-0.04817020
-0.80670289
-0.91150899
-0.42424808
0.38815446
0.84002101
-0.21628340
0.52161268
0.22734243
-0.05355608
-0.88469055
-0.27122211
-0.74937662
0.16170507
-0.77817144
0.58532489
-0.72526043
0.53314939
0.12950911
0.22967500
0.78018068
0.06673288
0.46930755
0.23483783
-1.04785344
-0.28258725
0.20662015
0.19911904
-0.89517478
-0.90042765
-0.08638055
0.56457303
0.35937469
0.09255174
-0.45325942
0.18738403
-0.26820793
-0.43817269
-0.13352509
-0.99006577
0.15207171
0.30916822
0.50837252
-0.41221638
0.28740632
0.50244412
0.32477883
0.00400204
-0.31567694
-0.52810384
0.84980356
0.77731920
0.09187988
0.08832546
-0.06546031
-0.53214856
-1.18279278
-0.61790832
-0.06392037
0.00504042
0.00845240
-0.22970272
-0.05322379
-0.63093173
0.52706366
0.42520807
0.57831204
0.40585071
-0.47334376
-0.02366675
0.10788991
1.13231531
-0.05177469
-0.23206468
0.10099532
-0.82355299
-0.02349821
0.23450934
0.30647300
-0.11666928
-0.69494667
0.04791883
0.26273462
0.50651900
-0.70994009
-0.45854406
0.24690362
-0.54166018
0.47884620
-0.92072204
0.38063250
-1.08696936
-0.15877382
0.66616620
-0.10423023
0.15947336
-0.03522974
0.87066608
0.19846676
0.50943703
-1.05866998
0.93546024
0.13907767
0.05429190
-0.29376397
0.14491594
0.37150207
1.17012207
-0.65349173
0.04404716
-0.12428170
0.02950285
-0.08305058
-0.12513669
-0.66179705
-0.17018994
0.35225958
0.04178174
0.72611057
-0.06703487
0.27596031
0.54038184
-0.14356718
-0.23074701
-0.05724288
0.12864300
-0.88430161
0.27008972
0.44808366
-0.39897139
0.25701567
-0.24809264
0.14295668
-0.32711121
-0.38998932
0.30811641
0.10211643
0.35621656
0.09816990
-0.28904212
0.69562936
-0.12025419
0.25236075
-0.76201890
-0.62007075
-0.52516453
0.14354884
0.52273159
-0.38951225
-0.19899255
-0.81159013
0.03269745
0.08863207
-0.48432430
-0.05760620
0.34618626
-0.12176092
0.03641200
-0.67337012
0.39274395
0.75945013
-0.92822975
-0.08265249
0.46918418
0.09770788
0.18363673
0.34896480
0.36344154
0.73573483
-0.06225638
-0.58454007
0.31300662
0.41744425
0.05036267
0.47368855
0.25319851
-0.06900741
-0.21373512
-0.69749451
-0.11743889
-0.04010973
0.51168424
-0.83011001
-0.75033334
0.53632451
-0.45420667
-0.69241121
0.34746727
-0.20888059
0.19853029
-0.77313069
-0.25098612
0.32942637
-0.61202217
0.16780904
-1.05677481
-0.30781757
0.56875499
-1.26708149
0.09563357
1.34114106
0.81616295
-0.45211011
-0.30740394
-0.17772857
0.86362681
-0.79055131
-0.04132569
0.04695386
0.37066986
-0.35494646
0.27356753
-0.27629023
0.14164394
0.39360952
0.09889522
0.10526265
-0.45872109
-0.50861804
0.02125186
0.32229888
-0.37502006
0.40965390
-0.47038128
0.19126506
-0.55138533
-0.46599850
-0.42503067
-0.33839039
-0.27079548
0.47773084
0.47848053
-0.07333978
-0.33675016
0.00327969
-0.53335794
0.70954898
-0.41114758
-0.15260089
-0.25034375
0.18943124
-0.66858808
0.53841563
0.18443563
0.30468006
-0.15295553
-0.24286672
-0.24545597
0.21712378
0.35921271
-0.13087228
0.48866051
0.54210559
0.30240408
-0.35567479
0.55783736
0.00181253
0.11008805
-0.56902229
-0.31616186
0.63694819
-0.04594512
0.18220450
0.26790947
-0.72045917
-0.49660553
0.35922021
0.32886235
0.27176611
-1.00311597
0.13824086
-0.11343741
0.12536556
0.39429024
0.14097449
0.21434216
0.16611713
1.08831731
-0.60716051
0.30117211
-0.12077822
-1.06917294
0.47289623
0.43312523
0.10228257
0.10842054
-0.23732401
0.56120625
0.93039991
-0.12755463
0.13615933
0.55342290
-0.36398439
-0.65193750
0.17670038
0.19375459
0.31222500
0.31198168
0.80823504
-0.13274522
0.25325639
-0.07959054
0.20049445
0.44519851
-1.02606648
-0.59249557
0.37179620
-0.41367435
0.27167376
-0.16961103
0.16778322
-0.48621400
-0.64175225
0.53266484
-0.53115764
0.14027829
0.02930669
-1.00847413
-0.36526754
0.48908670
-0.03798683
-0.35345438
-0.39928002
-0.75656915
1.44187520
-0.93851479
0.45687155
-0.28475945
0.52512358
0.22106095
-0.31791720
0.06897869
-0.27394978
-0.50051109
-0.29997748
0.26104887
0.04655418
0.89626849
0.66216648
0.09490047
-0.33682624
-0.06251191
-0.14580516
0.59714907
-1.24212709
0.73380280
0.47883378
0.19665202
-0.48968023
1.04699708
-0.23233731
-0.10608088
-0.39853218
-0.47860511
-0.00518450
-0.69120045
-1.07028487
-0.33451283
0.53595959
-0.73835603
0.40077098
-0.10537803
1.00399293
0.25365418
-0.65643082
0.05590224
-0.33916926
-0.45579835
-0.13662340
1.10767937
-0.10861852
-0.53352921
0.27278915
0.48193548
0.62900711
-0.15129054
0.14896843
-0.23355404
-0.62178724
0.26563004
0.76931611
0.25519869
0.28673582
0.50968678
-0.61132288
0.60973863
1.23175506
0.97254948
-0.03840217
-0.24945385
-0.24292540
-0.02390625
0.54884998
0.25711541
-0.03994789
0.53178158
-0.18569571
-0.31979190
-0.08124819
-0.16497949
-1.68142473
-0.25905940
-1.37939856
0.11585980
-1.04882491
-0.66732809
-2.32860034
-1.70215190
-1.99344212
-2.32197014
-1.00546519
-1.47436087
-1.35215013
-1.52781421
-0.58968736
-0.08567234
-1.29069663
0.25591996
-0.77776346
0.23749421
-0.04463303
0.59483117
0.36268300
0.24688131
1.26212009
0.51440671
0.26301774
0.76400104
2.33835634
1.66843332
1.01852064
1.28169457
1.19041766
1.49133383
2.09553386
1.69199330
1.75756853
0.97628162
0.86752224
0.65800694
0.11582043
-0.00066201
1.18258647
0.46758234
0.17818744
0.04426291
-0.44927436
-0.26603271
-0.42928894
-0.03617466
-1.04146948
-0.97202932
-0.14985577
-0.69212087
-1.45977915
-0.88430628
-0.61617346
-0.10272329
-0.56152837
-1.51690146
-0.04220312
-0.59430503
-0.11923676
0.30969083
-0.31079805
-0.35951479
-0.06986612
-0.23834770
0.04550495
-0.22288790
0.41533064
0.45451950
0.38397107
-0.14389214
-0.04100652
-0.20074322
0.33834041
-0.67494415
0.53236888
0.47667027
0.07956166
0.08186943
-0.08487025
-0.08510931
-0.06024021
-0.69014141
-0.10142391
-0.31741432
0.68435637
0.58504091
-0.33640867
-0.36903343
-0.47448810
0.42847215
-0.38774474
0.59473106
0.90847129
0.08450851
-1.16324548
0.13623409
0.34519290
0.04534203
-1.60606588
-0.19047461
0.11998906
-0.47537774
0.08528576
0.15995505
-0.37874332
1.14652600
0.76116382
-0.80654439
0.18117215
-0.28039366
0.77384715
-1.05469030
-0.31953794
-0.24125826
0.68661444
-0.44927910
-0.07808584
0.15274735
0.16763128
0.50830935
0.17499279
0.36231847
0.55462617
-0.35362054
0.36628185
0.55135261
-0.01098203
0.20800500
0.21004542
0.61697840
-0.37349090
-0.38945564
0.03480112
-0.17920956
-0.39386037
-0.14984475
-0.13989857
0.09233485
-0.03380687
0.56203313
-0.06865920
0.73152894
0.91401069
-0.03914234
-0.57594852
-0.14588543
-0.18165793
0.46325777
-0.16361985
-0.65846541
0.33328683
-0.23047218
-0.30701452
1.48623160
1.30263490
0.01430794
-0.74805513
1.08952344
-0.76805694
0.01452247
-0.29874082
-1.15711770
-0.24799011
0.56936994
0.55397637
-0.52351847
0.26633481
0.08561647
0.51557550
0.59390587
-0.84189340
0.52332447
-0.86903827
-0.19798963
-0.15938484
-0.26637815
0.28309418
0.36906952
0.06019163
0.38686759
0.72130892
-0.11532444
0.40577890
-0.02261746
0.11916687
-0.68278843
-0.10442501
-0.16598463
0.22338701
0.30722048
0.90325915
-0.48906342
-0.56589968
0.12680608
0.48567716
-0.02422610
0.18093820
-0.59346213
-0.40769593
0.12709689
-0.05368340
0.13879905
-0.63165726
-0.31573827
0.38170610
0.57520320
-0.04658923
0.22463835
0.88872547
0.18409202
-0.37860195
0.30145172
-0.26875490
0.13041018
0.04564981
-0.40416880
-0.16686077
0.39851269
-0.70418928
-0.02867561
0.35167152
-0.57646548
-0.89537348
0.61637015
0.37394479
-0.27777411
-0.54187792
-0.54860553
-0.26107420
0.27713585
0.68045292
-0.56614430
-0.38068618
0.39182833
-0.92321491
0.25538579
-0.70286718
-0.70314709
0.32090155
0.00500041
0.78731153
-0.71834323
-0.21308525
-0.64953145
0.09285448
0.60601431
-0.55297004
0.33962996
-0.47200394
-0.11109166
-0.21093487
-0.53342695
0.26451981
-0.03041158
-0.85671660
-0.19397978
0.32692217
0.97264611
-0.01877131
-0.49132451
-0.28237477
0.67753309
0.16054772
0.39816646
-0.28388143
0.37066893
0.42720757
0.19022829
-0.47684259
0.14578253
-0.08106219
-0.26251884
0.25988347
0.25463720
0.03911486
0.68091092
0.33286749
0.01364980
-0.53579221
-0.19009536
-0.39296586
-0.05618276
1.08630412
0.13859796
-0.17367420
0.09057889
-0.30587810
-0.33344940
0.39150654
0.56280596
0.38734582
-0.48809286
0.11890297
0.20221673
0.18443587
1.03666396
-1.37489955
0.24982987
0.48268070
0.14917793
-0.97296575
-0.88741903
0.59864772
-0.11129381
-0.83564645
-0.39485786
-0.44905070
0.76733132
-0.59738926
-0.15935766
0.05652011
0.08672981
0.20454513
0.21696733
0.01793781
-0.72078653
0.79424920
0.06230719
0.26673010
-0.02002853
0.14485611
-0.25065786
-0.46604873
0.76808241
-0.88532967
-0.43341769
0.20760847
0.29119502
-0.20211232
-0.24001248
-0.07455445
-0.25680248
0.27867551
0.02828661
-0.20525784
-0.30602176
0.15665768
0.67112894
0.03821044
-0.52320258
-0.51648740
-0.99908949
-0.02144251
0.43933502
0.31066990
-0.17221271
-0.26520968
0.75113439
-0.56040647
0.48281342
-0.09326928
-0.03078873
-0.17568521
0.15296452
0.52049855
0.25120785
-0.26231474
0.16529917
-0.53893045
0.41028401
-0.78382320
-0.43946148
0.85602846
-0.86516478
-0.03626678
0.88850026
-0.12821176
0.03665451
0.10004702
0.19780856
-0.38178891
0.01093252
-0.10971419
-0.96540244
0.16363479
0.56391691
0.26012981
0.60407300
0.39585738
-0.27884015
0.29927745
0.67711928
0.42269722
-0.08142324
-0.03071503
-0.29682497
0.11981267
0.09745484
-0.20866727
0.80076697
-0.27962221
0.00121434
-0.08900752
0.90604831
0.87268534
0.86848600
-0.23050421
0.05804270
0.29514615
0.48702312
0.38856819
0.16304840
0.56649624
0.11914859
0.75472652
0.11204050
-0.66581884
0.43066015
0.50795702
0.34684354
-0.33130397
0.20082748
0.68739096
0.26091266
1.05618247
-0.20674847
-0.91430671
0.39487767
0.66651025
1.19297506
1.51001674
0.39291646
-0.37015445
-0.20088077
-0.36331377
0.40039042
-0.33444574
-0.02107690
0.02896474
0.79084320
0.24385459
-0.02518437
-0.66657007
1.42966724
-0.23984366
0.27412886
0.11969303
0.27273305
-0.03075139
0.70616412
-0.05091521
-0.02711126
-1.32734159
-0.64367974
0.39570711
-0.30780754
-0.76270157
-0.09303559
0.06109504
-0.97079039
-1.18505646
-0.03511833
1.01029833
0.48254464
0.51067580
-0.38397536
0.86958341
0.06394114
-0.10207252
0.15071725
-0.23801671
0.29866040
-0.55477769
0.93639421
0.74710276
-0.22306515
-0.16376999
-0.34038449
0.12056869
0.16097188
-0.08973423
-0.91678627
0.72404796
0.31304861
0.65544765
-0.25958023
-0.30677995
0.87427248
0.30794010
-0.01032551
0.86489725
0.07640631
0.83864886
-0.40199515
-0.29985334
0.12870536
0.35898452
0.37578677
-0.11177565
0.03198944
0.60601144
-0.18224457
-0.87675371
-0.61789867
0.37965696
0.03948510
-1.02244476
0.67220275
0.39545678
0.96588104
-0.75693490
0.10841814
-0.23619257
-0.50364141
0.20294531
-0.22020215
0.05721560
-0.71455020
0.11832497
-0.62998103
-0.08662867
0.81935448
-0.42044340
0.36680724
0.00776123
0.29647787
-0.19399857
0.56681819
-0.49091475
-0.14225986
0.14803894
-0.12722869
-0.30615857
0.41985216
-0.62179184
-0.08436899
-1.10828748
0.68181547
0.42290024
-0.49118540
0.61250661
-0.29731033
-0.32688138
-0.62972524
-0.03632755
0.75119885
0.33444507
-0.45540346
0.12400175
-0.62239531
0.06783247
0.28731484
-1.05611752
-0.14080639
-0.14966799
0.59899364
-0.27399122
0.24833597
0.58397225
-0.10577643
-0.43023368
0.87945080
-0.64802857
-0.19987826
0.69294405
0.97755969
0.59973764
0.21856005
-0.99823721
-1.51667247
-0.85197272
-0.72965150
-0.19071929
0.13244492
-0.47879126
-0.09778813
0.65545293
0.71746735
-0.58169817
0.71062395
0.35403546
0.41888731
-0.38257959
-0.23509245
0.03693546
-0.62617564
0.83344355
0.35761700
-0.55132279
-0.28144261
0.38148221
0.25283530
0.94606269
-1.02260413
0.10587094
-0.73653305
0.38373576
-0.67735594
-0.12553480
0.64349136
-0.41563968
0.06816056
0.21931714
0.57338113
0.34252743
0.82080415
1.27847956
-0.42541190
0.53523549
0.68894756
-0.13388514
-0.31306025
-0.17256869
-0.63314394
-0.14404056
0.65418527
0.47901176
0.31688839
0.10883447
-0.68290131
-0.34797717
1.14479804
0.38834555
1.02368995
0.64146066
-0.49738501
-0.42940419
-0.29444203
0.20047847
-0.04298532
-0.26417330
-0.15988049
-0.64189157
0.52811972
-0.17470707
0.57200566
1.22338024
1.00047932
0.01482804
0.25828703
-0.24289245
0.05516305
-0.28193391
-0.16024775
-0.84548587
-0.16094949
-0.51290981
-0.05272848
0.26531679
0.56736541
0.77018092
0.32312810
0.00105876
0.60213280
-0.56318607
-0.68970090
-0.68329604
0.13159756
-1.04615926
-0.15460278
-0.75578746
0.38136781
0.86853003
0.29493190
0.27573099
0.68181435
-0.33307010
-0.10752314
-0.04191103
-0.50327068
-0.46365450
-0.39738818
-0.17852515
-0.15133206
0.14617699
-0.60948651
0.46910604
-0.15245666
0.80378237
0.47815304
-0.33040970
-0.71054974
-0.38758722
-0.49338060
0.35488514
0.67347746
-0.04913250
0.50961160
-0.45378638
0.28790598
0.50986270
0.14570186
0.32661173
0.43638851
-0.18117658
-0.00645724
0.66669894
0.37195979
-0.99060535
-0.42134202
0.08504726
0.87953423
-0.40721871
0.64685997
-0.43230391
-0.03089256
-0.06596181
-0.03659198
0.91761826
-0.71217958
-0.07184227
-0.73462634
-0.02771854
0.31709365
0.14580652
0.33129334
-0.06376468
0.38156585
-0.38628846
0.45976705
-0.50989526
-0.19662015
1.02686225
-0.19676070
0.02024463
0.80800153
0.23111298
-0.10425357
0.45580913
0.36814837
0.18389600
0.81549261
-0.32392135
0.34786187
-0.45287624
0.08893871
0.75875780
0.07180413
0.58657866
-0.21707365
-0.53269991
0.34951815
0.60956738
0.45450752
-0.53394611
-0.16851498
-0.09224887
0.04711593
-0.32884495
0.80201377
0.79316456
-0.34810033
-0.40244480
0.12854019
-0.37801023
0.46102057
0.32521167
-0.42757382
-0.17979286
-0.88059294
0.17020371
-1.26234419
0.32106596
0.49045820
-0.44612863
-0.21402097
-0.76622336
0.06239525
-0.82495801
0.46071481
0.08318886
-0.43866277
-0.52926975
0.72482406
0.75763752
-0.13022392
-0.81598597
0.32869064
-0.79754161
0.30309909
-0.08421120
-0.34574413
0.18477045
-0.04486756
-0.29499042
-0.36365432
0.29331829
-0.24113280
0.27562479
0.15409459
0.30419090
-0.37663281
1.27632502
-0.15911313
-0.21596629
-0.09311973
-0.23120672
0.31532078
0.17103346
-0.11383688
-0.04055661
-0.25107743
0.63977736
-0.45951016
-0.78318387
0.79457690
-0.55175268
0.54325879
-0.39593545
0.13064558
-0.27792645
-0.95333289
0.73499591
-0.02588941
-0.23452220
-0.42096930
0.40304340
1.14910737
0.46071194
0.22229097
0.14202324
0.51705719
0.83501305
-0.48352168
0.41453818
-0.47693390
-0.22115268
0.24600455
0.83540139
0.31543842
-0.70366198
0.67433150
0.76853984
0.40644190
0.45649434
0.55802743
-0.64499734
0.67192527
0.33624092
0.04511637
-0.77876009
0.78288157
0.73557810
-0.61390037
0.89794394
1.05208678
0.11163377
-0.82394723
-0.08386484
0.34666862
0.22404087
0.20889885
0.17302267
0.40683466
-0.57460368
-0.02614013
-0.19572648
0.26681782
-0.61718470
0.30989033
-0.69004714
0.03929461
0.65262982
-0.23889191
0.06622409
-0.41707318
0.31539559
-0.81691586
-0.36090041
0.08462719
0.40665594
0.73499404
-0.06939379
0.18751204
0.67467991
-0.23694087
0.70314946
0.12475330
-0.64385075
0.09638910
-0.32322212
-0.32203359
-0.39413500
0.34863726
-0.72212517
0.04734291
0.48442155
0.25667868
-0.25211996
-0.39516055
-0.76774500
-0.26267716
0.01916783
-0.40439918
-1.04600147
-0.31643290
-0.31633533
-0.68599504
-0.07044921
0.26328305
0.10490711
0.53762053
0.82453207
0.32129352
0.15651581
0.40600998
-0.27070860
-0.14681160
-0.43428257
0.58629617
-0.64161856
0.03117746
0.81613223
0.03510249
-0.00448003
0.19870464
0.33076503
0.35972763
-0.22009817
-0.31570301
0.60663994
0.28265791
-0.15371806
-0.01505718
-1.01283543
0.01647523
-0.29548798
-0.18321262
0.33013179
-0.20917676
0.12886638
0.27025439
-0.40369794
0.16451224
0.14431347
-0.20708990
-0.10100275
-0.16078633
-0.09314687
-0.49090249
-0.33612464
0.83469626
-0.01725748
-0.13364918
0.09046850
-0.39428499
0.32818397
0.45127134
0.02790775
-0.38052831
-0.29176378
-0.87013151
-0.04403900
0.29858155
0.39986850
-0.47114732
0.31724755
0.64314933
0.42901929
0.48762664
0.44448040
-0.70207285
0.68620402
0.29796010
0.41142998
-0.64143877
-0.82634852
0.38581377
1.30358005
0.31371877
-0.58801997
-0.50678636
-0.45929829
0.54436748
-0.33516495
0.17788820
0.52853304
-0.22766324
1.04212825
-0.83913075
-0.08436876
0.38083457
0.41904505
-0.13193650
0.58440931
-0.19811141
-0.51867021
1.07514018
0.25198843
-0.14498856
0.43457180
0.44606235
0.51083390
1.08626112
0.09133627
0.12406029
0.03301119
0.09213031
-0.16731491
0.14706093
0.42280685
-0.51009124
0.27600272
0.64755904
-0.52177750
-0.90831790
0.19337662
-0.60983343
0.07704132
0.13606470
0.54070368
0.48863116
-0.71713364
-0.27783468
0.24769813
-0.39481834
-0.34424071
0.02502091
0.00543979
0.32976583
0.46042879
0.36936902
-0.24269442
-1.04247132
0.36638929
0.76380871
0.18875496
-0.38463292
-0.67685575
-0.62054595
0.10421433
-0.00460185
-0.05371855
0.38982255
-0.37241172
0.61381214
-0.20709487
-0.09263633
-0.06644509
0.10389198
0.60625339
0.00440018
0.75914412
0.58206647
0.18345792
-0.39067172
-0.65339420
0.12974150
0.31435149
-0.09885857
-0.00806276
0.47304351
0.20456105
-0.27559096
-1.18786248
-0.68604252
0.29102892
-0.20844075
-0.19181656
-0.67051615
-0.34666135
-0.80837778
0.68710308
0.62972770
0.69237739
0.57187488
0.44536725
-0.34874849
-0.14929078
-0.93377295
-0.26963315
-0.38854074
0.50666733
0.12371778
0.08090685
-0.14795377
0.63638434
1.37006543
0.93966622
-0.66475856
-0.76775409
-0.53112082
-0.38852300
-0.20390203
0.20010576
0.09172992
-0.52219716
-0.35123950
-0.09372674
-0.07939014
0.03932161
0.31051982
-0.16218754
-0.86267368
-0.75383821
0.02317482
-0.39145974
-0.03280014
0.19673128
0.13536653
-0.52691434
-0.21802180
0.45554378
0.56282842
0.42851643
-0.90022859
0.28488362
0.52100064
-1.14905881
0.89972984
0.14231942
0.31568716
-1.15826103
-0.40958781
-0.28930425
-0.73512852
0.85310305
-0.04338673
-0.12915206
0.16970967
-0.47045102
-0.61468599
0.38986838
0.14564554
0.62748742
1.11175205
-0.36387818
-0.08000030
0.06908491
0.26568422
-0.11762363
-0.38854625
0.36356339
-0.31285465
0.18218022
0.78598959
0.29132074
0.78428848
-0.02087894
0.07531138
0.85497615
0.26427896
-0.22186626
0.97363110
-0.11859067
-0.81805287
-0.45719915
0.22975815
0.75953898
0.24435627
0.30474245
-0.40139105
0.32093441
0.05674953
-0.33293581
-0.37543939
-0.27687675
-0.06304494
0.19900206
0.16826020
0.05419225
-0.02648127
0.72078768
0.38097367
0.14730968
0.28344098
-0.57772970
0.16102824
-0.04009709
-0.34094712
-0.57894400
0.30344488
-0.01692921
0.57132286
0.57201899
-0.30016566
0.33951747
0.56396234
-0.48141366
-0.58435978
0.97067576
0.37335907
0.21425657
0.72244549
0.02478998
-0.04072804
-0.04637869
-0.20540228
-1.00315950
0.36028675
0.21610004
-0.00306513
-0.09491214
0.35466730
0.15410847
-1.08064736
0.44069650
0.72038609
-1.41079886
-0.45673525
0.08024775
0.47348034
-0.22118943
0.86006355
0.74158110
0.36603266
0.53967164
0.65349935
-0.48498622
0.88078722
-0.25450341
0.83272919
-0.99988230
-0.34643108
-0.00012880
-0.12297457
-0.43117342
-0.37885552
-0.18208126
-0.35072907
-0.63680729
-0.00997574
-0.78174114
-0.21849281
-0.16181222
-0.31300629
0.11227404
-0.26707565
-0.06259834
0.07325179
-0.20989555
-0.34648130
-0.63525558
0.73542809
1.18917390
-0.55868801
0.48772763
0.51197415
0.06885770
0.05674151
0.67518306
0.33284771
0.50996042
-0.09962727
-0.43160403
0.32900908
0.48936200
0.53583840
0.47383045
0.72375213
-0.03345465
-0.51039394
0.83264877
-0.03016123
-0.25545902
0.85627415
-0.73376262
0.53212125
0.00371652
-0.02524474
-0.48302661
-0.03708919
-0.65545073
-0.08696828
0.10836944
0.53360016
-0.07551106
0.51333888
0.20830810
-0.44456763
0.30009883
-0.66252843
-0.45888442
0.41401877
0.28072485
-0.17378035
0.28495381
0.12161348
0.18169986
0.80158547
-0.23162761
0.16921017
-0.85783552
-0.14661811
0.18386600
-0.14962747
-0.66560305
-0.68846078
-0.55384759
0.86206873
-0.25130728
0.41014038
-0.06214397
0.14869867
-0.89578282
-0.19066856
0.27594344
0.42013336
0.88735083
0.20679389
0.18718488
-0.54998559
0.21809745
0.18397485
0.44482191
0.54417665
-0.13805437
-0.00337206
-0.20346884
0.13905872
-0.50037627
