0.05195721
0.17518305
-0.19803796
-0.16328725
-0.08369524
0.00717249
-0.28042101
0.09939069
0.31260868
-0.02448112
-0.04488243
0.19202820
-0.01957843
0.14191059
-0.09946144
-0.33471883
0.33535430
-0.25113594
0.04727347
0.38546031
-0.03172409
0.02178897
-0.17846466
0.14783613
-0.07310168
-0.21248098
-0.18344906
0.08817421
0.30375942
-0.25843516
-0.18147192
-0.19828617
-0.05307386
-0.42334397
0.18861664
0.06933030
0.20993904
0.16421962
-0.12765534
-0.20380600
0.27912064
-0.14468270
0.21191088
0.34680721
0.34215844
0.35911535
0.46381302
-0.07910269
0.01906461
0.06954728
-0.29890830
0.54523738
-0.04087952
-0.13327728
0.14965542
-0.09637497
0.00381398
0.09046352
0.20897393
0.06021396
-0.13165382
0.02038693
-0.41645237
-0.44194964
-0.25750727
-0.08760448
0.09031253
-0.03580708
0.48414990
0.23251754
0.01391185
0.07896553
-0.17557947
-0.21608474
0.11694674
0.02120429
0.11185551
-0.03514231
-0.15477163
0.03335095
-0.34688133
-0.32731082
-0.24803137
0.30437681
0.16097670
-0.21259452
-0.15975829
-0.24017661
0.00682390
-0.22563638
0.05909270
0.33551292
0.19556072
0.08565246
0.18607025
-0.03991863
0.41401402
0.11676444
0.12850243
0.28197818
0.08896706
0.17637312
-0.16985044
0.19206819
-0.40251408
-0.08725430
-0.01084608
-0.04689383
-0.00005721
0.10837736
0.04489696
0.23403694
-0.04514356
-0.11864949
0.10623737
0.24221581
-0.01777026
0.13591819
-0.13737794
0.01161824
-0.08827033
0.03038386
0.10308184
0.03053191
0.04663307
0.21438844
0.12667974
-0.06367510
-0.09878547
-0.14995306
-0.20652987
-0.20869883
-0.24902514
0.06224457
-0.39924866
0.11226557
0.22043154
0.14931980
-0.16662134
0.15676356
0.09034360
0.15832814
-0.04162024
-0.27372291
-0.14353889
-0.08147305
-0.09972337
-0.21939284
0.06830649
-0.33664474
-0.14662401
-0.56124347
-0.21748696
0.14581547
-0.12904102
0.13563116
-0.11652471
0.01526126
-0.17577598
-0.14695773
0.03773854
0.00186957
-0.08840051
0.21035127
0.10658605
0.20360693
0.38431160
-0.11312456
-0.05492161
-0.04836845
0.09733412
0.45103934
-0.02350971
0.09159083
0.01974370
0.06602353
0.07940736
-0.28453295
0.25850743
-0.01794258
-0.26184953
0.15339360
-0.24572020
-0.09940230
0.19451160
0.00177711
-0.07490015
0.09641711
0.10475030
-0.07738871
0.00365168
-0.14207100
-0.12002252
-0.01485897
-0.02266534
0.14509496
0.43157639
-0.16265379
0.14680243
-0.04161322
-0.29786867
-0.00987386
-0.04352545
0.18543399
-0.00231583
-0.15310869
-0.13370378
0.19504111
0.04257740
0.16587487
0.22953918
0.26719105
-0.21205065
0.16820393
-0.05811566
0.11002337
-0.18437134
-0.19765397
0.30036866
-0.05887248
-0.22138453
0.30439761
-0.28449942
-0.02972811
-0.14508643
-0.01452457
-0.07986543
0.09790404
0.03882628
0.04728192
0.19062796
0.00065764
-0.49637629
-0.02875490
0.02460591
-0.00083484
-0.32933001
-0.26988886
-0.18447505
-0.06578226
-0.09812761
0.18439811
0.04605960
-0.06958387
-0.15969347
0.03286831
-0.02061212
0.32170574
-0.23139516
-0.09071527
-0.12012380
-0.24254626
-0.01083279
0.21804921
0.29235542
-0.23227300
0.02590242
0.06412257
-0.05062226
-0.13775482
0.09939852
0.45891093
0.33273315
0.01990861
0.21599037
-0.14531995
-0.31065966
0.07200134
-0.01353512
-0.08395327
-0.13016901
0.21666902
0.24576048
0.40336639
-0.17115857
0.08757971
-0.07201108
-0.11225707
-0.00226291
-0.03604024
0.13385976
-0.00179496
-0.19077378
-0.06507036
0.14817343
-0.02048835
0.08992817
-0.03885466
0.08735081
-0.14281843
-0.33846909
-0.09943209
0.03477864
-0.05740292
0.40888466
-0.04831720
-0.00915338
0.09264753
-0.00067414
0.02374122
-0.14447370
-0.22161489
-0.18602463
-0.26052903
0.21368837
0.23650770
-0.41309774
0.04972692
0.11807387
0.09083854
0.01287003
-0.13374248
0.10084952
-0.13747460
0.09541741
-0.32216828
-0.09081728
-0.22959533
0.38648973
-0.12581287
0.08664071
0.18646537
-0.19185149
0.15941037
0.26992899
-0.35897203
-0.11407951
0.11468108
-0.18586145
-0.32576103
-0.24652811
-0.24036197
-0.04195874
-0.37500155
-0.12756194
-0.17974307
-0.20784664
0.08641775
-0.20585431
-0.11081391
0.17658834
0.09500406
-0.00339007
0.13099844
-0.48494021
-0.28248964
-0.26399920
-0.06329169
-0.06077916
0.04790544
0.09284785
0.25791046
-0.04519530
0.06333016
0.16196578
-0.08451272
-0.15414492
0.18388126
-0.34907082
0.02965539
0.23933280
-0.14789080
0.01649586
0.33468168
-0.04944838
-0.02364722
-0.02673424
0.06117212
-0.15174240
-0.00045723
-0.08669325
0.06141752
0.04278406
-0.01688811
-0.20764994
0.16945684
0.00899635
0.00323027
-0.04833885
-0.05480280
-0.09709792
0.21185932
0.01831730
0.03384630
-0.04087325
-0.02134455
0.07097000
-0.42760166
-0.06406557
-0.02065003
0.01025428
-0.28146249
0.33465260
-0.09689531
-0.09459965
-0.17054814
0.34219908
0.05034619
-0.24933850
0.23701069
0.10691761
-0.04958437
-0.00499958
0.12245253
-0.34777510
0.08213502
-0.03372375
-0.16694799
0.03868075
0.39012781
-0.11579972
0.10396492
-0.33825699
0.26474773
-0.26118491
-0.04205592
-0.15755251
0.12129993
-0.30416308
0.22451178
0.18462776
0.17542542
0.21590483
0.04723272
-0.13175692
-0.28833247
-0.27098229
-0.24029709
0.02263553
-0.03063474
-0.00191535
-0.15817772
-0.09277861
-0.13369488
-0.20351298
-0.33138922
-0.03374232
0.12155676
-0.35250499
-0.18919797
-0.00612209
0.02265492
-0.18553006
-0.01561686
-0.05326608
0.23296795
-0.03750830
0.29991556
-0.19266853
0.08164616
-0.20835162
-0.01646470
-0.01766471
0.17290908
-0.10928225
-0.17898491
0.16790329
0.15213995
-0.28685625
0.10848191
0.19568033
0.08414355
-0.37953493
-0.32086168
0.02593636
-0.03095788
-0.14911894
-0.09303958
0.08072174
0.05568025
0.11312207
0.00575972
-0.19181134
0.19603163
-0.00210407
-0.06426076
-0.12176003
-0.16214760
-0.13659201
0.10629607
0.04006182
-0.00293909
-0.04784474
-0.05676394
0.01484644
0.06068381
0.54704931
0.28885135
0.11589420
0.34605508
-0.00131618
-0.34480386
0.01093058
0.02900435
0.33959574
0.00451935
0.23900201
-0.09502603
-0.08310483
0.43543446
0.01138627
-0.23766538
0.17943157
0.08463354
-0.23251505
-0.16603245
-0.08601330
0.05622246
-0.18951904
-0.12284014
-0.20565044
-0.22143904
-0.18566516
0.13041923
0.06990736
0.12052290
0.21257823
0.15017079
0.05031615
0.20415931
-0.16692601
0.13826036
-0.10169406
0.05865389
0.20223293
0.02987242
0.03521715
-0.16282737
-0.29577931
-0.15804393
0.36191251
-0.08810280
-0.03606390
0.02258256
-0.07415812
-0.47526605
-0.19716568
-0.04985663
-0.23310732
0.04352396
-0.23959975
-0.02422597
0.05688184
-0.31442143
0.43254027
0.10192962
-0.06152761
-0.23742314
0.03751316
0.42562110
0.00235152
-0.18161296
0.19243327
-0.05871801
-0.08839316
0.13361763
-0.00839129
-0.00709344
0.00101274
0.26093982
0.23405756
-0.11160218
-0.26600674
-0.03510136
0.01154181
-0.02935470
-0.12527733
0.12826621
0.02047036
0.14194468
-0.12354331
-0.00843782
0.15871935
0.02537430
0.05344467
0.18524240
0.22379504
-0.29097562
-0.06944351
-0.10047926
-0.03989749
-0.11784917
-0.02591271
-0.01605330
0.03119582
-0.02817766
-0.22070450
-0.00942821
-0.25665949
0.23233801
0.01088442
0.09330271
-0.06917403
0.08149390
-0.31751888
-0.22158508
0.04416784
0.24804959
0.05051097
-0.18019050
0.13508052
0.10948710
-0.03446191
-0.23562641
-0.00178823
0.21044656
-0.08553075
0.07143988
-0.04861106
0.24451296
0.07820283
0.14306716
0.31562155
-0.04093604
0.43131017
0.06020666
0.00770106
-0.45104263
-0.03227776
0.14662864
-0.13992931
0.45620450
0.10469753
-0.14176493
0.18997130
-0.22532208
-0.00582512
0.06574569
-0.24302482
0.12519251
0.22457063
-0.06346753
0.21056941
-0.24349770
-0.12213821
-0.53678931
-0.18878047
0.27376750
-0.21041186
0.38387832
-0.02155531
-0.30650065
-0.06090395
0.16200538
-0.25837529
-0.20670583
0.04468587
-0.21973277
0.25529146
-0.09018081
0.41326887
-0.23909902
-0.11338569
-0.02703933
0.01531332
0.25882792
0.00408803
-0.31849262
-0.09287847
-0.16269335
-0.08063380
-0.59108303
-0.09937122
0.26325954
0.18777759
0.28382786
-0.03652979
0.21201391
0.11709111
-0.20287016
-0.08470540
-0.29003607
-0.04764395
0.06145919
-0.11186710
0.12402282
-0.44465016
0.07551128
0.00859075
0.09233333
0.31492253
-0.00185260
-0.26085873
0.02852362
-0.00781412
-0.11609942
-0.02076663
-0.45935982
0.20581296
0.37578157
0.08572746
0.12989538
-0.28358743
0.05314058
-0.09665380
0.18021408
0.14319479
-0.02302274
0.37585714
-0.09995575
0.12520988
-0.01627650
-0.01924057
-0.09905709
-0.11005595
-0.20349489
0.20924682
0.20258652
0.07783002
0.13488547
0.00008610
-0.10375480
-0.28223432
-0.55458571
0.10749415
-0.18965598
0.02915003
0.02670331
0.06259825
0.17046928
-0.08913919
0.07685007
0.02324962
-0.00939098
-0.00211812
0.14501410
0.08364127
-0.33029719
-0.01405340
0.13943715
0.19611247
-0.09932901
-0.02779459
-0.04013316
-0.41298274
0.47891628
0.44832968
0.19114427
0.03349810
0.14821433
-0.02581134
0.12758890
0.77427377
-0.05624488
-0.09388944
-0.11888427
-0.07955235
0.10633511
0.03716841
0.14778232
-0.57527103
0.23848601
0.40788680
-0.11653169
-0.43626159
-0.01465981
-0.15646607
0.05146717
-0.27033903
-0.01806385
-0.13300993
-0.05388673
0.34405037
0.17710458
0.01516264
0.33910429
0.04324455
-0.09252902
0.07948828
-0.52491270
0.32744561
0.12159226
-0.32997090
0.11982199
-0.30626564
0.33219284
0.07920227
-0.31881371
0.12158530
-0.19672038
-0.27035754
-0.36678447
-0.10301889
-0.32501724
-0.16257829
-0.25578891
-0.20306204
-0.10042555
-0.22038692
0.15388150
-0.02989068
-0.13950156
-0.02173298
-0.22259024
0.12076303
-0.11663509
0.34829918
-0.00575994
-0.21390923
0.34737800
0.01907150
0.10609776
-0.12548667
0.06819411
0.25719107
0.35968742
0.13018197
0.25088816
-0.13273004
0.01788320
-0.24770688
-0.06930076
0.06724536
-0.10433994
-0.19740543
0.24963810
0.15811545
-0.22028637
0.24882035
0.07483842
-0.25779394
0.10941895
0.42179259
-0.03699921
0.34500755
-0.41203520
-0.11905349
0.17993010
0.03907314
0.11054555
0.32063614
0.15652490
0.22318678
0.07712050
-0.06235449
-0.42204072
0.22036055
0.07297576
-0.04739532
0.23851563
-0.09185608
0.24670535
-0.13291269
0.22040109
0.06300713
-0.02474768
-0.04764577
-0.07292970
0.27937950
-0.07341901
0.13773982
-0.15227835
0.02370175
0.05907412
-0.33045513
0.00984769
0.00844928
0.08192037
-0.06494385
-0.13272734
-0.05051069
0.16023901
-0.41290430
-0.12296187
-0.17856679
-0.05621505
-0.08898038
0.13220526
0.08435075
-0.11310710
0.25580520
-0.03858026
0.02004700
0.28952691
-0.04521581
-0.08072274
0.25605422
-0.02951837
-0.26115203
0.15658576
0.01826875
-0.21324678
0.23398325
0.45213121
-0.37079166
-0.00873161
0.30531349
-0.39965400
0.10985798
-0.02938536
0.10129222
-0.22215175
0.48624112
0.01550290
-0.21814500
0.19103623
0.05912872
0.18434192
0.31263568
-0.13708035
0.07708630
0.23742618
0.05614783
-0.26098202
-0.26935345
-0.04877436
-0.09556487
0.13242070
-0.23009908
0.07756117
-0.32322309
0.28197477
0.07743642
0.04622358
0.00643880
0.23074791
0.01337343
-0.01702100
-0.00452855
0.48015381
-0.13666233
0.14492406
-0.10133257
-0.13704485
-0.40731310
0.34953706
0.28580588
-0.25617467
0.22480138
0.03478637
0.17065090
-0.11682339
-0.02950039
0.28624785
-0.00506401
-0.15101816
-0.09586099
-0.09617149
-0.40115302
0.10514446
0.05805004
0.07751145
0.01212619
-0.23296271
-0.01075846
0.17041797
0.03959142
0.13934911
-0.22902960
0.10986351
-0.10802227
0.14814947
-0.08253832
-0.09035221
-0.14340399
0.21319515
0.04706783
-0.02291121
0.02497683
0.08415679
-0.25536732
0.05688802
0.18236812
0.32130209
0.38709846
-0.19916087
-0.10889230
-0.01111189
-0.14684241
0.05131339
0.48574600
0.03202789
-0.23068507
-0.15993776
-0.24634585
-0.21252610
-0.14511536
-0.04880046
0.02728769
-0.45511860
0.25766621
-0.00103807
0.05830063
-0.22177454
-0.04986316
0.02582891
-0.15976073
0.26019709
0.34964627
-0.29242565
0.18485707
-0.47054954
0.01095148
0.04941124
-0.29292991
0.04800532
0.10591186
-0.07397898
0.01287330
-0.10837899
0.19914192
-0.16844981
-0.48997619
-0.08584980
-0.06640623
-0.04583829
0.17226546
0.16600971
0.16088690
0.01973013
-0.05472140
-0.06322012
-0.15900368
0.08070504
0.19329819
-0.12030060
-0.03991915
0.02861041
-0.11488796
-0.26535064
0.12821791
-0.24096225
0.15781592
0.00196366
-0.11083131
-0.06000476
-0.41547985
0.06837890
0.24096621
-0.26392114
-0.12629079
0.15125141
0.02452381
-0.25478927
0.17793444
-0.05388338
-0.13020665
-0.05288481
-0.32811777
-0.01046817
-0.04414006
-0.05464324
-0.28537626
0.28718747
-0.18960138
-0.25112283
-0.08845734
-0.08449708
-0.01916144
-0.25452059
-0.06448626
-0.32957857
-0.13688560
0.16788853
-0.03798776
-0.38261099
0.32535948
0.14473593
0.02258543
0.61727868
0.00551570
0.16715236
0.02898352
-0.05767649
-0.35355768
-0.22373567
-0.30610553
0.42230061
0.20447906
-0.00071730
0.33202151
0.35293456
0.15031112
0.41323645
0.08550066
0.21561111
-0.02511569
0.10776046
0.30415191
0.17360998
0.02920543
0.19766046
0.03795584
-0.41745180
-0.29325830
-0.14481050
0.27288071
0.17800122
0.01056054
0.05908038
0.00348389
-0.14246259
-0.07670422
0.04351670
-0.04929438
0.04454206
-0.07450726
-0.09236085
-0.03737285
-0.06564518
0.13287716
-0.11497906
-0.30625662
-0.35684097
-0.40961370
0.19860720
-0.07645069
0.01877330
-0.10840893
-0.40042296
-0.03789510
-0.19627553
-0.14285267
0.13831069
-0.25384166
-0.28204722
-0.11022198
0.40235409
0.05547636
-0.12233505
-0.10914083
0.11867666
-0.16734407
-0.16021843
0.00339610
0.12443315
0.09391460
0.18387657
0.21306871
-0.17749854
-0.00861535
0.04557617
-0.12791699
-0.06000790
0.15322910
0.63420880
0.00569959
0.11231803
0.02968655
-0.08633541
0.25089379
0.01394488
-0.02295039
0.30091505
-0.06383208
0.09120350
0.07765521
0.45056366
0.00444014
-0.24667333
0.10055354
-0.25846707
-0.18383646
-0.17297737
-0.28447256
0.30382970
-0.28971360
0.01631397
-0.24725637
-0.24168314
-0.24140117
-0.14469110
-0.09057715
-0.21879008
-0.17146621
-0.42671366
0.15311135
-0.18223894
-0.42934299
0.00913419
-0.24815377
-0.15551406
-0.59607865
-0.58004671
-0.54070500
-0.44463733
-0.51332791
-0.55083281
-0.42444135
-0.34223949
-0.26876545
-0.25925484
-0.05070282
-0.19774584
0.07657471
0.04781324
0.11595901
0.24763005
-0.12008704
0.28778735
0.46666009
1.05521459
0.50308644
0.67128474
0.60159009
0.45338205
0.21373827
0.58833429
0.28784652
0.98321548
0.36830009
0.45509679
0.41397416
0.42512986
0.04228729
0.17838751
0.07771458
0.44259580
-0.06672332
-0.09244416
0.09130226
-0.25292919
-0.01373660
-0.01687281
-0.40751036
-0.35847348
-0.25682738
-0.24750712
-0.57206892
-0.05754341
-0.62790049
-0.35532765
-0.38624687
-0.43786852
-0.55056164
-0.29879118
-0.41193263
-0.61556790
-0.32570385
0.21537232
-0.02499998
0.17140786
0.11451987
-0.20457814
-0.40403553
-0.15490710
0.21156675
-0.12935016
0.13877301
-0.06195346
0.48210055
-0.25145587
0.33955616
-0.31794575
0.09248090
-0.04789830
-0.02468907
-0.37270765
0.31173019
-0.28288319
-0.08739734
0.19708471
0.12384943
0.24776967
0.01556942
-0.10073860
-0.39476027
0.05563031
0.39537168
-0.01914590
0.20460231
0.25753294
-0.39587975
0.07740057
0.25224632
0.03223446
-0.13388862
0.09921276
-0.25344127
-0.00355547
0.06091169
-0.00641207
-0.24691560
0.34951746
0.08393614
-0.08713112
0.23063177
0.66771839
0.06342426
0.29551185
0.04474526
0.12719470
-0.07805526
0.19400912
0.08553106
0.05044578
0.14874694
-0.08238907
0.19179064
0.11234177
-0.16286565
0.00615220
-0.25875185
-0.36943225
0.03931256
-0.24480255
0.03596365
0.44254511
-0.04794676
0.25523026
-0.56184190
0.21677171
-0.09180954
0.21372996
-0.14656512
0.01807278
0.10101017
0.32072678
0.25281858
-0.08430566
0.31864179
0.13908751
0.30494685
0.00338933
-0.14153815
-0.29166082
-0.45211249
-0.17306189
0.08620922
-0.01744409
0.01767034
-0.25060299
0.45114600
-0.45796724
0.30928847
-0.39882245
-0.02682902
0.37894072
0.11234216
-0.08373856
-0.35710977
-0.35757780
0.13283358
-0.26858877
-0.03259283
0.13787476
-0.66500147
-0.19789666
0.30536077
-0.01696564
0.27630056
0.35841762
0.18480533
0.29994816
0.10399637
0.50129156
0.41714297
0.60489748
0.00569540
0.20435622
0.22423521
0.09851151
0.25741018
0.57716220
0.19770969
0.06381431
0.14176059
0.02902200
-0.03834459
-0.24927810
-0.11323257
-0.43872728
-0.20079817
-0.55146458
-0.24924293
-0.20961417
-0.19153373
-0.64509870
-0.58154127
-0.57419365
-0.13456490
-0.35174339
-0.49250521
-0.03462151
-0.07528588
-0.29543401
-0.08770717
-0.33893447
-0.24855201
0.09897480
0.07162210
-0.17221414
0.20280860
0.00933345
0.25278148
0.35926336
-0.13897154
0.30051157
0.29626109
0.52781601
0.30255149
0.47053755
0.68905056
-0.01319019
-0.09643418
-0.00317817
0.36021848
0.06746690
0.28236954
0.26789795
0.43712496
-0.03865125
-0.12724471
-0.13804237
0.29810373
0.03756961
0.32497403
-0.27987291
0.06557459
0.09989162
-0.12526247
-0.12463875
-0.36245585
0.14889161
-0.05221341
-0.03521297
0.19267687
0.32412127
-0.02552179
-0.06251337
-0.40887887
-0.02004411
-0.18639258
-0.39500595
0.11918502
0.15966944
0.35977821
0.24646418
0.27133261
0.09726584
-0.04360957
-0.14463967
0.12269449
0.11979686
-0.30213016
0.14620614
-0.02362731
-0.12379049
-0.50350442
0.00866796
-0.01017324
0.03716265
0.17431648
0.05938912
-0.06346864
-0.39996426
-0.08989081
0.31415907
-0.03055108
0.33499685
-0.03750745
0.13612158
0.15097070
0.29474351
-0.04171839
0.01182281
0.11888729
0.44696398
-0.12615965
0.30045306
-0.21087680
-0.21422988
-0.01044142
0.06819217
0.17061049
0.37882796
0.00333268
0.17458833
0.15400849
-0.03914718
0.14819260
0.19492711
-0.01595989
0.09877079
0.13766405
0.37589938
-0.15270383
-0.15115238
0.25729081
0.13711521
0.16018957
-0.19275526
0.21139283
-0.21892824
-0.11319206
-0.10484264
0.06594124
-0.23827034
-0.03900574
0.24951961
0.11979905
-0.09772127
-0.05415654
0.23703687
0.05545799
0.13379392
-0.13625015
-0.32328658
-0.17954829
-0.02439229
0.27586161
0.12723896
-0.10014222
0.08567990
-0.24286087
-0.27854062
-0.13060357
0.11403703
0.14104198
0.04208685
-0.07086517
0.17197941
0.18623901
0.22132197
-0.25213882
0.23651666
-0.21975498
-0.15069599
-0.13437951
-0.05571574
-0.08610683
-0.00008181
-0.31287217
0.46227731
-0.20599250
0.04938232
-0.19404420
-0.37089889
-0.08413009
0.15191283
0.07241761
0.01435688
-0.02450364
-0.15699378
-0.08533627
-0.23223615
0.28300115
0.50955496
0.43329095
0.03298936
0.10803256
0.21345854
0.31054401
-0.16847797
0.24174107
-0.15889511
0.00364982
-0.25856208
-0.31745985
0.30529303
0.09253091
0.32892006
0.15419266
-0.22743360
0.05316444
0.38397208
-0.19052698
0.17749881
0.09676603
-0.08897178
-0.17959395
0.47617824
0.15625561
-0.38253119
-0.16470943
-0.14870526
-0.28207249
0.32041946
0.12922159
0.24110258
0.14310409
0.16962479
0.33142221
-0.43016430
-0.07220280
0.21282521
-0.27556496
-0.14493958
-0.19410091
-0.06013240
-0.05641826
-0.27632938
0.22387636
0.02642521
-0.11025325
-0.12164085
-0.06085791
-0.06729386
-0.15290947
-0.14183213
-0.09251949
-0.03399658
0.15054128
0.05434766
-0.06347941
0.24059916
-0.09377775
-0.26556199
0.12761258
0.15701716
0.26948584
0.14646458
0.17547149
0.09797483
-0.32087560
-0.07253429
-0.31551201
-0.12611574
-0.09076248
0.17526616
0.09882395
-0.02458284
-0.34570921
0.09215697
0.04470629
-0.15351503
0.26084599
-0.40356889
0.02336447
0.10471197
0.36340130
-0.00931794
0.20551053
-0.09768177
-0.18418739
-0.44946852
0.25936838
0.22165373
0.35520161
0.07786034
-0.36137863
-0.33968726
-0.26872288
-0.00660343
0.12932163
-0.08426403
0.05077135
-0.10681044
0.38125911
0.11495062
-0.18266406
0.26721436
-0.22158837
0.32646206
-0.00025526
-0.00153639
-0.07334730
0.37756863
0.36373734
-0.09341178
-0.21015748
-0.42478064
-0.11363674
0.24312762
0.10959662
0.02884533
-0.02133856
0.22888401
-0.27808377
-0.30123203
0.27717350
-0.10913298
-0.00604579
-0.10949468
0.24798243
-0.21337151
-0.01498613
-0.01052239
0.24167603
-0.10134212
-0.21795627
-0.24847766
0.14873448
0.27747435
0.09168573
-0.01522848
0.13953782
-0.12385492
0.02055756
0.12219713
0.20054220
-0.30109567
-0.27952224
-0.11751674
0.05129975
-0.02112957
-0.16248349
-0.19168424
0.04770669
0.22082657
-0.19944274
-0.09333249
-0.33183963
-0.00372874
-0.12268683
-0.05295260
-0.01057798
-0.21660882
0.08695707
-0.28980204
-0.15740776
0.25661122
-0.00395746
-0.16672946
-0.09321474
0.08505335
-0.08269200
-0.10310669
-0.18541872
-0.15129156
-0.01728580
-0.13898212
-0.04971925
-0.36912843
-0.01168001
0.15039736
0.01127360
0.04644571
-0.07264765
0.11823766
0.38794017
0.06676037
-0.26035956
-0.04817031
0.14429965
-0.17792085
0.20277186
-0.18793697
0.11317233
0.24213936
0.16020602
-0.21513288
0.08117858
0.01390618
0.14502414
-0.04952344
-0.07596498
-0.14938912
0.00772140
-0.19610858
-0.18740146
0.11149817
0.23572413
-0.00115067
0.11504069
0.04294968
-0.15482543
0.06898741
0.15785192
-0.06881424
-0.05433960
-0.02176726
-0.27726725
-0.09518080
-0.11397875
-0.34875972
-0.00626139
-0.22029225
-0.11804784
-0.10743347
0.00672630
0.11317099
-0.17464386
0.08557019
0.32803719
-0.15742316
-0.35745152
-0.08040305
-0.29706026
0.00616118
0.20436355
0.09117207
-0.30718633
0.01454129
-0.33193887
-0.08393301
-0.42814956
-0.11659524
0.07101182
0.32337459
0.09680375
0.25565895
-0.19724526
0.00537888
-0.25254569
0.08631911
-0.02120816
-0.02240347
0.01868206
-0.31860087
-0.11061999
-0.41922270
0.08196452
-0.00313182
0.02473059
-0.38167212
-0.13286752
0.07314698
0.06600784
-0.32206719
0.07074591
-0.22500784
0.52152744
-0.00903819
-0.24784003
0.43496870
0.33373155
-0.16309156
-0.13961774
-0.11568892
0.28254818
0.06552536
0.44457525
-0.13941836
0.33118236
-0.07645767
0.08837621
0.04600427
0.11434841
0.14469712
-0.07740581
0.10833838
0.03366447
0.16072910
0.30382051
-0.41324703
0.13063446
-0.06794392
-0.04428515
0.55974530
0.48897585
-0.10802172
-0.07531336
0.19497232
-0.23812596
-0.33237783
0.02863832
-0.06736015
-0.25307398
-0.14854076
-0.05992958
0.13907987
-0.00791391
-0.13063608
-0.44115647
0.02733789
0.20783852
0.13664540
0.37479330
-0.05028534
-0.15523382
0.53206066
0.52948706
-0.57770084
-0.08601742
0.11436179
-0.13289200
0.00569390
0.24302440
0.04039230
0.27501141
-0.10321207
-0.31997430
-0.10220547
-0.34255583
-0.45171294
-0.00575839
0.18145061
0.07564475
-0.02117149
-0.53948301
-0.14264551
0.17290383
0.42399508
-0.33911609
-0.14846550
0.03963079
0.28164369
-0.03083538
-0.12545698
0.10388556
0.06372411
0.03260705
-0.09303363
0.41712717
0.10614534
0.39546945
0.00500192
0.03470525
-0.02858297
-0.32129071
0.05223695
0.02124264
0.08011680
0.12061077
0.23224684
0.13141066
0.02472580
-0.25568304
0.04338053
0.07704484
-0.29493313
0.09826469
0.01182623
-0.05565459
0.13423939
-0.00933983
0.25028577
0.28940418
-0.05539562
-0.12714082
0.03166605
0.12937112
0.02386526
0.02180590
0.20426492
0.20212903
0.22940149
-0.09634407
-0.04144768
-0.03942807
-0.18522319
-0.21258568
-0.10620416
-0.20331739
-0.15610634
0.42125184
0.21512494
-0.08222488
-0.28244446
0.16817398
0.17948683
0.05237573
-0.26818075
-0.07019879
-0.20966582
0.12397259
0.10107232
0.09420876
-0.19813579
0.04936139
-0.24106904
-0.27858806
0.01642469
-0.22873161
-0.30794325
0.22689361
-0.11382896
0.41723816
-0.09752845
-0.24219309
-0.07537953
0.16952979
-0.25445845
0.13525214
-0.24556548
-0.07560731
0.01865452
0.02747287
-0.16629506
-0.00638390
0.19711213
-0.21368640
-0.10530466
-0.01152090
0.25344799
0.27834168
-0.15789254
-0.07917376
0.31752822
-0.39017061
0.00605141
-0.24449735
0.01566071
0.19557234
0.17954644
0.18382403
0.17320536
0.26569877
0.13553718
-0.14317555
-0.31502085
-0.21443598
-0.02781404
0.20455833
-0.16713040
-0.08220040
-0.00600145
-0.06803221
0.36244410
-0.05663827
0.12375268
-0.06759418
-0.02120955
0.03413235
-0.11296538
-0.19867687
-0.21549458
-0.16222163
0.02137238
0.18666139
