-0.09887111
0.21314180
0.16396680
0.52081897
-0.19322006
-0.18676460
0.12653154
-0.07200760
0.41546655
-0.88620342
-0.00980976
0.85426278
0.08560204
1.13555976
-0.06983786
0.60884921
1.22258262
0.09746177
-1.20212209
-0.53813634
-0.59361479
0.00945203
0.10005619
0.22182574
0.67023822
0.64143501
-0.99955930
-0.39917955
0.24477989
-0.27181630
1.15566599
-0.13859007
0.33293064
0.04902941
0.85555175
-0.00542320
-0.20959722
0.14247715
0.03157869
-1.04966856
0.48508412
-0.39545647
0.23231339
0.13205161
0.53505566
-0.36733018
0.21815843
0.34032415
-0.38707399
1.29713801
-0.24556865
-0.29231097
-0.77178477
0.08720015
-0.38404976
-0.50831634
-0.56750149
0.52353148
-0.16060845
-0.29882466
-0.38403255
0.94911043
0.03357186
-0.59584105
-0.58944788
-0.37921854
0.23205778
-0.42983931
-0.07782140
0.24614748
-0.75175974
0.04459794
0.17219959
0.10433401
0.17822463
0.46061770
0.19174511
0.20940493
0.88472728
-0.22492510
0.97707395
0.47884936
-0.21298173
0.62875149
-0.53337196
0.92881258
0.15006336
0.22531683
0.71576790
-0.57797493
0.04640922
0.47614044
-0.66372957
-0.37608869
-1.04186194
0.20830241
-0.26793480
0.40223474
0.41257624
-0.30039716
0.76623179
-0.19857363
-0.36118872
0.51625994
-0.08160762
-0.12305257
0.56570650
0.04807436
-0.79364883
0.52778397
-0.24650282
-0.53655574
0.66174160
0.25317257
-0.10925095
-0.39645819
-0.42844459
1.36419493
0.62884597
-0.07845709
0.69446888
1.23291365
0.02595338
-0.13204574
-0.66232954
0.31549419
-0.02154989
-0.48571619
-0.05354118
0.37768294
0.31412590
0.47127118
0.40696601
0.25143713
-0.08018891
0.91776727
0.37917512
0.14131172
-0.13954742
0.08060150
-0.32872922
-0.13107272
0.52488987
0.95866765
1.01749776
0.62262751
-0.93044186
0.67175953
0.20661537
0.60344977
0.96106136
-0.07819554
0.04581043
-0.42408929
-0.16362384
-0.28280405
-0.85067946
-1.04445318
-0.15754450
-0.28405189
-0.51846561
-1.49139753
-0.19674692
-0.12227008
-0.56197538
-0.96878602
-1.10789635
-0.04398347
0.49115615
0.57923521
-0.03099993
-0.69587248
0.15974223
-0.04275799
-0.03689288
1.44688459
-0.76163685
0.60666888
0.19191214
0.23459769
0.05060627
0.60521770
-1.10845269
-0.31498765
0.67694029
0.57532506
0.33381398
-1.05218031
-0.07830299
-0.83552313
-0.65218428
-0.04342566
-0.15668758
-0.14140120
0.48984155
0.03532886
0.35583099
-0.85383525
0.15779237
0.63251293
1.22236371
0.50138472
0.21772042
-0.16569804
0.36134164
0.45360324
-0.44410405
-0.01188051
0.16249823
-0.68600298
-0.71996496
0.06543429
0.54841776
-0.49970326
0.26927590
0.15350281
-0.21562519
0.66290576
-0.42784642
0.13650563
-0.04362187
0.40124003
-0.04953689
-0.31844840
0.28841651
1.20773041
-0.69042440
-0.20390257
-1.13231497
0.99756780
0.10203088
-0.25992485
0.23315407
0.42692572
0.09849661
-0.20916346
-0.16011512
0.31172850
1.30781670
0.23416965
-0.39439906
-0.14863873
0.55591083
-0.22375192
-0.59126447
0.11422687
0.07816932
-0.13356466
-0.55443113
-0.11223939
-0.04752652
-0.11834025
0.95199966
0.23536487
-0.06061255
-0.89072834
-0.58792722
0.56912677
0.37194983
-0.76376232
0.06109446
-0.59694616
0.41583456
0.16728538
-0.95194219
-0.11935170
0.71553705
0.62024383
0.72446325
0.35262136
0.15671790
-0.45848769
0.00158341
-0.12767135
0.80867763
0.52592864
0.23355261
0.22375398
0.29242497
0.71131539
-0.21515954
-0.32778597
-0.57406227
0.00310066
0.24933580
0.29291937
-0.18778371
-0.36513736
-0.31366602
-0.28888610
0.47859474
-0.10161936
-0.48771015
-0.04218396
-0.05214434
0.33222718
-0.26441282
-0.05830311
0.62333030
-1.54398458
-0.21335367
-0.60333971
-0.30112053
0.44336301
0.78665709
0.01838975
-0.19148983
0.51601511
0.06355198
0.57615612
0.29409061
-0.01823226
-0.25032482
-0.56084088
0.61813559
0.95675852
0.72137440
0.50211408
0.25673103
0.71965577
-0.20821111
-0.27571325
-0.43719915
-0.36838133
0.77175291
-0.00622802
-0.38330743
-0.87005124
-0.27308282
0.43387011
-0.42675991
0.19557889
-0.90915778
-0.38535440
-1.06350929
0.63381798
0.63873819
0.51860976
0.04647171
0.03244315
-0.87174061
-0.74755310
-0.04359117
-0.88681219
0.59236607
0.66494086
-0.46284167
0.64587570
-0.15241489
-0.16236636
-0.04396580
0.40756248
0.26298956
0.40714985
-0.28306743
-0.26903300
-0.29286224
0.24366927
-0.01806940
-0.12708396
-0.47315712
0.33506903
-0.75912132
-0.40562074
0.41047551
0.54035372
-0.38739661
-0.59639037
0.13794014
0.71587576
-0.38910833
-0.26601436
-0.19744352
0.33164510
-0.41412939
0.09171186
0.45488447
-0.31693754
-1.29056968
1.12684575
-0.27203550
-0.02956431
-0.56653766
-0.44644686
0.14582594
0.38581485
-0.68334748
0.23335012
0.42745768
0.03981627
-1.31614568
0.06163527
-0.28472559
-0.75436550
-0.08046916
0.44573462
0.05627816
-0.52914435
0.34839004
-0.41154408
0.18351316
-0.48838146
-0.60265246
0.26945179
0.08941273
-0.79327276
-0.37006406
0.36461390
0.20334461
-0.29052758
-0.33899979
0.54545998
-0.18648881
0.71738103
0.14913562
0.35729103
0.04966797
-1.04807337
-0.67961442
0.50355558
-0.05390305
0.00070483
0.05304743
-0.69482942
-0.52455520
-0.69557224
-0.79164799
-0.10184989
-0.32429619
0.32252030
-0.41260897
-0.37287488
-0.82291050
-0.27054378
0.34441808
-0.11771113
0.14942923
0.00945294
0.02734632
-0.21120498
-1.02355233
0.34102967
-0.18978184
-0.33491724
0.34930972
0.26989804
0.34786087
-0.07135611
0.06668867
-0.22052715
0.21260096
-0.62500310
0.02361946
-0.34522705
-0.33447852
-0.32703552
0.12356188
0.53957627
0.26483372
0.55629708
-0.27103612
-0.37764404
-0.41876592
-0.87921199
1.28002679
0.56441254
-1.32709762
-0.26137939
-0.23452624
0.66277899
0.07456983
-0.38292085
-0.96608459
-0.52182829
-0.41756942
-0.06995338
0.69344405
-0.13887902
-0.60295106
-0.27891720
0.13363279
0.21668316
-0.52441814
-0.23239707
0.10636376
-0.18662925
-0.00743022
0.01229514
0.36911591
0.12512854
0.55138048
-0.00319384
-0.05869128
-0.32155658
-0.43957538
0.51014403
0.73269473
-0.05028504
0.08297609
-0.06246320
-0.71655245
0.60400513
0.16044326
-0.24897856
-0.28032630
-0.47672360
0.08909099
0.08119746
0.16706465
0.47201550
0.59306991
0.08520357
0.41977344
0.00277516
-0.74551906
0.04667810
-0.13411925
0.01808291
-0.09911422
-0.20738150
-0.28389207
0.77958978
0.23734393
0.19377071
0.70721310
-0.40204376
0.19592351
-0.95299589
-0.18580787
0.55525565
-0.23633980
0.13777926
-0.87091741
-0.26111709
0.11457525
0.24770560
-0.15571144
-0.51018394
-0.14823381
-0.08557178
0.55186390
0.08377709
0.15969196
0.55998327
-0.22870946
-0.20849569
-0.26740447
-0.70769083
0.25147523
-0.33780846
0.06507703
-0.04041310
0.16844982
0.53007224
-0.64959015
0.10150176
-0.51122131
0.61690813
-0.55639084
0.46877369
0.11244784
0.62455541
1.01336902
-0.14817332
0.31842809
-0.11504281
-0.00436123
0.37314069
0.10135726
-0.34257880
-0.14001352
-0.29188203
-0.53878040
0.70954263
-0.74900723
-0.40967939
-0.19234992
-0.29455612
0.01002465
-0.98327164
-0.94779797
-0.24844900
0.11154085
0.15652735
-0.28018589
0.10957296
0.00050446
0.23294643
-0.22100500
-0.20594364
-0.00911613
0.00809995
-0.83192358
0.31487316
0.78585140
-0.12755463
-0.28895820
-0.30963172
-0.33525779
-0.17370234
0.36404664
0.16793363
0.02782320
-0.13681700
0.52495103
-0.65148507
0.01863666
1.67280645
1.11457089
0.91267011
0.45125792
1.08071661
-0.27656897
-0.07119860
0.32332957
-0.00114637
-0.84516409
0.08085027
-0.49219276
0.07802501
-0.10760033
-0.77026665
-1.28419572
-1.50410839
-0.60973611
-0.08168327
-0.63862667
-1.59430427
-1.33649262
-1.38911268
-0.85584196
-1.37853332
-1.63717566
-1.15451673
-0.82535661
-1.33266620
-1.02372148
-1.12038980
-0.93376805
-0.74344288
-0.73420220
-0.15908599
0.76646453
1.63665015
0.69138760
1.18202611
1.65163863
1.43160290
1.02094839
1.33106705
1.69387906
2.34396140
1.09362985
2.22600895
1.07522840
1.89289567
1.57502197
2.07112177
0.57929442
0.44130208
0.53199566
1.36725260
0.24923747
0.14487512
0.62466586
-0.24995034
0.04621509
-0.04177625
0.37030626
-0.81621849
-1.22258482
-0.63013829
-1.19527492
-1.03786700
-0.86012376
-0.47210895
-0.37954429
-1.37664302
-0.01625171
-1.21271113
-0.56206114
-0.73577135
-0.90971426
0.04861680
0.25440955
-1.05274221
0.02646830
-0.19157467
-0.08912772
-0.13405350
-0.51646784
-0.19343357
0.13385490
0.60563112
0.42584581
-0.11512583
-0.09027395
0.29559376
0.85012025
0.44352960
-0.53271097
-0.26438052
0.48492377
0.19674760
0.42054438
-0.01730951
-0.49661598
-0.31700631
0.02592804
0.96146454
0.03574839
0.88787013
0.36264580
-0.00349161
-0.63875595
0.32641909
-0.02486523
0.10320576
0.43546220
-0.06107930
-0.66360477
0.20672056
0.66589440
-0.14573114
-0.43168990
0.26153950
-0.81848089
0.76984769
0.17760261
0.70229023
-0.39043587
0.47695895
0.51576075
0.66819252
0.86097927
-0.05960189
0.23547379
-0.19652664
0.51914284
0.48872997
-0.25335960
0.24054822
-0.42299873
-0.65908444
-0.09349620
-0.95056831
-0.12182396
-0.97734080
-0.45617489
0.64639630
-0.16663710
0.43731391
0.23168525
0.59374828
-0.52075934
0.18716341
-0.41817263
0.57498902
-0.28422786
0.53608220
0.25623696
-0.26410330
0.15693312
0.61739346
0.94661172
-0.15326096
-0.16492268
0.21565313
-0.18497683
0.66238850
-0.11803523
0.40842288
-0.10432401
0.75962369
-0.27979412
-0.49659944
0.28172734
0.57092604
-0.43062893
-0.09115711
0.04550382
0.05197550
-0.03765858
-0.24946793
0.01575930
-0.39560560
-0.03620847
-0.49015884
0.78159311
0.54331052
0.32950699
-0.44015064
-0.85288068
-0.08069141
-0.48797347
0.15168682
-0.43818848
0.37503916
-0.08752196
0.47715607
-0.33043101
0.46739020
0.18282255
-0.07262164
-0.06788216
-0.70155200
0.51071108
0.19003068
-0.10511954
0.30790761
0.56153013
-0.50418298
-0.65398100
1.00309406
-0.58956935
0.08109238
0.08275729
-0.50386185
0.79855687
-0.13079478
-0.55205620
-0.22572651
-0.16518742
0.04790386
0.07388090
0.55587794
-0.72637383
-0.67697483
0.54897296
-0.84150871
0.35141934
-0.14938821
-0.42230620
-0.14157983
-0.07159110
-0.16899871
0.14606877
-0.38169047
-0.65157344
-0.59905093
-0.03639100
0.51990488
0.94522275
-0.30468079
-0.51363227
0.12984678
-0.00187705
0.16564983
-0.91899819
0.20830930
0.52130710
-0.40619846
-0.46490213
-0.32978441
-0.07460317
-0.19437663
-0.19798563
0.42716792
0.40101544
-0.91081021
-0.76638248
-0.50982588
0.00486068
-1.11379417
-0.31761761
0.99221722
-0.81056934
-0.14063195
-0.34191829
-0.47268182
-0.29467035
-0.81492174
-0.47714387
0.43824759
0.09176020
-0.02896780
0.17895176
-0.66650923
-0.28067594
-0.38648741
-0.14350805
-1.10008524
0.06232600
0.55201811
-0.27683246
-1.10172566
0.34639127
0.90153793
-0.01580763
-0.40623630
-0.34626602
-0.52923471
-0.50746385
0.95241765
0.08733363
0.94041013
0.45433904
-0.53036796
0.76472893
0.43391671
0.34638473
0.53786299
0.56608033
-0.38781784
0.13506168
0.83295374
-0.50400267
0.31681794
-0.13539241
-0.20966754
0.64449213
0.58293338
-0.70619949
-0.30774201
0.34982133
-0.20491085
-0.43044389
-0.38253047
-0.58041274
-0.80300345
1.09148689
-0.43324207
0.58085765
-0.64858551
0.57260602
0.51980824
0.15823665
-0.53685922
0.35986537
0.46440464
0.25228098
-0.46357080
0.59584100
-0.15186655
0.69548354
0.87977488
-0.11516928
-1.11748926
0.55858777
-0.66119651
0.30474627
-0.60980704
0.82852176
0.08099535
-0.38300181
0.23745717
-0.40199483
-0.16132233
0.46624652
-0.07439370
0.22837419
-0.05467672
0.61123754
0.19727409
0.02570290
0.38899988
0.21882069
-0.19424035
0.12082285
0.28740050
-0.71865434
0.50192205
0.57226280
-0.67320924
0.18094708
0.05300033
0.19848585
0.61948017
0.11892673
-0.00051447
0.38853508
0.85305017
0.06825127
-0.33916731
-0.00432040
-0.05122705
-0.51811079
0.13952056
-0.23888422
0.16337902
0.04282598
-0.02677443
0.35632884
0.47864559
0.34627315
-0.07979633
-0.32110819
0.32915032
0.52956449
-0.66608005
0.31354920
-0.07109676
-0.72925544
-0.28289116
-0.62799349
-1.14294621
0.13093511
-0.10547093
-0.17399282
0.47214003
0.09568013
0.56524557
0.11604914
-0.57939464
-0.34725843
0.39524252
0.30343273
-0.11726790
-0.37634709
0.17940845
-0.14166571
-0.42682753
0.04829763
0.12991252
-0.15525439
-0.14491551
-0.27254906
-0.31834558
0.36649707
-0.71740924
0.33179233
-0.33604142
0.03511022
0.48203908
0.96226530
0.31314011
1.31070297
0.26850287
0.18024460
-0.46404440
-0.44581914
-0.42353139
-0.59944138
-0.45869002
-0.12404118
0.76527656
-0.15631247
1.06196336
0.73125057
0.59424568
-1.06358491
1.15644747
-0.18426351
-1.13595909
-0.39566854
-0.39948721
-0.29350907
-0.01191840
-0.16835022
0.14158058
0.44308238
0.31749472
0.19181309
0.19043091
-0.08796476
0.59197921
0.33366008
-0.05950091
-0.67874257
0.30180572
-0.16833664
-0.76032115
-1.01070444
-0.38366166
-0.10192372
0.52175911
-0.07368431
-0.65089081
0.56706617
0.22164680
-0.28121109
1.23155920
0.18923783
-0.42607803
0.34340071
0.06042316
0.53756868
0.68061243
-0.61567838
-0.16005780
0.12184734
0.65712088
0.73863338
0.25456234
0.26143090
-0.23966028
0.96120142
-1.30066542
0.53103122
0.16456066
1.04062985
0.66940678
-0.21098128
0.21461705
-0.05319573
0.20092259
-0.68682143
-0.61479712
0.74528646
0.20405362
-0.22366443
-0.25273448
0.35089947
0.60288950
-0.45337158
-0.58695185
-0.15877933
-0.42937586
-0.65645585
0.36433152
0.88139465
0.45370573
-0.10949579
0.26799374
-0.38254586
-0.57461955
-0.77995230
-0.08795980
-0.33809116
-0.21806650
0.01975349
-0.91689471
0.25980402
0.00408235
0.01723667
-0.47093444
-0.16717195
-0.15416373
0.48646612
1.04022981
-0.04266641
0.13255691
0.73765784
0.09513543
0.83105078
0.00534412
0.08429031
-0.25824217
-0.43325783
-0.55126310
-0.37521043
0.34561020
0.74486645
0.06378842
0.65598785
-0.59741695
-0.17865239
0.99416247
0.79688318
0.41933003
0.04333229
0.78378098
-0.12121171
-1.06356397
-0.33674342
0.26479561
0.40748547
0.02063808
0.01804891
-0.20999014
-0.07372818
0.06240566
0.79172813
0.12682891
0.42344139
-0.35035166
0.27942137
-0.26522600
-0.39626119
-0.12792472
-0.15133081
-0.27127700
0.69854594
0.11035280
0.31865509
-0.11337082
1.19214930
-0.29878147
-0.42367853
0.16935040
0.95069014
-0.61389101
-0.05004060
-0.55262044
0.45559830
-0.00748813
0.25107797
1.02978463
-0.73437649
-0.06111638
-0.42565349
0.21778562
-0.01589613
-0.33002144
0.35123903
0.09911954
-0.04863675
1.03690570
-0.42892740
-0.97957067
0.30530230
-0.08113005
0.05064807
0.22063934
0.15033069
0.33422408
0.17954971
0.04074468
0.55983316
-0.17131077
-0.16147349
0.17994331
-0.12386642
-0.13831121
0.23594941
-0.82724832
0.17597687
-0.24486984
0.18262008
-0.58974726
0.10978627
0.14716745
-0.62340403
-0.28944749
-0.56373633
0.29843569
-0.45890067
0.41702928
-0.06603593
0.23040845
0.16969473
-0.70188722
1.13600941
-0.25911055
-0.04268425
0.34944546
0.45500590
0.09523684
-0.14931682
-0.38022266
-0.06477741
-0.32089465
0.54507112
0.37330724
-0.13502021
0.07859330
0.38049319
-0.18655115
0.31864857
0.37704264
-0.81404374
-0.11072178
-0.12105294
-0.17483254
-0.35217643
0.50634176
0.59468643
-0.33646581
-0.58582769
0.34439814
-0.43957921
0.19257406
-0.80578268
0.48374270
-0.49451221
-0.20420779
0.10346842
0.41139542
0.43156580
-0.91690647
-0.70623423
0.22962272
-0.03694026
0.50776520
0.25003615
-0.47604813
0.06086377
0.54680000
0.47008003
0.13258139
0.29028966
0.94912605
0.61505068
-0.21374912
0.35859058
-0.49759761
-0.94758414
-0.19987825
-0.57170780
-0.46755229
-0.07196437
-0.10871962
-0.57397071
-0.29084670
0.21085641
0.41947477
0.27465619
0.27731216
-0.12061230
0.71839207
-0.38009489
0.09974745
-0.53744122
0.04748377
-0.41100249
-0.60789238
-0.01969149
-0.41322683
-0.15935792
-0.77444802
0.83872003
-0.72804120
-0.20994142
0.27366002
0.20767277
-0.35012967
-0.06212712
-0.52540006
-0.00908713
-0.68260142
-0.86120256
0.06519461
0.15820989
0.35446830
0.22686789
-0.89010203
-0.13581071
0.17250031
-0.53223237
0.57538242
0.78155693
0.12061366
0.13871959
-0.21239656
-1.08532017
0.15280158
-0.10812272
0.18232233
0.23676446
0.52887329
0.92145845
-1.11584648
0.24461589
0.52227288
-0.17334372
-0.33692795
-0.22729937
0.04057194
-0.04505189
0.15155747
-0.15248066
-1.15211097
-0.90051710
-0.26778704
0.24531412
0.21984349
-0.65988717
-0.52739558
-0.92548585
-0.13262216
-0.03912305
0.09193120
-0.12041526
-0.02673646
-0.53148447
0.10094545
-0.30395621
-0.18441987
0.42938881
0.82021543
0.84788507
0.80259358
-0.58210652
-0.31198539
-0.28696133
0.14029074
-0.66545270
0.29696935
0.19218095
0.52185925
-0.50975306
-0.55252515
0.17979636
0.51590474
0.55637543
0.72241906
1.25206891
0.00122150
-0.82954630
-1.05538741
0.75572391
-0.63386847
0.18579233
0.73426447
-0.57951397
0.18314383
-0.87670659
0.77161325
1.43003402
-0.92122577
0.21372854
0.22795530
0.07199960
0.63265054
0.74210426
0.32343977
-0.01213072
0.51276142
0.33984201
-0.42299976
-0.16542546
-0.05121154
0.11049270
-1.18066152
-0.06484246
0.49862619
-0.25118402
-0.20082784
0.24183706
0.24655916
-0.12771486
1.53409739
0.77339073
0.25163407
0.63828617
0.20700132
-0.43769306
-0.21317030
0.16756934
-0.54981121
0.53715581
-0.40263562
0.63620387
-0.19871797
0.05653417
0.30877772
-0.63919107
-0.20241347
0.29718234
-0.12994697
-0.25397515
0.33813606
-0.35431449
-1.05290146
-0.02380578
0.39933305
0.44286731
-0.27739239
0.05852287
0.54820542
0.17829171
-0.28357344
0.14817538
0.19113509
0.76922123
0.08341695
-0.16885423
0.26490856
0.58570286
0.00082037
-0.43336450
0.91897662
0.25014417
0.35692687
0.02241960
0.44782830
-0.00276886
0.08171331
-0.84343411
0.78760735
0.24694111
0.73936108
-0.08918759
-0.21443624
0.11284352
-0.66608919
-0.36847848
0.42815166
0.56319985
0.20969171
0.37238286
-0.11877257
0.07545167
0.53618477
0.33163621
0.01118645
0.12034815
-0.90455821
0.61477598
-0.40622470
0.07218059
-0.01291267
0.28861716
0.06621730
0.17888624
0.25694809
0.31126303
-0.25733897
-0.71553047
-0.29184489
-0.01863700
-0.59253264
-0.14994960
-0.47616884
0.03608578
-0.07581081
-0.66076270
0.25696346
0.14760586
-0.47616547
0.09164859
0.09605354
-0.03819868
-0.46420567
0.01271402
0.87735967
0.65875106
0.15884298
-0.11859709
-0.16340054
0.59710762
-0.01164645
0.18315979
0.31180428
-0.15617647
0.15115892
0.20232049
0.08270847
-0.11835479
-0.47382046
-0.42228191
0.45679191
0.67725877
-0.59764493
0.13133712
-0.43800434
0.78019189
-0.70379872
0.19182719
-0.14015924
0.43521567
0.30776115
-0.87623854
-0.07574500
0.17315385
-1.01282888
-0.21256444
-0.23844561
0.74706840
0.50928562
-0.53347849
0.13063228
-0.28541002
-0.58091752
0.44156091
-0.13423827
-0.08788999
-0.27257346
0.78464093
-0.41686160
0.24148636
1.00619697
-0.55881468
0.13316895
0.05118373
0.44472212
0.34146686
0.41049851
-0.04823200
-0.98688648
0.22943503
-1.06169687
0.70907313
0.40098462
0.14235488
-0.17753505
-0.39804670
-0.22739513
0.70025511
0.15265199
0.48822089
0.44468976
0.24518900
0.26125132
0.33413981
0.16635111
-0.07179412
0.37262912
-0.42766078
-0.30178132
-0.72167532
-0.13870692
0.44177554
0.65252142
0.28849961
-0.05813501
-0.37138722
-0.31708157
-0.51300579
0.92373027
0.45884903
0.01661585
-0.66714020
0.17722056
-0.26043601
0.49454526
0.03794387
0.73995713
-0.16532810
-0.21935122
-0.36915608
-0.25861548
0.18834180
-0.61132729
-0.14760215
-0.56480165
-0.84622093
0.24150572
-0.10567475
0.55164486
0.43138955
0.17265618
0.17539676
-0.21291895
-0.18050875
-0.46711710
0.47865595
-0.25382803
0.82019173
0.41310146
-0.43547304
0.93213800
0.19579382
0.12229048
0.26912582
0.37401685
-0.34536716
0.65191072
0.13826056
0.18634028
-0.02022873
-0.39533947
0.15526446
0.06875871
0.30762394
0.70968731
-1.17359643
0.26193064
0.35044651
-0.17980054
-0.51880735
0.40745580
-0.18067151
-0.37787123
0.21024131
-0.39564895
0.05788075
0.55878666
-0.01285281
-0.01992761
0.68951406
-0.21611875
0.45236765
0.34022872
-0.16875352
-0.30459091
0.14035385
0.11075692
-0.32684438
0.39936333
0.13102006
-0.12177887
-0.27220367
-0.01358486
-0.92607289
-0.49512881
-0.56470687
0.28019166
-0.07122466
-0.54329617
1.09866875
0.36815447
0.09556063
0.68497046
0.34989390
0.07215280
-0.06522066
0.10731182
-0.55493942
-0.55133826
0.20128991
-0.10131013
0.36138951
-0.78975243
-0.47259748
0.21176464
-1.05124518
-0.76313305
0.11018158
0.25132523
-0.09913372
0.65485401
-0.18672929
-0.52614379
-0.57671929
0.92698654
0.16157223
0.16933771
0.73763701
0.45503291
-0.24115981
0.52913239
0.32266623
-0.21146197
0.75720355
0.01436449
1.17760952
-0.48911838
-0.23228736
0.10515215
-0.95662063
-0.46408024
0.74175334
-0.01436549
0.15595191
-0.28102284
-0.08493247
-0.22072225
0.36448860
0.25250229
0.27441292
0.40097838
0.27389202
0.21632792
0.24879430
-0.56333086
-0.63856928
-0.35157711
-0.39930648
0.30899433
-0.48789806
0.39511826
0.17640459
0.15235617
0.95839153
0.07025828
0.87210272
-0.08127197
0.58673184
-0.52235324
0.14651445
0.38404644
0.25415331
-0.54851392
-0.14028189
0.45015625
0.10522921
0.41343587
-0.28617340
-0.15071873
-0.24957420
-0.95359976
-0.24039924
0.38089535
-0.32603859
-0.39836746
-0.77961665
-0.41627167
0.10736356
-0.76510058
-0.76201302
-1.07565940
0.05894706
-0.09148633
-0.77076960
0.04954440
0.16276753
-0.22376418
0.05344433
-0.20945051
0.21250154
0.34354120
-0.34392709
0.61288661
1.28857117
0.01675077
0.48509373
0.11989068
-0.11611863
0.11258717
-0.77401020
-0.41453582
0.74057454
0.16465001
-0.00058241
0.11624459
-0.36598938
0.15235087
0.09517876
-0.78689385
0.36114990
0.08538193
-0.88871436
0.05949646
-0.08368246
-0.17558424
0.20713898
0.25991834
0.81497918
-0.48561344
0.52237668
-0.34846593
-0.25698441
-0.31106506
-0.66538795
0.49568781
-0.34038484
0.39049511
0.40041719
0.18622717
-0.77477572
0.16862498
0.17036065
-0.02519679
0.33422359
0.53759858
-0.04215889
0.12182395
0.27109929
-0.71807158
0.46659708
-0.70497811
0.00424525
-0.48398187
0.55254308
-0.50528605
-0.08813775
0.12471376
-0.16050065
0.29073436
0.30375207
-0.30800458
-0.08601585
0.39512185
-1.07643786
-0.23654551
0.17475190
-0.22089222
0.00943659
-0.28677108
0.89583718
-0.61189783
0.74398008
0.56035535
0.07340017
-1.30587431
-0.42333511
0.00141627
0.56701492
0.48335394
0.20896794
0.28898428
-0.14501970
-0.59155658
-0.16871532
-0.16916947
0.25735133
0.17175904
0.69009324
-0.00841007
0.08852613
0.26057908
0.40693109
-0.68106244
0.06844932
0.59406744
-0.25751492
0.25111853
-0.62207976
-0.65336658
0.11585567
0.85140816
0.01946257
-0.86364990
-0.34856465
-0.42082086
-0.29821235
1.55541933
-0.25096787
0.35850049
0.29456382
-0.13477341
-0.22883891
0.34701650
-0.04450086
-0.12958029
-0.35218583
-0.19240804
-0.91720236
-0.64365188
0.18369767
-1.14244226
0.42978419
0.52234322
-0.48036112
0.51474122
-0.21088136
0.49156195
0.30945693
-0.42128085
0.18840513
-0.43019501
0.37931154
-0.03949123
0.61141130
0.20543073
1.06170497
0.28975705
-0.03443273
-0.72666901
0.19666103
0.16595485
-0.88627113
0.03919511
1.09827185
-0.00744684
-0.21561433
-0.22536628
-0.26050412
-0.54331283
-0.58737252
-0.50767703
-0.29328361
-0.16808681
0.46295668
-0.40513593
-0.58883995
0.28239458
-0.48817660
0.63187005
0.53221248
0.31859089
-0.42478624
-0.24598413
-0.93072255
-0.14818021
-0.12705453
1.30464593
0.05433792
0.17841870
-0.77553648
0.20068968
-0.76103228
-0.27888555
-0.06767267
-0.66136425
0.35286328
0.07741756
0.17755788
0.24053697
-0.04072083
0.25953523
-0.23446470
0.13696138
0.32005852
-0.32579750
0.01830242
0.48271126
-0.02756787
0.09086395
-0.84803332
0.42427359
0.09946065
0.34545283
-0.64737236
-0.33187206
0.92983518
0.54119048
0.02867317
-0.69290288
-0.44009874
0.22603494
0.13879323
-0.17665106
1.05726894
0.51445504
0.32442921
-0.28728071
-0.42882332
-0.06291750
0.58364279
0.68465625
-0.28513116
-0.21861773
-0.49024144
0.26390695
0.56309338
-0.22840877
-0.20112022
-0.32707878
-0.58886608
