-0.57231413
-0.48308210
0.09714630
-0.65993422
0.01700586
-0.17578621
-0.74723096
-0.61753515
1.28928130
-0.71227363
0.58113817
0.62088059
-0.58543254
-0.05531887
-0.77650517
0.06183040
-0.27539265
-0.33507831
0.18086375
0.28915493
0.73924791
0.07085007
0.89068872
0.66921187
0.68482928
0.65099329
0.36356277
0.71177399
0.33673787
-0.92582435
0.15651226
-0.43062193
-0.29159241
-0.45999237
-0.12810521
0.21076646
-0.47766913
-0.11133844
0.87402310
0.15968331
0.47064997
0.05582185
-0.72980530
0.40264588
0.55426035
-0.29825349
0.19106965
0.28328057
0.34724536
-0.17948721
-0.03930490
0.07268456
-0.08342248
0.64147251
-0.47547689
-0.49046013
0.00096008
-0.44651714
-0.52908621
-0.51357354
-0.69974157
-0.01121888
-0.20698497
0.05637050
-0.51119442
0.73824384
-0.13577907
0.12400907
0.36090770
0.06122529
1.00052900
-0.06629878
-0.47527524
0.39615251
-0.32890763
-0.00722207
-0.03461570
-0.48178191
0.02652361
-0.58587003
0.45325391
-0.44341107
-0.46167034
-0.76843162
0.07294666
0.22952740
-0.53425611
-0.99076215
0.39967179
-0.69496043
-0.61072397
0.29792183
0.42429181
-0.79722050
0.43783158
-0.41600632
-0.10062844
-1.18860053
-0.34585397
-0.00223161
0.27796057
-0.48605422
-0.24882138
0.52661419
-0.79489263
0.29227732
-0.46214797
-0.70066310
-0.23462898
-0.23464045
0.39398881
0.01522107
-0.59813350
-0.31495308
-0.33098763
0.35389170
1.12292343
-0.27117310
-0.29511957
-0.17833890
-0.38189255
-0.40984676
0.66353734
-0.72010868
0.67791032
-0.30282128
-0.07441963
-0.05746831
-0.68247818
-0.64107475
-0.14656618
-0.78186730
-0.84764011
0.47958647
-0.23136815
0.26745754
-0.78721060
0.01086896
-0.45092684
0.86954300
0.18056653
0.12699444
-0.36972068
-1.16812845
0.04201164
-0.38702229
-0.24869954
0.42500339
-0.23410730
-1.13289376
-1.11348043
0.33455598
-1.36719107
0.00421766
0.42289161
0.30318793
0.31392896
0.92056816
-0.04983560
-0.01194548
0.62349909
0.11283310
0.20187716
0.35513420
0.48920308
-0.38726662
-0.32601350
-0.13557567
0.19836051
-1.49466118
-0.72713260
0.09602172
-0.81967618
-0.27328434
0.22341550
-0.12469853
0.12003969
-0.57721060
-0.39089672
-0.07723007
-0.17343760
-0.47882870
0.14081099
-0.43730946
0.11503475
-0.23959825
-0.62997853
0.02606752
-0.09426408
0.05112532
0.60914210
0.73881961
-0.25995501
-0.40710529
0.23843509
0.00619052
0.06781945
-0.72416150
0.48366525
-0.20677321
0.52630130
0.28425000
-0.31906550
-0.37104493
-0.22515352
0.26007832
1.00022190
0.11342301
0.24293717
-0.35088186
1.18464668
0.01987818
-0.15174151
-0.14636665
0.17206462
0.25110161
-0.37140063
-0.04779991
-0.06207049
0.18471008
0.64353345
-0.02554259
0.55141583
0.19580795
-0.32360049
-0.04965181
0.41096782
0.05376849
0.73651044
-0.08082943
0.12445894
0.29237131
0.02115894
0.75127469
0.40002822
-0.20816964
-1.32435611
-0.42721217
0.31153185
0.24566820
0.23962656
-0.06137894
-0.61416400
0.02811726
0.09839450
-0.05151175
0.18527219
-0.18879806
-0.09737846
0.36055322
0.06542780
-0.00082241
0.32839469
-0.22543124
-0.12477457
0.28091154
-0.21676160
0.37460821
-0.55994942
0.59747180
-0.65962067
-0.55125937
-0.58873504
0.64268116
0.49422634
0.26497947
-0.15302028
0.45686152
-0.26700901
0.49272304
0.33170129
-0.33523779
0.08756892
-0.47242793
-1.13184241
0.16920904
0.09226859
0.45154211
0.46863777
0.19122827
-0.19264284
-0.02683498
0.28959490
0.06039438
0.06560771
-0.30524637
0.91997474
-0.16496343
0.63678341
0.15273730
-0.40866314
0.58563399
-0.26345433
-0.37892534
0.08278403
-0.89057085
0.30150494
-0.07655024
0.95246215
1.03049359
0.14003581
0.84841357
-0.14550550
0.92880653
-0.28508282
-0.50971465
-0.63539796
-0.20526861
0.13271378
0.28357157
0.89466530
0.19090923
-0.09806229
-0.11303528
-0.60913548
-0.23837416
0.17944683
0.37152692
0.27279144
-0.24377333
0.72023072
0.26113684
0.30460126
-0.80627380
0.02066861
0.06395773
-0.21573542
-0.08268992
-0.60216386
0.19221692
0.16988535
0.35101130
-0.72607782
0.56596657
0.05693054
0.48884803
0.86720212
0.29010410
0.03089148
-0.93702554
-0.15892125
0.66528854
-0.07182306
-0.14111891
-0.19057803
-0.69350595
0.31508949
-1.18336974
-0.37320796
0.32445636
-0.21128234
-0.57382123
0.35324808
-0.23974517
-0.15382244
0.06311139
-0.12400136
-0.89585473
0.00836622
0.29632602
0.02597089
0.71021354
0.13072552
-0.09773247
0.17705575
0.75683627
-1.41230825
0.27863643
0.00116142
0.59528858
0.19611466
-0.19097379
-0.37575540
0.29704152
-0.36947741
0.35502313
-0.21485671
0.06911288
0.42967880
0.08662162
0.02111137
0.17799919
0.36810130
-0.95058296
-0.10548430
-0.05221180
0.40816175
0.33559582
-0.49793863
0.83653654
0.46411748
-0.02491434
0.34665712
0.34381292
0.10874517
-0.02055017
-0.88249653
0.25342298
-0.42323987
-0.98987888
-0.37280381
-1.06013987
-0.17556713
-0.32581020
-0.32938554
-0.51227078
0.27210045
-0.87329211
0.68116338
-0.14132803
-0.38127828
-0.07588600
-0.65465576
-0.46414404
-0.44906323
-0.49147611
0.12275570
0.14795851
0.41008413
0.94477128
0.34483551
-0.05443486
0.85589329
-0.13069645
0.36957065
0.57356722
-0.44150377
0.66520622
0.01713012
1.07274719
-0.35387297
0.60989573
0.58307965
1.13851283
-0.59847915
0.55756576
-1.32447729
0.29399311
0.18433301
0.15623107
0.69966332
0.14620471
0.21992089
0.14904832
-0.42524771
-0.27693347
0.37725058
0.15388819
0.96119313
0.76567747
0.23854409
0.34275144
-0.00793643
0.84819160
-0.07767101
-0.43450949
-0.56535447
-0.35527977
-0.26644631
-0.66445990
0.28670942
-0.29312035
-0.08086038
-0.48851927
0.24224873
0.32020733
-0.57597032
-0.03082017
0.16057036
0.17051231
-0.21396546
-0.25952564
-0.48742721
0.24219639
-0.76711433
0.05428739
0.05513436
-0.23625467
0.76906515
0.79942721
0.36132041
-0.19911549
-0.21093335
-0.15087704
1.27671816
-0.84443360
-0.21184761
-0.03571391
-0.05830411
-0.55000402
-0.12104771
0.00403788
0.01283815
0.42474339
0.56163095
0.33394370
-0.61983459
0.23589278
-0.72414062
-0.65015376
1.00667688
0.24699392
0.71095577
-0.46131035
-0.28472167
-0.03635613
0.09385380
0.44188764
0.46052334
-0.03136957
0.23742716
-0.16833645
0.24800578
0.31164334
-0.05504233
-0.35688937
0.81104906
0.21749134
0.35089091
0.12177749
0.36856411
-0.98153029
-0.49156891
-0.33361178
0.74126283
-0.13310876
-0.13597556
-0.71725286
0.26994775
-0.09613880
-0.41889443
0.58710675
-0.36231097
-0.47374298
0.98193314
-0.63757809
0.40153607
0.74098759
0.48438858
0.11225196
0.23841776
0.37169879
-0.04844389
0.26806955
0.66525040
-0.63165313
0.11634481
-0.70123566
-0.65224901
0.47849241
-1.05433207
-0.10164536
0.58578881
-0.18357247
0.16774959
0.52335780
0.52121957
-0.12874502
0.20144928
-0.04494487
0.24315848
-0.09997800
-0.46071518
-0.11501918
0.11168825
-0.14893753
0.03198792
0.31091571
-0.13855655
0.10058226
-0.03005547
-0.07673890
-0.24250679
-0.21705591
0.31558147
0.11568148
0.22383098
0.35429478
0.39906635
0.47811182
0.21493510
0.42011014
0.34986995
0.42023541
0.03900823
0.03044087
-0.00984162
-0.53899772
-0.23014980
0.35796794
-0.27536691
0.22213193
0.41490589
0.63022105
-0.15261731
0.76533476
0.07565671
0.01324158
0.71000297
0.36733302
0.15236709
0.12638291
-0.02215935
0.30528168
0.43270077
-0.59495401
-0.34995199
-1.25057608
0.35301002
-0.86340355
-0.42540489
-0.85213620
-1.07762337
-1.28415101
-0.96289370
-1.70968164
-0.35590583
-1.87456431
-0.99393605
-0.72805903
-2.54927440
-0.71048006
-1.45624185
-1.14233536
-0.86077928
-0.84240685
0.23786765
-0.49678828
0.67485498
0.54127712
0.53906682
0.40964166
1.41096936
1.15700894
1.18107724
1.36200808
1.89720505
1.39526287
1.34646179
1.57734207
1.49484070
1.55455888
1.73980120
1.48068971
1.92811607
1.46787509
0.85006848
0.82654907
1.88224087
0.57159264
2.05799693
1.40640233
0.28238508
-0.51099322
0.35769966
0.30232504
-0.75489117
-0.79710000
-0.33701435
-0.47323883
-0.36895383
-0.06211808
-0.81833879
-0.69276245
-0.64278118
-1.57006243
-0.59518453
-0.39541006
-0.88232737
-0.34211879
-0.21920859
-1.07128217
-0.25540898
-0.37711283
-0.32558301
0.52624554
0.13182291
-0.91510122
0.18835551
-0.63933113
-0.65539873
-0.38622957
-0.11192686
0.04424448
-0.46929226
-0.14717739
-0.76011889
-0.71113221
0.11307847
-1.17794619
0.27982682
-0.31705088
-0.00380344
0.64354149
0.13380888
0.15142294
-0.39363866
0.29129469
0.35427546
0.12876297
0.48690310
0.06800810
0.87654371
-0.00418017
0.03548459
0.43999307
-0.04826372
0.12676629
1.14084990
1.58214158
-0.67573545
-0.19419194
0.32341483
-0.23049803
0.11930890
0.21297948
0.15694209
-0.04600951
-0.77912055
0.55666757
-0.50139226
0.09971143
0.45695793
0.18909424
0.13792223
-0.29624522
-0.31793632
-0.18895414
0.32957154
-0.28713492
0.19584785
0.07254129
-0.21143681
-0.21648462
0.00639659
0.02651285
-0.36923543
0.41723102
0.23115718
0.61427759
-0.60684617
-0.51890525
-0.69796583
0.01452904
0.78951736
-0.81445694
-0.36302264
1.12198543
-0.16036420
0.39062131
0.17018547
0.51974385
-0.64578410
-0.24444585
0.28511759
0.20943769
0.26920317
-0.11044120
0.25321823
-0.37781575
-0.06784842
0.84939400
-0.44019594
0.18647872
0.08988244
-0.01453847
-0.39655548
-0.40056400
-0.33859926
-0.43769321
-0.03860191
-0.23279285
0.73955391
0.42042061
0.27286741
0.21726871
-0.14479515
-0.19029151
-0.33252944
0.45710586
-0.85482802
0.41277742
0.54947858
0.62525689
0.20506336
-0.07175042
0.13020116
-0.89526222
1.00429610
0.17347227
-0.71265027
-0.02493278
0.19870620
-0.98056885
-0.68698466
-0.19591369
0.10960931
-0.88403829
0.49657976
-0.85054286
-0.06084929
0.76532553
-0.07484905
-1.17993508
-0.63404424
-0.32932472
-0.33816247
0.43008241
0.62468199
0.09511869
0.56470795
0.25076958
0.24965790
0.02656417
0.05604363
-0.00533567
0.58030070
0.01184844
-0.81879367
-0.25355120
-0.43850096
0.26665295
0.78149192
-0.52367365
0.08863883
0.18270946
-0.28950232
0.15426517
-0.82580774
0.44845566
0.59543424
-0.78457905
0.05520793
-0.01285561
-0.18760226
0.14579917
0.23360422
-0.28002115
-0.60907575
0.34784988
0.69968700
0.56177479
-0.48756153
-0.55218292
-0.77916375
-0.46263040
-0.29570215
-0.48661446
-0.07667423
0.29058266
0.29985447
-1.16482586
0.07985907
-0.25031161
-0.41149277
-0.98716973
-0.03454262
-0.64054542
0.12592560
1.48263022
0.53903267
0.43741036
0.39423307
0.34023239
-0.04437443
0.48390634
0.27275605
-0.05955618
0.93275047
0.36244272
-0.48636333
-0.58482315
-0.24388925
-1.13886572
0.21333850
-0.11820810
-1.04128129
-0.40115362
-0.46702915
-0.64684543
-0.00315608
-0.40315052
1.49253394
0.72541685
0.04949623
-1.00400373
-0.25447730
-0.28292644
0.27506581
-0.18768859
-0.17996307
0.21377177
0.02112711
-0.46924994
0.70598009
-0.43180612
0.05096269
-0.56787701
-0.15203638
0.08921425
-0.03238715
0.27483263
0.21309874
-0.15715743
0.23407596
0.60592824
0.52046113
-0.61963414
-0.50360470
-0.33000337
-0.19717573
-0.57912660
-0.92736971
-0.36380750
-0.06870965
0.67991814
-0.58105353
-0.99128239
-0.31429896
-0.12242522
0.52037778
-0.20563334
-0.37935900
0.99818313
-0.81522446
0.36093465
0.12700925
0.20199160
0.28590351
-0.19733848
-0.36635594
-0.27134673
-0.11961821
-0.57436241
-0.51629760
0.22368602
-1.04333359
-0.49593089
0.41480263
-0.38865736
1.17434577
0.04669760
0.29182734
-0.30162801
0.78327784
0.08322147
-0.60815041
0.29121397
-0.20351456
0.81190973
-0.51689276
0.04742842
0.88677343
0.47734350
-0.04830100
-0.49653561
0.57819369
-0.34852988
-0.14944761
-0.17587587
-0.06213083
-0.18128239
-1.04862898
0.59211530
-0.03781108
0.28064767
-0.36481432
-0.30567413
0.01622898
-0.26843725
0.78254017
-0.16426088
-0.06761867
-0.53963801
0.10240037
0.98162670
0.49625341
0.30513420
0.13629943
-1.15213064
0.00247661
-0.57398594
0.00438619
-0.29704367
-0.18489160
-0.47832471
-0.16747259
-0.56442025
0.32655075
-0.80220464
-0.71412432
0.54860452
-0.15976318
0.27500414
-0.61518449
0.42124059
-0.44604967
0.71188473
-0.11469302
0.23415168
-0.12092540
-0.25572055
0.52930125
-0.82140188
-0.60087222
0.01189389
0.68141880
0.03273006
0.33405818
0.00147413
0.61382714
0.36342625
-0.27796973
-0.37209005
0.46598487
-0.00212066
-0.47555994
0.07951238
0.07263857
-0.28526118
0.04363392
-0.51614380
0.40937057
-0.32467716
-0.26271452
-0.28001941
0.29978337
-0.09381292
-0.18652558
0.94603643
-0.17580568
0.68733670
-0.18549305
-0.58205494
0.01056939
0.66835474
0.05825921
-0.17794022
0.50481978
-0.35821164
0.07045905
-0.03805710
-0.17439596
-1.71533839
0.52911279
-0.15582964
-0.07237964
-0.42193897
0.90065862
0.36447029
-0.85330749
-0.78326926
-0.16286759
0.81972750
-0.15645510
-0.22928569
-0.30910078
-0.25169583
0.03616884
0.79794570
-0.21718455
0.24070534
-0.55680590
0.99860224
0.64531987
-0.21216485
0.46559287
-0.05502643
-0.12513471
-0.55736994
-0.06374526
0.16054461
-0.58551720
-0.00419414
-0.11912445
0.12682153
0.05380242
-0.13174683
0.19442217
0.54463806
0.34092967
0.47447515
0.30414095
0.64712427
-0.20414582
0.03432623
-0.14013747
-0.19167083
0.55795199
0.19775374
0.12491943
-0.04391622
0.10979211
-0.73628916
0.05175689
-0.20255075
0.20194372
0.83820361
0.54077745
-0.19205606
-0.74551243
0.34248452
0.12075612
0.03966205
0.43389257
-0.09222824
-0.16250765
-0.32602809
-0.58674183
0.17756282
-0.19287482
-0.15099345
-0.64406634
-0.78520465
0.27644978
0.41863365
0.11538050
-1.05514299
-0.33652982
-0.63803669
0.12474051
-0.44763218
-0.28520260
0.02146484
0.65669967
-0.69961343
-0.28900453
0.18973920
0.68744253
0.33342297
-0.14836337
-0.57284923
0.25972287
0.18546803
0.68766962
0.68467848
1.08197156
-0.66788696
-0.22132357
0.69802680
0.00287357
-0.16429691
-0.44811427
0.42355789
0.62791959
-0.44074939
0.07130095
-0.41856488
0.21283318
-0.42217658
-0.09497649
-0.96660182
0.92362484
0.05499592
-0.16811890
0.10717313
-0.09647490
0.14158922
0.05456846
0.86894407
-0.51188499
0.16832912
-0.88135047
0.71703705
0.22330148
-0.03892430
-0.29542640
0.00528159
-0.20575596
-0.10973650
-0.46304773
0.11565089
-0.48365092
0.27903647
-0.33765165
0.16218486
-0.32053733
0.24756399
-0.19876374
0.51462908
0.90331363
0.55902460
-0.29636705
1.54550934
0.09175467
0.45846515
-0.31648008
0.49260178
-0.30045642
-0.37762064
0.10048080
-0.24149218
-0.36381344
0.41071983
0.23965054
0.33843801
0.30067210
-0.77482116
-0.69296405
-0.13786221
-0.54742667
-0.05388189
0.10266844
0.29499085
0.13727786
-0.56271298
-0.29453648
0.12423237
0.29654477
-0.12620366
-0.71491743
-0.07943553
-0.14488590
0.01172126
-0.40189790
-1.03915948
-0.54042433
0.62418214
0.79666657
0.64362554
0.16944138
-0.70323655
0.44698493
0.09843376
-0.01548258
0.58670563
-0.65723978
0.01312431
-0.21406285
0.10651556
0.82370008
-0.34080664
-0.52025689
-0.16415336
0.65809145
0.19631549
-0.31875942
-0.73682360
-0.32238399
0.22397207
-0.29802734
0.32143638
-0.40026548
0.35422306
-0.28823777
0.46661816
-0.36488020
-0.65472812
0.16322652
0.15814395
-0.24326112
-0.09447029
0.12525090
-0.14822136
0.65935383
-0.47259281
0.10381165
0.98009225
0.11263554
-0.15242041
-0.39767576
-0.26150548
0.70132284
0.81788157
0.17408456
-0.31983689
0.67581755
-1.23899063
0.24988604
-0.26331884
-0.24253187
0.05375171
-0.33478451
-1.26905530
-0.26272150
0.69757214
0.01289189
0.08489852
-0.11831603
-0.64334716
0.48579532
0.45370775
0.21238398
-0.06906978
0.70894306
0.72306712
0.26822499
0.81945097
1.23610506
0.35844043
0.19190677
0.24764953
0.05789768
0.21164946
0.76915471
-0.29298544
-0.78561935
-0.22659605
-0.02308991
-0.03644947
-0.51846231
-0.35010590
-0.66735028
0.55288937
-0.02883128
0.36966314
-0.52732617
0.21923324
0.38011301
-0.56023676
0.32075987
0.69554908
1.31829493
0.45152251
-0.21092931
0.58987278
-0.37240393
1.06369747
0.08111919
-0.54491746
-0.93555712
0.53117220
0.62541292
-0.09621266
-0.12884374
-0.10770610
-0.78148726
0.40152851
-0.73307743
-0.21991165
-0.02220798
0.22648428
-0.90321786
-0.50375370
0.64206009
0.34047275
0.49288791
-0.29198546
-0.24070840
-0.47241875
0.04348716
-0.33354632
-0.26782000
-0.00193845
0.10173672
-0.22248611
0.72626624
0.35664320
-0.21427234
0.03802804
0.09549395
-0.65006859
0.51092468
0.14525988
-0.46407115
0.64705448
0.39264016
-0.02069491
-0.10204386
0.22754438
0.19420506
0.29930148
-0.67480811
-0.53471483
0.50285434
-0.60358668
-0.45786951
-1.06695674
-0.99615549
-0.28475893
-0.29037452
-1.39382693
0.06548439
-0.90550334
-0.10031042
0.04581236
-0.00544685
0.74077001
0.09042945
-1.00776725
0.41205623
0.40140397
0.15585892
0.12998875
-0.38271587
-0.64822509
-0.39145704
0.48263992
-0.24635853
-0.15923428
0.16344365
0.06242545
0.18015660
-0.34245477
0.65901507
0.04741347
0.39530037
-0.09255316
1.03815964
-1.03817886
0.79867683
-0.03642873
0.14610653
0.13144752
0.13555357
0.04949628
-0.09528558
-0.21532900
0.23353198
-0.44681768
0.16999235
0.12297875
0.36630915
-0.56935490
0.49937877
0.27700045
0.90176779
0.32400369
0.21246200
-0.05427606
0.73475378
-0.24355409
-0.10484192
0.70572294
0.44548337
0.61098001
-0.04307243
0.45722221
-0.53608974
-0.03083101
-0.10850883
0.20024646
-0.35798357
-0.47323741
0.48261859
0.63965343
-0.37375115
-0.33460423
-0.50673903
0.76022944
-0.28725784
0.30831899
0.22844392
-0.30701542
-0.08701397
-0.42727615
0.46511851
-0.22386247
-1.03690999
-0.57422795
-0.35656342
-0.74685168
-0.65948076
-0.17390889
-0.04766664
-0.22795561
0.81330118
-0.80909276
0.10727164
0.06044740
-0.26360013
0.39423267
0.05201855
0.59089634
0.33628558
1.05090524
0.38398939
0.22269506
0.60197439
-0.43349351
0.14078290
0.46117942
-0.33643713
0.89291827
-0.30028676
-0.58446423
0.19284563
-0.02123756
-0.45031083
0.09986978
0.33326981
-0.23107135
-0.45913317
0.71078214
-0.27487556
0.26883345
0.08269793
0.04211156
-0.03011564
-0.08723258
0.22299323
0.22312350
0.09917616
-1.04319198
0.27679940
0.28274714
-0.01557516
-0.10363732
0.27994441
-0.13185587
0.41061741
0.26064171
-0.71399682
-0.18492752
0.20231342
-0.25584867
0.66607300
-0.31077862
-0.02752720
-0.08225494
-0.28489659
0.53865490
0.39336556
-0.10864632
0.02460492
0.59034539
-0.45020186
-0.43664621
0.19685797
-0.52945504
-0.75502270
0.76681745
-0.38524933
-0.51194438
0.21707166
-0.06342589
1.15626044
0.27726260
0.50094141
-0.67576833
-0.27605256
0.54836734
-0.32857814
-0.20737893
0.27384556
-0.15108504
0.03877332
-0.24838970
-0.09780246
-0.19657263
0.45660088
-0.89198163
0.02129773
-0.60582925
-0.38624428
-0.06928583
-0.91642703
-0.26098830
-0.15504144
0.29323832
-0.73788523
-0.07603284
-0.55164917
-0.37442587
0.07869836
1.00115259
0.36244559
-0.01155333
-0.69179302
0.11094731
-0.03340353
-0.23568962
-0.04482243
-0.33836720
-0.87827028
0.68405379
-0.09639263
-0.14401983
0.25653100
0.14087676
-0.19875727
-0.81561811
-0.46499926
-0.34758830
0.02317005
-0.23959487
0.13129910
0.45147961
0.17303507
-0.48148606
0.17712833
0.06965425
0.30307481
0.41649978
-0.21303005
0.55134865
0.28887953
-0.32552795
-0.06195847
0.35340283
0.40943651
-0.32604180
0.11626122
0.27744023
-0.09896639
-0.03950248
-0.25125637
-0.39260745
0.39978941
0.03343259
0.41932526
0.70012482
0.47474907
0.03008622
0.14572439
-0.05700175
-0.51473930
-0.15411078
1.22923461
-0.63687276
-0.79758076
1.26068876
0.38660066
-0.88424406
0.18052783
0.44920633
-0.31487279
0.13485277
-0.74688767
-0.42206448
-0.21061980
0.05955669
0.23404514
-0.33097048
0.04385480
-0.02779584
0.11830248
-0.03985179
-0.18256440
-0.86413525
-0.37770021
-0.70607736
0.52375743
-0.44038423
0.85580644
0.61288774
-0.08000210
-0.56174112
0.83832536
0.45407044
-0.63907930
-0.05673703
0.02368408
0.56564538
0.41920042
0.14857568
0.26489210
-0.27799668
0.96954702
0.38117277
-0.25355552
-0.34400347
-0.37390109
0.71842390
0.29765677
-0.33848149
0.19942223
-0.17585469
0.35811298
-0.64364876
0.09145617
0.73322907
-0.67468858
-0.16003264
-0.56011748
0.14801764
-0.06915687
0.64464560
0.46275245
-0.77624473
-0.41226601
-0.12147238
0.30963020
-0.43804951
0.08643871
0.59031309
-0.60601379
-0.01566930
0.03779169
-0.92162464
0.28932165
0.55122371
1.11389939
-0.52446482
0.25219053
0.59699996
-0.53121454
-0.19929900
0.25030793
0.02882251
0.73443042
0.65503789
-0.23733606
0.76178441
-0.40829927
-0.30817772
-0.55959689
0.50257204
-0.56766974
0.42280130
0.68973361
-0.14178230
0.17204857
-0.15700421
-0.30549381
0.80836853
0.48367677
0.09880553
0.10384188
-0.29595903
-0.99109260
-0.05759238
0.05638725
-0.52364543
-0.12917555
1.24852560
0.05191822
-0.68736169
0.28559674
0.39629911
0.28775882
-0.90395565
0.37627120
-0.38710767
0.02321306
-0.60814471
-0.30059925
0.30951839
-0.92145109
-0.00142260
-0.12872480
0.09546823
-0.63322385
-0.20661741
0.95876815
-0.11257249
-1.16697586
-0.82564869
0.60685912
0.09996972
0.03553157
0.05352254
-0.33670276
0.15057021
0.15961470
0.79768363
0.11472124
0.27710167
-0.29558236
0.41183300
0.06795417
-0.57888748
0.57419316
0.87272056
0.26697876
-0.09407051
-0.35375618
0.04248625
-1.06457768
-0.57618566
0.41854924
1.19699189
0.53161823
-0.31175131
0.46076815
0.04121286
-1.07955164
0.07264558
-0.45542084
0.39069949
0.06536669
0.11565345
0.04938556
-0.40975240
0.38005632
-0.25189469
0.64518612
-0.22123083
-0.57509076
-1.12376722
0.61557732
-0.00079998
-0.18295888
1.61173595
0.67807755
0.18932133
0.29723666
0.58508755
0.39115495
0.96565019
0.44929372
0.62825201
1.01711345
1.03995942
-0.19431199
0.88315847
-0.74740350
-0.14772501
0.15057141
0.90752939
0.32895396
-0.01873356
0.89099277
0.28250402
-0.07029863
-0.15697930
0.89403120
0.88990717
1.12145535
0.26825510
-0.39935089
-0.59404580
-0.41254369
-1.03114577
-1.02038401
0.07790334
-1.14728265
-0.41209394
-0.43586288
-0.57341027
0.37248052
0.08186633
0.54596000
0.08271729
0.30487005
0.31378959
-0.16006075
1.10955656
-0.79382088
-0.49425084
-0.09803667
0.20848716
0.06734791
0.23871141
-1.01646987
-0.09239385
0.43072938
-1.08594562
0.14297720
-0.82981400
-0.08096798
-0.46607444
0.55214710
0.35466933
0.61858951
0.32419809
-0.29118755
-0.78849673
-0.48310926
0.26810069
0.19439136
1.06574248
0.64355789
0.17841002
0.28376965
0.10102173
-0.00832362
0.67587243
0.25283467
0.30980249
0.33485113
-0.05961484
0.55697636
-0.65517853
1.08562465
-0.81829848
0.81400889
0.78989192
0.03168016
-0.26952837
-0.32417063
-0.39626731
0.11998638
-0.60466970
-0.20549652
0.36450046
0.89189063
0.09580950
-0.04542376
-0.13939473
0.58080623
0.12028453
0.01562139
-0.03322648
0.21700688
0.23402108
0.51539477
0.22843603
-0.08027582
0.60469969
-0.30367538
0.08990057
0.71047815
-1.10514890
-0.11786542
-0.62819562
-0.29432333
0.43569447
0.30134544
-0.96468335
-1.00193019
-0.00555963
-0.16828864
0.50609381
0.69395230
0.20739361
1.04026394
-0.52559526
-0.07315058
0.10971692
-0.31017699
0.06601035
0.07680460
0.26335131
0.62188785
0.66215471
-0.14585656
0.15982172
0.42522032
-0.73079990
-0.30392454
-0.36200866
-0.45975292
-0.57549244
-0.21618004
0.05031444
0.40736439
-0.62971818
-0.47788696
0.18133386
0.09682440
-0.01077168
-0.68497664
-0.26052404
-0.03932541
0.59143552
0.20616441
-0.36836999
0.07735904
0.73336777
-0.28708287
0.60602201
0.13611431
-0.24921636
0.30896487
0.67043727
0.56473562
-1.32334009
0.05311243
0.35553839
0.47652484
0.36547329
-0.66733661
-0.39703564
-0.22473076
0.23500860
-0.12576531
0.65448883
0.20315330
0.09118645
0.84092055
0.27681947
0.04877717
-0.73703995
0.33531873
-0.64036922
0.71733758
0.36110232
0.02452073
0.34018895
0.07198819
-0.57313807
0.11970722
-0.26700724
0.13908576
-0.31894027
0.05671949
-0.80228611
0.48508572
0.05561989
0.00405755
-0.91776044
-0.02810028
-0.58337603
-0.18246954
0.03465669
-0.12200989
-0.14969124
-0.38248536
0.15184817
0.48623666
0.10163837
0.46569272
-0.28100907
0.20299886
-0.42495818
-0.05271465
0.97644269
0.34888633
-1.03232503
0.17963471
