-0.01808682
-0.32928722
0.36243327
0.06813679
0.31430963
0.52079947
-0.61349637
-0.58143409
0.25138119
0.22891346
-0.15875996
0.11381905
0.27647531
-0.23706321
0.50485643
-0.56582299
-0.04665441
0.15760065
0.12893443
0.03964451
0.75511276
0.13326975
0.08544062
-0.45070754
0.22584503
0.19462872
0.53547272
-0.20088001
-0.95652316
-0.13266418
0.37879293
0.02762868
-0.80021133
0.18207777
-0.35752259
0.20439650
0.62252367
0.73871204
0.50295362
0.04489805
0.19321920
0.19649098
0.29045300
-0.45008764
0.38534731
0.01776131
-0.14645335
0.09725605
0.48209179
0.56091366
-0.30519336
0.05760867
-0.33810326
0.06890154
-0.32301321
0.44776077
0.44313712
-0.01481434
-0.06374662
-0.42835333
-0.13418597
0.09656155
0.26814259
0.01659239
-0.33502025
-0.20228865
0.08516664
-0.28508236
-0.75955890
-0.37890487
0.11795412
0.16469663
0.30969447
-0.42141349
0.16854193
-0.12736161
-0.28052137
0.49063607
0.51472597
0.03989845
-0.09121687
-0.38785096
-0.59966471
-0.01207105
-0.29423567
0.17897245
-0.63692035
-0.51641854
-0.53211097
0.35704568
0.13389529
0.18340508
0.24907819
-0.05508017
0.10438597
0.40186374
0.62793052
-0.08444271
0.34284307
-0.34989917
0.12199129
-0.32460977
-0.13721741
0.46009629
-0.09305649
-0.41069695
-0.34023197
0.32225913
-0.35007871
0.30788559
-0.30233542
0.27694617
-0.11032489
-0.49236328
-0.07051283
-0.14434123
0.27460562
-0.03246315
-0.04354546
-0.46183380
-0.00838785
-0.18648343
-0.41434191
-0.06968412
0.44384506
0.14612779
0.00790553
0.20928029
0.02288987
0.04054322
0.18282801
0.76683523
-0.29004931
0.38017028
-0.01840860
-0.07990592
-0.02282557
0.02508510
0.27666442
-0.08437348
0.05709664
0.02162702
-0.13064326
0.12128289
-0.01374918
0.02641528
-0.68556652
-0.17528391
-1.01511815
-0.76995982
-0.25364227
0.37600445
0.27720995
-0.05132129
0.45639819
-0.05673864
0.09808872
0.20207631
0.11624746
-0.30118167
-0.22352759
0.36285909
0.61673894
0.36713321
-0.33186559
-0.02452876
0.07749243
-0.15124025
-0.00366286
0.24486643
0.24252291
-0.54533055
-0.77648126
0.29432916
-0.41741690
0.23686316
-0.13364240
-0.25554415
-0.64696479
-0.49876632
0.00270059
0.20091543
-0.27891886
-0.10282434
-0.11340249
-0.18419398
0.15304051
0.35992916
0.04545295
0.05932658
0.16853396
0.33002112
0.05920119
0.04790816
0.49180963
-0.05422251
-0.04440485
0.07952631
-0.34851540
-0.27413351
0.16324188
0.11557361
-0.21658475
-0.27285407
-0.25418860
-0.07054660
-0.27890454
0.17905527
0.29883236
-0.42851853
-1.02710532
0.13709029
-0.35928862
0.11808320
-0.43722582
0.44495336
0.28547263
0.03963664
-0.50838774
0.20343631
0.74287587
-0.21723798
0.36099053
0.42807904
0.49902410
0.23477842
0.05168568
0.60515591
0.03922849
-0.34372744
-0.61689565
-0.32194543
0.18896332
-0.32492304
-0.51180847
0.18708641
0.13076917
0.13585874
0.06519184
-0.42767630
0.27520775
-0.22855845
-0.12725520
-0.27367843
-0.38060304
-0.54514839
0.38683662
-0.62434900
-0.23148902
0.18707934
-0.19399226
-0.18458934
-0.58587031
-0.40243399
0.65623974
-0.23177447
0.05862432
-0.27474683
-0.20449322
-0.51226069
-0.35780890
0.24942244
0.20458400
0.80512271
-0.33241463
-0.42257951
-0.54644085
0.44374361
-0.11292697
0.71555012
0.12115160
0.00509069
-0.16533560
0.24895462
0.32666840
0.09665373
0.23112254
0.13877127
-0.51806549
-0.31553414
0.25169331
0.32849609
0.20552768
0.26383530
-0.08011905
0.33358394
0.74218950
0.88474280
-0.35759132
0.12204390
-0.23082829
0.10540370
-0.63875755
0.01608297
-0.34358749
-0.02428413
-0.21167764
0.28833308
0.60908945
0.04360047
0.12072282
0.18244093
0.08233145
0.43317750
0.08936321
-0.05171087
0.21959412
0.02349304
-0.26566599
0.35525176
0.06300975
-0.21970129
0.21020854
0.26852536
-0.33620381
0.24787317
-0.12824959
-0.30846649
0.09223995
0.28433501
-0.05364553
-0.33690720
0.22166833
-0.90101508
-0.03900444
0.09598712
0.30861376
0.25889577
0.32735510
0.25214761
-0.37155877
0.39827437
-0.05792583
0.72873509
-0.24882102
0.32634926
-0.62180743
-0.44924454
0.74454554
0.54815944
0.09223543
0.17392718
0.15493479
0.77556556
0.00960600
-0.45408093
0.08758044
-0.42652611
-0.36376191
-0.01279678
0.54875250
0.35504067
-0.25060169
-0.43745063
-0.30879826
0.21410123
-0.50285301
0.27518279
0.49668614
0.20224163
-0.33589843
-0.16395721
0.19990290
0.03272452
-0.47717618
0.00548453
-0.52535630
-0.15302275
0.07777402
-0.48333739
-0.15143579
0.17171306
-0.21535522
-0.19512199
0.24843712
0.13194625
0.44112410
-0.50543859
-0.33973211
-0.48969747
0.18205256
0.16470365
-0.33970104
0.60068399
-0.22310455
-0.15398203
0.51147226
0.38952457
0.44484683
-0.05465855
0.28754269
0.18933634
0.19114745
0.46098978
-0.11132143
-0.04370500
0.28673043
-0.55075994
0.27924638
-0.27168268
-0.38534309
0.63815158
-0.23338032
-0.21102392
-0.10105362
-0.10460107
-0.44627928
0.76890888
-0.22101897
0.04122318
-0.18580403
-0.46154415
-0.16213445
-0.35504410
0.08664983
-0.03852233
-0.23882882
0.55033268
-0.15815868
0.07873371
0.26485071
-0.10903606
-0.15827770
0.23988104
-1.12475478
0.30241628
0.33758925
-0.17954682
-0.01883809
-0.16002621
0.19934033
0.16422459
0.05108638
0.22237264
-0.10964798
-0.18040957
-0.25431137
0.16095391
-0.15502456
-0.44974612
0.14145390
0.20633014
-0.17038009
-0.65885136
0.46000371
-0.17582277
-0.02348699
0.40843230
0.20956351
0.01514717
-0.01247416
-0.35099168
0.16882130
0.23111895
-0.33467626
-0.44492674
-0.02831884
0.16572983
0.69795203
0.09053870
-0.05918894
0.09600222
-0.94934838
0.31005069
-0.35521293
-0.06260489
0.51740241
-0.32795632
-0.52737105
0.00456639
-0.02079075
-0.08383123
-0.01807775
-0.18013103
-0.55817833
0.46514683
0.02414886
-0.14477233
0.02811683
-0.23186520
0.01080045
-0.02739653
-0.38772372
0.11466801
-0.25893325
0.10211347
-0.25053017
-0.06732605
0.22698601
-0.07751876
0.01928258
-0.01797884
-0.08529525
0.05043513
0.10949322
0.54049209
0.50355810
0.15830971
-1.05170486
-0.55999276
-0.54319609
-0.16189073
-0.25320340
0.54980402
-0.15551770
-0.23750444
0.14464536
0.02760729
0.23581844
0.35165983
0.08047961
0.02830251
0.51309920
0.34911842
-0.74431994
0.39210538
0.42809420
0.40814397
-0.31228431
0.32077330
-0.36040505
-0.46414770
0.00803223
0.03318919
-0.07975493
-0.29987135
-0.30482549
0.31782216
-0.42336580
-0.30344344
-0.13954808
0.35808471
-0.26445177
0.41845322
-0.07894048
0.53027494
-0.12216866
0.46795194
0.09839655
0.29308009
0.07471584
0.19400092
-0.67191087
0.43517389
-0.51798122
0.35569438
0.24136574
0.27620627
-0.29343722
0.37256225
0.16205079
-0.32166630
0.17583358
0.28349534
0.13814480
0.38852185
0.83532113
-0.51395691
0.32781228
-0.52228538
-0.52268553
0.26111642
0.11917369
-0.52313867
0.13854564
-0.02744686
0.67380179
-0.60441760
-0.44536871
-0.54530393
-0.34046748
0.04590778
-0.36904487
-0.00316400
-0.02797240
-0.28958399
0.29910773
0.76353790
0.49824673
0.10758417
-0.16248736
-0.40600461
-0.56320064
0.06899694
-0.10696272
-0.10856194
-0.36710900
-0.32462082
-0.12738989
0.61867472
0.47999296
0.03016490
0.45453163
-0.03217848
-0.13083614
-0.27102978
-0.02894119
0.20428919
-0.21307927
0.56138159
0.05235523
0.41457163
0.01951806
-0.34063547
0.61399456
-0.53022426
-0.08736476
0.01494418
0.41557003
0.10750592
0.46244342
-0.19644707
-0.01202718
0.46579383
0.03942481
0.04727107
0.70849099
-0.18728022
-0.21112578
-0.85204368
-0.31568446
-0.04414111
-0.22184243
-0.07850043
0.02455022
-0.17776386
0.79098543
-0.17839715
-0.60586972
0.22993362
0.16759960
0.03086069
-0.13789348
-0.57042836
0.23239262
0.16164433
-0.64161995
0.04316635
-0.30350407
-0.19183805
-0.03118945
0.62781790
0.23733116
0.42953244
0.91925579
-0.89254817
-0.07524867
-0.12850829
-0.53517632
0.01009619
0.12722434
0.07720289
0.23999842
-0.04146145
-0.62950830
0.22760359
0.11845382
-0.24789781
0.82378175
-0.39341327
-0.19368549
0.16806281
-0.44442054
-0.44934375
-0.09318372
0.08507630
-0.29025690
-0.10901561
-0.34900845
0.41691198
-0.17212207
0.10015768
-0.56157701
-0.24615225
0.42088005
-0.13986200
0.07644662
-0.08236596
0.45098200
-0.48635564
-0.39724574
-0.12041042
-0.05865390
-0.11122676
-0.69010292
0.25762833
0.66333916
0.11333013
0.02098409
0.31961019
0.15110499
0.45163794
0.34391549
0.07964716
0.00171983
0.33712827
0.45649670
0.41146725
0.31451767
0.67842653
-0.00625239
0.46994716
0.51728779
0.62974879
0.48203769
-0.09970954
0.07730791
0.72406090
0.06017685
-0.38123517
-0.05724027
-0.43212393
0.47403636
-0.00913786
-0.26970411
-0.56125951
-0.20580325
-0.15783481
0.03243773
0.30663123
-0.69618549
-0.40945682
-0.44283564
-0.10787456
0.54384233
0.40208385
0.02383565
-0.03982269
0.07587390
0.32117698
-0.05077195
-0.45969155
0.02885650
0.79923528
-0.19400315
0.09960405
0.33588219
-0.17566492
0.27629742
-0.19957415
0.04484572
0.03579409
0.55700777
-0.07235888
-0.49852215
0.32574467
0.50129292
0.39576430
0.99692241
0.17072234
0.17668972
0.56252756
0.10662549
0.22916521
-0.49542810
0.03179328
-0.33327034
-0.03961406
-0.62266333
-0.16049821
0.19909317
-0.25445124
-0.27232083
-0.27298177
0.07820510
0.47552346
0.23392944
-0.13722034
-0.46723479
-0.27022147
0.35495883
-0.06410733
-0.08238936
0.24158531
-0.34308591
-0.39787844
-0.06848108
0.38620632
0.53580338
0.46679821
-0.36676857
0.68013847
-0.35948512
0.02417163
0.03404184
-0.07737243
-0.71137027
-0.19271720
0.02983447
0.12700574
-0.15447370
0.12290072
0.36739492
-0.48590716
-0.15409745
-0.64776048
0.38577597
-0.34243577
-0.16717719
0.20820581
-0.33283940
0.21316068
0.27323366
0.14284861
0.30600460
-0.50515201
-0.18006135
0.26791964
-0.14716255
0.20036755
0.30294251
0.28847154
0.44190977
0.14837161
-0.04179352
0.02952049
0.81625502
-0.18179089
0.39124298
0.17785449
0.50989562
0.41475646
-0.04267518
0.42769903
0.19312623
-0.40594585
0.17124229
0.23336631
0.38785531
-0.02468075
-0.12465223
0.20941669
-0.03117633
0.00123423
-0.24311305
0.02681439
-0.01247868
0.25170442
0.08024073
-0.00745219
-0.36160541
0.21254213
0.51428422
-0.51923076
-0.71865067
-0.32041699
0.53163692
-0.00142844
-0.07086460
0.42494158
0.38518763
-0.17126262
0.58208318
0.09345275
-0.57519633
0.07575759
0.13170816
-0.30348661
0.27214258
0.03563618
0.40048326
0.27769257
0.33939280
-0.14934988
-0.54359242
-0.58652179
0.77139620
0.16618661
0.12577185
-0.32633650
0.08486117
-0.70810659
0.12423569
0.03845813
-0.27125287
0.09911803
0.18975100
0.07297597
-0.07311867
0.47559912
0.48709003
-0.25888495
0.02383337
0.35013324
-0.73581415
-0.00853850
-0.62444636
-0.21234684
-0.35193831
-0.30006324
0.28338874
-0.43196322
0.06721256
-0.46312088
-0.18457759
-0.28451391
-0.20437397
-0.43485301
-0.25923387
0.01660669
-0.28599957
-0.14345922
0.34371308
0.13462583
0.27967629
-0.32802758
-0.07906585
-0.37163812
-0.36018587
-0.32447441
-0.13520931
-0.17229511
0.02356231
-0.30334562
-0.07228144
-0.22043063
0.33874733
0.42158525
0.27566931
0.21456626
-0.26338471
0.13926940
0.19328485
-0.47332469
0.21998009
0.20227873
0.35528068
-0.21854305
-0.10938037
-0.15940393
0.56751865
0.26074265
-0.20845692
-0.00243886
0.09007088
0.35089947
0.49460558
-0.16764808
-0.11309744
-0.43358615
0.47723168
0.18790401
0.36937610
0.37774478
-0.05972676
0.28949138
0.10865450
-0.46822227
-0.65805422
0.53179215
0.43934743
0.16422935
-0.77555232
0.04238690
0.52923868
-0.00418166
-0.20971707
0.02065536
0.18089431
-0.49924903
-0.35570199
-0.10610530
-0.22210968
-0.46037847
-0.63070527
-0.41499942
-0.92474583
-0.45937335
-1.13545935
-0.99712837
-0.83231418
-0.50396847
-0.58647408
-0.61004150
-0.59702369
-0.02384317
-0.96329857
0.13606644
0.04623066
-0.50645948
-0.36991954
-0.22701376
-0.36187775
0.45910804
-0.18568523
0.26555334
0.53791726
0.69720633
0.84373057
0.39622970
0.87396895
1.11679768
1.32603924
1.14088587
1.15144774
1.19068066
0.92333352
0.99763095
1.64574492
1.41654060
0.85847497
0.72715987
0.48441907
-0.28775100
0.49645296
0.40926449
0.34713660
0.07426510
0.28273289
-0.68430638
-0.67814346
-1.13996505
-0.46640383
-0.60495472
-0.88129468
-0.26936920
-0.89894714
-1.08246653
-0.90213807
-1.16537403
-1.10073749
-0.54238037
-0.50923109
-0.37720623
-0.56307684
-0.29091235
0.03327307
0.32386298
0.12690924
0.13625326
0.39641273
-0.01389190
-0.63701740
0.76524081
0.23776227
-0.01857081
0.13830000
-0.23652704
-0.05401512
-0.02756228
-0.14043413
0.42972177
0.40405928
-0.42298156
-0.39604385
0.43232220
0.47211546
0.24130768
-0.21303584
0.40685102
0.15812923
0.33130355
-0.30443681
0.66912619
0.06169840
0.16339135
-0.60437557
-0.46557293
0.61965034
-0.72336076
-0.54752352
-0.52317855
-0.60629343
-0.02830950
-0.02252858
-0.13762928
-0.38923212
0.09374838
0.38541414
-0.24449833
0.15807077
-0.56613193
0.83757734
0.22159287
-0.42476907
0.20703810
-0.17571689
-0.32989588
0.44435074
-0.02658563
0.02022610
-0.27664351
-0.58234959
0.59636377
-0.10268794
-0.25484426
0.22162946
-0.11942085
-0.18299928
-0.30913147
0.01431521
-0.37198325
0.37293002
-0.53163917
0.95526357
-0.45889119
0.26835584
0.21262681
-0.22119456
0.21880130
0.42008582
0.54129288
0.98079899
-0.04426038
-0.00490210
0.26515148
0.32408592
0.64646294
0.47419611
0.01334241
0.33666496
-0.04438588
-0.47877209
0.64849730
0.65093963
-0.23918315
0.11474310
-0.27673120
-0.14208649
0.21356845
-0.28549855
0.28295567
0.05587464
-0.21398816
-0.71446015
-0.04801197
-0.86787474
0.09406273
0.27723905
0.30002175
0.05120998
-0.08144843
0.13889500
-0.34391029
0.03315676
0.23386044
0.31532315
-0.68567184
0.05881266
-0.14397092
0.10704682
0.20320473
0.48602211
0.12293770
0.72249195
-0.33000876
0.63866652
-0.21565474
-0.20756929
-0.51034498
0.03266366
0.03626853
0.11201508
0.30648055
0.42171373
-0.19830543
-0.39228535
-0.15325024
0.32891534
1.03479053
0.52850137
0.81864417
0.36561452
-0.47067321
0.45837225
-0.00582058
0.17383365
0.10885808
-1.14714001
0.19571464
0.10023872
0.23389218
-0.26345609
0.13314690
-0.75691861
-0.35927641
0.64957993
0.44800434
0.02907866
-0.02352099
0.08050282
0.05433971
-0.42550258
-1.02962483
0.42468994
0.03160201
0.24405725
-0.04640435
-0.00256671
0.10781558
0.17603290
0.18047813
0.47138663
-0.31328284
0.37951543
0.52043789
0.18401688
0.01631675
-0.23459078
-0.82438356
0.64503713
-0.22468798
0.20154651
-0.39122059
-0.28483239
0.24644120
-0.15657396
-0.02184224
0.01643927
-0.83284431
-0.15701362
-0.17589500
0.68366737
-0.53834659
0.12144659
0.31651166
-0.78079543
-0.72577587
-0.10705526
-0.49642414
0.02902219
0.44296239
-0.00150830
-0.30379168
-0.43124788
-0.18320592
0.03575089
-0.23459635
-0.28704067
-0.02070527
-0.40836355
-0.05100518
0.08906207
-0.29251588
-0.47928074
0.32382183
0.54872712
-0.09847777
0.35613752
-0.45146539
0.37386972
0.34585634
0.04885776
0.57294134
-0.17263246
0.18673778
0.12985094
0.09015121
-0.71691460
-0.70287558
-0.09762636
0.21855060
0.22061959
0.37542604
-0.37009496
-0.35845710
0.12068585
-0.66121326
-0.16371508
-0.16902841
-0.10414610
0.25495760
0.44867990
0.21594581
0.19123597
0.13121664
-0.17880545
-0.23393375
0.04574026
-0.28314263
-0.03986998
0.14992583
0.53400658
-0.18191573
0.26701013
-0.44206667
-0.26398616
-0.19252219
-0.17537560
0.15866427
-0.47358589
0.58383504
-0.35298416
0.54898735
0.44330356
0.47765725
-0.18918723
0.30124989
-0.38506570
-0.30913844
-0.32918293
-0.32121124
-0.15620584
0.05532927
0.55802498
-0.39864828
-0.31270202
-0.38737754
0.04361928
0.12785840
0.16204632
0.39170389
-0.30177728
-0.45410461
-0.40097692
-0.23850776
0.02051083
0.46238347
-1.06866369
0.18315135
-0.15441536
-0.68960107
-0.84150138
-0.11054227
0.09613029
0.71750581
0.27201598
0.15805499
0.34641974
0.48148585
-0.13177111
0.11341827
-0.64664471
-0.12546154
-0.47964036
0.11079389
0.07382439
-0.12621692
0.21834829
0.23645712
0.08928927
-0.42815729
0.16800154
0.31787667
0.27345020
-0.37919847
-0.09878405
-0.21642007
0.60899328
0.40869770
0.37426160
0.28078127
0.03089002
-0.60020171
-0.25131034
-0.04799000
-0.28505976
0.46740706
-0.07749098
0.39392878
0.41266071
-0.00886044
0.24421286
-0.02261164
0.14312972
-0.44448467
-0.36151346
0.32321061
1.27060531
-0.07689407
-0.31828311
-0.33837433
0.55880827
0.38208227
0.01772797
-0.03580771
0.55919508
-0.61032673
0.66914830
-0.31585750
-0.07501042
-0.49304484
0.57271418
-0.05082869
-0.24918640
0.32591240
0.03369645
-0.39767814
0.35750183
-0.75560933
0.00534717
-0.08540286
-0.17821852
0.36315852
-0.97255204
0.17198714
-0.14857621
0.63185278
0.68338425
-0.13155420
0.84632391
-0.33666583
0.52347813
0.41670701
-0.11927044
-0.15510791
0.36485065
0.20715963
-0.29402831
0.34309918
-0.13405487
0.18167194
-0.34941363
-0.27687294
-0.01722593
-0.44346146
-0.02447860
-0.57239068
-0.16070186
-0.27200339
0.15988429
-0.00373096
1.02448789
0.19272085
-0.03771229
-0.29336636
0.13535626
-0.49406820
0.18572533
0.20009196
-0.00218661
-0.26411451
0.18103527
-0.67901198
0.23600677
-0.17582478
0.30775338
0.11369574
-0.15987313
0.14369485
0.41102928
-0.31995961
0.36545586
-0.19659846
-0.31126564
-0.52414290
-0.46885560
-0.09758614
-0.37898918
-0.48831016
-0.51617962
0.50674309
-0.24187526
0.33940184
0.53219011
-0.19973786
0.07956961
-0.38994933
-0.46380744
0.29597016
0.43960649
0.16188816
0.14262634
0.01749446
0.40181470
0.00162520
0.08389215
0.27660126
-0.06147333
0.32321383
0.17546266
-0.34600009
0.53920424
-0.06740255
0.27105549
0.12457646
-0.05123289
-0.14158358
0.32099705
-0.37775572
0.16847764
0.03916270
-0.14216987
0.31309583
0.30044095
0.07676829
0.02165563
0.01120351
-0.45853148
-0.01295868
0.19152332
0.19268459
0.21022576
-0.16760818
-0.12033122
-0.11428938
0.68389075
-0.29363117
-0.65944802
0.10285939
-0.18775648
-0.28495993
-0.56455714
0.10564884
-0.05952069
0.87944357
0.12375562
0.06798067
0.41531198
-0.12303946
-0.44259846
-0.36378010
0.39382199
0.51008487
0.67510439
0.43914092
-0.37876557
-0.04879313
-0.11410525
0.18352603
0.06254068
0.52758401
0.23154537
-0.66753673
0.37681025
0.16635490
-0.79242384
-0.43620462
0.09109749
-0.17789037
0.19207107
0.66004352
-0.19782944
0.27060036
0.15438693
-0.20680649
-0.17188227
-0.34003118
-0.09772683
0.16642952
0.05568302
0.04803419
0.38582908
-0.69910578
-0.46407522
-0.37601726
-0.00779819
-0.77152726
0.55876408
0.08489914
-0.41788352
-0.03112452
0.03755251
0.40170208
-0.36116971
-0.12821538
0.17404323
0.35341602
0.33051884
-0.21024500
0.38058333
0.13685409
-0.00610987
-0.07372791
0.30799699
0.40943353
0.48669034
0.15392359
0.09338164
-0.18935591
-0.31509008
0.27879020
0.03395135
0.40077109
-0.28840236
-0.10775060
-0.04894936
0.29843171
-0.45763773
-0.56476634
-0.10695813
0.46474345
0.41114461
0.64541820
0.03730349
-0.50979805
0.25663878
0.12061557
-0.20545073
-0.08912712
-0.03161098
-0.06878024
-0.17608970
-0.60012994
0.07131746
-0.11577061
-0.21476453
-0.08309684
0.35759311
0.00801392
0.26440157
-0.20128472
0.36184017
0.14143464
-0.80329958
-0.01174779
0.38766087
-0.37153128
0.19358633
0.19088244
-0.41522655
-0.32939964
-0.28094372
-0.43688895
-0.04686335
-0.33226806
-0.22407534
0.26531384
0.26697639
-0.35087980
0.20260115
0.33062832
-0.02083733
-0.18915727
0.07009117
-0.12394047
-0.06722097
0.00015436
0.33291611
-0.18921215
0.11099380
0.04312490
-0.58789338
0.02874955
-0.17878438
0.36197804
0.33681445
0.18131327
0.16636541
0.23047796
0.53272695
0.19534056
0.39378741
0.05242944
-0.15713473
0.23982227
0.04636134
-0.55357492
-0.34428473
-0.00929385
0.35364707
-0.28396836
-0.25275344
0.40450892
0.15540040
0.33036353
-0.44116898
-0.01260462
0.35104858
0.07150591
-0.20248123
0.20860973
-0.14252996
0.30830954
0.19278544
-0.08592218
-0.45246197
-0.25557727
0.17855333
-0.18592946
-0.30429445
-0.16765932
-0.11929105
0.34014612
0.20028370
0.27245184
0.08295575
-0.31973886
0.08665536
0.44940905
0.17205484
0.29214212
0.69786679
-0.08749651
0.07292826
-0.15738761
-0.32260290
-0.11065578
-0.17492123
0.95549966
-0.30527679
0.06325704
0.27694872
-0.17439661
-0.02161759
0.67199147
1.01485660
-0.07823852
0.18448341
-0.14799418
0.63470721
-0.23462241
-0.36946528
0.02970578
0.36173907
0.16411538
-0.01036933
0.09422175
-0.24137139
0.19845029
0.02355723
0.33742476
-1.28843265
-0.44168834
0.17058098
-0.37494364
0.48223366
-0.31754250
-0.11396953
-0.34935926
0.19955378
0.21804161
0.31315144
-0.13370449
0.15135032
0.10081931
0.21222756
0.61739240
-0.12963918
0.51392430
-0.22910520
0.02478284
-0.38897362
-0.23818126
-0.04166373
-0.19890435
-0.03504182
0.27307892
0.10731692
0.06102387
0.68189572
-0.35765320
-0.08516238
-0.02868428
0.06318476
0.07031385
0.02479782
0.21406334
-0.24231612
-0.19553397
-0.01791947
-0.06219977
0.08779419
0.01768810
0.07036781
0.24103296
-0.29407387
0.00027656
-0.40536559
0.36494611
-0.01083063
0.10021907
-0.75230488
0.00021163
0.13626835
-0.32532617
-0.49811875
-0.04436502
0.01201380
-0.01042875
-0.19380120
-0.11014785
0.03478736
0.07082909
0.20500449
-0.16505455
0.23912280
0.52458864
-0.57520984
0.47608048
-0.07525628
-0.07919035
0.50616180
0.26208194
0.52456564
0.11328970
-0.11939716
-0.54823796
0.51371331
0.81157512
-0.30273136
0.04176410
0.20056452
-0.06319124
-0.02198515
0.23724346
0.12501934
0.49125224
-0.60184230
0.37261405
-0.35851779
-0.17148462
-0.69670810
-0.29595248
-0.42537626
-0.22134232
0.39832839
0.34591876
0.34346977
-0.14911292
0.25576290
0.25889023
-0.37587491
-0.80154827
-0.28618553
-0.26948349
0.44290658
-0.05468768
-0.16996515
-0.16616547
0.68662766
0.34136715
-0.43924625
-0.22567270
0.46488058
0.98225363
0.78259923
0.74014866
0.18066881
0.67093105
-0.06097421
0.78403745
-0.06564206
0.05006467
0.52852272
-0.18596234
0.44647547
-0.48653567
0.51521566
0.30383487
0.07103446
-0.18112955
0.18283732
0.08058601
0.62520568
0.45859876
0.12650378
-0.91354704
-0.27902809
0.22462052
-0.24249856
-0.66123643
0.25437906
-0.55453012
-0.49532884
0.10673640
-0.02928924
0.72137783
-0.18325307
0.58401918
-0.33150102
0.15284915
-0.40891534
0.24645483
0.04979661
0.10629896
-0.19827002
-0.14755940
-0.23489244
0.17191196
-0.01846465
-0.49190943
0.97531452
-0.72773957
-0.01171908
0.17826101
-0.27920938
0.08181080
0.19621735
0.22016829
-0.20216792
-0.04940406
0.35605906
-0.17647626
0.02560794
-0.26012555
-0.09815030
0.20336945
-0.22642605
-0.39659698
0.14703474
0.43768621
-0.09874704
0.50571891
0.59606714
0.43251922
-0.06193689
0.03108839
0.04646853
0.18580891
-0.00113475
-0.20170031
0.24650836
0.12953691
-0.79043844
-0.03770609
-0.01221282
0.27500098
0.00806613
0.34698960
0.13472910
-0.27754166
-0.22840891
-0.14235429
-0.09015658
-0.24461077
-0.37193047
0.04566052
0.06696554
-0.33375011
0.50084126
0.01498800
0.29677331
-0.12977979
-0.41443906
-0.48545257
0.10338000
-0.00507144
0.31020781
0.03732211
-0.30307613
0.40154825
-0.27054705
0.04476850
0.05810374
-0.08773684
-0.38657797
0.16416944
-0.57251727
0.23203495
-0.56775795
0.46517684
-0.09422489
-0.12462411
-0.91380478
-0.02987034
-0.21631582
-0.15197750
-0.29117894
0.43520571
0.46721610
0.07508788
0.03826659
-0.75645719
-0.50143377
0.11318711
-0.24691169
0.12131408
0.95618903
0.08970033
0.52859848
0.07665269
-0.08459304
-0.40789045
-0.16782541
0.00138720
0.11077813
-0.26740238
-0.26422838
0.12952207
-0.33979924
-0.57994508
0.70725762
0.15127192
-0.01423895
0.04079520
0.08591131
0.33285262
0.39859722
0.28785401
-0.29759382
-0.53613335
-0.12386154
0.24311398
0.09677141
0.28023690
0.00570251
-0.52210865
0.23676109
-0.37361014
0.10286272
0.00158175
0.34967444
-0.05419562
-0.33235386
0.35483689
-0.10057849
0.14405897
-0.53964062
0.12267350
-0.13697161
-0.15388474
0.09940614
-0.26556580
-0.57582455
0.55055779
0.36058240
-0.28014004
-0.28443581
-0.40137913
0.35255226
