-0.16828458
-0.15410943
-0.22701191
0.28598740
0.30166694
0.02452149
0.14216285
-0.29858637
0.29603190
0.03406316
0.14625268
0.04971724
-0.19003820
0.10912111
-0.02755327
0.25926022
-0.11600520
-0.34473339
-0.09465043
0.07503178
0.02981658
0.34046374
0.27943099
0.29585517
0.30877809
0.13940014
-0.32542671
0.01026081
0.37957906
0.41797090
0.09001746
-0.28888629
0.06453266
0.19462257
0.22285535
-0.04707653
-0.29997268
0.04603490
-0.19606936
-0.16347636
0.14280971
-0.10923170
-0.00780893
0.03435677
-0.39958234
-0.05820125
0.24775207
-0.16743909
-0.18317399
0.16652378
-0.20351442
-0.14154871
0.00911095
0.04029815
0.08824416
0.26824405
-0.17979969
-0.07488977
-0.27630291
-0.20941220
0.07101919
-0.02989199
-0.05933866
-0.18325227
0.15337643
-0.18673835
0.11337941
-0.15691837
0.01380093
-0.22033598
-0.00872779
-0.29732375
-0.16506735
0.01152487
0.05111191
0.08013334
0.08205454
-0.13753475
-0.02209885
-0.16253336
0.10271489
-0.30005823
-0.27643610
0.05738801
0.05984107
-0.09515967
-0.12371865
0.18573105
0.21059994
0.26615677
0.03488815
-0.25302187
0.03057368
-0.34861871
0.06550631
-0.01676172
-0.14100521
-0.05792118
-0.13606952
-0.13145899
-0.25391865
0.17313382
-0.19782806
0.11607439
0.14355872
-0.39425874
0.07806282
-0.01900226
-0.07111771
0.21359171
-0.32884461
0.15140726
0.29166590
0.10031362
0.40332705
0.06917440
0.04407756
-0.27531087
0.01143911
-0.25449245
-0.22019103
0.10017937
-0.16596490
-0.05547035
-0.14125974
0.16883362
0.24657956
0.13388590
-0.03291003
0.00628417
0.17888271
-0.39261270
0.04837159
-0.03616624
-0.04427029
-0.08123138
0.13387816
-0.04739918
-0.07748219
-0.36802673
0.14868973
0.11185456
-0.02877793
-0.09607469
0.11040757
0.05950744
-0.11069697
-0.13284573
-0.04488136
-0.06909004
0.02241944
-0.08987501
0.01563845
0.13346202
0.06508750
0.06617422
-0.10315081
0.04203879
0.23303048
-0.19602211
-0.02041769
0.12149240
-0.30039813
-0.11039583
0.26688554
-0.03162169
0.13436870
0.21858926
-0.40915592
0.18768374
0.23932520
0.23794512
0.01042713
-0.08493692
-0.07552369
0.20903966
-0.01116047
-0.33926654
-0.03948585
0.02556069
-0.04651986
0.02363530
0.12449398
-0.00626753
-0.10587877
0.14118759
0.07016941
0.11331674
-0.21873156
-0.11408179
0.21173570
0.06132988
-0.26474680
-0.04681505
0.28893724
-0.09956331
0.01236812
-0.25367752
-0.14299086
0.31721156
-0.03768863
0.16030182
0.08706411
-0.12461604
0.40756692
0.28096410
0.18256146
0.23133809
-0.02688724
0.17036484
0.29762341
-0.05272999
0.07566673
0.19378276
-0.12786163
-0.35035506
-0.26533627
0.09046672
-0.15709574
-0.02480708
0.10660519
-0.13573821
-0.15973019
0.00746231
-0.05897549
-0.03337407
-0.23818200
0.15284068
-0.15120108
-0.27688050
-0.18531209
0.19851931
0.37415765
0.00765828
-0.04632870
-0.22262672
-0.08160001
-0.01193204
0.04204859
0.61671527
-0.00394921
-0.20974870
-0.17172582
-0.35724251
-0.13638941
0.11957079
-0.10981887
0.07237569
-0.30716454
0.26980994
0.01216981
-0.13605762
-0.02922216
-0.05096658
0.07218019
-0.11991239
0.00557332
-0.08474251
0.12223975
-0.14176323
-0.06018612
-0.02592891
0.07912040
0.08567059
-0.22574670
-0.09633728
-0.11294246
-0.32080746
0.13569209
0.11280074
0.09602379
-0.06498619
-0.05166930
0.21050472
-0.08636887
0.03248508
-0.01768930
0.07296623
-0.19599800
0.05448076
0.09824378
-0.11077716
-0.09529102
0.10744668
-0.02645711
0.11982111
-0.08866795
-0.22713856
-0.03633493
0.00953240
-0.36807578
-0.00198346
-0.02283693
-0.28470594
-0.36217818
0.13876520
0.18130106
-0.14528777
0.13694303
0.10028501
-0.18602959
-0.31540177
0.09880516
0.05572807
0.13701730
-0.13287350
0.04053810
0.35874759
-0.12646127
0.04785302
0.02137500
0.23146751
-0.08224464
0.32359612
-0.05199718
-0.03344563
0.04969355
-0.06764408
0.12800120
-0.19467428
0.03973024
-0.19096980
0.14885046
-0.22524153
0.09882554
0.01473814
0.17034045
0.07979557
0.13539949
0.23218652
-0.33248705
-0.01785823
-0.31445553
0.21076766
0.14645656
0.27756299
-0.32656343
0.12051747
-0.01291151
0.38442046
-0.30107482
-0.12262602
0.38442508
-0.17720476
0.18035256
0.11800218
0.01642881
0.08538815
0.17988172
-0.03436962
-0.51202346
0.12338293
-0.10526747
-0.16096823
-0.38096589
0.06089890
-0.18848994
-0.33231180
-0.07232432
-0.17931572
0.15354255
-0.09862484
-0.22770953
-0.02191344
-0.03228415
-0.25307218
-0.18446064
0.17731427
0.27666286
0.15302309
-0.18159218
0.03886366
0.07706993
0.03653643
0.02424526
0.04772515
-0.13515468
0.30751930
0.17034320
0.13714428
-0.08393525
-0.07874143
0.09951346
0.04332892
-0.06699783
-0.01283375
0.15089046
-0.02079680
-0.15729307
-0.18253916
-0.52266100
0.24742123
-0.41344383
-0.02643746
-0.02090565
0.04467369
0.19687924
0.37934683
-0.07213994
-0.11551606
0.07786958
0.25740614
0.26142083
-0.08349813
-0.29832916
0.41346055
-0.36754629
-0.49745070
0.02961710
0.06796113
0.18975263
0.01491281
0.02818774
0.11297612
-0.01835305
0.42915774
-0.07100508
-0.09649873
-0.07354099
0.09752544
0.12332764
-0.31129355
-0.07451774
0.08929849
-0.19972211
0.04118117
0.02521578
-0.12663406
0.44757438
-0.18123999
0.32103847
-0.19757079
-0.14787837
-0.35394211
0.19782665
-0.28407241
-0.00276376
0.20302360
0.09934248
-0.42250808
-0.01073991
0.15382237
-0.27300857
-0.19236240
0.21020049
-0.09532445
-0.06469169
-0.10231078
0.05714001
-0.26406219
-0.09634372
-0.09230846
-0.26318885
-0.09700996
0.58129144
0.12510518
-0.06654856
0.19774552
0.12885948
-0.04101383
0.13649717
0.36543666
0.05333740
-0.13778075
-0.13440866
-0.23535635
0.04674350
-0.17485814
0.17219388
-0.03703000
-0.18426466
0.02521184
-0.27865384
0.29010686
-0.07103152
0.04563017
-0.15584274
0.29684018
0.00281594
-0.01808375
0.15250961
-0.05348007
0.09076648
0.07992552
0.09726880
0.20022175
0.13667342
0.11771490
0.02968463
0.13169657
0.13621359
0.28140096
-0.11740652
-0.06627796
-0.22384455
-0.12603247
0.11986667
0.16461124
-0.37808978
0.26507047
0.07095313
0.14680885
-0.21852859
0.13155210
-0.32357040
-0.24570427
-0.43484333
0.04047487
0.35515724
0.32732637
-0.09411442
0.28057029
-0.00563535
0.19509702
-0.21299702
-0.10201781
0.01062870
0.08905216
0.14488100
0.20198604
0.00195714
0.21274189
-0.07506851
0.07570397
-0.09270457
0.10607970
0.13186421
-0.28722896
-0.04594753
0.18881933
-0.01232429
0.10868057
-0.53273804
-0.15400907
0.05539098
0.35552199
0.21174909
0.14109354
-0.13751751
0.03946554
0.06572594
-0.23979975
0.36491852
-0.12151792
0.05683779
0.12488930
0.06355059
-0.00595529
-0.19088506
-0.30762201
-0.03290198
0.01742037
0.08524361
0.12489966
-0.10401367
0.15459482
-0.37784517
-0.10258913
-0.29214000
0.04035179
0.01204248
-0.12550433
0.15998537
0.03019379
0.04252311
0.04691021
-0.03691427
0.11347661
-0.08850982
-0.07474062
-0.04856839
-0.25302546
-0.05457877
-0.09432435
0.16646372
0.32199708
0.23108736
-0.21739805
-0.00342189
0.07062241
0.33520857
-0.00796439
-0.01583858
0.00389644
-0.09358740
0.18121633
-0.24868707
0.00234358
0.09387460
-0.22751837
0.11792442
-0.02194242
0.30132706
-0.18571954
-0.13986352
-0.04574459
0.00207809
-0.02385735
-0.08811839
0.05966441
-0.35950708
-0.16722946
-0.44809934
-0.34950535
0.12686526
0.24963960
0.01245956
0.18875640
-0.05431907
-0.26803923
0.04736616
0.33050206
-0.07308643
0.20258856
0.23076013
-0.22637104
-0.06693022
0.30495855
-0.02216029
0.00591440
-0.17268276
-0.14696762
0.03665788
-0.09823905
-0.07143887
0.11785146
0.30672874
0.33298353
-0.11972536
0.15533788
0.04549177
0.02013705
0.05369839
0.04917690
0.45633145
0.14496234
-0.26798551
0.29315016
0.09421663
0.19045018
-0.26677299
-0.04142333
0.11931007
0.14190047
0.11820195
-0.27696628
0.05186661
-0.24443205
-0.11845131
0.10606971
-0.18754266
0.10734211
-0.13090554
-0.56775560
0.02229129
0.47596555
-0.08192273
0.24471418
0.08916372
0.38627173
0.18591478
0.15652285
-0.12501574
0.02211143
-0.11119220
0.20520052
0.23718950
0.11336613
-0.02920940
-0.18891173
0.19022834
-0.01472750
-0.08136631
-0.08696703
-0.54164949
-0.01361774
0.13523418
-0.01079140
0.13582830
0.14830176
-0.12332294
0.08577883
-0.31003167
-0.01901235
0.11213838
0.03646072
0.01694068
-0.25931603
0.08719181
-0.07255477
0.01993542
0.08492527
0.52825138
-0.02988749
0.17027018
-0.19158422
0.04576049
0.12255760
0.15997560
-0.02393086
-0.06059476
0.00510538
0.38150490
0.31051140
0.01655055
0.37829462
-0.43785391
0.13474079
-0.02454539
0.19284968
0.05032817
-0.21430110
0.06958948
-0.14010526
0.40855811
-0.03443413
-0.00291794
0.01126075
0.03383202
-0.18827889
-0.13323762
-0.15450482
0.34115052
0.33554558
-0.15003590
-0.20871933
-0.01336433
-0.06342869
-0.08638401
0.20992283
-0.37819801
-0.16007452
-0.29061754
-0.13762498
0.09781716
0.27765362
0.13949094
-0.07253496
-0.05993987
0.14460668
-0.22960645
-0.06029143
0.21326929
-0.19321555
-0.50003052
-0.13128360
0.01011126
-0.22493922
0.29021148
0.19542736
0.20527839
0.01550694
-0.29360147
-0.11940017
-0.02274481
-0.12092900
-0.05163480
-0.04258125
-0.31840912
-0.05524137
-0.02797609
-0.27485331
-0.19841383
0.03507759
-0.11776325
-0.07070069
0.32229592
-0.07046539
0.15916487
0.14349330
0.09372449
-0.00697648
0.02172322
-0.19574345
0.02043906
-0.11416430
-0.06467952
-0.01516663
-0.01649395
0.10717487
-0.06038448
-0.37068608
-0.20565178
0.00330018
-0.05985373
-0.13279957
-0.19053056
0.23102860
-0.12010843
0.13374305
0.15074551
-0.05209743
0.09718651
-0.03770306
0.13650036
-0.14607191
-0.19590833
0.22743998
-0.00932083
-0.26084112
-0.31442531
-0.11351411
-0.25572114
0.25022148
-0.32640947
-0.10663271
0.32665513
0.25114710
0.04560867
0.09816416
-0.13581752
-0.07681494
0.09429227
-0.04107197
-0.01259512
0.14346352
0.15887117
0.09974829
0.18210444
-0.16494445
0.23817996
0.11244273
-0.00406781
-0.06388534
-0.12218247
-0.14048095
0.37834447
-0.11385743
-0.24676910
0.05746263
0.27685474
-0.14968004
0.36419646
-0.19878597
0.29057423
-0.00161047
0.45744760
-0.09901332
-0.04507772
-0.15901077
-0.24798288
-0.39875801
-0.20283047
-0.07550908
0.02910847
-0.17207107
0.29502083
0.01186033
0.12052869
0.07319171
-0.22949375
0.07921479
0.15593268
-0.29631984
0.08159098
0.15936457
-0.14485128
-0.13178356
0.04414576
-0.26189930
-0.17381366
-0.46311731
0.26481473
-0.16935841
-0.35043753
-0.14963095
-0.05830271
-0.10138777
0.31632061
-0.13629504
-0.02277166
-0.27825267
0.08751065
0.44991310
-0.34187513
0.23554932
0.16133706
0.07441334
-0.13824673
-0.11300952
-0.12382864
0.23379468
0.02609292
0.15310303
0.01703579
-0.40571324
-0.15443111
-0.01274033
0.50082345
-0.18640956
0.14214857
0.13918420
0.14488811
0.17159151
-0.07102519
-0.30559536
0.32876828
0.11379501
0.12831619
0.23332925
-0.10362474
0.08749589
-0.37787452
0.09313129
-0.22137306
0.13299597
0.48679207
0.25153294
0.40372906
0.05542481
-0.12361586
-0.25509501
-0.35110451
-0.07593664
0.23700059
0.08115871
0.09115435
0.21755258
-0.25499211
-0.44850316
0.24273314
0.10351225
-0.01549362
-0.12437641
-0.13689019
-0.20693112
0.40107710
0.18732125
0.00197368
-0.15993667
-0.06852998
0.59497279
0.01340365
-0.43690490
-0.01329284
0.31066928
-0.07749903
-0.06390524
-0.27458514
-0.43473424
0.22394933
0.33736552
-0.15426987
0.08755018
-0.01150044
0.43112927
-0.18615616
-0.15492461
-0.22503798
0.27502324
-0.16150972
-0.36318475
-0.14803078
-0.13105870
-0.09897496
-0.05876081
0.03801686
0.14821775
0.14994102
-0.13302858
-0.09042279
-0.23287055
0.25886027
0.21938035
0.37201067
-0.00283621
0.22893547
-0.16829648
-0.14947758
0.25149746
0.10400902
0.04286623
0.16461522
-0.32606535
0.22367742
0.01585522
0.03611457
-0.27442440
0.16957811
0.22285495
0.01603657
0.22364991
0.18235115
0.21047443
0.15353776
0.15866718
-0.22932448
0.16651123
0.43183709
0.13106893
0.27974352
0.22641420
-0.09821171
-0.09101951
0.15544910
-0.54340172
0.16303503
-0.00965734
0.11510902
-0.08956168
-0.33302374
0.29460908
-0.24258138
0.37320755
-0.04123010
-0.12576008
-0.06518694
0.21612582
-0.34368705
-0.23671508
0.06535055
-0.04412076
-0.09770723
0.01946337
0.18516891
-0.14977283
0.21586755
-0.05948744
-0.46262293
0.21606263
0.49965565
-0.13414892
0.15783814
-0.00229632
0.12270594
-0.18023979
0.05611820
0.12700180
-0.20005430
0.17775837
-0.21206209
-0.10730757
-0.19788658
0.31582414
-0.02766348
0.11442364
0.13280582
-0.12123300
-0.06573318
0.05504281
-0.13384158
-0.02089060
0.60939549
-0.35268368
-0.15774940
0.00692445
0.08956649
0.17479688
0.22280627
0.04379706
0.07963089
-0.19164555
-0.45683829
0.01093132
0.01562476
-0.11924891
-0.06021373
0.04522411
-0.04167428
0.38020137
0.00453799
-0.04005072
0.43310784
-0.19957258
-0.15166072
0.10921308
-0.14828978
0.03645569
-0.07039450
-0.04317863
-0.08043871
-0.11680713
-0.16058818
0.03847884
0.27561405
0.16315249
0.07209747
0.10424351
-0.02122333
0.22429179
-0.08951385
0.08085147
0.13843033
-0.06262247
0.20489470
-0.17664402
0.11457081
-0.28629682
0.02407820
-0.21699026
-0.11946867
0.12925920
-0.15087975
-0.16867869
0.23680267
0.02451807
-0.22978195
0.04712593
0.14528982
0.12014828
-0.11860425
-0.24713285
-0.34100704
0.00596057
-0.46256558
-0.21010882
-0.13832331
0.46545353
0.41970924
0.06036885
0.09566274
0.25023526
0.02548991
-0.24458523
-0.16493259
-0.26962013
-0.31485836
0.11411678
0.03598675
0.24728209
-0.16165914
-0.01303815
-0.34391638
0.45761870
-0.05434819
0.27939978
-0.20032716
-0.00455213
0.42491678
-0.23211426
-0.16159446
0.21319648
-0.05651087
0.09701646
0.02012522
-0.36788750
-0.24764286
-0.11760590
0.04176135
0.22335273
-0.36597203
-0.32582580
0.19502797
0.23885779
0.08683424
-0.04593671
-0.34588684
-0.18716389
-0.09798214
0.04420254
0.43722047
-0.06906763
0.09214700
-0.44991915
0.04914529
-0.21728994
-0.24190243
0.13111787
0.31407032
-0.14023023
0.01329262
0.15230566
-0.21346173
0.15305107
0.09072919
-0.00865418
-0.03089647
0.37726062
0.06846322
0.03140700
0.34584538
-0.21916255
0.19429406
-0.23332421
0.18473991
-0.12739333
-0.18469247
-0.25626571
0.08675747
0.24438884
0.26778165
0.36823975
-0.25468278
-0.21217296
-0.32525558
-0.38871664
0.04213169
0.04501067
0.00210395
-0.21999027
-0.08228772
0.15937419
-0.42958657
0.17485691
-0.36116235
-0.32462185
0.27120823
0.06351692
-0.10611488
0.25268089
-0.27286554
0.01161805
-0.20153631
0.18814285
-0.17473608
0.02734599
-0.45496130
-0.06261436
-0.18478470
-0.00368624
-0.08677713
-0.19407703
0.01968001
-0.12176938
-0.24485387
-0.02955575
-0.01717374
-0.56015373
-0.00723371
-0.49525763
-0.30906926
0.04999239
-0.18530972
-0.25200750
-0.37674006
-0.41495746
-0.23736967
-0.00090649
-0.30985884
-0.35871713
-0.21829425
-0.22376856
-0.17890412
-0.19868959
0.01775148
0.40139378
0.18889326
0.20316594
0.41838190
0.49130281
0.51810388
0.79975008
0.46673659
0.80338951
0.31827298
0.67747266
0.15514293
0.46584754
0.04127278
0.21001101
0.52208916
0.06964065
0.25046230
0.09375436
0.18997354
0.06915942
-0.14155126
-0.21058193
-0.07912094
-0.24353475
0.22376022
-0.23766212
-0.41321296
-0.22305666
-0.42094100
-0.10093359
-0.22474170
-0.16176715
0.09515733
-0.06198640
-0.41499849
0.04998569
-0.34922275
-0.32649674
-0.56048496
-0.23797951
0.18200121
-0.13539994
-0.08981642
0.10677675
-0.01404309
-0.16129846
0.17682868
0.31290681
0.18051916
-0.27331995
0.05650912
-0.19567035
-0.01108718
0.01833226
-0.00171306
0.04313885
0.04187803
-0.00732414
0.25672606
0.00683071
0.06797367
0.33606750
0.02406015
0.10704524
0.28277968
-0.04502658
0.08029390
-0.11316453
-0.40196784
-0.21334616
-0.20340463
0.04207473
-0.22023372
0.13281357
0.06850456
0.22812151
0.20081241
-0.04906545
0.09102029
0.34333265
-0.16438956
0.03589652
0.10427574
-0.18148310
0.09601074
0.00575924
-0.20516067
-0.05930667
-0.01051216
-0.43048483
-0.16268556
-0.13725250
0.24218546
0.07885479
0.33653203
-0.15635019
0.12993197
0.05122396
-0.38254903
-0.43798269
0.41198661
0.02691136
-0.08712809
-0.35091772
0.13709896
0.27112105
-0.10878482
-0.13528379
-0.25251272
-0.14813992
-0.10850798
0.07579537
-0.06702350
0.12157505
-0.05109198
0.15775373
-0.27392142
0.24543309
-0.17515805
0.15793199
-0.23668647
-0.09528133
-0.02426187
-0.17771925
-0.04237759
-0.05849838
-0.27124020
-0.48462513
-0.23335745
0.25441696
-0.37996223
0.28109717
0.22818880
-0.51365440
-0.18836911
-0.16440690
-0.08338357
0.09049029
-0.04473800
0.00337372
0.05799581
0.21914839
0.23138843
0.07702382
0.46367369
0.82565201
0.58629294
0.23781924
0.39170624
0.52882291
0.33608303
0.16627019
0.16831907
0.17449027
0.13986490
0.29629603
0.31858543
0.31750921
0.20536365
-0.21634016
-0.21378847
0.14777544
-0.28408929
-0.42517278
-0.08943355
-0.47099581
-0.18850174
-0.13576477
-0.48776978
-0.72983278
-0.34387175
-0.33256507
-0.69790383
-0.40050738
-0.26003803
-0.41357946
-0.79798574
-0.41715400
-0.28008288
-0.19666660
0.08224202
-0.46302953
-0.06176721
0.01822538
-0.06514937
0.02502620
0.51904320
0.08369458
0.33619921
0.11014461
0.62302078
0.39881215
0.42552556
0.55898336
0.49805682
0.36222931
0.21055809
-0.26697457
0.39398668
-0.28489347
0.04018985
0.33243045
0.19078116
-0.02612900
-0.12545156
-0.11219811
0.14107310
-0.06030259
0.02700278
0.27386317
0.08100702
0.04241199
0.21368957
0.04168782
-0.25643351
0.14197729
-0.21884956
-0.15010897
0.04721092
-0.46864298
0.12562830
0.28895756
-0.05511408
-0.08085064
-0.00490778
0.00521937
0.10735562
-0.06807308
0.11640539
-0.02405889
0.17925705
-0.00629004
0.00539277
0.22143561
-0.17813848
0.07227200
0.05630381
-0.02183574
-0.01686393
-0.11806782
0.05698268
0.16079661
0.16993442
-0.04549896
-0.04668496
-0.30800653
-0.07848887
0.56534546
-0.20357011
-0.19670409
0.64815583
-0.18907049
0.13926270
-0.07540786
-0.18419320
0.09476409
0.12938319
0.10360388
-0.19419230
-0.00472377
0.25109313
-0.16768356
0.17228616
-0.24268755
0.26472697
-0.18812421
0.06160734
-0.35546073
0.35556746
0.19659216
0.29583891
-0.07339231
-0.04541120
-0.15686321
0.00830667
0.13419908
-0.04868759
-0.04975591
0.13634986
0.09811215
0.09898848
-0.56933267
-0.21849094
-0.10846201
-0.40504179
0.24608978
0.09758451
-0.00787394
-0.08880684
-0.13677635
-0.16458913
0.17571669
0.01425997
0.20703838
0.13799473
-0.13608314
0.01416198
0.13094829
0.21310208
-0.26112068
0.08836151
0.17184136
-0.14428806
0.03773270
0.19236845
0.11173601
0.30773055
0.07279558
0.02042901
0.14698186
0.07597803
0.20064130
0.12048185
0.04518736
-0.02520597
-0.28609292
0.42495290
-0.22862908
-0.18434805
-0.00463258
0.47745732
-0.28736287
0.05304119
-0.02368248
-0.15426274
-0.03511504
0.28722116
-0.00815630
0.08929853
0.03525956
-0.08368621
-0.37073230
-0.35465596
0.08399452
-0.13701584
0.12284637
-0.05328570
-0.06251930
-0.04736467
0.14676077
-0.59608025
-0.03145375
0.20217275
0.14837929
0.30727522
-0.13929378
0.24196448
-0.00535289
0.01514417
-0.06109988
0.23491011
0.09014682
-0.11463519
0.10750367
-0.15537020
-0.13658686
0.13701324
0.25725088
0.26091212
-0.01774209
-0.31293882
0.18276288
0.18993363
-0.20699735
0.28802452
-0.14531624
-0.13801328
0.10621934
-0.11122063
-0.14116714
-0.07537679
0.14375148
0.17826121
-0.04497446
-0.23278046
-0.12044778
-0.10298828
0.10798485
0.02280655
0.00079214
-0.04387082
-0.04207209
-0.18555220
0.06342352
-0.28513067
-0.24500717
-0.31096734
-0.13410942
0.19327358
0.27658261
0.08886230
0.07234418
-0.04525504
0.13404001
-0.40859715
-0.02190999
0.11891002
-0.26387961
0.05002724
0.09417293
-0.17049455
0.12543391
0.25856628
0.16720895
0.17658336
0.21368647
0.16852673
0.07674336
-0.34063310
-0.02455796
0.03313582
0.19593867
0.13874232
-0.06560122
0.27041910
0.06884625
0.09405237
-0.33865021
0.12042185
0.13226513
0.27645835
0.04653903
0.08640390
0.04521629
0.11674839
0.14195753
0.18213132
0.23381234
0.34357322
-0.02058953
0.10280919
0.44679252
-0.05047747
-0.01041533
0.06420725
-0.17747259
-0.05688541
0.33500921
-0.06911502
0.07867577
0.23433557
0.21758828
-0.20616531
-0.00539685
-0.03228256
0.19243781
0.15703841
0.01788172
0.02449472
0.06308086
-0.17838793
-0.34652336
-0.12276891
0.02300042
0.32478870
0.19809799
-0.02279708
-0.29105663
-0.05778800
-0.11183920
-0.08045453
0.21979062
-0.10591050
0.28022530
0.28176032
-0.16555133
-0.08596520
0.11190759
0.02176332
-0.13075497
-0.08074621
-0.00857029
0.04966170
0.28169778
0.23806176
-0.03049911
-0.18178463
-0.01806116
0.06837442
0.09191967
-0.13833864
-0.16445084
0.37822167
0.01649700
0.01817499
-0.05756432
-0.10021153
0.03208870
0.01599579
-0.31768703
0.09774428
0.15421453
0.22868032
0.13475550
0.43606529
-0.08230479
-0.02146506
0.13396715
0.02935928
0.00257582
0.18526173
-0.06685973
-0.15243476
-0.39459022
0.00004491
-0.02258031
-0.50549993
-0.12126658
-0.02511375
-0.16395679
0.09548653
0.06235869
-0.10446704
0.15259906
0.05242850
0.03120540
0.08699289
0.05044057
0.07683757
-0.02473500
0.05830653
0.04415642
-0.07355678
-0.30931168
-0.17895327
0.16561096
0.23336037
0.13900610
-0.15256578
0.28189964
-0.19707930
-0.06563416
-0.15762682
0.15198329
0.15841409
0.14841739
-0.04589553
0.28410913
0.50499971
-0.55551893
-0.20521580
0.07110739
0.13914439
0.01562027
0.10742589
-0.27305972
-0.50171708
0.05956091
-0.19796053
-0.13387214
-0.19378462
0.01300190
0.05876550
0.12309415
-0.00505107
-0.31277301
0.12840566
0.15549799
0.13567798
0.07612484
0.20098164
-0.09022541
0.23893616
-0.25584521
0.17716646
-0.16974072
0.11148841
0.07031722
0.07643312
-0.38791976
-0.16786789
0.20652756
0.24450515
0.45768631
-0.26448022
-0.04732014
0.02036069
0.30273332
-0.26408414
-0.18572781
0.21146896
0.10625203
-0.42394521
0.30253845
-0.34369807
0.00513760
-0.15324301
0.05242995
0.09424804
-0.21605703
0.15528087
-0.24646512
0.35658068
0.09141469
0.04131417
-0.14759192
-0.08924627
0.10280184
-0.15366037
-0.06546865
0.16436773
0.22318729
-0.07719288
0.20807717
-0.30236684
0.19647012
0.00914820
-0.34484301
0.29903924
-0.31564695
0.11883104
-0.15960150
-0.03770581
-0.25835517
-0.00438859
-0.03929883
-0.16485770
-0.01958025
0.30076354
-0.23104051
-0.02585409
-0.06822108
0.08356636
0.08352843
-0.00513235
-0.15577217
0.00965728
0.25322764
0.11583023
-0.00399775
-0.47498202
0.17495261
-0.00836349
-0.25851403
0.24644801
0.07306762
0.07738669
0.03799759
-0.19227044
0.04723632
0.16965656
0.43843699
-0.01658792
0.20907297
0.07305219
0.01440267
-0.00886838
-0.35267592
-0.04885135
-0.04943640
0.19649682
-0.20913920
-0.09804847
-0.27824539
0.04685417
-0.23289782
-0.10347883
0.00088166
0.03373366
0.06046623
0.31531482
-0.01478899
0.11086047
-0.10045651
0.03841284
0.01458396
0.18931984
-0.07555350
-0.24679241
-0.11907440
-0.23580721
0.25774998
-0.08101265
0.07870870
0.33748911
0.19320848
0.16894999
-0.10524291
-0.26505707
0.11699563
0.43176130
-0.00191362
-0.31172348
-0.05013743
0.16306853
-0.08188806
-0.45350101
0.14214734
-0.05356677
0.12650743
0.10514788
0.24679419
-0.43492450
0.12449487
0.23273347
-0.25377880
0.18964963
-0.07962957
-0.06586342
-0.13883483
0.22230378
-0.03405144
-0.11573733
0.09361174
-0.40026703
-0.13845046
0.13840580
-0.12188803
0.10411912
0.28255118
-0.06321801
-0.11909249
-0.14873337
-0.19358160
-0.05386631
0.00438036
-0.13960719
0.16411253
-0.01075513
-0.26456193
0.14971470
-0.12429140
-0.06348841
-0.33952908
-0.18409944
-0.27126131
-0.03549303
-0.08184432
-0.09431166
-0.27002062
0.08251769
0.20318317
-0.05685942
0.06720831
-0.16910425
-0.40033548
0.06238561
-0.12922620
0.14289191
0.00094518
0.04280044
-0.01862803
0.21239253
0.12439644
-0.25189677
-0.03927235
-0.16407838
-0.23732053
0.02747672
0.05056058
0.07415709
-0.10293399
0.08655407
-0.20299349
-0.01066691
0.49716077
-0.79606533
-0.40722991
-0.03533720
-0.16480089
-0.01297567
0.54963980
0.15114877
-0.34273086
-0.66502957
