0.10563545
0.06726603
-0.08254664
-0.06520425
-0.25577617
0.07293932
-0.24178325
-0.09506619
0.23028484
-0.40974182
0.18078482
0.06399240
0.31066641
-0.07786995
-0.56043194
0.06481970
-0.03583974
0.16501122
-0.16050607
0.22248101
-0.25793967
-0.08094435
0.08172378
-0.21204082
-0.00047477
0.09196079
0.25594567
-0.04865964
0.23434659
-0.42843029
0.19013739
-0.01222711
-0.10707243
0.08929080
0.27157578
0.11459978
-0.17906926
-0.18469644
0.06169141
0.40831214
0.22887292
0.39671837
-0.12268669
-0.20209996
0.36514872
-0.46544824
0.06128315
0.11548790
-0.20661934
-0.07136120
-0.33032787
-0.03501153
-0.39020319
-0.03173249
0.34398731
0.02369855
0.30495801
0.18654583
0.16398438
-0.37154029
-0.08761602
0.20559426
0.16184762
-0.08151853
-0.02803893
-0.03337450
-0.00014935
0.09480325
-0.08308749
-0.19154757
0.02732497
0.19366073
0.26231575
0.31952687
0.19987554
0.08849687
-0.16363591
0.26703613
-0.03983676
-0.54316447
-0.05356259
-0.43489348
-0.19407799
0.13792459
0.09697422
-0.05793824
0.18319736
-0.14106482
0.10910293
-0.24350517
-0.21381545
0.21110910
-0.03498488
-0.06469728
-0.28396074
0.39943984
-0.16960116
-0.14939959
-0.06213158
-0.24257463
-0.11076982
0.11749399
-0.15318182
0.07954085
0.00246974
0.10604178
0.01860118
-0.07862540
-0.15199081
0.26135872
-0.46723008
0.21411350
0.04827635
0.33148555
0.13996452
0.12206499
0.00254195
0.03017169
-0.10252720
0.27467397
-0.02990293
-0.27598081
-0.11402586
0.09799378
0.16241659
-0.31823608
-0.39607667
-0.03765765
-0.04663109
-0.34589406
-0.10174044
-0.39896615
-0.43897003
0.23430304
-0.18392229
0.24366232
0.01353974
0.04824813
-0.05914050
0.08415953
0.21705203
-0.24228480
-0.16097568
-0.08982531
-0.30883120
-0.08538351
-0.35512758
-0.00409850
0.10340523
0.16547385
0.01663883
0.45161586
-0.11077442
-0.19588750
0.19593842
-0.10363522
-0.28912452
0.16117754
-0.02441723
0.40846194
0.11734395
0.02024958
-0.01218510
0.02761908
-0.04455520
-0.26990400
0.07994439
0.26458350
-0.44157504
0.10348034
-0.13640992
0.29008399
0.20859414
-0.23384387
-0.21613259
-0.18972028
0.34707817
0.18382830
0.21895975
-0.10993639
-0.25515824
0.22051193
0.36945684
-0.36820674
-0.12940584
-0.06983566
0.12596688
0.28657865
-0.24849281
-0.01750683
-0.05088354
-0.08068107
0.15059956
-0.06693237
0.22486406
-0.10674890
0.00224768
-0.12515597
0.18240725
0.26949602
-0.13453158
0.20244801
-0.05168459
0.25062492
0.02406190
0.28438478
0.07222893
0.25418531
-0.02657759
-0.14498668
0.42363895
0.10580801
-0.01077790
0.43007484
-0.06087597
0.07606278
0.07478892
-0.08319884
-0.13855527
0.05318851
-0.00817377
0.22072509
-0.11210039
-0.14746051
-0.32719029
-0.46821652
-0.01528568
0.23088332
0.05028553
-0.22128640
-0.33776442
0.19598401
0.01028904
-0.14921583
-0.15259315
0.08092671
-0.02763761
-0.12700250
0.04352194
0.02670573
0.01095619
-0.07430414
0.25453388
-0.15076950
-0.07423346
-0.01610551
-0.07886377
-0.04734779
-0.00243459
0.15731324
0.12792808
0.39289165
-0.26067740
-0.12632133
-0.04022857
0.14896975
-0.27501076
-0.12041324
-0.44561454
0.06138103
-0.37485950
-0.38640646
0.19388528
-0.15232510
0.14551300
0.62884981
0.10143948
-0.08221487
-0.31452414
-0.02110925
-0.13396114
0.16635324
0.04670078
-0.08123243
0.30182812
0.21252600
-0.16404234
0.17404357
0.31267903
0.10513095
-0.02467680
-0.24866007
0.36181279
-0.17769565
0.06544579
-0.12119157
-0.11959892
0.22914996
-0.15967694
-0.10205326
-0.02764628
0.41109883
-0.20854343
-0.07061769
0.05164472
-0.38979085
0.31063706
-0.05849775
0.09882773
0.19644478
-0.14361438
0.05916607
-0.16129227
0.10583611
0.08233663
0.44731320
0.01019194
-0.58616571
0.14571986
0.17508310
0.11342842
0.36141775
-0.14666114
0.05945325
0.09900806
0.54803285
0.16032860
-0.12239086
-0.22531698
0.09705892
0.01210722
-0.17038891
-0.03068075
0.37063871
0.27701828
-0.09064801
-0.04181461
-0.14133314
0.34909627
0.03029829
0.23604473
0.14023994
0.20296264
-0.08834138
-0.10643505
-0.00000792
-0.41592363
-0.11554103
-0.03606005
0.13866736
-0.12339158
-0.04479770
0.24592303
-0.13709782
0.06026346
0.20303030
0.03266194
0.25660652
-0.02838189
0.18600292
0.16400082
-0.15595524
-0.03471285
0.05916878
-0.12604179
0.04246953
0.20514234
0.16451583
-0.00129251
0.25634206
-0.35541063
-0.00782812
0.26577366
-0.03026331
-0.01111562
0.42930361
0.04260657
0.03587460
-0.07236168
0.22720526
-0.49279908
-0.03565358
-0.15851150
-0.21812807
0.16128898
-0.11143573
0.06241223
-0.07726810
0.19331738
0.14508363
-0.07265684
-0.13304112
0.01631769
0.11678829
0.06149585
0.08566687
0.09205597
0.03659912
0.01079048
-0.13713835
-0.05810776
0.04010519
0.52521089
0.08810322
0.07655904
-0.10602288
-0.19708498
0.13655090
0.07562646
0.11645951
0.06437831
0.12526050
0.17888417
-0.08459014
-0.10651850
-0.23480997
-0.24270400
-0.08725891
0.06117941
0.09394175
-0.11219217
-0.06724152
0.23388787
0.27577344
-0.08327762
0.30873075
-0.17437936
-0.31445951
0.03919056
0.08542933
0.04911513
0.21970851
0.08815656
-0.10242879
-0.11722354
0.20314035
-0.13495871
0.13280916
-0.19729241
-0.11578173
-0.18873981
-0.28180957
-0.42376034
-0.29531122
-0.18936894
-0.00124795
0.13340240
-0.25592072
0.25715862
-0.34935459
-0.24235868
0.42933202
-0.44566668
0.03808516
0.04367990
-0.09120400
0.10854037
0.12140930
-0.07463075
0.45706121
-0.06988208
-0.18931844
-0.11606546
-0.20634043
0.25170245
0.13334602
0.03824481
0.05687669
0.25623484
-0.23000782
0.18889385
0.24426896
0.17211769
-0.10806289
0.05479445
-0.00349314
0.21971881
-0.15020124
-0.14915216
0.01925591
-0.06858683
-0.04261022
-0.28882340
-0.29817447
0.33516156
0.26460193
-0.23113527
-0.00306030
0.09619728
0.12199509
-0.05631662
0.18062115
-0.15024995
0.03647240
0.22034135
0.01098512
0.08839520
-0.30491510
-0.10642691
-0.11725829
0.26068954
-0.10398090
0.11649231
0.34842736
-0.07514422
-0.15565748
0.22110993
-0.05284924
0.07474426
0.17702075
-0.18908240
-0.18587182
0.08344600
-0.19889022
-0.06304167
0.29601287
0.01288098
0.07907166
-0.15617642
0.25022248
0.21049173
0.24602165
0.09252164
-0.17653858
-0.02868566
-0.46897743
0.06266650
-0.24060511
-0.20685472
-0.03228140
0.08717199
-0.50673948
0.10660283
-0.20022268
-0.24435343
0.13199452
0.21280933
0.06568304
-0.15805705
-0.04216531
0.00989754
0.12015135
0.27214405
0.38049688
0.06610684
0.06537153
0.30202898
-0.42900995
0.23406183
-0.10263448
-0.03233020
-0.11246257
-0.02630044
-0.02866888
0.17568835
-0.25828771
-0.07087641
0.24658740
0.19913102
-0.03260430
0.11594516
0.06382075
-0.13292542
-0.06504645
-0.03273635
0.18478097
0.25496995
-0.43538473
0.24180469
0.09374571
-0.13409333
-0.03629669
-0.24891624
-0.19823000
0.18146045
0.14062377
-0.05111407
0.10696335
0.33384270
-0.24202431
-0.03690543
0.04160440
0.14756921
0.22188925
-0.37808174
-0.33386224
-0.05896728
0.00576068
0.04405544
-0.28042328
-0.16273446
0.26684748
0.10754140
0.10433209
0.00116045
-0.09761724
0.06406700
-0.36532447
-0.00030659
-0.43597878
0.04925265
0.01610368
0.19976790
-0.09331233
-0.24822348
-0.33648889
-0.06401597
0.06360114
-0.27106789
0.17166944
0.11343835
-0.00173685
-0.24457857
0.11877764
-0.10135669
0.11358258
0.00715983
-0.03856811
-0.04370104
-0.12660408
-0.18679701
-0.24938251
0.23695695
0.06723628
-0.52506893
0.08528229
-0.03721564
-0.20681643
0.33024189
0.12396015
0.00685175
0.30012654
-0.00203120
0.02915706
0.00002023
-0.30826073
0.35702375
0.10630109
-0.06044720
0.31361236
0.23677766
0.28579769
0.07759292
-0.18257651
0.40945408
0.11636504
-0.18855641
0.21738849
-0.17602459
-0.07654280
-0.51113747
0.07134191
-0.27399306
-0.07703884
0.05989944
-0.43195945
-0.26121898
0.08447918
-0.13283504
0.27779786
-0.19795935
0.07629757
-0.02180970
0.03521648
0.03466670
0.18876752
0.20377425
-0.11158806
-0.23161849
0.07328738
0.03190451
-0.21313902
0.07998677
-0.06100973
0.12195745
-0.23238372
-0.25887255
0.30389392
-0.27189012
-0.02581851
0.22982892
-0.02533918
0.02961537
0.14736516
-0.22420377
0.08384324
-0.27549688
-0.14770511
-0.14403732
0.14440549
-0.36306805
0.10821375
0.01520714
-0.02441824
0.21096453
0.35485028
-0.14479100
-0.26979277
-0.11593881
-0.32863443
-0.35489193
0.25226258
-0.29188236
0.10580530
0.27294945
0.07302085
-0.30547843
0.16303690
0.29797134
0.18583673
0.11382609
-0.03418184
-0.24820436
-0.08496567
-0.02237994
0.04528210
-0.23632165
0.14011166
0.02430636
0.01189738
-0.33202727
0.61511631
0.01002736
-0.17915837
-0.34184494
0.06248702
-0.23827870
-0.09892260
0.02568207
0.09723188
-0.05449232
0.08945007
-0.20745630
0.17503345
0.28982125
0.04960924
-0.27512872
0.19728281
-0.07134864
0.11050461
-0.09846635
0.07631670
-0.38783026
0.07431109
0.15027917
0.16484866
-0.17660155
-0.24820922
-0.00550287
-0.06909345
0.15868782
-0.20816236
-0.28089607
0.05478497
-0.09471649
0.34217989
0.26787846
-0.14946508
-0.01041166
-0.01821063
-0.04764558
0.12304901
-0.07150680
0.15804670
0.42146566
-0.26314018
0.01805134
-0.21778642
0.18985787
0.43389366
0.33848378
0.24057742
-0.15786434
0.05222121
-0.24331043
-0.12123235
-0.27780139
0.02001956
0.34020559
-0.27229535
0.05826765
-0.05502537
-0.23987313
0.04364771
-0.10150816
-0.15696379
0.18577258
0.10334488
0.09819900
-0.07708660
-0.07146094
-0.24677314
-0.00503458
-0.04614882
0.22278005
-0.37254504
-0.20939272
0.11253691
0.12162397
-0.40426293
-0.12519581
0.06163109
-0.21031067
0.18738636
0.25849331
-0.13699384
-0.08836937
-0.06239495
0.08092863
0.12396001
-0.05423033
-0.11763375
-0.03688519
-0.11470441
-0.01302385
-0.07034600
0.04147466
-0.22509947
0.19010178
-0.17292348
-0.30843304
0.17194187
-0.43226095
0.09084546
0.16780417
0.36880432
-0.11795403
-0.15992972
-0.01396585
-0.16536439
0.23478871
0.08929991
-0.21139062
-0.41401022
0.05584930
0.29567355
-0.16958199
0.20553581
0.03606394
-0.30370721
-0.21533642
0.03310026
-0.10610534
0.08463714
-0.05698725
-0.17844334
0.08557097
-0.09010790
0.53512084
0.07524359
0.08393949
-0.05754886
0.01452286
-0.14087056
-0.23801103
0.12283732
0.21478608
-0.11606957
0.46027109
-0.04574679
-0.22711223
0.16744547
0.51956125
-0.08128758
0.15965524
-0.32669284
-0.12383637
-0.02274824
0.20126575
0.02937812
0.01641620
-0.20332986
0.36102601
0.12089830
0.10197976
-0.05566930
-0.17079494
-0.15880656
-0.05811115
0.06600137
-0.13285303
0.28115528
-0.21674819
-0.08162070
0.33853008
0.13700595
0.07583677
-0.03261407
0.07527040
-0.39482946
0.25546384
-0.19221949
0.10872849
-0.22864666
0.06860216
0.09485261
0.17569131
0.08212590
-0.39538906
-0.09695405
-0.13371852
0.50283204
0.04357998
0.19030696
0.16194917
-0.00076781
-0.05585767
-0.11993686
-0.11735846
-0.04502641
-0.13980364
0.08842364
-0.11439622
-0.07717775
0.15831319
-0.32274250
0.20860277
-0.00350141
-0.00039753
0.11405747
0.07605134
0.02773302
-0.21599378
0.34114736
-0.14387769
-0.10397006
0.17221723
-0.06174570
0.20886239
0.27913548
-0.43077136
0.10622679
0.16687676
0.10530742
-0.37439832
0.03530295
0.11699266
0.13566613
-0.20230065
0.06190566
-0.12630040
-0.24226674
0.07264108
0.19464196
0.19054770
-0.27322289
0.01156701
-0.27231183
0.10602989
0.11123164
0.19575528
0.20171443
0.28796084
-0.22757325
0.00674000
-0.19323850
0.13297589
0.11294592
0.15376592
0.07995001
0.02689241
0.23932794
0.06870628
0.02951100
0.02346825
-0.02080888
0.31307224
0.05416350
-0.15074326
-0.36248242
0.39180693
0.20173481
0.12291112
-0.09274903
0.28403214
0.13023865
-0.22206193
0.03738248
0.04500562
0.19894127
-0.11695619
-0.04436591
-0.16565860
0.32480828
-0.30796518
-0.13310723
0.17683749
0.29045757
-0.03910622
0.29541342
0.09211633
-0.31148368
-0.14690628
0.40256700
-0.34411462
-0.04439765
-0.06140753
0.05488291
0.09289533
-0.11627210
-0.03199447
-0.04004854
0.15376535
-0.28799248
0.39851334
0.16750288
0.20910477
-0.40153260
0.22147395
0.17692627
0.12870449
-0.19400159
-0.11649764
0.03212552
-0.19037551
0.04752827
0.17991974
-0.07429748
-0.03096725
-0.09551790
-0.22791671
-0.14482410
-0.35534966
-0.19213940
0.14576944
0.13333158
0.02580665
0.25110954
-0.20902091
-0.06139552
0.15058304
-0.17245961
-0.28429592
0.06875189
-0.07899026
-0.10978567
0.10462529
-0.07813129
0.05041580
0.16010071
0.30676590
-0.26993757
0.09459141
-0.08138839
-0.12005074
0.10016388
-0.30639549
-0.16780896
0.13508728
0.04050695
-0.20446690
-0.01737995
-0.43946752
0.02500260
0.06997822
0.09527835
-0.25480013
-0.15436596
0.26001649
0.02771464
0.18584338
0.16540193
0.00705401
0.02695445
0.02531468
-0.09792220
0.13547016
0.32409639
-0.17714394
-0.40606964
0.09563330
-0.35805577
-0.23357222
0.09339296
-0.08582717
-0.21715484
0.35820327
-0.03177434
-0.14881072
-0.37860970
0.03055798
-0.06844300
-0.33847475
0.12373831
-0.19742886
-0.04010913
0.31769563
-0.00973299
-0.05752186
-0.05469734
-0.31012605
0.03992269
0.13212073
-0.16325737
0.20444011
-0.04641032
0.12984235
-0.21181327
0.07271458
-0.24118146
-0.43525405
0.12076859
-0.04529910
0.21305511
-0.01645380
0.00921122
-0.49852759
0.07367783
0.16377449
-0.27134771
0.01949757
-0.20975249
-0.18456540
0.25691975
0.17084355
-0.10383816
0.31959681
0.56925438
-0.03019450
-0.02516049
-0.05658635
-0.33048300
0.05279612
0.16133564
0.32319608
0.05618567
0.16283531
0.17780700
0.20358608
0.18871817
-0.09376810
0.16794783
0.19035307
-0.11478985
0.12691927
0.29257221
-0.04227710
-0.20039788
-0.26043585
-0.08427208
0.15251703
0.05439641
-0.38177399
-0.20131423
-0.12848289
-0.05250323
-0.18031418
0.02881399
-0.09876897
0.04487888
-0.00734625
0.22257499
-0.12428728
-0.28691247
-0.11977619
0.02275041
-0.06308643
-0.23560771
0.14508861
-0.38859425
0.02709954
-0.65954762
-0.07842450
-0.14578809
0.28170137
0.08030006
0.06986910
-0.20146434
0.08817690
-0.01900181
-0.02884011
-0.37574193
-0.22768419
0.12676295
0.04707993
-0.10158096
0.13879977
-0.00313474
0.47599266
-0.22823015
-0.11005926
0.03023360
0.16346632
-0.08466035
0.04935870
0.32496503
0.14437838
0.17758053
-0.07788476
-0.01637232
0.01279699
-0.22661633
0.23333816
-0.14441511
-0.03434972
0.14649506
-0.51665717
0.13010869
-0.23674747
0.36007623
-0.30015739
0.23865425
0.25611649
0.25795765
0.13000305
0.16987729
-0.09316338
-0.05192683
-0.03521476
-0.01403719
0.12948325
-0.11396921
-0.08732057
-0.17650583
0.26736472
0.11058542
0.39344118
-0.31366966
-0.03717609
-0.17714707
-0.05925600
0.07792368
-0.23750523
0.32939061
-0.24776546
-0.24704802
0.17048515
0.09424857
0.15728210
0.38151073
0.05099457
0.20151075
-0.24270678
-0.38237735
0.19078399
-0.16970911
0.24884867
-0.22620938
0.07395120
-0.12280200
-0.19485807
-0.21681522
-0.32803902
-0.02064491
0.04486110
-0.08454073
0.00785420
0.21061513
0.00449979
0.14397848
0.21252222
-0.38004664
0.29371901
0.16781920
0.23581180
0.21636667
-0.07162833
0.00737221
0.17331490
-0.15761080
0.14472374
0.10335337
0.01077816
-0.07693504
0.30837739
0.11789436
0.18794152
0.35683051
0.01204017
0.30667707
0.15113393
0.07373410
0.36901478
-0.04005288
0.02517634
0.20176277
-0.10604875
0.15144587
0.30098881
0.12592666
0.17616095
-0.07626173
-0.11221244
0.23028469
-0.45331964
0.08882227
-0.10924646
-0.15660600
-0.04615783
-0.01780891
0.11333938
0.06543525
0.02816808
-0.09231895
0.03930723
0.02473374
-0.19996216
0.30567838
0.01979778
-0.09236493
-0.10450802
0.01818340
-0.09192445
0.09455766
0.08762966
0.04722130
0.08846088
0.16970000
0.19318361
0.05050242
0.10550476
0.33340752
-0.07695975
-0.15419224
0.10650140
0.16117472
0.50953800
-0.01503866
-0.02811002
-0.07703949
-0.19705155
0.11356965
-0.18396025
-0.19453171
-0.24297387
-0.06608240
0.01724749
0.02228825
0.11406931
0.31670469
-0.42754188
-0.02825454
0.11476167
-0.32954133
-0.23368447
0.25608471
0.41461833
-0.18166672
-0.23485765
-0.25470461
-0.15946202
-0.05610753
0.02833351
-0.42778522
-0.10585905
-0.06742175
-0.02047679
-0.15123184
-0.13353306
-0.04222211
-0.34842510
0.10944510
-0.12223939
0.22956275
-0.20808932
0.37721028
0.30357784
0.23474679
0.25706923
0.25896110
0.66213311
0.56315025
0.46356558
0.39721621
0.44962475
0.24246914
0.62889918
0.39059214
0.56322639
0.43365813
-0.07632634
0.52384061
-0.03327950
-0.02096444
0.44491903
0.38545284
-0.43585787
0.07655476
-0.35199495
-0.52569085
-0.49767976
-0.44927467
-0.37484131
-0.26574096
-0.08630247
-0.75458894
-0.35383157
0.03575914
-0.65409259
-0.41487346
-0.34470331
-0.15762997
-0.52481188
-0.27067954
-0.02672377
-0.05199526
-0.09552319
0.01938082
0.15824008
0.28259601
-0.39635577
-0.14905940
-0.06741552
-0.00499832
-0.07102164
0.02496200
-0.15574163
0.17319957
-0.08284510
-0.03570303
0.09404988
0.29328935
0.00840046
0.02370692
0.25507068
-0.05365041
-0.05182794
-0.02718694
0.08441287
0.09392559
0.00082133
-0.18122128
0.46234272
0.36493170
-0.10203140
-0.11533468
0.02963021
0.06896276
-0.11984249
0.12586659
-0.14456817
0.09916061
-0.03824694
0.09507150
0.30867349
0.05729317
0.14393761
0.38699862
-0.00825436
-0.24235378
0.24464863
0.04654703
0.03292892
-0.31789605
-0.19188493
-0.20382346
-0.09972476
0.04926110
0.09997018
0.27846993
-0.15086368
-0.10956117
0.17961679
-0.52275570
-0.12946160
-0.21107398
0.06511527
0.30068734
0.27502848
-0.39551620
-0.23442941
-0.08620562
-0.26082622
-0.25881348
-0.00404956
-0.16791448
0.02823095
-0.05991065
-0.07666882
0.22305344
0.61019683
-0.22391775
0.07223930
0.27742511
0.28562456
0.14686871
0.27159040
0.26151343
0.04547369
0.18355308
0.26573795
0.34700544
0.60368186
0.48707846
0.15947141
0.29497007
0.46056337
0.47717067
0.34663406
0.12218571
0.30435760
0.25213707
0.11667997
-0.05096870
0.04079624
-0.14249905
-0.06557921
-0.37440870
-0.54811473
-0.13060330
-0.32204793
-0.42785133
-0.58687578
-0.71805948
-0.65744810
-0.55605238
-0.74586210
-0.62041383
-0.53777909
-0.53334079
-0.29540550
-0.48516989
-0.53567603
-0.26125164
-0.40405361
-0.26071293
-0.19142903
-0.20916276
-0.23844141
0.25846101
0.03794138
0.28907841
0.38881561
0.45734489
0.47474183
0.18532546
0.18640560
0.18118027
0.44884727
0.73171301
0.60872238
0.22866333
-0.03014324
0.04610472
0.29368737
0.23634289
-0.15936705
0.28241664
0.14474203
-0.17296002
-0.38305647
-0.01746578
0.19018549
-0.02729773
0.27721635
-0.14749527
0.18780854
-0.12821039
-0.13118837
0.02506124
-0.02703578
0.07593909
0.17630980
-0.22715238
-0.07347511
-0.18312803
-0.31682561
0.28187875
-0.11463098
-0.32104304
0.09968625
0.06309765
-0.46882150
-0.32530583
0.00026356
0.08349324
0.06723066
-0.13662746
0.05689748
-0.32803395
0.14188170
0.11596649
-0.00931021
-0.00128726
0.15460958
0.09769644
0.21905513
0.39149937
0.39471006
-0.04052012
0.61150102
0.12559996
-0.10350365
0.04123126
-0.32474531
0.10358181
-0.10684812
0.02143216
-0.13383761
0.03889412
-0.32003354
-0.28338953
0.21235129
0.26481072
-0.29699764
-0.10556702
-0.28917560
0.19095716
0.10023869
-0.05875093
-0.05203278
0.17093773
0.00208840
0.07245338
0.16026632
-0.48535905
0.29261820
-0.12753746
0.07345220
0.06996766
0.29644564
-0.28505013
0.13980017
-0.06795576
-0.42030966
0.01824229
-0.05335548
-0.19005375
0.01739444
-0.30472112
0.46919337
0.35093255
0.22123533
0.24665957
0.53496902
0.13025808
0.08908603
-0.14780907
-0.15553627
0.12214928
0.34996587
-0.01578776
0.04039071
0.31108149
-0.12711735
-0.01675814
-0.08620130
0.16733846
0.13009561
-0.06072978
-0.07729879
-0.05987569
-0.08522586
0.22767808
0.05312348
0.15332048
-0.32901053
-0.07511068
-0.13146485
-0.07887716
-0.15349440
0.18540996
-0.32163911
-0.17765707
0.19642499
0.12610227
-0.12746827
0.13234853
0.17253588
0.10454499
0.34512485
-0.15562738
-0.01939813
-0.23161403
-0.10119940
0.45914258
0.01577708
-0.12847003
0.00753342
0.00269123
0.04871108
0.11992962
-0.06119057
0.08373469
-0.21761164
0.22343231
-0.17307044
0.22284257
0.12610088
-0.31674518
-0.04536020
-0.11584050
0.20973813
-0.03474349
-0.25585792
-0.30752383
0.05202031
0.00821916
-0.07428082
-0.22817425
-0.11756539
-0.22569540
-0.05174022
0.25553454
0.04741295
-0.07550345
-0.11808481
-0.01656459
-0.08298138
0.00894400
-0.28248248
0.28903472
-0.11125884
-0.00188318
-0.02939106
0.04674801
0.19487505
0.24490380
-0.51707735
0.04817473
0.09432910
0.00819290
-0.41137325
0.45454398
-0.13215152
-0.26456613
0.10441623
-0.03422539
-0.08090657
-0.39546029
-0.08116778
-0.28409046
0.26016067
-0.31881642
-0.07874669
-0.01294720
-0.14888706
-0.05996230
-0.05313832
-0.14887636
0.29844909
-0.10794796
0.09609516
-0.13390826
-0.20006334
0.29519920
-0.00476590
-0.15291114
-0.08755584
-0.12302915
0.11575619
-0.43358633
-0.18462869
-0.05724753
0.01385168
-0.14794030
-0.26401561
-0.32744214
-0.30194064
-0.22853287
-0.18174878
-0.31333527
0.26092339
-0.16082345
0.00192726
0.10604940
0.00887727
-0.25726641
0.04018238
0.06022247
-0.03072878
0.06934721
-0.19244728
-0.07073596
0.16341435
-0.14177813
0.35625703
-0.17835855
0.29426411
-0.21150604
0.13140285
0.16394761
0.04284621
0.32736347
0.07477750
0.08641256
-0.02781487
-0.14565927
0.04004441
0.17016102
0.14109939
-0.35219774
0.12486852
0.03667919
0.31281285
0.00423387
-0.13909991
-0.18429666
-0.19231074
-0.16499187
0.16553097
0.31846772
-0.19739743
0.17682091
-0.02131865
0.10282086
0.12771786
0.05604070
-0.48375686
0.15326600
0.21840447
0.10472297
0.26184453
0.06329108
0.06033918
0.11103603
-0.07485241
0.27984484
0.05884786
0.14587614
0.01379825
-0.16849524
-0.02486112
0.00355763
-0.23680122
0.12280782
0.17879684
-0.36939913
-0.21098660
0.27136276
0.18241046
-0.31190168
-0.36504660
-0.00475287
-0.20025853
-0.03625658
-0.04456618
-0.10567017
0.27257945
-0.16910504
-0.09135678
-0.02604361
0.28542172
-0.09366276
-0.17279769
0.15262132
-0.09233095
-0.16360320
-0.21966420
0.28398907
-0.16998957
0.31714518
-0.21140461
0.06489122
0.16739665
0.08861061
-0.08655462
0.31416590
0.18866678
-0.10150328
0.09922020
0.38328492
-0.22646239
0.08528846
0.00507303
0.06543503
0.02604918
-0.13299454
0.06453807
-0.01836311
-0.07120080
0.20961509
0.17278241
-0.10112709
0.19207919
-0.08386150
0.09354179
-0.31386981
-0.44283395
0.13521844
0.11552223
0.02587457
0.09675832
-0.10515001
-0.00527447
-0.01333033
0.04579654
-0.26282748
0.25770700
-0.28672814
-0.08250194
0.17515354
-0.19746493
-0.06245504
-0.16853582
0.03629325
-0.40593617
-0.11399277
0.01941168
0.18699252
0.26099152
0.28135712
0.04255834
0.07376218
-0.10894503
-0.13969837
-0.02200194
0.30195205
-0.24442174
0.26083045
-0.43579212
-0.31292844
0.05551878
-0.09102478
-0.02280462
0.12981285
0.02680423
-0.35639296
-0.08715979
-0.13509920
-0.02126475
-0.01626837
-0.04523144
0.29837547
0.35429043
0.11319719
0.07994259
0.06860709
-0.01896277
0.01134485
-0.09690318
-0.12143711
0.09552475
-0.08237957
0.09269122
-0.05811458
0.11969348
0.10933743
-0.21718175
0.12113726
0.13766773
0.27037287
0.12270076
0.12522216
-0.09753042
-0.11313124
-0.06408331
-0.02650752
-0.04750100
0.14032167
-0.10345366
0.03349319
0.04117166
0.17307941
0.19421891
0.38692268
-0.10291689
-0.13943053
0.21207806
0.22943104
0.20700796
-0.05520560
0.02331783
-0.04067231
0.10835457
0.05509553
0.16170908
0.25648150
0.30943271
-0.03761298
-0.11404495
0.05704324
0.04505449
0.41956803
0.06789105
-0.03603503
-0.01874973
0.07019531
0.16238066
0.03152077
0.05806466
0.16285667
0.47644843
-0.08281681
0.42995973
0.00419401
-0.03543521
0.39908003
0.15714724
-0.01138365
0.09439965
0.13330079
0.30064658
-0.34863424
0.09355823
0.25575586
0.21694167
-0.05116445
0.05793604
0.18521741
0.21217750
0.12852254
0.03920271
-0.06590719
-0.06853545
-0.27776607
0.06747872
0.31814589
0.21655757
-0.22904867
0.15282527
-0.43078046
0.55126876
-0.14518179
-0.33375749
-0.06330028
-0.10572622
-0.24961511
-0.09325183
0.00659985
-0.06416379
