-0.09677793
-0.16602893
0.13649119
0.36968989
-0.08849129
0.06145935
-0.07248953
-0.16492004
0.22953630
0.00749374
-0.21477077
0.09360250
-0.01170646
0.27437307
0.04601126
-0.21544186
0.19861745
0.26175803
0.19387951
-0.12394882
0.18397570
-0.18917137
0.15487081
0.22840941
-0.09129128
0.05514369
0.05189723
0.02854895
0.04048831
-0.24219111
-0.08109747
0.28887113
-0.15191384
-0.04141783
0.06267785
0.13461651
-0.04395885
0.00095718
0.12585545
-0.03900331
-0.00461020
-0.12552997
0.12722667
0.04708449
0.05153673
-0.13026340
-0.26172610
0.28007281
0.12781398
-0.08603809
0.04275313
-0.02971617
-0.03926808
0.22509876
-0.12027084
0.02672300
0.02224947
-0.02161857
0.16499835
-0.18458668
-0.00006352
0.22345531
0.04555186
-0.00656057
0.16414349
0.21242509
0.07961364
0.11409037
-0.07441138
0.17491169
-0.03767800
0.05891784
-0.15840907
0.10274327
0.07199299
-0.15757825
0.00854505
-0.06891423
0.01266457
0.18977398
-0.18605146
0.07388574
-0.01039412
-0.00091854
0.09403446
0.22872536
0.06583423
-0.10215406
-0.01862974
-0.00602343
0.02583742
-0.06537670
0.09393152
0.04934909
-0.14836860
0.08580165
0.00384200
0.11147582
0.24860661
0.04058353
0.06463085
-0.19762949
0.02591110
0.02505124
0.10899335
0.13021694
-0.00655999
-0.04665919
-0.15877587
0.02457294
-0.02248090
-0.08562577
-0.11258057
0.05130447
-0.24766379
-0.06794827
0.00113720
-0.12615332
-0.21323798
-0.18929244
-0.07309470
0.31483320
-0.03290597
-0.18415762
-0.03149507
-0.12949304
-0.07765266
0.07024966
0.15550003
-0.12171521
0.02496491
-0.18951096
-0.27463923
-0.17797988
0.36070615
0.01407680
0.05826360
-0.13281865
-0.02379435
-0.13977322
-0.03777007
0.16370269
0.15815114
0.14394103
-0.02381466
0.01087713
-0.08417610
0.17877064
0.06431401
0.03819148
-0.11458867
-0.20170320
0.23595462
-0.21769948
0.07565897
0.09378911
0.03422362
0.14879796
0.07876847
-0.05941092
0.05415043
-0.08028398
-0.30643038
0.05498337
-0.07544965
0.08409218
0.03614487
0.18814150
0.02084925
0.05817023
0.00429471
0.07533105
0.10066653
-0.09599319
-0.13039666
-0.14150282
-0.27551418
-0.12461198
-0.04440977
0.00261063
-0.15887053
0.03161003
-0.04221698
0.02806273
-0.06208725
0.19035406
0.17272538
0.01167481
0.21468452
0.06267312
0.27369354
-0.11593007
0.03136182
0.05989673
-0.00273401
-0.05516977
-0.01572144
0.11994940
0.04275598
-0.18755939
-0.14512955
-0.28947089
-0.16624147
-0.05259759
0.02134067
-0.07991017
0.06873986
-0.08489489
0.00670383
0.11684036
0.18643894
-0.16486782
-0.02106737
-0.16469789
-0.05322450
0.23375895
0.08107358
-0.06567305
0.02376707
-0.16641765
-0.33350772
-0.00393472
-0.08390946
-0.14922229
-0.10082130
-0.02987543
0.05794171
0.05525638
-0.01139842
-0.20176022
0.02175707
-0.05587680
0.08649061
0.13840414
-0.02276388
-0.04493424
-0.03540489
0.08112992
-0.16285023
0.19110121
0.19419273
-0.08675574
0.02524411
-0.00077868
-0.28870687
-0.08437527
-0.08116666
0.02751119
-0.18016508
-0.19023070
-0.04315963
0.05076565
0.00322795
0.17764586
0.00332692
0.14181372
-0.26815451
-0.12814467
-0.02706307
-0.03202295
-0.19227730
-0.23831988
-0.02876134
0.28480344
0.09744451
-0.17255168
0.05571720
0.08448035
-0.18398282
-0.24932022
0.11972290
0.14536527
0.00591098
0.30013474
-0.12001837
-0.12934233
-0.22637040
0.04825667
-0.10213181
0.14088129
0.00618147
-0.00362359
0.06416747
-0.12665593
0.00649644
-0.19596595
-0.12290071
0.06536323
0.14745399
-0.11177105
-0.13725589
-0.03888312
-0.12036675
-0.01739106
0.00920658
0.11441488
0.04385883
0.08209555
-0.11680126
0.19481915
0.21461397
0.09103134
0.00452511
-0.02069840
-0.02189010
0.13785042
0.04755871
0.22778184
0.10876585
0.08068176
-0.00530606
0.02886914
0.14288059
-0.03513670
-0.02238668
-0.08736798
0.02765038
-0.21052655
0.12053104
0.13564683
0.13559430
0.07385877
-0.05636172
-0.07916940
-0.08614546
-0.21566767
-0.05412810
0.20768277
-0.01845639
0.03795446
0.24450753
0.04143625
0.04021527
0.03397540
0.20832160
0.00631265
0.12048434
0.13695392
0.02112922
-0.08546838
-0.17340296
-0.12759469
0.22310994
-0.28148331
0.08512179
-0.16051351
-0.15889871
0.21824133
-0.02394383
-0.05716975
-0.00231915
-0.02876079
-0.07720892
-0.09316752
0.03586493
0.12251725
-0.03897614
0.14506395
0.33709790
-0.24611627
0.23484478
-0.20195660
0.17729004
0.01652841
-0.10684067
0.10462112
0.03786226
0.07643667
0.01685739
-0.13151708
-0.12106049
0.01078210
-0.03027757
0.06109738
0.05897747
-0.07768909
0.14630474
-0.01777725
-0.05404316
-0.03859888
-0.03314711
-0.01563325
-0.04204675
0.09308404
0.08159976
-0.06501905
-0.14928051
-0.25557340
-0.00159008
0.01832429
0.26936432
-0.06276235
0.15700997
-0.09587934
-0.11757593
-0.08265242
0.14858178
0.12781299
-0.00644955
-0.22287417
-0.03847322
0.20937826
-0.01248781
0.00836678
0.05826460
0.11717343
-0.06398526
-0.18186315
0.18102981
0.01434929
-0.13822409
-0.12500082
-0.09494242
-0.15298100
-0.07962842
0.02446803
0.01571107
-0.35920784
0.09535708
-0.01427350
-0.14245920
-0.38692205
0.12683930
0.03626236
-0.05967247
0.29209331
0.08444376
0.22341334
0.05486327
0.15066002
0.08055725
0.03920962
0.07611044
0.00525461
-0.12439504
0.00027762
-0.25271757
-0.02666338
0.14205217
0.18151154
0.10692871
-0.07635691
-0.17062208
-0.22764482
-0.00252575
-0.12875891
0.20488918
-0.06931718
-0.13050685
-0.11110918
0.00920473
0.04439966
0.16533385
-0.13165254
0.09118593
-0.19932300
0.03475294
0.05473277
0.32727042
0.09333899
-0.06184263
-0.21466728
0.11317512
0.01071450
-0.00568510
0.11579551
-0.02622391
0.01255105
-0.08268065
0.02969037
-0.12995814
-0.12099315
-0.08578208
-0.11705424
0.02420744
-0.10450156
0.01065338
-0.22200671
-0.12871253
-0.03156773
0.15059580
-0.07793548
0.08773173
-0.02428840
0.05705898
-0.18013596
0.03368084
0.14839137
0.15149517
-0.00446891
0.15466283
0.45170880
0.05792087
-0.00965178
-0.23021631
0.14562083
-0.11285148
0.12892030
0.09877380
-0.04441764
0.18194820
0.09436944
0.06893912
-0.28389714
0.11138327
0.16690389
0.07695394
0.08252838
0.10431952
0.00629803
0.13261001
-0.08967082
-0.16822298
-0.10679241
-0.01584757
-0.03336739
-0.12471014
0.02558558
0.16361935
0.04756590
-0.12720442
-0.03646726
0.02254218
-0.11669582
-0.14427066
-0.11099170
-0.06351211
-0.05973337
-0.05240439
0.15558744
0.08665204
0.11795037
-0.30123393
-0.11111107
-0.22842300
-0.25377470
0.00233589
-0.03307399
0.16746437
-0.13901982
0.02041158
-0.01352553
0.15837866
-0.01694597
0.11224281
-0.15207020
-0.05215681
-0.00055034
0.02585291
0.12820251
-0.22590169
-0.09825126
-0.30472684
0.14686183
-0.02303415
0.01733600
0.09448610
0.13636230
0.20523104
-0.24057307
0.23068907
0.04031762
0.05234239
-0.10934854
-0.14460265
0.00139611
-0.24546231
-0.11199640
0.00503786
0.04883725
0.02273372
0.17105916
0.04618007
-0.11172520
0.01873388
0.40187834
-0.18539207
0.05416896
0.01892636
0.01911344
0.02599134
0.26466525
-0.19551685
0.08552801
0.07455808
0.30210107
-0.08661844
-0.06683497
0.08758862
0.36221064
0.06582150
-0.16358099
0.20737082
0.04335910
-0.02482198
-0.10645685
0.17734069
0.08310359
0.32343886
-0.14533744
-0.09893141
0.05676081
-0.08282242
0.02370884
0.11182253
0.01404064
0.08355926
0.11880767
-0.18717984
0.03838043
-0.06225349
-0.07810214
0.02693630
0.15356006
-0.07972656
0.06754838
-0.06532205
0.12903950
-0.45570309
-0.14316611
-0.09123005
-0.09488110
-0.24612873
-0.38019248
0.02809421
0.03572201
0.01874176
-0.21660670
0.09496826
0.26506161
-0.05413787
-0.18115713
-0.01745346
0.10697551
0.05726931
-0.14601272
-0.12440055
0.14071320
-0.05058387
-0.09956774
-0.17232824
-0.08416076
-0.29081799
-0.02626351
-0.11274929
-0.11689992
0.02482558
-0.05091037
-0.05185341
0.04671047
-0.06713884
0.13221133
-0.11420477
0.13245898
0.00396996
0.09759082
-0.04430420
0.16014541
0.14875166
-0.10907096
-0.19523191
-0.22479841
0.15124526
0.18268013
0.11968375
-0.18770733
0.04754098
-0.06694863
-0.20981328
0.11853330
-0.06218853
-0.20050035
-0.02691410
-0.12194153
-0.10316871
-0.00404695
-0.15578284
-0.05637967
-0.07383240
-0.10787719
-0.07216248
-0.03492576
-0.02194844
0.01217345
-0.17855451
0.05294176
0.08104970
0.01808470
0.03239730
0.17811863
0.04754779
-0.05342472
0.07669564
-0.04006241
0.04805904
0.12292198
0.31107676
-0.11948899
0.04119039
-0.13077146
0.09554122
0.07053221
-0.26701088
0.08153737
0.16587901
0.15499855
-0.08769608
0.04539668
0.02329928
-0.17578256
-0.02763845
0.15591076
0.13417674
0.13698506
-0.05193047
-0.02548044
-0.01845131
-0.00949066
0.05184922
-0.06459246
0.00805904
-0.01105181
-0.10479285
0.01819393
-0.17442480
0.10182466
-0.11886533
0.09318020
-0.00643777
0.10499969
0.03695201
-0.31397350
0.09182673
-0.02744325
-0.16288142
0.16754231
0.35171258
0.10879145
-0.04460168
0.10570181
0.21194830
-0.03114798
0.06486697
0.09158726
-0.00234244
0.03737843
-0.03318961
-0.33258171
0.28414119
0.17931351
-0.10546515
-0.00345990
0.02976610
-0.10192133
0.03885708
-0.05109918
-0.02590762
0.14487588
0.20626565
-0.15818720
0.01619712
-0.21494203
-0.04375979
-0.26771966
0.08876865
-0.11897132
-0.00501705
0.08662661
0.00236233
-0.00800077
-0.11231927
0.20450860
-0.18200438
-0.03122134
0.19749662
0.19055975
-0.18694386
-0.07061952
0.03346382
-0.08637697
-0.00605208
0.09494797
0.05466601
-0.05694605
-0.09128303
-0.00614541
0.18142561
-0.07721926
0.08212014
0.20335855
0.20543899
-0.09297487
0.11279681
-0.05784451
-0.22813111
0.02414067
0.23821526
-0.24349751
-0.11560901
-0.02391292
0.06577686
0.16189283
-0.16498920
0.04120858
-0.09828661
-0.07525860
-0.18850875
0.15001307
-0.15884028
-0.01799289
0.23086539
0.20513362
-0.01718926
-0.04097242
-0.27120819
-0.04446441
-0.21253267
0.10591375
-0.00177263
0.08557218
0.01751250
-0.11950068
0.29110497
-0.00957174
0.12628270
-0.00647119
0.21474564
0.02271122
-0.14239418
0.14781116
0.11115675
0.09133285
-0.26120564
0.00825068
0.09910358
0.10651599
0.05616715
-0.00498663
0.32797329
-0.04501084
-0.10705926
-0.20477500
-0.05367819
-0.00490030
0.22970429
-0.03876280
0.00083232
-0.00410456
0.20083081
-0.18886011
0.12859662
-0.06341494
-0.05818076
0.14811295
0.24410616
0.07339438
-0.14118062
0.16974684
0.13793179
0.10411664
0.16542622
0.08264808
0.06328574
-0.03138721
0.01160814
-0.03429837
0.21303562
-0.04095940
0.05616125
0.21053815
-0.17258157
0.02976043
0.17038239
0.04758023
0.11021485
0.05399949
-0.05106420
-0.11916059
-0.05770296
0.00618169
-0.04617965
0.01223568
0.04792508
0.01915174
0.07952504
0.05582195
0.02270072
0.26760215
-0.05652515
0.10305647
0.06990781
-0.19987525
0.19241441
0.09356246
0.04434442
0.36847487
0.08451069
0.06499111
0.24689495
-0.01572318
0.06163591
0.20746860
0.21011685
0.19361363
-0.19361552
0.22022611
-0.09806347
-0.07296874
-0.01028904
-0.07144726
0.07228081
-0.16208142
-0.04134177
0.06284652
-0.13453853
-0.06604023
-0.05571877
0.13364119
0.29795835
0.08577711
-0.06395598
0.08930268
-0.00597674
-0.06436179
0.09042016
-0.16069914
-0.19307994
0.24699949
-0.10642734
0.17996086
-0.21702324
-0.08084093
0.18640069
-0.07387184
-0.04015067
0.07478375
-0.02161230
-0.07690208
0.12222222
0.03756583
0.02969292
0.01033650
-0.17871129
0.01467865
-0.03517678
0.07210516
-0.06106523
-0.04604750
0.20544788
0.25119500
0.12833075
0.01212368
0.15837328
0.04830051
0.07347316
-0.06481353
0.04539529
-0.01175694
0.11866877
0.07448714
0.05372116
0.00413590
0.00163330
0.20374150
-0.00923510
0.09879541
-0.01129508
0.16419890
0.07725673
-0.03100922
0.08456033
-0.12405893
0.02089749
-0.37934768
0.06034600
0.12948717
-0.02191531
0.02743152
-0.13265578
0.07331750
0.01793585
0.03910123
-0.14845445
-0.12925393
-0.10847369
-0.00514628
0.02629972
-0.06461675
-0.18194451
-0.26453175
-0.16012990
0.09295308
-0.05806060
0.09469066
-0.00944882
0.01362423
0.09571453
0.10124789
-0.11044712
-0.18427595
0.00830568
0.08833196
0.17134366
-0.28953941
-0.08125775
0.04713946
0.10044926
-0.13806753
-0.05079181
0.01981490
0.02263270
-0.17707600
0.02152834
0.06320835
-0.13647476
-0.04478675
-0.15166122
-0.15143152
-0.10791187
0.17678061
-0.01425276
0.07557518
-0.14158804
0.04418215
-0.13197485
-0.17370994
-0.12727062
0.08133996
-0.06347288
-0.00705018
-0.01164209
0.09821754
0.02292035
-0.15213777
0.04952242
0.02339485
-0.08128306
-0.12641770
-0.29394096
-0.11602167
-0.00526703
-0.03751589
0.03438308
0.02170980
0.06338472
-0.09115535
-0.13237580
-0.11949642
0.11730948
-0.05859917
0.24230261
-0.10619050
-0.00106938
-0.08726079
-0.07917492
-0.17324445
0.08754214
0.04443779
0.02398427
-0.01417494
-0.11775111
-0.02565997
0.03179148
0.17840296
0.17051972
-0.01665107
-0.10313381
-0.02191973
-0.01635826
0.28432481
-0.06743027
-0.02339337
-0.05671609
-0.00520048
-0.08919498
0.02754233
-0.13903981
0.31413195
-0.08559305
-0.12557977
0.08211235
0.06777673
0.09575943
0.28748115
0.06515320
0.01928880
0.01431402
0.21502667
-0.06616025
0.16605380
-0.01132324
0.09993013
0.05472441
0.02842739
0.03570462
-0.35235726
-0.07485585
-0.02580029
-0.10519852
-0.13226683
0.14988774
-0.10180806
0.17275243
-0.13176356
-0.11019649
-0.00918031
0.06690952
-0.03362852
0.04943675
-0.14358283
0.29655474
-0.23925027
0.03945779
-0.04265254
0.08774523
-0.10618660
-0.05959276
-0.01519209
0.01324948
0.09539775
-0.28008315
-0.26092015
-0.02218894
0.15101609
0.24929394
0.11706403
-0.10881364
0.02722582
0.11499734
0.02711263
-0.02562999
-0.13095530
-0.22081404
0.09030886
-0.18052212
0.14843131
0.02435964
-0.18534862
-0.13749084
-0.04877412
-0.07566685
0.04510420
-0.09960599
-0.14008798
0.02647294
-0.12918624
0.03761491
-0.30750781
0.00471470
0.13739800
-0.00356814
0.21391643
-0.02837832
0.14270045
0.16477086
-0.24005452
-0.08097165
-0.15038627
0.01032816
-0.06169007
0.19867508
0.17704419
0.16488904
-0.09906457
0.05425840
-0.21402676
0.03959312
-0.23438800
-0.22366850
-0.12858022
-0.13175424
-0.16991216
0.05148363
-0.03034309
-0.17493272
0.08640528
0.02457188
0.00391811
-0.18162200
0.05290750
0.19102484
0.02353755
0.01927523
0.03987346
0.00197522
0.16314857
-0.06741949
0.08896698
-0.02004313
-0.08749502
-0.16142567
-0.06771391
-0.05370697
-0.25159069
0.07334008
0.05914216
-0.30615694
-0.23020821
-0.07137397
0.14839471
-0.08567711
-0.03616111
0.17070271
0.07579089
0.17003983
-0.09519584
0.12380964
0.06263692
-0.01831626
-0.04262902
-0.02045923
-0.00768843
-0.03475124
-0.25377548
0.07679239
0.31947260
0.02455659
-0.01425544
0.09792573
-0.11883401
0.12930256
0.09002634
0.12936084
-0.19234654
0.22501996
0.04581802
-0.23749765
-0.02332857
0.09172763
0.13820092
-0.15607040
0.06613446
-0.16159264
0.04963167
-0.22879833
-0.00026967
0.03453024
-0.11404736
0.20397065
-0.10087414
0.08703765
0.00408474
0.12618193
-0.02832161
-0.06146314
0.15270628
-0.25455864
-0.08528782
-0.02590153
-0.17287338
0.19574820
-0.00143469
-0.33406428
-0.08031012
0.07061996
-0.06222083
0.19148108
0.30050461
0.07127351
-0.01997317
-0.26810928
-0.04935684
-0.26324222
0.15512983
0.14523199
0.08269309
0.16310839
0.38316639
-0.06740840
-0.07718218
0.00679220
0.08559576
-0.14379753
-0.09920744
-0.04629491
0.21113263
-0.05746990
0.13445249
0.12660812
-0.00668703
-0.03053543
-0.00646513
-0.13562108
-0.12485632
0.14482176
-0.10318725
-0.20787508
-0.03285598
0.06596284
-0.03648240
0.00160351
0.03918488
-0.05202076
-0.11564633
0.02643228
0.01677186
0.04504051
0.10638578
0.10784717
-0.01798456
0.07007456
-0.18399370
0.03554508
0.06659435
-0.00318113
-0.03000212
-0.25628239
-0.15175096
-0.01399885
-0.02752941
-0.04230498
-0.00211116
0.10842481
-0.07185974
0.14286155
-0.02959597
-0.00451906
-0.26940141
0.05879434
-0.08741931
0.06156654
0.13705415
-0.03158526
-0.07127136
0.05723642
0.24796727
0.03009930
-0.10958513
-0.14681419
0.02350137
0.05214651
0.03057711
-0.16790575
-0.12962994
-0.07064863
0.04918328
0.14335407
0.06320886
-0.22161123
0.12768045
-0.13912026
-0.19061729
0.10634816
0.13429898
-0.02684709
-0.06315293
0.27361639
0.10477868
-0.00909325
0.09580031
0.07547743
0.07167406
0.05849801
0.20152359
0.04860181
-0.04936861
0.01054932
0.09249611
-0.10469667
-0.08874106
-0.13089325
0.09127089
-0.32360461
-0.14875537
0.21676152
-0.15838226
0.19810260
0.09861924
-0.05793708
0.29810606
-0.31566047
-0.07897106
-0.11846707
0.20494415
-0.02963524
0.02221288
-0.02705669
-0.01650815
-0.23455150
-0.00475608
-0.15439668
-0.07339219
0.29312957
-0.17304613
-0.14930793
-0.14842171
-0.00722257
-0.23771671
-0.00750906
0.05583992
-0.00496078
0.21472029
-0.18196629
0.05701145
-0.11673105
-0.11890006
-0.11418254
0.12961519
0.14457299
0.18645504
0.29578017
-0.00367696
0.23864021
0.15791316
0.02733753
0.02602619
-0.04969700
-0.33142772
-0.11700689
-0.00158208
0.08320621
-0.00940553
-0.06927863
0.16143585
0.00351904
-0.08512831
-0.05829855
0.16574215
-0.10680128
-0.02475359
0.09207624
0.22316190
-0.13782705
0.04661518
0.23524378
-0.11499076
0.14751124
-0.17006303
0.06742964
-0.06072180
0.04789013
-0.14364727
0.08358832
0.00539104
0.06207431
0.02883423
0.14528926
-0.21807304
-0.14404040
0.14701210
0.09258802
0.11668626
0.03505690
-0.09552578
0.01264412
-0.15059426
0.02909679
0.03722537
-0.10296851
0.03395384
0.03937312
-0.06540968
0.01255209
0.03360627
-0.22464352
-0.13388299
-0.01356659
0.06019069
0.15549166
-0.05029805
0.03641205
0.16304662
-0.19105374
0.22554225
-0.24808389
-0.07313542
-0.04245550
-0.02045102
0.11462303
-0.23209931
-0.24528539
-0.05266742
0.18243114
0.18762581
-0.23881512
-0.03971313
-0.07155630
0.07836501
-0.08460025
0.09104383
-0.04333596
-0.22910190
-0.11208059
0.12819137
-0.08531901
-0.04758404
-0.20961749
0.00602198
-0.04983319
0.05343265
-0.06868663
-0.28623190
0.17814514
-0.02286741
-0.14848334
-0.03986552
-0.04466421
0.04242958
0.06875647
0.11339212
0.09562689
-0.15656116
-0.09779840
0.09457470
-0.10054641
0.00972485
-0.04906350
0.44474148
0.00713145
0.01092913
-0.09231226
-0.06935988
-0.01347897
0.01423924
0.03904438
0.10557821
0.36490759
-0.09723175
0.03916811
-0.01020522
0.24836953
-0.05017363
-0.02854859
0.17874813
0.10457421
-0.14790269
0.36555281
0.02015934
-0.12068533
0.11572479
0.02750417
-0.16730373
0.30518963
-0.02303700
-0.21246662
-0.10538365
-0.05723954
-0.00655438
-0.18447766
0.11471801
-0.03966964
-0.29133015
0.13730400
0.09356812
0.15898641
-0.03646007
-0.11809617
-0.08656242
0.14652816
-0.10697286
0.12958562
0.14052748
0.02740477
-0.00162868
-0.01401975
0.00906994
-0.00230405
0.13918453
0.10323662
0.20645775
0.10557476
0.22540733
0.02595487
-0.08176700
0.05780316
0.02971127
-0.19486459
0.00002141
-0.05764446
0.16844924
-0.00452872
0.14077254
0.18101533
-0.15056691
0.12850385
0.09604627
-0.02266810
0.14957678
-0.21528905
-0.00982142
0.17536901
-0.02472840
0.14281532
-0.07943126
0.25993717
0.18653064
0.07107135
0.19661739
-0.30044724
-0.03957939
0.08056268
0.05132371
-0.03195245
0.14093827
-0.12187567
-0.04928350
-0.18924126
-0.31911979
-0.23600347
0.02353347
-0.16915027
0.09981053
-0.12115231
-0.04762760
-0.00611712
0.08761742
-0.02756419
-0.02911722
0.03718248
0.05487183
0.06952965
0.11441583
0.12886205
0.11097833
-0.19560424
0.05824885
0.07967469
0.02584253
-0.07170783
-0.14692528
-0.18308523
-0.02003567
0.24751137
0.01520939
-0.16338460
0.09861064
0.03486615
-0.15566898
-0.02127246
0.11849796
-0.12996613
0.02643413
0.02132149
-0.47302093
-0.02874874
-0.08410146
-0.18711014
-0.24253476
-0.09869328
-0.19746202
-0.20658830
-0.22989254
-0.12558068
0.06621594
-0.13691211
0.15426291
-0.12491656
0.16628687
-0.18262266
0.08933265
0.17601127
0.25093482
0.32429558
0.00553531
0.16254972
0.09135759
0.15504890
0.06111334
0.13704479
0.30521322
-0.08250745
0.16959953
0.11480080
-0.01117721
0.11214777
-0.17916659
0.22090547
-0.27583199
-0.00155043
-0.21687499
0.03369649
-0.03514009
-0.07890796
-0.06951976
-0.00736276
-0.20822339
-0.12526935
-0.35093986
-0.31992353
-0.24350688
-0.15191945
-0.11863129
-0.05591558
-0.03549522
0.12069163
0.03285248
-0.29977199
0.36276473
-0.24410921
-0.00880974
-0.08179379
0.27280537
-0.05425675
0.00782295
0.01804448
-0.04410036
0.08348782
0.02072787
0.14342541
-0.11387819
0.21876664
0.26876137
0.27754132
0.04786355
0.04678840
-0.09453282
0.00058105
0.16093096
0.14498841
0.21261999
0.05174512
0.01359389
0.00361319
-0.00972426
-0.26795793
0.08794557
-0.13774308
0.01546177
-0.26544874
-0.00955081
-0.24401296
0.14623167
0.01836727
0.12314608
-0.06041090
0.04927518
-0.17825057
0.09318552
0.21297442
0.16428630
0.10146939
0.03959710
-0.03976435
0.00781409
0.16164633
-0.20377386
0.29878828
0.23979234
0.13638509
0.10987792
0.09448845
0.12964073
0.10915057
0.00642077
-0.10896388
-0.09609538
0.08528166
-0.16772246
-0.20242998
0.17318956
-0.30925811
-0.23301425
-0.42189838
-0.50302262
-0.44950691
-0.45823457
-0.31010505
-0.26103601
-0.40698968
-0.11315867
-0.32614878
-0.47063281
-0.27927629
-0.22809565
-0.30764726
0.08937813
-0.16505881
-0.21715804
0.00922526
0.08703418
0.01041623
0.23625263
0.40456619
0.16199939
0.16098405
0.28823738
0.37547673
0.50733363
0.45095186
0.42767543
0.47485739
0.22546548
0.32822478
0.25704568
0.12371533
0.33782889
0.14826195
0.17425114
0.25124269
0.04089695
0.18266254
0.06369030
0.14393446
-0.07210272
-0.00218502
-0.06996500
-0.16288218
-0.01525491
0.03796323
-0.18411832
-0.25889010
-0.02559287
-0.22293081
-0.11649690
-0.28469999
-0.10419289
0.17018690
-0.18437890
-0.13794948
-0.05932772
0.03678607
-0.20561854
0.16085028
0.00104580
-0.04133053
-0.33601813
0.02753770
-0.07213951
-0.08828545
-0.10393109
-0.34592224
-0.03666782
0.02166660
0.01347485
0.24963964
-0.33479139
-0.03460313
0.17731037
0.00632367
-0.08703808
0.04825769
0.20123439
-0.04859916
-0.11915345
0.05633867
0.19964273
0.27917614
0.03577561
0.00125362
0.04591294
0.01170827
0.06155990
0.00287208
-0.15206984
-0.11564916
0.20608850
0.11839287
0.07779175
0.11818352
0.01668366
-0.09945819
0.12112156
0.10525316
0.05122181
0.14258617
-0.27175231
-0.15248327
0.09853333
-0.07017690
-0.03839255
-0.16817116
0.09429182
-0.13363795
-0.13097433
0.16579452
-0.18546257
-0.18246316
0.15260537
-0.25836196
0.04473617
0.15051096
-0.09771869
-0.07905435
0.16207968
-0.02277963
0.08653770
-0.11215345
0.09071081
-0.08223996
0.02156408
0.15439446
0.11695945
-0.06671561
0.02492161
-0.08313763
0.08177852
0.11043793
-0.19688941
0.02433470
0.01389946
-0.07248634
0.01536911
0.13754088
0.08416960
-0.15719321
0.13419972
0.15666710
0.08548763
-0.16090975
-0.11704017
-0.03464538
-0.24252682
-0.01284021
0.15805119
0.14054629
-0.01363525
-0.02378097
0.05998857
-0.22743498
0.05171835
0.08380995
0.08025930
-0.12339690
0.04607190
0.22284014
0.02706146
0.20552236
0.16135190
0.17306777
-0.15543467
-0.04336148
0.00281291
0.06386530
-0.10186155
0.26019875
0.04590634
0.00802532
0.01037476
-0.17193521
-0.04191005
-0.07822692
-0.04520322
-0.35383732
-0.33453713
-0.37066838
0.00480741
-0.20739488
-0.08844716
0.04377754
0.01249916
0.04173479
0.15032672
0.05263014
0.07753902
-0.13739077
-0.03710477
0.05743373
0.23044831
0.12275402
0.15676273
-0.04685740
0.16828993
-0.02599839
0.04404166
0.44747234
0.00378915
0.01369070
0.08628959
0.37293033
-0.00895511
0.26446405
0.04254312
-0.04074487
0.10539617
-0.10802283
-0.00794329
-0.19360840
-0.11814217
-0.00990872
-0.24016292
-0.17691895
-0.28052913
-0.28411203
0.01610056
0.02214140
0.02033287
-0.04444733
-0.34965184
-0.23917506
-0.11642195
-0.19869958
0.21439984
-0.07987449
0.12565400
0.06038144
-0.07441220
0.12570098
-0.25055042
0.27416646
-0.08888715
0.02609028
-0.00149971
0.08427902
0.05356841
0.01991428
0.01482820
0.05610346
0.13507402
0.13967726
-0.02751571
0.09629840
