-0.09560209
-0.18283595
0.12830180
-0.13197594
-0.05186503
-0.02668126
-0.01360049
0.00696159
-0.00714069
0.02633675
0.05603305
-0.22888067
0.12193245
-0.01853344
0.15858050
-0.03458012
0.14245980
0.03992875
0.26376695
-0.31083660
0.12647022
0.15958717
0.04682237
-0.09071320
0.01038366
0.12735517
0.17608878
0.07301753
-0.01871306
-0.10711388
-0.10173650
0.09655378
-0.06910396
-0.19556341
0.10606637
-0.14907760
0.05807321
0.10986000
0.02717446
-0.09906466
-0.07475507
-0.16556261
-0.01386539
0.03556150
0.18691801
-0.06046206
-0.13529709
-0.08151242
-0.08257971
-0.06776097
-0.04918562
-0.00948433
0.18074161
0.14198652
-0.07208881
-0.02373256
0.07424306
0.06003634
-0.12201025
-0.10856989
-0.09108792
-0.12676208
0.29619255
-0.31376358
-0.06536366
0.30850976
0.05620370
0.12805146
-0.01438286
-0.13287115
-0.07132664
0.17393308
-0.04399384
0.03140468
-0.28606886
-0.06793540
0.14793013
0.15941191
-0.05487328
-0.15078227
-0.05853101
0.06228464
-0.02879760
0.18891741
-0.00155640
-0.09417465
0.05551470
-0.02735568
-0.10606502
-0.21722994
-0.13946449
0.18939069
0.08479563
-0.04096820
0.14570349
-0.09056426
-0.14151259
-0.02976408
0.09399662
0.26697817
-0.44179866
0.10575913
-0.05520002
0.29252487
0.03805709
0.25228236
-0.08205632
-0.03450780
0.13516792
-0.24566364
-0.07369365
-0.06847813
0.00850050
-0.03418055
-0.00704206
-0.02627028
-0.25917112
-0.16731693
-0.22607647
0.05014496
-0.22135913
0.28581184
0.21688758
0.00758838
-0.08409257
0.21855624
0.03854587
-0.05151970
0.04424614
0.18280150
-0.13241869
-0.03985768
-0.05795238
0.18860558
-0.21805331
0.17791232
0.14301639
0.09034331
-0.10813286
0.03168489
-0.15567324
0.40995307
0.33906837
0.18763065
-0.14098965
0.04865603
-0.09998076
0.01919229
-0.33553481
0.09103413
0.17882212
-0.04800803
-0.01666899
0.05234301
0.19583383
0.02965064
-0.01502023
0.10463451
0.07441373
-0.23391598
-0.08162723
-0.01944917
-0.11723044
0.13473759
0.09253514
-0.07677013
-0.11932989
0.01558517
0.28234956
0.10481480
-0.04106194
-0.03295338
0.08085572
0.01203272
-0.01457727
0.15559616
0.09210300
-0.02925287
0.10267579
-0.06668869
0.11033945
0.26008542
0.06090979
0.06668373
0.08836921
0.10415186
0.27736641
-0.13744093
-0.14521981
-0.16579564
0.15952615
-0.02707112
-0.19153605
0.02985494
0.06987946
0.02986575
0.09667916
-0.00059387
-0.16002566
0.00706274
-0.09565086
0.00070738
0.05043633
0.01548027
-0.24058524
0.01393297
0.09687098
-0.13866324
-0.05291451
-0.06860728
0.01752097
-0.01714212
-0.19359607
-0.23665091
0.01655402
-0.05802080
0.03759727
0.14387209
0.06768282
0.08779640
-0.04506265
-0.06829699
0.03425830
0.24028593
0.05898633
-0.07008012
-0.22188559
-0.11316684
0.02538829
-0.04271839
0.27553069
0.32996703
-0.12173471
0.01196328
0.01234272
-0.08023790
-0.09014167
-0.10325878
0.04751527
0.28482007
0.01422025
-0.19206167
0.01845850
0.05075496
0.00467040
-0.02556119
-0.11152744
-0.06146453
-0.31673428
-0.04196904
-0.11703979
0.06575341
-0.15173202
-0.24351630
0.35506514
-0.25427264
-0.00678395
0.04436741
-0.05450315
-0.13031120
-0.21230543
-0.08700424
-0.02972612
0.00556776
0.01178658
-0.02590191
-0.13721911
0.03877333
0.08495832
0.08034376
0.06489842
-0.22623142
-0.15879106
-0.04025117
0.25277211
-0.13591077
0.17582642
0.00506930
-0.17914940
-0.21259400
0.04555871
0.20711568
0.06797192
-0.28451062
-0.21665541
0.08205506
0.06334569
-0.15135822
0.18007776
0.14285466
0.10376863
-0.12475166
-0.05177399
0.18883567
0.21563538
0.06349080
0.00612077
0.04146419
-0.08408571
0.14324467
0.13234278
0.06974602
-0.01715615
-0.04174444
-0.30574686
0.04563067
0.13856710
-0.04642173
0.11539168
-0.06947639
-0.13621168
0.05259748
-0.02880157
-0.09761925
-0.11046990
0.01433631
-0.03750149
-0.20300186
-0.27636284
-0.25373237
-0.03800102
-0.25912395
-0.13795133
-0.33327987
-0.17003179
-0.11519758
-0.01861505
-0.09854648
0.02650968
-0.04970297
0.21228377
-0.08073516
-0.07620034
-0.04794308
-0.03850345
0.00533367
0.02963299
0.24229329
0.03105817
0.12470833
-0.10702494
-0.05212735
-0.18875296
-0.26211785
-0.01675820
-0.02236935
0.18677849
-0.01287694
0.09720360
-0.05011685
0.18128538
-0.07327934
-0.22642214
-0.03096289
0.00341370
0.10579612
-0.02543770
0.21699107
0.02850549
-0.03830742
0.09984546
-0.14274828
-0.22547073
-0.19244778
-0.07517559
0.21078249
0.24286118
-0.06655021
0.24645024
0.05146816
-0.02446377
0.09206786
0.04328572
-0.06365840
0.17265053
0.10717908
-0.09526895
0.08291825
0.11413953
-0.01553865
0.03137216
-0.18460656
0.08506260
-0.12683182
0.01708344
0.11860570
0.05469899
0.11102800
-0.02441318
-0.21797588
-0.13021094
-0.17175423
0.09720003
-0.05561191
-0.18761196
0.04494190
0.00261904
0.20922543
0.21021837
0.11227156
-0.09667033
0.14871629
-0.14144915
-0.16398023
0.02744809
0.02237135
-0.03097018
0.03795942
0.10739774
-0.06061150
0.17293196
-0.12608436
0.15438578
-0.13305311
-0.07509622
-0.15825142
0.14619322
-0.03073165
0.17989537
-0.23943177
0.03995250
0.12781147
-0.06351669
-0.16351079
0.03862585
0.05549351
-0.12308767
-0.13933489
-0.36824628
-0.04620188
0.03309451
-0.06705825
0.04892425
-0.17351073
-0.18926548
-0.13992137
-0.04617225
0.01542726
0.02519309
-0.15404390
0.06772616
0.20082255
0.19560175
-0.05334705
0.04894031
-0.12861573
-0.15780489
0.05730642
0.07339842
-0.00897517
0.07932144
-0.01627218
0.16190060
0.00919439
-0.01067901
0.05415481
0.11447657
0.06595354
0.01897620
-0.03365406
-0.07687956
-0.25363297
-0.10148875
0.03154918
-0.04485312
0.01208324
-0.10741107
-0.07478350
0.16449405
-0.29443459
-0.21579866
0.02570396
0.14000262
0.07521757
0.13755847
-0.20236552
-0.20963820
0.23513117
-0.05520842
-0.07388973
-0.09572837
-0.07747915
-0.29573586
0.02955194
-0.31568085
-0.05110529
-0.05407782
-0.15252067
0.00736023
0.30492336
0.08932679
-0.09090935
-0.04139014
-0.12981840
-0.07006940
-0.01496633
0.04807441
0.01791332
0.11584726
-0.20858895
0.16049028
0.09779268
0.03877697
0.22306304
0.12995493
-0.01977178
-0.14920159
0.08093682
-0.15020609
0.15774246
0.00517857
0.15914447
0.09192259
0.03874444
-0.11910834
0.08402479
-0.01882514
-0.18624135
0.07637422
-0.03978203
-0.01354000
-0.34290439
-0.04128208
0.03433719
0.15873389
0.02856974
0.14134003
-0.10807649
0.25167859
-0.07269462
0.08732047
0.08507643
-0.05957437
-0.02729270
0.03547068
-0.01760794
0.10214110
0.15776966
-0.21600796
-0.23133068
0.18690196
0.29226207
0.26513108
0.29654121
-0.13126014
-0.08578512
0.03250036
0.21391459
-0.13980329
-0.10526765
-0.00528620
0.04239475
-0.04312461
-0.16125730
-0.11191801
0.02934378
0.04064386
-0.06654166
-0.06513235
0.19076817
-0.08337007
-0.09930196
0.05578112
-0.10475239
0.10778037
0.04055714
-0.00648918
-0.10816551
0.10402703
-0.03497872
0.11051513
0.10639590
-0.23038047
-0.09367505
-0.13169887
-0.26294665
-0.19026770
0.09999314
-0.02496588
-0.21089765
0.02352414
0.05275256
0.00670332
-0.24180437
0.08622648
-0.12766005
-0.02046477
-0.21686350
-0.15599298
0.12485705
-0.01227212
0.24201938
-0.09410257
-0.13481763
-0.06048898
0.08768964
-0.02156114
-0.02413467
0.13480273
-0.10272741
-0.04301997
-0.16746324
-0.09505800
0.16924267
0.11763261
-0.01797840
-0.06124894
-0.06361122
-0.01179918
0.18863727
0.01177840
-0.16789370
-0.07952335
-0.28356085
-0.00774310
-0.06124793
0.00780633
0.13373536
-0.12835121
0.08858831
-0.10385840
0.01686390
-0.06225292
0.14161099
0.02105441
0.18147964
-0.14588882
-0.12261176
0.04005634
0.05732738
-0.15005923
-0.13868373
-0.13525468
0.06067455
-0.15276231
0.06668521
0.18584412
-0.17469914
-0.00878994
0.01815946
-0.20991414
0.29750612
0.02317294
-0.02510291
0.21937944
-0.02016604
0.02830661
0.09302194
-0.06575136
0.35782260
0.09247923
-0.11911800
-0.06831350
-0.07669190
0.14637371
0.09139963
0.22590180
-0.03369329
-0.02792266
-0.31544253
-0.14598009
-0.00504875
0.16651587
-0.02761255
-0.14918917
-0.02406914
0.21189533
0.00938238
0.02315729
0.02487048
-0.07768962
0.15901834
-0.13716105
-0.20764306
0.20547687
0.11422629
0.09353517
-0.37874967
0.19572658
-0.09701401
-0.12897654
-0.01689731
-0.12768235
-0.05241739
0.20564320
-0.01659716
-0.20409501
0.19586300
0.17649363
0.06280884
0.11146045
-0.13526031
-0.02296326
-0.17396202
0.06454467
-0.18003272
0.23722105
-0.23835884
-0.14246866
0.07862928
-0.01992789
-0.14060688
0.06715059
-0.12768459
0.24359005
-0.02598108
-0.32939546
-0.06432537
-0.05883682
-0.08628424
0.03928964
-0.21326240
-0.02940196
0.02605535
-0.04135304
0.01992834
-0.01203490
-0.07088425
-0.03341320
-0.06355725
-0.08943125
0.07805584
0.14147367
0.19350007
-0.02582306
-0.03163307
0.00393305
0.02398401
0.29873894
-0.03319361
-0.15677837
-0.09060180
0.05318461
0.01894008
0.23576196
0.28605105
-0.10207961
0.05534313
-0.03214864
-0.11602259
0.03792995
-0.07147103
0.06963888
-0.33574866
0.00037448
0.06495348
-0.11196284
0.28786841
-0.04267672
0.03925157
0.21219871
0.16988593
-0.12539036
0.15127893
0.14024711
0.08362436
0.07977521
0.25767066
-0.05451333
-0.07048313
0.10011068
-0.19231810
0.07892014
-0.01025390
0.24339418
-0.06684107
0.01520935
0.16709899
-0.04705136
-0.00672989
0.00038514
0.09135118
0.14221276
0.22633743
-0.01244037
0.06348326
-0.06136354
0.05185403
0.07181505
0.01848609
0.07587077
-0.28470327
-0.02680590
-0.16061863
-0.03932443
0.01524024
0.11419692
-0.05305844
0.03422928
0.03391425
0.10075882
0.13920909
-0.14940750
-0.39567109
-0.16371775
0.21496152
-0.14191703
0.04490720
-0.07198553
0.08157719
0.06026124
0.11266903
-0.10621725
-0.04987240
-0.07667010
-0.03145013
0.17769892
0.02592743
-0.23714645
0.22240712
-0.17363781
0.14302634
0.17939499
0.10820854
-0.05631718
0.06115164
0.14101489
0.02458587
0.23123680
-0.17383601
0.00979302
0.11952685
-0.03827241
0.07774536
0.11689557
-0.05650087
0.09041721
0.04338685
0.30242559
-0.09553665
-0.06086993
0.01378613
0.28028656
0.01841017
-0.12420221
-0.07587572
-0.02450298
-0.09561604
0.01158342
0.02871257
0.02705311
0.19974320
0.00242704
-0.05125567
-0.00631825
0.18894252
0.10807164
0.14477116
-0.16925917
-0.22020868
-0.00342533
0.03017062
0.17129625
0.15919256
-0.04740384
-0.13459280
-0.20628525
0.27874697
0.08621225
0.10907012
0.18453670
-0.11152122
0.08079345
-0.04999600
0.13061279
0.14219320
-0.12848773
0.00770307
-0.14631712
-0.01589197
-0.03077087
0.02857410
0.11748592
-0.05015789
0.25534136
0.07483277
-0.09357751
-0.20883396
-0.11556908
0.14169024
-0.04552600
-0.27505983
-0.11587300
-0.11492931
0.03635393
-0.03164549
-0.01674585
0.26872618
-0.04731022
0.08965894
0.19687869
0.11763934
-0.00407536
-0.15656714
0.17178218
0.23874395
-0.00604509
-0.04742254
0.00220532
0.11268697
-0.02093096
0.09602812
-0.03398517
0.08756456
-0.02623415
-0.03535177
0.10989231
0.00797754
0.14371977
-0.09732871
0.00109088
-0.04420865
0.01634472
0.02062405
-0.02808284
-0.18885506
0.03499343
0.18182405
-0.12137171
0.14170548
0.07226910
0.12663819
-0.04809055
0.27031090
-0.01596317
0.00687711
-0.04213000
-0.32419346
-0.16793121
-0.08687192
-0.04175362
-0.07044802
-0.05329245
-0.10822092
0.13971308
-0.13609725
-0.07280450
0.13487584
0.21699640
0.05424063
0.13136757
0.19752016
-0.09999161
0.03541156
0.06931991
-0.09558207
0.19180111
-0.08810204
-0.03406682
0.16221503
0.16511082
0.01963761
0.02679950
-0.09119286
-0.06558514
-0.08486990
-0.00324352
0.04781045
0.03224998
-0.16889706
-0.15977178
-0.04096182
0.01006081
-0.21402131
0.04369321
0.04257181
-0.19742800
0.05709666
0.05879033
-0.03843141
-0.02342072
0.28079891
0.18216977
0.20715826
-0.18284652
-0.09753909
0.23011587
0.12191525
0.17400309
-0.22833794
-0.06089197
0.05445554
0.14246144
0.09645696
-0.01038799
-0.10426829
-0.20412821
-0.04827167
-0.04412871
0.06327425
-0.15520625
0.04579920
0.07289355
0.20186408
-0.04386098
-0.14783465
-0.04984857
0.04963298
-0.07860176
-0.14303255
-0.28670821
0.09528393
-0.02106548
-0.16937978
0.10824854
-0.01096977
0.02034489
0.24955136
0.07471302
-0.04653259
0.06039017
0.01297036
-0.04239006
-0.29575487
0.10803610
-0.01574831
-0.02605350
0.10570335
0.00670659
0.05072376
0.14642897
-0.11153192
0.16461717
0.12892338
-0.06860037
0.10166659
-0.06958226
0.04491227
0.03336528
0.02627809
0.05359458
0.07539158
0.09640333
0.09789142
0.12107359
-0.23664886
-0.05755146
0.01975329
0.11798961
-0.00904976
0.00809971
-0.16621278
-0.02033614
-0.21137807
-0.08306262
-0.10183852
-0.21586982
-0.06139330
0.02737421
0.05076978
0.08267534
0.05460254
0.07802187
0.04214530
-0.04643816
0.12893569
0.07707618
0.12659475
-0.16309819
-0.16647873
0.12219004
-0.11618946
-0.15394792
0.10262802
0.06867383
0.02023616
0.08797716
-0.04901768
0.14438784
-0.13854594
-0.01633171
-0.25173120
0.08995290
0.12949511
-0.32794769
0.07690372
-0.01379092
0.23459473
-0.05620633
0.01134486
0.10333153
0.16424171
0.05138967
-0.02273081
0.04349899
0.13504782
0.25352203
0.09271307
0.13942470
0.29613892
0.06281302
-0.21763736
0.19097241
0.25690670
-0.00385542
0.17390555
0.00401513
-0.08763489
-0.17946272
-0.08452307
-0.09426422
0.01037892
-0.05708264
0.18613178
0.02987531
0.01057832
-0.05512404
0.07957880
-0.08517255
-0.04301059
0.08273500
-0.15100575
-0.12191853
-0.00192270
-0.05002616
0.12897424
-0.15374461
-0.07120433
0.05226586
0.06873774
0.06774467
0.12118458
-0.17048786
-0.00208225
0.03567045
0.28156894
0.07105306
-0.10591415
0.14190365
0.30524207
0.05148077
-0.19932233
0.16171140
-0.28752467
0.25475706
-0.15625358
-0.00805951
-0.10073458
0.01517572
-0.01852900
-0.08227452
-0.04476996
0.15728565
-0.01484328
0.04758806
-0.13096654
0.06215078
0.00232551
0.00264037
-0.09273196
0.07715981
0.02135631
-0.07674042
0.01929938
0.12849984
-0.09494008
0.00370315
0.10921377
0.00374443
0.20764787
0.12580565
-0.10457378
0.02970314
-0.18759326
-0.19859473
-0.14521563
0.08473526
-0.10974617
-0.05556684
0.10693510
-0.02527918
0.12833875
0.02379075
-0.02718867
-0.09701597
0.13908615
-0.18891733
-0.10518055
-0.27166148
-0.09607721
0.05778377
-0.02954836
0.19750956
0.28214574
0.14102444
0.12178686
0.17767036
0.08128633
0.02281328
-0.00378094
-0.09560390
0.17033264
-0.10453622
-0.02481424
-0.04955240
-0.04318991
-0.19349458
-0.14193743
0.21161245
0.00587282
-0.11941788
-0.14169801
-0.02853307
-0.00932351
0.02586941
-0.01202452
0.14330459
0.05212806
0.09723507
-0.08285199
-0.01475350
0.10072539
-0.18278896
0.15023416
0.21972459
0.11434123
0.01556451
0.09491882
0.12427025
-0.08223058
0.08635529
0.05690429
0.24686982
-0.00405902
0.03767014
-0.19444085
-0.00419803
0.26804096
-0.21313708
-0.15870813
-0.02259242
-0.02664823
0.03907500
-0.03220908
0.02654035
0.03632732
0.02192758
0.05045180
0.21872116
-0.15680518
-0.24806849
0.13630705
0.10401866
0.25034542
0.03011460
-0.08758305
-0.08628500
-0.22780500
0.11063185
0.13321897
-0.04985780
0.10491722
-0.01828894
-0.00629990
-0.03009875
-0.10683499
-0.01942658
-0.19076997
0.15725659
-0.01796359
0.16715722
0.00363730
0.14567835
0.26845002
-0.12009881
-0.01687631
0.03255717
-0.13995601
-0.13557557
0.11411658
-0.13531053
0.00910549
0.00161441
-0.07458661
-0.09884652
-0.09668467
-0.01767780
0.03670660
0.00099263
0.01257453
0.12676369
-0.07184140
-0.18162060
0.04255029
0.13356668
0.31604801
-0.00697780
0.13443350
-0.11050391
0.11090201
0.05165872
0.01174540
-0.14957732
0.13965780
-0.31445108
0.00822168
0.10926698
-0.06034632
-0.01235010
0.15221885
-0.16795663
-0.08738484
-0.04555536
-0.03778932
0.03206744
-0.25164357
-0.18325225
-0.01675538
-0.01893080
-0.24732237
0.14030042
-0.06294513
0.05872482
-0.05627963
-0.14469478
0.16504005
-0.00357830
0.17657793
-0.15541966
-0.14523807
-0.22455802
0.25412180
-0.05561842
-0.10257405
-0.01305805
-0.16476272
-0.03405956
0.17963229
0.18429171
-0.09186206
0.05614578
-0.24451199
-0.16482339
-0.01365095
-0.03404031
0.09042637
-0.23094781
0.08383384
0.06685510
0.14895839
0.04308883
0.33271563
0.08432084
0.00486127
0.19450487
-0.21432227
-0.05405966
-0.13261822
-0.03934998
0.18501790
-0.24657137
0.13953880
0.01134188
0.07141038
-0.06033049
-0.06846760
0.05302570
0.06065417
0.07671883
-0.27237998
0.03244654
-0.17255845
-0.12220750
-0.06011145
0.04874945
-0.01585498
-0.25750086
0.02831376
0.18767133
-0.13629488
0.10949522
-0.12959857
-0.08564758
-0.13721246
0.00685758
0.07009506
-0.03171933
-0.14456814
0.10836356
-0.10962597
0.09344230
0.17876770
0.17198288
-0.01980519
-0.16573659
0.01260189
-0.08774737
0.05131015
-0.04914827
0.03448110
-0.40124078
0.28103163
0.00489339
-0.12672521
0.16549460
0.07436452
0.02586273
0.25932907
-0.17781181
-0.03091262
0.04951644
-0.23777645
-0.02374563
0.15096419
-0.08125970
0.04105024
-0.14372474
-0.09022300
-0.09928986
-0.28890770
-0.09955381
-0.17532435
-0.13012765
0.22071598
0.09713100
-0.12603036
-0.12378711
0.11041738
-0.02039986
-0.11186460
-0.11791345
-0.16058897
-0.20409568
0.26554817
-0.02501662
-0.14997637
0.20118505
0.16473933
0.17055927
-0.23640636
0.19845502
0.03509836
0.16950199
0.09504644
-0.04335903
-0.08851279
0.12264581
-0.10816632
0.28696516
-0.06704789
0.18814461
0.04978179
-0.02815992
-0.06686921
0.00421053
-0.20418443
-0.10398222
-0.05247914
-0.00275941
0.16451182
0.11536109
-0.29191593
-0.02421586
0.14271278
0.02678183
0.23615837
-0.07311438
0.04228888
-0.25038958
-0.07203172
-0.07037489
-0.02796587
0.24059631
-0.09073436
0.14838607
0.04104121
0.21327261
-0.09291207
-0.09084581
0.17884420
-0.03178536
0.00160490
-0.06973470
-0.23901978
-0.07820033
0.09427888
0.19162072
-0.07012448
0.07292695
0.06725447
0.05512840
-0.08755197
0.05055461
-0.02120876
0.04811507
0.05516634
-0.05317746
0.24047868
0.16660423
-0.23598750
-0.08495554
0.08626676
-0.03186472
-0.06515237
0.23787797
0.00093881
0.14085411
-0.01372519
0.24020320
0.00338651
-0.00406480
0.14121437
-0.00290469
-0.09529594
0.05864805
-0.10856210
-0.09167141
0.19790974
-0.13235324
0.14826765
0.03871577
0.09775089
-0.06333800
0.07183190
0.06274817
-0.04174776
-0.16858965
-0.05917438
0.05915263
-0.22378791
-0.16162813
0.02439163
-0.05768379
-0.01114280
0.01555375
-0.06311206
0.14500825
-0.00562534
0.06022246
-0.06270467
0.28324226
0.12704358
-0.03623780
0.02157162
-0.01642376
-0.00410881
0.14691129
0.01732186
-0.03328352
0.09677226
0.16961337
0.02603582
0.09881226
-0.08933266
-0.01832899
0.02675333
-0.05706477
-0.15026149
-0.08289246
0.00886732
0.03339081
-0.07054258
0.06445690
-0.17448264
-0.23823267
-0.07346019
-0.05535336
-0.00886544
-0.04798739
-0.27633550
0.21297830
0.25813244
0.03031996
-0.19511435
-0.12868482
-0.19546304
0.06354010
-0.05763204
-0.02451136
0.13100821
0.06186333
0.25800680
0.09588034
0.31978219
-0.05264941
-0.05662901
0.10873212
0.23182088
0.08948018
0.03707124
-0.29080498
0.02910887
0.11289125
0.02644553
-0.06194593
-0.05720761
-0.09961959
0.01756379
0.11933810
-0.07718599
-0.02232592
0.03284938
0.11786403
0.01538049
0.15501608
-0.25793181
0.13498318
0.05549271
0.16030279
-0.23265040
-0.01958479
0.17527478
0.10721751
0.10636981
-0.18640595
0.19337166
-0.03295518
-0.03261944
-0.19678864
-0.19223523
-0.12152180
0.12978437
-0.07448867
0.07148620
-0.00483979
-0.03198216
0.33417317
-0.17284092
0.07471687
-0.07793794
-0.05294883
0.10111235
0.10401544
0.36850184
-0.10441212
-0.20312531
0.01055733
-0.12020973
0.15611447
-0.09938098
-0.12376806
-0.25337061
0.01770200
-0.05377344
0.06016983
-0.06192503
-0.32113339
-0.16820827
-0.16539254
0.00933242
-0.23479433
-0.16831839
0.03812886
-0.09852641
-0.19365333
-0.06884012
-0.24999530
-0.00616829
0.12988548
0.02347650
0.20074224
0.19214777
0.07237405
0.08194715
0.00145545
0.08236186
0.33392051
0.17578727
0.24638835
0.12083713
0.08906090
0.22375976
0.11994807
0.01576164
0.13283368
0.23021357
0.12438629
-0.00963992
0.23183385
0.10721514
-0.20106355
-0.16554835
0.11515008
0.02013419
-0.17914994
0.04179666
-0.08880888
-0.00029156
0.22862854
-0.10229276
0.00420133
-0.18002452
-0.23010949
-0.03290979
0.03041868
-0.24928817
-0.22267797
-0.04316838
-0.11832099
-0.01428748
-0.03435996
0.11675986
-0.11143810
0.09556370
-0.05393015
-0.03120782
-0.09596337
-0.00877099
-0.04435457
0.23043908
-0.05113642
0.16440430
0.18701392
-0.01983313
0.05917219
0.07276204
0.04672305
-0.04458777
0.29771846
-0.22379778
-0.18828282
-0.19352701
0.00887900
-0.23316173
-0.08993094
-0.09194634
-0.14218039
0.09055767
0.09953003
-0.04105418
-0.13317547
-0.12535849
-0.01090498
-0.09811675
0.36010066
-0.01131342
-0.19505872
-0.11276863
0.04218244
0.34574098
0.02150897
0.12862959
-0.15809970
0.14608103
-0.04036930
0.19575179
0.03575161
0.09967759
-0.04311225
0.11931734
0.23269494
-0.01879401
0.12002040
0.10835987
0.22488768
-0.13837372
-0.02637089
0.12247193
0.33017103
-0.26435781
-0.09259968
0.01716718
-0.09414538
-0.26086052
-0.12240658
-0.30430410
-0.27847783
-0.33932522
-0.38368749
-0.39902656
-0.34069166
-0.63440403
-0.42073284
-0.52749202
-0.22879771
-0.34609932
-0.14172293
-0.29416770
-0.08215073
-0.04152844
0.02702748
0.02299434
-0.19436837
0.06780395
0.32129439
0.29384274
0.18762540
0.30921038
0.26922682
0.38384254
0.35794124
0.20222103
0.46661681
0.39252826
0.04181784
0.44559624
0.23149103
0.40758637
0.36147896
0.31757901
0.29829317
0.39958613
0.18643409
-0.14133567
0.23531217
0.17878747
0.01926863
-0.17785514
-0.04096210
-0.08721146
-0.00444246
0.09817415
0.10423663
-0.04632957
-0.16772101
-0.01959714
-0.13912827
0.05035236
-0.24012199
-0.10630667
0.06409882
0.21891575
-0.11907367
-0.29751247
-0.01876567
-0.15985960
0.05015877
-0.13074218
0.23466916
-0.28233665
0.10973734
0.07850297
0.14149212
0.02218689
-0.06088673
-0.11861615
0.16286455
-0.14117311
-0.15157033
0.12791204
-0.07752304
0.11214296
-0.08020035
-0.04197553
-0.04091763
-0.08474648
0.15732940
0.06493092
0.25643439
0.00947382
0.20458531
-0.00753907
0.22564468
-0.03602737
0.21495693
0.30429968
0.29598892
0.06458317
0.00549063
0.25132836
-0.02416073
-0.23361656
-0.02674055
-0.08091277
0.16431377
0.01947518
0.02537494
-0.00822781
-0.02311799
0.07054321
-0.03252179
-0.09724782
-0.15819376
0.03052922
0.15996436
-0.20974077
-0.20023392
-0.09075950
0.11069474
-0.07227892
0.05400630
0.06928329
-0.09868335
0.03388176
-0.05471671
-0.16576834
0.05624508
0.04321174
-0.09150115
0.06342424
-0.18681866
-0.04080372
-0.01154279
0.06251736
-0.09584269
0.01802682
0.10645480
0.03859560
-0.11923849
0.06877033
0.15653579
-0.11427303
0.01466451
-0.02912204
0.01035085
0.01181255
0.17092653
-0.00128508
0.03332814
0.14750027
-0.10915279
-0.01518695
0.18606416
0.07706324
-0.04948511
-0.20972025
0.15601600
0.09272034
-0.04232626
0.23289264
0.06354498
-0.04762190
-0.18130589
-0.05576501
0.24908118
-0.06661978
-0.16366711
0.20812415
-0.17169763
0.06333317
0.23279294
-0.10670295
-0.08907954
-0.29846514
0.12800482
-0.13486259
-0.09531431
0.25172932
-0.24392897
0.00428003
-0.11043696
-0.08523740
0.01031191
0.05774865
-0.15908249
-0.11703167
-0.27120164
-0.25782063
-0.07654079
-0.07115412
0.00537368
-0.03866123
-0.35747345
0.13641869
-0.12891384
-0.01076163
0.17158790
0.03336672
-0.04187955
0.14821745
0.17771441
-0.05243122
0.39580755
0.48592773
-0.00526880
0.11602724
0.05348336
0.11515266
0.21146810
0.16127858
0.00503113
0.03572479
0.03547424
0.20025544
0.04855820
0.17365934
-0.04436839
0.10318428
-0.07500778
-0.01713106
-0.08541075
-0.09787572
0.00749338
-0.04684732
0.15802880
0.15106959
0.03968630
-0.29132435
-0.19231736
-0.29396768
-0.07356146
-0.23136808
0.10883658
-0.04635342
-0.15307770
-0.10912079
-0.05180914
-0.14570486
-0.07761985
0.12051478
0.04090227
0.17508459
0.03453421
0.04006420
-0.06947739
-0.21305363
-0.07211153
0.04794653
-0.02131939
-0.14835250
0.03698441
