-0.14671559
-0.03277070
0.20322025
0.40179585
-0.21689553
1.24217850
-0.51359999
-0.01924881
0.37685534
0.64493639
0.63889392
-0.16720270
0.06699720
0.37866317
0.13787963
0.00966162
-0.49032842
0.17183292
0.40631366
0.80869487
-0.11346317
-0.88768448
-0.45451940
-0.80486453
-0.19577444
-0.17916950
-0.21450264
0.21431275
0.08401118
0.11152123
-0.17121717
-0.28659254
-0.04004313
0.51823075
-0.33625419
0.39270583
-0.06312820
-0.12490276
0.78236009
-0.84966399
0.30561523
0.51622752
0.17710086
-0.33186788
0.69881374
0.32945038
0.08206088
0.60747675
-0.16123220
0.04949522
-0.48232096
0.02415727
-0.31833068
-0.31464583
0.05335094
-0.35184994
0.44880298
0.02707121
0.08893917
-0.07184947
-0.33241109
0.54053988
0.07585771
-0.26510686
-0.63514727
-0.00563009
-0.07674786
0.32753799
-0.43152792
-0.25900085
-0.21152385
-0.46573639
-0.16473752
0.29199751
-0.22206159
-0.31623154
0.23287707
-0.13931596
-0.11705474
0.66517412
0.38879553
0.63146800
0.12308768
0.65901762
0.70764725
-0.33312165
0.10303050
0.23723182
0.03471709
-0.14221143
-0.18533775
0.73780727
-0.47869481
0.08285579
0.18537600
0.28759446
0.25382997
-0.27598433
0.81065181
-0.18704092
0.85240804
0.11104652
-0.02756599
-0.08908264
0.36663331
-0.17680282
-0.94678716
0.10995323
0.50166557
-0.43241535
-0.98674636
0.28012566
0.07005257
-0.12601138
0.38410526
0.69666196
1.01319471
0.36750036
-0.62932921
0.14204706
-0.07333827
-0.19884344
0.13797160
0.43064458
0.07129687
0.24534564
0.91964569
-0.98868291
-0.27920484
-0.13601867
-0.07694151
0.13857192
0.12304726
0.02109602
-0.49558550
0.16857463
0.33638499
0.35185073
-0.03117602
-0.36024580
-0.64161968
0.42530648
-0.35654427
0.45836594
0.38097460
-0.39731685
0.64177828
0.58183325
-0.57129054
0.63405574
-0.28625717
-0.39887706
-0.34100493
-0.01398359
0.51850818
-0.76441762
-0.43548585
0.16025799
0.10121618
0.85535008
0.21011517
0.39177784
0.10415466
-0.11206051
0.33575586
-0.43478810
0.47081129
-0.08752508
-0.65090596
-0.28226290
-0.13328035
0.26885386
0.26073160
-0.39610613
-0.14075421
0.36226187
-0.03210009
0.43545209
0.10143873
0.40137746
-0.28579179
0.23337714
0.29164108
-0.14174828
0.12983432
-0.55789618
0.15175699
0.15555446
0.13184948
-0.40978978
-0.22152806
0.36815254
0.20912873
-0.14320108
-0.50396103
-0.23178390
-0.00453032
0.09220742
0.35558275
-0.04362220
0.26453318
-0.36508287
0.23573703
-0.24124518
-0.01432861
-0.13282068
0.10960385
-0.59841270
-0.03858312
-0.99497314
-0.55637556
-0.65050614
-0.06638043
-0.16466236
0.23070159
0.14355219
0.48544062
-0.03031398
0.14241229
0.47626661
-0.53748735
-0.02145768
-0.26358721
0.24755441
-0.30958400
0.40447164
0.43773120
-0.45563051
0.80585591
-0.94722369
0.26986997
-0.06406169
0.56055596
0.22755221
0.04691011
-0.48362994
0.31801110
-0.26947261
-0.19419019
-0.30206245
-0.27293002
-0.50656845
0.36513283
0.24213663
-0.10178051
-0.37695123
0.12931502
0.77262398
-0.23700925
0.47184803
0.15690743
-0.63154795
-0.34899900
0.15472257
-0.00165662
-0.28346468
0.45979787
-0.40128963
0.78825013
0.06895727
-0.20689050
-0.32602195
-0.35177352
0.11995502
-0.21662984
-0.76418282
0.67033130
0.40517391
0.38987190
0.19951711
-0.86741659
0.12092219
0.01346534
-0.42052071
-0.41993161
0.66351921
0.36787292
0.09720330
-0.36258312
-0.57293526
-0.41876381
0.22545816
-0.00225888
-0.84422694
-0.17532147
-0.33647238
-0.17602158
-0.39943942
0.17620678
0.35585608
0.28620483
-0.00814010
-0.58204380
-0.32465701
0.32582748
-0.27545070
-0.02358967
-0.53014953
0.43392890
0.44078461
-0.31820485
0.28574287
0.28539721
-0.14312134
0.11799639
-0.72295710
-0.86052357
-0.72648457
-0.03825954
0.43238145
0.14309445
0.07179276
0.00799828
-0.12325211
-0.10755354
0.10112303
0.05051751
0.10436327
0.80538763
0.85428282
-0.03258254
0.46471002
0.13149452
-0.44891980
-0.53676784
0.80031684
0.13563785
-0.20266147
0.11941852
0.05594699
0.82361194
-0.06540100
-0.36044200
-0.05493189
-0.48298101
0.39624301
0.32462709
0.51039291
-0.71269140
0.14791357
-0.03586093
0.73744668
-0.24995561
-0.30479060
0.08897778
0.48828549
1.00003871
-0.25004751
0.16348167
0.08115681
0.04368138
-0.21517371
-0.19584761
-0.31718979
-0.24566142
0.11942536
-0.26313044
0.27601411
-0.60951168
0.09135003
0.33364395
-0.35702338
0.06050305
-0.30946932
-0.09890362
-0.01651470
0.09115061
-0.03916983
-0.28123498
0.30158892
0.18131773
-0.00941341
0.03083173
-0.08045886
0.31800753
-0.56526229
-0.05607726
0.45207804
-0.23300872
-0.19303834
0.04665612
0.02422568
0.09647639
-0.59164752
0.00037450
-0.02598033
-0.58821295
0.10421167
-0.22645162
-0.49097125
-0.83679756
-0.00073339
-0.16814956
-0.52193056
0.16807857
0.39934868
0.34060888
-0.04674578
0.68109232
-0.61975209
-0.43870872
0.22101517
-0.32331534
0.00535207
-0.04855852
-0.31193109
-0.11171617
0.47909234
-0.15623918
-0.05668090
0.12864348
-0.11132151
-0.24751870
-0.15169257
-0.32703219
0.35666011
0.07754497
0.08842216
0.13543489
-0.11192804
0.34766535
0.54657198
-0.41641022
0.22399101
0.21132556
-0.08977649
0.14047135
0.14264968
-0.03729637
0.38582972
0.26015072
-0.41757627
0.46324912
-0.09512464
-0.27382938
-0.16111497
-0.42596051
0.22778724
0.06642382
-0.57818721
-0.44695563
0.46700108
-0.25085649
0.38095156
-0.08312441
-0.15234197
0.71397779
-0.70135979
0.41113213
0.23241394
-0.15744389
0.54810922
-0.09290613
0.20315108
-0.17749142
0.20705278
0.20043031
0.85452957
-0.21680820
-0.12409306
0.48877741
-0.32049712
-0.09969002
0.18335775
0.10647021
0.52666966
-0.07158609
-0.18081817
-0.42845925
-0.33937038
0.30942847
-0.60024799
-0.18579022
-0.39472588
-0.35825660
0.19649952
0.33644097
-0.41827035
-0.64563085
-0.96306411
0.66813945
0.53911355
0.16954099
0.35003427
0.04063244
0.81264754
-0.51579248
0.01251527
-0.44843858
-0.07338820
-0.05355227
0.65759139
0.13522802
-0.24166729
-0.44475366
-0.13381749
0.22455422
-0.11513451
-0.03140151
-0.10197790
-0.10567643
0.14780621
0.23653626
-0.28624638
0.05180481
-0.18721785
-0.55062715
-0.26756357
-1.02057766
1.00208852
0.17331037
-0.14374023
-0.58964534
-0.07868126
-0.48503997
0.58181157
-1.14191352
-0.52733097
-0.48234445
0.17767217
-0.68584927
0.42431177
0.53077290
0.55752431
0.00763064
-0.92954582
0.17074309
0.59632886
0.13452603
0.15551989
-0.02425085
-0.25210430
0.01788441
-0.16152829
-0.39177054
-0.26161942
-0.28775001
0.02866772
0.13594481
0.48534840
0.18227971
0.35507317
0.06580316
0.22036959
-0.86222769
0.01529072
0.49526633
0.29983569
-0.57102762
-0.31873422
0.21797516
0.78563119
0.17311396
0.08434545
0.25826296
-0.17422241
0.10291699
-0.64390852
0.82378694
-0.15795154
0.13168369
0.41217640
-0.17649328
0.09814103
-0.02371853
-1.17798450
0.97825086
-0.03049808
-0.03180844
0.51833877
-0.12791374
0.07311041
-0.07062022
-0.42527826
-0.78317303
-0.17765988
0.18125933
0.22069964
0.41290826
-0.06910264
-0.25275084
0.54905100
-0.29506635
-0.61226380
-0.40172648
-0.41918204
0.45496380
-0.33912277
0.29925168
-0.64605873
0.19190068
0.34659952
-0.44270813
0.47247167
-0.65746971
-0.46366645
0.11141835
0.17496414
-0.49503855
0.19837079
0.24780930
0.32500097
-0.62062387
-0.01282056
0.54836556
0.26592564
1.35841307
-0.21913146
-0.46072428
0.55370446
0.15086601
0.24557445
0.04875525
-0.74764366
0.31694788
0.17528089
0.01982169
0.10463294
0.01104722
0.05479085
0.02760187
-0.53466646
-0.92601316
-0.95204741
0.46138932
0.84342585
-0.25132267
0.17994078
0.04159934
-0.45823396
-0.53384757
0.11683059
0.21415959
0.87121371
0.20585648
-0.14076895
0.00817046
0.39120829
0.92789110
0.57014844
0.35041007
0.64268021
0.42102366
-0.23692079
0.39031242
0.51662773
0.36205752
0.83988976
-0.40873206
0.02998715
0.66935889
-0.77060966
-0.68568126
-0.58451409
-0.12118832
-1.76316638
-1.47299728
-0.93477919
-1.28779506
-1.76053689
-1.02271280
-1.83830645
-1.70575608
-1.58196363
-1.11135021
-1.05332596
-0.81445951
-0.16660137
-1.15803207
-1.00592327
-0.72002381
-0.51084071
-0.08638584
1.04658590
0.29244022
1.56133552
0.47666835
0.99001104
1.08208089
0.93831595
1.58829929
2.06398100
2.12227817
1.94329543
1.80163803
1.74501016
1.75777702
1.14293055
1.05832527
1.58204836
1.01881659
0.97275591
0.30331227
0.90976203
0.40875511
0.28524538
0.35009333
-0.30761930
0.82847166
-0.24763335
0.11864989
-0.15484866
-1.44464580
0.12077837
-0.72926781
-0.14832716
-0.05522849
-0.40395883
-1.15705298
-1.11166603
-0.76768990
-0.98826052
-0.93050940
-0.05247825
-0.27559928
-0.34153033
-0.38387511
-1.11082273
-0.31410502
-0.28990809
-0.46528512
-0.61300728
0.00067683
-0.14905909
0.21511878
-0.33444636
0.47241829
-0.13482157
-0.50443324
-0.81322637
-0.35891684
0.32344428
0.40897036
-0.18717221
0.88661143
0.25722653
-0.46208030
0.34844304
-0.40438456
0.45911616
0.07070192
-0.38377989
0.02521914
-0.86874524
0.97918006
-0.63800350
-0.05327492
-0.37006897
0.78556428
-0.04375309
0.55011832
-0.06190550
0.24924699
-0.41623735
-0.07530300
-0.90912229
-0.27791065
-0.35006349
0.07413599
-0.45116082
0.53592590
-0.32948081
0.95797760
-1.31640029
-0.36819305
0.03393358
0.57761292
0.01383115
0.26761342
0.35568234
-0.30997655
-0.31136994
0.64444150
-0.37427427
0.77032571
-0.15207768
-0.79006793
-0.05843349
-0.71500534
0.58845323
0.45075589
0.26621175
0.10275551
0.73785720
-0.00909284
0.03066957
0.07005263
-0.14324052
-0.48850095
-0.17972146
0.81877931
0.86587290
0.68792111
0.03746960
0.26837623
-0.22179091
0.14178244
-0.59720598
-0.29757680
0.57827804
0.30922012
-0.62644651
0.30213265
0.34095162
-0.51585257
-0.48847630
0.28885423
0.32600804
0.11340194
0.18651681
0.52903284
0.19067342
0.01932827
-0.05039675
-0.05060058
-0.63771718
0.00301290
0.24379923
-0.21787824
0.23606345
-0.24761308
0.41971541
0.28696938
-0.18875223
-0.46828319
-1.14781555
0.18279154
-0.19028704
0.06930218
0.26766813
0.30611855
-0.15225488
-0.60041437
-0.42838703
-0.38290527
0.54921446
-0.38207443
0.13068592
-0.14782974
0.62820362
0.09876646
-0.20997179
-0.46512073
-0.70848751
-0.06033389
0.13183020
-0.04926595
-0.65408774
-0.65976143
-0.01360544
-0.11709508
0.03106351
-0.03629313
0.19139145
0.30615147
-0.23123544
0.18310680
-0.36372722
0.08513353
0.42747265
0.61085751
-0.21639849
0.20768936
-0.13721883
0.72806926
-0.48961393
0.08624074
-0.32248559
-0.48725225
-0.22258833
-0.81707057
0.15515588
0.22669933
0.40628510
-0.49763112
-1.39251385
0.31459284
0.00734000
0.56465422
0.40636672
0.32734682
0.03481014
0.68775219
0.52346914
0.60385914
0.26709888
0.74354121
0.13032334
-0.11471679
-0.43822773
0.50331941
-0.36458527
0.41826863
-0.05394056
0.23624335
0.78637007
-0.05398889
-0.33720691
0.10098263
-1.20753145
-0.15460352
-0.04931738
-0.55754259
-0.56842148
1.07390205
-0.24620863
0.78548006
0.09435495
-0.06556824
0.04665901
-0.49385604
0.63660552
0.42551398
0.13349746
-0.07573178
-0.37610004
0.37405054
0.12002360
0.24665449
0.79385489
0.00394815
0.03528137
-0.18571514
-0.73534818
0.21218994
-0.41492469
-0.16560240
0.31993083
-0.23383428
0.28297190
-0.18043737
-0.08073028
0.21176607
-0.32425478
-0.79112487
-0.03784456
0.07094279
-0.39827984
0.20004865
-0.35027521
0.05077350
0.31784224
0.39115909
-0.28690802
0.41263763
0.28073541
-0.52335664
0.11901015
-0.47454735
-0.49980114
0.46612930
-0.61448517
-0.50850171
0.14132920
-0.08499112
0.39991638
0.47785190
-0.03356530
0.17619564
-0.73135427
-0.27700912
-0.31598092
-0.14133438
0.86731729
-0.10714751
-0.38103488
-0.74577788
0.68842478
-0.02415457
0.40994232
-0.13619087
0.93948847
-0.33080970
-0.06250440
0.52594749
-0.31843123
-0.16415833
-0.41580808
0.18239798
0.01872080
-0.28162031
-0.77399976
0.30768041
0.39041484
-0.33980437
-0.27442864
0.07294346
-0.08279460
-0.18253355
-0.12065559
-0.37032868
-0.09373338
-0.57255928
0.49404377
-0.60824364
0.65646089
0.08322317
-0.32344886
-0.46821535
-0.14394944
0.68823187
-0.30763354
-0.14224532
0.17888828
0.25847392
0.14552661
0.59753886
0.15620293
0.84343640
0.03080156
0.63712411
-0.75221284
-1.17916634
0.10324730
-0.39460996
-0.49288564
0.97384218
1.44086237
-0.33435394
-0.53455652
0.51139524
0.90140558
0.31672471
-0.99423908
-0.48183531
-0.92047211
-0.47108607
0.25082607
0.57065833
0.36361064
-0.30734736
0.03269971
0.09745748
0.62581307
-0.57539527
0.63405098
0.16728479
0.28189459
-0.39726927
-0.23855740
0.11684257
0.63335527
0.78353466
0.59739038
-0.16792602
0.14842151
0.54961810
0.17227761
-0.55932970
1.21543758
-0.09432205
-0.64930449
-0.05006634
0.53575720
-0.31129580
0.19630326
0.46200392
-0.17823848
0.00207992
-0.42685268
-0.05747410
-0.06396870
0.52871015
0.74752292
-0.44578297
0.59559555
0.62876292
0.23070208
0.37179323
-0.13670091
-0.19689152
0.03157378
-0.39136865
0.33517258
-0.69429566
0.13792924
0.20138820
0.01194042
-0.07048055
-0.07847332
0.13323850
-0.50286771
0.16065134
0.38303306
-0.14325632
-0.52304799
0.51662050
-0.31533073
-0.10447897
0.36144123
-0.75309460
0.89810838
-0.22244100
0.32258212
-0.27989650
-0.76906524
0.46831362
-0.62063798
0.17601124
0.01447033
0.50478822
0.84043376
0.20129005
-0.40058820
0.70033361
0.13624137
-0.24283290
0.89828779
0.49719893
0.04795218
0.14150447
-0.22989742
0.41329709
0.47339110
-0.17126624
0.47901740
-0.62050248
-0.55039124
-0.12158746
0.18180675
-0.69825655
0.19259677
0.13244488
-0.00857181
-0.31432554
-0.00189502
-0.01706218
-0.38272722
0.26056444
0.31389057
0.07360687
-0.05560040
-0.49593034
0.35836554
0.50830666
0.36768391
0.23604802
-0.35420736
0.81809978
0.06070963
0.09504798
0.72763906
-0.17262656
0.71007556
0.08932872
0.52835725
0.06319954
-0.22615083
0.05674391
-0.02295189
-0.25874542
-0.22352912
0.61142750
0.32857029
0.40510307
-0.44139804
-0.60454739
-0.13564353
-0.18494108
-0.34619546
0.31651670
-0.30116817
0.23615874
-0.15487365
-0.01353195
0.11868207
-0.34911943
0.48748737
0.54141668
0.04241304
-0.05665312
0.31072321
-0.58498521
-0.35916391
0.36904990
-0.29778494
1.31769685
-0.64419283
0.42932809
-0.01275388
0.39652843
-0.23765878
-0.58630418
0.09265724
0.53224727
0.37358984
-0.15608587
0.30455692
0.26747405
-0.23537486
-0.36554946
0.66568354
0.16755707
-0.22184021
0.58081535
0.95301509
-0.05952273
-0.17558072
-0.46508225
-0.12443191
0.05677229
0.23087220
0.19379194
-0.12850009
0.57982420
-0.35904600
0.79473833
-0.02237975
0.65374400
0.41694118
0.66876096
-0.57998076
-0.06848381
0.47571826
-0.01427284
-0.30505541
0.66501577
0.15184207
0.34989221
0.56050590
0.06975975
0.37558252
0.92897184
-0.14329114
-0.80313644
0.17145767
0.18599691
-0.36175034
0.83052832
-0.14214812
1.27175542
-0.33914384
-0.75529827
-0.32533725
0.16498050
0.12209124
0.33732939
0.86574809
-0.16847735
-0.21022590
-0.50679882
0.05695948
-0.45697520
0.17578142
0.14007567
-0.15378586
0.06432371
0.46948569
0.30169686
0.76399646
0.03332016
-0.02407459
-0.40770660
0.82800797
0.94373479
-0.65370683
-0.37994929
0.24858020
-0.17324137
0.40477873
0.29142413
0.37754825
-0.03441063
0.00831648
-0.44339118
-0.72519708
-0.01129450
0.21098397
0.02307669
-0.35809584
-0.06658653
0.25204657
-0.14810813
-0.45033013
0.39125947
-0.10795714
0.05162917
0.38086515
0.11560970
-0.24220086
-0.25066655
0.02047422
-0.01972779
-0.57626523
0.03422653
1.00497837
0.54149933
-0.44301678
0.20517252
0.73163576
-0.74436487
-0.34036630
-0.14875583
-0.21678309
-0.71726200
0.38391550
0.48677317
-0.00601661
-0.67687243
0.41431541
-0.27757676
0.09374851
-0.15924681
-0.00041654
-0.30874844
0.79770708
-0.19820267
0.59016886
0.95048637
-0.95507813
-0.15993970
-0.07311073
-0.66333339
0.40294134
0.32972061
0.10029681
-0.05629841
0.33662665
-0.76912207
-0.17194661
0.12064306
-0.30062188
0.09429326
-0.24893024
-0.73400035
0.13858735
-0.98683131
-0.19597501
-1.01952391
-0.26621918
-0.54211068
0.06526313
-0.32260090
0.05044334
-0.27226411
-0.08859964
-0.34201232
-0.85817978
-0.02385597
-1.33712769
0.03007478
-0.59738184
0.12375853
0.18880640
0.34261054
0.59341889
-0.84711240
0.12754410
-0.38007079
0.25230455
0.07335268
0.35181373
0.03326495
0.97693897
0.05203236
0.01513463
-0.22690565
0.12227406
0.10563643
-0.29710339
0.21173716
-0.77029174
0.03575536
0.58760611
-0.31074720
-0.24687067
0.27837553
-0.35094202
0.31567791
-0.42084036
-0.94400677
0.03081140
-0.31677736
-0.06575384
0.37827021
0.35253122
0.44758815
1.29561208
-1.21196837
-0.28898680
0.54045019
0.15369463
-0.38054948
0.14626721
0.18147358
0.51976890
-0.12017432
-0.44623274
-0.10592752
-0.14086059
0.11277653
0.08501981
0.64210702
-0.45171143
-0.07655914
-0.16919557
-0.44571040
-0.08097205
-0.63186076
0.04146885
0.47011407
0.13169616
-0.23381971
-0.26081345
-0.10669571
0.15087858
-0.13260024
-0.24411494
-0.32302674
-0.39651282
-0.28209233
0.22337216
0.45449582
0.06266203
-0.81215470
0.34993355
0.09427979
0.08951232
0.85790406
0.19337608
0.38277729
0.00342325
-0.45264727
0.02614960
-0.05524981
0.96887511
0.59444462
0.06162518
0.84133846
0.04163412
0.36213211
0.09708173
-0.55759178
-0.24407365
-0.56017271
0.14069873
-0.09012684
-0.40532493
0.61315480
0.45432166
0.65714802
-0.48684067
-0.63811128
0.09784051
-0.31797971
-0.08737567
1.06930709
0.30038145
-0.08063598
-0.42721026
0.25262964
0.47585303
0.36741408
0.44390019
0.14356606
-0.27776854
-0.22170531
-0.79548062
0.01250923
0.13069970
0.11862306
-0.07880675
-0.29143293
-0.53223321
-0.15619989
-1.64236847
0.20303729
0.05999664
0.45828966
0.65464824
-0.01144429
0.35941596
-1.07694415
-0.35955364
-0.42418652
0.58463211
-0.02369972
-0.55225885
-0.90104775
-0.11098481
-0.05729726
-0.20935042
0.53335706
-0.47689784
0.10797142
-0.17417973
0.23874003
-0.19834486
0.16922243
-0.10121854
0.60457020
0.88746997
-0.45054663
0.07435564
-0.41870472
0.30406329
0.34687391
0.19599637
0.31532411
0.92374617
-0.22681493
-0.44394563
-0.07326694
-0.36913582
0.53419434
-0.35475893
0.27309266
-0.13863879
-0.37252242
-0.58089048
0.05890708
0.56562761
0.00518370
0.24253684
0.72966069
-0.16894751
-0.00386267
0.16074372
-0.91722375
-1.03514289
0.80456571
-0.42183522
-0.06581336
-0.01541811
-0.77851968
0.87965254
-0.82653352
1.09422487
-0.05798110
-0.29603052
-0.17448898
0.43352241
-0.13382788
0.77475530
-0.18807211
-0.57492954
0.33952313
-0.11372062
-0.14586922
0.34913740
0.27252289
0.16728892
1.31270098
0.21869546
0.61826058
0.51377131
-0.64707586
0.52659204
0.44957094
-0.05491691
-0.24270841
-0.25413627
1.28203284
0.15768838
0.40999280
-0.97384781
0.06360006
0.23579715
0.55186129
-0.12540499
-0.30257005
-0.00743294
0.16527738
-0.15688405
-0.30598342
0.86874757
-0.43087349
-0.13678269
-0.81485848
-0.56599738
-0.05642634
-0.11552762
-0.45590016
0.45901051
-0.43426366
0.00084878
-0.32351870
0.05217810
-0.02816036
-0.20596879
0.14010317
0.42351044
1.22328847
0.23062093
-0.31226967
-0.13288962
0.08240550
-0.20307631
1.06621543
-0.17262357
0.21990612
0.48383527
0.53226667
-0.81270499
-0.57835270
0.02018847
-0.48188202
-0.11710099
0.58710789
0.46775208
-0.11634771
0.02957707
0.14696554
0.84654477
0.08220961
-0.09426775
-0.00968685
0.28221768
0.25543547
-0.17746822
0.14422445
0.43174941
-0.01968352
0.53182753
0.41472333
0.08266955
-0.08857090
-0.20361572
0.17093566
0.39730343
0.25048560
-0.95349064
-0.06580562
0.46675903
0.03689004
-0.32581184
-0.39693806
-0.51270343
-0.25668819
-0.27969244
-0.62563134
0.08456097
0.53665673
-0.10136065
0.29635863
-0.27183747
1.31225976
-0.10576017
-0.26407409
-0.27265795
-0.03549108
-0.29729456
0.17840495
-0.69258966
-0.14856098
0.04283747
0.19354855
0.05996882
0.18270951
0.53237464
0.05530778
0.26669261
0.26368955
0.25194508
0.38841933
0.02166134
0.51456582
-0.38305992
0.69275178
-0.40322955
0.00784610
-0.17337019
0.05849072
-1.07583954
0.31567999
-0.15828914
-1.02449164
-0.25181284
0.49087618
-0.26595849
0.60027762
0.55134597
0.60459755
-0.47491408
-0.13728335
-0.59282547
0.09810151
0.22026559
0.02725318
-0.00906437
0.51458030
-0.02254398
-0.62588809
0.25280484
-0.55884403
0.05231721
0.24340610
0.15515589
0.09478683
0.40257401
0.18421922
0.80459289
-0.13863066
-0.29270317
-0.56004862
0.20425309
0.71398942
0.26577682
0.13759787
0.04185606
-0.19054491
-1.30520332
0.03671587
-0.05788277
0.46758418
-0.44256219
-1.01567569
-0.11479860
-0.12214930
-0.26053365
0.20063634
1.32086106
-0.16539238
0.27959466
-0.17231064
0.27132705
-0.13029630
-0.32508413
0.06424428
1.15488842
0.09146797
0.47921801
0.51470058
0.00050332
0.11951366
0.82743955
-0.46362674
0.52964153
0.09547248
-0.12470631
-0.13004048
-0.52998262
0.35668007
-0.39651285
-0.81897847
-0.30202022
0.15578713
1.02437634
-0.47528787
0.50009661
0.62469151
0.68515552
-1.09809472
-0.26106355
-0.67974091
0.09212866
0.88087800
-0.40833406
-0.61628118
0.24732587
0.03749135
-0.54032828
-0.18993911
0.52131751
0.26179711
-0.67417472
-0.21641225
0.27811651
-0.24975896
-0.39757852
-0.05534956
0.31859771
0.00239836
0.08860942
-0.42440583
-0.08156977
-0.40224427
0.53416404
-1.06133719
-0.63922196
0.21294025
-0.57230942
0.02444600
0.62469961
0.20129657
-0.43103331
-0.40545140
0.01297869
-0.26880501
-0.26564600
0.38271803
-0.13810798
0.29893692
-0.19173333
0.09895706
0.33398855
0.05399104
-0.38303972
0.71149583
0.08573988
0.38433136
-0.41295246
-0.29010845
0.91552899
-0.40984744
-0.30985385
-0.52587820
0.12149668
0.60639180
0.22419750
0.35241948
-0.26612933
0.90875702
-0.16245044
0.15765390
-0.69366515
0.26172768
0.58138377
0.21317882
-0.12282656
0.09038192
-0.02271880
-0.04296812
0.44408595
-0.18783340
-0.07271420
-0.25974205
-0.18986585
0.30132366
-0.24493771
0.04685393
0.24037882
0.05496324
-0.00652863
0.12635007
0.26778602
-0.31587265
-0.04234671
-0.73346916
0.81170043
-0.11837697
-0.35575798
-0.10603771
0.71587739
-0.17758824
-0.49742317
0.06275250
0.85472175
0.45943814
0.40991246
1.01383010
0.69103841
-0.11617398
0.45869169
-0.23632696
0.43179437
0.24669513
0.35880391
0.47474036
0.57287946
0.33762616
0.13920181
-0.22152944
0.28760126
0.22725588
-0.51776963
-0.35853509
-0.16096577
0.28256456
0.69605652
-0.66091067
-0.14443956
-0.28071539
0.05686000
-0.15851137
0.13377069
-0.09940044
0.19146523
-0.19711534
-0.21227014
0.40697384
-0.01801258
0.51659133
-0.01138713
-0.63484375
-1.08018773
-0.11627315
0.18897352
-0.22468136
0.58671133
0.21654476
-0.53657968
-0.37269145
0.93424592
0.35492032
1.34806226
-0.19952715
0.42242929
-0.06749160
0.09329528
0.28021926
0.21096293
0.33722013
-0.18067816
-0.42559318
0.47907411
0.09690742
-0.65712488
0.39015335
0.16187340
0.18717573
0.11514034
0.18759816
0.14766341
-0.45365388
-0.27198721
-0.40710404
0.13494303
0.37783319
-0.31275291
-0.24183140
0.42350244
-0.19906965
-0.22778482
0.07340969
0.40203155
-0.26640429
-0.18818959
0.18288957
-0.38343112
-0.11027484
-0.05113756
-0.52191102
0.17532582
-0.33392310
-0.50847056
0.59211672
-0.06491748
0.21459566
-0.21505662
-0.26497960
0.26245216
-0.33363253
0.07184686
0.16058077
-0.38348357
0.25574685
0.52151881
0.16844603
0.40518550
-0.12783815
-0.32361012
0.06676818
0.25137547
-0.40405794
0.09751312
-0.29277275
-0.20996781
0.23070178
-0.07642083
-0.72668714
-0.30412298
0.50741434
-0.43093860
0.83167370
-0.16671082
-0.40794668
-0.00301887
-0.17778891
-0.35579709
0.03953468
0.70685181
0.19905840
0.03084852
0.78117397
0.02449491
-0.16602332
0.33238953
-0.10112265
0.40946157
0.02471494
0.15469853
-0.71286190
-0.48045349
0.42688876
-0.08970034
-0.30060066
0.57485262
0.05873878
-0.12444005
0.22113378
0.43909279
0.01144340
0.17548393
-0.49875161
-0.03604945
-0.26246898
-0.54881399
-0.00190744
0.99653356
-0.05733203
0.38331378
0.32144684
-0.04493837
-0.05780257
-0.49304196
-0.58781339
-0.78359211
-0.27485791
0.24280894
0.14519834
