0.17394824
-0.00614636
-0.19315158
-0.13862084
-0.02045093
-0.06213807
-0.15263727
0.02092853
-0.28747111
-0.09164193
-0.12772318
-0.15353365
0.10158252
-0.06363239
-0.12253574
-0.07816224
-0.10500529
0.34927433
0.09879852
-0.04770608
-0.08010306
-0.00511714
0.14202464
-0.11869858
0.32207111
-0.00768274
0.07928403
0.00470760
-0.00939577
0.34794871
0.29281093
-0.18105835
-0.09612700
-0.34334823
-0.03215103
-0.28968232
0.22482320
-0.01013135
0.29025475
-0.29181540
0.30679019
0.04931760
-0.08716114
-0.24504006
-0.29789115
-0.21567611
-0.01399624
0.28256987
-0.13705023
-0.00301298
0.07815553
0.00900010
0.29489237
0.32462410
-0.02455369
-0.26450221
0.30731809
-0.26199633
0.02849643
0.17197779
-0.10888379
-0.32214283
-0.04137831
-0.09151190
0.04840894
0.07398266
0.31205649
-0.00440315
-0.00315585
0.16996469
-0.27956693
0.17475074
-0.34435778
-0.05555726
0.14677848
0.05312644
-0.13202089
0.03055991
0.02273977
-0.28812734
0.30759512
-0.06732367
-0.20289169
-0.18016155
0.22079032
0.08473338
0.16364417
-0.06869645
-0.17543867
-0.20947439
0.49339392
-0.24010979
0.06755555
-0.09844609
0.16259512
-0.34548648
-0.07339646
0.59197654
-0.43920614
0.00513351
-0.00153575
-0.10085579
0.28975302
-0.15294482
-0.12794951
0.33164755
-0.10727641
-0.00121713
0.31691481
-0.04261178
0.06389838
0.25550769
-0.10713870
0.09677188
0.06793216
-0.11297931
-0.21021586
0.05639457
-0.19350071
0.06315728
0.00262271
0.11128065
0.10113526
0.08517034
0.46410930
-0.03277629
0.22986021
-0.17100363
0.34612936
0.11675136
-0.31900724
0.17200533
0.28076080
-0.14534785
-0.07927121
0.21100407
-0.24169263
0.04343891
0.11941359
0.08460947
0.15192938
0.11375522
-0.01590595
-0.14996011
0.28125483
-0.14557891
-0.20095751
0.20838883
0.11547026
0.07844516
0.42112168
0.36834121
-0.27567928
0.50002876
0.32058461
0.23012039
-0.01067021
-0.15218416
-0.09790493
-0.01736147
0.01481335
0.26650702
-0.10689947
0.11270949
0.33955123
-0.25803324
0.02620191
-0.12084115
0.35634682
-0.15386979
-0.33574693
-0.12712066
0.02421525
-0.25865958
0.04390375
-0.09408316
-0.10931248
0.01359043
0.53332279
-0.05052258
-0.48984001
-0.50562551
0.16553034
-0.00909872
0.04198115
0.15507778
-0.07199030
0.10864765
0.41697918
0.25812767
-0.10573302
-0.29552077
0.27481058
-0.10735532
0.22566822
-0.13940783
0.01094984
0.03200152
-0.04269251
0.16465875
0.45226564
-0.02276724
0.27398981
0.51972965
0.14958656
0.06998988
0.16387257
0.25046801
-0.05217609
-0.00335939
0.18464937
-0.29718050
-0.28533769
0.06696330
0.00671616
-0.00758588
-0.01536377
0.03296179
0.10679525
0.16773804
0.12836360
-0.01944115
-0.19934642
0.27834295
0.08432633
0.40719187
-0.07063040
0.10168040
0.14052039
-0.27927483
0.08090860
-0.13942122
0.21002241
-0.20777106
-0.04889586
0.30104449
0.03499227
0.08957415
0.09905658
0.00959187
0.22317705
-0.09023624
0.38520666
-0.04493136
-0.26104384
0.00604256
-0.22377592
0.23490990
-0.00129655
-0.08946510
-0.18196736
-0.06023134
0.01893393
0.07989798
-0.05952687
0.12605119
-0.13972123
0.28706529
0.12592746
-0.15612984
-0.01638178
-0.06954582
0.17365326
0.01167101
0.26986515
-0.07876395
-0.37663119
-0.13152709
-0.21000186
0.03444241
-0.00289500
-0.12549176
-0.09244611
-0.28042289
-0.01239736
-0.25565377
0.03536679
0.23004819
-0.09919713
-0.06325409
0.06016516
-0.54960759
0.02251505
-0.04731751
-0.20704258
0.15756741
-0.11453848
-0.10933184
-0.18652965
-0.20356994
-0.01775663
0.16655891
0.04050051
-0.03015996
-0.02359826
-0.45111603
-0.02611394
-0.17347923
-0.04172920
-0.21486873
0.02408536
-0.04966208
-0.36864592
-0.28852697
0.06369770
0.08056500
0.23725878
0.11686431
0.13991671
-0.00200254
-0.13449863
0.14441880
0.11435288
-0.07673162
0.09137242
-0.03474826
-0.02649042
-0.09480246
-0.04356309
-0.15000903
-0.21243301
-0.10914891
0.11071646
0.18733911
0.01902401
0.03113284
0.25109323
0.12972080
-0.17793197
-0.29355546
-0.26967833
0.12334933
-0.22591884
-0.20835446
0.10727449
-0.26403192
-0.39933048
0.08713262
-0.00735618
-0.11040099
-0.50795731
0.03480126
0.01132164
0.08753114
0.18997048
0.25215969
-0.13684669
0.10194604
-0.16877485
0.21801705
-0.01606484
-0.00400895
-0.36786293
0.21249659
0.17310564
-0.09957673
-0.01396416
-0.05071093
0.05256554
0.20648691
-0.18619778
0.26809988
0.17518637
0.01012938
-0.20965312
-0.09886380
-0.19712778
-0.26983298
0.03977730
0.07176447
-0.34360306
-0.01858536
-0.33500910
-0.26456087
0.03619459
-0.26898961
0.27070097
0.13979301
-0.26157841
0.00229998
0.19660799
0.22190035
-0.04199709
0.09974772
-0.01077354
-0.10313515
-0.14712509
0.13208937
-0.22024342
-0.14195137
-0.18995803
0.08071565
0.10302665
0.08773238
0.11601415
0.06128862
-0.07069876
-0.26893867
0.33047972
-0.06668410
-0.11943394
-0.16844726
-0.30674412
-0.41081576
0.17843828
0.02077141
-0.21431462
-0.08146624
0.28915538
-0.10844795
-0.25956706
0.07123143
0.18120391
-0.07974673
0.00383232
0.04393585
-0.30131359
-0.36215894
0.02983876
0.13318643
0.12261424
-0.05172995
-0.03840602
-0.21947737
-0.18959805
0.29831733
-0.09360667
-0.24699196
-0.03039194
0.33749387
0.31084593
-0.03046675
-0.07353604
0.29841015
-0.20932419
0.37046817
0.26569468
0.05479231
0.45843349
0.13023071
0.47127650
0.02544691
0.18129015
-0.07452610
0.25861684
-0.14598559
0.22810787
-0.15280848
0.01044065
0.20646677
0.11496386
0.15756999
0.06027490
-0.36195781
0.09925567
-0.02946609
-0.06404971
-0.04108867
0.04934733
0.01522919
0.00797936
-0.06240554
0.22985083
-0.03595789
-0.23349675
-0.26890805
0.10499554
-0.30832409
0.30943801
-0.08037680
0.10105121
-0.30182828
-0.09353007
-0.17659610
0.20686934
-0.01352470
-0.03862731
-0.03021589
0.10633687
0.00908115
0.01652073
0.23508647
-0.31782732
-0.11037999
-0.14212342
0.02087462
-0.02071038
-0.00093733
-0.03733076
-0.00246519
-0.12958914
-0.09277370
-0.14897232
-0.07700836
-0.04415232
0.15007763
-0.00257804
-0.10413431
-0.16476037
0.00671158
-0.21738574
0.08428592
0.10288674
-0.02434235
-0.16267109
0.00248300
0.02775878
-0.28878981
0.17662816
0.06642676
-0.13468036
-0.11337654
-0.07704105
0.04327884
-0.13819563
0.09373631
0.08530485
0.32253346
0.26435580
-0.30057971
0.18828637
0.25602229
-0.13392032
0.02546336
0.11027776
-0.01821898
-0.13734682
0.20454509
0.08265468
-0.12606274
-0.02920177
0.07032246
-0.11112195
-0.00218584
-0.23413978
-0.21802814
0.07166600
-0.14502774
-0.22939048
0.00038705
-0.32891029
0.01325869
-0.09014737
0.12097137
-0.04890039
-0.28627301
0.01977657
-0.29225163
0.09460735
0.12107633
0.32336845
-0.11772521
0.16941588
0.41012189
0.09837889
-0.13226816
-0.24199009
-0.10738551
0.02430594
0.19670305
0.28063192
0.15080276
0.13663780
-0.15347848
0.07578584
-0.03571273
0.00374267
0.03312069
-0.50901384
0.29281674
0.37232233
-0.15963061
-0.02447776
-0.12901971
-0.09173884
0.22541529
-0.13264923
0.15338634
0.10261568
-0.30856400
0.04983373
0.32972689
0.26604866
-0.12945430
-0.23267645
-0.09779374
0.13653934
0.01797928
-0.10086736
-0.06007731
-0.09573833
0.32411780
-0.22027194
-0.01070034
-0.23082184
-0.07887083
-0.11681641
0.05417119
-0.07148237
0.15011630
0.22869376
-0.18644354
-0.26070239
0.03012683
0.06127957
0.02445018
-0.05895936
0.02903674
0.21358302
-0.21918974
-0.04851132
-0.23777241
0.00596511
-0.17863816
0.14935022
0.09368989
0.04311290
-0.16885206
0.03415578
-0.22060888
0.19833784
0.09502424
-0.06494916
-0.09555077
-0.14378023
-0.07051052
0.24893941
0.18140161
0.06969948
0.21054940
-0.17339590
0.06574876
0.15100669
0.01058954
0.19740340
-0.26970142
-0.04579978
0.00085306
0.06035320
0.14844256
0.11109402
0.15482647
-0.07205988
0.29292591
-0.24204333
0.13169891
0.30832700
-0.34292276
-0.09090062
0.14425575
0.43649009
0.12426312
-0.28487487
0.02434824
0.07294335
-0.08297151
-0.08907077
-0.23454480
0.08660991
0.08150611
0.09570920
0.24352791
-0.31930718
-0.12059747
0.37251878
0.00998333
0.01175628
0.20012175
-0.15017736
-0.03685776
-0.08737557
0.12853106
-0.19920992
-0.00449861
-0.08650334
-0.09429263
-0.09567819
0.18874384
0.06628501
0.16708622
0.05411042
0.08545517
0.06631731
0.12134473
0.37842985
-0.10686692
0.02323894
0.04976788
0.11219578
-0.02912103
0.25869708
0.27118331
-0.01941131
0.17072729
-0.00196815
0.25386965
0.05419729
-0.08125508
-0.06256055
0.07959679
-0.04500145
-0.07973907
0.08858317
-0.07840658
0.05850887
-0.06071603
-0.11126611
-0.01326471
-0.09853798
-0.26209663
-0.15201218
0.23396002
0.00929316
-0.12002872
-0.11270143
-0.26930583
0.43204895
0.06409639
0.21505876
-0.29602188
-0.21000804
-0.18376278
-0.04612349
-0.36952967
-0.00152476
0.07446803
0.18304018
0.10579584
-0.37554237
0.02003651
0.10025935
0.41013994
0.04454824
0.07666600
-0.18241870
-0.10606208
0.31298086
-0.04602212
0.02468704
-0.26748150
-0.14024357
-0.00818084
0.02657513
-0.19642831
-0.05704301
0.52522949
0.14358436
-0.34470747
-0.21549424
-0.33087402
-0.14726054
-0.05042102
0.40910805
0.04130823
-0.11898721
0.03663654
0.12457394
-0.11842005
0.16362825
0.22050778
0.01945136
0.51151130
-0.28156748
-0.18486264
-0.18436212
0.06521668
0.13480462
0.02921058
0.12087877
0.40425221
0.19408353
0.11091539
-0.09938559
-0.30735228
-0.00827014
0.30400144
-0.33099276
0.16555404
0.07327159
-0.20239586
0.52790067
0.07999961
0.15048219
-0.12860448
0.14115962
-0.22572186
-0.39343892
-0.28208420
-0.16582072
0.11302773
-0.38459084
-0.01776354
0.15358462
0.05295379
0.36591144
0.07250544
0.10912293
0.06475045
-0.27268148
-0.01143559
0.10096058
0.04223565
-0.00377521
-0.04441451
-0.11424822
0.25921264
0.30094524
-0.00383315
-0.28163634
-0.00615686
-0.26374607
-0.25042619
-0.18797350
-0.23744738
0.18597024
-0.40061263
0.11871815
-0.20977020
-0.15779211
-0.12750577
0.10124347
-0.11093265
0.01443706
0.30838407
-0.00252194
0.13499468
-0.12451368
-0.07220987
-0.06396555
-0.10712488
0.07144220
0.52322317
0.03986049
0.03901693
0.20634658
-0.12555717
-0.02329907
-0.01751463
-0.08847993
0.00448752
-0.12032780
0.01204973
-0.18689781
0.07987912
0.06611133
0.31817477
-0.06814714
-0.06150958
0.28725427
0.18289806
0.15575107
0.21120859
-0.10594947
0.22507612
-0.39728214
0.13070472
0.12169561
-0.06935726
-0.11685777
-0.06358752
-0.10913567
0.37925010
-0.12608684
0.06876094
-0.06313747
0.51935498
0.07967213
-0.10945871
-0.10126035
0.08989849
0.08824413
-0.03543088
-0.01502803
0.04241179
-0.12395359
0.14311182
-0.02084202
-0.13919551
0.15487911
0.26600404
-0.08104454
0.43674075
0.18647129
-0.25760796
0.21224152
0.00774766
-0.01098054
-0.09218655
0.32458797
0.14984215
-0.21228322
0.35798668
-0.04615724
-0.01803384
-0.11473986
0.02744614
0.00865667
0.09622229
-0.61699777
-0.41948206
0.02438156
0.07108483
-0.09513302
-0.02544674
0.08169907
-0.13734348
0.18965594
-0.03552660
0.28283978
-0.36355400
0.16945454
0.13266965
-0.00780376
-0.29117736
-0.15096868
-0.14226003
0.23651374
-0.24664619
0.01804792
0.28375549
0.13152148
-0.17289533
-0.08837311
-0.17584390
-0.26113742
-0.24183229
-0.09380359
0.02478805
-0.37560457
-0.04170834
-0.05392120
-0.03262812
0.02272622
0.37575809
0.03429578
-0.01409246
-0.32190344
-0.12774055
-0.03124592
0.18382901
0.31480583
-0.12552488
0.15589369
-0.14480368
0.16502575
0.02270681
0.10047017
-0.08031077
-0.06583453
-0.09659517
-0.32481247
-0.38569234
0.18326103
-0.09274638
0.02689318
0.17307461
0.02459675
-0.38843041
-0.22929757
-0.17467510
-0.08841562
-0.20429435
-0.06955929
-0.19061503
0.07808876
-0.25769876
0.04644490
0.26678492
0.37234783
0.07671604
-0.09370756
-0.08775459
0.36123720
0.13290080
-0.18562151
0.02095579
-0.09693717
0.08415642
-0.07408867
0.02165314
-0.18032435
-0.11581369
-0.58084091
-0.21654654
0.08930638
0.19836084
-0.17954540
0.09773200
0.14535109
-0.11370148
-0.41954854
-0.11297441
-0.12752058
0.03391546
0.15813393
0.26556246
0.04120258
0.24967604
0.27450649
0.05617865
0.02506199
0.09162023
-0.42594949
-0.28137005
-0.03841261
-0.49913839
-0.22321070
0.25772871
-0.04356493
-0.01684057
0.11195164
0.48343196
0.24840100
0.03097348
-0.18441385
0.02556415
0.23872381
-0.12583885
0.18905871
0.16267021
0.02616134
-0.00731736
0.18738305
0.11366647
0.01057115
0.30936253
-0.12760425
-0.01884351
-0.19504498
-0.31185561
0.19966533
0.10530602
0.05962409
-0.16269794
0.08895596
-0.20852756
0.12952729
0.10830437
0.05167706
0.19008915
0.16789629
-0.21964306
-0.03986599
-0.31231479
0.13506410
-0.04945212
-0.13952050
-0.07850448
0.16680142
0.29523656
0.04697256
0.14153943
0.07931867
0.04926703
0.03814094
0.12759878
0.08514463
0.06458318
-0.06962858
0.04236765
0.06153794
-0.06297392
0.03564167
-0.06229642
0.29418479
-0.04192249
0.20848965
-0.05463772
-0.27200846
0.26285276
-0.05773616
0.12409051
-0.10956443
-0.12204405
-0.17977895
-0.05011320
-0.04619747
0.15085598
-0.07170024
-0.06717020
-0.02705647
-0.18235090
-0.22120179
-0.27006912
-0.01776238
0.01010021
0.22759461
0.03348055
0.13661412
-0.16616971
-0.22265184
-0.10773791
0.01861868
-0.19960987
0.08485489
-0.31030577
-0.25310212
0.30704843
-0.01019852
0.15318758
0.20594077
-0.22958717
0.09923227
0.17151688
0.11994360
0.33761557
-0.14221274
-0.12657022
-0.00339821
0.06202072
-0.05720728
0.22194552
0.18934754
0.00479989
0.04880583
0.16500830
-0.00117598
0.03219303
0.23615767
0.26628808
-0.07744344
-0.21697899
0.01568350
0.28069263
0.00637685
-0.06381559
-0.13170850
-0.39479280
0.21260688
-0.03064796
-0.12659580
-0.40148463
-0.17725350
-0.47507135
-0.63094450
-0.17600520
-0.44239074
-0.60170282
-0.27098161
-0.71074675
-0.34579923
-0.44689672
-0.12344971
-0.17323212
-0.29158408
-0.06808698
-0.42099471
-0.08186197
0.13449479
0.01270309
0.31929129
0.22044421
0.53667166
0.18190263
0.33428169
0.38686233
0.39548673
0.73261951
0.51527776
0.73333030
0.63957177
0.61253753
0.33469330
0.52931197
0.47324300
0.38354217
0.37371260
0.31189644
0.25564852
0.21526143
-0.23434278
-0.09102262
-0.03249208
-0.01110772
-0.35197212
0.00070887
-0.49167753
-0.16039063
-0.10954375
-0.63565307
-0.31924772
-0.46246325
-0.50102625
-0.53422194
-0.39919611
-0.64541042
-0.50108516
-0.33724935
-0.24731231
-0.50957595
-0.38434481
-0.22417712
-0.06981985
-0.23196851
0.02925713
-0.17743135
-0.10533475
-0.31067762
0.12423737
-0.01543606
0.13790513
-0.26018132
0.14678766
0.06252114
0.43074513
0.12032062
-0.13912749
-0.15729876
-0.02532935
0.05143670
-0.19900189
0.00860914
0.33217365
-0.28733066
0.06649219
-0.09218115
-0.27650488
0.12508756
-0.09016144
0.24671089
-0.26639963
0.25686299
0.19806803
0.02411464
0.06449504
0.32418640
-0.10565974
-0.06205829
0.17664081
-0.13858162
0.05771615
0.34229694
-0.11021294
-0.36694774
0.11994565
0.24924423
0.00135501
-0.01191132
-0.30538613
0.12321088
0.32309417
-0.05612989
-0.27642094
-0.03228999
0.25429321
-0.20857398
0.20592680
0.20222499
-0.22735595
0.58505805
-0.18251990
-0.04350651
-0.11228023
-0.26058307
0.06203342
-0.07424792
0.03225125
-0.27788440
-0.04987455
0.24983420
0.07722567
0.00555709
-0.02055111
-0.27190344
0.33550092
0.25563194
-0.03694994
-0.15574145
0.15043767
-0.11019067
0.07643210
0.02026511
0.22542670
-0.07786771
-0.18926188
0.13448365
0.07515467
0.09024305
0.03824531
0.11702863
0.28206909
-0.05440654
0.44151557
0.12473970
-0.35900037
-0.17492695
0.15180134
-0.15459509
0.20444354
0.05800122
-0.09636405
0.10506395
-0.27311167
-0.53551164
0.08737252
-0.09116782
-0.07239106
-0.00957481
-0.21311188
-0.02079811
0.03415707
-0.17009781
-0.08739182
-0.31998346
-0.04564936
-0.07045419
-0.09221485
0.17903355
0.28821437
-0.03905770
0.29420935
0.15136051
-0.05172393
0.24625608
0.64860959
0.20834359
0.42606888
0.30038517
0.42856255
0.18497704
0.06933315
0.10100042
0.22506312
0.09462478
0.09209879
0.27824983
0.19847486
0.00137633
-0.11082034
-0.16368022
-0.41970596
-0.11839950
-0.29777238
0.00868507
-0.16361660
-0.28196161
-0.03857940
-0.48837866
-0.72992064
-0.50011797
-0.42637771
-0.51568307
-0.50240690
-0.44485006
-0.58658297
-0.52504504
-0.22533872
-0.10120922
0.35253506
-0.15864060
-0.25149812
-0.25263422
-0.07495645
0.33891721
-0.12398751
0.37266410
0.22505144
0.06079423
0.35066892
0.45523494
0.21754488
0.05458917
0.62581441
0.32404678
0.22513482
0.14171428
0.04894915
0.12082173
-0.01963257
-0.12805330
-0.10864474
0.14871953
0.44490200
0.13500512
0.10740158
0.10725408
-0.28482954
0.20203392
0.00199098
0.06641140
-0.03639566
0.06800798
-0.34231091
-0.13067440
0.23089736
-0.15644633
-0.07555008
-0.07086146
0.14750469
-0.20422685
-0.04369138
-0.11730916
-0.17877133
0.15209668
0.11122268
0.25983617
0.19342555
0.04542801
0.01738358
-0.18282780
0.23981537
-0.11495967
-0.21258991
-0.01074912
-0.23043395
0.12134600
-0.06954805
0.04052052
0.07862175
-0.07714837
-0.05772065
-0.24227784
-0.10234488
-0.01340447
-0.14002517
0.08741475
0.29568338
-0.05781083
0.14918106
0.37047069
0.07450756
-0.27874441
0.35987873
0.29151663
0.28925882
-0.03348588
0.07786138
-0.14852028
-0.10815317
-0.28837394
-0.02108533
-0.00506512
0.15572501
0.08185277
-0.07541710
0.26319767
-0.36259440
-0.04945973
0.44726059
0.06399382
-0.09073318
0.18296140
-0.05898741
0.11516104
0.02427397
-0.19582926
0.22404592
0.34449742
-0.08905739
0.08478456
-0.05313446
0.02432850
0.07708188
-0.06968466
-0.12177063
0.08846984
0.01088198
0.24704075
0.19919189
0.19168300
-0.06416615
-0.06644114
-0.09496475
0.26846290
0.18400076
0.13629294
-0.25755766
-0.08674036
-0.00820947
0.12050000
0.03587806
0.32840996
0.05554224
0.05272610
0.12394544
-0.41857446
0.04391529
-0.31108925
0.25681365
0.15514950
0.28314618
-0.33453679
-0.02384562
0.37240312
-0.14269479
0.06186872
-0.34726126
-0.39900894
-0.16502933
-0.20667829
0.31473804
0.10877613
-0.07166311
0.22934488
0.03612364
-0.19753580
0.12280977
-0.00062394
-0.13909906
0.00408656
0.17918238
-0.02130908
-0.17386694
0.07237999
-0.46028138
0.07611616
-0.08278591
-0.06977918
0.04925516
-0.20214710
-0.28657683
0.01851653
0.11260416
0.01969214
-0.07180227
0.05285325
0.12969724
-0.23710649
-0.10524107
0.19630873
-0.13187947
0.07281079
0.28532248
-0.36324494
-0.04170410
-0.14137781
0.51702799
-0.03421596
0.04775128
-0.27414771
-0.09921312
-0.10708713
-0.32693239
-0.08654930
0.34141547
-0.10987620
-0.19449990
-0.03635954
-0.06040172
-0.08300530
-0.04103786
0.09254670
-0.18339070
0.08217618
-0.13383755
-0.21152319
0.12590862
0.20106343
-0.21778755
0.48221665
-0.06950126
-0.09408329
-0.04850133
-0.07235370
-0.43378804
-0.05827032
-0.24040330
-0.04147640
0.01464947
0.10093219
0.12870494
-0.27212171
-0.46719345
0.04177151
0.28837446
0.14498341
0.03404600
0.04974952
0.03894311
0.10560215
0.24214888
0.04955408
-0.10211893
0.25383106
-0.16356069
0.00152019
0.28804641
0.08959117
0.06045649
0.14501399
-0.29847827
-0.18013697
-0.31028277
-0.11434101
0.24545025
0.06078751
0.13499289
-0.13285077
-0.18475310
0.01078422
-0.28114165
-0.29897158
0.13034154
0.16875682
0.27939246
-0.12352378
-0.26151284
-0.08642963
-0.11534914
0.18060715
0.00456226
-0.03526345
0.09810177
0.30683086
0.00725444
-0.01323738
0.18598575
-0.41674589
-0.02414065
0.03092159
-0.05943858
0.30121251
0.12866171
-0.15954068
0.13535808
-0.13998853
0.21621960
-0.22134124
-0.04478038
-0.03579334
0.19057992
-0.08144213
-0.25609405
0.13329369
0.24577823
-0.13745949
-0.16346617
-0.21729416
0.04183797
-0.19389488
0.28414558
-0.13977681
-0.16272040
-0.09813237
0.04251694
-0.14878837
0.32223945
-0.25932274
-0.24262032
0.01612021
-0.12278398
0.09369704
-0.40667538
-0.05242795
0.11138198
-0.02888705
-0.13750305
0.33873062
0.06658158
-0.21870997
-0.05015589
0.19205255
-0.01457960
-0.28861546
-0.26147733
-0.00511839
0.05798168
0.05716779
-0.03350823
-0.02172257
-0.04153112
0.03912963
-0.06931292
-0.03780746
0.27913958
-0.10357999
0.19313435
-0.21732477
-0.05984097
0.08992245
-0.00165084
-0.14031028
0.30543945
0.27937388
0.06878869
0.20856699
0.05951772
0.14302883
0.05030408
-0.11076793
0.08252665
-0.14216783
-0.01009712
-0.09364728
0.18320684
-0.14804320
0.06191296
0.07428987
-0.10919951
0.02821139
0.05177232
-0.47143100
0.08755223
0.00181713
0.11280464
-0.09465019
0.12895322
-0.26836817
-0.20429096
-0.42367906
-0.18290294
0.36886051
0.02033553
0.25107800
-0.04986516
0.15165199
0.40876726
0.12857937
0.10513476
-0.05247125
-0.21172756
0.44094559
0.13359553
0.16577282
-0.10085765
-0.43471039
0.19257891
-0.06547972
-0.08493211
0.18990307
-0.11886929
-0.36748413
-0.02464843
-0.07547051
0.14378121
-0.04040222
-0.31875870
-0.06267237
0.32428399
0.10686249
0.30054662
0.16910524
0.12851806
-0.31844979
0.38827783
-0.17917703
0.30438304
-0.27360475
-0.11018325
-0.16675143
0.12234659
0.09371300
0.30857600
0.09833042
-0.21698118
-0.05795762
0.20722789
-0.18634866
0.19590719
0.21614883
0.09609890
-0.06877968
0.04429181
-0.32206081
0.09081931
0.28754561
0.03176075
-0.13022930
0.15172479
-0.04849900
-0.27384876
-0.25352018
0.02379875
0.01959378
-0.08196231
-0.05561081
0.14741769
-0.08403961
-0.09413799
-0.03431935
-0.11204473
-0.01105380
-0.15694798
-0.29212047
-0.08775375
0.04847741
-0.25896100
-0.39965528
0.21054969
-0.12775505
-0.11299098
-0.19301716
-0.24161429
0.27870553
-0.04249518
0.10179068
0.03047241
0.14343223
-0.21411459
-0.29157151
-0.07506031
-0.26417548
0.08274317
-0.07059468
-0.22445723
-0.08236701
-0.23810515
-0.04798237
-0.07093270
-0.16249318
-0.06465006
-0.09451312
0.19532330
0.32417043
0.11120853
0.12186752
-0.11507376
0.16201944
-0.05411452
0.19024951
-0.08495922
0.19897141
0.03053725
-0.01947706
-0.52495060
-0.17628549
-0.15054190
0.46132305
-0.19430222
0.15805883
-0.02518193
-0.14257672
0.35787897
-0.07135386
0.15141796
-0.23277109
0.05513528
-0.21375800
0.20024405
0.13750587
0.22407706
-0.08926082
0.48897815
0.38063745
0.10191179
0.10473856
0.05945816
0.30175953
-0.32166189
-0.40284886
0.11629434
-0.39424690
-0.07806740
0.10589298
-0.09047091
0.01256748
-0.19316158
0.00012775
0.24113405
-0.13500337
-0.21338338
0.04634253
0.10769180
0.08929673
0.01914274
-0.07990560
0.07781878
0.03794112
-0.23787463
-0.31767084
-0.00483507
0.21423996
0.27581372
-0.31980360
0.17532567
0.06637391
0.04279517
0.12911380
0.25149062
-0.00713337
-0.09047172
-0.19268605
-0.03591965
0.22009696
-0.24075666
0.21130949
-0.44944714
0.00538524
0.07191019
0.11633998
-0.32408371
-0.01965160
0.02887555
0.28797216
-0.09388311
0.17232772
-0.28515836
-0.24443717
0.09089112
-0.01610102
0.28282214
-0.09243659
-0.11748055
0.01738087
-0.27413970
0.09612913
0.16558644
0.00028649
-0.09877251
0.24908494
0.23964605
0.04933740
0.07667405
0.30436508
0.25793066
-0.00354654
0.16533381
-0.08440415
0.09202061
-0.11600210
0.12676082
-0.04448409
0.06051747
-0.13354800
-0.02001120
0.09149722
-0.07131971
0.31081664
0.08209501
-0.26526923
0.01573430
-0.07999451
0.02665931
-0.18153518
0.17128700
-0.15983450
0.32347628
0.26488313
0.27616767
0.09106040
0.17083345
-0.11017328
0.14630514
-0.02822494
-0.04666662
0.29588580
0.16170130
-0.23669320
-0.03225267
-0.06032014
0.14419584
-0.15488717
-0.22423222
0.18245300
-0.19351452
-0.47512716
0.20590951
0.30079664
-0.04945920
0.31651694
-0.16499998
-0.22336751
0.26282559
-0.02519065
0.04097122
0.03692322
-0.03301675
-0.24257665
0.03718863
0.04790260
0.14010675
-0.01421188
0.26258783
-0.10270103
0.09953724
0.00152806
-0.02119743
-0.24642744
-0.22562550
-0.30060331
-0.37824126
0.10798760
0.04604063
0.21216655
-0.22965681
0.14470094
-0.28645255
0.28666757
0.28494310
-0.09247293
0.18702378
0.17797129
0.03430545
0.04251537
-0.01978819
0.15234315
-0.01295571
-0.00754935
-0.18729230
0.17632468
0.18364014
0.14869666
0.06319738
0.01984947
0.19138687
0.20487274
-0.49167734
-0.23925514
-0.28156851
0.13543341
0.51870324
