0.14979907
0.10462651
0.11255031
-0.80953408
0.41822884
0.11630177
0.15230383
-0.05967852
0.04945173
0.09483103
-0.15627860
0.02248780
-0.18597967
0.36625671
-0.37145457
0.13544682
-0.06960567
-0.25608629
0.55265028
-0.00422181
0.55599871
-0.80664299
-0.53090183
-0.50070259
0.21205528
0.17838719
-0.58629265
-0.27991109
0.36280974
-0.16054038
0.10498071
-0.13322832
-0.25871319
-0.57827392
0.02392672
0.21159226
0.09053886
-0.58451045
0.09885645
0.66381547
0.14412599
0.27604291
0.06585432
0.50145060
-0.45145984
-0.11449795
-0.00113740
-0.11086286
-0.44782555
0.21262724
-0.25974450
-0.45628953
-0.00260225
0.83397053
-0.04126778
0.41136829
0.35148850
-0.00011074
-0.75890416
0.37619074
-0.77355359
-0.68246258
0.20898858
-0.06299148
-0.24104248
0.16396037
-0.32447819
-0.48882035
-0.29547630
0.38491827
0.11229670
-0.03905662
0.31656415
-0.00349283
0.31612796
0.04005533
0.47645569
0.14079099
0.01780586
-0.19726832
0.39242912
0.23213368
-0.08990201
0.03011349
0.36556922
0.30485698
-0.15773346
-0.18097073
0.03713138
0.04549391
-0.13012631
0.38701291
-0.35541496
-0.01499087
0.06306628
0.14959696
-0.39293204
-0.42976320
0.60983811
-0.22152983
-0.64031418
0.15883550
-0.32103076
0.26721322
0.07183024
-0.19402488
0.55206219
0.08984312
0.64315161
0.08057553
0.27937858
-0.50628454
-0.01171438
0.69807157
-0.16402338
-0.24510907
-0.26086331
0.23921785
-0.23584778
0.21055442
-0.05046824
0.20538050
0.12669062
-0.42388890
0.36185482
0.03478539
0.37065211
0.34464941
-0.33661502
0.07196111
0.16751637
0.07214890
-0.42485108
0.42129680
-0.34072625
-0.47057326
0.29790117
-0.15791705
0.26547235
-0.55683811
0.00705493
0.26084149
-0.13104125
-0.15002045
-0.56543705
0.12793879
0.34276514
0.06876176
0.46463022
0.20861210
-0.07605138
0.05674525
-0.11319283
-0.21934550
-0.41161716
-0.18083059
-0.44938329
-0.25803315
-0.06272150
0.02053916
0.14370949
-0.46600143
-0.36378771
0.26433358
0.44858197
0.60206242
0.09416521
-0.32018260
-0.18920300
-0.04931580
-0.28778759
-0.19941197
-0.32574615
-0.30164857
0.07891205
-0.33275558
0.51350949
-0.41739608
-0.02038484
0.50532244
0.05469162
0.08926202
-0.65081741
0.33596906
-0.09411050
-0.49563374
0.39544101
-0.05743677
0.08872814
-0.04673704
0.61932183
-0.25083426
0.15428533
0.08143852
0.20767717
-0.23923622
-0.21844784
-0.17110227
0.46565904
-0.11426334
0.06646879
-0.08386548
-0.11780479
0.01692122
-0.08360597
0.11996406
0.27860249
0.20607663
0.31054538
-0.31888681
0.42237346
-0.32609773
-0.09144670
-0.31268089
-0.55192759
0.27923526
0.67245602
0.04420289
0.23750777
0.03175514
-0.08257486
0.36838937
-0.25764123
0.07378854
-0.06222251
0.08018677
0.39050026
0.11246338
-0.31886748
0.39719302
-0.36932483
0.09677680
0.11826373
0.22060515
-0.17265700
0.36995890
-0.40046299
0.29020949
0.27747136
-0.56483130
0.38714795
0.67360723
-0.41196100
-0.08404270
0.45290387
0.67681285
-0.88112132
-0.04829143
0.05772221
0.39413319
-0.42573694
0.13699408
-0.06658836
-0.05716311
-0.18433264
0.62405829
-0.11293713
0.00654139
-0.20848307
-0.52952216
-0.30385827
-0.51568868
-0.21247452
-0.00980906
0.10857938
0.15017291
-0.44878312
-0.17318078
-0.16597335
0.41753994
0.23397999
-0.12605562
-0.06952484
-0.35971832
0.41997062
-0.14440060
0.49277030
-0.35524962
-0.31350367
0.35072136
0.01060217
0.20254875
-0.31059656
-0.23776879
0.17333023
0.23129020
0.56576085
0.00183159
-0.06695392
-0.12028030
-0.20002461
-0.47231200
0.74540497
0.46770861
0.28053747
0.52527583
0.56372879
0.85711542
0.04886418
0.12118289
0.30518623
-0.07603801
-0.43123644
-0.18840239
-0.34173629
-0.40117190
-0.11541991
0.07883281
-0.03417453
-0.49973975
-0.33748892
-0.28663818
-0.08249843
0.12201394
-0.62111376
0.40383821
-0.23830134
-0.22718765
-0.41308068
0.19957464
-0.24637142
0.07634008
0.54086088
-0.00931032
0.18745612
-0.07744119
0.32724866
0.36422725
0.13982320
0.36929147
0.26227768
-0.28375452
-0.37958445
-0.64043493
-0.46750636
-0.18760205
-0.09173189
-0.56578299
0.42292410
-0.11697917
-0.51650672
0.11717265
-0.37304200
0.07290852
-0.03525885
-0.09400120
-0.18941265
-0.00745937
-0.53756903
0.35032703
0.12035735
0.02998527
-0.21968621
-0.34558805
0.09688842
-0.01034134
0.36535286
-0.22183992
0.19477977
-0.18024637
-0.41424691
0.27223741
-0.19073928
0.06905628
0.26290097
-0.12312944
-0.20409731
-0.16483856
0.21138423
0.01215491
-0.12909562
-0.24131924
0.06667527
-0.04327309
-0.55956372
-0.07317779
0.29330087
0.22010084
-0.08590320
-0.00051614
-0.35125492
0.37434677
0.27313009
0.08516272
-0.25664804
-0.69848145
0.07090162
-0.19460402
0.01507353
-0.13436056
0.51771880
0.32128342
0.01764312
0.53615187
-0.05946126
-0.02484343
-0.13216855
0.03574811
-0.06801537
-0.30100172
0.26012931
-0.45422313
-0.39444212
0.28213441
-0.43302378
-0.21503113
0.24373772
0.29323227
-0.24855689
0.03605178
-0.30612666
-0.20569359
-0.19024778
-0.56929255
0.12786931
-0.44917719
-0.35610062
-0.11691664
0.14886216
-0.51534384
0.17039659
0.34265997
-0.15268811
0.20866685
0.52801194
-0.24220383
0.10837386
0.05667584
0.21886090
0.66363453
-0.15733123
0.09931291
-0.09812814
-0.35636713
0.41769571
0.11061951
-0.33424529
-0.15050127
0.05630359
-0.11410135
0.14370974
0.49613058
0.43687618
0.22622562
0.63857841
-0.12824862
0.17472761
-0.01245656
0.16041162
-0.16476114
0.14836286
-0.21780343
-0.11809539
0.19870719
0.27743901
-0.29790977
-0.13898609
0.37659418
0.09137575
0.13572948
0.13919562
-0.21182148
-0.31644304
-0.00205016
0.64305404
0.03469485
0.11082872
-0.17102672
0.16769544
-0.19048717
-0.03436726
-0.11866395
-0.10541984
-0.18919427
0.10842699
0.28713886
0.19052334
0.13375514
0.21506220
0.75048134
0.08721082
0.12997751
-0.22418883
-0.32051284
-0.59622315
-0.42817083
0.13811137
-0.35119876
-0.11031132
0.32393810
0.29035092
-0.17349902
0.35055939
0.10296034
-0.24286340
-0.29755319
-0.15667545
-0.54935631
-0.16595003
-0.14247775
0.41633942
-0.13378382
-0.35795396
0.00078741
0.21902220
0.71509353
0.23998722
-0.57081906
0.04150253
-0.12238134
0.60605932
0.09596079
0.44436528
-0.33517129
-0.29308378
0.24473615
-0.05816395
0.15438043
0.00971937
0.19662624
0.07059871
-0.26545615
-0.14487200
0.06826446
-0.42102333
-0.05548577
-0.04629633
-0.37898962
0.24134346
-0.57458881
-0.61268342
-0.09025221
0.08397757
0.04608525
0.03917093
0.40455053
0.76799858
-0.43468922
0.07624647
-0.02917818
-0.30940081
0.19810522
-0.14827087
-0.28484731
-0.37110772
-0.24185784
0.10800542
-0.05657599
0.06964468
0.21368082
-0.00808431
-0.29678199
-0.10119996
0.71655150
-0.16715607
-0.54689235
-0.16935680
0.40718499
0.17926043
-0.18201591
0.07946830
0.01689766
-0.21397621
-0.43362157
-0.16941808
-0.26316673
0.55028181
0.03495779
-0.79656190
-0.23853241
0.41205660
0.65977563
0.04617124
-0.34659051
0.25179563
0.14500000
-0.01099245
-0.40914208
-0.28659807
-0.69807427
-0.13494299
-0.33596753
-0.15817041
0.01358682
0.35509023
0.23785157
0.19893606
0.14166921
-0.94999183
-0.29657208
-0.07347138
-0.25943913
0.28783079
0.15091889
-0.06909294
0.17358356
0.04179288
0.37288843
-0.08308734
0.16552061
0.00431676
-0.35110882
-0.16887225
-0.22912219
0.30679055
-0.86618848
-0.49898527
0.38159151
-0.45823316
0.32028899
0.33511964
-0.58785287
-0.05818499
0.27062935
0.38707152
0.56181753
-0.45805874
-0.25684130
0.03066676
0.29482929
-0.06171359
0.35586382
0.44323112
0.04974400
0.06506511
0.04269036
-0.29394319
0.57052058
0.25527689
-0.21899450
0.34899626
-0.05999356
-0.00801719
-0.04956013
0.03395649
-0.23904349
0.42446236
0.05962953
0.20852112
-0.01949645
0.37661999
-0.03188846
0.94637002
0.09931546
-0.08351569
-0.03892397
0.24786300
-0.30827525
0.20518828
0.09571038
-0.13456362
0.08441844
0.08625765
0.40572580
0.17599170
-0.21080247
-0.27677697
-0.56997430
-0.48842533
-0.18272957
-0.10545997
-0.70513908
-0.03628402
0.15582823
0.31503588
0.40634280
-0.02845791
-0.22209013
0.50708570
-0.17653985
-0.22304983
0.36390217
0.27021802
0.13576757
-0.24052337
0.09792628
-0.23015908
0.42359635
-0.29853011
-0.23240405
-0.20568092
-0.16897252
-0.46487789
0.07626125
-0.20013972
0.30658374
-0.48454453
-0.08504411
-0.38843690
0.12584898
0.46541378
-0.05377836
-0.16214551
-0.21695293
0.10264615
-0.19400959
-0.66642610
-0.05771386
0.30649406
0.07114525
-0.14480072
0.11478497
0.02751477
-0.16470358
-0.10180704
0.49865091
-0.09006374
0.17625516
-0.08095944
0.23790585
-0.19788083
0.05283277
-0.10906830
-0.19101729
-0.09517604
0.20965693
0.08053860
0.30507325
0.40206158
-0.24178483
-0.58554399
0.45206302
0.29536387
0.21478965
-0.59927879
-0.35161710
0.44310588
0.17257850
0.57350482
-0.05468194
-0.18650640
-0.06967412
-0.09431860
0.55415641
0.27573138
0.38185524
-0.26537219
-0.24361489
0.03483677
0.24258064
0.13852666
0.17812552
-0.55831514
-0.27449305
-0.19247283
0.20000973
-0.03018632
1.07327039
-0.22684803
-0.31036692
0.40856166
-0.23645738
-0.18272640
0.05532024
0.17226736
0.00734194
0.21804935
0.61503530
-0.05704578
-0.21344256
0.54281188
-0.29343382
0.17755379
-0.02677601
-0.12488874
0.12537428
0.31287895
0.33829969
-0.15250622
-0.27034324
0.26251627
0.22904935
-0.27829402
0.05432833
0.13647936
-0.24902583
0.27826723
0.14418920
-0.06263768
-0.41839518
-0.11374546
-0.41758640
0.01690649
-0.13702179
0.06493773
-0.19751850
-0.42050955
-0.33514080
-0.17002009
-0.04988641
0.13864906
0.05010161
0.54228436
-0.16313161
-0.25711927
-0.16187518
0.19409355
-0.08612048
-0.16770888
0.26611975
-0.24368874
-0.16825233
0.15248783
0.24227972
-0.10285600
-0.15629624
-0.34997538
-0.16905105
-0.18124502
-0.02883792
0.36457606
0.73333335
0.04324350
-0.12871876
0.22680851
-0.12971825
0.46056820
0.16342060
-0.61713909
-0.03354267
-0.10584179
-0.05868626
0.40661944
-0.67425400
0.14923805
0.15123902
-0.29495185
0.03418571
0.16618724
0.28896022
-0.05550803
0.08244643
-0.21868879
0.33847880
0.81355820
0.30793778
0.18496674
-0.07811018
-0.27721664
0.13775095
-0.09991011
-0.02334474
-0.30305666
0.36480397
-0.47228805
-0.18398030
-0.02173543
-0.23685338
-0.20189495
-0.14057838
0.59221675
0.13126881
-0.12922501
0.07205374
-0.13000320
-0.16722667
-0.04406853
0.13589564
-0.33660568
0.12791722
0.00382401
-0.09289306
-0.06326929
-0.29359124
0.04658817
0.24190259
-0.25304159
0.00470542
0.26862120
0.49948839
0.00406802
-0.04370952
0.01316653
0.13589906
0.03978515
-0.07396720
-0.26027951
-0.34426738
-0.26490607
0.25766733
0.09068686
0.17053873
0.08064908
0.74191406
-0.06518597
-0.13835967
-0.18383524
-0.16169818
0.29555436
0.46507208
-0.37964962
0.42403150
0.09610698
-0.00720670
0.19729267
0.16153933
0.19032897
0.29503070
-0.30814066
0.04788583
-0.12397114
-0.48905037
0.75453706
-0.02584421
0.17667235
0.13372632
0.47792617
-0.36001169
-0.09468289
-0.08267116
0.58618647
0.08424287
0.06800024
0.24660933
0.08962807
-0.32518640
0.05748539
0.45941516
0.49753492
-0.29036496
0.28997714
0.08814765
0.13470017
0.32781276
0.20397786
-0.11207675
0.24556047
-0.13057164
0.63452698
-0.07210997
0.81999341
-0.58771176
-0.20402448
0.30554181
0.12894044
0.61586731
0.16097474
0.64511851
0.30610079
0.05097332
0.65342875
0.06863427
0.35215075
0.14714196
0.13769661
0.07950588
0.22467808
-0.02779256
0.19237917
-0.11405020
0.19204757
0.41847992
0.18464472
0.25624865
-0.10273360
0.16924004
0.05075003
0.51706881
-0.31670504
-0.60372783
-0.24347768
-0.21492915
-0.68534866
-0.58075957
-0.85333038
-0.12840857
-0.79350143
-0.31354119
-0.82171854
-0.96172240
-0.90681709
-0.95657841
-0.33328954
-0.58537869
-0.30212596
-0.09428966
-0.76583336
-0.86401737
-0.32072146
0.37961501
-0.55688725
-0.02426361
0.34927456
0.49674051
-0.15543875
0.36379660
1.14666761
1.32763432
1.16389427
0.58044644
1.05249908
0.86973369
1.30880449
1.74171447
1.23054945
1.13448491
1.35429347
0.96839307
1.32491147
0.67965056
0.61796123
0.45175141
0.90247412
0.48200994
0.47726177
0.65660725
-0.39500832
-0.59475257
-0.13879967
-0.16746796
-0.39896965
-0.82753111
-0.75406407
-0.26574883
-0.83284813
-0.78489165
-0.83645934
-0.74728681
-0.75681725
-0.78970004
-0.26670335
-0.95251609
-0.37790977
-0.34985623
-0.63164034
0.21665188
-0.42671608
-0.46470414
-0.00461231
-0.52372293
-0.32008212
-0.46758928
-0.38969369
-0.05596429
-0.19580031
-0.09623579
0.27124042
0.68986497
0.33472159
-0.20580736
-0.02758251
-0.07888580
0.27305433
0.16148514
0.49383872
-0.40407066
0.00859208
-0.22446529
-0.02502600
0.06920503
-0.22795597
0.07074204
0.47744878
-0.07344892
-0.51951488
-0.31426338
0.09729334
-0.02431465
-0.01001435
-0.66293927
0.48127325
0.03686190
0.32159825
-0.27089791
0.37005056
-0.78561556
0.04300347
0.36262925
-0.37901302
-0.11283757
-0.55998884
-0.27443232
-0.12166102
0.09044684
0.46483158
0.09174972
-0.32456232
-0.11883901
0.32042944
-0.29562245
0.03358165
0.10567046
-0.23647545
-0.12337155
0.00685728
-0.50575690
0.18938390
0.04966188
0.02283628
0.05776959
-0.39181439
-0.42737238
-0.33368664
0.32022384
-0.02986497
-0.34933900
-0.27309006
-0.25158961
-0.57846424
0.24987650
-0.21905510
0.44154717
-0.13443922
-0.13877476
-0.54062250
0.81972165
0.30687044
-0.78344871
-0.06550052
-0.03841688
-0.70034700
-0.60898074
-0.03615444
0.11531497
-0.14827146
0.36835711
0.03812348
-0.18662477
-0.22326255
0.16391569
0.12943468
0.27429974
-0.30364906
0.19268132
0.07665738
0.01412247
-0.17720579
0.18085053
0.39507040
-0.06715303
-0.08238947
0.07836038
-0.18779053
-0.15999696
0.08555445
0.02000852
0.08624775
-0.22093947
0.01313634
0.19250226
0.38571584
0.57066593
0.02798107
-0.44570161
0.05654691
0.51297839
-0.16094228
-0.09050518
-0.17587119
0.16251260
-0.48788338
-0.02907859
-0.26051830
-0.06505794
0.18734869
0.24251542
0.22117550
-0.00630092
0.04682559
0.29311295
-0.13597270
-0.15608245
0.27709827
-0.15732550
0.06069978
-0.32580808
-0.25738679
-0.60357346
-0.45973241
-0.43303253
0.32605396
-0.67246719
-0.14517624
0.35693663
0.03609103
0.01152702
-0.35167218
-0.45180036
0.34606935
-0.13533504
0.29999963
0.05995461
0.81864604
0.31604759
-0.11745696
-0.04103352
-0.35522201
0.34981689
0.44270760
0.29124431
-0.12498318
0.52867282
0.51142382
-0.54888296
-0.02533250
0.31302324
-0.27528419
0.34651984
-0.28115938
-0.61944850
0.00782087
-0.38757065
-0.08324002
0.16552039
0.11575904
-0.00587395
0.40975656
-0.12118010
-0.25109280
0.25909792
-0.19651757
0.11966122
0.26734562
-0.21173186
-0.64324019
0.04190985
0.13455424
-0.28032161
-0.03739571
-0.34573959
0.05657634
-0.21286213
0.10007104
-0.23730082
-0.55001778
-0.52678993
-0.19613123
-0.41728236
-0.13382216
-0.16887709
-0.16082670
0.15624658
-0.17071255
0.13025590
-0.43107100
0.60305200
0.34365540
-0.06322420
0.15865688
-0.02175257
-0.27472792
0.56988346
-0.25033001
-0.52727896
0.32262340
0.27314704
0.36449712
0.89871528
0.58699197
0.19308883
0.19527211
0.00540539
0.09982109
0.33856457
0.48361218
0.23075909
-0.11565747
0.21594782
-0.45410866
-0.25389257
-0.15189492
-0.12208473
0.45428154
-0.07470119
-0.26619526
-0.16805766
-0.45376515
0.03071882
-0.49740425
-0.26340861
-0.35381924
0.45870072
-0.14768407
-0.30849481
-0.19059322
-0.26524837
-0.36140296
0.14809379
-0.02058464
-0.13090498
0.09892733
-0.11622184
0.22718436
-0.59922446
0.66934370
-0.32692225
-0.16989543
0.14633600
0.37753028
0.03392828
0.23955628
-0.63491186
0.23861010
-0.22868619
0.33204971
-0.15864310
-0.48104991
0.28481113
0.13413904
-0.09996763
0.08826118
-0.15378564
0.20320057
-0.05823506
-0.39871531
0.01395289
-0.00784493
0.31068338
-0.49403363
0.40596339
-0.49826741
0.36521405
-0.45181017
0.22571392
0.27699675
-0.75964948
0.09911477
-0.13816887
-0.37499454
0.25339497
0.38380009
0.06432201
-0.29488599
-0.05766089
-0.13175038
0.03240926
0.26831979
0.54047798
-0.31698619
0.11148841
-0.23367802
0.43253385
0.45144410
0.25270857
0.12217473
-0.07155243
-0.13005418
-0.11486745
0.23754717
-0.01958424
-0.15904972
-0.26784384
-0.17726873
-0.56304708
0.08984784
-0.21574886
-0.19785790
-0.03637614
0.00251525
0.15248482
0.16591282
-0.44448395
0.12476850
-0.11501218
-0.00526111
0.02796689
0.45483864
0.07354529
-0.71088569
-0.48279297
-0.01955911
-0.57276186
-0.21896375
-0.57062657
0.34913164
0.29880123
0.42376927
0.40863059
-0.25194673
0.02396545
-0.05454798
-0.09987161
0.21957526
0.47418608
-0.22534584
-0.30662804
-0.18517123
-0.21494168
0.45461333
0.04424615
-0.01847825
0.40784041
-0.31008879
-0.68805252
0.22383841
-0.16366473
0.75377418
-0.35382463
-0.60309786
0.05474389
-0.03145487
0.10493882
0.17412974
-0.26431084
-0.35515265
0.07413248
-0.16257945
0.06281085
-0.51087224
-0.36872873
-0.39373325
0.09566326
0.20864484
-0.06303412
-0.08965800
0.83654796
-0.33328757
-0.44096936
-0.13237448
-0.18138827
0.36559996
0.07869332
-0.40993938
0.24442175
0.39335603
0.01226161
0.13381806
-0.03053696
-0.47355504
-0.36997670
-0.07557350
0.01229459
-0.01914507
0.67635739
-0.19510091
0.47998604
0.08533956
0.11959413
-0.23031691
-0.06920142
0.27376666
0.08079981
-0.07855833
0.29387222
0.13572078
0.01431051
0.01617962
-0.12367826
-0.41459681
0.05945639
-0.28151145
0.21658278
-0.11268188
0.01926423
-0.59704242
0.79264457
0.25440781
-0.02665597
0.29954022
0.13509969
0.28156693
0.01037026
-0.47406233
-0.32885979
-0.49443352
0.02096856
-0.16380451
-0.24850305
0.19576978
0.22170387
-0.77078094
0.02864107
-0.33353690
-0.07071861
-0.33152801
0.21962738
0.50200532
0.16717311
0.30808955
0.18797977
-0.06130299
-0.16979357
0.64659209
-0.37971201
-0.14921571
-0.22865991
0.19916587
0.25213397
-0.51960969
0.23583217
0.11537608
-0.22336966
0.19873350
0.27409039
-0.38574109
0.65138864
-0.41759088
0.11463565
0.13823946
-0.27709340
-0.24997870
0.06193626
0.03101034
0.22208309
-0.21294369
-0.54234432
-0.17114774
0.14816186
0.21146517
-0.09278930
-0.29559002
0.21374094
-0.27100893
0.23790381
0.24909792
-0.85748201
-0.23387062
0.31727047
0.02334119
-0.06758851
-0.15354049
0.21081938
-0.08514579
0.25962619
0.24526544
-0.22684019
-0.22799738
0.46729843
0.05250198
-0.13182210
0.09253270
-0.44377815
-0.19459358
0.34442859
0.21397697
-0.50425930
-0.25184932
-0.33853994
-0.21770223
-0.21863520
0.54947593
0.26609241
-0.58634658
-0.70435730
0.69013804
0.15232596
-0.02146888
-0.37124149
0.37272866
0.27633616
0.08520255
-0.00851110
-0.12108801
-0.49998929
-0.25526919
-0.19554714
0.22698115
-0.20942614
-0.25580979
-0.16689993
0.24345917
-0.13659675
0.38528354
0.49630472
0.14125604
-0.18088310
-0.39544263
-0.03006696
-0.51473257
0.37201255
0.74363281
-0.16344087
-0.13644532
0.54748103
-0.18110428
0.02413176
0.64096459
-0.05749917
-0.02554265
-1.10239346
0.31286834
-0.33740259
0.18721471
0.11253380
0.10615680
0.15699582
-0.01671042
-0.24043636
-0.44073183
-0.33496291
-0.19912178
0.31593673
0.09558462
-0.82009498
0.51538973
0.05117166
-0.45170019
-0.50773054
0.04173729
-0.16946127
-0.52331838
0.43551657
0.16170525
-0.08935766
0.14960856
-0.14290226
-0.10039038
-0.02071665
-0.27176721
-0.23744746
-0.38124081
-0.14341837
-0.36831649
0.51845090
-0.28816828
0.20421084
-0.48827444
0.56923320
-0.42342582
0.11909253
-0.36052015
-0.33674764
-0.01530343
-0.66093206
0.25765378
-0.25807748
0.17801589
0.63134750
0.08817684
-0.04405844
0.39362110
-0.50637751
0.25410217
-0.30937466
-0.23628108
-0.04740280
-0.14204462
0.38428398
0.15738652
0.02916379
-0.16220808
-0.37358784
-0.12775415
0.46841188
-0.41368584
-0.23380449
-0.10545001
-0.05205935
-0.24686099
-0.10202042
-0.28380473
0.37635403
-0.07897408
-0.36370017
0.03647416
-0.24533256
-0.29781097
-0.64653576
-0.24122249
0.74495615
0.10219448
0.19053241
0.11405581
0.65636036
-0.62451261
-0.06782415
-0.07448981
0.28782097
-0.09821873
0.39215790
0.26275874
-0.13655085
0.68156757
0.14064282
-0.52946488
-0.07813930
0.21565151
0.26823280
-0.13665991
-0.32444017
0.09493251
-0.61666693
-0.04475332
0.30844695
-0.25686270
0.24953521
0.17527704
0.60415767
0.10653749
0.74035771
0.30747640
0.44623894
-0.57749841
0.09147899
-0.03986739
0.22661939
-0.07858631
-0.23362380
-0.57055776
0.30092411
0.12456873
0.05824246
-0.53979577
0.00783031
-0.08439971
0.20233217
-0.43882582
0.26975266
0.59596437
0.35110745
0.43835152
0.08614892
-0.38507892
0.15370692
0.14705980
0.11360773
-0.17587269
-0.19776450
0.31920024
-0.22421101
0.24099370
-0.19783171
-0.46761123
-0.79496655
-0.36050931
0.09244877
-0.12258512
-0.11588514
0.03978906
0.30667742
0.73900127
-0.13139309
-0.10189888
-0.17958869
0.07422153
-0.07602342
0.07434881
-0.42495844
-0.15099790
0.13124177
-0.49404078
0.40532419
-1.26797107
0.13296248
-0.39633686
0.56046386
0.41366420
-0.43498986
-0.15463834
0.18792223
-0.27667472
-0.16971238
0.08058278
-0.13492371
0.47516905
-0.20863901
-0.09228511
1.00925408
0.02988448
0.15215201
-0.57024453
0.17089101
0.29002204
0.05377107
-0.09693937
-0.93068246
-0.18246088
0.15125659
0.06465143
0.19827433
-0.16527522
0.03298933
-0.20403561
0.14260335
0.51920245
-0.08948358
0.02890044
0.04540586
0.26791729
0.15296828
0.47630141
-0.07012705
-0.32081500
0.11344118
-0.08962597
0.00386009
0.52459021
-0.15080685
0.08308408
0.06804872
-0.13087113
0.36440120
0.57680631
-0.40080120
-0.44065505
-0.03556103
-0.13140012
0.31789920
0.19008356
-0.14302143
0.15429493
-0.12878941
-0.33650540
0.49969739
-0.05173265
0.35880082
-0.69051001
-0.57828950
0.10205443
-0.00995795
0.08033595
-0.11180239
0.09333243
0.20769601
-0.01031547
0.07051685
0.26192876
0.20804743
-0.01934641
-0.67485001
0.26649395
-0.38041042
0.93513720
0.11942550
-0.04020505
-0.06470763
0.58793851
-0.12329619
0.09012457
-0.20190358
0.05726304
-0.19975576
-0.08634282
-0.23255172
-0.84799443
-0.38232986
-0.53672665
0.51521487
-0.35712853
-0.19337100
-0.48283164
0.20968164
-0.04803456
0.19664360
-0.01807105
-0.02843910
0.49512906
-0.17844187
-0.16879885
0.13531529
0.30269675
-0.20400110
0.52917685
0.29086819
0.01175282
-0.48861059
0.32588069
0.35311046
0.10259335
-0.38911861
-0.34034540
0.10874479
0.21922045
0.20077012
-0.22243330
-0.22775936
0.32820799
0.20354393
0.19893059
-0.17446108
-0.16015265
0.08585937
0.00508085
-0.03921253
0.21320301
-0.08576434
-0.09919814
0.10922999
0.17016178
0.03522888
-0.79415859
0.27344578
-0.06765036
0.03297240
-0.07141110
-0.09724315
-0.04503985
0.17342314
-0.51946964
0.03716421
0.45609493
-0.16572293
-0.26522816
-0.10927848
-0.22559979
-0.04524764
0.08926297
0.09545850
-0.53352775
-0.28238678
0.06106797
-0.25572545
0.14906504
0.45669462
0.15089275
0.16258545
-0.09451802
0.01878460
-0.05508454
-0.16293378
0.30275331
0.62933999
-0.16779501
-0.46166397
-0.15916176
0.42692693
0.50368931
-0.09146845
0.30303632
-0.16107154
0.32611807
-0.52036705
0.17196916
-0.29327746
-0.27131547
-0.37250466
0.45764702
0.84246690
-0.41823308
-0.22520372
-0.14258578
0.36158461
-0.45602352
-0.41632667
-0.28767946
0.01509354
0.59484598
-0.07443896
0.26083217
0.23253433
-0.47679695
0.10038192
0.05944494
-0.38506618
0.17012470
-0.23427809
0.05739712
-0.08826907
0.02843567
-0.14465220
0.06611276
-0.61097119
-0.01400166
-0.67147058
0.04922146
0.37669069
0.13464736
-0.32827201
-0.07731727
0.28647461
0.37781558
-0.23426171
-0.17675236
-0.28360844
-0.10387927
0.14192252
0.13876475
-0.13728533
-0.36342311
0.38718326
-0.12836639
-0.53993288
-0.10837145
0.08397135
-0.32563576
-0.29327477
0.12242106
0.51393016
-0.25964676
0.02035030
-0.36398690
0.28959903
-0.16679612
-0.11965327
0.16427367
0.20184815
0.11918807
-0.00218344
0.22762059
0.15959036
-0.15684619
-0.46863112
0.05516456
-0.39614898
0.08033465
-0.26761862
0.10545589
-0.10481415
-0.04866768
-0.41370819
0.04142225
-0.09777077
-0.24475127
-0.22041487
-0.25992116
0.45992701
-0.16967341
-0.15261488
-0.23039947
-0.13389816
-0.14151546
