0.32083912
0.33837934
0.28422425
-0.17805440
0.39927471
0.05183281
0.09963094
0.10024104
0.05725610
-0.11341166
-0.08602061
0.38973171
-0.08979515
-0.21346120
-0.17944329
-0.04158491
0.06246372
0.14502389
-0.18859544
0.13012918
0.19989808
-0.12463529
0.16098343
0.12039024
-0.06857956
-0.20017774
-0.09442126
0.29849246
-0.11020399
0.01091022
0.29822840
-0.02045970
0.00116586
-0.19545393
-0.10003525
-0.14017228
-0.02957127
-0.04130992
0.04125998
-0.30425348
0.14430314
0.05037366
-0.26297469
-0.15477518
0.36297655
0.00541917
0.32048791
0.31591437
0.04834380
-0.03445360
0.06347538
-0.09866649
-0.47556504
-0.00836665
0.01523575
0.10795350
-0.11034215
0.11843512
0.09991791
-0.01879695
-0.07432416
0.02075677
0.14155682
0.04204298
0.13714872
0.35678925
-0.16820646
0.09120047
0.10254513
0.18904764
-0.11972034
0.09901554
0.09224836
0.01927501
0.13491024
0.30132625
-0.11033693
-0.10594846
0.11183776
-0.03714507
0.29026980
0.07683637
0.16457334
-0.13940374
-0.41422463
0.00337294
-0.25809817
-0.25906442
0.09491767
-0.23435252
-0.05824919
0.02519442
-0.01801911
0.03204170
0.24345156
-0.16432030
-0.26440451
0.24230318
0.21872428
0.20522956
-0.13500676
-0.14693232
0.17647701
-0.14352566
-0.06527885
0.17063968
-0.09538258
-0.02874198
0.06418848
0.18164983
0.30077289
-0.16512604
0.02173508
-0.01298614
-0.08179478
-0.13500913
0.10996765
0.03254159
0.16358551
0.19942305
-0.22638399
0.03394989
0.20335074
0.34031075
-0.34753238
0.02323779
-0.05860684
-0.41883543
-0.01868549
0.10395288
-0.20217730
0.25168559
-0.09778410
0.05218152
-0.06355032
0.14379283
-0.19089055
-0.08876806
0.07055110
0.02192404
-0.02318226
-0.02284210
0.07192680
-0.10770214
0.46841677
0.11933904
-0.19104071
0.04339642
-0.17612751
0.08023027
0.11594298
-0.15766618
0.29561725
-0.05326521
-0.08421962
-0.07258886
-0.06163984
-0.07293081
-0.01181970
-0.00499933
0.07365521
0.13773768
-0.39830239
-0.07167724
-0.18209708
0.21890849
-0.09284897
0.02631942
0.17584780
-0.11704872
-0.14306637
0.00923838
-0.26639838
-0.14253011
-0.00787695
0.37273329
-0.00370891
0.06359518
0.07842946
0.01333477
-0.03928169
-0.14440467
0.09308336
-0.22739513
0.09251045
0.04190926
0.40387862
0.02464296
-0.35823524
0.16770335
0.02741822
-0.21853389
-0.13433562
0.07021492
-0.34017044
-0.12081679
-0.02205729
0.15232998
-0.18925590
0.25607331
-0.06665150
0.23786345
-0.12047333
-0.11206185
0.12045627
0.07738209
0.00435802
0.07858528
-0.06258796
0.07272913
0.05230336
-0.25767604
-0.23613516
0.06959123
0.03437339
0.07376333
-0.01385808
-0.02263719
-0.51607353
0.29733424
0.08799462
-0.33502051
0.07756878
-0.01432148
0.03847117
0.14588904
-0.21472429
-0.39831321
0.08381445
0.01005392
-0.40435974
0.14116805
-0.01476279
0.19005205
-0.00454449
-0.08054695
-0.19024301
-0.12179654
-0.31689245
-0.05606331
-0.15817870
0.15692949
-0.14863456
-0.01817155
-0.08924029
0.20933549
0.07028952
-0.30537481
0.04373361
0.00744194
0.16793418
0.14694664
-0.01784368
0.24475362
0.15965694
0.09126245
0.10859323
-0.10705674
0.02294803
0.09093305
0.08431951
0.16662807
0.21440699
-0.13472440
-0.12657649
-0.02100041
0.26702533
-0.05949275
0.13162612
0.04774748
0.09011437
-0.37532604
-0.18633976
-0.06950119
0.11910363
0.10605132
-0.00055664
0.07325642
-0.00734585
-0.35186912
-0.00877198
0.05909510
0.23133696
-0.12335879
0.44642448
0.12244361
0.04571001
-0.04427456
-0.00356346
-0.19035419
-0.27361888
0.23910992
-0.27087662
0.10905947
-0.14949548
-0.10959016
-0.16783862
-0.07398921
-0.09931781
-0.04690223
-0.33581900
0.11366734
-0.14949427
-0.07165623
0.01140597
-0.02335799
0.00596076
0.02653243
-0.26801788
0.24892608
-0.04093662
-0.09456676
-0.18434418
-0.18020916
-0.18188897
-0.01642564
-0.11750995
0.22557036
-0.16002193
-0.08829406
0.12149952
-0.17057628
-0.02129230
-0.29679494
-0.16500699
-0.19766672
-0.06268419
0.04269572
0.17328860
0.03371101
-0.19259551
0.16477031
0.02881819
0.13119245
-0.03901940
-0.02165519
-0.18299041
0.00854838
-0.12388240
-0.22120504
0.19040905
0.03458246
0.01966007
-0.04935942
-0.16597352
0.18819931
0.17717269
-0.05092150
0.03610499
0.19270076
0.08078659
-0.07556921
-0.04067856
-0.04808295
0.23740434
-0.44588161
0.29623188
0.02973999
-0.03570071
0.34250037
0.18331806
0.15683088
0.07572204
-0.11747805
0.19867405
-0.21234989
0.06544784
-0.08791934
-0.18190732
0.11740064
0.00557060
-0.03404816
-0.03950185
0.10066542
0.11054115
-0.27513161
-0.00781890
0.22562187
-0.22703928
-0.00009669
-0.07779545
-0.04994693
-0.20843789
-0.26265764
0.11225706
-0.08246210
0.34165944
-0.18705013
-0.41341615
-0.00457878
-0.01048849
0.45213822
0.16109040
-0.05805333
0.11238185
-0.05157702
0.00677576
0.09106285
0.06602383
0.35199678
-0.00451193
0.06329404
0.01301897
0.06256078
0.05212594
-0.05764534
-0.28749824
-0.07103636
0.03230739
-0.09327159
0.22093066
-0.21034515
0.25870369
-0.23387456
0.33192603
-0.05472591
-0.10991427
0.19284273
-0.04808873
0.02086099
-0.22321516
-0.10771829
0.06095536
-0.06307418
-0.21231492
-0.03921961
-0.05556865
-0.03149621
0.27315804
-0.00988937
-0.04663552
-0.39458512
0.28361497
0.07197856
-0.45847648
-0.13282260
-0.06898496
0.24083685
0.49132496
-0.03231721
0.08761045
0.05030604
0.25311426
-0.11267683
-0.14070977
0.16859555
-0.02945081
0.02021584
0.14693822
-0.15722418
-0.13251752
-0.02334545
0.02524799
-0.17300603
-0.04910550
0.18059389
-0.00235045
0.01091479
0.08837691
-0.02350168
-0.26105361
0.02106899
0.36334992
-0.42606104
-0.24380639
-0.03330177
0.08258890
-0.16475084
0.10764583
0.01613790
-0.22376128
0.08052754
-0.20475093
0.04078277
-0.08855657
0.06490671
-0.22154822
0.02495157
-0.06508212
0.00643947
-0.19551606
-0.02275836
-0.18128816
0.17992730
0.10208918
-0.13404843
0.06084954
-0.16968665
0.16526250
-0.04227670
-0.06820217
-0.22178152
-0.56051651
-0.01055096
0.02367983
-0.19967551
0.29444862
-0.30941171
-0.03650527
-0.00713232
0.07078334
-0.07268895
-0.05848900
-0.17274515
0.01858409
-0.18465353
0.22667843
-0.08354587
0.17791886
0.17328826
0.04609480
-0.00961929
-0.24634017
0.03567776
-0.08940189
-0.09113768
0.07291012
-0.14573219
-0.15166716
-0.09439675
0.17121752
0.22708935
-0.29204828
0.29524748
-0.06670250
-0.04895945
0.39301136
-0.07435702
-0.31996328
-0.08611215
-0.39883462
-0.18171168
-0.00690118
-0.08440722
-0.20679525
-0.15050561
-0.31020415
0.07448948
0.07973018
0.00121100
0.28253641
-0.14021900
0.01600615
0.16918863
0.17588767
-0.01520493
-0.04485589
0.15039142
0.13734211
0.05351208
0.05482564
-0.03639248
0.09134166
0.14172813
-0.19033749
0.07821452
0.22576971
-0.48517201
-0.04368816
0.06014024
0.07826004
-0.08646971
-0.30014156
0.10827332
0.25957548
0.14198014
0.01648131
0.17574361
-0.07391512
0.06010312
0.25433238
-0.02021907
-0.11556168
0.00106469
0.15622224
-0.10749486
0.31788044
-0.13316489
0.24588551
-0.07632169
0.07331403
-0.19066329
-0.11449514
0.10240314
0.18036556
0.13800461
-0.04918608
-0.10905102
0.00695478
-0.05216842
-0.02297825
0.15565499
0.14393753
0.20394206
0.02355909
-0.43673116
-0.08406242
0.06990015
-0.00562696
0.19501684
-0.08951296
-0.17920964
-0.21634265
0.00782138
0.03229819
0.14068001
-0.16678133
0.06539784
-0.01116345
0.01147129
0.18473293
-0.26885559
0.12076003
0.15328240
-0.19299262
-0.04752510
-0.14025494
-0.13694717
-0.22513091
0.14190868
0.31912720
-0.13544927
-0.15996784
0.18674858
0.12856635
-0.10834450
0.10818942
0.01232653
0.32053545
0.08179802
-0.01245585
-0.20040042
0.13921460
-0.03853515
-0.29043822
0.12189516
0.11183913
0.15632745
0.18784549
-0.07314862
0.21298752
0.19000324
0.05700953
-0.04557478
0.04642438
0.00512281
-0.30017588
0.07574574
-0.06530866
-0.07779891
0.14813594
-0.49703741
0.14398991
-0.04551019
0.08766725
-0.05173265
0.06447015
-0.19312083
0.12339108
0.03372082
0.10982708
-0.15327280
-0.12392179
0.07163430
0.16173476
-0.08273376
-0.07266114
-0.39340915
-0.24080939
-0.20063073
0.17385763
-0.09514160
0.06139407
-0.04353438
0.10906773
-0.21696140
0.09656951
0.11398618
-0.04563701
0.18366341
0.06137850
-0.06632579
-0.04636989
0.00396416
0.05697886
0.04437226
0.29169597
0.16017712
-0.08328586
-0.17142563
0.21289037
-0.05839233
-0.04560126
-0.06203001
-0.25422352
-0.04145099
-0.19244372
-0.02734422
-0.01569209
-0.02829882
-0.17916717
0.08186808
0.25424985
-0.16521423
0.28032813
0.07485691
-0.08717172
0.39603122
-0.06676888
0.07125218
-0.07810685
0.04247150
-0.05057232
-0.06316311
-0.25398032
0.03071278
0.03274398
0.12788579
0.25876870
-0.25426306
0.01234596
-0.16747515
0.16774101
-0.02472269
0.02642174
-0.01146290
0.01826305
-0.29377466
0.07717530
-0.15543702
0.02166054
0.02911376
-0.01128550
-0.16415918
-0.17568378
-0.28292121
-0.04249247
-0.08299300
-0.05459226
-0.04513018
-0.19361515
0.10813988
0.19671463
0.06802301
0.21703972
-0.08917404
0.01826972
0.01606042
0.55040346
0.12106729
0.10364180
-0.10751160
0.01497350
-0.10391354
0.03912714
0.26895316
-0.49277659
-0.17153755
0.40380723
0.21542236
0.08790023
0.19129696
-0.08639560
0.05369652
0.24038712
0.01395005
0.14053085
-0.34326491
-0.00920351
-0.10270576
-0.39182699
-0.10152897
0.08850155
-0.04881219
-0.30252589
0.22600438
-0.20701412
0.06601238
-0.01762168
-0.08012949
-0.07817023
0.07110218
0.03172923
0.45056960
0.43422736
-0.28456112
-0.15239088
0.29689128
-0.39626348
-0.14394679
0.23392321
0.06534425
-0.21112354
0.02442708
-0.29136565
-0.47728823
0.10517459
0.25915177
0.30572319
0.27719713
-0.04149893
0.00171527
0.14121207
0.13141991
-0.09756480
0.11411656
-0.24549245
0.24400021
-0.33324753
0.03691457
0.08230448
0.14656862
0.06803456
-0.37554089
0.04517122
0.12499714
-0.00435110
0.04826219
0.15484704
-0.15914400
0.04416396
-0.07108311
0.01033959
0.30911138
0.31095012
-0.17229890
0.02077258
0.21299295
-0.29509994
0.15845231
0.27597893
-0.21770701
-0.26275983
-0.00625630
0.22915606
0.04483897
-0.01456158
0.13826905
-0.30672376
0.42300756
0.01328548
-0.04383744
0.19571014
0.16267145
-0.04476741
0.11340599
-0.22330244
0.06185664
0.22429966
-0.20268113
-0.17309395
0.01141673
-0.29295570
-0.06473868
0.17356452
0.07762183
0.05720527
-0.13723273
-0.43986292
-0.28757548
-0.15319242
0.38816768
0.34371039
-0.20681222
-0.06347168
0.02749534
-0.18331650
0.02149263
-0.46863385
0.11562749
0.06238006
0.15682843
-0.31564701
0.15506121
0.07813010
0.22986022
-0.17890662
0.08947174
-0.09697100
0.19472910
-0.24888608
-0.20538998
-0.09712364
0.27790425
0.04846347
-0.05716915
-0.23845943
-0.08461024
-0.11983852
0.18158929
-0.00955718
-0.27371556
0.30508898
-0.11416177
0.02782498
-0.08247170
-0.23457177
-0.32232279
0.20705367
0.02331183
-0.08767827
-0.12120794
0.05791277
-0.23037680
0.03650517
-0.11129413
0.26601003
-0.02677103
-0.10482084
0.10473642
0.19041807
-0.01679169
0.01648725
-0.05057242
0.09054178
0.01876895
-0.08576606
-0.38691611
-0.00665292
-0.02865452
-0.10445308
0.05735340
0.04806194
-0.09596660
0.00673130
-0.03147944
0.01515517
0.08325368
0.19746429
0.05893079
-0.01420335
0.14495088
-0.20397657
-0.08172186
0.10471190
0.06997459
-0.13166815
-0.09963110
-0.04179089
-0.14189846
-0.02292462
0.19427306
0.30267706
0.20999037
-0.10818659
0.24685560
-0.38656774
0.07764191
0.01258779
-0.45422980
0.10733029
0.06328038
0.00025591
0.07930578
-0.02756851
0.19602108
-0.10879480
-0.06020811
0.03866165
0.46140326
-0.05876928
-0.26939543
0.23607540
-0.20346044
0.07423992
0.26239816
-0.13378638
-0.15916540
0.29809635
-0.13085428
-0.07851797
0.18456394
-0.08755615
-0.07392319
0.09436702
0.02573924
0.25744377
-0.06905054
0.06028089
0.19690308
-0.18621134
-0.12838889
-0.19056144
-0.33984002
0.07906343
0.26157023
-0.26960237
-0.01071250
-0.00438411
-0.03658569
-0.08255654
0.11115990
0.19165196
0.20759094
0.15437598
-0.09563794
0.26952272
-0.02537791
-0.11556208
0.16058389
0.09255813
0.18846361
0.03601784
-0.01639478
-0.02468594
0.17475449
-0.02861569
0.31689606
0.22365405
-0.12690505
-0.15212503
-0.20281166
-0.20835848
0.23703725
0.29805276
0.26580733
-0.15696268
0.12819759
-0.09031069
-0.06618854
0.09413894
0.00655929
-0.03326058
-0.06635853
-0.09846642
-0.25254662
0.06306632
0.04922908
-0.13751192
-0.31292952
-0.18730238
0.02476522
-0.02954254
-0.04607415
0.14686020
-0.09204471
-0.27482675
-0.11501767
-0.00301269
0.24396681
-0.41536830
-0.01524369
-0.02664171
-0.03789132
-0.32888391
-0.27015628
-0.30630081
0.06491228
-0.21189942
0.17581302
-0.30343359
-0.17653521
0.25308408
0.12209240
-0.19695546
0.09375450
0.10617559
-0.08690576
0.12021139
-0.16711276
-0.01126042
-0.39833531
0.03282682
0.00938802
-0.15241674
0.20812525
0.11730700
-0.06530749
-0.05023929
-0.08641427
0.03678196
0.30196316
-0.16155526
0.00951061
-0.09233679
-0.10085130
0.07346694
0.03102523
-0.21866194
0.00673029
-0.13887801
-0.15566949
0.11961830
-0.02669223
0.05060381
0.00933095
0.15363553
0.36384736
-0.44367711
0.02052005
-0.10184286
-0.01385527
0.00056876
-0.15740100
-0.13225545
0.04112844
-0.12461874
0.20106790
0.06527457
-0.06460832
0.05413846
0.21656789
-0.08167581
-0.15710396
0.14604370
0.03640560
0.27921072
-0.12714777
-0.31085457
-0.22284746
0.48807480
0.26756823
-0.04887637
-0.02771246
0.05687023
-0.09111527
0.09151059
0.17488207
0.04022010
-0.18611263
-0.10516747
0.15934503
-0.18966990
0.03574314
0.16639786
-0.22732971
-0.17293031
-0.22490235
0.12524096
0.04143425
-0.07810507
0.00409613
0.06579299
-0.15675046
0.20037183
0.39514667
-0.18091844
0.03629741
0.16891520
0.29989952
-0.14113948
0.08307139
-0.18531056
-0.05583627
0.16797005
0.31938196
0.04626611
0.28678381
0.02623595
0.04030164
0.18044158
-0.13804356
-0.06473613
-0.06298478
-0.09987136
-0.14953063
0.10417579
0.10837512
-0.17743965
-0.12571927
0.23180435
-0.08655298
0.10324706
0.09165041
-0.07889100
0.10508449
0.04386275
-0.44755241
0.06641162
0.00622509
0.01727795
0.18217918
0.07540343
-0.01608908
-0.17554740
-0.32199025
-0.31153564
-0.21538262
0.10072654
-0.07651651
-0.14640616
0.07738286
-0.19487977
0.11171059
0.04864327
-0.08196329
0.12605063
0.04915321
0.08630209
-0.19497374
-0.06856564
0.29804157
0.06221744
-0.00891143
0.33280567
-0.01188558
0.14229058
-0.19409778
-0.00766514
-0.21746398
-0.18647535
0.16528821
-0.08564277
0.01596996
-0.20160608
-0.34373085
0.54133140
0.00063424
-0.24820731
-0.21019967
-0.09618317
-0.09429017
0.17232799
-0.02005781
0.20820171
-0.12704252
0.19369523
-0.08063610
0.15882867
-0.03949886
0.00824785
0.15133737
0.11595657
-0.15704641
-0.20370009
-0.33246076
0.41870125
-0.37573254
-0.04301337
0.10206715
0.04252014
0.06847160
-0.05119653
-0.17503016
0.20299979
0.01193151
0.12085331
0.00391029
-0.06993753
-0.20417136
0.17194706
0.19122195
0.07078397
0.19262627
-0.05263345
-0.11019426
-0.03616476
-0.25615612
-0.04225854
-0.02041283
0.52565392
-0.08875605
-0.17773133
-0.03407713
-0.19752343
-0.30062061
-0.13117230
-0.30681903
-0.09101674
-0.11389402
-0.35790547
0.09693542
0.21014588
-0.01054653
0.01343566
-0.05894974
-0.35969537
0.09585279
-0.08038871
-0.16877839
0.21601095
-0.08393733
0.22289428
0.15937910
0.04463038
0.23977123
0.33390922
0.01442712
0.11116339
0.03271945
-0.02043045
0.01414587
-0.21561030
0.00848598
-0.08012406
-0.08371176
-0.05129479
-0.36314659
0.14293525
-0.13275647
0.11990555
-0.01728908
-0.23883259
-0.25754452
0.14324720
-0.07174918
0.00392534
-0.03673424
0.13788718
-0.38854504
-0.22124720
-0.02083285
0.24407937
-0.35135730
0.15020610
-0.18066997
0.07858318
0.00722675
0.09080246
-0.19910178
0.00821893
-0.25035440
0.09341795
0.02682654
0.32234846
-0.17625507
-0.07601011
-0.06140157
0.03386543
-0.16343889
-0.17225695
-0.11541931
-0.40220126
0.08929345
0.26474701
-0.31946895
0.12976533
0.02616096
-0.00820779
0.24996850
0.30034405
-0.16248740
0.00831791
-0.23751884
0.17662132
0.21201451
0.44008578
0.22735910
-0.02553894
-0.00931471
-0.02001533
0.32906112
0.31039951
-0.07749203
-0.14309290
-0.01719757
0.05421876
-0.03320737
-0.08396799
0.11830321
0.11072918
-0.11756262
0.10323244
-0.27673985
-0.17873866
0.17309763
-0.07562703
0.12276436
-0.22411060
0.04105593
-0.26436873
-0.16266114
0.15369005
0.07003018
0.16826239
0.07809422
-0.15593095
0.23896812
0.26852347
-0.27037041
-0.02470129
-0.42799153
-0.09996113
-0.35653040
-0.25548091
-0.05847345
-0.17237150
0.09270279
-0.23655516
-0.01173147
-0.01229792
0.00565450
-0.11202566
-0.13836451
0.14512699
0.01843686
0.15953549
0.28099129
-0.02243432
0.31616086
0.45310150
0.57883644
0.32433581
0.42764206
0.11191005
0.75539875
0.25102828
0.44041555
0.12908988
0.02549363
0.06346071
0.48341512
0.21479485
0.12228377
0.14419043
-0.06917071
0.18951202
0.21314290
0.21821737
-0.14564629
-0.17801823
0.15005599
-0.09563488
-0.16625145
-0.11476311
-0.30089825
-0.19316084
-0.20316680
-0.02256747
0.21095241
-0.23644981
-0.15767645
-0.33956492
-0.16825947
-0.13688280
-0.17758481
-0.01933918
0.05991425
-0.02958506
0.25062094
-0.15173151
-0.23341489
0.03444985
-0.07235171
-0.05937768
-0.21165142
0.08391431
0.10243159
0.12428477
0.12715761
0.07384980
0.16862905
-0.08408903
0.11539863
0.09541065
-0.09685936
0.25760240
0.21466535
-0.19320306
0.09226009
0.11511006
-0.00783036
-0.12720672
-0.11039547
-0.03227900
-0.06196096
0.09364127
0.20809127
-0.11553315
-0.26091274
0.10611255
-0.21565131
0.06882447
0.15231467
-0.15257724
-0.00907959
-0.14265602
0.33792248
0.04233241
-0.18035243
-0.13733023
-0.24152247
-0.09333961
-0.01359442
0.22888606
0.10926826
-0.34432165
0.06125049
0.03010272
-0.12677072
-0.02038823
-0.03562443
-0.27383973
-0.13703032
-0.22851585
-0.33746471
0.00132719
-0.08781616
-0.38106404
-0.07689866
0.06339422
0.03481602
0.15758707
0.24263533
0.06269489
0.09696420
-0.08787423
0.14566089
-0.21732273
0.20608502
0.13770724
0.36525543
0.34440210
0.30860183
0.31986315
0.34866097
0.09838162
0.23488296
0.20172051
0.41277511
0.02090914
0.26218740
0.46627805
0.28367701
0.42297036
-0.02239738
-0.28620774
-0.10440747
-0.15488917
-0.11815614
-0.37678999
-0.19408709
-0.04606611
-0.41731848
-0.59701284
-0.81225154
-0.76264263
-0.60406107
-0.61913011
-0.47277734
-0.71639897
-0.53062327
-0.60923866
-0.55282699
-0.58100476
-0.16202571
-0.32523370
-0.34655567
0.03480635
-0.10643967
0.00363266
-0.05995686
-0.04288026
0.38469535
0.25932488
0.24980311
0.43989132
0.20536345
0.34351679
0.27946302
0.44466484
0.60573323
0.37823247
0.06457913
0.54512636
0.04817690
0.14630209
0.18971286
0.15339012
0.10916130
0.37809436
0.10139816
0.21570723
0.06355010
-0.08945434
0.07885457
0.06642752
0.17272591
-0.19637440
-0.18040542
-0.23098599
0.03485293
-0.01113199
-0.10707207
-0.05451227
-0.27233743
-0.04988695
-0.06828365
-0.24225809
-0.05460905
0.25893887
0.11550440
-0.09693381
0.24951464
-0.09688531
0.27827592
-0.07477365
-0.05967262
-0.16533071
-0.26986704
0.14228349
-0.09515370
0.02502029
-0.16406309
0.22409244
-0.37182479
0.28674507
-0.13474051
-0.23367064
0.29900844
0.03285687
0.02472729
-0.12730672
0.10267917
0.19206944
0.02381372
0.40477004
-0.04392040
0.01710596
0.12484162
0.23850887
-0.12026942
0.17090892
0.10080901
0.19985978
-0.06186257
-0.14990746
-0.06772980
-0.33088510
0.27687648
-0.04735480
0.04387261
-0.13630195
0.11758824
-0.14246223
0.23983928
0.04757125
-0.03749993
-0.14768310
-0.07375933
-0.19541694
-0.02197277
0.04192803
0.32601473
0.05439099
0.19574454
-0.14542589
0.06644437
-0.03815540
-0.00005099
0.02378771
-0.02417943
-0.17587438
-0.14134387
-0.00878678
0.27092121
0.32990373
-0.03815702
-0.15232313
0.09582431
-0.14826657
-0.13461219
-0.09985015
-0.03096444
0.16006317
0.10952854
-0.12374683
-0.25077521
0.04705099
0.23584741
0.04982938
-0.05698866
0.25516037
0.00469890
0.00980044
0.01447867
0.39377662
-0.11876768
-0.13786723
-0.23595670
-0.13585300
0.15104215
-0.07985140
0.09236736
-0.05191263
-0.36942867
0.00571928
0.60335120
-0.08629403
0.24848116
0.23569673
-0.07040478
-0.02696372
-0.10074516
-0.08023795
-0.31833539
0.06476811
0.02816843
0.21009992
0.21187991
0.15559941
0.11750711
0.16762014
-0.02056388
0.11078193
-0.14236173
-0.23446189
-0.18539541
-0.17339734
0.16607842
0.07005269
-0.29076248
-0.08873531
-0.08957341
0.09219592
0.18778732
-0.08181906
0.18495703
-0.18000002
-0.01556426
-0.03477774
-0.10270229
-0.05389360
0.17831862
-0.03943749
0.03583916
-0.19508339
-0.11451042
0.19301374
0.23852058
0.24472720
0.12853951
0.17724562
0.01038008
-0.09459141
0.27761263
-0.26537472
-0.03522798
-0.02768960
-0.09874926
0.19781581
0.07462144
-0.10994211
-0.11714029
0.01476239
-0.11301079
-0.32157663
-0.19339473
0.04247815
-0.23840546
-0.42121186
-0.03721203
0.38182197
-0.21361793
-0.10696928
-0.03710108
0.03470955
0.02343454
0.13583750
0.16519611
0.11284100
-0.05859109
0.02619477
-0.38119913
0.42190351
-0.42966802
0.00520501
-0.03252655
-0.01335906
-0.00219110
-0.07676067
0.13883886
-0.01968405
0.33344766
-0.03740595
0.13121303
0.01052277
0.28475049
-0.25422639
-0.19266187
0.19915106
-0.25252715
0.00457965
-0.16683329
-0.03746741
0.08617943
-0.02533440
-0.07622708
-0.11083550
-0.00248210
-0.09653536
-0.22576977
0.00388670
-0.24282955
-0.22737789
0.26211026
-0.02740227
0.03824371
0.02270964
-0.22339913
-0.26467291
0.16142342
-0.24830749
0.09383972
-0.08340090
-0.17683267
-0.13286439
-0.08015063
0.19560581
-0.00180444
-0.09957016
0.02366367
0.30463206
-0.07722553
-0.02762583
0.16073194
-0.01908512
-0.18203813
-0.05321506
0.21264496
-0.06018195
0.25240601
0.02212929
-0.19939571
0.09201899
-0.18686864
-0.28387674
-0.10745619
-0.06774297
-0.14664485
0.43992975
0.27089987
-0.05963985
-0.15948169
0.03261904
0.02104478
0.16204757
0.18803660
-0.11809565
0.21430373
0.03121063
0.11256219
0.09893506
-0.13407802
-0.41625102
-0.11933027
0.06153102
-0.03784308
-0.24834172
0.09240127
0.00708151
-0.25344814
-0.02917247
0.16182387
-0.16495963
0.12870571
0.29691490
-0.19852921
-0.06115193
-0.34634583
0.19956991
-0.08889288
-0.37525759
-0.08442203
-0.08680683
0.00002472
-0.06635720
-0.06379026
-0.22641956
0.03556187
-0.00550483
0.04621592
-0.04326690
0.18221497
-0.15556236
-0.10293298
-0.11788277
-0.41951400
0.06890863
0.07881595
-0.07049690
0.21320746
-0.03087097
0.09294906
0.08998460
-0.15067002
0.20384740
-0.03910026
-0.37034065
-0.11775663
-0.01485197
-0.07106629
-0.28775680
0.19451131
-0.22142167
0.00498444
-0.09648893
0.09840948
0.04508737
0.05368032
0.15242875
-0.07494008
0.08875627
0.22425337
-0.18891409
-0.12530903
-0.11713417
-0.16056630
-0.01323886
0.29913076
0.15987200
-0.13763461
-0.21455535
0.24966319
-0.04139918
0.01510286
-0.24194315
0.09478206
-0.09128001
-0.03887649
0.41941963
0.02776620
-0.01695942
-0.03363679
-0.31935357
0.22224090
0.00135060
0.22597103
-0.23712216
0.20124144
-0.02538788
0.08791048
-0.31354516
-0.13151034
-0.09410100
0.11202751
-0.03788209
-0.09526147
-0.00877453
-0.20637194
0.02225588
0.13685637
0.22272332
0.11191648
-0.00693314
-0.11707642
0.38882907
-0.10897938
-0.03054757
0.12692571
0.06520047
-0.32826502
0.25023187
0.20632942
0.23100718
0.03885459
-0.07196963
0.03520123
0.30451620
0.04854676
-0.06453176
0.15556764
0.01211917
0.07524117
0.16230898
0.10897664
0.10395457
0.01025763
0.05630945
-0.12329683
0.17300826
-0.11614936
0.17333286
0.14813828
-0.02109879
0.05197845
0.08593208
0.25944442
-0.12567078
0.13209858
0.46701812
0.11370467
0.20012654
0.04197540
-0.06373513
0.21224140
0.17358095
0.04578214
-0.23392780
0.12307894
0.00656455
-0.09955723
0.04773209
0.08348598
0.10621937
0.15242885
-0.12659354
0.21590779
0.30224597
-0.32945609
0.22174747
-0.15116888
-0.36427864
-0.21870132
0.24976143
0.25372275
0.33584941
-0.25301259
-0.03737267
-0.24078818
0.06455250
