-0.00425160
-0.00646607
-0.00199537
-0.01261041
0.01458010
0.00475174
0.00134856
0.00196542
-0.00452493
0.00102645
-0.00344366
0.00293589
0.00394390
0.00605887
0.01177862
0.01138331
0.00325689
0.00932972
0.00470493
0.00344577
0.00868469
-0.00017832
0.01496704
0.00009109
0.00287521
-0.00124631
0.00112091
-0.00108578
0.00065976
-0.00179635
-0.00124067
-0.00094476
0.00247520
0.00144771
0.00567675
-0.00135320
0.00709362
0.00796435
-0.00414874
-0.00156471
-0.00622138
0.00949730
0.00175522
0.00795358
-0.00454254
-0.00186792
-0.00160238
0.00575459
-0.00277921
0.00889023
0.00618115
0.00244153
-0.00225879
0.00621885
0.00526245
0.00307275
0.00207395
0.00494727
-0.00453720
0.00009942
0.00451088
0.01195160
-0.00326225
0.00083081
0.00541077
-0.00082853
0.00096680
-0.00043823
-0.00176983
0.00611980
-0.00062132
0.00653574
0.00663784
0.00437911
0.00810728
0.00786067
0.00202191
0.00459043
0.00515865
0.00455564
0.00733234
0.00912094
0.01165792
0.00845605
0.00531219
0.00340311
0.01142337
0.00588873
0.01015633
0.01349217
0.00517151
0.00519358
0.00258319
0.00666204
0.00859305
0.00538297
0.00218998
0.00131097
-0.00161558
0.00312909
0.00335582
0.00345667
0.00355963
0.00328270
0.00030389
0.00361276
0.00249518
0.00579801
-0.00088201
-0.00635083
0.00610611
0.00397733
0.00325199
0.00672495
0.00875592
0.00169402
0.00253177
0.00007954
-0.00241776
0.00185423
-0.00249885
0.00407656
0.00435150
0.00161862
-0.00183171
-0.00123285
0.00287017
-0.00447255
0.00223233
0.00306478
0.00382084
-0.00175261
0.00216424
0.00037333
0.00296715
0.00607198
0.00611224
0.00108299
-0.00245821
-0.00001681
0.00299050
0.00358981
0.00192158
0.00117987
-0.00236019
0.00089793
0.00293277
-0.00043117
0.00261617
0.00242686
0.00636482
0.00289549
0.00364402
0.00394706
0.00225541
0.00599963
0.00179857
0.00360947
0.00355802
0.00870964
0.00857824
0.01327528
0.01916294
0.01565293
0.01772856
0.01244928
0.01087043
0.00959842
0.01268335
0.00852251
0.01069576
0.01366211
0.00656989
0.00703567
0.00253892
0.00231876
0.00465745
0.01035722
0.01170588
0.01168779
0.00565651
0.01134194
0.01312858
-0.00459462
-0.00468212
0.00099576
0.00441820
-0.00146675
-0.00523871
0.00440884
-0.00256294
0.00599217
-0.00532104
-0.00484300
0.00561944
0.00261237
0.00247826
0.00288762
-0.00008676
0.00276703
-0.00221050
0.00842660
-0.00102098
0.00635500
0.00175419
0.00365266
0.00453893
0.00375760
0.00050955
-0.00237915
-0.00097302
-0.00026084
-0.00111586
-0.00135224
0.00580498
0.00040220
0.00159340
0.00042418
0.00305488
0.00663868
-0.00156485
0.00523057
0.00052533
0.00775565
0.00584711
0.00325532
-0.00333212
0.00076991
-0.00258692
0.00449225
-0.00336999
-0.00237626
0.00319666
0.00507699
0.00273008
0.00596671
0.00250062
0.00379868
-0.00348794
0.00594248
0.00864488
0.00413135
0.00035369
0.00691763
0.00186986
-0.00201106
0.01664500
0.00207502
0.00011322
0.00909118
0.01174810
0.00393672
0.00790936
0.00383494
-0.00155009
0.00178966
0.00076532
-0.00395741
0.00273496
0.00222109
0.00328217
0.00469860
0.00022288
0.00435221
0.00017758
0.00068014
-0.00110960
0.00210763
0.00384265
0.00432114
0.00807601
-0.00465745
-0.00075650
0.00990677
0.00599721
-0.00285642
0.00911510
0.00294271
0.00733721
0.00739155
0.00959434
0.00761145
0.01034001
0.01017690
0.00916317
0.00821900
0.01180634
0.02068688
0.01254958
0.02275912
0.01930252
0.02251671
0.01680875
0.02321729
0.02489371
0.00947409
0.01276248
0.01007259
0.00921842
0.00087363
-0.00527917
0.00725797
0.00391175
0.00932385
0.00614581
0.00670412
0.00516029
-0.00200444
0.00737450
-0.00034088
0.01072234
0.00570722
0.00550933
-0.00245741
0.00457880
0.00160608
0.00260407
0.00685987
0.00646330
-0.00085021
0.00093848
0.00323358
-0.00221321
0.00337717
0.00348321
0.00072905
0.00668943
0.00791574
0.00224013
0.00491178
0.00246308
0.00781932
0.00002987
0.00651833
-0.00152723
0.00406258
0.00257216
0.00647575
0.00006133
0.00176778
0.00261979
0.00532059
-0.00176218
-0.00027311
0.00344503
0.00112192
-0.00645456
-0.00160876
-0.00223129
0.00006485
0.00538929
0.00186828
0.00098373
0.00131434
0.00145086
-0.00157264
0.00362264
-0.00096303
0.00685349
0.00126758
0.00164047
0.00999262
0.00579625
0.00569833
0.00081737
-0.00023958
-0.00406997
-0.00134361
0.00307211
0.00657497
0.00729738
0.00487855
0.00136083
0.00233483
-0.00130837
0.00144276
0.00308689
0.00108504
0.00158083
0.00498262
0.00415336
0.00386743
0.00399138
0.00244515
-0.00019133
0.00237286
-0.00049686
-0.00594950
0.00298114
0.00136951
0.00926891
0.00584921
0.00309987
0.00423983
0.00671852
0.00137522
0.00663645
0.00467461
0.00822821
0.01811449
0.01762301
0.00479987
0.01201030
0.00942355
0.01671166
0.00537173
-0.00107203
-0.00009646
0.00393558
0.00642785
-0.00034322
-0.00003028
-0.00061432
0.00874582
0.00744364
-0.00227869
0.00423329
0.00225335
0.00294034
0.00755259
0.00692886
0.00262816
-0.00253148
0.00122724
0.00456770
0.00100110
-0.00156866
0.00344814
0.00180610
-0.00065619
0.00550029
-0.00428805
0.00231551
0.00683028
0.00051734
0.01066050
-0.00164586
0.00289249
0.00674560
0.00731781
0.00252123
0.00125852
0.00679847
0.00066411
-0.00132050
0.00863560
0.00218563
0.00424732
0.00202512
0.00403723
0.00642529
0.00508858
0.00446317
0.00101978
0.00527805
0.00328663
0.00237580
0.00185987
0.00063837
0.00095898
0.00257243
0.00213996
0.00777107
0.00486518
0.00076397
0.00016484
-0.00019833
0.00531828
0.00283173
0.00693723
0.00497148
0.00337890
0.00472417
-0.00352246
0.00444376
0.00537111
0.00750402
0.00080977
0.00892344
-0.00005746
0.00392431
0.00239195
0.00422917
0.00153218
0.00194926
0.00302862
0.00010556
0.00585572
0.00134359
0.00384156
0.00220551
0.00560632
0.00740276
0.00651569
0.00306684
0.00638561
0.00407112
0.00683589
0.00554806
0.00234094
0.00408494
0.00248872
0.00143686
-0.00504746
0.00288193
-0.00019112
0.00429742
0.00388598
0.01215871
0.00604835
0.00858569
0.00524715
0.00640875
0.00856937
-0.00410451
0.00060272
-0.00254922
0.00393988
-0.00004891
0.00530973
0.00393930
0.00234182
0.00362585
0.00113608
0.00273007
0.00260143
0.00375819
0.00317184
0.00288723
0.00207694
0.00161721
0.00120364
0.00131078
0.00034058
0.00504123
0.00275303
0.00399119
0.00078601
-0.00159538
0.00222567
0.00102430
0.00499243
0.00037068
0.00456121
0.00116721
0.00017965
0.00436118
0.00696650
0.00447071
0.00251602
-0.00178179
0.00217805
0.00166260
0.00579132
0.00310643
0.00405735
0.00470936
0.00606830
0.00641251
0.00557857
0.00384519
0.00365110
-0.00032592
0.00583091
0.00559165
0.01023184
0.00374216
0.00567637
0.00329573
0.01114425
0.01262744
0.00008723
0.00164315
0.00076646
0.01006533
0.00423489
0.00433364
0.00229111
0.00704589
0.00347692
0.00430712
-0.00059257
0.00591481
0.00306264
0.01080404
0.00390536
0.00485736
0.00256187
0.00669438
0.00590140
0.00642265
0.00554962
0.00402011
0.00678337
0.00106634
0.00390521
0.00122251
0.00261840
0.00137773
0.00115684
0.00512730
0.00555968
0.00332469
0.00481291
0.00444531
0.00483247
0.00785913
0.00514575
0.00364766
0.00715930
0.00533968
0.00417399
-0.00014198
0.00402864
0.00184831
0.00392278
0.00225186
0.00350744
0.00054228
-0.00104961
0.00682077
0.00252509
-0.00072280
-0.00034234
-0.00121687
0.00016999
0.00622456
0.00851894
0.00232963
0.00346178
-0.00067377
0.00286752
0.00479773
0.00264955
-0.00120172
0.00485954
0.00167720
0.00923980
0.00494502
-0.00003195
-0.00185049
0.00393480
-0.00063433
0.01003142
0.00899909
0.00919818
0.00791702
0.00265639
0.00044894
0.00536310
0.00840315
0.00031441
0.00899425
0.00880329
-0.00225186
0.00597671
0.00261631
0.00782765
0.00150409
0.00814134
0.00693715
0.00334774
0.00908455
0.00788479
0.01459168
0.01255298
0.01203737
0.00620934
0.00397794
0.00867708
0.00461394
0.00249378
0.00285453
0.00352091
-0.00171426
0.00748207
-0.00321186
0.00746769
0.00701463
0.00693414
0.01297516
0.00283897
0.01582652
0.00653901
0.00364435
-0.00066219
0.00496478
0.00123789
0.00246564
0.00267229
0.00050156
-0.00303788
0.00198770
0.00224651
-0.00138211
0.00060463
0.00577527
0.00340613
0.00136557
-0.00039297
0.00289046
-0.00239620
0.00387171
0.00613303
0.00592124
0.00421605
0.00344017
0.00386404
0.01011456
0.00421691
0.00414901
0.00186456
0.00340551
0.00694865
0.00515547
-0.00024186
0.00197130
0.00554989
0.00254650
-0.00068817
0.00729236
0.00764986
0.00386525
0.00280038
0.00280749
0.00108427
0.00343066
0.00775868
0.00633182
0.00816971
0.00829029
0.01814733
0.02470941
0.03582221
0.04272154
0.04632545
0.05494389
0.06515693
0.07807314
0.07628852
0.09513506
0.10583512
0.11322305
0.11776960
0.12651312
0.14516114
0.14932378
0.15971577
0.16605860
0.17043868
0.16542937
0.16270669
0.15817994
0.15394607
0.14381900
0.12675513
0.10986719
0.09319637
0.07730190
0.05422677
0.02837367
-0.02809614
-0.05203436
-0.10676384
-0.14060043
-0.20305841
-0.26708028
-0.33254308
-0.39936903
-0.45844352
-0.52104604
-0.57425201
-0.61863863
-0.68372244
-0.72632456
-0.72342926
-0.74344939
-0.73585302
-0.75685197
-0.69399619
-0.65969872
-0.57999140
-0.51644099
-0.45814672
-0.32490537
-0.20639281
-0.10176063
0.01964855
0.16709974
0.27745980
0.40588406
0.52692497
0.63608539
0.74001747
0.84712994
0.88634664
0.97512329
1.00434422
1.00508523
1.00870478
1.01137924
0.97320211
0.93277383
0.86244929
0.78351760
0.69226944
0.59818959
0.49760622
0.37885872
0.26345029
0.15085600
0.03420430
-0.06044327
-0.17389561
-0.26967359
-0.35447580
-0.41307586
-0.46024972
-0.51452440
-0.52985710
-0.55353236
-0.55767751
-0.54027289
-0.55367821
-0.52064824
-0.49669543
-0.46958032
-0.44113308
-0.39402518
-0.35749862
-0.32146609
-0.28005168
-0.23915318
-0.18540560
-0.16453169
-0.12822007
-0.10122270
-0.07674336
-0.04647478
-0.01605529
0.00016211
0.01623781
0.03804322
0.04632508
0.05359440
0.05920074
0.05978164
0.07426022
0.07993003
0.08623206
0.08107293
0.06970669
0.06990221
0.06847975
0.06847561
0.06520317
0.06204759
0.06021249
0.05776314
0.04713218
0.03889108
0.03311396
0.03432916
0.02709371
0.02773923
0.02180287
0.02327487
0.00492069
0.00463101
-0.00114214
0.00192821
0.00572336
0.00307010
0.00642465
0.00188543
0.00237995
0.00265814
0.00636605
0.00393793
-0.00049105
0.00930671
0.00424579
0.00532535
0.00212424
0.00415875
0.00158933
-0.00030449
0.00533336
-0.00050516
0.00033996
0.00238921
-0.00060655
0.00278977
0.00422844
0.00207791
0.00234868
0.00326252
-0.00305793
0.00117308
-0.00182283
0.00373936
-0.00026751
-0.00100327
0.00021338
0.00532596
0.00214733
0.00125062
0.00013769
0.00733610
0.00798492
0.00513667
0.00115639
-0.00000387
0.00779986
0.01040620
0.00414063
0.01090614
0.00308737
0.00327563
0.00360145
0.00585398
0.01913408
0.01487324
0.01494615
0.01888753
0.02680780
0.02537461
0.03317732
0.03288105
0.04260242
0.03946787
0.03871137
0.03030336
0.02639608
0.02500358
0.02548404
0.01639557
0.00519824
-0.00023127
0.00745694
0.00087146
-0.00112015
0.00095472
-0.00028357
-0.00655804
-0.00276089
-0.00072581
-0.00101300
-0.00271212
-0.00110199
0.00095636
0.00085967
-0.00198278
-0.00396919
0.00299940
0.00021882
-0.00108714
0.00005402
-0.00544950
0.01187604
0.00618006
0.00391406
0.00943905
0.01222557
0.01456527
0.00443295
0.00780845
0.00960609
0.01820581
0.00673705
0.00010651
-0.00112274
0.00518357
0.00401585
-0.00458021
0.00371575
-0.00170445
0.00132892
-0.00335029
0.00346558
-0.00423478
-0.00254405
-0.00012472
0.00181328
0.00736609
-0.00542173
0.00203459
0.00173847
0.00354509
0.00296292
-0.00092718
0.00778422
0.00123333
0.00275250
0.00025155
-0.00061837
0.00617196
0.00605266
-0.00086434
-0.00022377
0.00373925
0.00481246
-0.00273256
0.00201754
-0.00133842
-0.00046139
-0.00390807
0.00211954
0.00409597
0.00338379
0.00102883
0.00363244
0.00440255
0.00064859
0.00241590
0.00195207
0.00971740
0.00281203
0.00375205
0.00097340
0.00160033
0.00488028
0.00480357
-0.00038083
-0.00238736
0.00728285
0.00011846
0.00238389
0.00212920
-0.00003991
0.00688507
0.01006088
0.01169370
0.00316897
-0.00110584
-0.00372827
0.00395651
-0.00070605
0.00077870
0.00674288
0.00440211
0.00015903
0.00383739
0.00380855
0.00658174
0.00556319
0.00449601
0.00818029
0.01135712
0.01240438
0.02122571
0.01844402
0.02042806
0.01941508
0.01481366
0.01169731
0.00228661
0.01255694
0.00934420
0.01089855
-0.00581731
0.00031441
0.00596662
0.00844977
0.00731164
0.00146597
0.00139881
0.00345130
0.00010383
0.00232196
0.00917442
0.00396052
0.00461510
0.00641160
0.00162443
0.00413026
0.00537626
0.01091175
0.00078830
0.00744686
0.00401026
-0.00225196
0.00433725
0.00274379
0.00379923
-0.00161226
0.00416599
0.00053941
0.00186297
0.00191495
0.00586394
0.00579269
0.00103053
0.00231776
0.00712698
0.00420368
0.00255027
0.00232630
0.00080925
0.00169329
0.00017720
-0.00060052
0.00686422
0.00320360
0.00244844
0.00170615
0.00197646
0.00324568
0.00333765
-0.00067425
0.00307673
0.00555497
0.00413510
-0.00329942
0.00434837
0.00146399
0.00534333
-0.00079346
0.00591892
0.00552516
0.00490440
0.00452358
0.00311489
0.00031316
0.00155437
0.00633100
0.00087485
0.00231718
0.00116316
0.00146458
0.00449112
0.00323009
0.00559583
0.00366643
0.00773472
0.00822537
-0.00285676
-0.00133315
-0.00062506
0.00421163
0.00052788
0.00215705
0.01073266
-0.00148410
0.00372070
0.00336130
0.00036866
-0.00121206
0.00234149
0.00123695
0.00188309
0.00391030
0.00461002
0.00504736
0.00205549
-0.00017428
-0.00059511
-0.00108665
0.00391967
0.00238743
0.00000156
0.00196141
0.00095634
0.00360258
0.00523807
-0.00036623
0.00273246
0.00773527
0.00151097
0.00264292
-0.00281209
-0.00090319
0.00548715
0.00943018
-0.00090170
0.00594021
0.00312123
0.00579649
0.00205605
0.00527062
-0.00470203
0.00920378
-0.00037316
-0.00306608
0.00035752
0.00568094
0.00333318
0.00283303
0.00228038
0.00713448
0.00428271
0.00490087
0.01062707
0.00021406
0.00229959
0.00695711
0.00081423
0.00491554
0.00480516
0.00484468
0.00335120
0.00293756
0.00751020
0.00407304
0.00396510
-0.00259351
0.00210725
0.00466238
0.00253139
0.00559802
0.00595651
0.00472826
0.01244369
0.01008850
0.01912129
0.02304253
0.02901918
0.03937683
0.03716701
0.03402345
0.02189791
0.03210443
0.02299218
0.02828636
0.02195361
0.01850367
0.01263695
0.01260079
0.00384934
0.00512573
0.00753734
0.00182693
0.00230515
0.00170703
0.00256678
0.00304478
0.00250461
0.00150687
0.00271228
0.00328451
0.00564721
0.00392078
0.00478446
0.00357772
0.00136814
0.00403254
0.00767424
-0.00069597
0.00437150
0.00050098
0.00688063
0.00148081
-0.00077447
0.00189705
-0.00117208
-0.00086416
0.00486521
0.00095002
0.00140032
-0.00164589
0.00289382
0.00517112
0.00247735
0.00195721
0.00090514
-0.00007394
0.00798623
0.00141719
0.00048098
0.00697419
0.00151277
-0.00245130
0.00386021
0.00095555
0.00237739
0.00162420
-0.00512309
-0.00020990
0.00170802
0.00087838
0.00020143
0.00126254
0.00155996
-0.00024724
0.00330811
0.00440639
0.00967890
0.00323944
0.00049321
0.00751466
0.00420086
0.00485706
0.00300902
0.01026264
0.00983983
0.01281338
0.02139407
0.01936130
0.02747221
0.02217397
0.02632973
0.02447599
0.02966548
0.02998108
0.01921007
0.01968426
0.01620382
0.01009764
0.01296379
0.01744528
0.01284984
0.01213554
0.00399095
0.00132352
0.00540499
0.00316004
0.00082034
0.00491079
0.00335991
0.00084199
0.00083223
-0.00003249
0.00223434
0.00297830
0.00420278
0.00771324
0.00526088
-0.00219803
-0.00017040
0.00879785
0.00346041
0.00234559
0.00551776
0.00455263
0.00113226
0.00658329
0.00619370
0.00284794
-0.00009237
0.00769471
0.00482558
0.00625890
0.00021601
0.00836977
0.00125362
0.00084823
0.00289368
0.00049835
0.00956977
0.00102378
0.00547503
0.00428252
0.00205093
0.00373724
0.00619204
0.00099898
-0.00369326
-0.00359502
0.00067329
0.00140376
0.00735928
0.00220479
0.00349182
-0.00083032
0.00229144
-0.00005677
-0.00009906
0.00102553
-0.00162674
-0.00151365
0.00403327
0.00080284
0.00379521
0.00834028
0.00376207
0.00364326
0.00353196
0.00089082
0.00534922
0.00572810
-0.00039211
0.00457703
0.00652047
0.00321175
0.00887946
-0.00442368
0.00511836
0.00182986
0.00536716
0.00592747
0.00690316
-0.00153239
0.00475441
0.00503740
0.00823078
0.00295274
0.00060637
0.00378034
-0.00030293
0.00681214
-0.00050199
-0.00032597
0.00133793
0.00252640
0.00048295
0.00629680
0.00210577
0.00173315
0.00430989
0.00361286
0.00249846
0.00400156
0.00486140
0.00063822
0.00842687
-0.00135395
0.01245980
0.00645126
0.00008631
-0.00194474
0.00339141
-0.00278389
0.00997117
0.00727466
0.00241722
0.00128910
0.00094225
-0.00045264
-0.00316241
0.00966423
0.00529183
0.00496387
0.00087560
0.00321974
0.00835809
0.00405772
0.00233018
0.01403917
0.00123733
0.00267506
0.00215329
0.00655684
0.00080146
0.00558449
0.00121851
-0.00230069
0.00124714
0.00356361
0.00326492
0.00282913
0.00600345
0.00848143
0.00268453
0.00982891
0.00824142
0.00930692
0.00695209
0.01009257
0.00566593
0.00576071
0.00535738
0.00606993
0.00157323
0.00163115
-0.00138763
0.00342657
0.00698694
0.00771052
0.00070968
0.00639954
0.00225197
0.00017971
-0.00435337
0.00634708
0.00147037
-0.00282353
0.01024938
0.01194566
0.00216499
0.00770234
0.01052068
0.00979536
0.00448802
0.00984318
0.00093740
0.00952619
0.00283810
0.00304046
0.01203856
0.00307336
0.00834584
0.00275581
0.00603484
0.00797169
0.00357541
0.00664764
0.00671378
0.00648677
-0.00178176
0.00399408
0.00566131
0.00491528
0.01458464
0.01236369
0.01599325
0.01397163
0.01452449
0.02004971
0.00963905
0.00819114
0.01657981
0.01661583
0.01539072
0.02035712
0.01234180
0.00628588
0.00953782
0.00770707
0.00659405
0.00195950
0.00770202
0.00221501
0.00490382
0.00044778
-0.00068402
0.00059402
0.00436258
0.00408411
-0.00204828
0.00619179
0.00521186
0.00885281
-0.00226397
0.00712608
0.00132525
0.00786813
0.00272568
0.00194518
0.00414364
0.00458425
0.00131887
0.00844173
0.01012276
0.00400628
-0.00055907
0.00262725
0.00496385
0.00663236
0.00387596
0.00454184
0.00240943
0.00247122
0.00587538
0.00983786
0.00570363
0.00917584
0.01265969
0.00318003
0.00381781
0.00748229
0.00269341
0.00614779
0.00738338
0.00590444
0.01119239
0.00342518
0.00756969
-0.00511709
0.00550425
0.00421840
0.00031143
0.00059783
0.00976806
0.00305942
0.00242619
0.00184457
0.01184981
0.00908946
0.01258508
0.00747161
0.00706875
0.00914992
0.00753585
0.00619602
0.00015557
0.00341025
0.00130467
0.00116397
0.00314134
0.01215601
0.00187758
0.00045271
-0.00661838
-0.00151873
0.00906494
0.00660588
0.00313611
0.00193100
0.00595183
0.00019411
-0.00042764
-0.00263067
-0.00292832
-0.00396687
0.00444907
-0.00308493
0.00007585
-0.00002698
-0.00339046
-0.00335035
0.00410793
-0.00045180
0.00355592
0.00088273
0.00559527
0.00357564
0.00193142
0.00217582
0.00432955
0.00373226
0.00519618
0.00415912
0.00480881
-0.00203040
0.00513074
0.00146425
0.01359773
0.00456634
-0.00102673
0.00499117
0.00521848
0.00571068
0.00587273
0.00919148
0.00616260
0.00159502
0.00033464
0.00195515
0.00156657
0.00256616
0.00355032
0.00058726
-0.00047959
-0.00463153
-0.00122662
0.00315583
0.00350477
-0.00120500
0.00100720
0.00189321
0.01079147
-0.00798322
-0.00085688
-0.00271479
0.00440326
-0.00123413
-0.00190871
-0.00048974
0.00030848
0.00445701
0.00110127
0.00473645
0.00251878
-0.00078519
0.00130040
0.00564054
0.00453079
0.00382543
0.00485215
0.00474536
0.00476800
0.00371517
0.00210440
-0.00071207
-0.00167590
0.00294358
-0.00344896
-0.00048515
-0.00119030
0.00637107
0.00242707
0.00392950
0.00175372
0.00865787
-0.00012812
0.00327633
-0.00004870
0.00077434
0.00614955
0.00307686
-0.00711726
-0.00220537
-0.00451443
0.00840438
0.00322294
0.00321919
0.00178358
0.00528368
0.00168970
0.00088143
0.00132164
-0.00159788
0.00396105
0.00480813
0.00330178
0.00459661
0.00353359
0.00606100
0.00195485
0.00311959
0.00485252
0.00252218
-0.00012577
0.00234953
0.00500125
-0.00035740
0.00507426
0.00694710
0.00665184
0.00423047
0.00556597
0.01716288
0.00736915
0.01094082
0.00357368
0.00383857
0.00504367
0.00988812
0.01108376
0.00536954
0.00578056
0.00809159
0.00961076
-0.00001669
0.00044134
0.00823411
0.00691241
0.00912350
-0.00170858
0.00045462
0.00294073
0.00316548
0.00156203
0.00467870
-0.00007111
0.00814544
0.00198662
0.00437578
-0.00045797
0.00349213
0.00354660
-0.00408691
0.00994244
0.00429502
0.00939724
0.00728960
0.00295608
0.00027183
0.00204106
-0.00465443
0.00165489
-0.00254734
-0.00257942
0.00039072
0.00539577
0.00478848
0.00627053
0.00237738
0.00162408
0.00141968
0.00340286
0.00122719
0.00576490
0.00455975
0.00787131
0.00546115
0.00507334
0.00253436
0.00426936
0.00041620
0.00324178
0.00309868
0.00320041
-0.00063105
0.00395684
0.00228955
0.00699271
0.00155032
0.00721076
0.00410581
0.00540654
0.00971534
0.00153857
-0.00088438
0.00469258
0.00125042
0.00205430
0.00152627
0.00746423
0.00303575
0.00398702
0.00841460
0.00394955
0.00353408
0.00946791
0.00424328
0.00403889
0.00342257
0.00640716
0.00151145
0.00232705
-0.00077761
0.00488646
0.00365078
0.00354254
0.00383813
0.00307339
0.00170067
0.00339839
0.00224505
-0.00161962
0.00753495
0.00496325
0.00595242
0.00753725
0.00108202
0.00294682
-0.00042544
0.00917900
0.00743130
0.01162902
-0.00022912
0.00396237
0.00092146
-0.00042683
0.00258005
0.00171384
0.00318743
-0.00002852
-0.00087104
0.00747720
0.00288300
-0.00003245
0.00156695
0.00279831
0.00343513
0.00526998
0.00073279
-0.00004097
0.00456923
0.00374472
-0.00011429
0.00418881
0.00175358
0.00698053
-0.00172654
-0.00321800
0.00074372
0.00463796
-0.00446805
0.00435912
0.00363520
0.00086135
0.00133602
0.00210559
0.00536884
0.00649965
0.00230854
0.00911811
0.01009661
0.00728369
0.00992212
0.01246996
0.00896746
0.00991450
0.00746700
0.00908701
0.00096500
0.00110956
0.00127998
-0.00003722
-0.00310659
-0.00091776
0.00105318
-0.00071130
0.00332198
-0.00093119
-0.00022099
0.00366205
0.00218099
0.00319137
0.00036529
0.00648604
0.00227264
0.00113854
0.00101253
0.00381437
0.00192744
-0.00091341
-0.00219940
0.00932549
0.00590283
0.00615611
0.00347139
0.00082253
-0.00020266
-0.00188452
0.00452092
0.00795753
0.00763554
-0.00357945
0.00009009
0.00120977
0.00024982
0.00365403
0.00755326
0.00346738
0.00666673
0.00108460
0.00404622
-0.00241727
0.00420141
0.00506245
0.00375900
0.00656480
0.00884452
0.00958356
0.00153778
-0.00292337
0.00341661
0.00358370
0.00173930
0.00190043
0.00753577
0.00302388
0.00051224
0.00290331
0.00128435
0.00330784
0.00127380
0.00393935
0.00304465
0.00289581
0.00615133
0.00310250
0.00260969
0.00286204
0.00213055
0.00694551
0.00216565
0.00473258
0.01123186
0.00656676
0.00642708
0.00488177
0.00604428
0.00600916
0.00560601
0.00383578
0.00553008
0.00210281
-0.00173672
0.00310543
0.00550431
0.00339931
-0.00020629
0.00270047
0.00983754
0.00046450
0.00500135
0.00028247
0.00000432
-0.00272450
0.00210604
0.00326823
0.01292501
0.00026880
0.00159996
0.00407375
-0.00052096
0.00288147
0.01057662
0.00268149
0.00734246
0.01083485
0.00350544
0.00489560
0.00195025
0.00447750
0.00156987
0.01184791
0.00177031
0.00032381
0.00620231
0.00475869
0.01185921
0.00983153
0.00200976
0.01691549
0.00716507
0.00825888
