-0.24692411
0.35498981
0.16085489
-0.37445497
0.15443958
-0.05117381
-0.13918664
-0.33829497
-0.34620947
-0.22581964
-0.54263736
0.14270672
-0.11010299
0.12072596
-0.28741438
0.24513695
-0.10514766
0.11979718
0.50499556
0.07406837
-0.01995265
-0.47032888
0.11355904
0.48906190
-0.44348762
-0.33801850
-0.10210038
-0.53624568
-0.46262949
-0.00480173
-0.07847713
0.03815020
-0.29948882
0.85791825
-0.07750170
0.09658373
-0.51314806
-0.19144523
-0.20020802
-0.65509964
-0.63933412
0.36881760
0.15058724
0.05413723
-0.58400094
0.13379408
-0.00741335
0.02718499
-0.02704531
0.14886009
-0.33292923
-0.52833830
0.06139451
-0.18225846
0.11202330
-0.00259114
-0.14983629
-0.39028150
-0.18080696
-0.45409766
-0.18700698
0.31985706
0.45775431
-0.15258973
0.03210784
0.25688502
-0.31769232
0.26974824
-0.67466422
0.52839617
0.42596007
-0.07518544
0.00396930
-0.09814640
0.13060869
0.23401900
-0.19039676
-0.65474648
-0.24991778
-0.22798491
-0.02297419
0.39963261
0.02872028
-0.32207220
0.23544942
0.18496162
0.28342096
0.11853163
0.11538349
-0.44461440
-0.02560912
0.01366282
-0.35579712
-0.18006608
0.11560608
-0.06192082
-0.40250193
0.33953200
-0.28848565
-0.22089837
0.02079598
0.06642693
0.16373724
-0.18280954
0.11532365
0.45395680
-0.00465695
-0.00548739
0.76968442
-0.40871539
-0.47919956
0.44431647
-0.57888872
0.31420714
0.73283662
0.73987093
-0.06454182
0.40766151
0.28953155
-0.05960419
-0.03124276
-0.18119796
0.31645399
-0.40257117
-0.14140934
-0.24311315
0.25138820
0.17015978
-0.15238892
0.02070285
-0.03850780
-0.26585754
-0.32067645
-0.85222951
0.55080247
-0.00214276
-0.35510087
0.13009288
0.27618902
-0.31305683
-0.12652570
0.47167939
-0.28551328
0.30637997
0.33825552
-0.40954919
0.39665873
-0.18657921
0.36003742
-0.36801654
0.25423872
0.01707587
-0.11301880
-0.15616372
0.32078582
-0.21720602
-0.01685732
-0.26136028
0.00381986
-0.65140662
-0.50402835
-0.59401676
0.05721832
-0.04932176
-0.04751400
-0.63795889
-0.01721608
-0.27953047
0.15231684
0.09957942
0.08002105
-0.60335215
-0.05195964
0.12488513
0.09958651
-0.07317868
0.21882355
-0.04385968
-0.10328218
-0.30420456
-0.53159478
-0.16022015
0.20994930
-0.03541859
0.19068299
0.12028270
-0.17163534
-0.09698830
-0.32456041
0.33502287
0.03677692
-0.53539228
0.20613226
-0.37860677
-0.07713470
-0.03347205
0.18726856
-0.15646862
0.14940419
-0.21011022
0.30105027
0.57620106
-0.15302609
-0.21596730
-0.22169496
0.24795080
-0.32502692
-0.36824114
-0.10487422
-0.48153721
-0.22329822
-0.35858403
0.08771057
0.02648876
-0.25444744
-0.06729231
0.20024006
0.12030099
-0.20088382
-0.56568830
-0.09294937
-0.10144842
0.44866726
0.01529295
-0.37780759
0.26548073
-0.03869032
0.29232752
0.08227735
0.01902543
-0.14894306
-0.25673355
0.06810264
0.01855977
-0.26128600
-0.80084923
-0.65938364
0.29022590
0.41871436
0.12634331
0.23156424
-0.47468896
0.10861054
0.29985366
-0.10134099
-0.72908587
-0.17827683
0.09403614
-0.80612096
-0.10739675
0.09807805
0.36739922
-0.20212638
-0.23334284
0.35905046
0.12621360
-0.17078716
0.60567862
-0.50723110
0.35023808
0.18881475
-0.22847996
-0.36943830
0.05136052
-0.58753724
0.01597632
0.18197052
0.12492181
0.04176706
-0.46738719
0.14096432
0.16886365
-0.04824771
-0.09459646
-0.27731055
0.10189929
-0.25355792
0.39550470
-0.25833536
0.16764227
-0.07195549
-0.44709888
-0.09214964
-0.07924107
0.44999785
-0.15459696
0.02340958
0.00282271
-0.52487152
0.02772675
-0.02687642
0.26949605
0.47929377
-0.54910564
-0.02776924
0.09725268
0.60863790
0.11585578
-0.50241045
-0.14167898
0.23529516
-0.13603575
0.17836198
0.06453995
0.05168215
0.44217774
-0.00913152
0.22962256
-0.22102157
0.31498253
0.09166577
-0.20316466
-0.13537751
0.33818111
0.18283501
-0.18574796
0.17492203
0.13587250
-0.43468877
-0.46374111
0.05412612
0.26151025
0.32391839
0.19873239
0.30856533
0.32814649
0.12735550
-0.03456755
-0.37741687
-0.29254857
0.07284079
-0.48280533
0.32671068
0.08042170
0.13571493
-0.23853407
0.18032368
0.43103131
0.21350970
-0.13170928
-0.19716455
-0.11771969
-0.25445196
0.34700456
-0.24047997
-0.34402190
-0.51389744
-0.19686614
-0.28644455
-0.02438833
0.47771120
-0.15301849
0.20000053
-0.20270226
-0.52629544
0.55087061
-0.63538900
0.25557925
-0.10252955
0.24227625
0.02517499
0.21550201
-0.25556242
0.37455556
-0.30378352
0.00232736
-0.21669596
0.19284632
-0.48120510
0.11848250
-0.80212408
0.20719481
0.08130142
0.46334978
0.15143071
-0.26281822
-0.45891717
-0.40710871
-0.08400180
0.09793545
-0.10241713
-0.53582416
-0.18883413
-0.10246460
0.45662193
-0.18758321
0.60740388
0.21743821
-0.47661431
-0.36896804
0.05010104
0.22447508
0.19453837
-0.36716895
-0.04032687
-0.21194211
0.47036944
-0.44391667
0.03774530
0.18629166
-0.07461815
0.11569390
0.05980540
0.40964362
-0.04344931
0.02907529
-0.11692859
-0.07587105
0.22708377
-0.40557492
0.35590834
0.11482431
-0.06459855
0.20310864
-0.01870908
-0.36531149
0.02865660
0.42219809
0.08075684
-0.22421772
-0.56487567
0.82282637
-0.55152735
-0.18313329
-0.92493662
-0.24941974
-0.19384153
-0.35001005
-0.09357461
-0.03566986
0.28040873
0.42695067
-0.08429011
0.30624755
0.32635522
0.04892817
-0.17111875
0.11531049
-0.66772721
0.18635028
0.33735622
-0.50591248
-0.28224677
-0.13509814
-0.27154597
-0.04128471
0.16208542
-0.25772966
0.36917390
-0.13036097
0.30433463
0.42449131
0.25687475
0.16672022
-0.56918633
-0.27712858
0.25178808
0.20555438
0.09483600
0.14007869
0.20014117
-0.03516537
0.35528605
-0.13006497
0.03367347
-0.21888169
0.18857350
0.10489858
0.22249527
0.48362186
0.09428455
-0.13040839
0.02062681
-0.03488450
0.22545410
0.07746252
-0.48292708
0.07768951
0.06920192
-0.50382928
-0.21278486
0.07875859
0.38890276
0.45900929
-0.26028522
0.06955674
0.02745739
-0.07414990
-0.55560259
-0.36260070
-0.23088690
-0.20364248
-0.42783539
0.50805866
0.14845950
-0.36389862
-0.09605776
-0.25529691
0.64999013
0.25717870
0.48916649
-0.77776308
0.46390035
-0.53086004
-0.24858486
-0.48226569
0.51367959
-0.73346238
0.08596016
0.39442927
0.02234862
0.10794575
0.45250707
-0.00234883
-0.35011565
0.35733353
-0.10383502
-0.25053600
-0.01082150
-0.28445768
-0.05556683
0.25393826
-0.50020909
0.07762824
0.02569927
-0.33248643
-0.14733375
0.04681615
-0.05153673
0.40020936
-0.08496176
0.35948590
-0.27104865
0.17727295
-0.21335237
0.16033776
-0.27634797
-0.02913064
-0.47436252
-0.18716805
-0.17240232
0.12024127
0.64455805
0.11138458
-0.54781264
0.18926840
-0.55043288
-0.01420696
0.39877904
0.17662641
-0.26267987
0.14595769
-0.31097779
0.23519898
0.38885569
-0.02040659
-0.78578871
-0.14428661
0.11287493
-0.27757662
-0.01514447
-0.08943835
-0.58709108
-0.36672268
0.07172318
0.06141518
0.07270638
-0.08098521
-0.53421984
-0.12133465
-0.13047795
-0.58913691
-0.10307379
0.17747032
0.16497068
-0.22057156
0.31628467
0.43535573
-0.27938443
0.27979230
0.24113697
-0.70668726
-0.49736317
-0.06325136
0.17242120
-0.12104369
-0.74580562
-0.37880370
-0.33847820
0.05172522
0.54475611
-0.12622770
0.00100158
-0.05220564
-0.15080874
0.32335787
0.06331445
0.53415144
0.53531229
0.08669188
0.13521223
-0.55558909
-0.17536551
-0.22529693
0.23652899
0.59184061
0.19335383
-0.23809848
0.54794924
0.48115164
0.68819096
-0.08446498
-0.01575442
0.07860704
-0.17774758
0.56440412
0.04185622
0.21201335
0.32997520
0.59424376
-0.08850804
-0.21832241
0.68317280
0.04146610
0.52509875
-0.19192626
0.23439098
0.18955006
-0.06313327
0.10629966
0.08985030
-0.35842694
-0.17929709
-0.34984156
0.62498260
-0.31256523
0.12009804
0.43902541
0.14377147
0.30115119
0.42853191
-0.31107031
0.12245121
-0.51468076
0.23952332
-0.01063726
-0.32598438
0.42467744
0.29170767
0.15974146
-0.70721982
0.25343981
-0.23759105
-0.34816316
0.18607499
0.28498679
0.27355016
-0.42482577
-0.27814066
-0.18075288
0.39888726
-0.09608385
-0.07453742
-0.43275032
-0.00093452
0.05186651
-0.01853109
-0.06823487
0.17159219
0.01021166
-0.28837177
-0.23160674
0.13967663
0.19081468
-0.23101276
-0.25894125
-0.26305939
0.36283141
-0.37542021
0.19573952
0.33392834
0.67877355
-0.00931943
0.00284999
0.32292624
0.19051448
0.41747318
-0.05689640
0.11765254
0.44841233
0.26347796
-0.64920406
0.78218113
0.25687219
-0.29530891
0.26229491
0.12037906
-0.48240602
-0.15935968
-0.67342461
-0.16054873
-0.53987982
-0.49485065
-0.45647800
-1.19898726
-1.29686495
-0.85544449
-0.97614229
-1.20188518
-1.85524033
-0.93649626
-0.71844921
-1.45780680
-1.08772688
-0.69762939
-0.58517038
-0.97516989
-0.71868742
-0.18732705
-0.05392861
0.59356708
0.45632284
0.24514997
1.17974636
0.73211401
1.58336805
1.21035235
1.14911700
1.53074308
1.47564729
1.85746447
2.38378884
2.01000730
2.14038064
1.38207750
1.51480298
1.20625918
0.54089913
1.49282350
0.78929954
0.52146764
-0.03688495
0.83208941
0.56704235
-0.28409815
-0.06537391
-0.58873011
-0.35887288
-0.32229949
-0.97244792
-0.88255461
-0.81310136
-0.84260427
-0.40475269
-0.14679545
-0.65660948
-0.38415406
-0.43589088
-0.77165485
-0.61479952
-0.79007658
-0.14899270
-1.13904970
-0.66390564
-0.82074255
-0.02708819
0.17804389
-0.36884395
0.25767962
0.12609391
0.08761352
-0.21556167
-0.05581513
-0.00417959
0.20559113
-0.14593998
0.15549129
0.08300723
0.37509264
0.63313951
0.20827271
-0.43168688
-0.06302573
0.28272264
0.30285925
0.39801100
0.28301568
0.30965540
0.31988116
-0.50898792
-0.56606940
0.45179094
-0.29671959
0.39442980
0.10553008
-0.22250785
0.33616824
-0.16864878
-0.27263282
-0.08818992
-0.89800475
0.01528078
-0.02611236
0.07498419
-0.35935485
0.09213088
-0.16934978
-0.33045833
-0.03484320
0.01825203
-0.12865832
0.09153125
-0.02493016
-0.26936905
0.35537666
-0.57253421
-0.26102219
-0.35402570
-0.34385440
0.21391219
0.20738995
-0.37063942
-0.18810674
0.17169890
0.62254411
-0.29896738
-0.09598304
0.52923770
-0.07238297
-0.31354730
0.24945327
-0.35757232
-0.26535481
-0.04432411
-0.37366811
0.06696936
-0.04443746
-0.04936098
-0.48865477
-0.35670071
-0.18362046
-0.32400625
0.42589712
-0.16556879
-0.08774635
-0.35523914
0.29078123
-0.15670549
-0.52096158
0.03840592
-0.61253673
-0.41952786
0.18707447
-0.01788324
-0.18211481
0.01895053
-0.26516045
0.17042614
0.07208566
-0.25878776
-0.03266673
-0.40144677
0.41075560
0.06060113
-0.07988579
-0.21312425
0.09242164
0.09340345
0.00083729
0.11898694
-0.11569293
-0.02648435
0.33337900
-0.05539530
-0.11127421
0.41525951
0.25954479
-0.14220713
0.65926882
-0.05376567
-0.02321424
-0.22537763
0.18850391
0.36845928
0.05814869
-0.34935265
-0.19435583
0.28532653
-0.57504843
0.00592533
0.02886584
-0.18696945
-0.06332726
-0.01914128
-0.29758420
-0.37066111
-0.10488429
0.43550250
0.17668199
0.03412716
-0.24029147
-0.40303110
0.49880635
-0.30132554
0.25543436
0.08115000
0.03870408
-0.05020185
-0.13634122
0.14910584
-0.01730380
0.29842295
0.43915250
-0.28268021
-0.01816827
0.01173800
-0.20327145
-0.15105553
0.74886217
-0.06293699
-0.26145436
0.25164681
0.29472441
-0.08993837
-0.31671099
-0.05988396
-0.27280725
0.13026817
0.48386104
-0.05463718
-0.66107449
0.05627296
-0.09521362
-0.55158045
-0.15985791
0.01296102
-0.19249297
0.17799702
-0.42962732
-0.13892217
-0.02361578
0.15454020
-0.23066114
-0.00771452
0.02043012
-0.24058964
0.36376241
0.11546176
-0.18064016
0.12138001
0.48755628
-0.22762585
0.05998406
-0.26664033
0.13276652
-0.45422106
0.22998518
0.51877467
0.42032850
0.20240982
-0.04536913
0.00697568
0.76586003
-0.03471004
-0.61712943
-0.06290172
-0.31144458
-0.17226720
0.57039371
-0.50633464
-0.21313665
-0.52200433
-0.58967932
0.28085850
0.80524124
-0.09490576
0.01832584
-0.16494499
-0.05143318
-0.19898596
0.30269957
-0.06449127
0.21052739
-0.35497079
-0.54643015
-0.12574511
0.22835669
0.11707206
-0.00460235
0.35846090
-0.00115471
-0.23142935
-0.49669873
-0.20829257
-0.18133418
-0.03173365
0.29127309
-0.15446503
0.16443877
-0.29410794
0.34671335
0.11922641
0.38005200
0.42904313
0.00987041
0.23393010
0.12422498
0.05280730
0.61649323
0.18432060
0.29618113
0.68865900
-0.32171527
-0.58230480
-0.34044840
-0.19620449
-0.84624962
-0.33204173
-0.28818549
0.25287896
0.37188514
-0.39648867
0.09974592
0.32678451
-0.54558569
0.59455102
-0.34452180
-0.34985002
0.01895103
0.24328982
0.32871151
0.34611838
-0.47575529
0.15894844
0.45084446
0.07789877
0.31621326
-0.23761332
-1.02743167
0.19629922
-0.10714493
0.08123004
-0.30952233
-0.58751549
-0.01797748
-0.63857986
0.38106439
-0.09863831
-0.23943832
0.02875275
0.52927863
-0.37350139
0.24076027
0.04639692
-0.23598739
0.13779908
0.36843900
0.74169686
0.18826240
-0.19522608
-0.48446915
0.25030018
-0.11700733
0.30276800
-0.05112098
0.64001858
0.30460392
-0.64600192
0.15627880
-0.34123058
0.12426525
-0.09669854
0.12888322
0.40038037
0.31201352
-0.06414475
-0.16763576
0.43440736
-0.00656566
0.28822325
-0.34998812
0.02937210
0.01642455
-0.21643927
-0.68760001
-0.19395057
0.48211319
0.21482141
0.26125362
0.08355235
0.61281878
-0.02093401
0.51014027
0.04701589
-0.06292105
0.17879021
0.09232682
0.62848414
-0.16965364
-0.13454026
0.25682039
0.19523250
0.17320591
0.01471776
0.03973412
0.08279571
0.19019451
-0.00522673
-0.19324160
0.35070529
-0.13880897
0.06370343
-0.54362299
-0.07922866
0.04472592
0.14099199
0.14211923
-0.05288229
-0.33157985
0.49276744
0.24197277
-0.16354376
0.10614523
0.30071249
-0.08079696
-0.08294311
-0.28082055
-0.14809744
-0.00681550
0.37350933
-0.06945514
-0.16787957
-0.16185970
0.59304195
0.31029755
0.15107432
-0.19710976
-0.43906640
0.22530929
0.32399196
0.05423737
-0.76367984
-0.36664618
-0.00727568
-0.30157609
0.08669385
0.76581303
0.14747144
0.53675596
0.58875398
-0.41532526
-0.45452604
0.51876612
0.35396314
-0.54820063
-0.10148109
0.09337063
0.52082348
-0.02139134
0.21163035
-0.23170908
0.09138428
-0.04925612
0.49981532
-0.48598213
0.44289563
-0.45434588
-0.29776175
0.08731290
0.07536309
-0.49869211
-0.28587572
-0.14572329
-0.35765390
-0.30387127
0.08363281
-0.04392070
-0.13397543
0.52582219
0.43959025
-0.00047218
0.04160206
-0.50008773
0.10226616
-0.30535030
-0.25448398
0.33605880
0.08393138
-0.25569378
0.44241388
-0.06207400
0.02144055
0.11644557
-0.33635441
-0.40311895
0.73673203
0.24392819
-0.16317257
0.33369229
-0.15795848
-0.05026166
-0.43383037
-0.11830844
0.13579128
0.12092825
0.22810151
-0.33422717
-0.01767448
0.23483729
0.01850835
0.18409444
0.04122677
0.21878334
-0.47659013
0.14018110
0.37164937
-0.12193779
0.40888770
-0.11275045
0.44339254
0.06612350
-0.14046845
-0.47122031
0.14494133
0.39671414
0.58897649
0.68955238
0.00292317
-0.08655882
-0.14789109
-0.11739769
-0.10909346
-0.58609555
-0.21766272
0.19074024
0.44871376
0.50014446
-0.31772320
0.46761718
-0.33615888
-0.05641498
0.52402750
0.00451507
0.06117566
-0.16782880
-0.33352117
-0.50989056
-0.08380008
0.08682650
-0.04273392
-0.25035091
0.43789323
-0.31735319
0.56354385
0.37948913
0.27323420
-0.53775150
-0.24761338
0.46134045
-0.25955634
0.22964014
-0.16563723
-0.12026571
-0.14834491
-0.28880401
-0.34340061
-0.09017983
-0.17750159
-0.32774823
-0.62238609
-0.08970070
-0.08984873
-0.23465120
-0.01694435
0.02576789
-0.52514248
0.15800307
-0.47196806
0.28922013
0.25019672
-0.15632014
0.17468841
-0.08086683
-0.77039830
-0.31906985
0.35182745
-0.14987885
-0.07263723
0.09707781
-0.68702798
0.45743234
0.05097793
-0.11596984
0.04474456
-0.15598029
0.52030820
-0.48753053
0.53359048
0.71660336
0.54272317
0.23819739
0.33009220
-0.07788854
-0.09909504
0.06127432
-0.06964986
0.17168269
0.10186684
-0.32216472
0.01179280
-0.39791371
-0.02125089
0.41918468
0.18627174
0.35899025
0.00381558
-0.12502821
0.29260398
-0.05294335
-0.50222327
0.33831682
-0.05470930
-0.14500437
-0.28652314
0.02287943
-0.13756419
-0.30313732
0.05995169
0.54178511
0.08626722
0.19030939
-0.43188680
-0.12620792
-0.31068004
0.38852801
0.00509325
0.34269179
0.06721109
0.37853848
-0.22252794
-0.08658472
-0.15983983
0.47430137
0.18404974
-0.15060585
0.15360915
-0.01215397
0.32702719
0.54752303
-0.08153292
0.65045815
0.34842463
0.73227445
-0.11356953
0.17044411
-0.06791760
0.07954102
0.23866712
-0.15927077
-0.04899029
0.14346000
-0.75774561
0.34439214
0.56523857
-0.05150093
-0.43429681
0.13957448
0.49064599
0.41750648
-0.24369193
0.07486187
0.51531393
-0.07172913
-0.45477504
-0.21033460
0.09647165
-0.11093656
0.06675319
-0.10037187
0.48884750
0.33433878
0.01691906
0.07642905
-0.18178520
0.08178493
-0.80287446
-0.51053224
-0.32908488
0.22084785
-0.08730095
0.31655383
-0.00912754
-0.34792150
-0.37893454
0.16987407
-0.04171058
-0.30215686
-0.25229015
0.29128167
-0.31276874
0.20646315
0.44086805
-0.12531397
0.29936594
0.65107037
-0.22963726
-0.43639898
-0.41165218
0.00368810
0.04031514
-0.21388995
0.22656503
0.84674392
0.31057169
-0.15667624
0.01480402
0.08646952
0.10502171
-0.09831394
-0.28594598
0.17733264
-0.52681903
-0.48229560
0.25518438
-0.13078506
-0.35693374
-0.33945506
-0.25907272
0.74390919
0.05741282
-0.18268406
0.11537041
0.11234023
0.35496784
-0.05148623
0.12151546
0.63927004
-0.02342048
-0.25618267
0.16125253
0.14579254
0.17258246
-0.58806176
0.15039348
0.25642026
-0.01602786
0.71335116
-0.23974157
0.07693706
-0.28259409
-0.19989029
0.23621173
0.49809477
-0.11906976
-0.40198211
0.40896560
0.18648870
-0.24470105
0.27145209
0.36417361
0.34156578
-0.22089095
0.06363264
0.11406288
0.65992181
-0.21652818
0.24812772
-0.14050361
0.15737743
0.46811987
-0.28293544
0.46814873
0.50395845
0.23577194
0.27371774
0.05569283
0.10684559
0.24705893
-0.07087084
0.15080928
-0.09147870
0.09753917
-0.52226390
-0.31627785
-0.09866896
-0.08878752
-0.11035740
0.14652299
0.26870266
-0.60351891
-0.18336889
0.11999350
-0.26924848
0.53195636
0.19955997
0.06752931
0.51702395
-0.55210750
0.29388434
0.73337098
-0.10589474
0.30852296
-0.06434314
-0.11107858
-0.34804629
0.10086160
-0.15795485
0.48050352
-0.03726748
-0.28298300
0.19473037
-0.20176341
0.01557270
0.13657005
-0.40280512
0.13138763
-0.36117070
-0.00692744
-0.37669627
0.33341554
-0.29049281
-0.39809556
-0.37647255
-0.55102842
-0.21587221
0.24824123
0.15498500
-0.05055399
-0.28903923
-0.10680429
0.10969318
0.34647588
0.13656780
-0.69137667
0.21685389
0.21610754
-0.08615235
0.12071606
0.20540902
0.13990560
-0.41122256
-0.23038206
-0.26126139
-0.43930358
-0.53830208
0.47469608
-0.28902488
-0.00425192
0.27120493
0.35721719
-0.03251474
-0.33900243
-0.14460599
-0.05094081
0.13708834
-0.14366435
-0.31598489
-0.18907281
0.36371227
0.75418221
0.02111509
0.25237087
-0.33530055
-0.06646905
-0.22942187
-0.08013847
-0.17108776
-0.26380885
0.37704876
0.12971263
-0.89792330
0.32094003
-0.07660493
-0.36865844
-0.18258612
-0.08337833
-0.25907411
-0.50282488
-0.31826395
-0.29739885
-0.21000312
0.03810810
0.22425374
-0.38613959
0.00535924
-0.14539917
0.65362506
0.15983451
0.57300806
-0.55623806
-0.05967080
0.43946642
0.79590256
0.17443919
-0.22446916
-0.32725296
-0.24755819
0.00090358
-0.63654462
-0.23748377
-0.20418542
-0.16885444
0.05978520
-0.11791597
0.40365674
-0.11201588
-0.21693508
0.25970282
-0.11806919
0.24041151
0.14131129
0.16386983
0.16455342
0.07858544
-0.07847924
-0.06162672
0.10359823
-0.35200732
0.03995154
-0.05937181
0.66752396
-0.08236096
0.06132522
0.25357440
0.16190688
0.10571175
0.22574607
-0.05271757
0.17144152
-0.15478784
-0.15719690
0.03833102
-0.24959499
0.72625990
0.09707910
0.04442421
-0.34462270
-0.47756492
0.00926982
-0.05408505
0.03417148
-0.09338096
0.09175418
0.11862456
-0.17344086
-0.09343058
-0.29150759
-0.15645727
-0.18170534
-0.55905648
0.00786052
-0.11641021
0.44199520
-0.12908801
0.85763517
-0.36881322
0.03570086
0.62513969
0.01294668
-0.22687980
0.04579429
-0.20127085
0.31700728
0.58691227
-0.56651019
0.27809425
-0.12280486
-0.02284462
0.03312340
0.07625744
0.25927588
0.03000810
0.05011897
-0.14571960
-0.35450789
0.61045343
0.19716404
0.07081315
-0.09120879
-0.34050425
0.33326626
0.24074666
-0.08786013
-0.02136015
0.58681188
-0.05340930
-0.08686440
0.10050640
0.07002555
-0.78491631
0.31082907
0.17540834
0.12839708
-0.15609235
-0.22498419
0.43986314
-0.22634243
-0.09642483
-0.21390728
-0.10653421
-0.40292953
0.40519798
-0.43365521
0.34716502
0.64541372
-0.30888908
0.09369319
0.07398475
-0.01628946
1.13175309
0.14182295
-0.08100999
-0.20440168
-0.08004586
0.20323322
-0.40642030
0.26010905
-0.33266303
-0.29423839
0.21371456
0.32778172
-0.09276192
-0.09250217
-0.11313831
0.19139781
0.42865653
0.36627120
-0.22916866
-0.06845046
0.17074851
-0.65503655
0.15278934
-0.40159410
-0.14920505
0.10634708
0.25780649
-0.49539779
0.00257797
-0.54006388
0.35375298
0.30949012
-0.19214084
0.02643415
-0.68324315
-0.60851652
0.32924493
-0.24188697
-0.07811308
-0.75542062
0.19153165
-0.28115124
-0.23350014
0.01102284
-0.08297631
0.02569355
-0.57629788
0.24965198
-0.69020385
0.13669269
0.04600173
-0.20501925
0.09604775
-0.01773159
-0.27185752
-0.24200062
-0.22229582
-0.32106288
0.09914793
-0.29907361
0.00769647
-0.11986568
0.03428143
-0.44342305
-0.05503683
-0.41603468
0.15099981
-0.08266489
-0.11702073
0.32511803
-0.12319113
-0.17863344
-0.38439700
-0.54641968
-0.01624802
0.09673869
-0.07618968
0.00608936
-0.17230031
-0.38514031
0.10841063
-0.35049584
-0.47500249
-0.02624210
0.17524115
0.49040550
0.36290422
-0.50786401
0.65896020
0.14144580
0.36622212
0.00108322
0.12671502
-0.14499700
0.38093796
0.30514424
0.13971420
0.01791429
-0.51249628
0.14142970
0.03515908
0.10418753
0.14600117
-0.39092273
0.21118804
-0.09883302
-0.11699237
-0.08010899
-0.22282564
-0.02527386
0.09144566
0.49821242
-0.24596072
0.25902398
0.41029634
-0.58538388
-0.20566421
0.22044794
0.28595268
-0.33200685
-0.08762662
0.08944651
0.58327536
-0.17732881
-0.26548129
0.27831860
0.04485519
-0.05598287
-0.28081792
-0.33087105
-0.02182940
-0.12655286
0.31575811
-0.97135683
0.09944585
0.47469597
0.05793817
-0.14793967
-0.20697061
0.37654237
-0.16893441
-0.02831136
-0.23076947
0.26475827
0.39682370
-0.05935841
0.16437605
0.18756950
-0.04876079
0.31581523
0.04648297
0.62902381
-0.35490423
0.21077767
0.58045173
-0.34837432
0.32402561
0.44340223
-0.46101344
0.20251297
0.39483272
0.50703541
0.51559314
-0.04802757
0.06108001
0.12053609
0.30495960
0.28767436
0.15421229
0.20942950
-0.30540668
0.17942112
-0.12665408
-0.34987637
-0.24617457
-0.18372026
-0.25515639
-0.41495837
0.21043944
-0.26072547
0.11666078
0.26999015
0.12068969
0.27316046
0.30394644
-0.02573469
-0.46820102
-0.11967530
-0.36372390
0.00404378
0.42529069
0.28751824
0.10429343
-0.37046885
0.52085790
-0.09373873
-0.03068335
-0.40741549
0.54608091
0.17548630
0.60413858
0.27993049
-0.35360366
0.06848486
0.88063572
0.13985487
0.13233077
0.14135048
-0.02500468
0.25300490
-0.64728736
0.04533030
0.14231669
-0.30146979
-0.07848639
0.20183460
0.56226906
0.25357266
-0.54674871
0.22622636
-0.06667504
-0.52414575
0.00595370
-0.09429739
-0.20136482
0.43474503
0.38303468
-0.16494164
-0.47129701
-0.21855229
0.23144872
-0.12834851
0.62917597
0.26666373
0.14684610
0.09287383
0.11274277
0.04448193
-0.02966341
-0.09400444
-0.23191445
-0.17540951
-0.15801675
-0.48269005
-0.20242118
0.06497831
-0.38909156
-0.18187856
0.01863813
0.43041587
0.13093466
0.03842669
-0.03115522
0.04927319
-0.35546485
-0.11344245
0.15246116
-0.21487036
0.41098268
-0.11244983
0.01471605
-0.08137476
-0.01285073
-0.01333756
0.21607041
0.11678264
-0.24574815
0.14608860
-0.27517207
0.12107802
0.22470073
0.19033856
-0.41643011
0.15113546
0.31297950
0.22778266
0.36590016
0.13284854
-0.12048985
-0.04851073
0.03081364
0.29820325
-0.12696238
-0.37870477
0.13526099
-0.09402821
0.17089817
-0.15989422
-0.29799854
0.21017570
0.55257626
-0.01919422
