-0.26607189
1.45073282
-3.61641941
2.81405094
-0.10940253
2.05952171
-0.71135718
-1.14727975
-1.32198456
1.34193710
-1.18098038
-2.54476022
5.12227796
2.79426306
0.95665403
0.06688147
2.01610568
-1.96602454
0.41131607
-1.11744032
3.04016557
-1.40991934
2.39261025
-1.59111774
4.09754382
4.63606608
1.02824352
-3.29656756
-2.55061103
-2.72729775
2.39673175
-2.62871167
1.62883049
-1.41336413
-1.42296111
-0.13421117
0.10300817
0.72481308
0.67101497
0.62631682
3.06229343
-3.26509959
-2.21117709
2.62452810
1.67661428
1.48205115
2.33224765
4.58304603
2.18964805
2.16157016
-2.75611392
-3.90369213
1.08786394
-2.12354292
-4.24703952
1.63117317
3.28497880
0.88266211
1.82153221
-4.40585145
1.05680757
0.77511869
-0.16218616
2.71686032
-2.67167266
1.06789898
-0.47321110
-4.07902190
0.62393782
0.09894856
1.88418300
-1.12685765
3.95037089
-1.49755977
-0.06829541
3.46468003
1.84843925
-2.36683690
0.04478384
-2.28291432
3.28590221
-0.21961480
-0.73683887
-4.12366833
-2.00024100
0.41953396
-2.90440133
-0.39459980
6.20853971
-3.15483602
1.83061449
-1.66292953
-1.58392047
-0.06544115
-0.93430070
-0.06205409
1.13666938
-2.31864007
-0.31356523
4.80940276
2.62962474
-5.04692060
3.71400831
-2.13892526
-1.30532493
1.34866145
-0.95590950
-2.19745581
-2.58246491
-3.22764017
-4.56800127
1.08795126
1.30002296
0.70234701
-0.34206966
0.38210304
-0.30546043
-0.74623327
2.83714285
-0.32550360
-0.49495227
-1.59360113
-5.14538003
1.09740441
-2.71679135
-3.26250465
-0.26943369
-2.84709794
-0.37242545
2.32367208
0.80945044
-0.71638631
1.77873064
0.96241514
0.65810710
0.60808531
-0.24668293
1.55603246
-0.77052540
2.22226473
-1.47190015
2.21083123
0.20768648
1.16278521
2.37551248
3.99457822
-0.43668133
3.10894548
-2.98691055
1.50642824
4.36094811
-1.08043496
-5.50395117
-1.54905788
-0.47080133
0.88272444
-2.81791265
-0.89170219
-1.29821516
3.71698244
2.32654506
5.48453831
-1.93303655
2.85490476
1.61970878
0.40711077
0.15137785
1.20550387
0.02268777
-0.87809069
2.64508742
-1.71008792
1.25950700
-1.50216241
-0.32385746
-2.79815207
-1.48770864
0.25952452
-7.06647156
-0.72201796
-4.87313741
0.27074747
2.06671963
-3.25497797
0.60358327
-1.28378801
3.43985405
-1.13383043
2.52710963
-2.02409606
2.20284566
2.68681878
0.86901188
-3.36648668
0.76713907
-1.37211848
3.15161833
3.13911476
-2.62385532
0.20243842
-3.54434024
2.30103401
0.68721804
1.90061776
1.23273356
2.15235795
-2.43876589
-3.48306108
-0.56163008
1.23795203
-1.27302595
5.01542503
2.50377671
-0.02710943
2.75394666
4.61145917
0.03322154
0.73607434
-0.58989954
0.20550120
0.29527540
2.65425427
-4.12684561
-0.05735409
-1.17668687
1.03369784
2.94074371
4.22179742
-0.74160000
-1.30022830
0.30814410
-4.12036137
2.51431225
1.76311459
-4.04253957
0.49729421
3.25928422
1.77315874
-0.32151238
-0.85261622
0.63911032
-0.79720061
-1.44478525
-1.15923631
-1.83452336
2.05677198
-5.40440106
-0.17413471
-0.62074610
2.05586269
3.19511431
-1.40993257
-2.88405485
-3.11009483
-3.49598295
-2.03739764
-0.85788571
3.25243179
3.09458950
-1.25018347
0.50956316
4.07128436
2.27185560
-1.83671284
-2.37929903
-3.21264420
3.28310137
4.53309205
1.58508979
0.23177494
1.59102947
-4.72657459
3.42985956
-0.85066811
1.23520439
-0.00526630
-1.82353554
2.50130954
0.97252223
1.01908061
3.77667711
-0.87409847
0.17535262
-3.63424728
-0.20335311
-0.61029968
1.22600963
1.32811237
2.03785459
1.48525367
-2.29060532
2.01890593
2.38101050
0.37479608
2.99341794
5.86202032
-5.84768677
3.20431766
-1.12096349
-1.06727071
-4.22526599
0.34515757
1.46930132
-1.27895760
1.62985433
1.64188289
0.97012368
0.19597044
1.55041391
2.55693497
0.30019429
-1.28494085
-0.61406915
2.19857901
-1.36076805
3.49283733
0.75667373
1.76460524
1.44493579
-1.95550506
3.15404655
1.62990139
-4.49220198
0.81858098
-0.65857754
1.36404895
-0.48284230
3.96334141
-3.13275579
1.15698973
0.23025262
-2.79268634
1.31411817
-1.32090893
1.07566466
1.42472732
3.13554588
-0.11525325
-1.33510759
0.36207573
0.13986840
-0.51198875
-1.20440001
-0.17570183
2.92271345
-0.17673573
-1.77521542
-1.68566097
1.94586404
-1.21751439
-1.55635697
-1.12288298
3.92375947
-1.37039457
0.67958015
0.22433219
2.47408909
-1.73142118
0.91153165
0.27101852
1.43576123
3.33247425
0.20340020
1.65711527
-0.20484623
-3.55908837
-2.38321141
-5.28894990
5.25826584
-0.55018185
0.11751042
-4.48602891
-0.97073805
-2.18250028
-1.96659261
-2.34847006
2.04983326
0.87825850
2.12178538
-3.90502936
-2.50028764
-0.85683299
-2.95709038
1.72824341
0.76084907
-0.34024914
0.25554924
1.64976712
-4.27836664
-3.29491547
5.95936597
-2.80968229
4.55497273
-1.57868800
2.75781269
-3.02503378
-0.19375395
-0.52773539
0.20044214
-0.17844308
-4.90020852
1.20229888
2.10376607
-6.55127083
-0.12854162
-0.69041381
-3.85753627
-2.58086507
-1.42529810
-1.02505463
1.38677516
-3.66901902
-0.56878741
-2.39689842
-0.43897322
0.02587229
-0.64078051
-1.63495674
-2.02735620
0.96468877
5.21874709
-3.82350041
1.69418272
1.60517162
-5.07899079
-1.56146522
-0.72534153
0.95216834
2.55389159
0.38867629
2.42424168
-2.18742345
-1.96522326
-4.51674563
1.57701515
-3.12374155
-3.38426275
2.94423070
-0.00921057
0.48224799
-2.21993799
-0.71182592
-4.09996257
-1.73266046
-4.82504289
3.23206763
0.27757022
1.90383038
1.71341327
-2.50539587
-2.89118793
1.05856780
1.38014328
2.85733513
-4.00034626
-0.93372015
-1.68620134
1.49204163
-1.50972145
-0.85429207
-0.25349633
-0.90436963
0.69612142
0.33157912
-5.30808986
0.40108500
5.44522944
-2.98372230
0.11221449
-2.57400500
1.24856898
1.42842775
2.32017128
1.55232088
-1.28069494
0.94606109
-3.17532063
-1.60821280
2.88699953
0.51174039
0.14069337
3.33770248
0.24377221
-0.79110150
-7.02638005
-0.72045588
-0.67410147
-1.16710850
0.07905161
1.83962094
5.79671300
0.40949786
-2.41080253
1.36627920
1.16768018
-1.79393445
2.69574423
3.24110719
3.19717013
-1.56887081
2.26302822
-2.30600591
0.10683080
0.59187120
-0.68214750
-2.54947539
2.53697452
2.01701364
-0.66574755
-7.24313469
-1.41083758
-0.01405577
-1.65459734
-0.85539448
-0.05340627
3.54078020
3.64261013
4.35513657
-4.07518277
-2.19714070
-4.94283942
4.27957362
1.54619248
-0.95044927
1.00021416
5.25848050
-1.32297349
2.35795677
-1.54923644
-1.33287326
4.64023343
2.98712860
1.66856369
-2.14498509
-1.40677629
0.40903250
0.69130629
2.69969919
3.86399277
-1.71158809
-1.07022317
0.50590095
-6.31821949
2.79939080
1.77148363
-3.45521717
0.48140180
-1.82705932
3.73642591
-0.75960059
1.76950159
1.89879323
3.70437222
-1.60818167
-0.38051349
-3.53905359
-1.39708128
2.93718296
3.62456221
1.09998386
1.07163866
-0.02806638
-1.24061864
4.26145831
0.11878136
-0.48292982
0.29713433
0.07932196
-1.64807108
-4.30512658
-1.11585522
-1.72085635
0.40478808
-1.00145759
-2.77128073
-1.61813535
1.95115488
-0.66941806
0.63926998
0.53375688
-3.84142358
1.81231792
4.05578402
0.86573057
0.72270554
-0.64619599
0.16125281
2.75490437
-1.66627826
0.28423961
-3.26105245
2.36647602
-1.91353324
-3.18379201
3.80380265
-0.99982501
-2.74998715
-2.13939144
-2.86698309
-2.56886981
-1.26303435
-4.77173802
-0.85077337
1.42277994
3.28404835
0.42636861
0.60280984
1.72466708
-0.35118959
-0.81901708
0.69064121
-3.61253404
1.44425901
-0.36240877
5.50810408
1.36131924
-2.76363459
0.00626276
-4.82963686
-0.64264348
-6.01389719
1.60227771
-3.16384044
-1.79350243
0.97876080
-3.00455820
-3.20215122
-3.45988030
1.72086738
-5.05159439
-1.97960054
2.46365221
-0.28039196
1.88835228
0.72782707
3.36165452
1.00582796
-1.05734920
2.20361451
2.15129558
2.95099172
-0.80856313
-0.47310980
-2.74987125
0.87757045
-0.47219189
3.61055711
0.73744091
1.48132714
-3.29953546
-0.31999003
0.61745041
4.35051061
3.17979400
5.71359392
1.83055777
-0.39129462
-1.13456917
0.76079233
0.50342782
-3.36717085
-2.53121905
3.23765675
-5.51731383
-4.70009203
-3.16708518
1.39551129
-0.89129745
-0.43830273
0.16497290
-0.73072050
0.55357413
-0.64361923
1.21361869
1.13111187
3.63728067
2.56330962
-3.05296230
-0.93625492
1.13117857
2.52336765
-2.24296945
2.90543475
-3.62482135
-0.03315870
-4.95237190
-1.63746829
-2.79909854
3.13555904
-0.18918200
-1.58015502
-2.59107902
-3.10487771
5.28569438
2.38837251
5.20254542
1.50639336
3.65783958
-3.02887691
-1.96055146
-2.25359383
3.03911889
-2.74178340
-1.17384637
-1.91486491
0.46476823
2.86417145
-2.44333068
-1.18295879
-2.09216090
2.42684768
-1.13996666
-2.47628851
-0.20792121
1.30155211
-5.16617472
4.41959763
1.69352885
0.60102917
0.88704917
1.63408100
-3.45676279
-1.17556061
-5.05278771
-1.36277429
1.58922195
3.50916302
-5.14983320
1.17611294
1.47659082
1.11949577
-5.22164688
-2.14762639
-0.48086563
-2.37346428
-0.47277744
0.90719646
0.79802167
0.51956359
-2.76931089
0.31674346
1.95061584
-1.26286924
0.69951861
1.99185420
-1.33117214
-3.13354080
-5.34470222
-0.54497243
4.91878032
3.86012932
0.98948289
0.53046640
-4.45829286
4.50526962
0.77111815
3.75898915
-0.84404103
-0.79918253
-5.40776549
-1.33174305
-4.80837978
3.99614723
-1.36096443
-1.05342416
0.30982609
-2.16583918
1.37212922
-2.18066306
0.72576534
-1.15799560
0.30244440
1.70892403
1.09518301
-0.08542944
-1.32351062
-2.23162647
2.91285465
1.10091190
-3.01882255
-1.23782110
4.77633722
-2.57451310
3.51787139
-1.64206689
2.22464156
-1.56642374
-1.14474129
0.99373487
-3.20336629
1.22954647
-4.98200636
5.50156971
1.36506165
0.30306394
0.88796874
-4.36543628
2.15078703
3.07167017
-1.69555543
-6.06655961
-1.02290729
-0.30843227
1.92991955
-1.69607631
-1.04827257
-2.38846587
0.32391426
-0.66995728
-2.94385168
1.78924970
-3.15056767
2.86575585
2.62222547
-1.65627854
-0.49366488
-2.28770144
-0.55586921
2.12382605
-2.23595738
-1.36483426
2.47787061
1.37454893
2.35104338
2.08476838
5.80372188
-2.01861914
-3.12060063
4.89863297
0.05941631
-0.55225556
-0.30640389
1.20761055
-0.92031682
0.59849894
-1.21486690
1.89271639
2.22423360
-0.64490597
0.89601583
-0.28981621
2.50028471
-0.94530199
0.48464128
2.11947874
2.22938521
1.02886692
3.60096670
-0.94299585
1.01457180
-1.25142763
-0.34521796
0.94464835
3.72873268
-1.61814612
2.01457190
-0.03426042
1.54021496
-1.23191050
2.67526334
3.48249817
0.34569057
-1.38472105
-2.06572316
-3.57474542
3.13337608
1.44916113
-3.47514667
2.30837670
0.97420327
-2.81579666
-2.37080745
0.93451510
5.95674253
4.08503109
-2.21338198
0.22435252
-1.05824782
-1.19569684
-4.74880122
-2.11755740
-0.68428668
-0.79549023
-3.51451523
-1.78826276
0.35956898
-1.61138361
-2.76121599
-1.05782925
1.26182410
0.45093471
-1.13180836
-0.92207229
1.87741700
-0.06775440
3.76331788
-0.19597933
-3.26016709
7.18132902
-0.79144616
1.06309655
5.07227192
0.32628803
-1.93216161
-2.29549973
-1.97011825
-3.88476593
1.24840579
-8.28163138
-1.69288443
-1.65638723
-2.28352491
-0.14241449
-0.65263358
4.46195883
-0.37936733
-1.67176138
1.26046039
2.20932957
-0.39462202
1.68386775
-1.23502641
-0.59675288
0.73087191
-1.39797171
-0.72317696
-4.21720126
-0.52577081
1.65824335
2.50182088
-0.14864020
-0.16059482
0.70431987
-1.24820439
-0.71165995
2.75391859
-5.84295083
-1.89023936
2.52234304
-0.73682969
-4.39616568
-1.54821922
-1.53820637
0.23055933
1.90571772
-1.55014873
3.47035613
-3.32590573
-2.68294385
-2.03753021
1.07211674
-0.79509303
3.54109595
2.08601443
0.57677423
2.93045410
-0.61078746
1.52047179
1.19791069
-0.40410583
-2.05567966
3.11479545
0.71795590
1.24643310
5.05410956
-2.57904704
-2.54093348
0.71748658
0.11900969
1.92748042
-2.65260142
-0.75740915
-0.97518493
-0.53053697
-2.90490832
1.60041003
-1.82521263
-0.26797371
-4.58892386
-2.29965497
5.08047416
1.07687474
-2.64622955
-0.85117154
-0.91930185
1.84618938
1.24392052
0.99222370
0.10094255
-0.59525299
2.78574279
-6.63102120
-3.34084484
-8.64282318
2.05480407
0.60192153
1.49272617
-4.42205243
-1.26656651
-1.87377777
-4.18448425
0.67134790
2.85659591
-4.43575741
1.79010975
-2.68764771
3.11492322
-1.48222461
1.44022434
-3.09314513
-2.18665426
3.30966520
-1.99135867
1.26868930
-1.49644228
1.18289742
-2.23707626
3.83034858
5.89324686
0.55058452
-1.09809839
-0.87372343
-2.78873710
0.28042120
0.79158026
1.94251614
-1.90747830
-2.19924362
0.07722749
-0.56784253
-1.11512363
-1.87274797
-1.95180733
1.89360631
-4.02919245
-1.75774183
1.73760520
0.92437372
2.11593038
1.57714461
-0.39771336
3.12349397
-5.32417597
1.07443500
4.99532429
1.37389288
4.90198680
-0.78158769
-3.08238479
-4.48085422
-2.29531970
-0.22782001
0.24241919
-3.70415174
-2.39890899
-0.51680771
-4.52732666
-5.16817230
-1.45962937
-0.70086608
1.68727958
0.17922958
1.71528464
3.49498747
-0.37568738
2.76719885
1.27273391
0.00431603
-3.24517442
0.92337543
2.34305789
-1.08085566
-0.26419507
-2.89532180
1.55771093
-3.44220067
-2.28384395
3.18180038
2.72225056
0.23197256
3.01873587
-1.61580676
0.03830378
0.45598860
1.58342052
-1.93692621
1.61954245
2.94792852
-3.10385574
1.36085008
1.51491271
1.08245098
0.63012499
-1.11979578
-4.70556654
2.82656465
1.58014934
-5.71373413
-1.34422569
-3.08322397
0.16091404
-0.95873148
2.26365402
-4.19173503
1.39462463
-2.33542281
-3.68380522
1.23169604
-3.88075742
-2.28706185
-1.61025828
2.13607098
-5.05838550
-0.63612835
0.67583550
5.23078794
4.46908014
1.63921786
0.80468547
0.40501204
0.52130833
-1.85543889
-1.55380305
-0.02544310
0.30642255
2.69823817
-2.85394627
1.63986575
-0.06849335
3.88678939
-1.51025916
5.33707100
0.62108269
-2.57077352
-3.27225720
0.99728455
0.21450601
4.77993733
1.89441590
-2.38851682
0.32009866
-5.96582964
3.35572455
-1.61612827
0.15443438
-1.79292589
4.42532694
1.00408294
-0.00016806
-1.47560297
-1.92698697
-0.53922203
2.53741801
-0.33986432
0.87618349
1.49115886
-5.59807232
-6.35059681
1.18512314
1.61155679
-2.05318747
4.33980448
4.94769940
-3.54458848
1.39905881
0.04432778
-0.92007041
2.53729913
1.52322072
2.46712560
-0.99139328
1.27580414
-4.96931127
-3.70294890
-2.65807309
0.19449136
-1.32852436
2.45687639
3.78673864
-2.82779870
-3.48791401
1.33680598
-1.42299942
-0.08286338
4.81343638
-0.78338254
3.93855568
-2.88871571
-0.56537937
-2.92948946
-0.36719868
-1.37885356
1.22143139
-2.00253170
-2.03746428
-1.07160182
1.11871835
0.75849432
2.83206501
0.46998578
-0.01622466
-3.00428273
-0.37674448
-4.37651961
0.87833558
1.98399734
-2.73054352
1.90945050
-0.72657501
1.51740745
-3.44683069
6.72075055
1.17792312
-1.81514568
3.46769656
4.46550429
1.60426299
2.09232588
-3.52844738
-0.19625889
0.02723120
-2.06691563
-0.51043234
0.09447133
-0.57001141
-0.02044441
3.89956659
-0.88131403
3.57346488
-1.84421603
-2.62638016
0.76502127
0.71342566
0.07450846
-1.08068534
0.04154622
2.52948479
-2.88698706
-1.08002511
1.30829294
4.79045125
0.11449303
-3.24089181
0.13780590
-4.51074187
0.67964758
-0.48414427
0.75221088
-0.71295895
-2.08895419
4.92126841
3.31396281
0.39165396
-2.09674296
-1.03666025
-0.32858476
-2.79253714
2.94065883
2.53600878
1.58305220
-0.57148700
-1.86299925
0.94093332
-1.14689670
-1.73638457
-0.29318409
2.51729841
-2.96574830
-3.73981461
-1.31738706
-2.51601473
-1.61227191
-0.70859081
-1.86123736
2.18431638
0.68293899
0.20622745
-0.92039608
-6.40704226
5.02746307
-2.95419346
1.09591256
-0.47110576
-0.85686296
1.52956972
1.18259084
2.25609359
2.26011551
0.29433079
3.00474334
-0.59248054
-0.50520420
5.11703619
-4.49021141
-0.34945818
-0.41286335
-2.81971701
0.41017571
-1.86065577
5.07678260
1.96416518
1.24744474
0.27450938
2.77201836
1.28693651
2.97913900
2.06978545
-1.22927812
0.27857123
2.41762739
0.88360477
-5.07493729
1.99484736
-0.66044600
1.58361783
-0.41926604
2.04113503
0.18964621
-1.31263471
-3.97774635
1.13100179
-0.45057295
-2.05272975
-0.53855140
3.59431230
2.15741898
-1.49098333
0.43368373
-1.38169240
3.01060535
-2.62097565
1.06445603
0.09319565
-3.63316909
-0.18467465
-3.69871384
-2.11514610
0.38597019
-1.92098480
-0.85195480
1.93923680
2.66028386
2.70104705
4.20789386
0.94853513
-2.54524201
0.82131640
-4.30318804
0.24422917
-0.58829348
-3.88934413
3.13874000
1.23981109
-1.83328632
-0.40638361
0.50802557
-1.80242937
1.29425304
-0.98733620
2.58928283
1.72833717
-0.36957832
-2.32007470
1.00200536
-2.75170867
-0.56624554
-0.76143575
2.05393279
-0.57130741
3.91895470
1.97197727
1.73935029
1.27222967
4.25467859
2.67360690
-1.19389844
-1.11355438
4.50059864
0.44974357
-0.15517540
0.63069737
-2.06303289
0.67962909
-4.51472912
-1.73269680
-1.36367150
1.01034625
1.29084658
-6.25933001
-3.82080802
2.25642615
1.07635209
0.13785166
0.57216324
-2.57561263
1.44713412
-2.20825570
-1.72075358
-0.63150429
-0.88948961
-0.55160338
4.38339999
-6.45617185
-4.26082011
3.01938550
0.96564702
-1.38413379
-0.21573952
-1.15727388
-1.03076863
-4.35571983
-5.72597960
-5.22623387
0.49422602
-0.80799274
-0.19232425
0.49900624
2.82992625
-2.37541702
-0.82646975
2.61660120
-0.43136932
2.18542348
-1.01972376
-2.48450095
-0.17174069
-3.52707389
3.03773204
-1.53393373
2.34770725
4.25125253
4.33645917
-3.33407617
2.08322060
0.94526111
-2.27025718
-1.97465949
-1.36579181
-0.15109166
-5.07444343
0.92780079
1.83661003
1.93889454
0.33313545
2.71842752
-1.46895405
1.51039171
-0.41071407
-2.61414878
-1.03111828
3.00717861
1.76371422
2.12499732
0.24557276
0.16168282
2.00450572
-1.22583010
1.28881464
4.55371395
3.83402209
2.14368706
-3.27288528
-1.64525935
-3.13839674
-3.69371284
1.58195850
3.06319893
-0.02687357
2.89910088
0.21280429
2.74556144
-3.50796959
0.45213269
1.76403795
1.94385336
-0.19179741
1.46887004
-1.22706896
2.83344458
2.25854496
4.77358773
-2.84525558
-1.03527318
2.42289928
2.54920444
-0.05284599
-1.52941460
1.05487116
-3.20777271
-1.81910511
-4.50296902
-1.87808641
-0.53833019
1.80584362
-0.96221350
-1.35249220
3.84557473
-0.18295382
3.16023387
1.18895211
0.68307318
2.04904349
0.17187784
-4.04609335
1.41000651
-3.84402323
4.32410245
-0.56326295
-1.16486130
1.63164776
3.97408379
-3.74180143
1.77490636
-3.77794702
1.11260656
-0.52826769
-2.28702676
0.44419417
2.22208603
-3.84218790
-0.60565960
-1.44675160
1.85578414
0.16877318
0.89506212
-0.29172475
-1.31384391
-1.54158947
-2.20506045
0.74187488
-1.15650926
-3.96683442
-2.03396298
0.24123049
0.77341989
1.32397623
-0.41013318
-1.10833415
1.36705021
1.66605626
-1.06417228
2.86531409
0.80061240
-1.25791498
-3.87951095
0.82811382
2.49795241
1.08860501
0.86049277
-0.61717604
-2.47108257
-2.07997079
3.58726826
-4.76550787
-0.32571923
-0.13936211
0.70728520
-1.00739366
-1.21736131
0.15207824
-1.76571641
-1.69179523
-4.60710527
-4.68269820
-0.47660047
-0.50060631
-2.30844845
-0.15648725
0.40756698
-1.66455990
-1.21765069
1.17677405
-2.57265675
-0.34027269
-0.88697203
0.88511219
-1.52148478
-0.87911434
1.42074430
1.69896325
1.95238476
-2.19737165
1.77332363
1.72541723
0.97605763
-1.38697616
1.14623935
-1.65436494
-0.99902890
-2.45056618
-0.43337871
1.52663038
-1.67952622
0.45219220
-0.49918731
2.96726075
2.29257219
0.18769123
-1.56251316
-3.57944580
-1.96209388
-1.51148107
-1.42287317
-2.28398939
-3.24869585
0.87304010
-0.91212876
0.16170169
2.46190351
-1.30307866
-4.22979227
-2.40335074
4.09985298
1.64386005
-4.35368666
-0.09061708
-0.14842096
-3.64662311
0.55409633
1.15428440
1.70056269
-2.01061888
-3.78111806
1.58632562
1.67712250
-4.55973329
4.28967847
-0.86183254
2.44449720
-0.54643397
3.28071164
-1.04279789
-0.70904784
-0.51085837
0.28753428
-1.76003500
0.91592471
3.24727728
-1.22895932
-1.63472709
-1.59999989
-4.35942431
-1.18246467
1.42059259
-0.96588056
-1.42805087
3.46716197
1.52333844
1.02548505
-0.77999562
-2.93281155
-2.96030359
-3.26328078
4.11831128
-0.59377231
-1.86942461
-0.21231086
3.06657643
2.40033562
-3.05499444
-4.22495869
-0.99574495
0.73150585
-3.86073865
2.31043736
1.69221784
-2.71407644
-5.07385709
-4.22464150
1.81868040
0.75964383
-0.58180528
0.90179428
1.70858126
2.96162789
0.38613288
-2.88652246
-0.52545502
-0.50895105
-0.01181369
-1.87410453
3.74340307
-0.81858310
-5.19073183
-3.30402501
-3.79420527
1.96956818
0.00473166
-1.51367594
4.01256074
-3.80864916
-0.30157173
-1.63716053
-0.88220744
2.17607658
-0.20995000
-0.23703390
3.30213683
-1.35313583
-1.95579151
-0.75712980
0.12717346
-1.41581677
1.64332400
-2.67981793
4.10542425
-1.21268882
1.82942012
1.84955400
5.23177735
4.32623816
2.89922319
-0.57190474
-2.67615230
-0.39896293
2.75865590
1.49784432
-0.40386243
-0.88141906
2.47180940
-2.25441136
0.75377843
3.26213541
-0.03020621
1.27969614
-1.48874526
2.49668772
-0.42721973
-2.40764540
1.02448490
0.66730928
-2.90397473
-3.57591149
4.77523227
0.47886539
2.18780375
-2.49128595
-1.47041712
2.61384571
-3.91156708
-3.23205827
-0.63311551
-0.29306568
-0.59351525
-0.53925838
1.69638473
0.90524317
-0.84088262
-2.98989373
-2.42986367
-0.31991639
-1.34017503
2.31198578
3.48860853
-1.62878974
4.36351053
-1.75713838
-0.02642620
1.04751242
-3.21766404
1.61366096
2.78173083
-2.46104446
-2.60229012
2.52130942
-3.22827581
-1.71450791
-3.10139215
-1.23106553
3.22289209
1.37225186
2.42616654
-5.89722829
-0.51822197
-3.08547830
-3.82599305
-1.01164434
0.38103950
-1.36393106
-0.11759063
-4.07985104
0.44150624
-2.71434819
0.12926857
-4.27395729
-0.59874819
-3.44660253
-0.70551769
1.64491532
-2.62025188
-3.03501822
-0.19007876
-3.15388695
1.01376924
2.03796261
0.24110761
2.05420098
-0.89363057
0.93540913
2.43559881
-0.27885539
-2.13693858
3.81548441
-1.18173035
-1.04383597
-1.08086302
-1.15371564
-0.92853189
0.01975564
-0.38923243
0.44240121
-2.33222571
-1.74151286
-1.31282948
-0.03672183
-1.70983729
-0.99681701
0.50882594
2.65856579
4.35642370
-1.84752942
2.92735748
-0.69633831
0.09992082
-4.39705595
1.93343877
-1.11936708
-2.40492345
-0.87716705
0.55538401
1.46429777
2.29742891
2.48457116
2.99273406
1.94990705
0.48268315
-3.78979253
2.28758274
-4.69555336
0.32833330
1.20099772
-3.25114427
0.63743642
2.55537536
4.72890018
-3.17466844
1.52660791
-3.31714531
2.45946595
-2.48930955
1.62144794
0.35075111
1.73238939
0.17161919
-0.93142048
-0.42079563
-5.29427078
3.10107239
2.62004683
3.39207611
-1.90177726
2.65374029
-3.33038205
-1.97426091
3.70378915
2.00819576
3.75875995
-1.09070515
3.60631865
3.81662555
0.54303295
-0.89106839
1.58347756
2.33513617
-2.68376144
-2.21764929
-0.69168981
-2.03402410
-0.65000466
1.83200986
0.30012763
2.33445932
5.53914097
-2.31790967
-2.73313733
1.67824880
0.25464940
-0.88548677
1.88607587
2.34591767
2.28430646
0.98063112
-1.40064527
-1.37158693
0.48805376
3.47287696
3.83743689
4.06334106
2.77810931
1.21046598
-3.62451617
3.69691812
-2.00952003
0.72489619
-1.12705325
-2.24692319
1.48243201
0.68114960
-8.72647592
4.48498471
-0.08994314
2.59121149
1.60575642
1.43734331
-2.92462167
-2.20566506
1.82683738
-1.12408417
-1.51497598
2.40772717
0.23902153
-3.99279366
3.10977842
0.80512660
-1.29980418
0.05899111
-1.51307497
-0.13069553
-2.96810912
-0.01114091
0.52318078
2.99850936
-4.63379298
0.36435506
0.98910440
-1.19449275
0.42480724
-2.56248360
-2.79605377
-1.24498698
-0.09721332
-0.06845706
-1.04685153
3.58575467
-1.01430244
0.88024466
-0.16975810
-2.06375860
0.37276639
-3.92199002
1.48135701
-7.50825383
6.74684111
-4.51623929
0.58525650
1.33478987
0.78370868
2.73197599
-1.41588880
-1.30601163
-0.74738725
2.30790549
2.35550965
-1.28212290
3.27113642
4.35222579
-0.25484429
2.88334517
-6.80066288
-2.08855171
-1.83953035
-2.32737631
-0.63213294
3.03636446
-2.81880974
0.38186044
-2.19777418
0.36313908
-1.15623299
0.92735316
-0.76095951
0.67113997
2.92064714
5.72807156
-4.61768245
2.83067405
0.58814658
-1.29119295
-2.01618534
-2.32333401
3.51850613
3.15326835
1.76397111
-2.07126831
-0.63246482
-0.86089378
-1.17675910
1.96985402
-1.89237808
-1.70772641
-1.89675994
