-2.18678558
-0.36546382
0.04635899
1.50922296
2.38413227
2.60107341
0.04960059
1.37624218
-2.52497250
2.74803867
-2.29148710
-0.39152746
-2.09087073
-2.75422938
-1.22563350
-1.03788802
-2.48201491
-2.02100403
-1.11901535
2.33790034
-0.57125314
-3.58483923
-1.82591714
-0.46042310
-2.07005282
1.32254614
2.28185874
0.94118993
3.99052070
0.66545183
3.48553106
3.47372730
2.28237629
1.23537230
3.55308693
2.51230476
0.89994405
3.96474911
0.49664879
2.51611599
2.33486137
-0.85447109
-0.74716675
1.17208996
4.64643370
-0.85548084
2.21941399
-1.00390283
1.53835748
3.41051163
0.82724858
-2.65017733
-1.86424091
3.53406082
1.84258694
-3.96270322
-1.91585576
-4.25340051
2.13782425
-0.06367949
-3.32718423
5.22805547
-1.98522125
-0.77224383
2.76887444
-1.63316685
-0.24091548
4.98587329
2.03789558
-2.56096008
1.05292059
0.49304330
-2.79356841
-1.79803334
1.93887808
-0.94404800
-0.94923682
0.55221187
1.70000208
-2.88875808
1.93571404
-0.47218737
-0.06641850
0.25409824
0.55516710
-1.66926803
-2.24551862
2.75382040
0.77660163
0.59347850
3.19228017
2.02634571
2.90682569
1.11240109
-0.75037125
0.72018572
0.13167265
-3.00005134
-1.83002727
-1.25438942
-1.41997312
0.31488978
-0.73560055
5.30994185
-1.62653006
2.45716484
0.43734419
-3.17119206
0.54291492
-0.21615709
1.41326282
-0.09116609
8.05289242
0.57702539
-1.99007176
-0.04013496
-1.00050082
5.26692190
-1.05953037
-0.84923169
-3.75596833
2.64220104
-0.29261237
1.17151937
2.59541155
-4.03192946
-2.04991600
1.00341820
0.66431418
3.55278345
0.98248455
0.39434907
2.35988482
-7.47568047
0.85346845
-4.18103068
0.96086306
-0.89519721
-3.66874775
-0.91707287
-3.43697589
1.09260359
0.71208387
0.36411283
0.83060074
-0.53289437
0.25347873
0.38091770
-4.32078125
1.73619065
-0.77868675
1.34960079
3.49556893
2.24559235
-1.82384723
4.06397978
-2.08024313
-0.03468717
1.14265486
-0.41398572
-1.90605636
4.53235813
2.03806331
4.15276747
-4.72680830
-2.17619394
1.36592718
-0.88315522
-0.84169858
4.36563986
2.41427212
-2.20268346
-2.02081957
-1.79331570
3.76756418
1.38968861
3.03581250
-1.50355172
2.88113694
-5.09892366
-2.38161462
2.36955450
-2.92445103
-1.93196732
0.62741544
-1.85845000
-1.12765112
-2.65905839
0.49934764
-0.17206302
-2.39946274
5.75332372
0.85714373
-0.02619186
-0.23757679
0.77636322
-1.27113940
0.85027022
-1.65984864
-1.86778657
2.67929103
-1.82038802
-3.71360986
2.32844269
1.59065683
-1.70201476
-1.77237555
-4.15059293
2.09612941
-0.45449288
-1.12855448
1.03861823
3.74465773
0.66346437
-1.24093349
-1.26808846
3.72452248
-2.03904696
0.01383817
-3.01097081
-5.71688529
1.17637690
-0.12987623
-2.48556945
-3.05631810
0.30362012
1.39434135
0.47550305
-1.09895141
2.41246325
1.14531715
-0.91475118
1.84660800
2.51876582
0.21930464
-1.16963860
5.89662980
1.22110816
-3.39713750
-2.47253082
0.23428269
0.38699146
0.90602982
-1.18238113
0.61918867
0.30158304
0.79476471
-1.40977886
-0.03975396
3.42235368
1.00790307
-0.53381237
2.58807467
-0.97668342
4.25349916
2.25261595
0.27259338
2.80652165
-0.66102632
0.67030233
-3.62836976
0.94468341
-0.60053571
-0.34135868
1.69547520
0.75755403
-1.62630044
-0.56011213
-0.64522345
-0.45375381
-1.87060454
1.42003138
4.02989596
0.84554411
0.32700427
-5.25866221
-0.68176525
-2.32343064
1.58595384
-0.21338012
-2.80256880
1.63846846
1.50040127
-1.34066991
-2.69367503
0.35990878
1.37898674
1.42516699
1.64314876
1.38609804
2.77573578
0.84387480
1.23794699
-1.71318668
-4.47090136
1.28309370
-2.26250654
-2.34258407
-1.62897533
2.26488784
-3.18205155
3.63778884
-1.51749367
-1.98142832
0.56786221
4.61619062
3.08575560
1.08870887
-1.70286252
1.09446769
-0.37754051
-0.63794777
-0.83423574
-1.52527740
0.88345563
2.58571137
0.29432895
-0.59948817
-1.83084543
-1.70181467
0.41446111
0.54118613
3.17725090
-0.62521785
2.45387874
0.26917350
-4.41789520
-1.30419093
-0.56334426
0.01043150
1.83181449
-5.09196562
0.31116335
6.39845476
-2.66500856
2.34209650
-2.31650563
-3.21994364
2.72388476
-1.68399590
2.34248446
1.34069313
-1.90310166
-4.06185576
-0.68504932
1.10729867
1.24212851
-0.25665144
-1.73895059
-0.56788305
-3.16322537
0.86979517
1.33940459
-4.81158617
-1.93686446
-2.83236555
1.32036992
2.52938824
-2.19623243
4.81861839
-0.47059531
-5.58935325
-1.84214722
6.22705194
-1.80147488
0.16519122
4.62224286
-1.43087090
-1.28047539
-2.34285276
3.12771254
-0.20179236
1.44669531
1.71427732
0.55040428
-4.99074448
-0.56238144
4.13070109
-0.40450914
-0.57358153
-3.84203312
0.58438805
0.77476348
2.25593076
-0.05987482
-1.24819513
3.26303982
3.33163553
1.42987381
-1.69487388
-2.63081204
1.68395756
-0.06535158
-3.92488101
0.10355555
2.72683787
-2.79898688
-2.92648191
-2.21784898
1.03521001
1.11799990
-0.97005333
6.30958122
6.07503695
-0.67670935
-3.66371635
-3.10761708
-1.55206967
-3.41294446
0.13145905
-0.36496834
-0.88890583
-0.20565215
-0.78590157
0.96521352
-3.84449884
4.90738953
-1.95990883
2.68579465
2.03026749
-1.49709126
-4.30907975
-2.91263368
-0.72720808
-0.92005223
3.45091548
-3.30597129
-3.46942930
0.08055347
-0.81300973
-0.71200624
-3.11274110
-0.21702358
1.24866578
-2.08693825
2.27603467
-2.36512407
-3.44375892
1.24042181
-2.28113423
6.18698012
0.88972853
0.19802722
-1.66470541
3.45887384
0.76784433
-2.78224172
-0.60009987
-2.32409038
1.02070953
-3.25915712
0.59606355
3.68595737
0.15180404
-1.40221964
5.57957119
0.24465321
-1.02023162
-0.53762527
0.42782261
1.60977565
-2.39340671
-0.92884523
-4.89790868
0.45821806
2.94775194
1.61510295
-4.24129552
1.65392754
-0.98910011
1.58664928
0.48175048
0.06728837
1.88007340
-0.49927267
1.32287202
-0.02840520
-2.41377334
4.23651768
1.62945009
2.21839860
4.18024966
-1.88030362
1.93940644
-1.66828656
0.31186176
-3.64648647
-1.08625576
0.29359348
2.87017194
5.04834495
1.22979527
-2.88190976
-1.33482315
-4.52366143
-2.20019622
1.75529822
0.56676727
-3.76422218
3.17713628
-3.80970813
-5.89708534
-1.88324617
-0.87833893
0.50380524
1.21563959
1.14877838
1.58168356
2.27183276
-0.98771648
-0.00817877
-0.73966585
0.93138594
-0.85915826
2.52431993
0.34473734
0.40285476
2.09327775
-0.00991326
-1.35307349
-3.55920068
0.57817724
2.51838165
4.39484478
2.23325512
2.79751011
-2.37280698
2.61179433
3.00147985
0.45979096
-2.13912540
3.24775093
1.73471423
2.37062949
-3.29315857
-2.97539953
3.66059109
0.27321279
2.26218310
3.88299344
-1.06665856
3.41588768
0.81390287
-0.75561311
-0.59257063
-1.05808983
2.79986944
-6.98277102
1.90134846
-1.96048730
0.91493727
4.54075369
3.51211870
-1.49598519
-1.86542079
-0.80675863
5.58316908
0.11071547
-2.50030351
-0.43804684
3.73724608
-3.18378596
1.07935183
-3.05079434
-3.81030498
-0.41115165
2.45610560
-4.65418806
-2.30333202
-0.86710529
1.75519895
-0.45737816
0.12907931
1.86567608
-2.84768670
-2.74491846
1.83826703
1.43496729
3.56359410
0.41451752
3.96701507
-4.70723278
-0.67645362
1.19901615
-1.55650055
-1.46570192
4.32234870
-0.79009157
1.45241232
2.15327044
1.36735601
1.90073622
-2.72653946
-2.05694959
3.81335177
-1.82012008
0.05154106
-0.18779651
-3.80679147
0.59659946
-1.47052456
0.51550740
3.96509993
5.42696428
2.85291553
-0.26579637
-1.90296684
2.24314672
-3.44704135
-1.06434235
2.88266408
1.54271063
1.02613802
3.88151922
-0.41821392
1.01749132
1.72842182
3.80023859
-1.58642765
1.92531786
0.13328399
2.53652859
1.97805622
1.09330354
0.34385212
-1.30434813
-0.14353308
0.69499445
-0.76866379
-1.82229669
-2.52129013
-2.46726543
-1.83529749
-1.79549907
-4.66105602
-2.78341662
-0.57602125
0.22647803
-3.07235454
-0.55830898
1.04979864
3.86717930
-2.33255060
-0.32290824
5.22176186
-0.47167359
4.00777448
2.28507661
1.09275084
-1.70062001
-0.36756532
0.42893228
2.57225970
2.32339381
4.73746267
1.43689018
0.62185097
3.96563622
1.41526991
2.45507291
3.93646721
-2.51607759
0.89978294
0.54299804
-1.88531260
0.35535942
-1.13370705
-4.40005754
8.36719488
-1.00319468
-2.92933860
-4.07056861
0.87620668
-0.94261571
3.92708771
-1.27573795
0.30760809
-1.53853254
0.05989808
1.19992007
-3.07460077
2.16237868
-3.21455468
-1.46029864
-0.68100442
4.02627795
4.17613717
2.34621552
1.06457401
2.73215825
1.46113785
1.54766751
2.67752183
1.33687357
-4.68728500
-0.86766927
-3.93782522
1.14672010
-0.86663733
0.65000789
-6.19745538
-2.71839473
2.29803171
-0.50894771
-0.73238300
-0.23910784
2.00896274
-0.54309746
-2.52839150
2.67888577
-1.21903700
-3.48015243
0.31644341
0.56689040
-0.62480567
0.88101480
0.30909069
0.04224422
-1.20910496
0.14648329
3.20518754
1.02150547
0.27114362
0.08279814
-5.69850635
0.61817621
-0.68848793
-1.34598081
-6.13507464
0.76894873
-3.41283817
3.05515070
1.46657012
3.02346742
-1.63494946
-3.07963754
0.52811148
6.19507856
2.83785472
2.29631787
-1.45099592
0.26905290
-4.15606765
-4.58487316
1.05061793
-0.77049616
-2.41546073
1.41815510
1.05129822
1.49196292
-0.72899425
-1.26571069
-3.33340443
-0.99200066
-0.54987974
2.01235125
0.70498537
-0.37595491
-0.00920643
-2.38967789
-0.11233677
-4.52244967
-2.67481017
-2.62105054
-2.52776456
-0.68004412
-2.67600274
-2.77463162
1.71789297
-0.49813983
-1.10916146
2.13188981
0.87952832
-0.63724667
-1.81412688
0.08943507
-0.13389141
2.64285712
-1.78683405
0.28354606
0.11230351
0.71348942
3.32714792
-2.98818584
-3.77409453
-1.28484226
-1.34303290
0.64535221
1.89033962
-2.30570824
-2.71892159
6.22079525
-3.59525075
0.25490539
-1.38075725
-2.37040128
-1.11973846
-1.00713744
-1.21460341
0.22355407
-0.04261083
-0.61279062
2.16220280
3.93767443
4.93646581
2.97869523
1.70310780
-5.33822915
-2.33645300
0.93089081
-2.68839485
-0.10154207
4.07507350
0.15110159
4.18342440
4.23792370
-5.14163571
-3.15248798
-0.18923004
4.10103441
4.17450191
-2.30659059
2.17352010
0.50011752
3.73697704
-0.02287000
-1.26133587
1.56549506
4.96030487
-1.10359783
2.30279945
-0.09532583
-0.06356154
1.33398060
-3.20237638
-1.09275991
-0.54675122
-3.71304469
-0.03719079
4.90406088
-2.90137342
-3.50790542
-0.23327052
3.43450458
-2.76609041
2.27416992
-5.49781127
1.87304740
-3.64448217
2.08790443
2.85708491
-0.44723865
-6.28795584
-1.42426895
2.68069544
1.33809668
-2.48598696
-1.74157462
-0.86070201
2.04238606
-1.41779767
-4.72561081
-0.09594703
-0.17459370
-2.65918185
-1.80712213
-1.26952140
-0.34540616
5.51846143
4.25751631
-0.83895052
3.63083412
-1.10884877
0.66998698
-1.78900454
-4.07702541
0.57767951
1.03657217
2.67038112
-1.39753611
0.90631030
0.45451452
1.47018993
2.10447986
1.48388645
-1.93557462
0.91889071
-3.06805087
-0.99727072
2.22774387
-1.65141971
-0.57872419
-0.04394828
1.53342510
0.00923105
-1.01630602
1.35491593
0.81561373
-0.96684858
-0.71867123
2.43336782
-2.72541907
4.22796351
2.10724687
1.78041828
1.14858840
-1.41025770
2.51357577
3.04465317
5.69130554
-0.04746074
-2.08292071
-1.76964340
-1.30231309
-1.08069022
0.96292966
-0.86015680
2.42497573
1.60046902
-2.77496354
1.08948761
-4.16069561
-2.68201337
-1.85520628
-2.53679545
3.93205361
3.08358946
0.61736462
1.26476096
3.31356866
0.60298235
0.41075318
-2.32031175
-1.11330543
-1.04480967
-2.13317240
-3.21890920
1.77869973
0.75250333
1.56853336
2.13773703
0.07322642
1.40234822
-0.76384193
0.06720459
-2.46630331
-2.66532392
-0.13270952
-0.22408649
2.55781214
-2.53392292
0.73012815
0.19149722
-0.20312716
-3.28032016
1.77816904
1.45519390
0.76527810
-0.11425253
-2.69863205
1.03510001
-0.51957498
1.29806396
-3.83510873
2.77077475
2.68375946
-1.17034870
5.16277770
3.64781091
2.23188664
3.07385499
0.17436310
-0.85250210
-5.61924291
-2.43060631
-2.28360168
-0.44316242
-2.11259924
2.51257493
3.19740302
2.36352610
-1.11764832
-1.02975172
8.71242641
2.00314453
-3.53601799
4.39573999
3.67182716
-2.38224049
1.65753472
0.63174221
3.38922680
-0.18442933
1.05931646
1.06795053
-3.70697729
2.13005048
-3.05230268
-2.50060663
-0.79877427
-2.19648927
0.18179419
-2.41025270
1.23242393
2.33184683
-4.59473132
0.82914980
1.24099690
2.67531602
2.51162271
-3.82014796
-2.87767349
-3.13576512
-0.73879262
1.81272736
-3.00542748
-1.55071946
-0.94511327
-3.19476925
-3.16459629
4.50212121
-0.93062335
3.18938575
-1.98870420
-2.65431223
-0.44408665
1.37983531
-3.26923708
3.61408824
-4.77327792
-1.19997312
0.39488279
1.13006727
-1.80599477
-3.65860245
0.82936515
-4.23442152
0.90873456
1.83215769
-1.80272133
-0.47429589
-0.16605855
-0.80956923
0.65496632
-0.76008932
2.27579316
-2.00565787
-2.25890750
-2.89503881
0.37654201
-1.06476981
-4.17510056
-2.64330722
4.39369306
4.94672376
4.58508284
3.59775968
1.12811539
4.84438775
-1.64628620
-1.56357848
3.20546005
-0.93732800
0.06543406
2.59340934
-1.49673411
-3.71353072
1.83218451
1.26448803
2.84872516
-2.46831475
-0.37863301
2.05184824
-1.88935802
-2.90623286
1.30192396
2.53751419
-3.17593659
-0.97845944
2.66761485
-1.96829723
3.45738436
0.95067832
-2.07905566
5.39006181
-2.42119164
-6.07141925
-4.42611691
-1.67154854
0.50740492
1.74763553
0.22573465
0.66592735
1.29226553
4.13467214
1.43765198
3.97036231
3.37112575
2.63660586
2.03721458
-1.10600371
-2.81725649
1.01754275
-0.66423374
1.97717507
-4.74919380
-1.50537510
0.33607215
-0.53570605
-6.30717360
-1.17841718
-3.74912683
1.73817871
1.16502678
-4.19574289
-1.84132647
1.49311797
-2.35755259
-3.06480976
3.05202174
-1.34758908
0.62014327
-1.31300535
-1.41449627
-0.57696926
3.57094988
-0.24624203
-0.78874241
2.32967667
0.98392864
-0.87152685
1.12975384
-1.73810085
-0.93605795
1.01752255
3.44045150
0.87213472
0.13392751
3.43652499
-0.72641017
2.47790779
-0.34688912
4.20836959
1.12863503
3.55738883
1.12781431
-0.86546465
-2.00425171
-2.49950132
-0.02314965
1.50115726
-2.47163185
2.81250679
-4.20098125
-2.88999483
-1.24117525
0.61107758
5.70636051
1.00248723
-0.43719910
-1.41120459
2.30409660
1.77440194
2.16348459
4.01323893
1.94791901
-2.03990455
0.82663222
2.34308747
-2.46626776
4.03559280
-5.34332694
-0.58351006
-2.51449499
-0.98956409
5.38507239
-0.04649721
1.20825751
2.50360851
0.27625025
-0.70927027
1.79929125
1.09151614
-1.23367577
0.66928124
-0.96132252
-2.51775105
0.95330599
-0.28008626
2.66372879
-0.91860061
0.53540252
1.19136109
-2.52341636
-1.94578515
-1.19754455
0.05828727
1.98916717
0.13298732
2.07683702
-2.35161797
2.22232052
-6.11112843
2.08484977
-0.17026918
1.17980635
2.83786164
2.56561115
-2.02984942
2.12196160
-1.85138772
-0.60092281
-3.29792375
1.22431553
0.69598470
0.96968193
-4.91078960
0.24532509
-2.22439191
0.84262369
5.77633565
-0.84059020
-1.95461223
-0.95745666
1.55014826
1.81725667
0.21101103
-0.49093069
0.16074632
-0.08511122
-1.22867647
-0.20337443
0.20056674
-0.54850507
-2.86263554
-3.42520417
-0.68351471
-0.81819288
-0.94590740
-0.99678578
1.46068000
1.49418652
0.90133478
-2.67470632
3.66836090
1.99699075
-0.97920205
-2.08959713
-1.71444055
1.61792361
3.41597642
-2.57929101
-1.63313804
0.99834768
2.28486432
1.18831564
-4.86007234
-0.10321767
-3.77739640
-0.50833393
-0.68407376
0.82090165
-1.45703507
-1.91484401
-1.18794148
-0.31083151
3.83601806
0.54198513
1.38089703
1.14930189
0.07039069
-0.35588820
5.16648429
3.32688006
1.63563303
5.41257696
2.45574303
-1.50953175
0.94816058
-2.08690050
-0.21215023
3.01379406
-2.26682356
0.99509771
1.30687619
0.37691859
-0.64399347
-2.94944053
-4.46510618
0.22397311
-0.33812430
1.38237728
-0.20784356
-3.54117216
-5.19251170
-1.96234167
-0.39298283
-1.46643319
2.30644078
-2.99362985
-3.17689695
-3.14855273
0.54101198
3.61478938
-1.43072917
-1.68269736
2.71807440
-0.94737318
2.66523566
1.15662737
-1.11842019
0.24604144
-5.71746363
-1.02430535
1.42806772
-0.11245558
-2.90902018
2.73415223
-3.20908143
2.39494055
2.36425223
6.98403523
-0.15660194
3.67369489
-0.23883657
0.46427830
1.16232321
2.06053963
0.72363259
1.12079581
0.33963106
2.22109622
1.57275832
3.03548752
0.19995252
-1.67417719
-0.33022408
-5.00828201
0.13099846
0.19784195
-1.73584740
0.05147381
-3.34166140
2.17555765
-2.33041340
-2.20954126
2.87143384
3.41441855
3.58966425
5.91670484
-0.11211916
-1.46699157
-0.95034602
0.46588865
-1.80668124
-4.78157190
2.44816342
-2.65418483
0.15681864
-0.32817476
-1.00495988
1.26974376
-1.01154339
1.19889157
1.11168968
2.89831335
-3.07274468
-3.11034534
2.62737962
-0.97749826
7.15165620
-3.13156165
0.20283899
-2.74407313
-2.00300877
-0.71495681
3.11855415
1.71540149
0.12434420
-1.74423754
-4.11565345
-3.56566930
-1.10205471
0.39596609
-2.26344937
6.52030516
-0.12237733
3.03066404
1.22764606
0.99995306
-0.10931412
0.73856645
0.15396167
-0.03697094
-1.64927096
-0.12576488
2.29255917
0.94870750
-2.24108368
-1.00259569
-2.48287948
0.44854803
-2.69032781
-1.69065129
0.54704244
-3.88333217
-0.68849477
0.61043698
4.75493790
2.05689609
4.47360406
-5.60758373
-0.48546446
-2.17735061
0.55781555
-2.58270158
1.73678844
2.57043652
-0.11543227
-2.60926306
2.04466857
1.36093303
-0.74542927
2.25060952
0.72289189
1.39128077
-0.72833315
-1.22175367
-0.84575916
2.95837241
-3.46297539
4.92174342
-0.62133286
2.35150839
0.37235768
6.90889538
-3.32195610
1.01769149
5.94154026
-2.67911489
2.71890961
1.23046148
-1.77251418
-0.56592407
-4.29833574
-0.86370563
-0.60633873
3.17815125
-0.41610838
-1.35568409
0.38108588
2.17868305
2.57871651
0.07881759
-2.77849706
-1.63433684
2.12559009
-0.63010167
2.35830723
0.86402905
-2.74888519
-1.24786282
-1.89408784
-1.50990529
-0.65573860
3.78014718
3.66031230
1.34544325
-3.31869013
-5.16045967
2.32598023
-1.51016005
-0.01272661
2.01191341
-1.10843163
-2.87329978
-1.02738387
6.17443586
-0.70338565
-1.65451130
-1.09300956
-2.06140608
1.51273992
0.31528644
-1.75212214
-0.03534675
1.32523844
1.33666585
0.81243277
-0.23686244
-2.31204150
-0.65058837
-1.12054610
-1.82530173
2.37308622
-0.34088283
-0.54406103
1.52855016
0.18339067
-1.26124210
-0.02201595
0.52260159
-0.05215361
-1.56028064
-0.86549365
3.27211004
-2.20696355
-0.15146007
1.90184344
0.70342338
-3.85421252
-4.29921264
4.83422269
-1.00687962
0.48074250
0.60050792
2.69499969
1.65422329
-1.34024939
-2.75156171
-0.70481855
-1.76771843
-0.27244851
2.32673652
-1.63269085
-1.54815176
-1.55141255
-0.97508945
2.64596136
-1.72133094
0.76190827
1.40023655
-2.04780122
0.53017794
1.67384442
1.27431159
-3.25992180
-1.68488830
-2.55186154
7.31249214
0.28415832
-2.19710550
1.54692920
2.98357083
2.10776915
-2.14096157
-5.21015530
-1.66128693
2.40495800
-0.68235357
-0.28081915
-1.26681729
-0.26125226
3.87147602
-1.41223736
-0.64871777
-1.24560732
-3.56234651
-0.88765149
-1.47627362
-0.75342730
-1.57263268
-0.32972148
0.89411940
0.32402757
-1.24671162
-1.10283872
1.37295838
-2.23786278
-3.52911815
-3.01573436
1.60729031
-2.19317163
-5.55673516
0.19347651
2.61670016
-1.11657220
1.74133942
1.92872495
-4.25376306
1.08849437
2.77250884
-1.39786265
4.77801965
-4.59696119
0.64722973
4.78931936
-3.40865136
-1.95742304
0.29107107
-2.94867741
-0.45912074
-0.39854122
2.62500406
-0.59101516
-0.82225319
1.06156642
0.28257333
3.74596539
0.85228437
0.29067628
-2.13234600
-1.00274748
-5.68645042
1.12623778
0.49031754
-0.77652334
0.77690524
-0.73550457
2.80286722
1.87867725
-2.78530957
-5.39652495
2.77257542
-2.02563308
-1.96350764
0.09883321
0.84308288
4.40628206
-1.02110211
0.07410791
0.96455754
4.28403288
-1.28599903
1.31247661
1.63443654
-2.96050205
1.33336127
3.18508225
-3.56855028
-0.21035406
0.49866035
-2.49203016
2.55212635
0.17165092
1.69859690
-5.21135023
3.41791649
-2.30969648
-0.31130168
-3.49067290
-0.29052301
-2.87897424
-1.82425421
-0.56044062
-2.03142332
1.32815785
2.41615892
1.06107595
3.01571087
-3.62792746
-1.32241199
-1.73782251
4.94594433
0.36316286
1.97100077
0.17020523
-3.09788862
-0.65787822
-3.51649109
0.51298337
-1.34947359
2.63053234
0.86288484
2.58764105
0.37237597
-1.96874565
1.22659392
1.84066408
-1.95871761
0.04661179
-2.01711755
-4.36428719
-3.12650516
-1.49641515
-0.08245729
-0.18847965
2.35656520
0.25709593
3.64338995
-0.53045120
1.38792290
0.21753215
0.68830486
-1.37940124
-2.65521873
-1.01977227
-2.87604180
3.35135793
0.07174581
3.28494850
3.56796707
4.27150600
-1.65604851
-0.83484982
0.85959124
-1.08337761
1.05194199
-4.30305912
2.18893888
-2.71996489
-4.86437880
0.28160703
-4.10886496
-0.38305378
2.33924545
2.44893783
1.13688641
-3.83996469
-3.92135866
-3.76432728
6.47435632
-0.45254651
0.30252823
0.01870797
-1.39826513
3.52379568
1.13449293
1.94315568
1.18501079
4.82752857
1.99198932
2.96597422
1.97419014
-1.51202763
-4.10489094
-0.91042207
0.69404202
1.96253234
-0.22240848
2.63992597
1.34154376
2.14019883
-2.74792967
0.42583932
0.45347213
2.03542881
-2.71429704
-0.88502045
-3.49147151
-4.75413849
1.67912447
-3.33609082
-2.86178110
-4.48785074
-3.70278131
2.50008115
-0.44277567
-4.98758368
0.04505962
0.41853475
-0.11134016
-1.06748495
-3.89905991
-1.37557590
3.36291688
3.35080737
0.21266269
1.46944207
1.08439298
-2.63106105
-0.48985317
-0.71066500
3.72424264
0.01352631
-1.73569300
-2.34536147
-0.40680783
2.19182296
3.50543066
-2.65288003
-3.11197950
-2.34745395
1.03739107
-0.48355576
-3.08993256
-3.14601962
3.29191413
0.44589751
-2.84963183
-0.02284324
1.52910739
3.10864143
-1.95604573
3.69488690
2.33451388
-3.87503693
0.43458105
-0.92999647
-1.01213109
1.54668103
1.01854573
-5.16348278
-0.03440427
1.06208073
-3.42665122
-1.01426496
-2.35647370
-2.61301134
1.77645601
-2.14540058
1.49511919
1.16796413
0.94698100
-0.27389401
2.25805294
1.63718100
0.36712502
-1.87424551
-0.72965711
0.71476421
0.58852597
5.11876794
-5.52832745
2.36289909
1.22983207
-0.91403333
-5.68569341
0.91650007
-1.19979189
-2.66264335
4.01027115
-1.54076184
-0.26908948
1.21717037
0.75604360
-0.60232978
-3.62774420
0.34543261
0.32893853
-4.65734546
1.28703999
6.47086836
-2.16036838
3.14107363
-1.34677709
-4.72057795
2.15121066
-4.56966989
1.30710782
1.05078771
-0.74226658
8.10245901
-0.55439132
-1.69210155
-3.27265552
0.70788164
2.30488734
-1.38637868
-1.70259359
-3.69107559
-4.92254780
0.61312108
1.94608272
0.94722116
-0.21179134
-2.68425044
0.04752883
3.04395211
1.26872393
-2.98821303
3.68059712
-1.46530993
1.59785871
1.43898755
-0.87334908
-1.26603513
-4.47581349
-1.52899194
2.06091017
2.46140877
-0.52053401
3.40780906
3.28022066
2.69668962
0.00021492
-1.69125405
2.50269541
-0.62301123
-0.82871227
-0.52185615
-1.96976170
1.14734754
1.41187962
-3.95401215
2.08324753
2.97312854
1.48978629
-0.72320786
-0.47840180
0.63649118
-3.87836626
-1.99287505
-1.13572841
2.61802744
-1.12713840
-0.98472619
2.73695653
-1.29593910
3.05307172
-0.23919068
0.02141479
-0.80399730
-0.56313217
2.01174334
-1.22072398
-3.06280686
-1.81936235
0.31332859
-3.19376409
2.04789034
3.08862782
1.21686340
-1.35534744
2.87718678
2.13301773
0.91656228
2.98089966
2.17148525
1.72759970
2.98832341
5.10045878
-6.72626227
2.38005738
0.63229144
0.35452356
-2.35757441
3.90029441
-4.58891959
1.21551940
-1.80663666
3.50145758
2.53458369
2.21089215
-3.44406284
-0.34032046
-0.54199032
0.11401166
0.29217461
-1.74595972
0.55825803
-0.28299670
-4.45549955
-4.58170741
0.17944959
4.43712413
2.56041398
-0.73107655
-4.28786497
-2.77490821
-3.34545749
1.03684932
2.90360642
1.17499460
-3.58213536
-1.66418091
0.64560834
2.09825497
-1.85145593
-0.37091410
-0.77261194
-3.01806060
-0.59726685
1.10801783
2.54191997
5.55684111
-1.93415352
0.03620261
0.24328779
-3.08935700
-3.16366747
0.41231001
-1.16012020
1.47447475
1.31901608
0.88179354
3.25494992
-3.64103466
-2.62542520
-3.11914883
-1.11952497
0.55812785
2.41789324
-0.27771491
1.52562975
2.57754645
5.47086071
-4.17062082
1.01302067
-0.69651842
4.06120883
-4.97163653
-1.74084015
-2.38547775
2.01988661
-1.05740378
0.85595313
-0.64465081
-2.92328318
-3.22476372
-0.98875972
