-1.53939574
0.10696513
-1.15857194
-0.70602368
-0.15420434
-0.41675979
-0.60903254
0.33799423
-0.90870239
1.13583397
-0.44440832
0.59604988
1.13705800
-1.44242081
0.75611337
0.06195219
-1.75792112
-1.22684755
-0.23517257
0.97532182
-0.18343678
2.24642298
0.06938962
0.63352050
0.91805035
0.19254072
-0.01679537
-1.20643016
-0.83287750
0.61406186
-1.67172754
-1.44502343
0.43010612
-0.07945905
-0.50642220
-0.48903651
0.09289155
-0.71880357
1.43864982
-0.72833077
0.91949935
-0.75290537
-1.88799535
0.95220585
-0.46786387
1.11818016
0.37871292
-0.44947390
0.74471839
1.28993367
-1.10546027
-0.21026510
2.82392019
-0.36563560
0.36479729
0.72714491
1.40410080
-1.27228634
1.53095438
-0.27575172
0.00407729
-2.40973632
-0.97765532
1.46623044
0.57353422
1.46816085
0.08976058
0.09092976
3.34903957
-0.35633481
0.25182902
2.20838897
-1.10818540
1.06974374
-0.29360913
-1.55307653
1.16188936
0.28622093
-0.72950657
0.61243849
0.67726845
0.48464802
1.15438619
0.65332646
0.93593467
1.12414726
0.44350906
-0.56837616
-0.09763164
0.59679006
-0.26081776
1.11600270
-0.66212068
0.58013527
0.81196519
0.60962864
0.56427776
-1.53420883
-0.88434346
-1.85114766
0.73623265
-0.12499687
-0.95670860
-0.96718461
-0.49473838
-0.76634114
-0.38244690
-0.17059032
-1.25186557
1.05235001
-0.04961547
0.42667763
0.59652295
-0.52554887
0.23587073
0.76039686
2.40863256
1.14962742
-1.20340940
-4.36029771
0.22123562
-1.29373670
0.23017448
-0.49878904
-0.67880192
-0.64484155
1.23414975
0.78447942
-0.86718815
1.40000352
-0.05686817
-0.37284722
-0.18745441
0.48583907
0.03453137
-0.06122143
0.38590526
-0.34303228
-1.60014138
-0.29133555
0.18404615
0.84836599
-0.52599502
-1.40368848
-0.27791286
-1.09673278
0.69154256
-1.65688321
0.70021657
1.32401726
0.01905533
1.10755167
0.37052884
1.76355181
-2.47785464
0.27510466
0.05955079
1.35570731
-0.77179141
0.35739088
0.02752290
-2.20369524
-0.42639039
1.12839066
0.59759634
-0.04876567
0.90178463
0.55338866
1.71842326
-0.16922143
0.64247884
-1.64433781
-0.76023394
1.07175293
-0.23055308
-0.51508106
-0.61789137
-0.66318263
0.98389016
-0.20623371
0.30215822
0.44589757
2.55365931
1.34503120
0.76868148
-0.58764889
0.00096677
1.55791077
0.75826653
-0.21129164
-1.28150967
1.40861371
-0.56136663
-0.69700234
-0.28787701
-1.44883477
-0.70962692
1.14235362
-0.68744734
1.27909011
0.57954897
-0.04857162
2.26751131
-0.60091248
0.59722623
-1.16058997
-0.76765546
-0.48298860
1.12061388
-0.02267160
-1.43483987
-2.27581559
0.58625731
-2.07742098
1.91385233
-1.14397651
-1.39797167
-0.08928386
0.26715044
-1.75173071
-1.44151546
-0.01029884
0.49792021
-1.68012658
-1.63936707
-0.58086398
-0.07475429
0.29645045
-1.05275374
-0.42312423
0.03373582
-1.07381286
0.27186503
-0.44661298
0.08672545
0.23100059
0.16221390
2.24210438
-0.54073680
-1.12148614
-1.56135189
-1.86251837
0.90161311
0.58559957
-1.13704973
1.95196157
1.78961766
0.92043947
0.27861674
0.20043716
-0.60817167
-0.80602255
-0.04824442
0.75935621
1.11440944
1.78800302
-0.13412516
1.53848795
-0.15559967
0.26168071
0.78972146
0.70082574
-0.10524490
-0.50637506
1.34893446
-0.05763702
-2.71774183
-0.13894380
-0.92510905
0.13042560
-1.09058674
-0.76448880
0.64785948
-1.48493444
0.42451817
1.88003398
0.75955888
0.59697370
0.30125891
-1.54756531
-0.53802299
0.60664101
-0.03450237
0.18951518
-1.36217984
1.66562751
-1.08939535
0.63718841
1.16614170
-0.86284538
0.24569908
1.50384328
1.00326682
-0.98841615
-0.00294740
1.06162510
0.60117097
-0.28119411
1.38014475
-1.36287335
-1.12396391
-0.77530130
-1.06001148
-0.30328572
-0.84289643
-1.63414259
0.60674186
-0.79181255
2.00845264
-0.15956494
1.01986473
0.44783570
2.04265604
1.53390516
0.52709917
0.37367207
1.01543316
-0.13061237
0.27654307
2.32579967
1.82667570
0.96313107
0.51259098
1.83774512
-1.72549805
-0.65634987
-2.16827784
0.34767134
1.63224971
-2.04050964
-2.05234089
-1.36876368
1.00165248
-0.86299784
0.28240824
0.32283076
-1.00590151
-0.40417497
-1.63851075
-2.25080992
2.06810967
1.99633179
-0.62260712
-1.13468302
1.29255991
0.22722440
-0.58657555
-0.60924455
-0.05589055
-1.00589397
-0.35053807
-0.72348507
-2.06728054
-0.06606373
1.73094606
0.07144976
-0.46838513
1.09167823
0.52914009
-0.22272974
-0.78514353
-1.01807012
0.78880283
1.00364975
-0.34138593
-0.67314998
0.16577099
-1.00484912
1.83406354
-1.25369645
-1.61625377
-0.33239153
-0.05703545
0.48272195
1.60877141
0.86516028
0.78677470
0.17110541
0.98362199
0.38111021
-2.27268760
-1.14590305
0.15687897
-0.45649916
-1.36667088
-1.05477721
0.26443146
-0.71373847
0.03177900
-0.20823140
0.67410175
-0.70532053
-0.84956055
0.10475431
1.27295299
0.99411265
-0.58928002
1.49901113
-1.23440129
0.33628649
0.89684253
0.66218995
-0.10982225
0.67053773
0.07239368
-0.80490313
0.77265167
-0.77863708
-0.41678058
0.28526419
1.89078883
0.66868645
2.37201738
0.65440035
-2.27952461
0.00452322
-0.50351233
-0.67161114
-0.05446952
0.09991226
-0.93666171
0.03468224
1.74717100
-0.58489745
-0.75285573
0.04945855
-1.00411525
1.16198160
-1.74653170
-0.45036144
-0.88009232
1.10692592
-1.89537600
-0.42708934
-0.34481153
0.16733585
2.00861067
-1.63669011
-1.18549898
0.62105291
-0.24794782
0.23739518
2.01321173
-0.18739743
1.23127608
-0.48850326
-0.32353874
1.12193227
0.33029111
1.32574963
-0.12046155
-0.00569610
-1.36703667
0.77548727
-1.73124678
-0.92633411
-1.22959709
-0.30937340
0.54455315
2.33909568
1.15277308
-0.49585859
-1.30145646
0.02163329
0.12747262
1.84531929
-1.68771444
1.37331361
0.72599081
-0.02097762
-2.92515429
-0.74229469
-0.39914839
1.43567392
0.34077335
0.59160192
-0.73241103
0.13817357
-0.98531496
-0.05296412
0.88223650
-0.58756524
0.93980831
-1.01370645
0.39157149
0.36939635
0.68493827
-0.63007156
-0.11039384
0.02894599
0.17790301
0.79384741
0.14885518
0.41628974
-1.11188864
-0.59973625
0.05051703
-1.33112638
0.24967935
1.65887410
-0.46584456
0.40743034
-0.87154248
2.15050116
-0.75264234
-0.62549082
2.52519791
-1.58780426
0.18860327
-0.13392786
1.24263668
-1.36259470
0.30402194
2.25911231
1.23695227
-0.21880764
0.72138620
1.01418000
1.02219192
-2.29658624
1.47288231
0.37323624
-0.51552808
0.95563052
0.20832499
-0.51573091
-0.59926149
-0.23795381
0.33115287
0.11098648
-0.52319344
0.52393727
0.29387583
-0.95968847
0.72148663
-0.06327273
-0.03786004
-1.26439051
0.04519871
0.69475641
0.71558784
-1.09131931
0.46049445
-0.31774254
-1.39713132
-0.53260138
-0.70105383
-0.18527572
-0.14153970
0.67899246
1.77376903
-0.17153206
-1.05302341
-0.20395655
-0.36123969
-1.10318883
-0.56214698
-0.25419452
0.99532554
-1.93060307
1.04251772
2.10158724
2.07011042
-0.39380361
-0.65362335
0.70568627
1.02546717
-0.95918649
0.61027291
0.47028690
1.74329691
-0.97864309
-0.56718058
-1.60357704
-0.52501137
-0.06969586
-1.01687757
-0.55088511
-0.42281204
-0.11774562
-1.03838812
-0.89090435
0.59347372
-0.60423349
0.27620158
2.54330125
0.58242721
0.58331271
-0.58171223
0.66122984
-0.39915851
-0.56599033
-0.01480454
-0.55703319
-1.14096877
0.86988202
0.50728447
-0.47595578
0.90338275
-0.14904961
-0.75056006
-0.05222309
0.39115453
2.35391069
0.88810544
0.32887322
1.82386936
-0.15971123
-0.62301895
2.05113866
0.00858142
0.08557147
-0.48535981
-1.31827073
0.24607420
-2.35190509
-0.66070486
-0.21969428
0.30291380
-0.06319665
-1.34104407
1.74177362
-0.17120301
0.62788597
-1.85269667
3.35093195
0.16437287
0.08345918
-1.39807825
1.39529917
-0.73799153
0.29733921
1.31049431
0.12383864
0.20483299
0.64974914
-0.45395908
-0.63207824
0.34541596
0.70614352
-0.87617424
0.03591796
-1.24078372
0.56840775
1.34730999
0.87137044
1.16423304
0.34779497
1.02160447
0.09911255
-0.49289745
-0.41766060
-1.60024264
0.61034608
1.24599836
-1.56246792
0.16695100
0.55589417
0.67225223
1.16954863
-1.56298456
-1.26199266
1.29481602
1.33444667
-1.83404156
0.09166212
0.21996124
0.77569039
2.32154609
-1.22878584
1.30353847
0.62757554
0.01630840
1.71763449
0.43003711
-1.63201114
1.34813985
-0.33159651
-1.84589841
0.54666981
1.40247007
0.28811060
0.93379212
1.26378286
0.38395622
0.69690266
1.32223258
0.21719010
-0.48203741
0.62780933
0.58403322
-0.21049238
0.95708091
-0.00324947
0.47835062
0.51274950
-0.00942312
0.14341434
-1.67691208
1.85997613
-0.04183241
1.50869807
0.88289876
-0.89708187
-0.91110006
-0.02269828
0.07112133
1.56968907
-0.09291039
1.12718021
0.27222984
0.80121896
0.16738175
0.81863390
0.81100129
0.77273337
1.54735927
-1.03415324
0.58847468
-0.34719257
1.76409319
-1.38129095
0.57930298
-0.10302686
0.57660554
2.01907736
-0.02785154
-1.26793980
-1.46427633
0.91020732
0.75685111
-2.45683239
0.41006746
0.82000116
-0.92752665
0.27774407
0.53185480
0.21028118
-0.71347243
0.81959554
0.42177356
-2.51033484
-1.96051358
2.43065961
-2.28145003
-0.40711873
0.25943734
0.35802762
-1.69455616
-0.48607215
1.15237590
-0.23203376
0.19857484
0.61772699
-0.47530888
-0.30795257
0.71757443
-0.28121459
0.14748975
1.28159796
0.18065049
-1.60283274
1.09428662
0.63345723
0.45885344
0.54282298
-0.66564095
1.01856818
-1.98036878
0.17347060
1.55725116
-0.18777638
1.77687446
-0.77728376
-0.33870564
-0.95155547
-1.28680923
0.45096574
-0.61892445
-1.38788876
1.42437274
1.91457514
-2.40635964
0.80352638
0.25873103
-0.58904915
-1.73699346
-0.28103395
1.58325713
-0.48974746
2.94813044
2.76485420
-0.29855391
-0.18515088
0.41219017
-0.33415975
-0.55393286
1.17298309
1.77184886
-0.25289844
1.36436787
-0.61940390
1.24076999
-0.90826573
0.91099950
2.34847603
0.17155031
-0.40207176
1.68841932
0.88856523
-1.15209061
-0.97269642
0.24844623
-1.03100250
1.15929895
-0.58014784
-0.17728243
-0.77767163
1.28530777
0.50655551
-1.26138663
0.46157721
1.63773638
-1.36691233
0.42039172
1.04012505
-2.50048085
-1.64579633
-0.18978839
1.10433043
0.66765454
-1.28640607
-1.17280573
0.13177107
0.80282700
0.12080887
-0.80067018
1.58435494
0.38411878
0.42314147
-0.50790505
0.27296108
0.29514163
-1.00703406
0.88371580
0.32795956
-1.96945499
0.77308107
1.89391393
1.02434120
1.54788410
-0.38811638
-0.95656310
1.56740355
-1.64584256
-1.08582183
0.80496471
-2.46793935
-1.32111330
-1.48899796
-0.17649097
1.28064477
0.07888631
0.91471312
1.10837162
0.10657338
-0.73378765
-0.97986950
-1.36657397
0.58559561
-0.58339351
-0.05487849
-0.99303569
2.19782562
-0.64288202
-0.67527541
0.33291586
1.10234987
0.57602380
-1.73643418
1.35131457
0.07326568
0.19888121
-1.01202383
-1.31747539
-1.21702205
-0.72977008
-0.35844117
-1.06379048
0.80682231
-0.10699394
1.40946337
1.54293071
-1.14949327
0.70963397
0.46154271
-0.72381368
-1.54795984
-0.72106871
-0.08990787
0.86122751
1.96295425
0.40512625
-1.05098771
1.87884889
-0.55086562
0.22628906
-1.36249698
-2.59642553
-0.50835811
1.65698969
-0.06098393
-0.42128599
-0.15409396
1.28377950
-1.34350517
-0.57639161
0.39241863
-0.38219417
-0.56445895
0.83111508
-0.00226822
-0.52338658
-0.59470211
-0.22704555
0.13994635
0.63830398
0.45384266
-0.81700689
-0.88773946
-2.33561182
-0.17759940
-1.25298435
0.07229273
-1.51391932
-0.48900979
0.72328602
-0.01176281
-0.23292126
1.53460282
0.33779594
-0.10534578
0.64845112
-0.52245635
0.66788259
-1.83927086
1.24159898
0.33902013
0.12517285
-0.30554153
-0.20707047
-0.81626382
-1.74561518
-0.69082349
-0.41851225
1.65854982
0.23593425
3.27198229
-0.99406146
2.36202700
-1.22830708
-0.50170724
0.55227478
0.49209565
-1.30438402
1.59752761
-0.89956404
-0.53840779
0.47160148
0.83320705
-1.80952194
-2.58579494
-0.04359842
0.56190795
-0.59788544
-0.44486844
0.24443033
-0.81446898
-0.16630688
1.66694344
-0.51798180
1.28817575
-0.72842738
0.19337641
1.56982253
-0.32171891
-0.22455066
1.77531787
0.80163329
-2.48858195
0.06357718
1.08758972
1.40341293
0.19429842
0.02483821
0.58707034
-0.68472467
0.20613111
-0.42077463
0.82038516
0.83583582
-0.94735227
0.19072765
0.41001677
-1.55125001
-2.19361324
-0.69453822
-1.80647340
0.12042512
-1.14897860
1.67772027
-0.10688224
-1.65522057
-2.21340687
0.52510108
-0.31647841
0.44054181
-0.74111046
-0.15654235
0.90200888
0.24393546
-0.65202144
0.54281165
1.73154922
1.04405442
-0.26321989
0.58811750
-1.73579962
-0.78405498
-0.30702015
-1.43677040
0.46645079
-1.55921452
-0.05651481
-2.20263629
-0.12805780
-0.05463203
0.03889556
0.73459574
-0.14637503
-1.03406597
0.82028243
0.56151496
-0.96466610
-0.43711393
-0.39541189
-1.21160559
0.86840409
-0.99761329
1.16570460
1.34545814
0.66735146
-0.17010189
0.95944934
-0.73358780
1.85150010
0.62931562
0.74313505
0.09855439
-1.56611321
-2.74425529
1.69428238
-1.53768361
0.71809456
0.66374627
-1.56255319
-1.82467692
-0.11783661
-0.73644593
-1.68593364
-3.32931924
-0.95598575
1.97539234
0.83018424
-1.13694721
1.73327119
-2.13062381
-0.22493476
0.53799123
-0.34287648
0.32307323
0.94828453
-1.24338728
1.09695447
0.35342312
1.32591148
0.77045612
0.30515346
-0.90043159
0.22474544
0.62296741
-0.12823137
-0.61393133
-0.28468763
-0.60428588
-1.47974672
1.11227505
-0.97287978
0.15164867
0.74458234
1.15814162
1.90504934
-0.37649973
0.14563692
-0.30831487
0.03156832
0.41182423
0.71145336
0.61461907
0.49408784
-0.63637765
0.19541479
-1.11849570
-1.01843023
0.67647333
-1.07436640
-1.15785979
0.66322748
-0.47826058
0.12427981
2.94094350
0.87403847
0.86334832
1.01644362
-1.27226736
-0.80934995
-0.88743146
0.56741073
-0.85981910
-1.85597964
-1.47432756
-1.43997622
0.61419297
0.85315682
0.89631654
-0.51346253
1.40980745
1.15165657
-1.59155200
-0.81122317
1.23185114
1.70644867
1.85088849
0.15434457
1.33499873
0.76439236
-1.64884172
1.54011420
2.28830744
0.53963178
2.31240062
-0.80919012
-0.30871806
1.44808275
1.23467667
1.34847431
-0.76562617
-0.45703387
0.19056577
0.26149750
1.09218911
-0.92234784
-1.50591034
-2.92906550
-1.50867527
-3.13410264
-0.56148753
-2.05868344
0.38411593
0.74221901
-0.80085610
0.12951377
0.26001186
0.09948315
-2.22523896
0.03670483
1.20444525
0.68227055
0.52915270
1.62104195
2.40991870
0.51770562
-0.76961232
-2.02436993
-0.71812197
-1.32754775
-2.75010811
2.19918193
0.58154033
-1.34588676
-0.92802563
0.82101557
1.13147463
-0.27064059
1.05075670
0.18569411
1.19240127
0.88650504
0.14408387
-1.61097936
-0.20446768
1.57719948
-0.11332487
-1.65149959
1.07274425
0.69664539
1.01242785
-0.26176961
0.76288505
-1.57555035
1.06243354
0.38040084
-0.73143288
-1.29237096
-1.44321672
0.69956989
1.91205115
0.11917551
-0.54616659
-0.67379556
0.14571123
-0.11537907
-1.65218193
1.14991855
0.74753345
0.80984517
-0.19057226
0.84251320
-0.15783501
2.50452033
-0.90214936
0.00991707
-2.31972260
-0.58746501
-0.16449105
-0.80240671
-0.04012865
0.52403084
0.65645336
0.14020293
0.31245798
0.68217928
0.36519370
0.44110974
0.69480622
-1.85134331
0.77729984
-0.59257618
0.85572586
1.27215648
1.48444965
-1.21558593
0.88864772
-0.49263143
-0.00814416
-0.81898184
-0.61918821
-0.12197811
0.55782387
1.15150219
0.81405784
0.61627187
-1.67721302
-0.31668001
-1.71419615
0.40303079
1.30140738
1.68923173
0.10818457
-0.81022544
0.76309564
-0.32429504
-1.93014488
-1.02676776
1.02979022
-1.86352264
-0.94461484
0.59541725
0.67473015
1.52737744
0.05092478
0.01615415
-0.27223148
-1.46201377
-0.84463436
-0.56170708
2.18436805
-0.66970837
-0.03920408
1.54627687
1.93087644
-0.86636688
1.54831251
-1.40122897
0.07973936
-0.26687527
0.29713191
-0.32488393
1.06204569
0.63886664
0.02234025
0.33325977
1.49020000
-0.07343287
0.83610542
2.08030014
-0.23838457
-0.94061051
0.04099283
0.98983333
0.23094381
1.89245070
1.32716462
0.00806064
0.87267000
-0.22806590
2.25577827
2.91743309
0.03156699
0.16566205
-1.22587183
0.75260064
0.49178097
-0.72425839
-0.81725298
-1.32610614
0.23522732
-0.15068213
-1.15360884
0.92920323
-0.61657746
-1.07852018
-0.61710399
-0.17078041
0.58484863
-0.60765660
-0.04409703
-0.05428559
-0.04161795
-0.04580574
1.91490263
0.92928373
2.13888970
-0.46878666
1.74782619
-0.66269417
-0.76766901
0.58006531
-1.79137661
-0.50060778
1.90204078
-1.16008670
-0.04781348
-0.45919529
2.25782603
0.33172461
0.51577902
1.11140210
0.14952064
0.66449375
-0.54998560
-0.20017891
0.96275067
-1.95509029
-0.03297546
-0.50970096
-0.38237800
0.68892191
-1.28167948
-1.40118418
-1.13200963
-0.24824145
0.66374872
-1.49219665
0.74052645
-1.77805797
-0.16195748
0.78294531
1.72564869
-1.19217425
-1.34580948
-0.12514300
-0.30369935
-0.68751057
-0.62075979
1.27456058
1.73908931
-2.61575464
0.30652009
0.49258879
-0.41001024
0.63495495
-0.09276347
-0.16779884
-1.24087480
0.69901511
0.10665152
0.00147723
-0.28646362
0.33478587
-0.96753177
0.80610614
-1.29363798
0.47046535
-0.69981195
-1.80306304
1.35202300
0.52414703
-0.89953623
1.62893672
1.55159422
-0.24873547
-0.43440769
-2.78894831
-1.41035066
1.40225872
0.75222712
0.11846442
0.16827151
2.33240756
2.18716601
-0.49627299
-2.08277071
-0.94767171
-1.49460508
0.52715025
1.83717957
-0.45779363
0.43849950
-0.88082266
0.40948885
-0.01320846
0.32450080
1.54119928
0.32756528
0.41261706
1.11939035
1.20122939
-0.78920535
1.30980982
-0.78150448
-0.94068756
0.15557485
0.75869337
-1.05912297
0.60479182
1.33325153
1.40796907
-0.13851352
-0.63214131
-0.75730151
1.70842448
-1.60599846
0.57662439
0.37463502
-0.79821548
-0.94478735
-0.14749853
-0.89292609
0.13124443
0.15514059
1.92592077
1.23739465
-0.10396955
-0.45445029
-0.55475952
1.28167378
-1.02895276
-0.62041717
0.23345415
-0.25103639
-0.33990547
0.25711923
-1.64576134
-0.91636459
-0.45029603
-0.60902705
-0.29638306
0.89666956
0.40111100
-0.14474079
-0.04170959
-0.43448190
-0.75877525
-1.11041637
0.52542202
0.62875193
0.55332103
0.95728516
-1.08115678
-1.11806902
1.70435368
1.47962622
0.78414896
0.67642548
0.49629204
1.02288054
-0.21629335
-0.00633700
-1.25710984
-0.88915270
-1.45522628
-1.53357104
-0.29585452
-2.47576690
0.19466831
-0.09316059
-1.10800426
0.36329969
-0.07266626
0.96308773
0.86267649
0.51082211
0.17833295
-0.75112427
-2.01114640
-1.00459791
-1.15451792
-0.59522036
1.76652323
0.08071842
1.13811857
0.00140788
1.37537841
-0.48911670
-1.54733670
-0.63005163
-0.96247123
0.16027229
0.40347521
0.70325853
1.77498974
-1.42500624
-0.44251976
1.18048528
3.01197621
-0.89033185
0.18026246
-0.33722643
0.47255127
0.38951322
0.28680896
-0.96047941
1.26073456
2.79987893
-0.65528247
-0.99079112
-2.89906718
-0.51795220
-0.19497311
0.39225087
0.60852045
-2.13389397
-0.00761876
0.78836716
3.05436185
1.12000016
2.02370981
-0.85173120
0.09246458
1.13003383
0.82812435
2.55036056
0.07602243
-0.08845020
1.35108013
1.80288115
-0.95347197
-0.40112144
-0.04501427
-0.29185387
1.48050502
-1.02463994
0.45172138
0.76313634
1.22731363
-0.63719590
-0.86339774
-0.32391143
-1.01008779
0.92664723
-2.24607931
0.30818044
-0.31909514
0.75539505
-0.62418792
-1.34069007
-1.36347655
-1.03871137
1.33221537
-0.44586854
-0.24199301
-0.00841286
1.97442355
-1.60004790
1.38569043
-0.07205853
-0.55509889
0.53356150
-1.18356665
0.27666959
-0.76684992
-0.32291427
0.84157637
-0.79710257
0.15132015
-0.90987553
2.47560200
1.18347242
0.22280361
0.99616070
0.06732108
0.44695058
1.95116014
1.17363110
-1.16372687
-1.57629552
0.62981336
-1.19308692
0.02490087
0.49262666
1.16932270
1.17734686
0.82305951
0.59378455
0.44574347
-0.07341325
-1.03520987
0.61912729
1.41901560
2.91251719
1.82259332
0.86673863
1.22094069
-1.76055478
2.44430444
0.43446225
0.33647730
-1.55648261
-1.05117906
1.37842328
1.16497036
0.04689263
-0.54529549
-1.95490811
-0.57710504
0.88909313
-0.01591921
1.49689444
0.53539629
-2.05743853
-0.37941036
-0.76889583
0.03767849
0.67863780
0.02871000
-0.26379555
-0.66231699
1.25533960
0.04728650
1.20498384
-0.03193532
1.98255105
0.69122150
-0.05463573
1.00901880
-0.14171125
0.73358266
0.09304070
-0.26861131
-0.80956138
-0.20791889
-0.61902842
1.84155655
-1.68058076
-0.23009270
-1.16970760
-0.05781614
1.40275728
-0.92862875
1.09228008
-0.74473517
1.10109284
0.34925269
0.39311228
0.50144750
1.74423146
1.06335434
1.10568458
-0.28869397
0.42227930
-0.48168257
-0.68774948
-2.47321479
-0.33070733
0.60337090
-0.28655643
0.92684615
0.09127865
0.23463693
-0.11935489
-0.43778637
-0.31349681
0.44536092
-1.26533403
-0.99060633
0.56608007
-0.49995219
-0.31272964
1.05700708
-0.26466941
-0.81135831
0.69644486
1.01995002
-0.15182193
-0.12018288
0.29547425
-1.54530276
-0.22367568
1.10145183
0.13740383
-0.05959143
0.40950157
-0.09193118
0.04409829
0.43647602
-1.29743327
0.65159222
-1.43579983
-0.32248027
-0.44652070
0.33536598
-1.21996943
-1.21250444
-2.30537647
1.02908516
0.15310523
-0.39965140
-0.87850268
0.19635288
-0.90082793
-0.08975761
-0.67933471
1.77203710
-1.07250529
-0.91776205
-1.68744490
-0.38385983
1.39171775
-0.38427500
0.27613582
-1.89049609
0.83457038
-0.78679308
1.22797512
0.75124890
0.88546168
3.01178088
-1.62299440
-2.43701885
-0.41652702
0.71519755
-0.46627311
-1.71642024
-0.93869990
-1.10923894
-3.13593010
-0.23779064
0.43047943
0.26522568
-1.49864853
-1.01088827
0.52325373
-1.38342875
-0.67465623
0.44761050
-1.00108195
-1.11623960
1.05496347
-1.08089553
0.16809523
-0.85582951
-0.98817230
-0.78312978
1.23225668
-0.92860970
1.11785394
0.12603841
-0.65121475
0.75062403
3.37514863
0.79888571
-2.46665375
-2.02527824
1.71648065
-0.05039248
0.26109401
0.34035566
-0.77133011
-2.45721223
1.47446599
0.37166942
-0.94998523
-1.44945014
3.53182688
1.28648787
1.23138937
-0.63229589
2.86390103
-0.65441327
1.20235402
0.55416398
0.60656701
-1.97179046
1.03225631
-0.94395126
-0.82317228
-0.97971637
-1.51410923
-2.06765767
1.17692931
1.99896708
-0.51649935
1.70841087
1.74364133
1.15200927
0.27811010
0.07843722
-0.36394494
0.88761186
0.11046206
-0.42590635
-1.06166455
-0.33301909
-1.37856944
-0.45087852
-0.99650536
-0.01151008
-1.37086783
-1.00848198
-2.10891995
0.25633252
0.57778368
0.22651100
-1.96030224
2.24430403
-0.70772335
0.76873875
-0.41214420
0.37985312
-0.53974534
1.59964750
-1.10221842
0.80310070
2.00007585
0.58148442
-1.31951870
0.60920834
0.18181359
1.05453997
-0.07112433
-0.68146335
0.82214442
-0.67062125
-0.01673320
-2.36528776
0.41094346
-0.73086386
-0.21343832
1.18861751
-0.01244518
-0.03661381
-1.97983595
0.16880700
0.65353109
-0.44504403
1.52000991
1.86436259
0.52425960
-0.35400649
-0.40035050
-0.12677017
-0.93498095
-0.99464062
-0.05045357
-2.26204473
-1.28062007
1.23415643
0.47662150
-1.84920927
1.07707635
-0.79736953
1.48155805
0.45941989
-0.07303311
0.16043105
0.16957524
0.47125834
-0.59257049
-1.44587314
-0.87101150
0.87262605
1.13133650
-0.67509208
-1.79828889
0.21533463
0.08252700
0.96213281
0.38031997
2.57731591
-0.87830670
0.30920172
-2.67007736
0.81556537
-1.28343318
-1.15813922
0.82760789
-2.29713782
-0.53791929
-0.01335720
-0.74340021
0.05161148
1.43363061
-0.32526424
0.61349130
-0.03937138
0.00642541
0.69233570
-1.82251935
0.12433653
-0.65797548
1.90940056
0.37064547
1.11858952
1.85453840
-1.51602078
-0.46873968
0.43562403
1.83960903
-0.18969262
-0.13010870
-2.10568081
-0.36640049
-0.61767143
-1.82588948
1.54166089
0.44652461
-1.51939570
1.43220682
-1.15952174
0.30242058
0.29214238
-1.29467873
-1.36120193
-1.11609985
-0.00512702
1.28332188
0.84750133
-0.73912897
1.18491995
-1.02475121
0.07702327
-0.49091920
-0.51222447
-0.42025010
1.90513020
-0.52547585
-0.12453335
-1.01747691
0.81950920
0.12312779
0.28074786
-0.37400314
-1.14836420
1.63515350
0.67558194
-1.22066625
-0.65016166
0.43083004
1.57541978
-1.78671162
0.48263012
-0.39223069
0.16221333
0.19994060
0.38048190
2.22110236
-0.98336307
-2.97116219
0.27237434
-1.19583054
0.30023868
0.17975985
-1.00860613
0.66940056
-0.11079752
0.17022927
-1.24043030
0.70374628
-0.45503696
0.63686742
