0.22232744
-0.08955798
-0.31917855
-0.12076347
0.43719474
0.45685332
0.35723592
0.63017809
-1.14244808
0.13331514
0.41977042
-0.69622277
-1.48904747
0.24708823
-1.29086675
0.54017429
0.30871448
0.00483273
-0.89661496
0.38377967
0.44151438
0.33157359
-0.71166919
-0.12140781
0.19521366
0.75397493
0.44851719
0.00601089
-0.61432649
1.00132402
-0.24458576
-0.20876978
-0.32469959
0.31914649
0.02343067
-1.03070940
-1.16937136
1.10303613
-0.06125750
-0.24766916
-0.37597088
-0.62035417
0.58192162
0.33457505
0.40257493
-0.35592974
0.74261167
0.59180719
0.10744220
1.00725526
-0.18991595
0.24178985
-0.59927637
0.54984212
0.20926663
0.49405497
0.50799927
0.21862176
-0.10952286
-0.55405042
-1.58073718
-0.09059835
-0.51504297
1.43521768
-0.30798825
-0.48553942
0.12749874
0.77084938
-1.10729689
0.75452903
-0.10556051
1.19096991
-0.45681451
0.26317178
-0.35221917
0.71216719
-1.34359538
0.28167212
0.67540780
0.12690579
-0.52343861
-0.42405384
0.36743853
0.23033102
0.66644536
-0.12632590
-0.18634140
0.17856752
-0.10651203
0.38607983
-0.92054884
-0.67347101
-0.07209738
-0.20061907
-1.00463243
0.01701535
0.66799059
-1.06643614
0.67528787
-0.03835376
-0.44188384
0.25529918
-0.26308391
-0.60891774
-0.52234286
-0.34579465
-0.03281988
0.21286633
0.02175314
0.06118138
-0.17628604
-0.18417642
0.20012082
-0.89067194
0.74072349
-0.20113465
0.58517910
-0.04077860
-0.31398156
0.18968146
-0.26512975
0.41337235
0.22207061
-0.01318072
-0.50361864
-0.13401523
0.16848903
-1.00158262
-0.38294501
0.22027874
-1.07853548
-1.41027755
-0.42614102
0.06830263
-0.13485636
1.11433359
0.60145109
0.44548050
1.13896982
0.25630743
0.07047733
0.08440802
-1.17173548
-0.67519283
-1.20884620
0.16979072
0.59651049
-0.39392108
1.18024302
-0.32469762
-0.06730529
0.54276242
0.23487282
0.53723185
-1.12179439
2.11105212
0.18920440
1.37192624
-0.34521749
0.38201539
-0.58655500
-0.70625509
0.93749620
0.04620459
-0.40458131
-1.03126348
0.04526096
-0.09822471
-0.99182376
0.29969565
-1.16053579
0.19264315
-0.64512638
0.39917410
0.12551580
0.59721026
-0.16537513
-0.80928212
0.03003694
0.65267762
0.29137502
1.27264051
-0.15381829
0.15166952
0.19717992
-0.10136966
1.32103440
-0.57424653
-0.50130111
0.24445805
0.33402901
0.13685952
0.56226422
0.15516841
-1.33027426
0.02518093
0.27108492
0.63490389
-0.84556057
0.27718860
-1.02280412
-0.05151147
-0.82192844
-0.21389350
-0.17550855
-0.03758558
0.27469233
-0.19418276
0.15798159
0.01876603
-0.46237934
0.65660430
-0.97037319
0.21081806
-0.16576864
0.20817526
-0.30974138
0.52919485
0.67774495
0.37594914
0.02599236
0.08237326
0.04167137
-1.29491066
1.12494140
-0.36331790
1.66152036
-0.24252072
0.34905814
0.69819969
0.03282543
-0.86530013
-1.17220877
0.32117618
-0.92179314
0.50148390
-0.13081557
0.64270741
1.03182817
-0.64490649
0.02252446
-1.23194809
0.90317453
0.08112884
0.86129895
0.88622922
-0.87429091
0.54357606
-0.36946755
0.78879818
-1.88899704
0.52871028
0.85066636
0.38428685
-0.74168551
0.00753087
0.56697643
-0.04500850
-0.42401738
0.79708027
0.12871802
0.44211667
0.12291100
0.25193737
-1.29325776
0.85567947
0.12050340
-0.98623885
-0.44739241
0.37201643
1.11343617
-0.34373787
-0.44261737
-0.64264232
0.39420516
-0.81346531
0.54510276
-0.28114313
0.82764993
-1.61853110
0.08171914
-0.35213184
0.30507401
-0.41712103
-0.19504813
0.04347488
-0.10540592
0.31121422
-0.73715399
0.37822843
0.35293732
-0.30577882
-0.12845396
0.89913204
0.41250067
-0.30286619
-0.47822185
-0.52035386
0.82194854
0.01697825
-0.10637727
-0.73504643
-0.83296610
-0.84536413
-0.10485029
0.15738275
-0.34090588
0.36444600
0.05798078
0.37706124
-0.22751054
-0.78056488
0.27811486
-0.36935848
-1.04178887
0.36430270
-0.91079760
-0.82814533
1.09548243
0.85161442
0.75330478
0.06610258
-1.14550447
-0.84847731
-0.28636124
-1.07131831
0.16072333
0.07949809
0.78671715
0.76850676
-1.34381325
-0.42198933
0.81090959
-0.49558638
-0.27606803
0.57678717
-0.36024828
-0.68447945
0.64939424
-0.51613352
-1.09971466
-0.06047804
-0.19939639
0.04304956
0.19295333
0.86309385
0.14250720
-0.59292054
-0.20302512
0.53856095
-0.21047137
-0.85857623
-0.42433844
0.87108257
0.44882322
-0.31602168
-0.53736654
-0.67901950
0.14503257
1.16209164
-0.04512320
-0.16424592
-1.08469501
0.68677345
-0.40454797
-0.43613096
-0.35130957
0.67051302
1.11737922
0.41733275
-0.49357162
0.05751438
0.61280139
0.26202247
-0.55458928
-0.11028609
2.69143448
-0.23651587
-0.21944519
-0.70932554
-0.11553001
0.09988252
0.04841308
-0.49139460
-0.03894263
0.15814396
0.35542173
0.74448154
-0.98010477
0.27759254
-0.39954140
0.08686096
-0.47116929
0.74342519
-0.25768837
-0.66727557
0.07355323
-0.98164849
-0.05027695
-0.40866540
0.44672628
0.24477838
-0.04140241
0.43351230
0.60668760
0.48463760
0.17939863
-0.81003226
0.13913950
-0.55662322
0.44565680
0.46754232
0.76565424
0.19694362
0.84392768
0.43562078
-0.79523752
0.95909802
0.75925088
-0.08051671
-0.01400361
0.69185715
-0.22744496
-0.30516189
0.10859944
0.10933148
0.34994511
0.02406116
0.22299990
0.08352656
1.17719417
1.35701317
0.41221870
-0.69473154
-0.04214308
0.43162737
0.27290693
-0.53968259
-0.89007825
-0.71532210
0.94860046
-0.25013529
0.34554902
-0.75307772
-0.14215815
-0.42859363
0.51909014
0.40764603
-0.34623850
1.10500640
-0.16845772
0.10418263
-0.79911918
-0.58123950
0.07723901
-1.12661041
-0.25530428
0.05796778
-0.99421931
0.38589388
0.83640996
-0.05965563
0.16678149
-1.08423311
0.06392732
-0.57271378
-0.34826715
0.50767852
-0.62060385
-0.52092464
-1.02250973
0.43661475
-0.19228291
-0.64692587
0.84704826
-0.21659624
-0.53560197
-0.01207832
0.13224630
-0.28722968
0.22708053
-0.17506117
-0.71384229
-0.50345510
-0.07515353
-1.27066429
-0.20596454
0.83086732
0.72084901
-0.14014445
-0.15718126
0.38948281
-0.43188951
0.03672959
0.10875183
0.09124490
0.45382735
-0.57994944
0.33919770
-0.13924191
-0.22173904
-1.64168304
0.83451984
-0.44048051
-0.96718964
-1.24697046
-0.17952266
0.62641011
-0.35296756
0.08736482
0.75785942
-0.59846224
-0.45328426
0.33219320
0.97319353
0.86035119
0.54438105
-0.75898725
-0.22682851
-0.31618407
0.25827012
0.09317818
-1.29940650
0.52024004
-0.76413892
-0.86376151
-0.44882207
-0.11699703
-0.38157452
0.43443124
-1.07310914
1.99596739
-0.01835220
0.42311142
0.50941076
-0.02571264
-0.18531811
0.21505450
0.40256027
-0.17449804
-0.05164882
-0.66154750
1.39013178
0.20691042
-0.19852664
-0.18399181
0.10950095
-0.21069222
-0.92904170
-0.14063239
-0.71171163
-0.13949106
-0.42335243
0.47611046
0.12703305
-0.91047886
-0.50362735
-0.22523978
0.36613094
-0.06139021
0.24261948
0.44419737
-0.15662884
0.31633087
1.35969302
-0.30020000
0.32868803
-0.85801774
0.53537337
-1.27445769
0.47117274
-1.33054691
0.08055018
-0.22818279
-0.33874647
0.49142971
-0.52060454
0.07834055
0.35918226
0.60277523
-0.42354820
-0.67994531
-0.30339824
0.21804396
-0.32325107
-0.98291132
0.04202872
-0.54707998
-0.81827703
-0.26226235
-0.32111093
0.30070625
-0.13581473
0.79634591
0.12787077
-0.26063583
-0.54106922
-0.19280485
-0.26464491
-0.18540376
0.76235958
0.20420543
0.10753926
0.38895092
-1.08284527
0.88670433
0.55946865
0.47205323
-0.05811297
0.32629414
-0.68395572
1.00139201
-0.77974715
-0.50325323
0.15648687
-0.77450974
0.51344514
0.14026981
0.57416866
0.22229211
-0.67933123
-0.03995555
0.17885780
-0.81070832
-1.49978539
-0.99194565
-0.09180406
-0.60433719
-0.33897695
-0.35605044
0.43436568
0.50641535
-0.91930274
-0.50092806
-0.16175925
1.00478332
1.09574920
-0.57142856
-1.06568440
1.66423973
-0.20684451
0.63672796
0.05000824
-0.33701532
-0.18750013
0.00469496
-0.90804534
0.64184336
0.18571426
0.01543240
-0.72951031
0.59337371
-0.26530238
0.67754096
0.98036564
0.92867630
0.16233860
0.65016546
-0.32604475
-0.08033842
0.80024420
-0.36637192
0.34241829
-0.37967653
-0.59476306
0.88612664
-0.86114984
0.15001172
0.21744354
-0.57695897
0.19694473
0.64141962
1.45159520
-0.08684550
-0.36281048
-0.89912614
0.46251126
-0.19326105
-0.64594927
-1.12035560
-0.18034464
0.00821962
0.97982446
0.54055351
-0.42229774
0.19126743
1.24076529
-0.52592402
0.95113616
-0.64758820
-0.13197588
0.87811650
0.68923920
-0.24037707
1.32532156
-0.64396577
1.16514365
-0.19723353
0.05332988
0.74940080
0.20906575
-0.19513332
0.09377996
0.30621337
0.23476735
-0.78603093
0.44845673
-0.96232861
-0.51494499
0.39782554
-0.39471881
-0.53785016
0.75710422
0.06426627
0.65409289
0.52067016
0.17069705
-0.41338269
0.59837120
0.02019784
0.06904510
-0.20496417
0.39984075
0.63797085
-0.92224528
0.42266099
-0.12491114
0.07799845
0.61356057
0.95640453
0.30930358
0.32221980
0.31231831
-0.22958720
-0.12328445
-0.47820084
-0.11021368
0.15972696
0.67286601
-0.29607862
0.59193482
-0.26818585
1.31447117
-0.48683314
0.16350554
-0.79051275
0.52515773
0.29928682
-0.03596178
-1.77436992
-0.57528991
-0.73421108
-0.42632194
-0.15329065
0.89179046
-1.61936642
0.12482059
0.16886784
-0.09297211
0.83101637
-0.89563649
-0.57926656
0.45538051
0.09311462
0.76293584
0.40215815
-0.63275822
-0.04788855
0.02041739
-1.80322157
0.09070470
-0.00067526
1.27414635
0.23368684
0.89001790
-0.56941396
0.12903688
0.34788700
0.35976079
-0.09993164
-0.74946579
-0.25000753
-1.25904994
-0.10836915
-0.14744405
-0.78620469
0.14937418
-0.20852329
1.28140803
0.34682504
-0.04024879
-0.89655961
-0.70525384
-1.03516715
-0.35208827
-0.16595025
-0.19539360
0.36493416
0.06922150
-0.07801598
0.27066810
-0.05595643
-1.41404858
-0.06669912
-0.35242232
-0.67742003
0.79129954
-0.37984545
0.21861855
-0.47168784
0.98894367
0.62949228
0.43681877
0.05461455
-0.47417547
0.38872163
-0.31423647
0.04357476
0.38521840
-0.84637010
0.92944407
0.72321592
0.96855736
0.93169486
0.11696267
1.04630448
0.45653291
0.40324791
0.72923973
-0.14121701
-0.57378521
1.03439117
-0.38786363
0.17896688
-0.28998282
-0.08117823
0.38151016
-1.62873672
-0.79972312
-0.64581899
-0.60702244
-1.26354866
-1.94995273
-1.67574447
-1.10235376
-1.66986766
-1.24549155
-1.41512777
-1.44634541
-1.51782475
-1.34478439
-1.39590686
-1.37590846
-0.42112361
-1.07073790
-0.29529004
-0.19751974
-0.15523155
1.14443161
0.48770238
0.17064207
0.40919569
-0.01251430
0.91022961
0.53956841
0.53731175
2.92663294
1.95528741
2.38537134
2.31909451
2.28022607
2.25323712
0.29720258
1.59196427
1.36117347
1.04715346
1.23269758
0.68967755
-0.45779175
1.31526661
-0.65962883
-0.98296043
-0.50987759
-1.18057479
0.73926998
-1.45047078
-0.80876782
-1.73406842
-1.30296961
-0.81020616
-0.39240762
-0.41612677
-0.77580937
-0.34069003
-0.91681980
-1.07576348
-1.97394788
-0.27939150
-0.76642220
-1.02074633
0.70282046
-0.01472635
0.23927432
-0.13919291
-0.54305976
-1.33268043
0.76863063
0.67287924
0.41547210
0.05542638
0.21708532
-0.60046161
0.31619758
1.38691487
-0.39645642
-0.83899181
0.18702193
-0.25487705
1.72519739
0.50442959
-0.57846892
1.00384341
0.82854339
-0.10401258
-0.07620269
1.03282582
-0.91200405
0.07034409
0.68086816
-0.69623134
-0.02719332
0.51949955
-0.22619525
0.78159101
-0.43778840
0.49024151
0.42608628
0.32124303
-0.33731243
-0.73682940
0.34548046
1.08617255
-1.07910908
-0.54972766
-0.70444502
-0.19505016
0.41058092
0.23107745
0.71891066
0.03472698
-0.90726167
-0.74626645
0.27069837
0.66446590
0.02253001
-0.34743758
-0.73505441
0.88805172
0.02521509
0.48206892
0.61958577
0.59148943
0.09515116
-0.65187675
0.46259420
-0.45718811
-1.04365360
0.68241637
-0.85148461
0.58487840
0.23900137
0.72332094
-0.95599337
0.50473333
-0.57634140
0.17574799
-0.43008578
0.14820027
-0.47983633
-0.20069949
-0.06016679
-1.02177064
0.12295137
-0.16948707
0.00304926
0.56008496
-0.29915872
-0.72080098
-1.38310414
0.49712509
-0.06794286
0.72952394
-0.85945195
-0.98978832
0.56526237
0.52012941
-0.15943885
-0.27391344
0.09545831
0.80593465
0.01842402
0.43165407
-1.27237370
-0.02687146
0.65897514
-0.58381055
0.39365615
-0.77707587
0.84472065
0.80754071
-0.78807238
0.98188422
-0.78820254
-1.27691024
0.36203054
-0.39249854
-0.41042727
0.90367004
-0.59416002
0.52781980
-0.42348040
-0.98270512
-0.74454988
0.11126417
0.31499990
0.70642830
-0.26170147
0.50747713
0.00376413
0.01869949
0.16477569
0.06964379
-0.01201760
-0.19554412
-0.57341071
0.32725648
0.50017392
0.56063840
0.37338754
-0.01143028
-0.51529291
1.50627055
-0.47359725
0.72386386
-0.13554644
-0.04287104
-0.22484922
-0.28113857
0.30782007
0.60227278
-0.14894095
-0.05602884
0.05458092
0.12233630
1.18744590
0.18875090
0.10203333
-0.31507646
0.14210758
0.18709162
-0.04207584
0.98963477
-0.25631155
0.19018434
0.03875219
-0.25561962
-2.01383351
-0.84425479
0.57493053
0.55457128
-0.12031290
-0.30495422
-0.01018890
-0.22735310
-0.26456939
0.67396428
0.62752201
-0.20600671
0.45166498
-0.56715083
-0.53767674
-0.44338077
-0.10282224
1.02514429
-0.64556882
0.58780943
0.28252247
-0.35935221
-0.64019452
-0.79302893
1.25651362
-0.02174656
0.86639727
0.37150259
0.05696964
-0.82640847
0.09636704
-0.72947439
-1.08648568
-0.74726459
0.70693770
-0.63546979
-0.78917906
-0.05251303
0.47891194
0.85737178
0.07369052
0.19127783
0.15043135
-0.09198430
-0.83073339
0.39355474
-0.42327671
-0.69785446
-0.23424000
-0.41925515
0.02574310
0.39346350
0.21116143
-0.05442093
0.54821143
-0.82465881
-0.06527538
-1.34041467
-0.12294021
-0.30696518
0.04673905
-0.08287218
0.85478033
-0.53611476
-0.34842829
-0.30790722
-0.61701620
-0.41899637
0.34195060
0.08822279
0.76617158
0.55936438
-0.69819681
0.51595882
-1.00316262
-0.61936539
-0.02891064
1.07203161
-0.63371477
0.38115339
-0.12765981
-0.62882728
-1.29638631
0.38200724
0.63423519
1.00327951
0.92234200
0.68197576
-0.42438055
-1.67411864
-0.58218875
0.78931952
-0.17425196
0.58343695
0.30449361
0.16613855
1.09916441
-0.21739425
-0.45815696
0.04132298
0.05075523
0.47225866
-0.15919581
1.15416279
0.33382612
0.10558126
0.52657396
-0.52978968
0.07748863
-0.43967815
-0.74413854
-0.06730897
-0.34919167
0.56838625
-0.53711075
0.08268246
-0.71315564
0.95368060
2.07123750
-0.66512779
0.19198506
0.27789567
-0.90583695
-0.40458004
0.30260103
0.24554352
-0.06756477
-1.43300213
0.55594761
-0.72426847
-0.00033820
0.69573314
0.06574140
-0.39057288
-1.02994639
0.94723074
-0.20273506
-0.09921916
-0.12926090
-0.67132431
0.80116727
-0.86920666
-0.06900168
-0.27445963
0.34519709
1.32583392
0.32109069
0.16097296
-0.48599466
-0.52518705
0.53694193
0.23473922
0.24592155
-0.80874598
1.04456730
0.68154062
0.58013977
-0.10410069
0.77096150
-0.34553519
0.50954099
0.91356863
0.88139225
0.69106894
0.67228648
-0.23993480
0.00584765
0.07952859
0.46747881
-0.20272381
-0.39706654
-0.62634695
-1.01681517
0.08431529
0.62477136
-0.25900422
0.44990128
1.04981236
0.18137461
0.58142208
-0.38048321
0.14877897
0.07234976
0.99541478
0.21387518
-1.50030859
0.72509686
-0.96779316
-0.52355588
0.00063794
-0.75137181
0.39311134
-0.32248732
0.83846522
-0.69524838
1.17526097
0.19494983
-0.37115794
0.74827195
-0.20153337
0.41276588
0.72101982
0.96427615
-0.07082250
0.22786068
0.91884924
0.08436582
0.37138145
1.63054388
-0.42421793
-0.00532787
-0.49373831
0.04536491
0.96532335
0.35806500
-0.25232953
-0.87055243
-0.29516283
0.58322785
0.15319844
-0.08827285
-0.69623917
1.26783442
-0.29373467
0.32041621
-0.46660084
0.38611870
0.52583644
0.09779794
0.48050210
0.63014817
0.18019430
-0.45403709
-0.94847854
-0.60800924
-0.81364217
0.14032340
0.23821706
0.12065069
-0.20230062
-0.63853354
-0.49063524
0.00102858
0.27910100
-0.27954770
-0.53505055
0.42094213
-0.18974353
-0.51517809
0.40992682
-0.30575316
0.35198814
0.41114473
-0.25819945
0.42015302
0.23776762
0.30186463
0.00314123
-0.48492001
-1.54364877
0.81763637
-0.29482274
0.22065032
-0.47492847
0.86923807
-0.23085611
-0.30115279
0.07677792
-0.33201671
-0.30806657
-0.33978422
-0.63032372
-0.14444861
0.81703229
0.66561768
-0.24995032
-0.94704680
0.88196121
-1.56506387
0.03167232
-0.35671726
0.30801884
-0.25425960
0.22013453
0.07927830
-0.35242898
-0.79519761
0.48259820
-0.38612185
-0.32149419
0.30824521
0.84361474
-0.00261280
0.36082700
-0.25893582
0.32483739
-0.93069240
-0.27424893
-0.90252942
0.40500036
0.67423005
-0.76040189
0.02759510
0.68462145
-0.22423793
-0.48367747
1.14704891
-0.59416473
-0.06215063
0.57708973
0.55922866
0.52448611
0.10153550
0.53645001
0.30233759
0.86960572
0.19347427
0.22591568
0.25162429
-0.36169657
0.06245394
0.20301374
-0.06430578
-0.12028285
0.01895201
-0.54280735
-0.61194417
0.64021074
-0.16893582
0.39839715
0.83149912
0.07862655
-0.21909995
-0.20562509
0.35061280
-0.43213439
0.01462986
0.05538832
0.00056109
0.82275159
0.53547096
-0.05235343
-0.93216117
0.15845432
0.08945173
0.08450724
0.12861130
-0.17989254
0.26479904
0.48897979
-0.77239095
0.38701291
1.15014882
-0.48992636
0.23187850
-0.74721343
-0.68981016
0.49678753
-0.65233425
-0.20382417
-0.68675341
0.88669895
-0.22201947
0.46411025
0.76020799
0.43294728
-0.06748099
0.08153436
-0.79138656
0.78694618
0.32571158
-0.68826155
-0.38508626
-0.26259505
0.48995045
-0.47479557
0.75085847
0.60532591
0.37462329
-0.08491304
-0.36938175
-0.27774352
-0.30571553
0.89947315
0.60289385
0.51167413
0.03991674
-0.21988255
1.01117058
-1.23765945
0.94932473
0.85442601
0.75366340
0.09851347
-0.00632020
0.09996988
0.82404539
-0.37866663
-0.89022254
-1.22131680
0.61843980
0.72582895
-0.20953870
0.01256161
1.29988708
-0.11814156
-0.57177094
-0.11920766
1.24909157
-0.13535421
0.57292779
-0.06981265
0.33421393
-1.62390459
0.18868962
-0.54011545
-1.57188850
-0.69665913
0.19410115
-0.15322135
-0.16059160
1.07340035
0.36258278
-0.12331753
-0.05799945
-0.82390919
0.68920484
-0.26979725
0.59659200
-0.80612981
-0.31708826
0.49693552
-0.33916675
-0.20072096
1.01685811
0.38595417
0.44641278
0.60468357
-0.33979367
0.18039687
0.22598274
-0.03526474
0.24070910
0.21994471
-0.36756012
0.21199308
-0.06639766
-0.08226991
-0.13218090
-0.17521238
-0.17073273
0.49273591
-0.20199213
-0.47753780
-0.56747774
-0.84748082
0.38546296
-0.09186874
0.96517295
0.54043120
0.35710393
0.82177553
0.16132143
0.72101443
0.78096771
-0.42717729
0.06733152
0.65809291
0.27802368
-0.50777426
0.46203075
0.22845718
-0.25171274
0.66124576
-0.57033241
0.22647828
0.74003529
-0.03692328
0.38788027
0.27131287
0.10360788
0.80864563
-0.74528411
-0.10097395
-0.43821126
-1.19062734
0.45884355
0.23486550
1.42091950
0.77369321
0.36076794
0.28658080
-0.12014525
1.09756960
-0.27916114
0.43102768
0.18212902
1.28521691
0.89094799
0.90165684
-0.28799790
0.58361144
-0.99630291
1.04759295
-0.54570137
-0.67568597
0.39693768
0.07757359
-0.02997486
0.77551852
-0.37321646
-0.08119517
0.59221738
-0.27962210
-2.19162498
0.39000089
0.50871731
0.13219040
-0.42960415
0.37147843
-0.28947911
-0.49367793
-0.90939282
-1.17091365
1.70983036
0.15861306
0.01532424
0.62838641
0.20105737
0.69722819
0.08004341
0.10857900
0.99351879
-0.08464777
-0.12653782
-0.81402474
0.18360320
-0.50952959
0.36460248
0.20209697
0.27261997
-0.16565369
-0.29704998
-1.40393618
0.04816157
-0.87493101
0.96496076
-0.00658460
-0.36188842
0.71295051
-0.31013014
-0.31869732
0.70704065
-0.61180921
1.01218718
-0.77440374
-0.39874386
1.28579994
0.28927262
-1.05759323
0.52069742
0.44576670
-1.38841085
-0.66680043
-0.58990713
-1.02171643
-0.29058871
-0.47058180
-1.59663849
-0.32924428
-0.35769702
-0.55870706
-0.23050594
-0.63024105
0.11800895
0.45218125
0.51407145
-0.29593115
0.00690476
1.13646975
0.26025441
-0.99161430
0.96492783
0.38476252
0.44893328
0.67396539
0.54865163
0.68892977
-0.70950414
-0.65869845
0.38854936
-0.11009843
0.20711632
0.65077944
-0.23550196
0.57529283
0.04472812
-0.00730021
0.51246648
-0.25951746
-1.09867008
0.84101413
0.72384903
0.03779080
-0.44089675
-0.30214627
0.75579169
-0.46523538
0.84468403
-0.17599624
-0.57390575
0.25268517
0.92860956
-0.21041286
0.45779429
-0.65807126
-0.10106398
-0.59866289
-0.59458112
-1.00007429
0.36887351
0.64701481
0.96281839
-0.56705303
0.32544535
0.48938395
0.50035192
0.16401888
0.07267215
0.45331669
-0.48495305
-0.45177907
0.51694743
-0.76659111
0.63937630
-1.02255925
-0.16704023
0.28452430
-0.27967716
-0.02605079
0.87364783
0.86839130
-0.93592871
-0.26869176
-0.43440425
-0.44461692
0.41318928
0.00504189
-0.00354606
-0.94693456
-0.32730218
0.13055971
-0.35697757
0.51389086
-0.36079654
-1.06876485
-0.65940945
0.71509940
0.35096117
-0.23694650
-0.86346876
0.50103447
0.62392772
0.45289809
0.57041777
-0.21582741
1.28637350
-0.02350975
0.30938368
0.45409609
0.25462431
-0.82527646
-0.01239508
-0.30346746
-0.30378396
-0.49441307
0.26300526
0.18549148
1.26663186
-0.74359061
-1.03563347
1.16130512
0.53369774
1.22216187
0.32050782
0.74640344
0.39288501
-0.78594800
0.78634155
-0.12871909
0.49801245
0.45201452
0.53577752
-0.02191347
0.88213347
-1.40915948
-0.35246870
0.98220113
-0.33387719
1.42615716
-0.60755963
0.89158217
0.13670710
0.34499595
-0.27042683
0.59717389
-0.18027533
-0.05966879
-0.18873587
-0.00703566
-0.74369744
0.40522256
-0.13750394
0.60685867
0.48395534
0.28151692
-0.71739925
-0.71011943
0.30515712
1.06983111
0.28474415
0.80553918
1.42555277
1.04504457
1.11136686
-0.13740404
-0.67842892
0.72454697
-0.18477892
0.10969742
0.27357080
-0.60104824
0.02675290
-0.71995230
0.76854404
-0.61825345
0.78237440
0.32911389
0.71470764
-0.05751335
-1.34523987
-0.14065026
0.68773149
1.03922560
-0.02682841
0.04450289
0.87448839
-0.88714939
0.55259502
0.31180405
-1.22491095
0.07418994
-0.29501617
0.03637718
0.21030126
0.20146587
-0.07169503
-1.30426200
1.26593270
0.45323759
-0.57625601
1.19321502
-0.28577386
0.01160788
-0.41710401
-1.02875555
-0.14607259
0.28755896
0.79247936
-0.34232758
-0.09103197
0.77961921
0.13352873
0.79960525
-0.09050031
-1.23201846
0.88556806
-1.01229801
0.33210397
-1.04544336
0.09465692
-0.90025836
0.38333166
-0.09445879
0.13826372
1.29266378
1.20232857
-0.00556772
1.36104925
0.66607511
0.49785350
-0.05577879
1.11697386
-0.61701841
0.36904521
0.40230615
0.75838517
-0.41753072
0.00000231
-0.84041818
0.03428766
0.86867302
0.31073552
-0.23317186
-0.65642772
-1.02856023
-0.79428818
-0.00128709
0.71727334
-0.30182291
0.55153020
0.64280892
0.21452378
-0.70155093
-0.38559041
0.18827052
-1.36774925
0.25409428
0.38968179
-0.03785113
0.79630075
0.13271756
0.64081041
-0.29778436
-0.28254191
-0.42010343
-1.08576189
0.57698973
-0.00332951
-0.30047809
1.13636288
1.09730929
-0.41674832
-0.35196459
-0.69765108
-0.09401974
-0.47093561
0.29400249
1.52446882
0.26774526
-0.30822262
1.26437222
-0.70478167
-0.30611393
0.18740412
0.14771759
-0.63666210
-0.01332493
-1.01874366
1.17349485
-0.19274548
1.36441370
0.68901916
-0.97033862
0.22289020
0.20652149
-0.56822187
-0.31186379
0.14965940
-0.24784571
0.02492683
0.02395205
0.15525602
-0.38204973
0.38216333
-0.07043305
0.13074243
0.54707657
-0.40230072
-0.11327338
0.48939681
-0.92562472
-0.68179023
0.31912355
-0.11670929
0.30760853
1.08623127
-0.45100740
-0.84624048
-0.27144517
0.30526537
0.49775691
0.33899774
-0.66532610
1.35030157
-0.20822313
-0.22872116
0.49582659
-0.84021562
-0.96774858
-1.46714042
-0.25200677
0.14233635
0.28760508
0.72643017
-0.05345397
-0.50653853
0.57022852
-0.42694903
-0.73503131
-0.80606755
-0.22435267
0.77153757
0.05996959
-0.75335827
0.39877883
-0.22901710
0.35223577
-0.47662843
-0.50542811
-0.76613741
1.67460307
0.57250034
-0.11686911
0.25375117
-0.10081509
-0.23201148
-0.96689869
-1.25375242
0.52462333
-0.11342821
-1.16111338
0.61055995
-0.02149443
-0.34593618
0.89423794
-0.09125024
0.30209177
0.83001786
0.56994400
0.50342015
1.35604721
0.13513379
0.02568717
-0.88125634
