1.42105066
-0.31009901
0.39388496
0.04128501
-0.11703669
-0.50321343
-0.26209154
0.39698130
0.25224309
-0.04932479
0.02596493
-0.13661281
-0.26031010
0.22421559
0.49631135
0.90252038
-0.44408772
-0.23981274
-0.43779385
-0.07116698
0.08470690
-0.66988255
-0.75932657
0.48709378
0.77148496
-0.64801618
0.24313760
-0.12848622
-0.81605604
0.01628882
-0.08111388
0.68350591
-0.11115230
-0.41321058
-0.58072748
0.53345295
-0.00144185
-0.67458620
-0.25387415
0.19906994
-0.81157650
-0.01861732
-0.49833598
-0.26563964
0.11565876
0.29267949
-0.28023950
-0.34422433
-0.45317821
1.10473098
0.50234798
-0.05944990
-0.14931568
-0.09945979
-0.49981794
0.23657998
-0.87067457
0.31641768
1.65635928
0.29844498
0.03335522
-0.33449221
0.01704317
0.63374973
0.14925679
0.24689164
-0.04067194
0.94415688
0.34979082
-0.25772762
0.12135739
0.33198317
-0.23550551
-0.61284693
0.00044915
-0.20134414
0.35772151
0.29823534
-0.20044298
-0.19589918
0.25241922
-0.07188058
0.05615608
-0.28284936
0.73102494
0.58966142
0.61068541
0.10827470
1.09873921
0.33386290
0.60504377
-0.54951618
0.24890135
0.33248337
-0.00915056
-0.32958502
-0.99217116
1.45249131
-0.22975254
0.65360636
-0.49205328
0.35301230
0.61707168
0.21666123
0.56925249
-1.22478357
-0.30293255
-0.33536538
0.10979899
-0.39996783
0.16475134
-0.18966224
1.28578528
0.33303557
1.22643324
-0.65934201
0.21532103
-0.41248589
-0.00020033
-0.26472561
0.40193273
-0.44195070
-0.18196738
0.20703024
0.91482724
-1.35693480
-0.30225042
0.67439611
-0.11622961
0.29178502
-0.88871450
-0.82115529
0.17229878
-0.34103947
-0.40035329
-0.57381985
0.01652690
-0.22154956
0.48069655
-0.09032511
-0.74012231
0.10428327
0.48356032
1.09677725
0.33505612
0.23645054
0.34143447
0.48920641
0.05221726
-0.28734735
-0.42088177
0.53819918
0.22030609
-0.44944181
-0.06762032
0.85074287
0.29011058
0.49847291
0.08058896
0.28618306
-0.08036267
-0.17568077
0.09412769
0.83324772
0.21515985
-0.65501070
-0.38531450
0.33081466
-0.67135299
-0.11382611
0.92885073
-0.28704855
0.48294706
0.11507764
0.57993141
-0.11636078
-0.78044977
0.60350888
0.43719375
-0.09125740
-0.22610584
-0.53041821
0.62343944
0.34831763
0.56398581
-1.07565620
-0.80746925
0.14242268
-0.45339032
0.27409319
-0.19538468
0.23759541
0.75710963
-0.55207097
0.24389806
-0.17060452
0.20668326
-0.26013380
0.48294969
0.43758029
0.09047885
-0.26393633
0.00022620
0.36158664
-0.63897214
-0.11416382
-0.85488650
-0.70556386
-0.37286363
1.02751035
0.08199463
-0.21715050
-0.40843514
-0.14630542
-0.57680344
0.54669829
0.11253590
0.28456919
-0.49294000
-0.83519155
0.05298435
-0.98578179
0.21261219
1.16600792
-0.51341415
-0.05407944
0.17362950
0.74651082
0.51442923
0.20934008
-0.32260875
-0.29248787
0.81677203
-0.40069472
0.35401721
0.20300633
-0.47635799
-0.68712650
-0.67402502
1.04872959
0.50547451
-0.14668749
-0.16907648
-0.29515098
-0.63033397
0.25975732
-0.66853972
0.19835942
-0.44339022
-0.79881965
-0.81641681
0.34437717
0.22246156
0.13113250
-0.32316258
0.40287574
0.34208365
0.09336022
-0.28958261
0.80738865
0.06753080
0.04142467
-0.00071061
0.07702105
0.57100600
1.42508557
0.69538104
0.15593531
1.01149245
0.12762533
-0.45002517
0.80447621
-0.02873274
-0.68949681
0.37961680
0.14970049
-1.14016010
0.04475067
0.32882401
0.31998164
-0.33316009
0.29383037
-0.52985799
-0.47311939
-0.45789509
0.22526532
0.07877700
1.05220793
0.00339139
-0.44413919
-0.28310840
-0.42803911
-0.58569752
-0.03724792
-0.20084743
0.35130016
-0.37316562
0.25953704
-0.28429151
0.01631536
-0.92942740
0.06071638
-0.25480391
-0.30778439
-0.10258578
0.54262941
1.01110264
0.31626976
0.77202657
-0.49423063
0.11333575
0.41946995
0.33139920
-0.31577314
0.55001960
0.53953859
-0.00589568
-0.98922716
-0.82466417
0.14044111
-0.09964304
0.30195917
-0.84285439
-0.31419172
0.11012674
-0.02294449
-0.02091306
-0.78961823
-0.21979096
0.37892018
-0.19028124
0.94639961
-0.08821201
-0.19706006
0.23135298
-0.03017699
-0.57186653
-0.06026050
-0.27297094
0.27049361
-0.01797896
0.78128333
0.63059012
-0.57322059
-0.34273409
0.69347876
0.28768653
0.76889992
0.29008112
0.23525052
-0.15038909
0.51028058
0.05497660
-0.02171821
-0.67276245
-0.85243607
0.44886695
0.95017809
-0.38621110
-0.25736977
0.36399276
0.61673925
-0.96095924
0.20531504
0.79416388
0.86022567
-0.49787742
-0.03602706
0.50696254
-0.01086328
0.28803647
-0.34899064
0.18574774
0.36518606
0.35824029
-0.83737577
-0.15841125
0.07093256
0.55513932
-0.25460407
0.66352311
-0.25432073
-0.44890479
0.27075669
0.56577340
-0.15967229
-0.16316275
-1.00161888
0.11890732
0.53196243
-0.54214786
0.03510244
-0.55227781
-0.35259878
0.73175443
0.63939305
-0.38468690
-0.65169687
0.70350921
0.16014205
0.08568504
0.79354888
-0.25177930
-0.31720340
0.08172521
-0.05988896
-0.25251613
-0.02226843
-0.02754301
0.02636180
-0.72080678
-0.05117862
0.05147436
-0.81160212
0.11655048
-0.06823412
0.05521041
-0.08215573
0.61744032
-0.53709855
0.50562930
0.33718881
0.10590151
0.24292270
-0.38635112
0.39598542
-0.87360207
0.08441714
0.05219141
-0.47424636
-0.11080548
-0.55512434
-0.93202219
-0.15882105
0.14166603
-0.11235981
-0.09527578
0.84966723
-0.80004970
0.64007091
-0.03137406
-0.14170356
0.17394197
0.29678345
0.83748354
0.78896654
0.56059559
-0.16572550
0.14224751
-0.02909264
-0.24046430
0.40057175
0.55261541
0.65859783
-0.20056850
-0.27315443
1.03441926
-0.35702793
0.63863232
-0.06985668
-0.73830905
0.20689259
0.71470437
-0.19217576
0.47491988
0.37213594
-0.85922301
-0.60626010
-0.50074980
-1.39402483
-0.41636824
0.95562412
0.05135904
0.72219161
0.10803458
0.17285051
-0.48652030
-0.22560792
-0.21978787
-0.69629172
0.01306425
0.20353596
-0.32566586
0.19138977
-0.21196638
0.19991176
-0.43103742
0.05859241
-1.51388119
-0.79858846
0.57914775
-0.98018301
-0.35855643
-0.58481975
0.23759299
0.56018697
0.00105071
0.43910669
-0.47828915
-0.32373202
-0.64096566
-0.56003265
0.27216765
-0.28841093
0.56350454
-0.11091562
0.19659045
-0.48793541
-0.42596396
-0.17475796
0.25147828
0.41127120
-0.22993849
-0.42848754
0.44891336
-0.30809654
-0.48614183
0.79159157
0.21040488
-0.41460633
1.24426519
0.85681416
-0.05013360
-0.25798021
0.21281960
0.18415179
-0.53471527
-0.48974601
0.07692228
0.08292218
0.04371589
-0.81006086
-0.82339964
-0.06486830
-0.65202865
-0.58282817
-0.43883738
-0.11682881
0.46783330
-0.55214616
0.16242010
0.10674362
0.08533430
1.12892049
-0.04132931
0.70265100
-0.66925997
0.29877960
0.17905858
0.93047755
-0.03420168
0.59812935
0.09868239
0.37291104
-0.33002819
-0.44726088
-0.35918087
0.75530005
0.76709685
-0.25673946
-0.41504341
-0.07422865
-0.82553740
-0.29450760
0.08575797
0.44131943
-0.23635691
-0.22733006
-0.47556233
-0.64195823
-0.05611196
-0.61832884
-0.16173640
-0.83939509
-0.38109238
0.04365436
-0.00818811
-0.42180973
-0.09313344
0.88628200
-0.16165594
0.55973158
0.27931235
-0.45461859
-0.17837364
0.30200143
0.57101119
-0.27966105
-0.81741197
-0.71510405
-0.66317214
0.14303114
0.02009030
-0.15414331
0.22562764
0.13086920
0.66247440
0.31996711
-0.20831343
-0.59994798
0.15714974
0.01750286
-0.26799655
-0.15556056
0.16347560
0.05363393
0.25914139
-0.26007587
0.27185828
-0.43034438
-0.03170081
-0.01139963
-0.41909229
-1.04579291
-0.37047008
-0.19277682
-0.14318570
0.21738415
0.34094182
-0.01057621
-0.43638189
-0.40193833
-0.32665770
0.36414214
-0.98979335
0.47111575
0.01542696
-0.54407759
-0.11280075
0.79965968
-0.29823384
0.09005749
-0.21571078
-0.07787536
0.28654690
-0.78998885
-0.39689571
-0.02418711
0.74712127
-0.29460445
0.60858277
0.74824878
-0.87978540
-0.16830637
0.12385103
-0.19484934
0.54253189
-0.46763829
-0.41996044
-0.12706804
0.02728284
0.01414704
1.15916017
0.44803379
0.96841243
0.61619073
-0.72839340
-0.56329860
0.24814208
0.64297956
0.26705167
0.56179739
0.65523783
0.56403005
-0.99763282
0.44810841
-0.32367582
-0.84124328
0.09534745
0.09901195
-0.12149205
0.16693961
-0.37682878
-0.00298344
0.00760829
-0.89256093
-0.95530082
-0.13544842
0.12398932
0.09709863
-0.17391289
0.08111094
-0.04631428
-0.11063294
0.55824711
-0.17411949
-0.14860364
0.08680676
0.16429072
0.01811959
-1.01416442
-0.06779862
0.24428343
-0.81792675
-0.61812976
0.23460421
0.26376001
-1.34755893
0.95460065
-0.48351879
-0.40854112
-0.31075347
0.24004576
-0.03673633
-0.24261645
-0.46279592
0.41486521
0.16009731
0.30385244
-0.16267074
-0.07684049
0.02205136
0.36765250
0.19766450
0.13998586
-0.87646727
-0.09537428
1.01876966
-0.11105219
-0.04336761
-0.19538010
0.51617826
-0.24980371
-0.12714568
-0.39233198
-0.36225021
-0.20531353
-1.31323044
-0.17073892
0.32635666
-0.20618906
-0.27226447
0.13272838
0.01289151
0.36184990
0.58298965
-0.19807514
-0.64245501
0.53888854
0.12160620
-0.34841485
0.51700925
0.15041451
0.31414402
0.51709826
0.61644722
0.03583532
-0.03366449
-0.06964559
-0.39301439
-0.02899692
0.70368128
0.23326803
0.99564498
-0.47392067
-0.38321256
-0.61380632
-0.31658768
-0.02199399
-0.05408785
0.08221368
0.39815710
-0.19536629
-0.27927079
-0.66517445
-0.06485870
-0.35830508
0.14374233
0.99531299
0.35676476
-0.29711127
0.54684479
-0.29559588
-0.18865235
-0.21246885
0.32129060
0.72517640
-0.82091627
1.26365076
0.24483084
-0.77440542
-0.11374140
0.96255013
0.90081459
-0.32803033
0.17113111
0.45219012
-0.09938620
0.38035807
0.21997868
0.74801029
0.19588219
1.04595344
1.50827531
-0.11990748
-0.02413932
0.84818226
-0.16816605
0.34801710
0.52067637
0.30263013
0.11310461
-0.04927345
-0.37437703
-0.79472142
-0.02660847
-0.29279686
-0.49344725
-0.56063454
-0.40626543
-0.96087395
-1.95821298
-1.42780772
-1.21791927
-1.11870530
-0.78694862
-1.39028385
-0.93988434
-0.92355574
-0.71352130
-1.15763289
-0.25625800
0.37161229
-0.63738709
-0.46992910
0.41455301
0.66262728
0.72851593
1.37565741
1.44047082
1.32670783
2.02456076
2.49071275
2.07911293
2.26469667
1.59429279
1.58841483
1.76647337
1.56016405
1.20990451
2.18275316
1.71763617
1.62015046
2.01359654
0.67135353
0.65376772
0.29585744
0.11888276
-0.25091869
0.03751131
-0.17331058
-1.16282355
0.17809150
-1.11064523
-0.61792894
-0.66744723
-1.10758219
-1.31914976
-0.27891613
-0.35117753
-0.77414807
-0.52889567
-1.18947773
-1.07127742
-0.24565744
-0.28240309
-0.55057993
0.06979403
0.33042523
-1.20694126
0.32006421
-0.09384804
-0.77057245
-0.96980010
0.53156101
0.31029721
-0.78127437
0.26058653
0.28244457
0.20130640
0.08269550
1.32243925
0.75127653
-0.32042952
0.46546644
0.16125931
0.09865602
0.32655989
-0.25285450
0.00427732
0.36861946
0.86901296
0.35864155
0.34686631
0.47646816
0.47616462
1.06870996
0.57747471
0.35226710
0.84045698
0.10482548
0.10629853
0.93544909
-0.17685301
-0.36977349
-0.45659445
0.49599019
0.55786851
-0.05398613
-0.12345919
-0.26809512
0.06367988
0.26246100
0.68328773
0.01589398
0.06269984
0.27818755
-0.07067951
-0.24285783
-0.50822848
-0.66947688
-0.00444619
0.05163246
0.38782864
0.48549923
0.23697500
0.03028509
0.33690910
-1.02331120
0.37232331
0.03197782
-0.03891548
0.04918594
-0.30069429
-0.55412657
0.49804310
-0.25456845
-0.04210542
0.62852895
0.77207829
-0.66814825
0.37638633
0.21245667
0.61927078
0.80186492
-0.62343216
-0.40370861
0.07309753
-0.50481129
0.44141025
-0.79263545
-0.16182599
-0.41785716
-0.80464966
-0.16084669
0.02216068
-0.55725422
-0.03496528
-0.34252735
0.52888658
-1.08724298
0.05250997
0.49232556
-0.06257956
-0.63374225
0.03490747
-1.53514768
-0.59589323
0.07513466
-0.43444739
-0.58221823
-0.53518703
0.33670058
-1.60528230
0.25358593
-0.57627590
-1.09732418
-0.56738629
-0.08372692
0.21433323
-0.23497752
-0.13879243
0.00154796
-0.35724307
0.89089841
0.12352332
0.13103460
0.19869822
0.13941791
-0.47968805
0.14751195
1.02042442
0.23243369
0.03868126
0.05971308
-0.01569802
-0.11561809
0.59487519
0.99793558
-0.04960932
-0.26541219
0.78456626
0.81658116
0.29851390
-0.22080621
0.37024967
0.19344908
-0.35466114
-0.22726205
0.15112715
-0.47465665
-0.43934404
-0.30758020
0.06710761
-0.50847363
-0.20820653
0.72872335
-0.24005377
0.39744776
-0.28494664
0.31296322
0.61914593
0.03476159
-0.41356857
0.53241295
0.67623997
0.16422440
0.25951963
-0.23679907
-0.34787662
-0.52302194
0.28014885
0.41679928
-0.11143094
-0.19607191
-0.50121432
-0.32364726
1.10306055
-0.84658567
0.27103527
-0.26902552
0.10602287
0.97568317
0.07563151
-0.60764238
0.04442077
-0.21737950
0.75978239
0.29091660
-0.95481735
0.28384551
0.03116239
-0.07377974
-0.37842277
0.43657025
-0.47947533
-0.51216181
0.35376361
-0.01137751
-1.04449453
0.52949945
-0.81083397
0.65425721
-0.10988006
-0.25026472
-0.34219357
0.26969033
0.47368676
1.01873927
0.24171465
0.09801835
0.06538289
-0.26757793
0.31770149
-0.51592435
0.61900405
0.21938126
0.54984263
-0.18351475
0.65896694
-0.50135032
0.08027188
0.25532470
-0.57213319
0.29296648
-0.68469716
-0.46660911
-0.06932823
-0.15189862
-0.29329115
-0.03446341
-0.21243423
-0.57776646
-0.17387622
-0.62544699
0.78987605
0.87831941
0.39937310
-0.62159086
1.08424245
-0.30911133
0.73563947
0.43771057
0.26377452
0.57224684
0.04380426
0.06032992
-0.35763926
0.50115797
0.05387560
-0.30332587
-0.03417211
0.39141593
0.18846387
-0.21221944
-0.12822721
0.03116303
-0.14780576
0.20023561
-1.12189441
0.16661099
-0.54890520
0.43111508
0.04966392
-0.24295727
-0.08337808
0.15391577
0.61913313
0.22230815
0.51128453
-0.97193745
-0.18502196
-0.01197302
-0.24183261
-0.31736221
0.03503563
0.20130906
0.05699115
0.26306610
0.30267679
-0.13428443
-0.94334661
-0.50816684
-0.15904433
-0.23121824
0.05762850
-0.74227708
-0.61211483
-0.53525269
-0.70362295
-0.11955350
-0.19437135
1.30277459
-0.46317310
-0.56209485
0.63714202
-0.59295384
0.03735329
0.26914502
-0.14718518
0.22585958
-0.50319581
-0.62622487
-0.15846100
-0.22776463
0.02679581
-0.42488515
-0.22524507
0.04977103
-0.01209908
0.54852118
0.02581816
-0.56776163
0.51935574
-0.64525651
0.27825999
0.24651187
-0.40965683
0.60034264
0.05113409
1.03563271
-0.78900769
-0.17112614
-0.40751089
0.85992703
0.29104798
-0.23542746
-0.10263085
-0.68128303
0.13037562
-0.31676857
0.21188275
0.03966003
-0.30935817
-0.67842944
0.24590469
-0.27175373
-0.25551976
0.76512158
0.42584952
-0.23912134
-0.14283329
-0.20974741
0.34794600
0.38462119
0.13790758
-0.17762796
-0.65893494
-0.08267614
0.38277310
-0.43435194
0.62716353
-0.73268189
-0.34781319
-0.04293000
-0.02066492
1.03183586
-0.03024689
0.60921336
-0.70369024
-0.55914003
0.16029969
0.64371700
0.94440663
-0.46210069
-0.17181703
-0.50092902
0.45156679
0.45340096
-0.60907169
0.26799206
-0.02078510
-0.38900381
0.03804326
0.32714469
0.47728020
-0.37966566
0.26393330
0.36748626
0.02930551
0.16716808
0.61595321
0.52467677
0.58802367
-0.20121859
0.65634827
0.22805727
-0.43135652
0.48268916
-0.33632186
0.13094421
-0.23375152
-0.54384578
0.62535629
0.49731220
0.07251268
-0.01460275
-1.11364322
0.01019660
-0.51834830
-0.49087351
-0.20958364
-0.00270330
0.43478233
0.21466195
-0.71015024
-0.00661857
-0.31514525
-0.28719011
-0.00652630
0.90640048
-0.37773698
-0.45605526
-0.27098484
0.56575313
0.12431537
0.65448036
-0.86470909
-0.02658336
0.02567464
0.88910414
-0.86782732
-1.21232764
-0.02510616
0.14314032
-0.66597153
-0.44246110
0.31454305
0.13580220
-0.60491503
-0.01162783
-0.11958943
-0.52708168
-0.37538957
-0.27360489
0.20189456
-0.47631612
-0.03416794
0.75180464
0.05147589
-0.75818505
0.63674278
0.17484756
-0.39800679
-0.21043284
0.03274105
-0.41655812
-0.09851776
0.31121343
-0.23197101
0.26361271
-1.14048305
0.08744367
0.34099927
-0.03455721
-0.01408273
0.33405087
0.35236233
0.11694773
-0.50544626
-0.01891968
-0.03107091
0.74420996
0.07775094
0.41284217
0.67965557
-0.61118635
-0.33803047
-0.63880934
-0.16287344
0.26372982
0.19766220
0.39964739
0.42824615
-0.23068639
-0.33037836
0.53802089
-0.37869576
-0.93100998
0.18614130
-0.13063277
-0.02737883
-0.14280154
-0.80421950
-0.04283393
0.38575611
-0.44637068
0.05710539
0.13675470
0.43017158
0.19960160
-0.31515870
-0.08359684
-0.78349774
0.64494446
-0.21279922
-0.30729496
0.64367152
0.78769300
0.20341977
0.69553636
-0.42655714
0.22397821
-0.64721113
-0.10672521
0.01946972
-0.45008731
-0.62605288
0.25140954
-0.73484293
-0.68984518
0.30719487
-0.42012276
-0.25400956
0.62614449
-0.44764350
-0.24911152
1.00562423
-0.32411012
0.20524444
-0.23059970
0.10809231
0.14812547
-0.44023014
-1.25912155
1.03589056
1.08266927
0.07600524
-0.22884478
0.88713096
0.53179622
0.01583588
-0.60129296
-0.14110387
-0.77912191
0.10990951
-0.49475392
-0.20093928
-0.05893606
0.23761733
0.09856117
-0.71011159
-0.47857744
0.13749789
0.78631564
-0.07795975
-0.52531210
-1.45603472
0.81302755
0.10757047
0.07424715
-1.03251984
0.06376346
0.09362939
-0.29810809
-0.39271036
0.22957780
0.31884816
-0.25184552
0.10590353
0.34426984
-0.29732411
0.62187560
-0.97825404
-0.37341124
0.06486370
-0.18182819
0.13046537
-0.06801269
-0.64495379
-0.10198721
0.00385726
-0.39896194
0.92839615
-0.19904076
-0.08402403
0.51788442
-0.08617820
0.58690752
1.09245093
-0.10480128
-0.21444606
0.32583856
-0.76384374
-0.58552773
-0.22738415
-0.13856935
-0.28625794
-0.00398259
-0.31664710
-0.09316523
0.59242691
-0.47795780
-0.17407895
0.77694998
0.10968745
-0.10178568
0.32023673
0.19228129
-0.16099231
-0.39089879
-0.15208724
-0.57432353
-0.73972833
0.08636769
-0.23682369
0.42554518
0.45279910
-0.61939669
0.23606719
-0.21945550
-0.21047977
-0.49537149
0.03548691
0.54899501
-0.76373455
0.15639792
0.19440132
0.11171157
0.36550573
0.13824688
-0.69542063
-0.93882134
0.12067952
-0.16214326
0.22629388
0.25622860
-0.89953931
-0.90100555
0.13079908
0.28575970
-0.69979619
-0.01845136
0.66445628
1.03898333
-0.24448654
-0.16753532
0.30478115
1.09188996
0.11641924
0.21418818
-0.23810354
0.81231549
-1.04497382
-0.14907189
0.13021941
-0.30573341
-0.12990660
-0.42030916
0.19845835
-0.21878432
-0.46468924
-0.21334233
0.42295330
0.10394349
-0.02020815
1.05190985
1.08012332
-0.27278160
-0.15666458
0.03332493
-0.47121129
0.31870098
0.34698647
0.22108334
-0.34483313
-0.14997243
0.45125550
0.03236264
0.11090828
-0.26460658
0.88319191
-0.47328016
0.04459546
0.01184183
0.53802716
-0.42734937
-0.18635811
-0.04806535
0.19769879
-0.93580350
0.51795976
-0.52664303
-0.28672698
-0.45744899
-0.91399669
0.07781805
-0.66990148
0.02803627
-0.22630135
0.44315920
0.36265966
-0.81783961
0.34810149
0.66273233
0.46883481
-0.11343138
-0.02844597
0.18895584
0.03218801
0.77506292
-0.12562708
0.86256755
-0.37874640
0.68544328
-0.17334764
0.42301501
0.35502330
-0.58770223
-0.09842041
0.27450924
0.30540866
-0.88745577
-0.10251874
-0.22049475
-0.18147748
-0.25033376
-0.24016481
-0.04263720
0.26022675
0.20325990
-0.14980245
-0.66624878
-0.25737687
-1.47048042
-0.65870277
-0.26062725
0.56613609
-0.61983941
-0.14292539
-0.01069497
-0.05673613
0.98159509
1.13380924
0.64376683
-0.09799793
-0.33338468
0.34506817
-0.25434948
0.89851808
0.12762935
0.34466653
0.25814216
0.06016461
-0.65867861
0.60944835
-0.06810771
-0.25644728
0.29414023
-0.17546849
-0.64542423
-0.13696732
0.00575350
0.47639281
1.64837013
0.63713997
-0.93482260
-1.01365611
-0.63465255
-0.17756144
-0.71862380
0.30901013
0.25691393
0.03482865
-0.47592124
-0.13647042
-0.32272818
-0.29643814
-0.75356634
-1.15576385
0.72019256
0.51582985
-0.09308257
0.21877540
-0.08515281
0.60645125
-1.03970514
0.62027009
0.30210611
0.01790992
-0.33275193
-0.58041775
-0.25024635
0.02366245
0.09701674
-0.41936975
0.11354810
0.16994802
0.12964164
0.67104326
-0.22767853
0.43236547
-0.06580740
-1.36148496
-0.03252925
-0.23783813
-0.05402993
1.18692111
-0.01760577
0.08780727
0.22727641
0.47312032
-1.20113074
0.38842556
-0.00529925
-0.03300905
0.87292510
0.09131388
-0.27545275
0.46221771
-0.81194124
0.35911026
-0.01854986
-0.12318317
-1.06455457
0.23838238
-0.00395907
-0.04078764
0.40643993
-0.16388976
-0.46259800
0.05489956
0.13104900
-0.28172535
0.13076482
0.31264218
-0.07021084
0.35014132
0.77482333
-0.04624263
0.31364410
-0.92401861
0.44406245
-0.58441220
-0.04340567
-0.12502449
-0.14907645
0.53797747
-0.78169518
-0.65919637
0.63087458
0.48904399
-0.26212180
0.75221138
0.57797428
-0.64582472
0.20266351
0.36692506
0.69641275
-0.45944471
-0.41298577
0.07374837
-0.33057172
0.33387723
0.99715627
0.18223123
-0.76202737
-0.76696524
0.19627070
0.87745653
0.09296913
-0.45155329
0.39342330
0.76893827
-0.43029293
0.59429244
-0.06857114
-0.38891449
0.46393111
-0.36724476
0.30031673
-0.06156935
0.38700191
-0.20762765
-0.28781851
-0.22009510
0.15308620
0.31049716
-0.28753345
0.71688855
0.37069751
-0.44982991
-0.48879870
-0.83840385
-0.09054992
0.01637393
-0.31640498
0.04988226
0.73595129
1.08706715
0.97111796
0.72078676
-0.05000543
-0.09657712
1.67294529
-0.81320812
0.43592636
-0.43137648
0.52271938
-0.22728397
-0.41189316
-0.38679076
-0.24838140
0.60824838
-1.30668364
-0.26291301
-0.55874159
-0.41989107
0.38010542
-0.71621072
0.56813178
0.07665125
-0.36073301
-0.16334867
0.02508859
-1.10351191
0.00049012
0.64425934
0.05546611
-0.42882835
0.22656893
0.83237924
0.18891165
-0.80317588
-0.48973623
-0.19590864
0.91913004
-0.11909679
0.31526692
0.04833450
-0.51579620
0.03399095
0.14069630
0.12065748
-0.19224101
-0.55273812
0.85944639
-0.47583343
-0.50770503
-1.08253286
-0.27060075
0.58429418
-0.07414814
-0.00694813
0.02870798
-0.57588957
-0.51513730
0.25768056
0.11749624
-0.00551953
0.33851816
-0.93261325
1.04532166
-0.15906634
-0.19052582
-0.23005398
-0.74898212
0.12117048
0.13517293
0.81619683
0.49479459
-0.02484672
-0.77842102
0.57424206
0.12992408
0.68302061
0.28813155
-0.97714352
-0.96211936
0.76317655
0.49096506
0.18191059
0.26731629
1.09943673
-0.33529447
-0.20641971
-0.29481362
-0.22051477
-0.04626444
-0.16279623
0.34029890
-0.80671039
0.23034639
-0.00109933
0.53140607
-0.02162198
-0.32139464
-0.84175973
-0.35354462
-0.36691704
0.36501542
0.28564824
0.99929600
-0.22675860
-0.56519326
-0.23867054
0.10249221
-0.64247840
0.83199254
0.35778946
-0.58479986
0.00585938
-0.09915342
-0.34916543
1.10299296
-0.19122655
0.16958077
-0.30675406
-0.52984689
-0.32123557
-0.46461642
0.67105441
-0.71945153
-1.04609245
-0.14547254
-0.21557512
0.71170516
-0.42638064
0.40064258
-0.47333382
-0.74109252
0.72618720
0.60028525
-1.34208133
-0.08237917
-0.39014408
0.20689520
0.08816489
-0.77739940
0.42269783
-0.27415769
0.15699857
0.66788291
-0.38185253
-0.13360946
-0.72006455
0.85286575
0.14043584
0.68478801
0.44895732
0.37580424
0.17390457
-0.50835566
0.90185099
-0.20567347
0.55215643
-0.02980770
0.46943118
0.09324479
-0.29262210
0.68602524
0.15214775
-0.28381195
-0.59482320
-0.74205100
0.11706142
0.58165135
0.16785463
1.29910039
0.18483332
-0.51997349
0.03124417
-0.27626277
0.14433353
-0.19775470
-0.93529241
-0.23065391
0.00081040
-0.52482322
-0.24218374
0.37246434
-0.03886422
0.63082044
0.14939988
0.30178587
-0.12852257
-0.13182399
0.05269656
0.02202949
-0.25851654
0.13959305
0.04614125
-0.93523380
0.10161671
0.91708888
0.10759594
0.09317194
-0.34328004
0.02061941
0.44557634
0.50975195
-1.07648811
-0.07334716
0.27767109
-0.47697342
0.10878064
-1.12965428
-0.46870062
-0.43507769
0.49783718
0.70218493
0.22112501
0.22743041
0.59547806
0.11906381
-0.73386956
-0.09077645
0.88314851
0.19032715
-0.10496779
0.05208351
-0.18437745
-0.95833076
0.44863111
-1.08853033
0.26569566
-0.67331162
0.23867232
0.24383218
-0.75679805
-0.01376080
-0.46730667
-0.69341886
-0.12994014
0.28070067
-0.45122308
-0.17277043
0.03068217
0.52540376
0.29610658
-0.54684545
0.71226290
0.35209509
-0.23749572
-0.27680271
0.34265982
-0.07627620
0.33534864
-0.01117908
0.30025417
0.13038591
