0.62201665
0.13689949
-0.14371524
-0.28805291
0.31092334
-0.30305689
0.37199156
0.04243957
0.49451816
0.62813798
0.52122591
-0.15928666
-0.46598455
0.28609148
-0.61350365
0.06856174
-0.33522354
-0.35164329
0.07645120
-0.71332134
0.25939915
0.19588939
-0.19197851
0.12762972
0.15844434
-0.04769769
0.05338076
0.76862440
0.77303830
-0.49405151
0.40642770
-0.28199318
0.18137575
-0.06095673
0.22756094
0.38467708
0.10479276
-0.57216574
0.27412129
0.31991493
0.62399712
0.23363170
0.23594692
0.25375566
-0.23465445
0.23976873
0.61413867
-0.11319358
-0.44718088
0.14096045
-0.28190510
0.31528555
-0.27948744
0.50944061
-1.16576097
0.01614703
-0.42045601
-0.55708219
-1.06850762
-0.06530068
-0.13610050
-0.33652724
0.18178842
-0.32880450
0.21610246
0.23406305
1.22315000
0.37496142
0.07590295
0.56201607
-0.07700426
0.49650491
-0.36239278
0.40977624
0.16448470
0.36609741
0.02573240
0.01779061
0.44587702
0.27577283
-0.42782327
-0.77401172
0.10436333
0.09607787
-0.02430021
-0.11510211
0.46071261
-0.53297000
-0.22106771
0.50579996
-0.04039637
0.35437718
-0.17191924
0.05994898
0.37463881
-0.04850720
0.48732975
-0.13616102
-0.26045756
-0.84146005
-0.49927608
-0.65033618
-0.78975002
0.19049946
-0.46394539
-0.36624945
0.09674274
-0.49617946
0.01078887
0.02232175
0.05608399
-0.14211920
0.52180097
0.52243091
0.54380621
0.76018763
-0.19125335
0.35574975
0.20110822
0.73158888
0.70045189
0.23667460
0.32604758
-0.58936788
-0.02553004
-1.13076011
0.70352996
0.12575530
0.17032744
-0.46076720
-0.41673969
0.61843061
0.35091243
-0.00398324
-0.09020252
-0.47933316
0.35264689
-0.44227279
0.13363481
-0.24919972
0.38188610
-1.03909037
-0.59710055
0.51770971
0.20205631
-0.11513951
0.68652506
-0.09321701
0.60536145
0.05568941
-0.39145578
0.20410794
0.08385586
-0.24363189
-0.56197188
-0.42193734
-0.22528895
0.11612533
-0.28922234
-0.34109422
-0.54617120
-0.28990034
0.05378198
-0.99695038
-0.00553775
0.28904134
0.10683798
-0.93229653
-0.22947205
-0.00015236
-0.12689181
0.13002032
0.48066746
-0.00406158
-0.64441195
-0.73793637
-0.08402249
-0.24081847
-0.42679838
-0.16050351
0.27910661
-0.89517738
-0.07915483
-0.11426809
0.45751082
-0.43737505
0.06838597
-0.83265786
-0.26169621
-0.21395432
0.04156590
0.34938097
-0.11497416
0.09009002
0.23486949
0.37836460
-0.08477397
-0.36929905
0.10320956
-0.31397752
0.74277707
-0.83497455
-0.75656555
0.32165391
-0.69834034
-0.12335092
0.05288531
0.45776105
-0.57009111
0.86838380
-0.14370828
-0.55805984
0.08708645
-0.49120726
-0.54996848
0.46769511
0.25931741
-0.42907680
-0.65065565
0.26558497
-0.31250148
-0.20527240
0.14033555
0.06165988
0.41593300
0.49340410
0.57782380
0.18506154
0.88732314
-0.02839645
-0.27355291
0.07990113
-0.46792795
-0.51495622
0.28550723
0.24456631
0.10753892
0.45524609
-0.68955965
0.46912504
-1.08215397
-0.18788377
0.67526241
0.63378202
0.26658018
0.36022976
0.24122860
-0.57529971
0.50600204
-0.24352592
0.17794559
-0.44072603
0.09408152
0.05092242
0.21632101
-0.01486177
-0.21527328
0.06689685
0.29570033
0.01976167
-0.38686583
-0.61590790
0.28517908
0.02422978
-0.11891001
-0.09091874
0.68967827
-0.30559485
-0.11367073
0.01326622
-0.12117446
1.07476347
0.42457436
0.15862265
0.28408405
0.60671407
-0.30516596
-0.16566651
-0.20955989
-0.32924075
-0.16525829
-0.01835060
-0.74972418
0.24331395
-0.07726031
0.23048026
0.47829169
-0.01205025
-0.10844949
0.21212312
-0.39636769
-0.48136213
-0.06508638
-0.34398339
-0.74018115
0.62119053
0.33558742
0.14622912
-0.29577037
0.62698200
0.34213274
-0.88751549
-0.25713938
-0.40658166
0.41940859
-0.52631261
-0.18717884
-0.39378377
0.84678121
0.00777820
-0.02584013
0.10879695
-0.21934501
-0.22613406
0.38051244
0.50875034
-0.01135356
0.02725395
-0.08275967
0.44562789
0.27996105
0.24087103
-0.39905822
0.08082242
0.01136819
-0.57183023
0.55289900
0.91995775
0.13318030
-0.30649309
-0.37177463
-0.01900517
0.11052643
-0.52073457
-0.67712547
0.31390142
-0.22192757
-0.37611340
-0.56983014
-0.07543727
-0.18195969
0.77657270
0.33935767
-0.26673483
-0.26029995
0.25468872
-0.12398033
-0.69020160
0.41760104
0.40307577
-0.57170723
0.25121079
1.04748686
-0.44746056
0.15268285
-0.04458864
0.01976106
-0.81845151
0.49058219
-0.04651978
1.09253206
0.13428805
0.45490429
-0.33346237
0.59747129
-0.42072084
-0.17881585
0.31411519
-0.11709456
0.55200879
-0.25954312
0.24678659
0.22683070
0.58115291
-0.02910567
-0.12245750
0.51038789
-0.38756762
0.98858283
0.52270190
0.18695713
0.47539875
0.77665622
0.57202729
0.35616549
0.11632025
-0.31030413
0.09821490
0.39154962
-0.06972925
0.64961629
-0.31906401
-0.32452192
-0.45133987
0.36222214
-0.48211544
0.04146130
-0.00357755
0.11452237
-1.15744747
-0.05015782
-0.05465840
-0.07920243
0.17700615
0.81915145
0.40161772
0.44121488
-0.48218563
0.48057376
-0.12263675
0.07530602
0.23422894
-0.08419524
-0.49538614
-0.13112819
0.13142291
-0.23619158
-0.57398063
0.49128654
0.24746766
-0.01696923
0.31713409
1.12665779
-0.55764814
0.27555694
-0.89824607
0.23098744
-0.12344585
0.33837602
-0.61541704
0.40507826
-0.14920939
-0.19806980
-0.94000876
-0.30259561
-0.19690924
-0.20811643
0.67851985
-0.06524271
-0.38605702
-0.12012198
0.27811939
0.21808199
0.76115195
0.27819102
-0.04243687
0.06999109
-0.37014514
0.26688790
-0.22792893
-0.08423876
-0.29058462
0.08183103
0.50784702
-0.04377224
0.28262968
0.46911446
0.70406762
-0.24733360
0.10843695
-0.12878868
0.38082493
-0.21998104
-0.09318085
0.08564282
0.11010887
0.37320595
-1.10622493
-0.24225022
-0.54712564
-0.17528487
0.39657477
0.31352619
-0.27747615
0.41692453
-0.10693188
0.13309966
0.32650899
-0.28997649
0.44618825
-0.22126962
0.26534235
-0.31668703
-0.16049723
-0.49907172
0.39774698
-0.68622069
0.10569582
-0.56416704
0.29966354
-0.31106451
-0.65988958
0.26018680
-0.40280974
-0.42459914
0.40352714
-0.41223667
0.20703108
0.01299026
0.27511869
0.17604045
0.22200108
0.39525582
-0.97730891
0.24634604
-0.16656560
-0.67880257
-0.68520322
-0.02117115
0.00212564
-0.29213946
0.89631952
-0.80141846
-0.24248271
0.65191046
-0.32717323
0.39657433
-0.10610353
-0.08592683
-0.73902812
-0.23750977
0.48010993
0.52064156
-0.31735595
-0.13298008
-0.04552614
-0.47937746
-0.82955493
-0.26997616
-0.31386008
-0.09619215
0.43463766
0.10226822
0.00847174
-0.37652692
0.26365118
-0.31497194
0.30318443
0.03550474
0.37045723
-0.41257623
-0.67815666
-0.54982220
-1.03612423
-0.34633709
0.18227657
-0.06977306
-0.42602880
-0.01772688
0.22398504
-0.04534002
0.45374937
-0.12385773
-0.55343102
0.47093515
-0.53059736
0.28627099
0.31998252
0.06243463
-0.61381487
0.70429849
0.27611012
0.71539126
0.35273770
-0.04767079
0.40828989
0.06570350
0.14014008
-0.05485825
0.42179762
0.02198148
0.02094385
0.56514540
-0.54355623
0.36720576
0.43764812
0.78427282
-0.20992682
-0.85252855
0.74022435
-0.43118067
-0.16090961
0.26148604
-0.03054380
0.50166641
-0.05539431
0.80808859
-0.37841341
0.33696973
-0.08170405
0.25522153
-0.73880434
0.37746562
0.28006770
0.00101826
0.73180670
0.79378532
-0.46918828
-0.58273713
0.77195915
-0.26218157
0.74277371
-0.20464553
0.50900890
-0.53476919
-0.38386755
-0.35662654
-0.28989000
-0.00118140
-0.73975260
-0.90613319
-0.73192864
-1.38578192
-0.93795098
-1.27557128
-1.33868884
-1.23327312
-1.76754754
-1.07289912
-0.91759892
-0.89891415
-0.94408590
-1.31621038
-1.39838211
-0.49397505
-1.06286455
-1.03372061
-1.11302218
-0.60449527
0.51266050
0.60863753
0.55543735
1.40315606
0.93063504
0.43690981
1.44866262
1.94111868
1.29372061
1.24445358
1.06464592
1.80977338
1.69371078
1.11704620
1.74622513
1.24955454
1.58483303
1.35856626
0.82698786
1.30165699
0.64675034
0.66869728
-0.00434409
0.39450780
0.35454574
0.18016151
-0.46958790
0.41238109
-0.23710620
-1.09111723
-0.76994319
-1.08907734
-0.81116913
0.14872617
-1.70183666
-0.81319364
-1.09111711
-0.57281465
-0.31910325
-0.97386614
-1.62507250
0.13661991
0.71515591
-0.80900571
-0.56357161
-0.35861141
-0.86013086
0.00442006
-0.56272408
-0.11241097
-0.21235010
0.59888847
-0.71145126
-0.16346055
-0.00534955
0.20817084
0.70317590
-0.76535499
0.03702901
1.11848509
-1.05374141
0.15597239
0.52870141
0.76758600
0.20098413
0.55333091
-0.16331882
0.73549771
0.45284028
-0.12139704
1.10261768
-0.57883661
0.47508981
0.07438394
0.09966888
-0.25008805
0.26935117
-0.04354694
0.13807136
0.65005624
0.18327525
-0.15408412
0.16639858
0.68858312
0.16369947
-0.52655964
0.11543094
-0.52142443
0.49455527
-0.12968973
-0.57688365
0.37709471
0.02130020
-0.17049327
-0.20871979
-0.21683919
-0.02223384
-0.43539045
-0.59341270
0.12122658
0.56678288
0.11973291
-0.13625606
-0.75631657
-0.13172454
-0.87233677
0.37215557
0.11841698
-1.40546000
-0.36669451
0.64583551
-0.70802829
-0.39954535
-0.92383644
-0.19304937
0.74523231
-0.46667499
-0.06807460
0.28572495
0.37793660
0.04658747
-0.65624378
-0.60325999
-0.21978258
0.15669328
0.41358667
0.76812237
-0.84950258
0.03952256
0.24728352
0.61885599
0.17496166
0.03581896
-0.17084633
0.31272986
0.41190792
-0.15892989
0.07452943
0.52599669
-0.04868806
0.41254997
-0.21221706
0.60867542
-0.08803738
-0.32001347
0.43951798
0.27092021
0.25083472
0.08771367
-0.05438295
-0.28899348
-0.01431342
-0.14015194
0.46229829
-0.13069786
0.52263853
-0.17417157
-0.01851964
0.12652758
-0.25233447
0.99816117
-0.12326363
-0.69103748
0.41162270
-0.70754658
1.17381570
0.53797433
0.06670513
-0.94497764
-0.25311379
-0.13980529
0.34960487
0.48206513
-0.28418074
0.17156547
0.36881033
0.13186611
0.02374195
-0.40213736
0.32189302
-0.02003839
-0.41132558
-0.19956491
-0.19726969
-0.05664764
0.13930299
0.76113060
0.15197439
0.05001427
-0.41568316
0.22569125
-0.01867787
0.19114652
-0.51702212
0.48096068
0.16276352
0.53783660
0.00051071
-0.28735075
0.13143435
-0.24702896
0.32582399
0.68858301
-0.06301243
0.13477412
0.07865033
-0.14740516
-0.45660531
0.02416703
0.02796254
-0.31208146
0.16905265
0.11228696
-0.03090055
-0.14766134
-0.19394984
0.45639120
0.31357746
-0.30166511
-0.53199661
0.01073126
0.00330895
-0.01322933
-0.30920767
-0.10826933
-0.43111707
0.07870315
-0.21024841
0.55202951
0.34873116
0.35847445
-0.65993284
0.15298024
-0.59165814
-0.24941703
0.25176340
-0.42105049
0.77609151
-0.49382055
-0.36410625
0.00269447
0.61275674
0.30979046
-0.20242377
-0.73954787
-0.26993045
0.42792596
-0.55816568
0.25019597
-0.01974309
-0.08378229
0.80584565
0.49208177
0.16738957
0.03729275
0.48075225
-0.39555244
0.06490717
0.47701967
0.22702507
0.00255719
-0.88141661
0.10537087
0.29947449
0.42473780
0.60430632
-0.87013975
-0.25746761
-0.91046243
0.54477686
-0.21399384
0.48408772
0.04344194
-0.08428409
0.11074367
0.39763787
-0.40395588
-0.29284789
0.47560845
-0.47126498
0.43232413
-0.17502250
-0.74377635
0.53378241
0.46618800
-0.37208424
0.42035547
-0.11970996
0.67317136
-0.03300657
0.30752981
-0.52099185
-0.40357659
0.27490480
0.92125561
-0.62071872
0.55178300
-0.50579453
0.05124770
0.28223189
0.35398559
-0.40935702
-0.39850623
0.70121878
-0.05142220
-0.36137491
-0.19973331
-0.13201080
-0.15985572
0.26114185
-0.99611902
-0.05845600
-0.50071013
-0.75672400
-0.35945792
0.65377146
0.46725663
0.28734080
-0.72230216
0.16972046
-0.31224908
0.17962551
-0.39211112
0.21628640
0.01811991
0.05602790
0.85378056
0.40266514
0.16125299
-0.19897223
0.39018718
-0.04251572
0.02961158
-0.29640754
-0.37446709
0.73588488
0.69640166
0.00211816
0.03404430
-0.11380578
-0.21056598
-0.15780859
-0.12733415
-0.09156379
-0.32420427
0.21678451
0.19172420
0.10489348
-0.00862346
0.08860012
-0.14232696
0.21045890
-0.08054182
0.32663516
-0.91525958
0.28067475
0.67925581
0.91130827
-0.54842716
0.16650727
0.25150770
-0.29685432
-1.03706445
-0.35937322
0.37585413
0.00922671
0.01957109
-1.25391928
-0.32076331
0.41487021
-0.65435895
0.25510622
-0.12261373
-0.02763668
0.25700941
-0.34801543
-0.45702351
0.65050932
-0.18147432
0.20971042
-0.11681827
0.11376783
-0.43091455
-0.43469179
0.40842620
-0.07912338
-0.16934602
1.26994535
0.37566484
0.28071389
-0.96456025
0.32178259
-0.72566515
0.05835463
0.36307150
0.37888340
-0.06848148
-0.71442499
0.35319613
-0.46913093
0.26570483
0.16613112
-0.08541967
0.20045385
-0.00830156
-0.78133262
-0.83169151
-0.64390893
0.14094654
0.06781496
0.31159762
1.17264452
0.58540787
-0.36747908
0.10700357
-0.31973428
-0.45316190
0.01011625
0.67399960
-0.09771162
0.00375308
-0.71235351
-0.11623003
0.09758178
-0.44251740
0.04260360
-0.09308823
-0.22066168
1.68513581
0.90161168
0.18567291
0.38188397
-0.28864904
0.18387596
0.21767383
0.23108623
-0.47457126
0.61444091
0.25209631
-0.03663991
0.56085999
0.06373139
0.44643176
-0.75922418
0.89279428
-0.26648509
-0.16337403
-0.52700025
-0.85575635
0.09871944
0.24188193
0.01217476
0.72973152
-0.20710850
0.02908842
0.11689689
0.72952653
0.08400064
-0.46785737
0.97171844
0.07723185
-0.28083136
0.08041462
0.31669125
0.67338420
0.24650619
-0.07093943
-0.48531980
0.31398652
0.64681616
-0.16089461
-0.27345063
-0.56851777
-0.42165773
0.25970547
0.02251275
0.63756301
1.18140401
-0.33237854
-0.18194706
0.07595386
0.20914206
0.00496736
-0.10711985
0.03337035
0.09943192
-0.05393679
0.67579416
-0.09068104
-0.17275070
0.14062963
-0.81577138
-0.08281271
-0.32500749
-0.04254437
-0.05502827
-0.65184219
0.04202958
0.02650917
0.40899133
0.71583559
-0.30621180
-0.14221668
-0.01978062
-0.27385771
-0.19212317
-0.53484691
0.14865615
0.70956655
-0.17716968
-0.50005838
-0.47227488
-0.12976031
-0.18050081
0.38608002
-0.40136014
0.26116432
-0.10024650
-0.65623473
-0.26916317
-0.29953831
-0.36397853
-0.48914702
-0.65892442
0.15298456
-0.18170532
-0.25240532
0.26110677
-0.33817110
0.14057239
-0.70108534
0.17943596
-0.06673181
-1.01366965
-0.09432804
-0.18241954
0.95355302
0.71178753
0.13170488
0.15274215
0.15237084
-0.58200332
-0.58427429
0.61050366
-0.42207884
0.68230669
-0.03617605
0.09441085
-0.33112383
0.60189259
0.20726480
-0.38399923
0.30492008
-0.05311313
-0.41102300
0.21684608
0.14845809
-0.20795510
-0.72772935
0.03509397
0.00771636
-0.25749099
-0.62136323
0.71852481
-0.62854260
-0.40350128
0.02975747
0.67858050
-0.66073806
-0.22573893
-0.11914449
0.27102031
-0.00613785
0.52213856
-0.25957121
0.00394509
0.58190459
-0.01701466
0.49721073
0.15602477
0.47536593
-0.53192903
-0.09798020
-0.06904008
-0.72198181
0.78533473
-0.98194233
-0.24849592
0.25716194
-0.29066270
0.14733157
-1.16413121
0.19539243
0.05441813
0.29510021
-0.06761378
0.13145070
-0.30691509
-0.48622662
0.23947865
-0.57209330
-0.07003265
0.38595043
-0.43268634
0.39712007
0.14007409
-0.27409758
0.03791992
-0.14149124
0.37053625
0.09239264
0.28862448
-0.11431969
-0.04780329
-0.14605034
-0.13591719
-0.89707541
-0.73795426
-0.50624462
1.33635494
-0.09502461
0.28674729
-0.08052063
0.43019689
-0.12411383
-0.97827720
-0.02144770
-0.65504100
-0.00755933
0.32903672
-0.12515288
-0.18537478
-0.53355995
-0.48782043
0.28784190
0.07332689
-0.06274558
-0.73372177
0.10239950
-0.14748480
0.16266092
-1.09347077
0.61861249
0.20965447
0.18729991
-0.59533375
0.09597816
0.07944004
-0.01416583
0.20130477
-0.22488169
0.14094870
-0.13253625
-0.71135762
0.94713369
-0.30720562
0.44027021
0.21260916
-0.27202403
-0.14344312
0.66934717
-0.41516338
-0.80390372
-0.11983296
0.24626677
0.20650265
-0.08192730
0.36396306
0.51507871
-0.33715778
0.08226738
-0.65226950
-0.09270797
0.26507148
0.42257563
0.23505457
0.43074460
0.26875076
0.27809188
0.37791653
-0.35493734
-0.14715533
0.13209029
-0.32504908
-0.63832006
0.21217278
0.22371357
-0.26131021
-0.35270292
0.66740490
-1.10012735
0.70313177
0.20748511
0.14253874
0.09041909
-0.66426243
0.66988954
0.09608327
-0.52001015
0.22030589
0.42242502
-0.07055784
0.35858044
-0.04251127
0.02796593
-0.20958488
-0.06743310
-0.42667866
0.33782745
0.45895719
0.35801685
-0.17595207
-0.50478039
-0.02437337
-0.42258005
0.04010678
-0.17848461
0.52923352
0.03469907
0.61476385
-0.46095023
-0.38694526
-0.08159769
0.09398638
0.31827077
-0.13172358
0.06206965
-0.54571458
0.36251144
0.33007919
-0.06515500
0.24042217
-0.29682608
-0.26771133
0.72526158
-0.17008330
-1.28860162
-0.12320676
0.23299984
-0.15472530
-0.67700259
-0.92290781
0.02780109
0.76258691
-0.64274686
-0.42301466
-0.34241357
-0.31488240
0.45776905
0.13992085
0.22447558
-0.25279938
-0.74989343
0.55848643
0.46586363
0.18858828
-0.10938597
0.14742773
-0.12899232
0.17411726
-0.20911154
-1.26011901
0.86677425
-0.60727956
-0.15044359
0.03066427
-0.04838575
-0.41030136
-0.09447416
0.20644124
-0.36558236
-0.42834043
0.85777427
0.05096454
-0.16453028
-0.05203023
-0.09635126
0.13589153
-0.01582251
0.39233126
-0.27560457
0.13061091
0.01810280
0.17214352
-0.51896420
0.78060150
-0.08847550
0.08422758
0.90213683
0.65059730
-0.36701613
-0.35748045
-0.37601717
-0.30229441
-0.94326783
0.52755554
-0.02528843
0.62288894
0.05843243
-0.65847798
0.38440696
-0.35277319
-0.30925899
-0.11855142
-0.19189192
1.25020817
0.54143083
0.10550495
0.50954379
-0.51408955
0.01736161
0.21654435
0.45156292
-0.04400941
0.28340573
0.36763448
0.14398389
0.09418012
-0.23582483
-0.50764740
0.10934517
-0.00813062
0.18559130
0.24602509
0.08011870
-0.32905595
1.12392322
0.68853890
-0.28894669
0.57220595
0.13115282
0.30280941
0.29463171
-0.16371237
0.36653311
0.35378959
0.34089274
-0.37120407
1.01421479
-1.03158707
0.13308045
0.58517805
0.19784312
0.23246919
0.33296998
-0.23771015
0.14520004
0.26339367
-0.30925255
0.21689901
-0.50326903
0.43934437
0.21875282
0.08225826
-0.07104420
-0.39569560
-0.13230607
-0.11475703
-0.35965748
0.66397842
0.42390472
0.28000684
0.35456856
0.43714677
-0.10879924
0.15210499
0.21118974
0.46646696
0.31631557
0.60970164
-0.00231641
-0.21095218
-0.63989746
-0.10699186
0.19451991
-0.05945850
0.60215618
-0.31011774
-0.19082456
0.34072375
0.42388952
0.80282247
0.06013728
0.24729019
-0.41856297
-0.40555753
-0.08059490
0.22634579
1.19040941
0.50986191
0.03943430
0.04294272
0.79442829
1.17096319
-0.47016797
0.08895228
-0.34401500
-0.42963465
-0.27305512
0.32725008
0.53573753
0.07858159
-0.21241887
-0.78223140
-0.74381709
-0.36871478
0.47578269
0.58444613
-0.26575848
-0.06124907
0.41432083
-0.17022259
0.11257858
-0.46596835
0.24897615
-0.08326759
-1.17696788
-0.02475917
-0.26110112
-0.27176318
0.28857351
0.01998941
0.01059618
0.52719390
0.16800143
-0.21823938
0.03963321
-0.01129851
-0.32978434
-0.64011973
-0.39777800
-0.62056535
0.02179521
-0.20312510
0.41810386
0.02377925
-0.08236662
-0.47703196
-0.35447677
-0.73638965
0.58827156
-0.38538364
0.53743468
-0.17689936
0.39558678
0.62808228
-0.07571749
0.50101052
0.82977022
0.53284090
-0.37724216
-0.19877737
1.06891185
-0.00027413
-0.23012295
-0.27627061
-0.06982197
0.61234810
-0.30347673
0.18485793
-0.20076748
0.36022158
-0.15886674
0.89140193
-0.18529921
0.57119796
-0.08744769
0.24178404
-0.20236372
-0.24882094
-0.30578090
0.18209841
0.49893368
0.14583567
-1.86117694
1.39553616
-0.45800534
0.27243971
-0.59066475
0.01696426
0.01293754
0.06384289
-0.02119115
0.57328817
-0.01929067
0.08036394
0.20586870
-0.29338702
-0.00790169
0.06893476
0.12666285
0.49417573
-0.72689695
-0.35884762
0.71492264
-0.25155785
0.23844598
0.52823204
0.20550652
-0.24741951
0.03263144
0.36273038
0.32973542
-0.25274622
0.79611514
0.50227284
-0.65166578
-0.29812260
0.12086751
0.15712327
0.39042345
-0.23940760
0.56744934
-0.11895064
0.53061562
-0.06981824
-0.96273810
0.02837816
-0.67991050
0.12515195
-0.64733705
-0.55824495
-0.21101401
-0.31791490
-0.52127899
-0.43809945
-0.29759196
-0.63478655
0.13301352
0.12829516
0.55714830
0.04097620
-0.00443733
0.49734090
-0.62532429
-0.20641880
-0.32830477
0.65941104
0.01227598
0.79096584
-0.29185923
-0.12168238
-0.19203769
-0.51484335
-0.11919526
0.06943228
-0.15524994
-0.91832931
-0.19155435
0.47902635
0.37086150
0.05290652
-1.15490138
-0.07068248
0.58545416
-0.09538057
0.14985810
0.20746702
-0.10796272
-0.20909220
-0.55451192
-0.20031123
0.53442207
0.24096009
-0.61835166
0.52062259
0.58919338
-0.78305817
0.22352966
-1.09163272
0.11376282
-0.01083159
0.46909886
-0.29330776
0.38981222
0.25850282
-0.07022697
0.29496377
0.60012518
-0.60311427
-0.75231741
0.06986170
0.13349612
-0.27106630
-0.83236241
-0.32923770
0.48411683
0.29100047
0.20564345
-0.03380358
-0.36821310
-0.59079056
0.43474638
-0.40114869
-0.30558232
-0.66382782
0.53428086
0.29743979
0.12776606
0.14402760
0.59046615
-0.26896089
-0.61369308
-0.62958585
0.12256756
-0.55339684
-0.20634027
0.27670746
-0.21443042
-0.04954465
0.29038430
-0.08239766
0.09293795
-0.02695197
0.14836092
0.32419192
-0.22423653
0.11065187
-0.12071368
-0.26048194
-0.24951126
0.09825652
0.28811280
0.00694569
-0.07599088
0.26604512
0.44023289
-0.05421148
0.60733905
-0.63694893
0.49500115
-0.26821350
0.17191476
0.53184005
-0.03630014
-0.01726009
0.16006700
-0.02713066
-0.01252847
-0.00002783
0.48752048
0.46491929
-0.25165416
-0.04956414
0.49392688
-0.19822296
-0.37963290
-0.10082273
-0.08571456
0.00870676
0.66652186
0.11261241
0.02334495
0.03976753
-0.01959273
0.46821561
-0.14206451
0.24774730
0.24223799
0.27906353
0.40354949
-0.19823746
0.77901979
0.21099042
-0.18688116
0.16982474
0.98370072
-0.42522526
0.56430224
0.12400396
0.31377510
0.05667929
-0.17268728
-0.17134715
0.57629071
-0.61387174
0.32435854
-0.44271775
0.10746594
-0.03969559
0.97651715
-0.54437046
0.11530995
0.08879320
-0.85849953
0.00113360
0.15903827
-0.07502264
-0.09213344
0.16354636
-0.87500198
-0.04388289
-0.73019604
0.54740208
0.26085350
0.25498729
0.11694629
0.85771989
0.25496665
-0.27472939
-0.47844230
-0.66924328
-0.11644963
-0.32167631
-0.17223246
0.72263248
0.21729548
-0.43170526
-0.42559569
0.45848034
-0.45417243
0.53060732
0.31913671
-1.10978422
-0.00725594
-0.38277393
-0.52105270
0.74629510
0.25797301
0.05988584
-0.09019699
0.05399173
-0.04500425
-0.00595956
-0.48975978
0.01402189
0.21189966
0.41104586
-0.38532325
-0.26211831
0.50242925
0.51055112
-0.27730863
-0.18361287
0.26232853
0.19337135
0.22413031
0.39046139
-0.06944399
0.18102343
0.04925766
0.60414187
0.86864026
-0.24708206
0.19016197
0.11312954
-0.18045371
-0.56530208
-0.15416885
-0.23004692
0.29387222
0.33467850
0.17179837
0.68117386
-0.55548137
-0.16215483
0.32472250
0.74371018
0.80302802
-0.35430548
0.36577585
0.43467993
0.36039935
0.22670912
0.27231190
-0.10172574
0.47230243
-0.28930679
0.03731458
0.58573347
-1.04328676
-0.39388573
-0.04340664
-0.13052727
-0.10009596
-0.16405366
-0.79857894
-0.23686538
0.13629768
-0.49086804
0.18486002
0.51437244
-0.15349613
-0.85971290
-0.49210544
-0.30453507
-0.54893645
-0.28800120
-0.00286376
-0.27747458
-0.38557030
0.27492795
0.10060685
-0.12779938
-0.43236441
0.46412784
0.08450966
0.08955676
0.07235847
-0.01010180
0.32329706
-0.08391835
-0.33552550
-0.26038393
0.24628377
-0.66438059
0.61457545
-0.14561554
0.00586394
0.37316126
0.08652280
0.37872758
0.47281191
0.79396019
-0.07646379
0.04172805
0.25006758
-0.55750236
0.09741450
-0.26006713
-0.21892683
0.07800927
-0.84636704
-0.70527306
-0.13921362
0.21344506
0.82098633
-0.31763158
-0.51266898
0.08028638
0.39262900
0.28787042
-0.39256159
-0.33102096
0.05558788
-0.00303701
0.40769663
-0.21992262
-0.06798014
-0.49999335
0.13294666
0.69074298
0.18105976
-0.39654485
0.23361589
-0.55193956
-0.16998500
-0.47855758
-0.83786908
0.45996159
-0.29432161
-0.14067867
0.54590446
-0.73643527
0.39504794
0.40084899
-0.27108474
-0.68118947
0.26791390
-1.29457384
-0.06541722
0.77185486
-0.12065161
0.12043873
-0.08739761
0.48784726
-0.33898717
-0.42180578
0.45687607
0.39770266
-0.52163294
0.42113050
