-0.19899912
-0.04237856
-0.79147618
-0.23432230
-0.05661731
0.73631504
-0.16474996
-0.05945285
-0.04349227
0.34250912
-0.20845393
-0.93565186
-0.00040734
0.60516065
-0.70471261
0.12127551
0.16495278
-0.02299603
-0.37179951
-0.09045627
-0.25411973
0.20441033
-0.13162336
0.40621841
-0.07759171
0.16194501
-0.24140157
-0.11242366
-0.54954878
-0.35384924
0.33010601
0.14483190
0.28805486
-0.21110585
-0.19877256
-0.39131327
0.10571334
0.45792115
-0.42051261
0.26869741
-0.11791520
-0.30468291
0.08814571
0.80064101
-0.43741597
-0.13614647
0.37760956
-0.40377724
0.10327754
-0.13998595
-0.22865113
-0.27401133
0.21845816
-0.15075770
-0.37954981
0.11301725
0.29676171
-0.33273700
0.23255430
-0.40097428
0.42332103
-0.48322593
-0.16016747
0.25277545
0.21706830
0.27237423
0.55449257
0.43398941
-0.50357625
0.78154611
-0.14237967
0.55482772
0.54579037
0.05916536
0.27654254
-0.25241038
-0.75320434
-0.28561805
0.17769928
-0.74757803
0.73348608
1.11383816
0.35647296
-0.19237300
-0.02879539
-0.18153418
1.09943796
0.10079860
-0.16774247
-0.30118806
-0.14405977
-0.44028327
0.44619095
0.44569334
-0.51208132
-0.20526185
0.31760233
-0.34381563
-0.47897822
0.25492892
-0.25285217
0.25405515
0.49841216
-0.54309305
0.34573288
-0.16615376
0.20261444
-0.52392000
-0.25314732
0.58797375
-0.13273218
0.14141619
-0.00148607
0.06438205
0.85435690
-0.24991825
-0.18155848
-0.30745406
-0.99202284
-0.56294495
-0.62381552
0.10869206
-0.63592131
0.02160400
0.90811919
-0.34498054
0.57214318
-0.03602527
0.21290108
0.13117694
0.20836122
-0.44301201
-0.45287820
0.19772568
0.56550808
0.24835821
-0.21341430
-1.21255413
0.24014681
0.48799911
-0.25796147
-0.81223741
0.37236921
0.64230164
-0.37654282
0.14577624
-0.13259786
-0.21790110
0.00554849
-0.83358835
-0.11437406
0.47405840
0.19333922
-0.09014539
-1.01638844
0.71787319
0.14192791
-0.14164816
0.75185741
-0.00955622
0.20461871
-0.46377913
-0.29882955
-0.21165206
0.67196461
-0.32899241
0.14441732
0.03344402
0.00538402
-0.28394620
0.09353472
-0.37446867
-0.21730837
-0.05164344
0.22186701
-0.05565795
-0.28365528
-0.02208381
0.31407778
0.30067235
-0.07513021
-0.33368867
-0.20280215
-0.29452344
-0.25052566
0.47074778
-0.56193514
0.82955515
0.07614188
-0.27280842
0.44659520
0.19525450
-0.29212174
-0.17225837
0.25105239
-0.20745586
-1.00373617
0.43384159
-0.05339760
-0.13041850
0.15641314
0.38991496
-0.73573558
0.74499450
0.14910817
-0.13856055
1.04703659
0.96436230
-0.38955994
0.36259054
-0.91865116
-0.59329146
-0.29214481
0.09986789
0.22138530
0.06242106
-0.64582631
0.94774908
-0.65276066
-0.30242948
-0.23216296
-0.87782493
-0.36599336
1.08579825
0.16875008
-0.47751719
0.19032941
0.13006621
-0.83885609
-0.80105788
-0.79792161
-0.19275469
-0.14947287
0.72466182
-0.51179086
-0.14142407
-0.23916470
-0.71843453
0.48562777
0.21109741
0.09489242
0.27869218
0.08711663
-0.09537858
0.33284650
0.08561872
0.11080236
0.34764416
0.22498101
-0.45941291
0.09354569
-0.41181457
-0.67858053
-0.52746485
0.14899651
-0.88504568
0.23911748
0.04862779
0.10366520
-0.01878182
0.40702980
0.32635235
-0.24453724
0.05885310
-0.31621402
0.24823867
-0.27112500
-0.67456120
-0.19868790
0.18560314
0.23267214
0.34512869
-0.44572239
0.07744607
-0.04345990
-0.57383909
-1.34616053
0.09045938
0.32296109
0.07095190
0.17400617
0.16562443
0.12362397
-0.38366351
0.11702317
-0.08206634
-0.58446835
0.26455545
0.16698653
0.49770820
-0.73138149
-0.19798860
-0.29478258
-0.57808023
0.05677488
0.49840971
-0.46177732
-0.04388382
-0.10710284
-0.43036646
0.84239367
-0.24853243
0.57856791
-0.46892564
-0.11659522
0.07972347
0.16623010
0.15177725
-0.50803910
-0.13159483
-0.03356832
-0.44884084
0.48652060
-0.45730365
0.10465503
0.58491402
-0.06476801
-0.52425363
-0.47441859
0.05848423
-0.00033336
-0.45457350
0.15842468
-0.19763614
0.29612396
0.13199686
0.10967796
-0.57801106
0.11434103
-0.32119787
-0.16897848
0.07859981
0.27491763
0.34187452
0.20012943
0.76824041
0.11154889
-0.76838839
-0.10617044
0.31510400
0.38680317
-0.38771461
0.26991168
0.75485301
0.34328587
-0.11420708
0.17697154
-0.21197641
-0.05921428
-0.13596506
0.12083449
-0.52051367
-0.51813949
0.40120896
-0.36028374
-0.00630197
0.16824179
0.14586077
-0.43549280
0.64294265
0.07109192
-0.35731788
-0.00712553
-0.17613965
0.02644865
-0.01413525
-0.12489406
0.02651338
-0.04267127
0.56436009
0.42724933
-0.61296201
-0.01465314
0.31359232
-0.08000533
-0.05355883
-0.08934924
0.02459240
-0.24552238
-0.49326245
-1.25033135
0.37687239
0.37070355
0.70939626
-0.41546932
-0.34282984
0.05109489
-0.33907504
-0.57557270
-0.36126214
0.40242720
0.23225578
-0.75986902
-0.22245287
-0.47959438
0.77850733
-0.19699544
-0.65391450
-0.22958103
-0.62455939
-0.01538669
0.66095416
0.53821572
0.29927940
-0.20807755
-0.32113410
0.25900864
0.59227747
0.72554379
-0.34097588
-0.45822129
0.26370022
-0.03069011
0.20838803
0.12511720
-0.03790639
-0.11225604
-0.20481507
-0.16001864
0.08540993
0.09244133
-0.03572450
0.30785230
-0.91735013
0.19223550
0.45892774
-0.74081753
-0.27380027
0.33894811
0.48144688
-0.07179110
-0.02261115
0.06375094
0.36895405
0.67709349
0.40552920
-0.52967208
-0.52558923
0.14621838
0.03625807
-0.39898808
0.51325348
-0.85654176
-0.20769429
-0.53328896
0.01532046
0.04811661
-0.17835814
-0.44961761
0.05873561
0.52433686
0.07373578
0.38025149
-0.49140679
0.28075169
-0.02161399
-0.10016900
0.41152638
-0.07902120
0.05364738
-0.52822093
-0.20759988
0.97330705
-0.48704023
0.06829168
-0.42684596
0.33703845
-0.03901962
-0.00537727
0.43787623
-0.58467909
-0.29322532
-0.42237890
0.34999673
-0.36387063
-0.55683693
0.74321195
0.43933192
-0.60092442
0.34017547
0.07058498
-0.04075098
0.12579264
0.10462408
-0.41605291
0.25767764
-1.22314457
0.35688331
0.65627963
-0.27761780
-0.41869798
0.11761331
0.26217107
0.20120417
-0.31539205
0.07710019
0.29907549
-0.03079198
0.08252215
0.26390939
-0.71667298
-0.73178998
-0.37831821
-0.84553828
-0.05125348
-0.46978311
0.87112084
0.37501367
0.01787272
0.14331817
0.68622780
-0.01090270
0.47984721
0.24330306
-0.28263006
-0.19343755
-0.01476433
-0.27685247
0.10591213
0.28575596
0.35368850
0.15367087
0.05661769
0.04295050
0.12508842
-0.67539766
0.07431610
-0.69631435
0.30976908
-1.18387642
-0.34375881
-0.40390887
0.56521748
0.26246149
-0.02166249
-0.30539738
-0.05731839
-0.47016748
0.02512838
0.98916514
-0.86968597
0.20261082
0.24156366
-0.19357310
-0.20738507
0.33015639
0.43016017
0.66891465
-0.38867663
0.03124707
-0.10436954
-0.48955788
1.02951686
0.75989728
0.06933645
0.00124243
-0.05894678
-0.07011343
-0.74713771
-0.10298422
-0.56704321
0.45785853
-0.01879607
0.07664137
-0.29722763
-1.03555146
-0.18081153
-0.05188980
0.27830248
-1.07802163
0.71156178
-0.53827718
-0.05097665
-0.20962117
0.60736390
-0.13768743
0.81867607
-0.38554165
-0.84087294
-0.03308331
-0.68061977
0.63937612
-0.22067629
0.06344703
0.20758647
0.46471462
0.63501502
-0.20693158
0.94480517
0.81340294
0.05523890
0.31353543
0.70285940
0.19971416
0.69307702
0.46961993
-0.24256256
0.87884781
1.28272141
-0.10215454
0.29529330
0.96084198
0.19706308
0.48292423
0.15412980
-0.32527905
1.14345188
0.06047264
-0.63583484
-0.48252056
-1.31923684
0.38589486
-1.18931979
-1.64826377
-0.91815348
-1.95530227
-1.63127972
-0.68653153
-1.35611700
-0.98648720
-1.45857388
-0.99371852
-0.84122011
-0.78254420
-0.45311829
-1.39170936
-1.14201307
-0.77014903
-0.48712484
-0.72245710
-0.79208479
0.12041686
1.00483836
1.19369852
1.42034795
1.29553048
1.14653271
1.82813391
1.68824264
1.47733478
0.36007688
1.53792454
2.45448140
2.26239755
1.94388526
1.32420578
1.59228218
1.13104321
1.70958218
1.44218197
0.96490758
0.98091859
1.19899938
0.81787815
-0.51547335
-1.25462582
-0.43161474
0.16986809
-1.01972825
-0.00340825
-1.17739029
-0.40293787
-0.87616160
-0.51105778
-0.47667169
-0.65940459
-0.86007491
-1.32404879
-0.45946992
0.05590164
-0.49356109
0.07817721
-1.22319124
0.07529597
-0.75326154
-0.68833528
-0.97559403
-0.45565183
0.25811462
-0.16907184
-0.20712257
0.01456026
-0.50403356
0.27299955
0.30702327
0.30405700
0.16934232
0.10110988
-0.26892238
-0.02544598
0.22856007
0.53764022
0.15070690
0.11095948
0.56913307
-0.19407372
0.09017808
0.76034915
-0.12057394
0.74969524
-0.05617609
0.24265350
0.27088732
-0.19623093
-0.15064777
0.51268512
0.14162680
0.65823000
-0.12216901
0.15109157
-0.10823728
0.73054437
0.21120698
-0.53970057
0.39280262
1.20459042
-1.03282713
0.33409402
-0.08923081
0.11249313
0.18797627
-0.22197947
-0.36466422
-0.45491453
0.33230261
-0.21188547
-0.66069820
0.05480269
0.22067631
-0.16164300
0.03475107
-0.54159775
-0.49919813
0.08056798
0.04787170
0.62009887
0.86898452
-0.88643327
-0.17831036
0.14304537
0.65857482
0.23874329
-0.39088601
-0.38494899
-0.24311232
-0.01605586
-0.22093041
0.73762971
0.51250461
0.43406853
-0.07274680
0.09638628
-0.38496992
0.25020308
-0.40736689
-1.16466301
-0.85881337
0.19984150
0.66365089
0.19588967
-0.05258671
-0.04189247
-0.78512851
0.44293491
1.10250012
-0.70588480
0.07904402
-0.29823259
0.35325523
-0.30710248
-0.61582651
0.51908257
0.34540561
0.21273549
0.00491176
-0.09598694
0.17391399
-0.09035684
0.56397070
0.12928227
-0.19879377
0.00224853
0.44348500
-0.17006558
0.81237589
0.04374817
-0.49735936
-0.43030631
-0.06013606
-0.18729112
-0.45493925
-0.09931860
-0.51083336
0.02892949
-0.17401850
0.22880818
-0.30786051
0.30191568
0.40535984
-0.17867474
0.37604374
0.60719013
-0.29188334
-0.02667177
-0.11743479
-0.24081305
-0.06725937
-0.43597155
-0.53452069
-0.07807541
0.26629765
0.37023946
0.05684923
-0.30910168
0.16578103
-0.56983687
0.93782143
-0.31528459
-0.31009512
0.71040445
-0.01360502
-0.66685130
-0.09476324
0.12547608
0.47763096
-0.17212067
-0.26038121
0.40967759
-0.39373071
1.03618973
0.13365207
-0.06318922
-0.19662295
-0.05865472
0.10446657
-0.57294036
0.25504043
0.53919557
-0.43394852
-0.43077807
-0.86083553
0.55168428
0.41427400
-0.30195710
-0.45366988
0.16273475
-0.30720077
-0.15350637
-0.26508625
0.16509493
0.04478920
-0.89057591
-0.50601352
0.18950251
0.47975594
-0.25095391
0.44395613
0.55395340
-0.49368064
-0.05194564
-0.30281012
-0.11212488
-0.48152524
-0.08069013
0.88914575
-0.20150747
-0.65443865
0.38467962
0.27784748
0.34928008
-0.20137946
0.11809165
-0.11799257
-0.46949909
0.11247786
-0.90817269
0.78287984
0.67906934
0.36970245
0.00014057
0.68910439
0.42160770
-0.49266621
0.49842785
0.00050261
0.03264215
-0.16466768
0.20625339
-0.28478951
-0.69896722
-0.23865287
0.18394328
1.05718612
0.41406968
-0.05346136
0.48050886
0.53439171
-0.08627159
-0.05014902
0.04175303
-0.87317436
0.04480614
-0.20025097
-0.58033328
-0.22453504
0.22495065
-0.65543872
-0.38071252
-0.02183478
0.18207457
0.13193253
0.23730397
-0.29663237
-0.17118589
-0.32244485
-0.04232571
0.02974811
-0.02999398
0.72437311
-0.29356292
-0.46261069
-0.10280784
-0.87934588
0.41105083
0.29814499
0.73033513
-0.08348109
0.30682809
0.02278792
0.10768146
-0.23234928
-0.35567373
-0.47543663
0.05962219
0.64011409
-0.08909439
-0.28134727
-0.04341225
0.59084648
-0.47528824
-0.19117229
0.05617674
-0.08961514
0.32458385
-0.03877363
-0.29380823
0.36727692
0.80163184
-0.38731855
-1.16078934
0.16997053
-0.47476153
-0.45610163
0.02389707
0.43103290
-0.01621853
0.72754310
-0.05788111
0.16709835
0.13033834
0.20173712
0.51114138
-1.02497706
-0.60486641
-0.86577940
0.69334680
-0.14953043
0.26777548
-0.49926721
0.56040576
0.23166929
-0.40319531
0.45882116
-0.48410347
0.47778542
-0.17728966
0.17714818
-0.40754813
0.51024137
0.07098138
0.26664577
0.04615067
-0.64054043
-0.25226120
0.29951316
-0.00232129
-0.30679638
0.02475720
-0.01146757
-0.34176868
-0.34662630
1.16762445
-0.17965943
-0.24763710
-0.46974145
0.52296532
-0.02893472
-0.41588679
-0.46210173
0.07112662
-0.70304166
0.62971401
0.51499669
-0.53182764
0.27034363
0.08779744
-0.62689117
0.52025460
-0.30047547
0.05591999
-0.32976057
-0.05358407
0.11623604
0.23657901
0.63226079
0.04742988
0.25391900
-0.12579039
0.04803766
0.27049810
-0.06919965
-0.18377947
-0.23334445
-0.08969576
-0.19498823
0.63391663
-0.40172049
0.79042190
0.21589677
0.09419221
-0.25946786
0.60394800
-0.17087800
0.01669790
0.13412500
0.22765145
0.09142057
0.14468211
-0.63378762
0.29726986
0.03687624
0.05434973
-0.64324877
0.68262444
0.35954394
-0.13701463
0.07309067
-0.78860226
-0.17944204
-0.35848816
0.86005017
-0.34050357
-0.26342286
0.65563067
-0.05740379
0.73651481
-0.01324297
-0.11782634
-0.00663036
-0.26396468
0.10609089
-0.41009394
-0.24581082
0.75279059
0.11078588
-0.08849568
-0.26183077
0.34200720
0.29461602
0.43412946
0.73448460
0.66371199
0.68439442
-0.22352763
-0.73059874
-0.52296796
0.15915157
-0.43777323
-0.02749966
0.58064554
0.99073091
-0.70356228
0.07314046
-0.15564531
-0.64098577
-0.25037123
0.52136941
-0.29337677
0.74923203
-0.26854722
-0.16496311
0.34205535
0.38219471
-0.22005130
-0.66290841
-0.06522556
-0.39885610
0.50437319
0.40216465
-0.46742856
-0.01695284
-0.39873225
0.20338202
-0.07553788
-0.18960822
0.44360088
-0.07058318
-0.11525047
-0.06188107
0.06118611
-0.56272441
0.29880281
-0.36259876
-0.61014582
0.17935933
-0.58447921
-0.05831035
0.30327170
-0.04622034
-0.20881785
0.46059900
0.15839919
0.09114233
0.35309792
-0.03689261
-0.26825956
0.42815959
-0.08912395
0.21152601
0.32353872
0.01305235
-0.15475480
0.65504540
0.21663719
-0.82248306
0.43527103
-0.01553403
0.02119777
0.37534817
-0.12792674
-0.29095564
-0.08486631
0.68189821
-0.18426415
0.23025280
0.31295246
0.18616038
-0.33528766
-0.33417710
-0.49608070
0.48855144
0.38905746
-0.75681278
-0.01051656
0.38974231
-0.02559178
-0.68186712
0.26766583
0.38608547
0.23425531
0.46370048
-0.41460844
0.29377004
0.56444410
0.33061516
0.35460399
0.04801673
-0.17180587
-0.29313517
-0.73115607
0.72224938
-0.66954393
0.03979465
-0.63670893
0.27970757
-0.64103997
-0.26099598
-0.09999858
0.26492049
-0.01637140
0.49609676
-0.20570686
-0.21378744
-0.36418992
0.44891594
0.14968476
0.60146383
-0.05411491
-0.29512037
-0.27633646
-0.32808044
0.54023410
0.50615521
0.24883904
-0.42156314
-0.68477138
-0.18837280
0.00777484
0.40878752
0.55247643
-0.24172813
-0.24955027
-0.47760033
-0.29465921
0.61594045
-0.50844289
-0.68774490
0.39592904
-0.14889070
-0.39128398
0.09379923
0.11692425
0.45946554
0.07570997
0.11967360
0.33149851
0.57902747
0.22236804
-0.03462366
-0.12359325
-0.56758046
-0.57845795
0.47997813
-0.55174171
-0.01530682
-0.41785593
-0.20524133
0.01417926
0.32988532
-0.50913781
0.18628652
-0.23605113
0.05346101
0.34596427
-0.67095628
0.46697777
0.42312068
-0.20487868
-0.56698278
-0.31871411
0.36546102
-0.77930750
0.19705096
-0.81807574
-0.22621654
1.01171983
0.13671123
0.12969012
-0.02432081
0.15567685
-0.30545934
0.38685944
0.33652888
-0.00823842
-0.06925902
0.13494591
-0.27285040
0.78752265
-0.25976638
-0.47412948
-0.70106978
0.40971995
-0.62154902
0.39992898
-0.22169223
-0.74344339
0.00637678
-0.51496549
0.19892087
-0.68418557
-0.33765942
0.55118607
0.06396883
0.40309968
0.52557759
-0.10583680
0.56327046
-0.43823209
-0.36498699
-0.70981265
0.26007078
0.12791517
-0.69713495
-0.13066930
-0.06021981
0.39561215
-0.53071018
0.30224474
0.26632496
1.18086284
-0.87702976
-0.38351131
-0.43524307
0.00521432
0.13273863
0.84785261
-0.80793262
-0.31700313
-0.43484738
-0.15027366
0.82674718
0.01748961
-0.08571636
-0.33569382
0.47875285
0.43138063
-0.59966502
0.18021794
-0.32754851
0.63623702
-0.18749990
0.34245257
0.44108347
-0.03551868
0.21681630
0.17073472
0.32019268
0.09239312
-0.28611348
-0.29109179
0.15811706
0.20917577
-0.31048924
-0.50650814
0.33416071
-0.24615472
0.14912500
-0.05306505
-0.03848334
0.14438285
0.53811369
-0.17910076
-0.03873095
0.45660043
-0.15150433
-0.36060811
-0.09313057
0.00792675
0.18279449
0.66899960
-0.14364707
-0.75138485
-0.49369788
0.52588276
-0.19402275
0.01021884
0.72420546
0.43535718
-0.28664397
-0.73388250
-0.06184638
0.58056821
-0.48272040
-0.01946973
0.51234543
-0.04978450
-0.31385364
-1.02536956
-0.30528111
-0.11363987
-0.46876027
0.42133067
-0.73502931
-0.32611528
0.12252721
-0.48390677
0.05961054
0.00289393
-0.10731559
-0.01051463
-0.33067566
-0.45278630
-0.67041785
-0.30167537
-0.67790785
0.45956421
-0.62012678
0.19749917
-0.29315832
0.22448711
0.38705892
-0.28181053
-0.14989882
-0.06618471
0.08692746
-0.57618410
-0.25007570
0.07282450
-0.66838861
-0.02960545
-0.71410970
-0.53023473
-0.42494732
-0.05188125
-0.30863615
-0.38168689
0.29897144
0.26105127
0.04807337
0.34351675
-0.48361153
0.18897168
0.24773471
0.46328908
0.23693144
-0.40477469
0.01181385
-0.20382050
0.61346535
-0.36417992
-0.34857242
0.22142589
-0.17024843
-0.10382747
1.09772129
0.05902230
0.31736325
-0.24573516
0.15365068
0.10425961
-0.06107666
0.61612192
0.13901548
0.39948210
0.07113273
-0.23541035
-0.59677519
0.28932335
0.90039212
0.20914585
0.67904325
0.14270818
-0.02653467
-0.67888133
0.07755125
-0.45698635
1.02338199
-0.37971293
-0.01687390
0.49041626
0.02828325
-0.08665807
-0.16126442
0.32577124
-0.41167781
-0.57352811
-0.15874991
0.68369726
0.55051390
0.26742058
0.23620251
-0.27459426
0.02619064
0.13393752
-0.17066556
0.12955566
0.08638380
-0.87742738
0.34335395
0.63272275
-0.50055262
0.72254998
-0.49293993
-0.42881564
-0.50662294
-0.44247924
-0.25483032
-0.50623154
0.14700818
0.44627134
0.12179402
0.76468276
-0.51067227
0.08145626
0.74115837
0.26470581
-0.13850293
-0.10136083
0.21887458
0.43613485
0.54110202
0.13639254
0.32317740
-0.04897689
0.21596129
1.02426159
0.26900144
0.06201409
-0.03404699
-0.36792859
-0.50044247
-0.20523374
0.62342192
-0.86433305
-1.09751575
0.14107543
0.52807257
-0.33333304
-0.24884795
-0.60445004
-0.22570536
-0.71461990
0.19680779
0.77461703
-0.53249594
0.33331179
-0.35569345
0.43366478
0.95199871
0.01825661
-0.57969246
-0.38833503
0.25381526
0.34708413
0.09139673
-0.04110989
0.09407962
0.29513330
-0.01242205
-1.12773418
-0.19422670
0.52314374
-0.12087224
-0.37437006
-0.36456446
0.01057501
-0.60985545
-0.14781049
-0.22928827
0.05944073
0.62750871
0.09726440
0.67492385
-0.53086243
0.21117250
0.97238230
-0.10611999
0.41411980
0.44289398
-0.30491980
0.00671926
-0.61928055
-0.64419547
0.62950094
-0.02005105
-0.24690119
-0.89109885
-0.20837922
0.04381590
-0.34290509
-0.08133141
-0.04807796
0.09796471
0.13993922
0.34258582
-0.33476265
0.02811825
0.25704463
-0.57535296
0.81938710
0.23773251
-1.16651223
0.43225143
0.10815103
-0.52603363
0.23956844
-0.21108557
0.22304670
-0.44985586
-0.65469222
-0.35881431
-0.65023584
0.29163464
0.13155283
-0.06115843
0.22617678
0.15419477
-1.01120311
0.63268919
0.22023090
-0.08223952
0.63021216
0.59733469
0.18304062
-0.48499093
0.52485956
-0.00876596
-0.16639732
0.33702780
0.01239881
-0.16961885
-0.32063952
0.07930183
-0.35622633
0.27172215
0.19140766
-0.16714316
-0.60385291
0.41496805
0.13704364
0.08581456
-0.27111986
0.90777792
0.24568209
0.38372980
-0.26761733
-0.49155637
0.47234714
0.46457352
0.59487256
-0.36068718
0.23308273
0.67404756
-0.32106607
-0.40931130
0.21769044
-0.39306639
-0.20818700
0.11340984
-0.40460511
0.40209457
-0.02915161
0.21647347
0.38075725
0.99865408
-0.13863141
0.29971831
0.30082831
-0.51775406
-0.11454404
0.44534264
0.49447784
0.43975676
0.25511849
0.05807482
-1.12872844
0.62288638
0.24651591
-0.41200719
0.01326281
-0.34699688
-0.47964163
-0.18629737
0.48187388
-0.59079196
0.01603267
-0.50089534
0.17373581
0.51357815
0.19358516
-0.07452094
0.33406361
-0.48584137
-0.10888667
-0.37191478
-0.46286346
0.44271291
0.46997903
-0.17008887
-0.66306260
0.37309820
-1.25756844
0.04323404
0.04320181
-0.02734196
0.32993295
-0.22986149
0.54085358
-0.91732833
0.02558634
-0.37938204
-0.16643365
0.82102485
0.06020009
0.15245329
0.51529273
0.28837916
-0.29555455
0.65717482
-0.12884041
-0.09103869
1.24978922
0.18618949
-0.50384005
-0.36954152
-0.03752435
0.17519312
-0.53336499
0.70561671
0.09803080
-0.02557253
0.52779128
0.35345297
-0.83380993
-0.17354173
-0.16062880
-0.35166000
0.01605124
0.91451200
0.56843601
0.32856522
-0.66255358
-0.23507447
0.18562188
0.56460887
-0.05586944
0.41305041
0.49255687
0.37488266
-0.43626355
-0.51880663
0.33395056
-0.56349471
0.12354396
-0.26892099
0.38369468
-0.10831626
-0.49325020
0.21339486
-0.14571866
0.14367883
0.45281762
-0.50049182
0.04662844
-0.17310590
0.64945575
-0.34718368
-0.07149279
0.01567865
-0.37630347
-0.19645033
-0.86118340
0.23350378
-0.18750072
0.15748784
-0.30641807
-0.86208683
1.74734269
0.13933278
0.68035182
0.61804634
-0.08711383
-0.28261356
-0.36551715
0.06469700
-0.65414392
0.21973315
-0.16199371
-0.42896857
-0.78806012
0.80059605
-0.52325724
0.74421172
-0.09365902
-0.14199814
0.47018145
0.39465339
0.01446800
-0.33925851
0.10645298
0.40387285
0.19409500
0.53948066
0.32077828
-0.03261444
-0.28746813
0.30173887
-0.16115749
0.34623931
-0.09840733
-0.54306981
0.49489639
-1.02297570
-0.38592845
-0.94471264
0.49584011
0.34117214
-0.50149415
0.24382417
-0.99230614
-0.14760605
-0.07815104
-0.19777050
-1.04124957
-0.19878094
-0.39993337
-0.34752870
0.17710663
-0.53747886
-0.85772080
0.10275368
-0.37268727
0.01146444
0.03122111
-0.36360993
-0.32616856
0.07823108
0.21593533
-0.61988664
-0.54261448
0.35488876
0.19722271
-0.43137174
0.16291002
-0.99716197
-0.44593995
-0.63966842
0.03486215
-0.97948488
-0.66727588
0.24824380
-0.01288998
0.08799122
-0.45892100
-0.19686669
0.19099877
0.22757409
-0.09843105
0.34733371
-0.45662840
0.55868777
-0.12083877
-0.04649270
0.63744423
0.39822416
0.19076953
-0.53100486
-0.23110639
1.27107975
0.07273178
-0.46215710
0.37707798
0.33707783
0.53941209
-0.20906203
-0.31738222
0.14956898
0.23913107
0.33140809
-0.12741992
-0.39499177
1.25213737
-0.86691698
-0.15919588
0.01597441
-0.31716616
0.27098476
-0.59750673
0.66356081
0.11335356
-0.09387676
0.39192513
0.08895446
-0.37757014
0.44118997
0.06325791
0.51384539
-0.02328993
0.51245120
-0.11339773
0.19115392
0.24626881
-0.04938026
0.85615960
0.53861980
0.29047826
-0.76265740
0.29785260
-0.09191589
-0.51281652
0.00930903
-0.27327274
-0.20421568
-0.73895137
-0.02188170
-0.06436774
-0.02924835
0.49586391
-0.32651318
0.18051849
0.22193196
0.70023204
0.90015788
-0.02432349
0.16561109
-0.07179463
-0.17699862
0.35175191
-0.13772718
-0.38115180
0.35744097
-0.53225974
0.00156615
-0.34198980
0.15378871
-0.23892065
0.39396924
-0.72527874
0.64024234
-0.51338457
0.43178907
-0.30483773
0.15360304
-0.59964221
-0.21966673
0.32971344
-0.35181666
-0.46254494
0.53296239
0.01092808
-0.50913624
-0.35066198
0.64339204
-0.24880040
0.61455264
0.32824773
0.32535982
0.21903697
-0.21959010
0.10193479
-0.45672615
-0.22155000
0.21727521
-0.64870417
0.04462508
-0.53453689
0.19220670
-0.38733443
-0.60429606
-0.29572383
-0.10400673
-0.12302636
-0.17230138
0.56338643
-0.12276576
0.02396964
-0.47502752
0.18228643
-0.23591365
0.38099547
-0.94840613
0.07416714
0.13320868
-0.56506331
0.44558844
-0.71061977
-0.01551611
0.11672940
-0.00932847
0.02952291
0.12704816
-0.17990418
-0.03240330
-0.27272063
0.22838341
0.14658644
0.13095346
0.47374490
-0.88548401
-0.67639780
-0.23052700
0.07903519
0.29180561
0.11328189
1.10859966
-0.10804658
0.82854707
0.62160924
0.57954214
-0.25292322
-0.18594090
0.09688559
-0.68702716
0.78864919
0.19218733
-0.01806384
0.04955587
0.80408821
0.94766542
-0.23295828
-0.68533771
-0.02859457
-0.09813918
0.15165356
0.58113443
-0.01961408
-0.18903455
-0.47879432
-0.12886732
-0.64596549
-0.02590767
-0.15609573
-0.03101134
0.16276525
0.35449161
0.06779103
-0.15807004
0.50429031
0.44540104
0.62275124
0.27591940
