0.23067844
0.54745000
-0.57291926
0.57161745
-0.52373224
-0.22865778
-0.38644014
-0.38052540
0.39392729
-0.36533327
-0.11791544
0.11193255
-0.90296333
-0.41591230
-0.67324066
0.06153448
-0.71302494
0.43097449
0.60261739
0.36188957
0.85922884
0.77497540
-0.71882857
-0.40998837
-0.53873945
-0.08463943
0.13171045
-0.53221351
-0.32598155
-0.28936345
-0.02998906
-0.02125144
0.36669384
0.24784513
-0.24012768
-0.35875232
-0.66202417
0.58273908
0.66645632
-0.56924098
-0.44243846
0.24583492
-0.31413022
1.38921666
0.80234040
-0.73497984
0.48523329
0.74591268
0.38784186
0.71584117
0.48093989
-0.58947728
-0.23256773
0.70658321
0.11025327
-0.08326858
0.28015084
-0.51441037
0.03872235
-0.06808788
0.45964046
-0.45879953
0.16270920
0.41739444
-0.59352220
0.20586378
-0.87171131
0.56645069
-0.02938050
0.02864513
-0.06072151
-0.19942500
-0.68369446
-0.35585573
-0.28454999
-0.14767092
0.45915032
0.66463844
0.29296873
0.39456743
0.11436028
-0.10958668
0.32582325
0.39215765
0.89846752
0.44808881
-0.28216999
0.24113363
0.31711487
0.11557520
-0.19686672
-0.43917590
-1.06482984
0.32234356
-0.62087060
-0.84613440
0.19091081
0.14854428
0.06624760
-1.47489006
0.04006491
-0.14857881
-0.64724730
0.58528893
0.55640873
-0.48145890
0.61257997
0.38196540
-0.01755547
0.53394781
0.45191331
-0.93885521
0.41868389
-0.58457124
-0.23557498
0.12878403
-0.60844324
0.51906613
-0.05669266
0.44500559
0.43782758
0.01828632
-0.32831070
0.01533068
0.78413458
-0.18191444
0.10705404
0.49159922
-0.49750232
-0.25837876
-0.13840873
0.17655224
-0.21056007
-0.50902644
-0.37525301
0.00448753
-1.05044849
-0.29699903
0.16301039
0.34553656
-0.68447676
0.09787810
0.31016517
0.46810677
-0.30804667
1.03754205
0.05110925
-0.56305731
0.19623497
0.36116882
-0.21512277
-0.34757048
0.96796548
0.43630853
0.07582903
-0.06867285
-0.25513298
-0.38531031
0.51620093
0.61850781
-0.13262903
-0.84144656
-0.41677401
-0.59013437
-0.19383742
0.33143287
0.68017378
0.74288726
0.35931742
-0.37642838
0.43138620
-0.24967332
-0.85030193
-0.47259247
0.14936498
-0.11716332
0.36853632
0.98936896
-0.32462954
-0.35060439
0.18446332
0.49272582
-0.10274573
-0.43158587
-0.24745044
-0.93599904
1.05493220
-0.14439497
0.54701528
-0.38271655
0.08362362
0.07178663
-0.40070283
-0.43996746
-0.41968626
0.70853742
-0.52396161
0.39243019
0.20576903
-0.56400442
-0.81691762
0.31600471
-0.51381082
0.40391156
0.11332412
0.06272877
0.13666585
-0.23192621
-0.51479243
0.86126435
0.25646292
1.07776202
0.87166006
-0.52038212
-0.29925427
-0.38764427
-0.02283102
-0.02139646
0.07071392
-0.66110087
0.40221557
-0.33374852
0.42364908
0.84666186
0.19093236
-0.20237079
-0.58878451
0.15262947
-0.62801905
0.64720566
-0.22834992
0.41931029
-0.36658616
-0.47238347
-0.36562529
-0.85800421
0.16243288
-0.26267002
-0.40583475
0.37829743
0.35556076
-0.93121526
-0.04868407
-0.08004996
-0.33469163
0.41002522
0.65007220
0.22838765
1.02229936
-0.69525224
-0.62518647
-1.08790792
0.03663924
0.18584312
-0.08261833
0.33628437
-0.19492243
0.49188527
0.27692103
0.13498598
0.51735154
0.61858936
-0.26458888
-0.12391339
-0.76120010
-0.13103395
0.34325075
0.62794147
-0.40359801
-0.03330813
-0.01712601
0.32581888
-0.59496611
0.54582953
0.26616862
0.15953283
0.85340042
0.71198066
-0.41922827
0.58407081
-0.31177226
0.39186394
0.70793100
0.68249067
-0.11112754
0.26799593
0.22255717
-0.33428288
0.75990626
-0.20642475
-0.16053544
0.73587772
0.60891640
0.07981872
-0.45875290
0.12679272
0.09141996
0.51295565
0.76372083
-0.39650315
-0.79843730
0.80606948
0.07498148
-0.04437501
-0.68422738
-0.70063816
0.42490732
0.04944924
0.25560642
0.33547957
0.56146370
-0.65978328
0.11696667
0.08203525
0.08679379
-0.22697638
-0.44274595
-0.06286851
-0.39043172
0.83686122
-0.50481443
0.28138624
-0.73840239
-0.33914574
-0.06581553
0.50960649
-0.30185731
-0.64335949
-0.49870841
0.60523640
1.00266572
0.62613344
0.11000325
-0.30273634
-0.28447084
0.25325073
0.19072705
-0.70391951
-0.29750223
-0.19336609
0.97851382
-0.47788949
0.77512477
-0.34833516
0.67199615
0.11887067
-0.31244938
-0.23945016
0.80105622
-0.47030740
0.58713977
0.06820826
-0.83830411
0.25871612
0.04909405
0.09475789
0.87937113
-0.91413254
0.15836203
0.18791212
-0.03429693
-0.78966973
0.01392179
0.25202701
0.47770137
0.14824376
-0.10233561
0.40906591
0.07329999
-0.04485863
0.00538624
0.05572491
0.29029911
-0.62192720
0.33281091
-0.15532108
0.87951226
0.17535115
-0.03918305
0.38448878
0.35944882
0.06360052
0.89902279
-0.74916580
-0.26903825
-0.40725314
0.53407505
0.94021299
-0.28224987
-0.24831005
-0.14125894
-0.26067390
-0.13309196
0.53866217
-0.23408017
-0.34081404
0.19490342
0.62188480
0.25803861
0.28215693
0.46054088
0.16678566
-0.37737124
0.53307819
-0.11484593
-0.19158324
-0.22284148
0.24816640
0.10570900
0.07738924
0.25016516
-0.09668032
-0.72554001
0.49561629
0.77818477
-0.38275611
0.32258909
1.08139080
-0.22794046
0.03436764
0.28614152
-0.12012821
0.33603102
1.10961101
0.50153393
0.07244008
0.28303762
0.04151843
-0.15521550
-0.00574315
0.61638714
-0.13579628
-0.38462851
0.27932799
0.07042233
-0.15269661
-0.07351159
-0.18895423
-0.06265700
-0.03775003
0.31859012
-0.00973425
-0.77191412
-0.47675384
0.31498384
0.38942156
0.01674257
-0.41679739
-0.11970129
-0.26400428
1.04693970
-0.11441561
0.11353459
0.02634339
-0.29154184
0.07598854
-0.04731012
0.81154209
0.90568064
0.18362398
-0.61385484
-0.16214822
0.73544767
0.18337076
1.05341268
-0.13480294
0.31393088
1.31932019
0.13733501
-0.58023421
-0.10403398
1.14434086
0.80579129
0.40172138
-0.11131169
-0.47360750
-0.22889059
0.38712363
-0.52549245
0.55998344
0.15693728
0.68619545
0.07611467
-0.40458331
0.47670184
0.39561614
0.72840946
0.04307755
-0.07097595
0.28921675
-0.67521655
0.12784154
-0.76985509
0.26967769
0.24298223
0.33206199
-0.16089038
0.34434396
0.27226035
0.15967888
0.29334774
0.17763983
-1.07828651
0.41355789
-0.51384766
-0.18713898
-0.83880953
0.54491691
-0.29338001
0.10587363
0.23828939
0.44038234
0.11954377
-0.05381211
0.33339940
0.69845550
-0.52566873
-0.25803548
0.55695604
-0.43692866
0.06579792
0.44874361
-0.06386962
-0.97124321
-0.34222910
-0.10759139
0.70447354
0.48185275
-0.98763918
0.05159834
0.32764141
0.28593077
0.17264244
0.77717001
-0.36002869
-0.45314782
0.31635052
0.36995610
-0.56456764
0.06010383
0.00523530
-0.77943892
0.25472931
-0.42958131
-0.00283290
0.10249663
-0.07527748
0.06573308
-0.06546051
0.02515874
-1.04866243
-0.63918372
0.35448440
1.02114318
-0.10922229
0.05557992
-0.35982624
-0.53093190
0.19330928
0.08787601
-0.01169433
-0.81847756
0.18684576
-0.08179968
0.41097723
0.21851348
0.53565983
0.10271405
0.37954211
-0.52817732
0.20394225
-0.34491253
0.46751915
0.05073960
0.49354818
-0.55800999
0.01002979
0.08288360
0.29088355
-0.56034932
0.28424374
0.29291168
-0.51398619
0.49707095
0.07862550
0.26934509
-0.41434512
-1.39568098
0.33765112
-0.54355548
0.27770441
-0.57127849
0.09300494
-0.10040393
0.62757320
-0.61247134
0.65637663
1.00770306
-0.14639895
-0.74300932
0.22754462
-0.64117361
0.01094386
-0.14130889
0.99245639
-0.15759142
0.06999867
-0.02189636
0.16912246
0.21240600
-0.17351752
-0.31265802
-0.38611427
-0.13141240
-0.31989021
0.14633759
0.25785294
0.33924346
-0.05534420
0.05422984
-0.74089976
0.11548247
-0.16368179
0.63236185
0.34939819
0.05648698
-0.23866164
0.36085762
-0.13987208
-0.23463935
0.09602964
0.04506557
0.02386608
0.47669996
0.00964992
-0.49836525
-0.57413161
0.67582928
0.14333377
-0.16117678
-0.24054199
0.10358507
0.02615314
0.09332666
0.11820164
0.28755785
-0.61115926
0.42519735
-0.00182250
-0.05617972
0.57501463
-0.09405020
-1.02270322
1.06759959
0.07447921
0.64247828
-0.41079416
-0.40717682
0.76490623
0.10421184
-0.14645212
-0.69552921
0.02224156
0.11620677
0.52872615
-0.37249178
-0.15097400
-0.63697416
0.44172015
0.43563639
0.07287122
0.60900228
-0.34879501
0.25721431
0.75496540
-0.13049636
-0.06383907
-0.31150348
-0.31357806
-0.77884509
0.47444917
-0.07945040
-0.35734376
0.19068893
0.24894532
-0.33937261
0.03027323
0.01560512
0.06924501
0.37372460
-0.15975601
-0.40960948
-0.75089171
0.51467716
-0.93630475
-0.48418103
-0.25210336
0.14225431
-0.90202780
1.83092280
1.06762139
0.60446566
0.29940986
-0.50555895
-0.16802394
-0.54392529
-0.01435479
-0.65042412
0.91802176
-0.76115861
-0.75371265
-0.14593252
-0.01317638
-0.08657636
0.58652774
0.72952819
0.18653872
-0.13804921
-0.24499852
-0.18533884
0.32163421
-0.23954973
-0.77392941
0.87858351
-0.33567307
0.18409791
-0.12319397
0.52374409
0.34602724
-0.21029609
0.79137066
-0.88346097
0.65390949
-0.34051579
-0.25690696
-0.14768405
1.02291232
-0.52490870
0.22221782
-0.61306151
-0.07421971
-0.59576867
-0.20921418
0.26410317
0.49690909
0.91309414
-0.01738809
-0.13478517
0.16302311
-0.41588921
-0.08033766
-0.26486602
-0.34543167
0.03788357
1.29529767
-0.26966290
-0.14607372
-0.66142635
0.10984642
-0.27915083
0.92635765
0.18973068
0.33570062
-0.81386614
-0.77447387
-0.33072898
-0.22559889
0.20435372
0.28831143
0.46311622
0.52745850
0.12843379
-0.53272134
0.66553436
-0.10216359
-0.09517011
-0.13951506
-0.32673409
-0.67754164
-0.18425915
0.71530273
-0.90744232
0.28653932
-0.42287839
0.30446093
0.70429179
0.72194564
-0.32585984
0.25762845
-0.10427304
-0.78982202
-0.37947154
-0.58926708
-0.33562074
0.27461112
0.40675097
0.79161278
-0.55592220
0.72746939
-0.27995591
0.23760334
0.31217620
0.84349382
0.48337928
-0.13691644
0.90852734
0.25229875
0.00056901
0.32441915
0.39072933
-0.21412270
-0.10208070
0.39196758
0.76995098
0.41908806
0.22937651
0.95175727
-0.27009853
1.46780159
0.07426372
-0.32700322
0.33041741
0.94407036
-0.04255447
-0.38787988
0.26667499
0.21004489
-0.76716421
-0.84156287
-0.13056123
-0.48078346
-0.66571954
0.28367063
-1.53770959
-1.48778542
-1.12470298
-1.07526018
-1.32203739
-0.81539077
-1.46597003
-1.24173888
-1.21491256
-0.94525175
-2.01920774
-1.48671238
-0.42453246
-0.61735100
-0.46879905
-0.76951555
-0.59217826
0.78929487
0.25544647
0.40498005
0.41357893
0.80677684
0.78398752
2.14838497
2.17309088
1.23780135
1.73558383
1.94490957
2.94037688
1.91238172
1.57391062
1.21908886
1.34847479
0.83097943
1.16071560
0.58271215
1.06358497
1.30420814
0.41771056
0.81263408
0.12779882
-0.25482237
-0.21195426
0.51228274
-1.92430662
-1.86084821
-1.48427596
-1.24946906
-0.74236097
0.23499070
-1.81871417
-1.16350228
-0.42990017
-1.11701579
-1.36596971
-0.50410045
-0.93560435
-0.47683459
-1.42161327
-0.67970465
-1.34081036
-1.16152430
-0.18279381
-0.86041154
0.37789275
0.66990123
-1.16248612
0.22230055
0.36362983
-0.40213026
0.65756283
-0.31525050
-0.60734896
-0.26571904
-0.14466677
-0.56348040
-0.01311515
0.01574587
-0.62209839
-0.42709643
-0.79095369
0.00525805
-0.09846929
-0.08093905
-0.74056963
0.98996614
0.28199126
0.53891706
0.10826597
0.48094292
-0.14607261
0.08527587
-0.95913066
-0.71515309
-0.29886792
0.90001629
0.40480628
-0.16604919
-0.26176650
-0.19108829
0.53372226
0.55177129
0.43732852
0.90150724
-0.53189306
0.08978813
0.31065164
-0.49125794
0.01319069
-0.53583711
-0.02769704
-0.28186113
1.09104860
0.32452731
0.18550458
0.28619037
-0.63287831
0.71647428
-0.09542059
-0.44963307
-0.31364777
0.18797149
0.07323623
0.76030047
-0.33916793
-0.39703500
-1.70639828
-0.52321945
-0.02453678
0.26952388
0.34394377
1.22997728
-0.30510582
0.41650961
0.12810918
0.81136243
-0.09741179
1.03712555
0.05520633
0.01687049
-0.72523532
0.58959132
-0.11879271
-0.45670405
0.36037427
-0.79220885
-0.43136052
-0.14619584
0.60771828
-1.15250510
-0.52148651
-0.65471252
0.42537442
-0.14417780
0.81365351
-0.29482910
0.05637533
0.22724770
-0.11228821
-0.28299387
-0.47634609
0.13397028
0.93983264
-0.03483633
-0.86394616
0.27871401
0.12815571
-0.46524145
0.42401822
-0.77821847
0.15780593
1.15666972
-0.23538650
-0.23589829
0.68386991
-0.46720430
0.38078838
-0.06366693
0.00744772
1.09598238
0.61354245
-0.15566568
0.46774151
-0.56417215
0.11521639
-0.01007951
-0.11392569
0.25240999
-0.08815213
-0.55285165
0.11830885
-0.20617200
0.76492429
0.31762850
0.03098791
0.32267032
0.53763930
-0.48531924
0.85596500
-0.87934233
0.12765186
0.20109010
-0.54010230
-0.42836168
-0.24220419
0.29166688
0.30910574
0.55026823
-0.14941389
0.27988345
-0.34344569
-0.22908341
0.43765019
0.31414521
-0.10215497
-0.09226831
-0.10146140
0.19658272
-1.03291717
-0.83829452
0.30728268
-0.01761152
-0.80426925
0.00873392
-0.13468370
0.12480184
0.16899996
0.38482404
-0.52057514
0.26582491
-0.22159415
0.26356107
0.31782906
-0.49980116
0.30069826
-1.14203191
-0.50649839
-0.48233103
-0.27902852
-0.43011855
-1.32961272
0.20321284
-0.13898094
0.03456636
0.36229740
-0.89075116
0.05477332
-0.58442976
-0.77456317
0.76309477
-0.24907780
-0.99031756
-0.10194108
0.40048599
-0.07191083
0.57429636
-0.19258300
-0.01364802
-0.41346799
-0.42970846
-0.08454318
0.56437451
-0.40547851
-0.42310642
-0.20151338
0.48454620
0.90552370
0.61863724
1.18989919
-0.57901860
0.69858118
0.14046143
0.01166878
0.17138934
0.61756097
-0.53694374
-0.21539257
-0.48325287
0.63363296
0.44164483
0.45165904
0.03047900
-0.11181975
-0.14812861
0.31433214
-0.98679455
-0.25504917
-0.00429857
0.53324285
0.74145784
0.13175047
0.29509477
0.24591107
0.17072168
-0.20094656
-0.03541237
0.66475415
-0.69212775
0.44243561
0.13105410
-0.00522610
0.05092151
-1.12336995
-1.05232165
-0.05466396
-0.66150519
0.40859846
-0.32109804
-0.15767853
-0.70710342
-0.11920469
-0.16179024
-0.04778514
1.04722797
-0.00268380
-0.68021671
-0.38391219
0.54995496
-0.06209999
-0.26321580
0.00708426
-0.54858579
0.33359108
-0.33871731
0.03941382
0.07816251
-0.05485165
0.47839857
0.47132343
-0.57287480
0.55798003
-0.34046707
0.17820300
-0.82381540
0.91085226
-0.46190262
-0.67010602
0.21341914
0.46487891
0.41429644
0.55258611
1.24719105
-0.26835247
-0.22727576
1.10924401
0.24445153
0.67990217
0.02259966
-0.14468361
0.31263244
0.42077769
-0.08899349
0.30147059
0.01871732
-0.94955644
-0.38328087
0.36214110
0.34039410
-0.28934738
0.01055375
-0.03040487
0.03392365
0.52466421
-0.57008669
-0.90586697
0.54997465
-0.38455913
0.66447981
0.05748864
-0.35564463
-0.12994370
-0.29331809
-0.61774700
-0.37872248
0.55203649
-0.00553568
0.23942102
-0.47272944
-0.27353929
0.65996720
-0.35673004
-0.30109903
0.83437667
-0.32303561
0.26994842
-0.04935265
-0.11139213
-0.34103317
-0.35942978
0.21525500
-0.78453309
-0.60856343
-0.17983417
-0.11450512
0.18613736
0.04657462
-0.41658339
-0.18248673
0.09393158
0.08843454
0.20712737
-0.31631594
0.49246036
-0.97569648
-0.06391721
-0.01311803
-0.07374930
0.16644027
-0.04518704
-0.21697678
-0.44122954
0.68466315
-0.03711051
-0.12038166
-0.90465238
-0.04192577
-0.39960339
0.50807991
-0.08062845
-0.10973532
-0.13855861
0.17676991
-0.57311253
-0.21182513
0.08497386
-0.29333355
-0.13850690
0.19168900
-0.04908769
0.38206139
0.50135764
0.36818482
-0.33204441
0.08325596
0.11031533
-0.39338624
0.17606760
1.13652056
0.32286083
-0.29341301
0.17383064
-0.14245284
-0.84806299
-0.13378621
0.61964320
-0.84060731
0.32725387
0.93667769
-0.49484662
0.35365802
-0.21048007
-0.31310029
-0.10100424
0.24128326
-0.28148235
0.63167121
1.04146302
-0.17377463
0.43539075
-0.80516060
0.00501572
-0.12971235
-0.32794932
0.29464130
-0.20187811
-0.14500534
0.19748674
-0.96784991
0.42616350
0.10526662
0.44532562
0.13266032
0.00892509
-0.50057661
0.12076290
0.55760689
-0.47014924
0.20675632
0.33327024
-1.07900252
0.84221897
0.27774496
-0.14087803
-0.50397848
0.09986378
0.03076136
-0.65987286
-0.47634329
0.46070666
-0.10441524
0.23528353
-1.24477042
0.48686637
-1.06749016
-1.14766261
0.48169215
0.33490349
0.52215782
-0.22994824
-0.59805065
0.56758505
-0.10117201
1.35782807
-0.68044333
-0.05247514
-0.19523830
0.55235421
-0.30205339
0.72255828
0.23806222
-0.79975598
-0.05641832
-0.03068613
0.07432913
-0.51452160
0.18184663
-0.87110296
-0.00589935
-0.22838907
1.26004504
0.44384746
-0.57576548
-0.28890612
-0.48643654
-0.39979922
-0.27891912
0.16025194
1.00433699
0.58609539
-0.11528723
0.73730930
-0.10671533
-0.18494451
0.35758857
-0.44539215
0.26601629
0.23724246
-0.28864209
-0.29162807
-0.04238556
0.75566074
0.43627427
0.15095997
-0.20309386
-0.02916876
0.78932205
0.27282007
-0.42675228
0.58101004
0.39968579
0.63482493
-0.51703343
0.28153982
-0.68299584
-0.00864369
-0.04353733
-0.14706012
-0.32233551
0.20184618
0.19280832
-0.21507304
-0.66129960
0.00398835
0.05960322
0.47039717
-0.03168544
-0.54563758
-0.16425136
-0.46455088
-0.53749466
0.39676978
0.10702864
0.02249042
-0.42784227
0.07060437
-0.63585990
0.10937600
-0.52652545
0.23230735
-0.81672971
-0.94171121
0.66909648
-0.55048422
1.13962681
-0.72902956
-0.27894194
-0.05360245
1.33659773
-0.29383594
-0.33865245
-0.16572074
0.02247554
0.18136680
-0.09109446
0.68854697
-0.08975048
0.52774155
0.12732665
-0.20610385
-0.03471282
-0.02496732
0.26950260
-0.45840564
-0.22024006
-0.26575080
-0.05807667
-0.06330374
-1.36535313
-0.42609267
0.37720229
-0.58750945
0.28766975
-0.23272214
-0.05026066
-0.37658736
-0.07239307
-0.33971247
0.48738234
-0.13371721
0.54266171
0.08079143
0.19714887
0.40200266
-0.04644446
0.30468300
0.59776598
-0.31345103
0.57067637
-0.07550706
-0.68916160
0.58909668
0.15672155
0.05098816
-0.58449125
-0.14890508
0.91582942
0.07914155
0.33876196
-0.24821366
0.00141228
0.09749670
0.39716857
0.09440406
0.08289299
-0.21581034
0.95821884
-0.91193564
0.50040412
-0.56045173
0.07886922
0.46311825
-0.75045651
-0.92354733
-0.41013788
-0.10382624
-0.50538894
1.29391716
-0.05204520
0.52746239
-1.20525240
0.18662322
-0.17915950
0.42040304
-0.19344672
-0.34717714
-0.27034811
0.61050514
-0.27837053
0.00427860
-0.07578183
-0.81632225
-0.80896378
-0.66397824
0.05626876
0.65041842
-0.02313972
0.16198221
-0.61725364
-0.14737106
1.04653918
0.21195624
0.21659586
-0.18383437
0.44115128
-0.16550630
-0.36267852
-0.31115997
0.10371120
0.44368006
1.10174071
-0.01362847
0.02414026
0.13667052
0.37588474
1.27658639
0.61227835
0.13252229
0.02401580
0.35119029
-0.07410353
0.27645206
0.07926771
-0.69092376
1.01965965
0.35886155
0.10014882
0.34914779
0.35773567
0.46170661
0.17450763
-0.71266509
0.13421095
-0.06060406
0.14864963
-0.22214695
0.24213856
-0.30253065
0.51913029
0.68614431
0.00368964
-0.20018093
0.15053124
-0.73627600
-0.13524833
0.20175136
0.65232965
-0.88420279
-0.15983282
-0.34485877
0.23036951
0.23842135
-0.43852764
0.66466208
0.10448143
-0.23010199
-0.01819015
-0.50869925
0.04105324
-0.12540036
0.16478730
0.88840649
-0.11145683
0.06455741
-0.78651038
0.58581359
0.64238346
-0.02009438
-0.79232058
0.10480324
-0.02870157
-0.04757995
-0.16555000
-0.56391609
-0.09725702
0.78979796
-0.46373790
-0.39207044
0.20076536
0.50552594
0.26038909
-0.16582191
-0.77369377
0.40034688
0.27429448
-0.20281943
0.42661575
0.33898796
0.53190391
0.44079827
-0.68444751
0.35832719
-1.15878408
0.07482935
-0.59074277
0.90817183
-0.52643766
-0.34280230
0.35669670
-0.09584440
-0.23603430
0.25495856
0.09522859
-0.12490486
-0.45936465
0.34081845
0.86762369
0.21859492
-0.34960025
0.59204624
-1.66872943
1.24388066
0.02391949
-0.62616099
-0.25587332
0.63268934
0.25653097
-0.24897546
-0.41597579
0.57936493
-1.10758093
-0.16120903
0.52960422
0.04317940
-0.11617036
-0.31879003
2.21337134
0.10856174
0.19094485
0.38925681
0.53621922
0.25641372
-0.57857286
0.13933336
0.05943774
0.20586856
-0.41580840
0.45837705
-0.18766289
-1.24127222
0.40117468
0.60527138
-0.85182005
0.99604766
0.43795788
-0.58827154
0.38374420
0.28127445
0.04036721
-0.13377427
-0.35283586
-0.72065667
0.47255390
0.68424452
0.17847289
0.49328525
0.52287547
-0.10028088
-0.30369075
0.38547036
0.28907823
0.86012079
-0.49123280
-0.04833322
0.17057285
0.06871179
0.23639966
0.42363517
0.23526530
-0.12639640
1.46920827
-0.29949137
1.50171108
-0.42274261
-0.34894777
0.97723830
0.83753443
-0.10888545
-0.03609262
0.34298404
0.11055478
-0.03047860
-0.14919578
0.84963238
-0.92402724
0.84369477
-0.14908865
0.31155954
0.17668554
0.96198460
0.10215101
-0.94200237
-0.26454852
0.10164774
0.08389020
-0.34945177
-0.20421322
0.42450118
0.09713031
-0.56130451
-0.45840810
-0.20152048
0.18642636
-0.56579637
0.77415967
0.01426751
-0.38317122
-0.65537426
-1.58111811
0.34944799
-0.08542483
-0.97431002
0.33472882
0.57594033
0.46394059
0.59797862
0.66096103
0.85336534
-0.01944561
-0.25960870
-0.40979346
0.27418919
-0.26311930
-0.62461127
-0.58120618
0.04648905
0.05208118
-0.14943466
0.17284323
-0.27360834
0.59448861
0.24259451
-0.04808399
-0.78781005
0.35040101
-0.33229716
-0.07808841
0.29683237
-0.45560510
0.61833296
0.24829374
0.06754765
-0.30292967
1.40868933
0.12954864
0.37830453
-0.19875425
-0.02685722
0.78742937
0.26074348
0.95118048
-0.18027899
-0.91940521
0.61696758
0.92454006
-0.99582951
0.38692131
0.24224229
-0.20768699
-0.51391896
-0.57069187
0.67091043
-0.09882428
0.78492983
0.08482725
0.81002349
0.15907237
0.47492726
0.53829748
-0.54754779
-0.82811842
-0.26013918
-0.71701703
0.61254307
-1.09126379
0.18432743
-0.20532728
0.49737741
0.46852718
0.31106661
0.21934928
-0.70764670
0.13457075
-0.22713952
-0.61132304
0.10808444
0.25311856
-0.67490086
-0.15929260
0.00788146
0.01317819
-0.62193532
0.13985304
0.01574947
-0.21476587
-0.50239044
-0.41056300
-1.00114170
-0.16775798
0.46858327
1.06624030
-0.27859606
0.60882585
0.01152512
0.17863331
-0.05297214
-0.27613253
-0.10932076
0.48937771
-0.48623103
-0.18334019
0.39118018
0.59716353
0.63424520
-0.42402383
0.25793527
0.41065838
0.46884894
-0.60910065
0.05517954
0.65815652
0.14322748
0.32837177
-0.24542085
-0.14102025
0.39073822
-0.15172513
0.11195515
-0.17369703
-0.17107270
0.24264965
0.78602500
0.21146399
-0.07534242
0.86432127
0.69644722
1.00353191
0.05102517
-0.63222777
0.32280899
-0.34555694
-0.05540420
0.15773075
-0.11500792
0.59162412
0.31929989
-0.08204810
-1.36919184
0.75074208
0.26024646
-0.29071145
-0.22449664
-0.32274756
0.18417236
0.53100545
0.98766398
0.14895119
-0.38702119
-0.29243513
0.74599974
-0.75077219
0.16967417
-0.58024761
0.01235619
-0.17505816
-0.12381568
-0.61572624
0.23200523
-0.34121491
0.34784831
-0.15821535
1.23598154
-0.68361458
-1.16050610
-0.26410918
0.61311718
0.11225492
-0.20461613
0.54386041
0.12324182
0.38236679
-0.81592410
0.32493187
-0.33566535
-0.73314078
-0.11663959
0.15317392
0.58517670
0.35893509
0.02522399
0.20172160
-0.80009553
-0.40336943
-0.11915931
1.41476454
-0.11914732
-0.21274183
0.14355933
1.00988632
-0.28417612
0.53115020
0.37676274
-0.14930744
-0.21973954
0.19142298
-0.18567413
0.02751023
0.28031296
-0.19917343
0.45782329
-0.18561771
-0.35672402
-0.43458977
0.53238337
0.12087610
0.12039417
0.12063413
-0.68279760
-0.05770109
-0.43744688
-0.93451845
0.25353577
-0.03998476
-0.19845996
-0.63776431
0.27551695
0.08670923
-0.21372752
-0.07154677
-0.83880918
-0.02504454
-0.06096914
0.27843946
0.36936051
-0.30717648
-0.64323783
0.30637799
-0.02643704
0.79304518
0.15270135
0.32884931
1.18688167
-0.28619041
-0.56775407
0.61970871
0.45092016
-0.16580357
-0.57960813
0.21163296
0.03054315
0.00885942
-0.01218285
-0.25276321
0.60537111
-0.60956505
0.01130007
0.18377796
-0.41372439
0.64323638
0.16012759
0.15308794
-0.09842028
0.13755613
0.47755137
-0.80428299
0.64413982
0.13153948
-0.38230448
-1.40870485
-0.53895212
-0.08654330
-0.22301778
0.28217911
-0.39382879
-0.10993757
0.11071550
1.31172119
-0.31019178
-0.59291450
0.12156690
0.06326572
-0.22410440
0.82391927
0.65100662
0.32651521
-0.30923070
-0.28837409
0.68119265
-0.55877276
