0.39725740
-0.65476392
-0.05319099
-0.13630742
-0.18634195
0.13015899
0.19092137
0.02085248
-0.64103070
-0.19419168
0.15066171
0.08355806
-0.17284654
0.00474259
0.43169300
0.34793449
-0.26163192
-0.00766247
0.02393797
-0.05422150
-0.67984962
0.14276885
0.81427779
0.36076039
0.00102275
0.10778608
-0.09839741
0.22247913
0.00017687
0.41113165
-0.27802346
0.04231466
-0.21330541
-0.12702506
0.09323542
0.45069944
-0.10314424
0.17434953
-0.32308426
0.06806272
-0.01203240
-0.00799975
0.03412398
0.00895232
0.20888668
0.50734188
-0.08928319
0.28283570
-0.30133172
-0.06927889
0.03985841
0.13884516
0.27125827
0.42467819
0.07259566
0.25073897
-0.09314933
-0.05173937
0.20649137
-0.09417539
0.02786819
-0.08549449
0.03370745
-0.13949736
0.15819262
0.08821761
0.05852051
0.20429614
0.40591796
-0.22198824
-0.14411844
-0.18597326
-0.05050783
0.39184852
-0.05901115
-0.13165757
-0.24854084
0.23721792
-0.08670389
-0.09004282
0.17110079
0.01708739
-0.59395339
-0.28469263
-0.12906046
-0.11489641
0.20529578
0.36260454
0.30507007
-0.25315461
0.14146765
-0.02064645
0.39456264
0.16454979
0.56063478
-0.31610486
0.11899824
0.29391862
-0.07411042
0.09653143
-0.06501277
0.16142853
-0.01967887
-0.21968605
-0.06484712
0.38244119
0.32464258
-0.14270887
-0.42803059
0.47359319
0.11370430
-0.35761978
0.30414718
-0.32582208
0.08686575
-0.30649717
0.23329818
0.16228355
-0.41566724
-0.01398694
-0.19232230
0.03825095
-0.58132231
-0.18372484
0.02118796
-0.22824182
0.26098796
0.47842801
-0.32986102
0.11313067
0.02201350
0.15714388
-0.39154750
-0.24154091
0.36567479
-0.66544447
0.47209388
0.01991947
-0.25436002
-0.00161788
0.36209713
0.43121565
-0.10933426
0.39226860
0.31680598
-0.10574428
-0.33843209
-0.00319369
-0.28291804
-0.25948569
0.10067518
-0.12677708
0.12942557
0.00457894
0.10529229
0.06912484
0.04827482
0.25224429
0.28259545
-0.26565715
-0.04498821
0.28920295
-0.46312704
-0.00397608
-0.35203865
-0.10475994
-0.12229484
0.19287999
-0.00498898
-0.61531476
-0.08517293
0.46086766
0.29952797
0.63240309
-0.15691849
0.09934401
0.06420710
-0.07119440
0.07905040
-0.17313968
0.11966676
-0.30815063
-0.07702726
-0.14148546
-0.23589050
0.37837553
0.11670315
0.00540111
-0.09132049
0.25900834
0.07642797
0.02980372
-0.20530405
-0.09722401
-0.24023963
0.10674717
0.27702260
-0.28859686
0.15747428
-0.03180226
0.03150988
-0.22422396
-0.22626432
0.70770853
-0.25783362
-0.01949039
0.30716197
0.01540036
-0.08820253
-0.01537534
0.29839185
-0.11209010
-0.20464938
0.13273014
-0.29981395
-0.06661430
-0.65231713
-0.12488907
0.68920248
-0.62712980
0.04322628
0.30890783
0.12125897
-0.00081829
-0.06442452
0.35916787
0.04124844
0.12095741
0.32455537
0.08847541
0.42087125
-0.39871837
0.15061308
0.29612699
-0.15993873
-0.04794182
0.15459768
-0.06658349
-0.49629379
-0.37221564
-0.35886511
-0.00315765
-0.22818550
0.18103385
0.16951515
-0.27928238
0.08251072
-0.39495964
0.10167996
-0.09831323
0.46699277
-0.01846999
-0.14883960
-0.30333932
-0.04769197
0.38198987
0.27459991
-0.25609408
-0.16863164
0.00805286
-0.23229878
-0.36581821
-0.09403453
-0.05054999
0.47053110
-0.04444194
-0.07104842
0.24921260
0.19406576
0.30447363
-0.03123193
-0.07201862
-0.22769884
0.24119015
-0.04774129
-0.18903166
0.14375448
0.01817901
0.45157658
-0.20932084
0.14117174
-0.37172311
-0.19659371
0.07292164
0.27634198
-0.33518236
-0.10641840
-0.68437231
-0.24116804
-0.15958603
0.28484399
-0.09313796
0.11746609
0.07557908
-0.23196334
-0.70087339
-0.05762915
0.55001529
0.03214954
-0.00739708
-0.28544869
-0.25885147
0.51562840
-0.06724382
0.11226243
0.12215688
-0.20056237
0.18773769
0.12978025
-0.32881422
-0.03022870
-0.59041716
-0.36427214
0.52622518
0.48274655
-0.04282679
-0.18782882
-0.08984148
-0.21079706
-0.02804283
-0.13253603
-0.38561044
-0.12700081
-0.21261172
0.16478291
0.35802804
0.17078713
0.15638863
-0.50219027
0.37055133
0.08990203
-0.19377352
0.09411489
-0.11172241
-0.50507734
0.11118832
0.11066141
0.01087393
-0.06936783
-0.51624384
0.34456576
0.40092583
-0.01623112
-0.29288405
0.11828748
0.23221950
0.17366578
0.19173630
0.43822109
-0.63155905
0.20849812
0.50246509
-0.23011612
-0.00079915
-0.24520601
0.32450505
-0.11370656
-0.01905618
0.32859430
0.15586167
0.28890092
0.08751303
0.11709024
-0.64803240
0.10768146
0.05472372
0.03497878
0.48408145
-0.00664647
0.04082979
0.14521121
0.33749363
-0.09155955
-0.15026497
-0.01216416
-0.08231095
0.14511378
-0.05228392
0.10023520
0.31373776
-0.31736697
-0.21575560
-0.22604182
-0.24116453
0.05225639
0.11346143
-0.20025965
0.27952205
-0.20876660
-0.56171352
-0.13985110
-0.07804723
0.17305944
-0.36449427
-0.14213949
-0.48622285
-0.07221621
-0.32147617
0.13558545
-0.13534462
-0.10880421
0.42596988
0.17291231
0.33518161
-0.48580254
0.39420454
0.01621118
0.16189786
-0.09869592
-0.00843703
0.33440221
-0.36332211
0.29237338
0.07032928
0.12951439
0.07359026
-0.03339632
0.02070961
0.52823020
0.48932130
0.07518822
-0.07302457
-0.51818664
-0.01046495
0.50847769
-0.01037318
-0.24530916
-0.04009805
-0.65878002
-0.46913844
0.10635900
-0.11164339
-0.08750458
-0.18785569
0.24018529
-0.00768014
0.48964792
0.24195067
-0.35151457
0.35330383
0.47835534
-0.33946232
0.10251303
-0.00507845
0.22665869
-0.06241753
-0.37041171
0.14681524
0.46138543
-0.16418661
0.01299927
0.09765874
0.53241700
0.26574451
0.15059170
-0.20221710
-0.54591741
-0.29576006
0.65890218
0.51479291
0.14056348
-0.06906723
0.04634787
0.01588341
-0.05906687
0.22896926
0.32663476
0.30685336
-0.12555826
0.19741790
-0.53911823
-0.30914166
-0.04633412
0.01679211
-0.27609225
-0.20994145
-0.18391775
0.22188108
-0.27540957
-0.29150711
-0.16174685
0.21866095
0.01712327
0.12186682
0.26118298
-0.26406347
0.01815157
-0.00043669
0.05598426
-0.04475267
-0.44638255
0.00235166
-0.06718355
0.01154743
0.45365763
0.18378528
-0.23094232
0.16259303
-0.33011853
-0.22546727
0.62667293
-0.05922694
0.34857784
0.19895845
0.13166574
-0.45313553
0.14266950
-0.24264224
-0.17919139
-0.12966348
0.14615908
0.29030226
0.20764102
0.10517326
-0.13706874
-0.04132701
-0.04751396
0.14763288
0.29725760
0.16165424
-0.04272520
0.30535377
-0.07491264
-0.03645402
0.19539091
0.32050251
0.34284464
-0.25096950
0.17151956
-0.33273246
-0.42817072
0.69459864
-0.00430785
-0.07863020
0.62286477
-0.40318904
-0.21168851
-0.19030743
-0.14419941
0.49558909
0.58215389
-0.17669742
-0.25919101
0.03970683
-0.39242750
0.18518221
0.02867848
-0.13295194
0.30066775
-0.02647412
-0.01973967
-0.01231450
-0.00689082
0.38529716
0.01887649
-0.38486228
-0.05928682
0.00807747
0.12944675
0.28142543
-0.28367284
0.08318251
0.01057506
0.26322460
0.12092373
-0.00342518
-0.05072637
0.15190786
-0.12286167
-0.13184330
0.08522058
0.46903598
0.16269937
-0.40050277
-0.11084908
0.27718281
0.04975580
-0.22802992
-0.07832500
0.04957548
0.51243243
0.15066605
0.45631236
-0.39061486
-0.01477398
0.18487225
-0.12328167
0.21416267
0.49037407
-0.22408756
-0.04110776
0.24925612
-0.03819334
-0.11019925
0.29016097
-0.52445605
-0.17440865
0.23026804
-0.59299325
-0.01417026
-0.26280549
0.35468866
-0.50987109
0.27821706
0.29498267
-0.60020178
-0.01782890
0.35405517
0.43186151
-0.27004873
0.03451556
-0.38899487
0.14592146
0.01754084
-0.05457060
-0.01826531
-0.20641367
-0.62569324
-0.43150085
-0.00920233
-0.20538633
0.03458773
-0.09973990
0.05048997
0.28863287
-0.30536274
-0.20414102
-0.41480156
0.03309535
-0.20538143
0.03138563
0.27903408
0.32183972
0.14107277
-0.07650600
-0.11054548
-0.30550733
0.03874404
0.08415709
0.15013219
0.08478855
-0.17663936
-0.02420925
0.04143161
-0.66663706
0.17673159
-0.47455644
0.08405018
0.12611110
0.16490432
-0.09623246
0.25415558
0.09851092
-0.35059903
0.18079329
0.05192267
0.13226773
0.16717939
0.19326748
-0.23132383
0.57894006
-0.16117512
0.16926799
0.54055951
-0.10570023
-0.18489864
-0.05626731
0.54324304
-0.07089041
-0.16484459
-0.25076937
-0.00666214
-0.63687943
-0.11459708
0.15558904
0.01440283
-0.29951093
0.43086347
-0.00424556
0.22564435
0.12765423
-0.35794205
0.23184698
0.10245011
-0.10104995
0.45300851
-0.11792812
0.40301803
0.11006622
0.36006831
0.13411114
-0.06969050
-0.26425286
0.14715168
0.34497100
-0.10053881
-0.14696908
-0.03606531
-0.02752181
-0.27681394
0.21301596
0.32844248
-0.29208239
-0.52235448
0.00118534
-0.14063909
0.38818188
0.31332059
-0.29823414
-0.37332609
-0.17869833
-0.72155205
-0.39338244
0.03825823
0.16513166
-0.04240737
0.47778876
-0.24695039
-0.28051097
-0.23136024
0.09792463
-0.31379561
0.08143085
0.17286793
0.14745145
0.21728528
-0.32645396
-0.25819407
-0.19808915
-0.43379956
0.07425893
0.29393450
0.04266307
0.03327909
-0.36106152
0.04751879
-0.13325270
0.40800975
-0.17629671
0.48291218
-0.08155979
-0.18700070
-0.08062487
0.16100318
-0.20042381
-0.13052825
0.47262258
-0.05523645
-0.25594820
0.45828339
-0.20553195
0.29778665
-0.24260748
0.41045845
-0.21212616
-0.26784329
-0.10955459
0.05159902
0.31157394
0.28529579
-0.44799250
0.31544604
0.05808351
-0.05703741
0.05609128
0.19516260
-0.40320386
0.12744084
0.07220320
0.01431249
-0.42678935
-0.43525343
-0.23358800
0.52502446
0.25095438
-0.24967994
0.15273726
-0.32066184
-0.22516193
0.40315898
0.16602042
0.27088876
-0.16645118
0.11309220
0.37519612
-0.30328677
-0.32342156
-0.21322661
0.12286660
0.04528852
0.14690113
0.08441772
-0.45618458
0.55860026
-0.30004705
-0.31403147
0.13996934
0.42648188
-0.28665877
-0.02205061
-0.12132548
0.07796203
0.34142510
-0.14781854
-0.31708945
0.09703707
0.02012227
-0.25279528
-0.07778375
0.23958021
0.12417886
-0.16162312
0.05605973
-0.36805462
-0.34825519
-0.42754566
-0.25424011
-0.21324337
0.33650894
0.00491412
-0.36755119
0.13043100
0.02829084
0.16092311
-0.31151534
0.04175669
0.17411492
-0.11095962
-0.06567769
-0.08089325
0.12752734
-0.58434548
-0.24915838
-0.02314349
0.18765143
-0.04408700
0.01612567
-0.20727741
0.66053242
0.22810383
0.11872679
-0.41525665
0.19622603
0.17193265
0.24272389
0.60202669
0.37522877
-0.54049001
0.38079053
0.29224151
-0.43585627
1.03185613
-0.19105578
0.10385393
0.35035862
-0.14357825
-0.00893462
0.38613402
0.60185157
0.25455252
-0.83054980
0.11351300
-0.06983591
-0.17561985
-0.24775694
0.00190979
0.54159083
0.08306586
0.74196587
-0.01796704
0.04602896
-0.07688774
0.02373484
-0.15199298
0.06870682
-0.10385770
0.09336642
0.21989595
0.04543937
0.04808439
-0.44203242
-0.01383917
-0.21970347
-0.09905883
-0.25196438
0.40528854
0.18972008
0.12754883
0.15848341
0.34152925
-0.12963838
-0.22849027
0.35896837
-0.04767138
0.15427071
0.04107282
0.00124479
0.40994522
-0.31596612
-0.00401124
-0.03909671
-0.26038816
0.10151060
0.30139427
0.10445957
-0.33969035
0.11961452
0.22404297
-0.06492585
0.17154631
0.14382272
-0.42592965
-0.15444950
-0.25229450
-0.10560236
0.07929201
-0.41184554
0.32498489
-0.52371430
0.41987452
-0.29866517
0.03218224
-0.50185155
0.17395875
-0.08739045
0.24138444
-0.23509557
0.17231415
0.01622856
-0.37331314
0.09219879
0.29480040
-0.50707240
-0.12896603
-0.32433597
-0.10394960
0.31989762
-0.02117925
-0.23627078
-0.29646210
0.30283037
0.16404573
-0.08764862
-0.21232757
0.09965504
-0.16583356
0.20582345
-0.02934264
-0.27234352
0.04740920
-0.07689206
-0.05936716
-0.28351140
0.17345878
0.23324089
-0.04476337
-0.63007862
0.18923011
0.05095931
-0.08286245
0.38267498
0.09589019
-0.49078754
0.46919722
-0.11783828
-0.10039383
-0.47460409
0.00973607
0.18626731
-0.36318078
-0.19941772
0.14689966
-0.08534310
0.29405582
-0.05680877
-0.16063031
-0.03697738
-0.07031767
-0.08175610
0.15905837
-0.28837367
-0.19899282
-0.19380744
0.37717874
-0.49420518
-0.49997371
-0.17946923
-0.21259733
-0.21061386
-0.19226784
0.70040466
-0.18190758
-0.02242048
0.08130206
0.22746654
-0.22589772
-0.24166679
-0.15075632
0.17815890
-0.58461560
-0.22096803
-0.54298040
-0.97613466
-0.16350793
-0.57238669
-0.64016773
-0.91447772
-0.25320613
-0.48194814
-0.29611499
-0.08888894
-0.23049401
-0.08174131
-0.17006364
0.36680584
0.49813728
-0.06578447
0.55548565
0.39533980
0.93872601
0.76678651
0.54820310
0.91187635
0.56923338
1.44872087
1.21915344
0.95970947
1.19520554
0.65985024
1.15967125
0.61704331
1.27363958
0.80942440
1.00262583
0.89597592
0.62244582
0.04360407
0.70562007
0.40201074
0.01210300
-0.34218817
-0.55019227
-0.29509080
-0.49952490
-0.72346333
-0.76368465
-0.05415918
-0.55905385
-0.71585559
-0.61673045
-0.86842418
-0.32156414
-0.69408437
-0.81922031
-0.51976232
-0.40469292
-0.20858507
0.18590799
-0.05142364
-0.36244375
-0.31987409
-0.60150243
-0.02672362
0.10592425
0.00593811
0.12338168
-0.14938669
0.12014146
-0.03862508
-0.16005769
-0.04093863
0.26602855
0.00455449
0.02077049
0.37037197
-0.19112497
0.18201493
-0.07107312
0.12183488
-0.25876904
-0.23552536
0.08316948
0.05007009
0.44834033
-0.01792122
-0.42373979
0.06432568
-0.02059112
0.06277424
-0.68906592
0.39344009
-0.10727723
-0.15937717
-0.13879605
-0.03421480
-0.09718635
0.14757389
0.03782839
0.07967549
-0.21166570
0.00294890
0.18631733
0.22032384
-0.50763497
0.33030028
0.05119877
-0.29555697
0.41465924
-0.07501025
-0.08656885
0.09158366
0.52223195
-0.06547383
-0.34104996
0.23985785
-0.04919317
-0.26555327
-0.11516383
-0.14217427
-0.51758475
-0.02195344
0.06681285
0.26499890
-0.31205453
0.36880040
-0.18428125
0.13297048
-0.26075495
-0.13912617
0.00259630
-0.16559594
0.28028292
-0.28329145
0.12344172
0.34671830
0.39964951
-0.42084537
-0.00803524
0.14357812
0.01874358
0.08270657
0.14184830
-0.27666508
0.10434442
-0.20479857
-0.21119060
0.48904981
-0.22389208
0.12825812
0.13097076
-0.01484133
-0.12154489
0.03879042
0.28321650
0.14350738
-0.17653097
-0.14435329
-0.28978755
0.17197747
0.27379320
-0.01892816
0.14510273
0.47022173
-0.04439793
-0.00448727
-0.14002473
0.38768351
-0.11013126
-0.06818870
0.27468820
0.71446935
-0.02184343
0.00946482
0.09243077
-0.03701003
-0.07207585
0.21667340
-0.30741620
-0.09666239
0.02169769
0.13921599
0.37667551
-0.18181818
-0.05988443
-0.30059263
-0.14324417
0.50805487
-0.14150070
-0.00041775
0.07996262
-0.09737060
-0.19208455
-0.21212933
-0.02529572
0.06471418
0.03580642
-0.32025890
-0.24331360
0.29766128
0.16049636
0.29100669
0.29432340
-0.13007964
0.16899159
0.22396340
-0.06635146
0.27779706
-0.43369520
0.29125224
-0.06666750
0.35668067
0.32273669
0.13734004
0.32471251
0.34264129
-0.32607963
0.47601990
0.52021892
0.06471038
-0.16908232
0.38481300
0.48525268
-0.22163255
0.57080073
0.16217193
-0.02857648
0.20721373
-0.06879350
-0.14339831
0.15411622
-0.60401218
-0.34184825
-0.88072453
-0.13224629
-0.11571854
-0.28312385
-0.10767520
-0.21470887
-0.16959601
-0.05247488
-0.42501325
-0.08070836
-0.11843197
-0.06169686
-0.00987722
-0.01218526
-0.06636323
-0.17839932
-0.17645224
-0.08547194
0.44925126
0.15055502
0.70416279
0.39548554
-0.00401411
-0.20183790
0.48876725
-0.37574286
-0.07286847
-0.32691287
-0.10969334
0.58602063
-0.20256207
-0.04917264
-0.27545636
0.15664626
0.40406425
-0.09388723
0.12478345
0.08886663
-0.45170281
0.35121612
0.34520583
0.62179989
-0.19420597
-0.14544697
0.20772630
0.16872992
0.04818780
0.03552409
0.26560088
-0.13608498
0.32657605
-0.22251655
0.50318748
-0.01896258
0.03070938
-0.29380393
-0.21221184
0.19929088
-0.02735359
0.25799669
-0.00678353
0.17150648
0.01013002
0.32567023
-0.00945471
0.29739143
-0.24303526
-0.07671155
-0.08133588
-0.14374282
-0.34209081
-0.16594388
-0.32466774
-0.42075999
-0.18157528
0.10564886
0.00380470
0.33161026
0.32572015
-0.15575847
0.36676239
-0.01424184
-0.23000412
-0.45267528
0.13624959
-0.38621660
0.21252598
-0.05082692
-0.26670608
-0.21651272
0.41694365
0.11292402
-0.44299383
0.12596147
-0.17095238
0.06504868
-0.22829666
0.13084032
-0.16541462
0.04320609
0.29626037
-0.07918002
0.00357794
0.21904553
0.02629957
-0.04096662
-0.46283475
0.35327227
0.22730088
0.31478625
-0.03692305
-0.12904573
-0.43112165
-0.06117207
-0.06984507
-0.49212995
0.07070704
0.18487902
-0.73154680
0.42234678
-0.14540303
0.05329237
0.05770826
0.58376702
0.21838183
-0.01872122
0.80061572
-0.42068501
-0.39584265
0.04625613
0.44133183
-0.11546259
0.13741178
-0.11419173
-0.15053029
-0.11298209
0.10980532
0.27609592
0.25009920
0.17467194
-0.05543918
-0.27002488
0.12841682
0.06266571
0.22000155
0.11408889
-0.29509453
0.30626344
0.14812641
0.18798086
0.14551202
-0.00745325
0.07314606
0.14291037
-0.21498880
-0.20165493
0.32430279
0.01557921
0.39014363
-0.15586859
0.37618968
-0.19430246
0.37908120
-0.02013039
0.05219452
-0.22106598
0.22649535
0.29024110
-0.04565721
0.51574278
-0.05516999
0.21723545
-0.19921497
0.13511491
-0.29858612
0.03032521
0.34335068
0.13638912
0.59522431
-0.02713010
-0.04174293
-0.12509834
-0.16078547
0.03577808
0.26310837
0.18589751
0.46063745
0.04437934
-0.11162208
-0.22387507
0.15090932
-0.09248708
0.40688102
0.01175155
-0.05524283
-0.34225293
0.10201717
-0.03598972
-0.04680891
0.25127909
-0.45211409
-0.06834142
-0.11808603
0.18810803
-0.10676926
-0.38913023
0.47065775
-0.20143873
0.06867536
-0.53057053
-0.02116671
-0.03997872
0.31089759
0.14689058
0.12437869
-0.48525355
-0.23067363
-0.06325041
0.17481720
-0.30464739
0.32095598
0.30501909
0.57677330
-0.43718271
0.18641427
0.04230208
-0.35540687
-0.70769760
0.21624282
0.12271898
-0.12674390
0.31857109
-0.09775659
-0.11798823
-0.02085450
0.18161177
0.17865216
-0.25978595
0.39469949
0.29527949
0.23352577
0.04506739
0.15264035
0.08616137
0.12170077
0.21775234
-0.06413933
0.35008014
-0.66224124
-0.41404600
-0.27963777
-0.02853702
0.04070650
0.25020483
-0.09378009
-0.14367404
0.08424503
-0.27805586
0.06598176
0.64539519
0.39634608
0.21126128
-0.10350977
-0.08791254
0.33446592
-0.60036888
0.14191801
0.05700590
0.10108589
0.15883606
0.10975891
-0.28861231
-0.37837118
0.69320536
0.41012435
0.01185366
0.08912106
0.23071794
-0.00155257
-0.19755971
0.13874673
0.13837595
0.56403004
0.32853917
-0.55567224
-0.06080380
0.09992712
-0.09903106
-0.19223673
0.19361422
0.03289511
-0.09552606
0.22337464
0.01779176
0.22383903
-0.29535418
-0.10445252
-0.31906318
-0.25923778
-0.13465174
-0.52682905
0.39723900
0.49273529
0.07519504
0.15418245
0.34291075
-0.03875905
-0.25203358
0.42658430
-0.04970605
-0.07679311
0.35293189
0.31721061
0.03387961
0.16350324
0.36007396
-0.21102872
-0.36154174
0.04830435
-0.10507922
0.04515188
0.32832986
-0.17181201
-0.07000747
0.23359653
-0.17580413
-0.20996596
-0.16586497
0.27513045
-0.03467986
0.27140565
-0.34318236
0.39593724
-0.29276266
-0.11386459
0.23217442
-0.11067917
0.06928434
-0.27766864
0.11833375
-0.22156658
0.52868593
-0.00894185
0.10879947
-0.26470385
0.26740104
-0.20793738
0.16160159
-0.28374351
0.23021103
-0.36654531
-0.09779428
0.02918154
0.15374226
-0.06894072
-0.14035891
-0.56265443
0.38228581
-0.32637320
-0.13600233
-0.17735558
0.07830417
-0.44810886
0.10534308
0.15053369
0.34839140
-0.05403633
-0.12505039
-0.22724923
-0.03027285
0.12417766
-0.37821059
-0.00723696
0.38567273
-0.31722803
0.24818282
0.05977955
-0.18233755
0.04971762
-0.63781095
-0.17342989
0.14406671
0.02329547
0.29451476
-0.29336502
0.34659218
0.03288580
0.18806728
-0.10009627
0.30914786
-0.25423387
-0.01126799
0.42319846
-0.08281815
-0.20322310
0.34329257
0.17588121
-0.68572926
0.00867776
0.48532476
-0.11653056
0.17969814
0.22107509
-0.34794978
0.18208277
-0.36273783
-0.05078621
0.02450932
-0.44706383
0.12465119
0.20579773
0.24126794
-0.02109727
0.15422726
0.07035076
0.15813805
0.24959285
-0.08537969
-0.04555243
-0.33472700
-0.27388688
-0.11891291
-0.07761855
-0.55201451
0.17096518
-0.15181468
0.00773731
-0.47142607
0.04785584
0.12104503
0.22690615
0.00751051
0.17998415
-0.00839902
0.19507478
-0.31829403
0.02676623
0.38633483
-0.03224757
0.04864924
-0.20924201
-0.00675412
0.20015928
-0.27069167
0.00523797
-0.27598522
0.18753278
0.06153610
0.09928038
-0.17323628
-0.05556658
-0.22049288
-0.01290707
-0.02768987
0.16668643
-0.39555254
0.11272184
0.26221196
-0.38277639
-0.20406608
0.37125482
0.54923323
0.24953575
-0.70066666
-0.29794569
-0.28844340
0.17468726
-0.03532082
-0.52738299
-0.70031825
-0.31646719
-0.00596490
-0.53667920
0.19395450
-0.16832362
0.21869706
0.05822096
-0.28039939
0.14526075
-0.03774380
0.34785784
0.16902718
-0.13438054
0.14148340
-0.45641647
-0.14050466
0.11669288
-0.27037054
0.08462169
0.08434915
-0.10160603
-0.52373511
-0.11233338
-0.36256929
-0.16992624
0.30306059
0.18566142
-0.21273622
0.09654598
-0.21415272
0.02291351
-0.05390017
-0.16571397
0.08276996
0.03310689
0.37838320
0.24496354
-0.42380905
-0.21721792
-0.01005580
0.02435769
-0.07376322
0.32788467
-0.01944833
-0.16778662
-0.21873126
0.03593199
-0.53313928
0.19526483
0.02431540
-0.03266806
0.32946208
-0.16182008
0.51986889
0.23503688
0.06294719
-0.06002815
0.03164455
0.47567614
-0.08030866
-0.36175753
0.36631589
-0.00668665
0.09778780
0.24769144
-0.01181581
-0.13647193
-0.23377588
-0.05920012
-0.19354493
0.16370027
0.10683993
-0.12619366
-0.33056071
0.17721255
0.07641247
0.18472479
-0.40019670
-0.06551993
-0.03282430
0.01783391
0.10497023
0.34583077
-0.05191513
0.03108894
0.42326847
-0.10379329
-0.37288129
0.27060916
0.23933929
0.42747955
-0.07851813
-0.11758994
-0.20434962
-0.05043980
0.44579733
-0.31282513
0.06673118
0.07256533
0.07251969
0.27598972
0.48151836
-0.42938853
0.35974305
0.00741014
0.23082674
0.24101547
0.26520320
-0.22319863
0.09566679
-0.26573643
0.25457291
-0.08022727
0.56771506
0.09636928
-0.10592719
-0.33393006
0.04764745
-0.07646402
0.05601081
0.32412649
0.00356099
-0.22643560
0.33362635
-0.38982412
0.04822863
0.27277256
-0.21047159
0.13432201
0.13955438
-0.12060390
-0.02711893
-0.10983130
0.14950977
-0.13142169
-0.08836361
0.01525895
-0.44417392
0.17444370
-0.08857630
-0.34821674
0.44621755
-0.25716602
0.11544450
-0.42168189
0.10935370
-0.64849049
-0.30070414
-0.33287159
0.30064230
-0.08981848
-0.18855329
-0.00911612
-0.11015811
-0.31378737
-0.39494552
0.49521927
-0.25308202
0.38152239
0.10718816
0.06333803
-0.02216178
-0.72929631
-0.21666438
-0.02343019
-0.37646325
-0.14764422
-0.02904411
-0.24970936
-0.25495453
-0.10012416
-0.15514442
-0.23519532
-0.10840942
-0.04533455
-0.40224754
-0.02439099
-0.08887418
-0.12092379
0.14694908
0.27490996
0.03976710
0.30283721
0.19222051
-0.16803990
0.17101751
0.09400899
-0.06204261
-0.07586044
0.44335914
-0.00526185
0.22475965
-0.32564253
0.22482943
0.08338705
-0.17867008
0.36065142
-0.03264601
-0.28956879
-0.16818565
-0.08868070
-0.04373191
0.00555811
-0.35343966
-0.02297792
0.08280585
-0.27263530
0.59749880
0.07687106
0.49086741
0.05844251
0.37072103
-0.28192826
-0.65180199
-0.25003469
0.06908630
-0.09600235
-0.16098274
-0.25177367
0.60787242
-0.21922438
0.00610653
-0.02330817
0.36212421
0.14542883
-0.12164330
0.04518710
-0.08611277
0.24678838
-0.21034798
-0.31422446
0.29897547
-0.15063101
0.25355167
0.26943314
0.20210108
-0.14640595
0.08705993
0.34761047
-0.11896144
0.11703654
0.69390509
0.32205790
-0.36641750
-0.34652049
0.35900099
-0.01211616
-0.21202058
-0.02551614
0.40223299
0.38959313
-0.08391533
-0.07850462
-0.22892131
0.06156918
0.12830660
-0.25598160
-0.28832204
0.17338473
0.09214657
-0.14816695
-0.06655418
-0.46304215
-0.53585361
-0.36665152
-0.05753532
0.07090609
0.12054254
-0.14653614
0.21543642
-0.11508329
0.58141578
-0.42124477
-0.03755322
0.03260913
0.02493748
0.80651640
-0.02501112
-0.00302017
-0.40470310
0.13623511
-0.03865648
-0.20007468
0.18077045
0.24496987
-0.34591315
0.07250609
0.58177184
-0.08554584
-0.18743683
0.08971841
0.03904622
0.28459930
0.25669764
0.30435671
-0.25916772
0.49127806
-0.27182313
0.15957453
