0.28975185
0.48163550
0.69311206
-0.04660246
1.47334196
-0.37104360
-0.79916871
0.17732705
-0.36245660
-0.60105948
0.42150419
0.02006493
0.27187836
-0.33686464
-0.48877290
0.33928609
0.33027927
1.56662871
-0.17585443
0.09725394
-0.62319866
-0.28273113
0.15095957
-0.28470199
-0.25024972
-0.15792246
0.16440851
0.86660787
-0.10234679
-0.18398920
-0.72178414
1.19768029
-0.90696049
-0.48827015
-0.06015693
-0.09619375
-0.64949601
0.53854771
0.53010708
-0.22436876
-1.33440519
-0.33966667
-0.29782764
-0.28765184
0.20093057
0.34624535
-0.57798634
-0.04309629
-0.52850424
-0.15846050
0.47743917
-0.70021097
-0.69459435
0.98442995
0.34542298
-0.31370382
-0.16541629
0.49756651
-0.74561979
0.09587510
0.24113369
0.08826902
0.59556775
0.11695017
-0.17852249
-1.25146424
1.16643492
-1.01183909
0.59027774
-0.59446392
-0.12630667
-0.30631139
-0.72337590
-0.89640368
0.71517464
0.51669389
-0.09232572
0.88044045
-0.63977616
-0.83131815
-0.51023878
0.98509751
-0.34559178
-1.02690908
0.03344762
0.52945131
0.04358248
-0.01841060
0.30937035
-0.01548501
-1.16505721
0.85464967
-0.17609878
0.12447030
-0.75904956
1.26893015
-0.05171340
-0.42045183
0.00404357
-1.03101039
-0.06681085
0.79966675
0.87383271
-0.19389000
0.45451623
-0.36598674
0.18327810
-0.03922686
0.54126884
-0.35604563
-0.37200660
0.73792436
-1.07074163
-0.63996610
0.04945079
-0.79475117
-0.59104406
-0.23393661
0.65421136
0.61370724
-0.13985475
-0.66245622
0.45427109
0.80578848
0.07048782
-0.76123359
-0.13707018
0.98594475
0.44749595
-0.10994297
-0.53786762
-0.14854400
-0.96048016
0.11894978
0.63644359
0.37334534
0.31506641
0.44127192
-0.26959900
0.27658535
0.02419350
0.88206848
0.25903465
-0.03859599
0.25985329
0.32132647
0.11582211
0.68055578
0.16615324
0.73112012
-0.71710094
-0.09205967
-0.21384202
-0.37237998
-0.61030526
-0.39852592
-0.32361785
-0.50509594
-0.47239668
-0.84054818
-0.30259690
-0.92757299
-0.59043701
-0.75207615
-0.55787298
-0.33483017
0.44160126
0.94612141
0.32657690
-0.39715588
-0.22542991
-0.49751614
0.30646432
-0.33586327
-0.11823459
0.18855359
0.68415878
0.17194910
-0.53060902
0.54939987
0.31659375
0.43749271
0.38836244
0.60430336
-0.68639128
0.90253186
1.01837877
0.48786708
1.08129494
0.00144295
-0.70240391
-0.67036141
-0.00773116
0.24021941
0.75969720
0.60064315
-0.35741904
-0.54659208
0.36140184
-0.02703592
-0.09940424
-0.94278403
-0.23026359
-0.21785851
-0.00653293
0.09891768
-0.55097162
-0.91985336
0.09898945
0.43914335
-0.36651452
-0.07899069
0.24513665
0.44450030
0.82799560
0.47793985
0.16132299
0.50994567
-0.14510293
-0.24709158
-0.55358660
0.30437751
0.98346743
0.61971187
0.16737303
0.81602687
-0.15012903
0.42951643
0.37046031
-0.16854484
0.12753159
0.66722590
0.11718204
0.04115787
0.82133309
-0.41883291
-0.32248485
0.07043346
0.20399184
1.90321592
-0.65077608
0.47868729
0.42134846
0.14251883
0.02597270
-0.43529514
0.44162899
-0.38490196
0.35871883
0.47056644
0.23268573
-0.10432117
0.24952206
-0.47988557
-0.69727964
-1.51582708
-0.54699423
0.11059796
-0.16539167
0.03704037
-0.05025801
-0.17821073
0.80543774
0.15775839
0.25149090
-0.87656616
0.25163116
-0.07412698
-0.01927336
0.49920323
0.51006402
-0.26481853
-0.57260383
0.01939615
0.60571954
0.44653718
-0.18343762
0.19360327
-0.98261347
0.68532452
0.63377425
0.41723933
-0.56706707
-0.64548888
-0.30927929
-1.20378639
-0.00701186
0.28562264
0.37942648
0.33100195
0.05796410
-0.16874967
0.85996821
0.17791095
0.11788792
1.45427646
0.20913457
0.43468810
0.34140618
0.02514368
0.09821626
-0.43401258
0.06870529
-0.63423061
0.20054579
1.01731984
-0.83636205
1.85668781
0.94039105
0.71479248
-0.41004801
0.18192833
-0.10748064
0.42557872
0.18290364
0.45657979
-0.43037760
0.14373672
-0.93628279
-0.04307999
-0.61999703
0.31625147
-0.15323130
-0.64140815
0.08816295
-0.26378041
-1.00048950
0.25170319
0.09527824
-0.23025236
-0.30290837
-0.24722811
0.25774604
0.64634797
0.11570250
0.16534971
-0.58856913
-0.27267222
-0.18971020
0.10349041
1.38765755
0.25802876
-0.93850122
-0.15120937
-0.02581929
-0.35997494
-0.14228048
-0.16983280
0.72437467
-0.26951884
-0.19316431
-0.67364792
0.92016168
-0.02240835
0.09975508
0.45297684
0.59052007
-1.13565869
0.10289955
0.44771708
1.80687651
-0.44086647
-0.89292380
-0.00393338
0.95832999
0.17479737
-0.83258575
0.00776597
-0.02341026
-0.14844930
-0.72841210
0.02778726
-0.20829849
-1.17689653
-0.13998583
0.11199122
0.51284695
-0.43521376
-0.62302029
-0.46036625
0.21802103
-0.47620369
-0.24243853
-0.71273386
0.15021165
0.08135935
0.68636135
-1.05678424
-0.05967259
-0.40455603
-0.79944266
0.02058205
-0.18339838
0.86077824
-0.66232952
-0.09948565
0.12406950
-0.05221852
0.20897147
-0.38458916
-0.24815385
-0.21792839
-0.81675047
-0.24492244
0.88158553
1.37847159
0.64055534
-0.13034992
-0.36063108
0.63477795
0.05754309
-1.00999248
0.53191214
0.02428303
-0.74703322
-0.00469479
0.60654920
-0.54927213
-0.42045114
-0.14112521
1.01028036
-0.23306462
0.90587786
0.37488560
1.17782316
-0.07933038
-0.28550778
-0.34501445
-0.46415395
0.48222894
-0.32917982
0.42748838
0.40339586
-1.22549110
0.73890930
0.16720291
-0.40418464
0.24793154
-0.20991101
0.37887484
-0.82351532
-0.00242652
0.95004079
-0.45538045
-0.45152417
0.92002220
0.19932224
-0.10939879
0.51602231
0.54061517
-1.01357633
-0.94928291
0.70345017
0.52597053
-0.27771184
0.20703581
0.47568557
0.16623387
0.12964899
0.35048016
-0.79181985
0.40222792
-0.05261712
-0.08718255
-0.35702305
0.00235470
-0.24183513
-0.39375240
-0.18412848
0.73714323
-0.44954447
0.57877860
0.25871066
-0.78844842
-1.08326726
1.33857226
-0.43220489
-0.26517791
0.25259543
0.08688022
-1.10409313
0.86143989
1.25815926
0.34046174
-0.78743179
-0.44629527
1.22593429
0.07278299
-0.23410083
0.25289512
-0.12811474
-0.22403323
-0.53458848
-0.31445357
-0.21953647
0.43085421
-0.20528864
0.98823029
-0.26122335
0.24498635
-0.01517119
-0.53895917
0.35859117
-0.49041337
0.32893449
0.31107315
0.84319158
-0.79284241
-0.31125332
0.36009751
0.56190922
-0.12491078
0.13579934
-0.00721086
0.88324249
0.25101018
-0.53789600
0.71704028
-0.03394535
0.56895250
-0.02922564
0.77868422
-0.41697166
0.54562075
-0.26340285
0.51298901
0.16640898
-0.74008355
0.59415961
0.12568090
0.05154969
0.14517423
-0.21482085
-0.43893105
-1.09818111
0.05207698
0.32812587
0.91058672
-0.68024860
0.29490281
0.33210659
0.84244906
0.48280639
-0.07024914
0.01478938
-0.15605620
-0.61872415
0.51241334
0.10817601
0.09920531
-0.58577178
-0.01210872
1.25303147
-0.55163235
0.55529261
-1.20357760
0.37720920
-0.04624284
1.25408398
0.26437616
-0.10536949
-0.91682988
0.54514628
-0.84748648
-0.07468917
-0.76793430
-0.38012203
-0.78407746
0.40297706
-0.31455351
-0.38820635
-0.95060074
0.43616580
-0.32946803
-0.58562437
0.20247400
0.08933416
0.36008538
-0.79936352
-0.41434075
-0.54076339
-0.25125239
-0.44385414
0.83281238
0.44848233
0.11575011
-0.76537847
0.48821326
-0.56178539
-0.17611743
0.14916850
0.23046432
0.10085735
1.14113276
0.37534213
0.36864213
0.26009428
-1.47184449
0.29745199
-0.99668230
-0.54729420
0.66526663
-0.80184352
-0.45271934
-0.88932015
0.77139571
0.30989708
-0.13101582
-0.28391785
-0.26872509
0.42617944
0.35817703
0.18097882
0.47875718
0.06538122
0.10401575
-0.32805297
0.68923953
0.12163674
-0.31626220
-0.46470224
0.07271973
-0.34151653
-0.03775944
0.62950197
0.15508767
-0.46262224
-0.30361440
0.62543314
0.77625937
-0.00050940
0.11098210
-0.10915769
-0.09418646
-0.63613004
0.51366777
-0.23632937
-0.10831040
0.72696009
0.37764413
0.08516425
-0.52520793
-0.31001771
-0.27943119
-0.19697640
-0.33855104
-0.22020646
0.46411757
1.46058572
1.15559680
-0.04944305
-0.64524690
1.75067640
-0.68882954
-0.20118595
-0.20191268
0.47969782
-0.94499793
-0.49311888
1.01346818
0.30671660
0.26341287
0.38306203
0.60265109
-0.23635223
1.03914914
0.16035563
-0.35482840
0.98138801
0.07657409
0.82526583
0.08592851
0.75935792
0.39347036
0.06994672
-0.17406165
0.81099341
0.17104824
0.96219405
-0.18717700
-0.55408698
0.15134744
-0.65998443
0.39553896
-0.29120558
-0.70185350
-1.35408805
0.47817487
-0.33130465
-1.44052304
-0.93464682
-2.03650826
-1.23951260
-1.57824181
-2.07940568
-1.60100933
-0.13680353
-0.53607061
-1.71406455
-1.40297745
-0.90912449
-1.08585414
-1.04626385
0.03344618
0.88070668
-1.09041264
1.04370647
0.07814173
0.57557485
1.87056184
0.81137747
1.01755255
1.48487608
1.25952483
1.79383633
0.63978374
2.03242208
1.77489063
1.29437804
1.41356063
1.34889807
0.33326913
0.16142567
1.20548714
0.19712571
0.90686598
0.58111752
-0.00622362
0.06489719
-0.46114330
0.32943936
-0.44812907
-0.84929243
-0.40765551
0.24636389
0.51166613
-0.70220204
-0.42521270
-0.52798796
-0.78002906
-1.85748489
-0.86885061
0.00910377
-0.85188047
-0.58572389
-1.49584489
-0.80688171
-0.63337806
-1.11816888
-0.42581074
0.06110908
-0.61738760
0.58422221
-0.83020927
0.37399452
-0.91307777
-0.43217221
0.11754349
0.20776705
-0.63535879
-0.23472115
-0.24472276
0.50057294
-0.21415090
0.57020138
0.02713514
-0.49787945
0.39286865
-1.04075779
0.00415641
-0.35260291
0.14659041
-0.16975912
0.63334235
0.64021555
-0.26595803
0.19913823
0.00167337
-0.54994860
0.48973581
-0.75641613
-0.12149484
0.62064026
0.26329443
0.07428028
-0.19810524
0.05178304
0.45099559
-0.77183279
-0.28338972
0.01748671
0.52264246
-2.01362203
0.90538569
0.34409131
-0.01552720
0.13612747
-0.20844771
-0.48048028
-0.35443888
0.46217247
-0.68791807
0.33880000
-0.12712847
-1.01541582
-0.57097827
-0.17528072
0.73101019
0.63275473
-0.09897619
-0.30527555
0.12145606
-0.43599225
-1.37172710
-0.44325919
0.04080691
0.16075781
-0.52190402
1.16816613
-0.88887514
0.28550665
0.14094574
0.08173351
0.31033348
-0.29466280
-0.89993558
-0.63077757
0.25798792
-0.07750035
0.07131707
-0.02526906
-0.73062304
0.34910763
-1.30357631
0.28146170
0.17107104
-0.52569246
-1.21847051
1.16127216
0.73841014
0.37143499
0.09645558
0.15059545
-0.39244104
0.65862376
-0.59813858
0.61804210
-0.48444281
-0.44955692
-0.05415433
-0.23376482
0.35822183
-0.87577450
-0.20816696
-0.13335723
0.61825665
1.08523409
-1.05833592
0.80015387
0.48627409
-0.04558048
-0.78593517
0.64442976
0.15742509
-0.38555473
0.47408898
0.30740714
-0.07896343
0.44516733
0.06357384
1.06043998
-0.61026049
0.87825169
0.30733127
-0.19125978
1.02986236
-0.56590710
0.00547975
-0.30401089
0.74816712
0.52173786
0.13792098
-0.30044663
0.44992681
0.67600014
-0.19018294
1.53416444
-0.62714495
-0.13790196
0.34917744
0.63231500
0.78332761
0.24409960
0.35833690
-0.34427445
0.42090488
0.17517035
-0.90415818
-0.22422945
-0.59826804
-0.10941715
0.17833035
-0.50935536
0.40100477
0.23393771
-0.05444735
-0.41238060
-0.20642954
0.13467667
-0.57627266
0.30759300
0.27687070
0.92409318
0.50003757
-0.02941631
0.51070775
0.28034599
-0.72129196
-0.97496751
-0.28061715
0.28402111
-0.02456860
-1.03178262
-0.30510609
-0.06403220
-0.15001522
0.16368883
0.68144922
0.48528620
-1.06409824
0.34427957
-0.60454055
-0.07965895
0.76762602
-0.67317561
0.24387056
-0.54000885
0.24158037
0.28440940
-0.08277408
0.18402406
-0.16829317
-0.03301430
0.25329159
-0.54903193
0.12226417
0.34038493
-0.51887279
-0.33386429
-0.44853046
0.09560187
-0.45496764
-0.33813387
-0.57061116
0.35251969
-0.19389732
0.61767657
-1.13581402
1.65685942
-0.65780832
0.13033280
0.73759355
0.06182931
-1.98412944
-0.45573837
0.47453649
-0.62266053
0.65084935
-0.20597492
0.22761791
-0.87337612
0.81751051
0.81300794
0.50862779
-0.26248806
-0.24944547
-0.09930385
-0.03488842
0.07120631
-0.93662164
-0.50479247
-0.50423443
-0.26161390
0.52110199
-0.13747727
0.11105188
0.18591837
-0.13852567
-0.33279184
-0.66148711
-0.57582689
-1.13681281
0.16578627
-0.64529196
0.24304882
-0.52771161
0.32203073
-0.10476144
1.27722435
0.00674195
-0.39909219
-0.70482513
0.05386332
-0.84973286
-0.68652982
1.00811069
-0.70350803
-0.16629910
-0.53309870
0.01456221
-0.05793444
-0.03375724
-0.20842668
0.97376813
0.76155621
-0.14186099
-0.13256208
0.13503001
-0.63905539
-0.28016364
0.13259989
-1.22032159
-0.26543079
0.37391403
-1.04480692
-0.05936322
0.35723066
-0.04152914
-0.23580879
-0.00926927
0.55275496
-0.07446625
-0.17845467
0.01506441
0.18029391
0.43257439
0.62910951
0.46777151
-0.46102612
0.25925871
-0.96583572
1.16696723
-1.08477379
-0.47648937
0.52642632
0.02429318
-0.77534543
-0.52980670
-0.53480924
0.30534884
-0.51002208
-0.04796958
0.49306570
0.02445126
-0.65084033
-0.06983964
0.07483958
0.67321530
0.16278615
-0.04007848
-0.04649223
-0.20672941
0.09532106
-0.57708925
-0.28396168
0.78396681
-0.71080002
0.07344366
-0.24447236
0.34569083
0.91176442
0.00346739
-0.05870366
0.33148641
0.58737709
0.62204821
-1.01476712
-0.70758309
-0.34509650
-0.36410209
-0.26376532
0.30866340
-0.26359312
-0.13546286
-0.43823665
0.48043563
-1.20811525
-0.25270434
0.14200606
-0.37537472
-0.44271770
0.41879299
-0.84519461
-0.08339284
0.19082198
0.63006986
0.25061126
0.24919262
0.26329660
0.16761512
-0.11319188
0.12750134
-1.21708997
0.97162985
0.59432756
-0.29839815
-0.28849066
0.38875964
-0.32830724
-0.10204275
-0.36869960
0.25987700
0.43518969
0.04507044
-0.45699242
1.01720657
0.23061346
1.32237722
-0.58846762
0.90329618
-0.69757860
1.31440563
0.26436122
0.74757185
-0.13791360
0.09912418
0.84765598
-1.18170893
0.29360397
1.34849429
-0.23775137
0.37033219
-0.03781248
0.33870630
-0.98867837
0.09869974
-0.90478220
-0.62401656
0.37192491
-0.44415660
-0.58701279
0.81943081
0.13301182
-0.26540153
0.33944133
1.12870661
0.50501537
-0.30368910
-0.63383551
0.64696522
0.67644120
0.17273068
-0.51323457
-0.69819384
0.11200761
-0.02256601
0.01794634
0.75134818
-0.47215938
-0.49037689
-0.19213486
0.06961900
-0.16838979
-0.16528651
-0.77246515
0.03254402
0.12348712
-0.85345654
0.06412327
-0.12587937
-0.72863526
-0.71689000
-0.57297447
0.39499659
0.50554637
0.57592395
0.32918620
-0.48394584
-0.10110198
-0.26404880
-0.12056013
0.46040891
0.01818777
0.59479396
0.36876657
-0.52637951
0.54739043
0.25442206
0.33571380
-0.05432236
0.67337662
0.29102732
-0.94209072
-0.50445029
0.04569806
-0.24885034
0.54703080
0.02999716
0.44954365
0.37022979
0.66933074
-0.46998290
-0.68169183
-0.65972998
-0.15242421
0.15820239
0.93268393
0.42427025
-0.46579886
0.11129775
-0.11871718
0.56903820
-0.11770892
0.82109585
0.11044289
-0.49472882
-0.66245588
0.60760482
0.37366784
-0.50351254
-0.05228196
-0.51908247
0.51608411
0.95596393
-0.78632936
-0.04764528
0.56448218
-1.47368135
-0.18316907
0.89658174
-0.26678159
-0.35265687
-0.16063812
0.56172754
0.40355345
-0.42221435
-0.53052911
-0.00622086
0.90590400
-0.24718142
0.17130533
-0.19237411
-1.26883391
0.04864305
0.63040429
-0.01854630
1.51307441
0.33198929
-0.34084417
-0.70054755
-0.46458958
0.08052984
-0.36608249
0.09500770
0.08762999
0.40237797
-0.23851627
1.46533323
0.91007148
-1.13898421
-0.37303862
0.09097744
-0.32621420
0.30855867
0.39483475
-0.39634641
0.50866804
-0.32400387
-0.21253248
-0.53709310
0.04522243
-0.78276460
0.31578089
0.39369813
0.83423913
0.22743785
0.41187699
-0.92413115
0.88852910
0.74794699
-0.19765759
0.33237695
-0.51360940
-1.05009221
-0.23713397
-0.64796795
-0.57011927
-0.37244590
-0.47386114
0.15458470
-1.16267161
1.69241417
-0.45351636
-0.06544232
-0.37124511
-0.10057420
0.22245765
-0.20501244
0.44518442
-1.32614587
-0.07608614
-1.22061923
-0.55936049
-0.23973052
-0.11682869
0.47702618
-0.40941146
0.38512454
-0.14898902
-0.42457545
-0.51906900
0.16455866
-0.02782233
-0.70353766
0.04676212
0.26928853
-0.96987846
-0.16653752
-0.30462954
0.54647371
-1.08196211
-0.51378022
0.01571740
-0.05593403
0.30796685
0.61077269
-0.26155440
0.00017301
0.25192852
-0.12398084
-0.54105075
0.25903400
-0.36811033
-0.65744258
-1.05602248
0.13863020
0.28703989
0.48070640
-0.28293667
0.20115598
0.50981138
-0.33848581
-0.87585116
0.29109484
-1.42114765
0.17775273
0.38546196
0.22068133
-0.78343128
0.48306016
0.60473810
0.11883157
0.27997366
0.60895883
0.20744056
0.27472123
0.34189987
-0.16183271
-0.49401212
-0.53653826
-0.35116926
0.16865415
0.17499906
-0.94082863
-0.42221723
-0.44503418
0.41067848
-0.24428816
-0.64738686
-0.12684203
0.32505908
0.06102689
-0.02178227
-0.56205770
-0.50745787
0.35427971
-0.70704599
0.48235569
-1.09973208
-1.07858106
0.32013158
-0.31283734
0.24219357
-0.28404570
-0.02431854
0.67964325
0.69552868
0.49284031
0.87728922
-0.41009105
-0.62585889
0.01822965
0.08824872
0.10019192
0.45201594
0.10492491
-0.65798439
0.66084916
0.20487877
0.13897616
-0.41744334
0.47389838
-0.41004289
-0.16431477
0.59837859
0.29084423
-0.29477295
0.13938159
-0.34532558
-0.33071690
0.09405759
0.50644853
1.03654865
-0.34078394
-0.55126904
0.68647164
0.54487284
-0.33790471
-0.83085861
0.98939754
-0.79006866
1.14947951
-0.79983145
0.33513398
-0.43783783
-1.03576577
-0.23565065
0.07616492
-0.31559300
-0.23729269
-0.66557573
0.26352740
0.15730334
-0.45475580
-0.35017711
0.43734582
1.03826752
-0.02710889
0.30193822
-0.46479111
1.14339348
0.60770085
-0.48427800
0.42915518
0.19517255
-0.14459527
-0.06433730
-0.40057964
-0.30181738
-0.36907617
-1.03359394
-0.23268937
0.83758403
0.29524463
-0.04289602
-0.45353286
-0.16325506
-0.63951818
0.42975187
-0.40970330
0.58668155
0.17436756
1.14754998
0.23856787
-0.21898404
-0.00664745
-0.55351871
0.41419482
-0.36341226
-0.57788310
-0.11811269
0.33908949
-0.97367620
-0.23320752
-0.20715482
0.83883896
0.13808942
-0.13664040
0.51468754
0.15227528
-0.66267463
-0.85866949
0.31989718
-0.30488617
0.01775645
-0.93249645
-0.01656735
-0.02915824
0.97388727
1.67137900
0.63875610
0.11507283
0.13953320
0.52321556
-0.19618265
0.07074327
-0.57781523
0.18703416
-0.87650723
0.05309999
0.25414890
0.56332774
-0.16475668
-0.90959117
-0.72276924
0.18250147
-0.07508857
-0.41700126
-0.08328611
0.40091761
0.33724636
-0.81707968
0.51767002
-0.07429456
0.67617498
0.20569072
0.06158210
-0.71583325
0.82010467
-0.29152618
0.96066522
0.17874071
0.13015177
-0.15427527
-0.44179068
0.46814110
-0.92830303
-0.33638023
-0.67182084
-0.93564281
-1.16200382
0.15284126
0.25789572
0.02140612
0.30000796
-0.17805109
0.61459399
-0.10193729
-0.79641946
0.60562655
-0.11995119
-0.32162519
-0.19937105
0.54899307
-0.52329095
0.08096203
-0.40951651
0.83598533
-0.13018684
-0.99102773
0.14800267
0.09106283
-0.32159650
-0.17341190
0.71970757
-0.28243819
0.30929853
-0.02298377
0.01197089
-0.05867386
0.04082873
-0.23613470
-0.57955521
-0.20548393
0.58064816
-0.06435182
-0.47348203
0.32731503
0.31013715
-0.12341430
-0.50951363
-0.70354568
-0.81636314
-0.04791387
0.55418089
0.96320139
0.26962785
0.42887082
-0.27972307
-0.39408735
-0.13361229
-0.20703546
-0.20159928
0.30951689
0.18319340
0.16546054
-0.22125546
-0.07615915
0.51918144
0.82330087
-0.31910631
0.06305842
0.18066726
0.30302118
-0.77011305
-0.42570210
-0.08843796
-0.01831772
-0.33006218
1.07488936
-0.58186196
-0.37421079
-0.15965383
0.49960013
-0.91835504
1.03904030
-1.14256616
1.16962448
0.58127565
0.48889700
-0.30056736
-0.25604927
0.82920389
1.58436708
0.18645121
0.34638651
0.05786982
0.08362647
1.36428382
-0.43876652
0.19817165
0.11986668
0.22663213
-1.26633548
-0.72026451
0.52259574
0.59849212
-0.73118200
0.37631156
-0.51341247
0.51258941
-0.11736972
-0.44326248
-0.82296996
-0.51313847
-0.12497455
-0.85744125
-0.93890698
0.45310584
1.02597452
-0.18844872
-0.43149498
0.47796200
0.04675595
-0.14797033
-1.02723178
0.22106889
-0.10962656
-0.21420111
0.05639653
0.78444237
-0.08824475
0.30345995
0.18227993
-0.29357819
-0.43695563
-0.02090924
0.58852820
-0.01378011
0.55138666
-0.05195392
0.01717545
-0.24977524
0.43603935
0.17244667
-0.15370057
0.64832828
0.75714597
-0.36616743
-0.19463033
-0.53997015
0.09291230
-0.05638590
0.66818338
-0.75049663
0.16962347
0.14839211
-0.39759857
-0.58896377
-0.11985358
-0.92885736
-0.51251806
0.25615682
0.34536593
-0.24683896
1.15058554
-0.88406516
-0.14783443
-0.61113153
-0.15058274
-0.79424316
0.18902793
0.02573030
0.07411704
-1.07081121
-0.04332048
-0.45213217
0.75176622
0.25697975
-0.70727223
0.04732051
-0.12455066
0.08229636
-0.13014631
-0.35473568
0.13711327
-0.35148785
-0.71285684
0.04232319
0.58147385
-0.39984691
0.16369228
-0.13733472
0.24573333
-0.11987723
-0.45350727
-1.04845255
-0.99036575
-0.21272364
0.84034273
-0.46288203
-0.06133031
-0.26014412
0.27674791
-0.60778951
-0.58150635
-0.52343010
-0.51503019
-0.80496084
1.22043528
-0.26379796
0.22114097
0.82907538
0.21092593
0.62589020
1.41361154
0.87394699
-0.52743944
-1.01743099
-0.64462833
-0.71519968
0.18421580
0.24194514
0.38232762
0.04038032
-0.57281909
1.08887327
0.43534127
0.74565140
0.36203410
-0.99329563
-0.34366739
0.72571706
-0.39050390
0.38495157
0.78253663
0.30354038
0.43406639
0.52296003
-0.56103090
0.93689302
0.33234402
-0.18428478
-0.41574026
-0.33120683
0.79431956
0.26332629
0.29603548
0.75582167
-0.91663496
0.07439401
-0.34051944
1.09581513
0.78657142
-0.30202096
-0.40961820
0.86535589
-0.11528559
0.31194349
-1.01353103
-0.83309957
-0.34676778
-0.25436343
-0.72484279
0.15910698
-0.24927308
-0.31582631
0.55661146
0.74254507
0.20558945
-0.17999727
0.59695540
-0.34306675
-0.67804002
-0.91557158
-0.73678165
-0.07936526
-0.65595398
0.12068271
0.39977734
0.18052463
1.04190360
0.48864474
-0.31125250
0.80511314
0.25713841
0.73452518
0.41823183
-0.04607533
-0.71726975
-0.35655339
0.28594763
0.02847576
0.05740154
0.60435578
-0.49150917
-0.73403805
-0.33297640
-0.11159093
0.79355688
-1.33383961
0.01351382
-0.85805074
0.65883704
0.36429861
-0.64081657
-0.45629041
0.06516363
0.20370571
0.66031071
0.12851058
-0.28295894
-0.03648660
-0.61503114
0.45347964
0.55203435
-0.37007332
0.24124086
-0.29967677
0.22759470
-0.11506916
-0.72615256
-0.45546478
0.03302325
0.60383878
-0.31717210
0.38946664
-0.09094882
-0.51243120
-0.35238497
0.17924046
-0.53605164
-0.20805426
-0.60667797
0.12218376
-0.66467193
-0.01881656
0.41292880
0.84254425
0.45534744
1.33615511
0.52393857
0.00705621
-0.17708144
-0.71012902
-0.24382255
-0.50125615
-0.11153370
0.29502410
-1.06464181
1.10725075
1.86611369
0.42645072
-0.41078027
0.47102126
0.04783518
-0.09659706
-0.24705812
-0.33014164
-0.00497027
-0.50136149
1.01565689
-0.26672626
0.30099091
0.54021668
-0.24759663
-0.00606202
-0.16983310
0.23991902
-0.88815508
0.54824350
-0.11492473
0.00756502
-1.12293106
0.29160612
0.19590896
-0.05218764
-0.38711429
0.33626583
-0.25970133
-0.50455694
0.01050169
0.15404890
-0.36388193
0.21563001
-0.29891054
-0.31353718
0.09868947
-0.85057873
-0.15459855
-0.33127698
-0.65546143
-0.57998089
-0.06351088
-0.32671768
0.01970560
0.61698096
0.17611783
0.67473809
0.18194317
0.04050257
-1.13768505
-0.33970385
0.07258223
0.51380904
1.29540149
-0.64431534
-0.41747846
-0.10266243
-0.12760493
0.86760386
-0.00703695
-0.08287864
0.60687378
-0.06191495
-0.91454871
0.56722643
0.34484516
0.31251184
0.33358973
0.30389869
0.45702334
0.13640878
0.64654044
0.27935088
0.63917553
1.30423634
0.27294243
-1.00345775
0.21914658
0.09353138
0.30111341
0.17386677
0.59883570
0.24689281
-0.23327302
0.23322957
0.63622866
0.84219731
-0.21510687
0.12597759
0.22149455
0.07839662
0.81484213
0.40273107
0.23642007
-0.10767229
-0.50026750
-0.32519838
0.35291412
-0.75275228
0.80868596
0.26093286
0.18940940
-1.29567707
-0.77357376
-0.36091921
0.42525484
-0.06965376
-0.52314090
-0.22184654
-0.52686287
-0.17099083
-0.31219504
0.40666868
-0.47988742
0.46151496
0.23748660
-0.11695721
0.56909584
-0.24050039
0.50544771
0.55700125
0.19481612
0.20263495
-0.17307833
-0.31847205
-0.32438901
-0.06109261
0.55934188
0.25359384
