-0.04259270
-0.00681717
0.07603371
0.05662844
-0.10083363
0.02820540
-0.01533073
0.16637371
-0.07401306
-0.06722864
0.01645394
0.02011371
0.19817972
-0.13521880
-0.15676401
0.02819658
-0.18781546
-0.10163022
0.14783229
-0.19889152
-0.05702072
0.20272426
-0.03072016
0.09270230
-0.06253572
-0.04710774
0.02724730
-0.09294706
-0.04663438
-0.24714543
-0.01092193
-0.02896937
0.18238076
-0.02434034
0.21247567
0.00604460
-0.08168414
0.06676077
0.01906885
-0.20081751
-0.09521460
-0.09482478
0.05577523
-0.16951276
-0.28507421
-0.06469374
0.01174385
0.03989348
0.14490489
0.06158846
-0.10989011
-0.23091236
0.09131206
-0.10586503
0.05005176
-0.14929051
-0.01281455
-0.13859741
0.00427041
0.03834744
-0.12170448
0.11768136
0.08486498
0.27895466
0.20226758
-0.01239492
0.11473151
0.29331671
0.10157485
0.32653429
0.03252937
-0.05823121
-0.01093191
0.01958859
-0.14633570
0.04409579
0.00156713
-0.11513578
0.02152079
0.15065299
-0.06872222
-0.06596016
-0.06890468
-0.14120662
0.06606825
-0.03393367
0.08194180
-0.07691203
-0.06865140
-0.08154801
0.21627524
-0.16569511
0.08069209
0.16971585
0.14586208
0.12156805
-0.15055014
-0.15366207
-0.21029225
0.15668542
-0.10101334
0.08934212
-0.05658080
0.02164490
-0.14198775
-0.03791518
-0.10003707
-0.02658630
0.07125633
-0.02944024
-0.06716390
-0.04542369
-0.09510536
0.08059193
0.11638636
-0.00233506
0.03727193
0.09010194
0.06069572
0.08803310
0.03960599
0.15098719
0.00015282
0.07909101
-0.06668309
0.02431992
-0.00703413
0.04532021
0.10196093
-0.10430977
-0.06684381
-0.16162581
-0.04745673
0.12990695
0.11554389
-0.09659533
0.07123947
0.10603170
0.02831034
-0.03126046
-0.14322527
-0.09161138
0.03387293
-0.02573209
0.03919659
-0.23306076
-0.23611788
0.08541694
-0.00834745
-0.01076171
-0.05780812
0.13710640
0.02504780
0.06478351
-0.03800885
0.04499654
-0.09731148
0.14574640
-0.22281366
0.11956038
0.01684377
0.21352874
0.02056375
-0.20426106
-0.02895775
-0.08750373
-0.02392287
-0.03111528
0.19790261
-0.00613582
-0.18364032
0.03099038
-0.07906535
-0.02383750
-0.01736542
-0.00456195
0.09045213
0.12220308
0.16631226
0.07327044
-0.08461956
0.01070261
0.19505013
-0.09021730
0.05754434
-0.06492155
0.25407114
0.01148763
0.05687768
-0.04019260
0.03227282
0.22488952
0.09552459
-0.17484934
-0.05624880
-0.12285584
0.01225265
0.04901769
-0.08749612
0.31480344
-0.10886208
-0.03953052
0.16360671
0.12050408
-0.09284608
-0.01847837
-0.09483872
-0.01207310
0.19245931
0.07935895
-0.01341126
-0.11175132
0.06357723
0.08170905
-0.01753351
-0.09295768
0.11067927
0.09356029
-0.01978641
0.04469872
0.16984544
-0.20217023
-0.05615047
0.00119843
0.08055595
-0.09205895
-0.10664803
-0.10741953
0.03436818
0.06006655
-0.04271954
-0.12056760
0.01545454
-0.07675013
0.19746374
-0.00785811
-0.03945420
-0.11748871
0.10405495
0.25515682
-0.02506538
0.08881804
0.05439802
-0.08293058
-0.19404138
0.07259562
0.04967306
0.17105834
0.03236534
0.09296096
-0.05887445
-0.07625838
-0.09656309
-0.06670178
0.02815342
0.03284294
-0.07283534
-0.30024022
0.09004253
-0.10548267
0.10691815
-0.13726317
-0.03293281
-0.08561329
0.09726641
-0.08584823
0.17686503
-0.10672027
0.07521376
-0.08780477
-0.09443813
0.09092233
-0.01543396
-0.21692421
-0.11836337
-0.07999703
-0.05366671
0.22921119
0.01404832
-0.06814574
0.03446433
-0.02191942
-0.06896557
-0.03412468
-0.11389583
0.02831559
0.08748314
0.05860023
-0.05945983
0.08067576
0.01208239
0.12136924
-0.10017987
0.04759127
-0.09390913
-0.12395787
0.22887477
0.02117124
0.00815933
-0.07781009
0.11165930
0.05450683
-0.12739823
-0.04679900
-0.02191385
-0.04118190
-0.02578807
0.03710068
0.05565068
0.05758961
0.12899039
-0.04503432
0.13915508
-0.02579380
-0.07432053
0.03475766
-0.04046020
-0.13131804
0.02026312
0.17574792
0.19910575
0.01794064
-0.10721275
-0.09862462
0.13067932
-0.05950269
-0.00005417
-0.09842488
-0.10703848
-0.04363656
0.02609777
-0.00274988
0.10721810
0.07199846
-0.20446583
0.02700072
0.01676949
0.08247888
-0.10262450
-0.10169404
-0.16556528
-0.10717188
-0.13072282
0.14978246
-0.03269795
-0.06315551
-0.00087370
0.11820901
-0.01971788
0.21704622
-0.08165320
-0.04157437
-0.03827090
-0.03555614
-0.02692160
-0.08210967
0.12957201
-0.08650887
-0.01416298
-0.05691185
0.10025571
0.03874383
-0.06105826
0.07567391
0.04680736
-0.09631275
-0.23383638
0.13166012
-0.10139991
0.02884993
-0.03528127
-0.01504058
-0.10027381
0.06566753
-0.11622807
-0.11766879
0.01070769
-0.02301913
-0.08885271
-0.15286400
-0.00558703
-0.10963843
0.05815073
-0.13268647
0.02394955
-0.09029508
-0.06378258
0.03784984
0.09219490
0.05413681
0.09894885
-0.02712800
0.00196854
-0.05954107
-0.07530779
-0.15157132
-0.05197174
0.10423320
-0.05808155
-0.01032902
-0.15251305
-0.00654320
-0.08179657
-0.02552715
0.12296262
-0.05704516
0.00301020
-0.02893311
0.15322976
-0.03744698
0.23965676
0.06724823
-0.10314874
0.02803617
0.11410326
0.07828838
0.14766787
-0.05401886
-0.28064153
-0.03769596
-0.23476706
-0.07272309
0.09820500
-0.02783772
0.03628283
-0.02448641
-0.16614795
-0.15342432
0.08490666
0.17115213
-0.07789560
-0.00282730
0.14970077
-0.07630309
-0.18300606
-0.01864254
-0.02415915
-0.02534123
0.15885934
-0.16611355
0.04967119
0.10822636
0.08975303
-0.04859062
0.10963608
-0.12652643
-0.00179577
0.00746739
0.16723259
-0.14859174
-0.03658779
-0.07434071
0.04722850
-0.05341613
0.10498341
0.07768463
0.07597969
0.13532336
0.00288333
-0.15218368
-0.07299730
-0.07975296
0.03486572
0.13753832
-0.09008224
0.20574790
0.06924589
-0.03045733
0.21635487
0.10592993
-0.12314425
0.02374367
0.12016552
0.09659525
-0.05645596
-0.12020959
-0.02760053
0.08233600
0.05993344
-0.17652661
-0.14873264
-0.02014224
-0.25858771
0.11422556
-0.00886128
0.20366199
-0.09493421
0.12358905
-0.19640612
0.27947153
-0.12098424
0.03785163
0.04574083
0.06728672
-0.20800873
0.03761950
0.01448728
0.15997252
0.05640861
-0.05366135
0.02386996
0.02779296
0.13559390
0.12194601
0.11289952
0.10704881
0.04633908
0.00828840
0.04071098
0.13738873
0.05225624
0.11413435
0.15071874
0.06093790
0.09194960
-0.00118047
0.06577227
-0.08020238
0.19024085
0.10605933
0.01953754
-0.08949409
-0.11953585
-0.16752987
-0.01767038
-0.00146035
0.21974824
0.27891810
0.07518973
0.03405705
-0.00440256
0.02459641
-0.20487644
-0.18077400
-0.02610966
0.04287269
-0.04173301
0.06188340
-0.04313541
-0.06059581
0.06854500
0.04115660
-0.24090132
0.16103404
-0.12321315
-0.11621007
-0.00593130
-0.02761572
-0.04649518
0.18562617
0.11268786
-0.14061008
-0.17105268
-0.08745802
0.13125391
-0.07589378
-0.00510103
-0.10659128
-0.07287322
-0.00907436
-0.06900722
-0.00866168
0.02554040
0.17493689
-0.10856657
-0.00476791
-0.10121346
-0.00321237
0.05100615
-0.00256817
-0.13953417
-0.08983289
-0.17343762
-0.05967850
-0.01286654
-0.09665351
0.11045868
0.02972733
-0.12487309
0.09445742
-0.09015601
-0.14429134
0.11425546
0.31426278
-0.15132326
0.01461433
-0.02395949
0.12897443
-0.04218448
-0.05353404
-0.09981758
-0.04811688
-0.00583205
0.14619730
-0.10404095
-0.04345023
0.00596028
0.03736529
-0.18474619
0.04827245
-0.05063258
0.08427211
0.09828209
0.07583295
0.05904411
0.07741247
0.01585759
0.09406832
0.12511679
-0.12861669
-0.31063965
-0.12308812
0.22033100
-0.04972383
-0.15696137
0.15448780
-0.02894134
-0.02510400
0.11705622
0.11640782
-0.01270910
0.09409489
-0.15059796
0.05019762
0.14806583
0.29136001
-0.01095288
-0.18112531
0.15483008
-0.05827861
-0.17146498
0.03558742
-0.06009701
0.05460861
0.00938863
-0.19586036
-0.04888123
-0.21592597
0.05755552
-0.07918158
0.10963420
0.08304976
0.00393055
-0.03326355
0.10174815
-0.10369050
0.07855792
-0.15460671
-0.05838840
-0.13869377
0.22564287
-0.15866452
0.27880845
0.04569992
-0.16409882
-0.06419381
-0.10963536
-0.05523525
-0.16783041
0.09914917
-0.10790742
0.07655204
0.06946218
0.10561587
0.15346398
0.18314810
0.13104406
-0.10263129
-0.07341887
0.07117778
0.20641319
-0.03493927
-0.00220364
-0.15512590
-0.07982201
0.00221245
0.05366309
-0.07184660
0.01945798
-0.12778326
-0.16614864
-0.04214523
-0.03312161
0.20624490
-0.00710617
-0.05105474
0.19565654
0.14083088
-0.01710665
-0.07189264
0.03693663
-0.16993309
-0.06525166
-0.11567685
-0.03804423
0.09792870
0.03449872
-0.02735954
0.00654619
-0.11736112
0.10529151
-0.02434903
-0.08648803
0.07055562
-0.04289511
-0.06448278
-0.16291535
-0.09751692
-0.06419182
-0.07084077
0.21165402
-0.09217522
-0.02588378
0.09359976
-0.06962328
0.12639545
-0.14811587
-0.07491867
0.03577116
0.04530893
0.15869492
0.15808991
-0.01799581
-0.17973448
0.05785113
-0.08543986
-0.06693158
0.19857677
0.11273324
-0.02518862
0.04383056
-0.11304127
0.15055990
-0.07848204
0.05975971
0.00008247
0.01792557
0.02488920
-0.11804196
0.09585056
0.00341621
0.01751115
-0.13315124
0.02265786
0.20949876
0.01087776
0.00502241
-0.18502144
-0.01545190
0.15197410
-0.10997960
-0.04411243
-0.02693616
0.02303062
-0.08715589
0.05685360
-0.15954293
-0.09945084
-0.08724258
0.02556089
0.03374260
0.17242569
-0.04789519
0.00746992
-0.30829820
-0.15904486
-0.02948674
-0.11009423
0.02428839
0.08221547
-0.06719991
-0.00880753
-0.21920581
-0.17629056
0.01127808
-0.00864768
0.02586671
0.03995952
-0.32312554
-0.19403220
-0.06317253
0.09669636
-0.02974225
0.04429713
-0.07496385
-0.00006772
-0.07480061
0.02005897
0.01593117
-0.03973528
-0.01020403
0.20882647
-0.04490773
0.15372109
-0.05659031
0.10839060
0.15551582
0.02934106
-0.10851514
-0.07400491
-0.07789353
-0.04807342
-0.10264303
0.14984618
0.05332039
0.00380851
-0.07741200
0.11493343
0.06965831
-0.13756435
0.11505449
-0.15237853
-0.11019488
-0.04233442
0.01326661
-0.01152328
0.06016118
-0.04479576
0.05343370
-0.07415274
-0.06789331
-0.16011818
-0.08680836
-0.28342883
0.04075188
0.00410532
0.00743091
-0.06611582
-0.00038441
0.10234136
-0.06965371
0.01112970
0.00858233
0.11068585
0.08173990
0.09050238
-0.08628242
-0.01829797
0.11882387
0.14849230
-0.04787060
0.19656671
-0.00581647
-0.09297355
0.02096929
-0.05179163
-0.02252774
-0.00979393
0.01875135
0.12655629
0.17170960
0.05659250
0.15460540
-0.05039786
0.04509257
0.03724521
-0.12551277
-0.06029473
-0.12875905
-0.09023994
-0.06586586
0.15635949
0.09314734
0.16870767
-0.12367407
-0.07409493
0.13808063
0.19017460
-0.16139199
0.03198722
0.28685578
0.04829335
0.10862438
0.04347810
0.08069314
-0.23484022
0.02820045
-0.08438126
0.03798850
0.03802479
-0.11439157
-0.22003925
-0.04071101
0.00596972
-0.07071422
0.01647650
0.05487189
0.03883209
-0.08690600
-0.11855040
-0.01909780
-0.01341791
0.17049132
0.02997070
0.10360752
0.06878191
-0.06452322
0.05515620
-0.00738866
0.15547028
-0.05644824
0.07582081
0.10138889
0.23466993
0.01036989
0.14079718
0.20852951
0.09939096
0.03931507
-0.11297695
-0.08354725
-0.21106980
0.07169191
0.09314917
0.13391487
-0.12969509
0.09323648
0.06511234
-0.00199534
-0.07767543
-0.06943608
-0.05211424
-0.05829574
-0.03051614
-0.06708954
0.00068365
0.07175526
-0.03633949
0.10233593
-0.15698432
-0.02713846
0.08861237
0.12210525
0.11556538
0.04623578
0.01893216
0.01514204
0.10088122
-0.12018370
0.00284466
0.22822922
0.07002516
-0.05021382
-0.12714902
-0.02175964
0.05653654
0.19648476
0.22061270
-0.07235085
0.04810168
0.06497378
-0.08118804
0.05937654
-0.01762045
-0.20220368
-0.04604659
0.14962581
0.12850736
0.05266847
-0.02870187
-0.11638423
0.20840799
0.10390182
0.10366626
0.11964136
0.00928237
0.10946447
0.22981413
-0.30795929
0.45991922
-0.04476313
-0.06448899
-0.11990707
-0.01263969
0.08721661
-0.15608897
-0.10884850
0.06220169
0.05832817
0.13114711
-0.00143420
0.01616584
-0.09181651
0.08399773
0.15723914
-0.18448524
-0.04562774
0.03907718
-0.02495604
-0.13239021
0.04805854
-0.00274343
-0.09154621
0.00297022
0.01797586
-0.05582393
-0.24314051
0.14292232
0.01333665
-0.03474608
-0.01543206
-0.11794882
-0.05353263
0.12722530
-0.08001160
0.15084207
0.06234497
0.07480549
-0.23140215
-0.08551326
-0.07984821
0.03788447
0.06220990
0.02491342
-0.01030510
-0.00664660
0.08964685
-0.06204187
0.08062761
0.15767472
0.15926257
0.08441354
0.03213105
0.00547169
0.13570036
-0.14786785
-0.06998853
0.15677508
-0.18797060
-0.07048862
-0.08129744
-0.25726179
0.07258057
-0.02500684
-0.02632523
0.30809695
0.11018382
-0.05325616
0.06070683
-0.04633162
-0.09624650
0.00762805
0.06573738
-0.11047992
0.02907573
-0.02710070
-0.00067617
-0.01666262
-0.07180466
0.08111131
-0.09228999
0.04914092
-0.03938555
-0.07925465
0.15393531
-0.14033276
0.22564853
-0.03896887
-0.14639109
0.08641350
-0.11298302
-0.08147835
-0.03018784
-0.13613824
0.02381979
0.08243249
0.06115285
-0.05548709
-0.09010984
-0.01950115
0.09757186
-0.05851221
-0.08341188
0.04683150
-0.04054761
0.11306872
0.04059314
-0.14224435
0.01456686
0.14495496
0.02511378
0.10770139
0.13051084
0.20624340
-0.01839532
0.10583010
-0.02418882
-0.20066035
0.08963355
-0.00091855
0.00047100
-0.12234532
0.00231657
0.28658532
0.03773436
-0.07049458
-0.15062148
-0.00609563
0.15903551
-0.15482147
-0.05497885
0.03137711
-0.13536575
-0.08734672
0.00220558
-0.10850265
-0.05079829
-0.27302283
-0.11416802
0.07214866
0.02490982
0.00308171
0.08633857
0.12364504
0.00445117
-0.12296908
0.14961940
-0.08131776
0.05162618
-0.08530440
-0.07380513
0.15473552
0.02462233
-0.07660126
-0.24019223
0.05949577
-0.06348777
-0.10351863
-0.02346349
-0.00934631
0.09212274
-0.16618799
-0.06827230
0.15678817
0.22564993
-0.04204063
0.16029882
-0.12447055
0.14913962
0.06526091
0.08052190
-0.19798210
0.07151884
0.01429935
-0.11352988
0.14203884
-0.22346379
0.03185318
-0.15018439
0.07726697
-0.16554839
-0.08356907
-0.01590747
0.06561217
0.02985473
0.21901777
-0.05536618
-0.06585815
0.06496770
-0.04196189
-0.00837120
-0.07880399
-0.23615705
-0.03558502
-0.00043184
0.08462154
0.06335014
-0.00902593
0.00154124
-0.23457778
-0.11210086
-0.06567695
-0.14783491
0.06500811
0.00306602
-0.09267568
0.14108813
-0.07386636
-0.00281579
-0.04113815
-0.01301593
0.02668695
0.00031226
-0.03354354
-0.04946796
-0.17150273
-0.09886329
-0.02108386
-0.10368531
0.03837272
0.16508272
0.02093615
0.11228760
0.04610477
-0.14276576
0.00806408
-0.01360289
0.08290040
-0.05364960
0.04227500
0.00557810
-0.15291313
-0.19389867
-0.01279317
0.01468007
-0.11455346
-0.18951066
-0.02124567
-0.10278546
-0.18515000
-0.05677409
-0.03974868
0.09915018
0.05958515
-0.11527222
-0.06762013
-0.05067409
-0.03396581
0.08890069
0.15167385
-0.03319580
0.12026384
0.15463310
0.19138378
-0.08134025
-0.09585119
0.01358555
0.08979638
0.07720718
0.14434776
0.02917198
-0.22875882
-0.19225702
-0.00117424
0.04744753
0.00980792
-0.02722199
-0.11591154
-0.04474105
-0.11979655
-0.00536842
0.07360123
0.01579618
0.04714320
0.12302597
-0.00022177
0.09244361
-0.10527108
0.02836806
-0.12941644
-0.10192041
-0.00360673
0.01762904
0.11529016
-0.05999790
0.16637895
0.11988393
0.15599977
0.03135832
-0.07785727
-0.28233067
-0.16366502
0.10566900
-0.10847016
0.01587371
-0.01201771
-0.13812104
-0.06987348
0.06519574
0.25150796
-0.13707750
0.07795603
-0.21353363
-0.10237153
-0.03217322
-0.03096736
0.26167447
0.15460419
0.00198925
0.19144391
0.07340794
-0.04461149
0.05219546
-0.04220153
0.17229979
-0.00731133
0.03658885
0.12932284
-0.04950712
0.16246698
0.26406677
0.11526296
-0.11440240
0.06578562
0.01505071
0.07876129
-0.04809152
-0.19010700
-0.11294942
0.04585082
0.13159718
0.06412101
0.05822093
0.09589697
-0.05002047
0.10569727
0.06861672
-0.00737618
0.08176724
-0.17887122
0.02669689
0.14974932
-0.09503916
-0.14188305
-0.18302540
0.15614737
-0.23063781
-0.04242171
-0.00828965
-0.25252799
-0.09096360
0.08004533
-0.03998057
0.04216481
-0.04423407
0.01801042
-0.03833040
-0.11122789
0.00017777
-0.11540572
-0.12218972
-0.15880014
-0.02185835
-0.21266276
0.05573566
-0.17290408
0.06993687
-0.04301917
-0.04963407
-0.03062956
-0.10452167
-0.00619376
-0.20557759
-0.05906896
-0.14722241
0.25265111
0.12518404
-0.06398507
0.14199476
0.23178449
0.07545401
-0.07430165
0.20054316
0.05484947
0.02787114
0.22988878
0.04272409
-0.05651334
-0.06587382
0.15956894
0.06878200
-0.00763052
-0.07643518
-0.14599577
0.17793793
0.26319580
-0.15430974
-0.01551193
0.08076448
0.06933635
-0.18862261
-0.08590857
0.13437421
0.15692092
0.11116588
-0.11240201
-0.02307276
0.07442232
0.07262272
-0.11255928
-0.10845835
-0.20884027
0.12507531
-0.07168289
-0.12854890
0.05375493
-0.16044882
-0.15763523
0.07456953
-0.06720793
0.09789386
0.03465659
-0.04830114
-0.05845319
0.07269626
0.02336436
-0.09992868
-0.08250383
-0.01809326
-0.04715714
0.00961320
-0.11663431
0.13946610
0.06396773
-0.09521013
0.11095687
-0.05338559
0.12954119
0.12809132
-0.27128205
-0.05034483
0.14919073
0.00277559
0.06012650
-0.14367286
0.01332304
0.03311627
-0.05150133
-0.15127108
0.03396920
0.27545811
0.01540576
0.13770545
-0.04330281
0.02152227
-0.16842818
-0.26978942
0.18441815
0.11979646
-0.08895589
-0.08869626
-0.07165734
0.17104189
0.00099478
0.18461710
0.06775936
0.14016493
0.07639385
0.10513151
0.00793909
-0.06541509
-0.19237120
-0.03225883
-0.06021419
0.02149462
0.18383101
0.00288023
-0.01295387
0.02436914
0.07742723
-0.02775733
0.12505650
0.06960056
0.12572679
0.08543803
0.02966370
0.00358689
-0.06567116
0.04503414
0.06911262
0.03394003
0.20825776
0.01087647
-0.25409663
0.14051253
0.03617615
-0.10742376
-0.10671846
0.04137806
-0.24105992
-0.05743316
0.16348777
0.04827185
-0.01793135
-0.07648104
-0.02853510
0.09609284
0.00494906
0.26499600
-0.02145486
-0.04877790
0.05697731
0.00334621
-0.02083976
-0.27780543
0.09197591
-0.02332202
0.13820630
-0.05073883
0.03421008
-0.05621532
0.10522876
0.11876019
-0.21112013
0.11835476
0.15047438
-0.17509099
0.13986998
-0.16587108
0.00700688
0.00497626
-0.06814700
0.04409349
-0.19247474
0.00221478
-0.07043015
0.25155467
-0.04144745
-0.08186309
-0.15708261
-0.05737414
0.15109358
0.05318932
0.02514164
0.10759425
0.08218254
0.03685335
0.03729205
-0.05924469
-0.22232119
0.02907261
-0.11935667
-0.09955768
-0.14431512
-0.14236438
0.11854462
-0.11236865
0.01550891
0.07639588
-0.06651744
-0.16731132
0.02381694
0.08361722
-0.05530953
-0.21755592
-0.00634402
-0.24288248
-0.13446715
0.01440883
0.27952989
-0.02420250
-0.25589585
0.00253152
-0.08151245
-0.20402741
-0.20814503
-0.18562897
-0.11603571
-0.07989824
-0.14377313
0.12821243
0.08518775
0.01431366
-0.03496095
0.03474203
-0.08564049
-0.16826608
-0.05570128
0.03900830
0.30669474
-0.09340328
-0.01447479
-0.17051626
-0.08109017
0.03235218
-0.02072201
-0.06027941
-0.07126546
-0.21501966
-0.06124214
0.05712587
0.17987097
-0.25018578
0.05782922
-0.00149377
-0.15508202
-0.16022975
-0.08711783
-0.12261823
0.17054249
-0.01111789
-0.11320243
-0.05982796
0.01207546
0.08623885
-0.01559030
0.19205723
0.08067639
0.11661733
0.11549953
-0.08428478
0.19195409
-0.14734997
-0.06384261
0.10932885
0.07775192
-0.05878931
-0.01059963
0.01826885
-0.00100113
-0.07124636
-0.00586901
0.17694931
-0.05488388
-0.23658496
-0.06494659
0.09267342
0.29554143
-0.10373432
-0.20668530
-0.10060099
0.00386834
0.04676264
0.04205464
-0.10580182
-0.07010791
-0.06933952
-0.03136221
-0.04978801
0.08746956
0.04615330
-0.08195073
0.04324682
-0.12649416
0.05507704
0.13035935
0.08738435
0.03953731
-0.12805556
0.05134516
-0.04172169
0.06145623
0.07265797
0.09443627
-0.17088006
-0.00742983
0.04155077
-0.08548931
0.02696196
-0.17961793
-0.15965503
0.08089091
0.00499065
-0.01614314
0.15410015
0.05479924
-0.02431566
0.13669248
0.03458251
-0.12531453
0.01783130
0.09158942
-0.00929872
-0.02508162
-0.05232256
-0.01489698
0.12690290
0.15984849
0.07932640
-0.11615907
0.06362597
0.17720760
-0.13382432
-0.07392242
-0.12399667
0.14353379
-0.05893597
-0.13004895
0.03924301
-0.00943850
-0.00346492
-0.00384842
-0.12617084
0.04779688
-0.02429611
-0.12375666
0.05670624
-0.12343674
-0.19266690
0.05027690
-0.04434069
-0.09091360
-0.03706538
-0.04335180
-0.20995866
-0.02717850
-0.03755511
-0.04295735
0.06811537
-0.11091353
0.01856548
0.00942589
0.01970928
0.17153712
0.10632636
0.29554472
0.02317517
0.10728626
0.09679230
0.10420168
0.26313590
0.05476918
0.01137625
0.18372652
0.01650763
0.05762637
-0.00128934
-0.15046959
0.05372036
0.20752805
0.10452282
-0.08670085
0.11755824
0.06739272
-0.13981091
0.07154259
-0.10091551
0.13683304
-0.06998961
-0.08700727
-0.19555253
-0.06824649
0.05383586
-0.03244719
-0.22641445
0.18871935
0.08728574
-0.01777714
0.13399173
0.07170430
0.03590120
0.19195745
0.13441199
-0.02208363
-0.23857847
0.07255528
0.04523591
0.01616963
0.01880756
-0.09829107
0.05464978
0.11841565
-0.04563515
-0.02158110
0.03145707
0.14888185
0.03019141
0.04490205
0.02546182
-0.08674534
0.06208547
0.01842942
0.07335170
-0.07556425
-0.07724408
0.14319098
-0.07148929
0.20004231
-0.07077311
0.14523511
0.00411045
0.03538504
0.13815269
-0.04246076
0.11675539
0.05564703
0.25762343
-0.06096089
0.35089939
-0.06674151
-0.14656001
0.12760005
-0.01315216
0.18781580
0.11131263
0.01273453
0.34465741
0.20802975
0.08342626
0.13102640
0.04070359
0.04037098
0.05568540
-0.00038717
-0.02452940
-0.11397344
0.08875840
-0.06962921
-0.34894241
-0.09285321
-0.15112921
-0.00189475
-0.19465814
-0.19377103
-0.50160333
-0.26683304
-0.15249726
-0.35485645
-0.19265968
-0.40795974
-0.29165672
-0.24137450
-0.34100302
-0.28895678
-0.33965692
-0.05922995
-0.16155306
-0.08407931
0.08589244
-0.10079457
0.16143627
0.15448745
0.33569650
0.21350089
0.39889326
0.46463851
0.43696984
0.41741726
0.40115820
0.35758570
0.18867355
0.56384896
0.29075569
0.58420789
0.26067558
0.27110803
0.19370752
0.10997093
0.13729638
0.29653187
0.10466484
-0.08993390
0.09241705
-0.09095199
0.02254892
0.03503757
-0.11921226
-0.06879603
-0.27729115
-0.15022603
0.06370328
-0.05001920
-0.04236647
-0.26064459
-0.05430396
-0.12092959
-0.02499333
-0.08744706
-0.12314615
-0.23097801
-0.17337921
-0.00192298
-0.12781358
-0.10526031
-0.23004018
-0.08466342
0.00727282
0.00515403
0.00872488
0.11097130
-0.08052058
-0.05027929
0.22298465
-0.07050192
0.08780663
-0.02007470
-0.19726469
-0.11220595
0.31453171
-0.10998776
0.15905091
-0.02209851
-0.09382698
-0.00205490
0.13927056
-0.13212146
0.12668855
-0.09479629
0.03008341
-0.05427197
0.12298187
0.02866553
-0.19799656
0.04035110
-0.06332654
0.05797833
0.11111874
0.09032256
0.15093949
0.01275520
0.08436695
0.14950389
0.10669812
-0.04111900
-0.03911640
-0.14318381
-0.09738154
0.08044208
-0.05855196
-0.11756848
-0.02264492
0.03853928
-0.10606082
-0.12307012
0.02529417
-0.02160589
-0.00124626
0.12315783
-0.35660814
0.11126723
0.02193103
-0.04183155
0.21716246
0.10990132
0.00260380
-0.14051392
0.04439089
0.09413158
-0.06703134
-0.03196655
-0.13746117
-0.05653546
-0.00358167
0.01019973
-0.05015487
-0.15179529
-0.00587508
0.22138797
-0.16203511
-0.02256469
-0.07381129
0.03850519
-0.10569093
0.02966565
-0.16980420
-0.17301188
-0.00596744
0.07999821
0.14000851
-0.10198048
0.32827002
-0.06670352
0.15997249
-0.08922932
-0.02533960
-0.20391392
-0.03269757
-0.04764771
0.12218851
-0.00668936
-0.08734086
-0.14345424
0.13180180
-0.10678839
-0.18797478
-0.10925703
0.07877594
-0.17247730
-0.08101874
-0.09416202
0.00160533
-0.16762772
-0.07241469
0.00456265
0.00148635
-0.13136269
-0.22010819
0.01373556
0.15107600
-0.14057284
-0.08384725
0.00698977
0.09416003
-0.03197187
0.21819123
0.09689235
-0.04397252
-0.01716646
0.27706553
0.01966241
0.12640526
0.00741045
0.04676641
0.19876255
0.08686607
0.03738986
0.35246329
0.01899435
0.17897185
0.14930259
0.38433430
0.07950516
0.05949576
0.09481450
0.09434015
0.13356380
-0.17760003
-0.05605050
0.13969339
-0.02231908
-0.14983153
