0.16309829
-0.13665720
-0.05643452
-0.15736549
0.24810875
0.15789363
0.11280490
0.05437433
-0.08209777
-0.16575700
0.21795962
0.01701829
-0.07790703
-0.02537449
-0.10790083
-0.04888156
0.07880869
0.04812870
0.10903263
0.08590203
-0.24518314
0.27570147
0.01449616
0.11410448
0.04764265
0.01705949
-0.05276862
0.18509450
0.02624488
0.12846963
0.02102299
0.03262988
0.08364820
0.05649525
0.20752798
0.16995803
0.09382061
0.02804611
0.09161058
-0.17311205
0.06922010
0.11358325
-0.16744043
-0.13280030
0.13551963
0.16629818
-0.06434727
-0.27141662
-0.43716817
0.19455964
0.17044412
-0.26017250
-0.13854621
-0.30249483
-0.10003240
0.03400797
0.14510868
-0.25705079
-0.30595085
-0.01890421
-0.01843609
-0.03957914
0.20591911
0.38547069
-0.09901124
0.11178730
-0.09686779
0.19190346
-0.11080081
-0.04734081
0.09856117
-0.01304477
-0.15116536
0.26212294
0.05838693
0.19911448
-0.05303950
-0.18447362
-0.27288622
-0.24052104
-0.28352442
-0.14104008
0.05043274
0.15114410
-0.04187747
0.03818958
-0.08020546
-0.19527912
-0.06292344
0.06437857
-0.09364012
0.03282466
0.01715289
-0.31766407
0.20455588
-0.03735858
0.11309710
0.19942330
-0.07268663
0.05344899
-0.12311368
-0.14262292
0.04206086
-0.21522478
0.19183004
0.20460450
-0.03938631
0.17476869
-0.20323897
-0.14446058
0.25991839
-0.02037550
-0.19125454
-0.04883004
-0.09218841
-0.09610356
-0.08375378
-0.03456274
0.10583564
0.15148591
-0.32408288
0.17103974
0.04920111
0.07775984
0.12954225
-0.24779152
0.07878791
0.14874467
0.05405042
-0.11277445
0.11740837
-0.22875416
0.06622501
-0.23849387
0.19165412
-0.08843442
-0.08876472
0.20468651
-0.11596129
0.12102008
0.16858312
-0.02956973
0.05142878
0.10713259
0.10497751
-0.12432330
0.02939431
-0.18910533
-0.13061211
-0.06403424
0.03709433
-0.20989178
0.04885837
-0.17766084
0.02940285
0.09471050
0.07156840
-0.19112276
-0.05032797
0.22670097
-0.11415254
-0.15361950
-0.12735664
-0.09700664
-0.14684535
-0.24361730
-0.22439451
0.05321625
-0.03845408
-0.15298347
0.16633854
-0.10727507
0.32987992
-0.06774108
-0.06283977
0.00128167
-0.06742437
0.01252201
-0.12835485
0.18589376
0.23169384
0.21766453
0.29290784
-0.11596109
-0.07708882
0.25061834
-0.15288316
-0.12385398
0.00859738
0.14548103
-0.23573544
-0.08779675
0.20774175
-0.00203910
0.22437843
-0.31867988
0.06302813
-0.00474361
0.03892351
-0.16062131
0.27037674
0.08676868
-0.35741017
-0.10943753
-0.38315681
0.24141019
0.08705617
0.26078117
0.04557780
0.04998564
-0.07754376
0.25405309
0.41589344
-0.13953981
0.07271563
-0.07035032
0.11752278
-0.10097338
-0.08306195
-0.01730341
-0.23289597
0.00654523
0.00019185
0.00017599
-0.01137466
-0.24674782
-0.22598361
0.06980162
-0.11472201
-0.20281667
0.06585811
0.30205449
0.12548139
0.29156698
0.09654022
-0.22674647
-0.00300708
-0.11634694
-0.09600275
-0.27271256
-0.01206017
0.48878436
-0.12459621
0.19293310
-0.01615148
0.19563246
-0.34056350
-0.07329985
-0.17888984
-0.00470627
0.03390080
-0.07877292
-0.16707027
0.05440056
-0.11521931
0.12623117
0.19530977
-0.22962093
0.08636915
-0.12890691
0.14400586
0.06698861
-0.09922265
-0.07266958
0.27803023
0.02575266
-0.17719814
0.37734825
-0.05158039
-0.00208853
0.38179044
0.03294522
0.05258407
0.03576384
0.09196107
0.18013272
-0.09205192
-0.37698191
0.01759111
0.30503326
0.06821831
-0.16567044
0.00291520
0.21686968
-0.20850896
-0.03051261
-0.20012572
0.06035676
0.10240504
-0.13036927
-0.14938809
0.23781028
0.32491891
-0.09284657
0.23160677
-0.34507771
0.27813242
-0.05170626
0.01647925
0.26051804
-0.00296981
-0.21250934
0.06624807
-0.05796275
0.17272899
0.19664821
0.32836083
0.05130563
-0.22514775
-0.14123762
-0.09379677
-0.15177718
0.11400197
0.00037938
0.03177613
0.15316380
-0.12329173
-0.25318058
-0.14287984
-0.13233205
0.14827023
-0.08466051
-0.12459564
-0.17204465
0.05326463
0.18710691
0.07260678
-0.08784539
0.19709808
-0.09571369
-0.19003166
0.03704223
0.10076824
-0.00379303
0.16225750
-0.04798372
-0.00209236
0.03496530
-0.16307943
0.12486402
0.22147946
-0.13580044
-0.02919942
0.15601690
-0.10731239
0.30865392
-0.18163631
0.11388754
-0.00643809
-0.00296403
-0.07262274
0.00279393
-0.05371253
-0.22864617
0.17390977
-0.17579225
-0.18512059
0.10544440
-0.00832686
-0.15856629
-0.01657607
-0.03905981
-0.14932650
-0.11050532
0.26103842
0.30904379
-0.00572981
-0.03780215
0.16571034
-0.36641629
-0.07040317
-0.21102523
0.25998580
-0.22470744
-0.21625438
0.18440919
-0.08737636
0.07036063
-0.09025857
0.14606114
-0.17289768
0.19357328
0.03285407
0.01086520
-0.07704615
-0.11962921
-0.10479292
0.18720347
0.20510580
-0.21695662
-0.22968289
0.20820840
0.07439229
0.06284676
0.19819419
-0.00807252
0.10488934
0.10161138
0.19514422
-0.19757893
-0.05900014
-0.07860115
0.12668577
0.20170369
0.33890037
-0.07997469
0.17770360
0.06740468
-0.12380284
0.18446505
0.04813407
-0.15892356
0.12736465
0.12444822
0.12065365
0.17946639
-0.01145695
0.16270344
-0.03061660
-0.01410089
0.00462927
0.04503649
0.17180391
-0.07059977
0.31119057
0.03820602
-0.07264463
-0.11520164
0.13359386
0.07461733
0.14195137
-0.37317486
-0.28798834
0.40160362
0.06184982
0.20194171
0.31294605
-0.12390832
0.07604123
-0.19633625
-0.09281237
-0.21865168
0.04478918
0.25892576
-0.24293498
0.19024293
0.25512211
-0.03290438
0.29228963
-0.25528094
0.12956694
-0.03184835
0.15473634
0.16766497
0.05489914
0.17309351
-0.14969363
-0.03116256
0.04875509
0.06918928
0.11489694
-0.06902270
-0.00879609
0.13349284
-0.02907027
-0.06809835
-0.08195060
0.06631912
-0.20528090
0.17337252
0.19453295
-0.07495917
-0.04790922
-0.21043173
0.10626556
-0.31445564
-0.10869781
0.00439231
-0.14891173
-0.11600960
0.08603508
0.19010754
-0.20040607
0.23860781
-0.04077476
0.05523346
0.09493026
-0.31321465
-0.04505648
-0.00684693
0.10814285
-0.02610045
-0.05681649
-0.00701948
0.11878474
0.05837815
0.28992158
0.17963569
-0.17002491
0.32185876
0.10548171
-0.29802711
-0.15753839
0.34104217
0.05720196
0.20637471
-0.26238107
0.05112646
-0.09958675
0.05292088
0.18255324
-0.08906820
0.27702936
-0.05265322
-0.02627762
0.02154032
-0.07474796
0.18640208
-0.01100722
-0.14703476
0.36441143
-0.18634726
0.11673593
-0.12610265
-0.27099148
0.21094128
0.12163609
-0.13819141
0.02246987
-0.00658911
0.10607394
-0.12479484
-0.11338033
0.15499668
0.09957048
-0.16949238
-0.09880822
-0.09137539
0.03490693
-0.28847941
0.28724731
-0.04849017
0.28373249
-0.15492544
0.03261327
-0.12645465
0.01488634
0.09493279
0.03985462
-0.23189780
-0.24791369
0.11002079
-0.11258196
0.00247296
-0.14200378
-0.02190905
0.06768156
-0.05140101
0.05157419
0.20033830
0.06940724
0.28961284
-0.11512421
0.11952728
-0.28028818
0.07014763
0.27092139
0.05863603
-0.05464242
-0.13149941
-0.07358172
-0.07357711
-0.19018201
-0.06340851
-0.03432534
0.22488516
-0.05333191
0.22650266
0.02666397
0.02687273
0.28449481
0.05424037
-0.09710647
-0.10872821
0.16710952
0.06096784
-0.13454434
0.21586610
0.00768846
0.15931840
-0.16163766
-0.26228480
0.08635855
-0.08334118
-0.03945925
-0.29494323
-0.04861160
0.37522688
0.03587458
0.09025584
-0.12110072
-0.02463479
0.12170463
0.01250201
-0.15810594
0.22920764
-0.25877230
0.20480941
0.20069298
-0.01455497
0.29994761
-0.18707147
-0.07632146
0.02871295
-0.37881418
-0.18615171
0.11982775
-0.19491993
-0.21576075
0.16108812
0.11604128
0.03431190
0.03144702
-0.42746661
0.31256666
-0.27032887
-0.08330253
-0.00231660
0.02554652
-0.05308605
0.02222250
-0.06842427
0.12997306
-0.05247036
0.09627907
0.01682310
-0.11576511
-0.06536004
0.02870276
-0.07267935
0.00168565
-0.15203778
0.00611843
0.30790995
0.19936445
-0.14338125
0.01034739
0.29677342
-0.17536678
-0.16511916
0.07286023
0.25316602
-0.05418749
-0.38125527
-0.35788532
0.04352377
-0.04876099
0.05737564
0.03361470
-0.03870349
-0.16910960
-0.07048168
0.12742026
0.25491150
0.16705324
-0.13617151
-0.05000760
-0.02781829
-0.08259896
0.18089776
0.07492690
0.04032246
-0.28742589
-0.01709993
-0.07029348
-0.09442401
-0.02216435
0.25550618
0.06697500
0.07183799
0.00602203
0.31836737
-0.02987313
-0.11299410
0.06853945
0.19466580
0.01497619
0.16372039
0.00868104
-0.15092543
0.04292514
0.01870165
0.05837745
-0.00596553
-0.11734653
-0.17575910
0.14082655
-0.00487072
0.07913115
-0.19964972
-0.06046747
-0.19357779
0.20883439
-0.15829203
0.02954152
0.05370885
0.11450937
-0.12529590
-0.00417052
-0.01903238
0.15286856
-0.01287828
-0.13146381
-0.14433334
-0.03326495
0.09421317
-0.21244856
0.11762605
-0.42680035
0.18682543
-0.08031889
-0.13140606
0.16050243
0.13210475
-0.25370258
0.16124546
-0.04325626
-0.04666337
-0.08843723
0.02720778
0.32239853
-0.18502740
-0.12127012
-0.28195944
-0.17994703
-0.26178135
0.06015118
0.11495337
-0.19009506
-0.26725904
0.36420397
0.13699967
0.41251901
-0.28789086
0.30053803
-0.27831480
-0.12448389
0.20119280
0.02919691
-0.03579157
-0.15754979
-0.24097441
0.00770720
0.07844108
0.01808302
0.00986951
-0.07223211
-0.12094469
0.12783739
0.18139373
0.02025234
0.26036244
0.19597271
0.09675903
0.11774342
0.22169420
-0.10776002
-0.05626018
0.19929282
0.10430530
-0.11280307
0.07569866
0.19877091
0.16464211
0.19332569
-0.14072076
0.13673040
-0.23540300
-0.01448439
-0.05986186
-0.01662227
-0.15024667
-0.13345527
-0.08081449
-0.04133317
0.01152216
-0.05141907
-0.07473745
0.38311809
-0.19371329
-0.13570643
0.15034008
0.03084346
0.01887538
-0.11466315
-0.13985883
0.05374364
-0.20438598
-0.12414565
0.26222532
0.30939795
-0.14083027
0.00608801
0.29054940
-0.01005971
0.37991734
0.17202312
0.09785108
0.09630932
-0.16998753
-0.07556769
-0.24499269
0.21456521
0.03018797
0.05005222
-0.25991123
-0.18225136
-0.07048320
0.14078502
0.02307163
-0.20292279
0.04433259
-0.17063979
0.12029997
-0.23971140
0.15105146
-0.22600303
0.08060431
0.18077449
-0.03702242
-0.09760271
0.17860451
0.14867129
-0.15484461
-0.19780964
-0.00978310
0.04905071
0.30742385
0.03115253
-0.04627265
0.11323527
0.08189606
-0.01098141
-0.13411353
0.02773226
-0.37293548
-0.01290521
0.04454360
-0.20153557
0.02099794
0.01734411
0.06441176
-0.01158997
0.02215383
-0.19112526
0.01033753
0.06649752
-0.14794902
0.09632266
-0.01853989
0.11271761
0.02997167
0.00033051
-0.12341985
-0.25429044
0.16815404
-0.16767442
-0.03818468
-0.05518134
-0.16418404
0.28622520
0.28665156
-0.29680781
-0.17342853
0.08934460
0.20300336
-0.06635815
0.14639498
-0.11708350
0.15367761
-0.13995816
0.00076768
-0.01765359
-0.06509250
0.18071045
-0.00283360
0.05935527
0.01307373
-0.12402398
0.11230720
0.00292188
0.08983431
0.43459112
0.07597668
0.32616752
0.08001410
-0.04886872
-0.00369919
0.08436500
0.33279369
0.07664885
0.16533043
0.27725598
-0.07177728
0.02860433
-0.26980751
0.24542470
0.18078994
-0.54080972
-0.15313813
-0.01079422
-0.04340020
0.15552594
-0.01069560
-0.23449259
0.27155656
0.13413801
0.37034364
0.20029152
0.45218654
0.19400546
0.07467597
0.07976584
0.21066649
0.11066697
0.22442180
0.15191205
-0.14985294
-0.01192935
0.23896243
0.00829905
-0.14911040
0.21323416
0.01770028
-0.14081084
0.24452056
-0.08565335
-0.13762653
0.04849999
0.45824020
0.25509718
0.14200621
-0.01814019
-0.00052793
-0.06864453
-0.15557472
-0.00232496
0.02986184
-0.03941717
0.01690451
0.31396669
0.22467458
0.20892337
0.15021625
0.17189315
0.18028227
-0.14847422
0.00886904
0.10636204
0.23746531
-0.12168881
-0.21087894
0.14573576
-0.00775033
0.07054118
0.16930509
-0.18660164
-0.07460760
0.16190043
-0.10434195
0.22767363
-0.40741632
-0.08717012
-0.23703252
-0.34236009
-0.00465103
-0.20552974
-0.17272548
-0.13348325
-0.05976695
0.11033507
-0.33518545
-0.20817125
0.02697985
0.04908187
-0.07048566
0.04071982
-0.01765076
-0.24142973
0.20311714
0.04756505
-0.05308454
-0.24451737
-0.10213878
0.50328779
0.17134580
-0.07631153
0.15277733
-0.05603952
-0.10999828
-0.01707681
-0.00796660
0.13310219
0.06423817
0.04695573
0.14255366
-0.03969976
0.30216336
0.13003608
0.08775230
-0.07767048
0.04635501
-0.19696725
0.08277881
-0.15960217
-0.03266822
-0.11159607
0.01004011
0.05190784
-0.13510582
-0.45648586
0.04407382
0.03367707
0.28346379
0.12610640
-0.22081528
0.02293505
-0.22041041
0.00039832
-0.43453149
-0.33888361
0.01004595
0.13437557
-0.29430139
0.06621822
0.09147494
-0.14228045
0.07696465
0.22165215
0.04668463
0.02409801
-0.10009135
0.10240419
0.20351243
-0.32870199
-0.22212357
-0.16323548
0.06445447
0.35480246
0.18963780
0.14484035
0.04976297
0.01204504
0.04135683
-0.18243955
0.30779580
0.02503763
0.02449134
-0.08026355
0.00912321
-0.20025187
0.08862704
-0.02021316
0.25357203
0.25558187
-0.00486406
0.11776920
-0.01972023
0.05604467
0.05609130
-0.05725823
-0.01421826
0.02124932
0.22251426
0.01774044
-0.15020652
-0.15616107
-0.22544911
-0.00941696
0.24222852
-0.24976738
0.06449930
-0.11631566
-0.07818226
-0.13953189
-0.24228802
-0.16987864
-0.00803887
-0.34689665
-0.46923213
0.00764192
0.22525386
-0.00851778
0.09969062
0.01695671
-0.18691038
-0.31295115
-0.16482638
0.31806279
-0.01102544
-0.02584426
-0.00096974
-0.24575669
-0.23346486
0.07225309
0.10563760
0.29054073
0.22181691
0.00820619
0.13572616
-0.29800309
0.17908087
0.23548744
0.24659651
-0.10146217
0.19491650
-0.12241602
0.03676793
0.09767220
-0.14679143
0.17035308
0.09329271
0.11263294
-0.21474587
-0.10481331
-0.01993429
-0.22957880
0.17446864
-0.12890670
0.24432954
-0.15692790
-0.27395609
-0.03193262
0.17080841
-0.14270387
-0.30342336
-0.25070653
-0.37983645
-0.10407911
-0.29683539
-0.46496002
-0.18119911
-0.24495290
-0.48797933
-0.03811036
-0.49406772
-0.17548359
-0.22827177
-0.34928353
-0.23514430
-0.20261889
-0.12111111
-0.17947201
0.17601630
0.09093976
0.38616645
0.49366331
-0.18913734
0.42515227
0.33861897
0.56190683
0.83749896
0.99670515
0.57605590
0.55693010
0.57817094
0.80069652
0.75525585
0.58351308
0.73745791
0.54520873
0.29994132
0.30067251
0.21422171
0.23855002
0.16781474
-0.00187738
-0.10884860
-0.38900843
-0.14388165
-0.02207104
-0.36674038
-0.38568351
-0.42002634
-0.34604860
-0.22870885
-0.19759544
-0.51528392
-0.05569869
-0.65508172
-0.48068533
-0.36994897
-0.19797445
-0.59013970
-0.35635087
-0.31849268
-0.36900389
-0.30226093
0.15387691
0.12554660
0.22343225
0.05448590
0.28846840
-0.13232942
-0.19797579
0.09063284
0.33752004
-0.20976897
-0.12791574
-0.07546800
-0.16643197
-0.08638240
0.10391083
0.07087714
0.27520765
0.13540880
-0.27746448
0.22141231
0.27008774
0.24030074
-0.13989602
-0.08819943
0.25615087
0.49317592
0.30895315
-0.03001035
0.40922646
0.03097280
-0.12946179
0.43180345
-0.19010484
-0.32324354
-0.09741605
-0.04644529
0.01884777
0.05259666
0.12583383
0.00911378
0.08974421
-0.12954127
0.10206248
-0.15649445
-0.13234294
0.06421682
0.09418777
-0.17616501
-0.07361864
0.19272151
0.18330951
-0.18063633
-0.29535963
-0.03991100
0.17849284
0.00332304
-0.15844960
-0.07455974
-0.02430926
0.07145189
-0.14676196
-0.11679712
-0.29906832
-0.33053157
-0.15736327
-0.14355871
-0.05695086
0.04708094
0.07023031
0.30303894
0.02735912
-0.09730990
0.08440249
0.01099957
0.18121899
0.25951310
0.07166931
0.03667154
0.02965787
-0.22882417
-0.08095131
0.12951639
-0.11146572
0.20734818
-0.10097052
-0.12195867
-0.01749700
0.19552834
0.03931787
0.16943861
-0.12405386
0.18322221
-0.05085078
0.08171246
-0.05882535
0.04778062
-0.24043421
-0.02445155
-0.15773226
-0.19603630
0.03577107
-0.11650379
-0.17298460
0.09870260
0.32718248
-0.06633026
-0.10827148
0.03044077
-0.04015740
-0.08962324
-0.23272681
0.20040572
-0.10996459
-0.01822148
0.41045587
0.23896565
0.07180615
0.22221545
-0.31977922
0.06210434
-0.04583361
0.16171168
0.10225896
0.09421581
0.02715937
0.41603014
0.11175718
0.38032667
-0.04330269
0.20195393
-0.20631256
-0.07606989
0.05050575
0.12181661
-0.38506690
-0.00316009
-0.14565222
0.00257908
-0.08723390
-0.18776811
-0.27760072
-0.30458520
-0.56324840
-0.23319085
-0.52599442
-0.22968527
-0.30252449
-0.24545707
-0.25917904
-0.71038791
-0.14954661
-0.13475197
0.14035990
-0.39049275
-0.09610628
-0.03049575
-0.06518379
0.31522692
-0.09038128
0.13127388
0.21880885
0.29024867
-0.09165723
0.13777571
0.29231961
0.30415145
0.43093795
0.20415630
0.36601951
0.20915058
0.01285623
-0.05646838
0.16174575
0.32050820
0.04283974
0.38121794
-0.00871607
0.26967244
-0.18312409
-0.04916446
0.32029986
0.07486733
-0.09537738
0.05990258
-0.25364019
-0.03315783
0.14285553
-0.01443408
0.00385378
0.13133095
-0.06303634
0.08120221
-0.02551761
0.02259862
-0.10198010
-0.28243264
-0.02947191
-0.11537010
-0.18206412
-0.06702047
-0.20180483
-0.23023029
0.06776876
-0.12223638
-0.03961384
0.01077435
0.10517252
0.17986069
0.18545704
-0.11539048
0.23133116
-0.18356680
-0.22988567
0.04070768
-0.22752413
-0.17864612
-0.17882824
-0.00300144
-0.28592358
0.00310415
0.42955072
0.01771122
-0.12753720
-0.20182163
0.07624930
-0.12651682
-0.17680760
0.09760722
-0.30721948
0.04247708
-0.03669318
-0.13709027
-0.06634858
-0.20158387
-0.00195768
0.11978098
0.00192820
0.10969411
0.10168968
0.21453219
-0.12936326
0.06774131
0.18639397
-0.08762095
-0.04260193
0.01704428
0.27536174
0.16741868
-0.22072767
0.01547143
0.21637106
0.06225103
0.00593716
-0.11191769
0.00131018
-0.08703965
0.19388304
0.00555977
0.09900647
0.24363888
-0.12091068
0.12261855
0.14497154
-0.06648047
0.13586954
0.20964400
-0.06934703
-0.07797779
-0.02531075
0.14041946
0.16611659
0.20417471
0.21014344
0.15343613
0.06853106
-0.28251470
0.31970005
-0.02129183
-0.02091014
-0.09487045
0.10787887
-0.07721593
0.14611113
-0.17604827
-0.17710444
0.21180758
-0.02968547
-0.00589132
0.16445268
0.09279062
0.00635864
-0.02280425
-0.03129360
0.17829066
-0.08392002
-0.11414199
-0.19152956
0.23359548
0.06278971
-0.15000431
0.15053068
0.04258528
0.03839120
-0.03186364
-0.20220292
-0.08579108
0.24266805
-0.16915845
-0.29778124
-0.01106451
0.11093004
-0.20326785
0.00053968
0.03580663
0.16069837
-0.05722779
-0.14017395
0.20456555
0.04302702
0.11166224
0.08541827
-0.15675229
0.16365535
-0.05025096
-0.02872446
0.12634885
0.05255213
0.04489387
0.13882737
0.08246716
-0.21500995
-0.04933097
0.02393787
-0.08243873
-0.10412840
0.25724134
-0.19125543
0.06309728
0.07698051
-0.07634976
0.07076580
-0.14341838
-0.06480689
0.11497469
0.05285088
0.01523110
-0.29523376
0.03027126
-0.16111234
0.08290543
-0.11406206
-0.13037025
0.08055198
0.03902143
0.13795831
0.32109873
0.06192972
0.12322238
0.05872490
0.09566214
-0.19969224
-0.18794116
-0.11298820
-0.10883731
0.11850718
0.03179233
0.44112560
-0.13240642
-0.14826853
-0.08367979
0.11787511
0.32386463
-0.16923657
-0.17098745
0.03508427
0.08952617
0.30055292
-0.06547568
-0.19813022
0.26483461
0.10092090
-0.06784203
-0.22758371
-0.11918511
-0.35871126
-0.31473726
-0.06951063
-0.02416339
0.04516659
0.06810955
0.21399418
0.14537790
-0.05505808
0.07467007
-0.08126027
-0.03417043
-0.26374895
0.04767268
-0.01114356
0.05083925
0.08586359
-0.07990849
0.09948341
0.22633841
0.26842453
0.01084793
-0.08065358
-0.27244404
-0.19342828
0.13371378
-0.14525793
0.09570308
0.13677174
0.15965292
0.10384486
-0.16417284
0.18648861
0.04498749
0.09877832
-0.13395125
-0.10420600
-0.13144009
0.18831654
0.11751206
0.14438110
0.10598452
-0.09478119
0.16109889
-0.13442435
-0.15145609
-0.00554515
0.23387529
0.39398535
-0.03429578
-0.10550908
0.01020090
-0.16624520
0.05267385
-0.14560753
-0.31466776
0.06071694
-0.22272275
-0.09288975
0.09580628
-0.12638808
-0.07809287
0.11998049
-0.08114331
-0.39347585
0.00987729
0.04184252
0.01057630
-0.28936045
0.05681996
0.16491664
-0.05735372
-0.09641219
0.10598490
-0.21179225
-0.00165892
0.08321832
0.10197696
-0.13929492
0.23626732
0.01321384
-0.21017063
0.23038551
-0.01027568
0.02674298
0.08044141
-0.22241217
-0.20244210
-0.06098020
0.19916224
0.04491368
0.17818414
-0.13171169
-0.07201710
-0.07896770
0.20592551
-0.23507610
-0.24835990
0.23466970
0.15519922
-0.08746266
0.19316033
-0.22630179
-0.11702187
0.06517916
-0.01979786
-0.07339900
0.39671508
-0.08015004
-0.05050335
0.20499889
0.29296404
-0.00588003
-0.15481037
0.00925432
-0.20154358
0.04885528
-0.04702523
-0.01245160
-0.25533810
-0.09349867
0.15707822
-0.00045984
0.09398417
-0.08876192
-0.10831813
-0.15108923
-0.15286923
-0.13321416
0.11640779
-0.32372848
0.13703687
-0.14977344
-0.13685850
-0.14250122
0.08673547
-0.27173546
0.23349402
0.35678225
-0.42445659
-0.12208083
0.08271052
0.41466285
0.19087553
-0.07273729
0.49583618
0.00750966
0.06231130
0.10701865
-0.04506532
0.03141980
0.11405464
-0.32263626
0.22777564
-0.42991835
-0.16603675
-0.19913990
-0.04130371
-0.10794740
-0.02575734
0.28102961
-0.23050870
-0.13386489
-0.03864791
-0.13838426
-0.10128000
0.18169379
0.29236139
-0.16945374
0.00769416
0.12572861
-0.31922035
-0.09076895
0.14937853
0.28814791
0.01400229
0.08071575
0.07816928
0.12976637
0.11145498
0.43401722
-0.00919208
0.07415859
0.02882185
-0.36091630
0.14878017
-0.11960263
-0.17058054
-0.14681871
0.08586244
0.21991103
0.11282699
-0.00808121
0.02335263
-0.11460904
0.02431590
-0.04607106
0.07418546
-0.04296934
0.23113698
0.13390667
-0.10335780
0.01477025
0.12784344
0.03775631
-0.08724766
-0.01690915
-0.05188278
0.11825306
-0.02963537
0.20183229
0.13966473
-0.06140897
-0.05232177
-0.13534233
0.01819430
0.07249291
-0.16285676
-0.10526510
-0.20691593
-0.06452484
-0.20660560
0.12700667
0.31104318
0.23669375
-0.35247893
0.11771157
-0.12023934
0.13516958
-0.08214537
0.52111915
-0.16191891
0.10990036
0.27406419
0.01760141
-0.02068680
-0.16475616
-0.35625109
-0.07001433
-0.29142890
-0.08566592
0.19552720
0.24012328
0.01482244
0.13341502
0.16661465
-0.30893236
-0.14408113
0.00950391
-0.40901114
-0.14037434
0.05271365
0.10553663
0.14031385
0.13528937
-0.20114332
0.01788374
-0.26082432
-0.06966007
0.10253195
0.10319854
-0.10177321
0.30216387
0.22868603
-0.17904524
0.09465646
-0.11128161
-0.13754963
0.07212590
0.08098012
-0.13459572
-0.05939218
-0.34048698
0.11564189
0.05520551
0.07343906
0.46355915
0.11165634
0.02517507
-0.12664284
-0.06474398
0.32653161
-0.05033340
-0.11832787
-0.04088403
0.12850059
-0.14960222
-0.04812423
-0.28836419
-0.10361363
0.38039028
0.05347856
-0.01338698
-0.20343138
0.03171621
0.21212888
-0.04989278
-0.11675752
-0.06973416
-0.03456952
-0.35929438
-0.10453032
0.04588251
-0.02567872
-0.38488996
-0.00760672
-0.25336047
0.00463158
-0.10745118
0.11650683
-0.07107154
0.18452043
0.01442794
-0.03078145
-0.10504605
-0.32988956
-0.32789874
0.04061363
-0.07912442
-0.04167436
0.04257801
0.02109334
0.04285573
0.06959856
0.22587733
0.00820867
0.04055791
0.30055949
0.13764288
0.06270222
0.15580838
0.20747202
0.05119919
0.00365743
0.05551270
-0.29585097
0.00356947
0.00180619
0.22626328
-0.07542173
-0.28589974
-0.04011678
0.11599232
-0.22109052
-0.13404873
0.28601001
0.04385838
-0.26907157
-0.00208483
0.03044946
-0.00969659
-0.05651705
0.02664758
-0.00134812
0.01699733
0.06116027
-0.16617374
0.07231878
0.28541468
-0.50429079
-0.14224711
0.37822897
-0.01183515
0.22822818
-0.11684315
0.13810019
0.15175239
0.25194892
-0.03568252
0.07078165
-0.24708985
0.32692433
0.31835221
-0.06219979
-0.27096984
0.12390198
0.21551273
0.01196344
0.32483973
0.07055813
-0.14608169
-0.05028428
-0.10237567
0.13039167
-0.01120973
-0.22446407
0.37209004
0.05837465
-0.26959339
-0.15599930
-0.41045957
0.11643743
0.01391763
-0.25600870
-0.10835585
-0.06634631
-0.08400524
0.04391051
-0.24627008
0.20810084
-0.02418615
-0.02232115
0.00637244
0.04844922
-0.31305256
0.20162640
-0.15853010
0.30576506
0.07783580
-0.19403866
-0.10187667
0.14474554
0.20480668
-0.11335376
-0.25053136
-0.09114063
0.01753497
0.12694243
0.06805986
