0.29108749
0.19512401
-0.91995910
0.12614516
-0.06580688
0.28899765
-0.05058474
0.77310473
0.01778352
0.14204880
0.25371959
-0.00015387
0.57728803
0.50061657
0.15151784
0.38452455
-0.76951986
0.22965346
-0.23774423
-0.13213860
0.14874850
0.29842309
0.32501151
-0.26036066
-0.70957448
-0.22407388
-1.22851547
-0.55764325
-0.21315501
0.29042668
-0.09270340
0.83468167
0.06341317
0.25445279
-0.64916508
-0.09077515
0.43893074
-1.16667835
0.34737610
-0.16721333
0.20337246
0.25570100
0.27215689
-0.22232457
0.51658928
-0.31248479
0.17878415
0.37280546
0.15348139
-0.55028164
0.18786872
-0.86873358
0.23325069
-0.36951689
0.12497566
0.16632828
-0.47592871
0.39270969
-0.06997482
-0.58237478
0.45759098
-0.02015867
0.52421141
1.00436911
0.12993705
-0.36162018
0.49345628
0.82995351
0.36474125
-0.64634774
1.10694696
-0.19018775
0.43582122
-1.17924124
-0.29521252
0.04882563
-0.61200692
-0.17768191
-0.11913456
-1.03946649
-0.39893487
-0.17383331
0.47137494
0.05336970
0.25540195
-0.25796286
-0.02366085
-0.74563633
0.03045289
0.32270481
0.07646843
0.33503897
0.88407027
0.11457723
-0.56765765
-0.08445778
0.23480253
0.37555801
-0.02761505
-0.11909503
0.02818291
0.89286859
0.08137160
-0.06374331
-0.28655528
-0.29373414
-0.02542729
0.15068323
0.77265430
0.01368978
0.37527216
0.99738839
0.10773820
0.03045506
0.24506690
-0.14412530
0.30927980
0.85768614
0.40224927
0.17079316
0.53425716
-0.60582772
0.15095514
0.29856492
-0.08471085
-0.04663060
0.25823789
-0.40737434
0.39358564
0.18099891
0.04741577
-0.46481333
-0.23279327
0.34407988
-0.19503602
-0.50314450
-0.23920016
0.24785052
-0.03846700
-0.06988855
-0.38245720
-0.23350589
-0.79768737
0.00513918
-0.27070568
0.26156154
-0.08305972
0.93369992
0.52093152
0.18664741
-0.11311626
-0.63988544
0.72461108
0.09128650
0.21285016
-0.02895294
-0.77395847
-0.44583540
-0.17830612
-0.08422709
0.02819207
-0.17692789
0.28185545
-0.05412052
0.17463404
0.13412620
-0.37534551
-0.07231635
0.28864712
0.42038008
0.51301210
0.25392749
-0.64466728
-0.23535071
-0.06002390
-0.21952771
-0.23230198
-0.38031259
0.37196454
-0.17059057
0.22499094
-0.32127667
0.00743928
0.30253200
-0.83526172
-0.29466425
0.84263328
0.09138775
-1.08972683
0.40865473
0.05333391
0.27986062
0.72716184
-0.88906754
0.08520659
0.20633414
0.26916148
-0.42000099
0.25234590
0.42519919
0.33939076
0.03340675
0.28344044
-0.25680559
-0.77415491
0.11797725
-0.17115302
0.74921574
0.35755936
0.04088373
0.56345052
-0.01225002
-0.11595063
0.18607289
0.41680295
-0.00780607
-0.41652495
0.26196089
-0.85900746
-0.40539837
0.22367103
0.40598049
-0.28181861
-0.17441962
0.63811860
-0.01729276
-0.50166534
-0.27509154
0.70130167
0.48876144
-0.17162821
0.44237239
-0.50872827
0.76052345
-0.41877040
0.11848998
-0.13461240
-0.10568639
0.18902645
-0.20369343
-0.23408479
-0.60031220
0.15045051
0.82035854
-0.06875718
-0.66802549
0.18551936
0.42849292
-0.40203602
0.39847788
0.14568028
-0.08601450
-0.57914133
0.41078848
-0.15952979
-0.19164942
0.10473132
0.78690241
0.02690024
0.82906297
-0.19841663
0.17497205
-0.29543059
-0.62226111
-0.39916749
-0.14296976
0.32878421
-0.38781254
-0.09674020
-0.22314665
-0.15225520
-0.63127988
0.40645820
0.71045238
-0.43553548
-0.16685759
0.49143834
0.39196468
-0.03974415
0.57837140
0.18058140
0.17118055
0.22267630
0.11310799
-0.47264868
-0.08691359
0.04580339
-0.25718054
-0.09246450
-0.33004165
-0.47411933
-0.67439638
0.72703044
0.35769926
-0.61885896
0.06199736
0.28168681
0.45064994
0.01091690
-0.12747132
0.04018798
0.07193168
0.26329937
-0.95529436
0.38637734
-0.00382892
-0.13750889
0.24563256
-0.20004064
-0.38259906
-0.57328653
-0.40468871
0.36610854
-0.04159706
-0.37536430
0.43293719
-0.06608730
0.59717921
0.16214593
0.27207651
-0.39760255
-0.51096630
0.34007647
-0.49336915
-0.21157465
-0.19094846
-0.09161402
0.73245648
0.00573926
0.29619917
0.44532332
0.20108230
0.30057109
0.15956587
-0.49687568
-0.12348946
-0.21188771
-0.51257882
-0.33880167
0.57301327
0.29806095
-0.26372816
-0.33742967
0.20562301
0.54927271
0.44870996
0.15444165
-0.56603513
1.54172937
-0.34441450
0.98494381
0.22152344
-0.23974825
-0.35797814
-0.02103339
-0.49417730
0.23051373
0.26082182
-0.11307801
0.38051322
0.15272968
0.26365651
0.26239474
0.38361233
-0.16495948
-0.26349148
1.10494939
-0.15922829
0.10794684
0.02757801
-0.50960191
0.79149734
0.00363855
0.09181913
0.58804745
0.10937536
-0.17567955
0.37019688
0.16956237
0.80368016
-0.47452594
0.25722460
0.40914377
-0.13477980
-1.44768177
-0.34745137
-0.24215423
-0.09180460
0.41779719
0.05790349
0.00125532
0.15539414
-0.27197836
-0.23787861
0.04223712
0.16204770
-0.64813942
-0.02609667
-0.26635101
-0.17990842
1.12728476
-0.76049511
0.89080648
0.19070600
0.33149716
0.84792893
-0.39613528
-0.14371479
-0.59210106
0.18390768
0.42844534
0.16907379
-0.42755856
0.70872992
-0.49266474
-0.83008341
0.01401734
-0.47320098
-0.77375379
0.11617450
-0.17688345
0.42167504
-0.12648747
-0.19524509
-0.20887011
0.38943370
-0.15817760
-0.10724338
-0.49250014
-0.38181267
-0.40221923
0.48513711
-0.21938881
1.10878251
-0.69049183
0.37539191
0.45569720
-0.51567418
-0.93519934
0.49256336
-0.70170814
0.00383983
0.28621875
-0.79669953
0.11829159
0.19003914
0.22847363
0.15049872
-0.07350362
-0.47802741
-0.47080035
-0.27400473
-0.15555964
0.08451660
-0.13426100
-0.72724770
-0.18234369
-0.87515483
-0.29271678
0.16261700
-0.17052664
0.06910549
0.30583699
0.19984556
-0.22564238
-0.47284708
0.27075804
1.24642648
0.34564329
0.47608147
-0.71833836
0.02600006
-0.33837230
0.34680538
-0.11162064
0.35483423
-0.61414865
-0.56183786
0.37399211
0.45765074
-0.22850103
-0.24099702
-0.19043252
0.38552420
0.85264860
0.27935636
0.13902763
-0.14776152
-0.11812190
0.03819059
0.09728825
0.14239185
0.38732316
-0.06136901
-0.53869486
0.44308157
0.04213275
0.00557169
-0.70361541
1.24294239
-0.71183017
-0.42496648
-0.00760480
0.10354704
0.02004651
-0.12776673
0.17675976
-0.00552227
0.56367606
-0.47486282
-0.14857389
-0.40864476
-0.05073102
-0.04831051
-0.99027554
0.09763261
0.52778874
-0.24323006
-0.38579026
0.45084367
-0.86088447
0.15047503
-0.16539199
0.08102278
-0.53398138
0.46721713
0.07466181
0.86111136
-0.15732301
-0.21702283
0.22351201
0.23963888
0.04933310
0.39698229
0.55614514
0.43289489
0.25839876
0.33058164
0.43778294
0.69382914
-0.10356056
-0.01667274
0.92688936
-0.17999568
-0.02505076
-0.40536370
-0.72762734
0.16625930
-0.18647013
0.32056416
0.05797877
-0.48077685
-0.41665053
0.06127501
0.05062357
-0.42648828
0.46089557
-0.10411470
-0.84009990
-0.32868372
-0.78316502
0.16750175
-0.46854753
-0.38853768
-0.45317459
-0.07463136
-0.15588207
-0.10721289
0.03924280
0.27891327
0.35421212
0.45565029
-0.32859362
0.77721734
1.00167670
-0.48360959
0.11796966
0.08297780
-0.28184833
0.36079364
0.66830244
-0.21550447
0.63148210
-0.55161837
-0.77253610
0.03535383
0.37901671
-1.07464629
-0.39802134
0.45374788
0.31125571
0.62683914
-0.01520000
0.26678287
0.08452580
-0.08389009
-0.54301685
-0.28281748
0.52428260
-0.61501827
0.34352440
0.01777340
0.16825916
-0.49309702
0.01726703
0.11228887
-0.61768796
0.69281199
0.06793951
0.48552620
-0.17601502
-1.09890264
0.46982442
0.37773805
-0.40007683
-0.94169893
-0.43942046
-0.15065548
-0.25446662
0.09819836
-0.71080058
0.17804787
0.65877013
0.87226245
-0.26806217
0.24691342
0.62502971
-0.35362876
0.04654105
-0.13169971
-0.06046170
0.20768152
0.09746685
0.22708505
-0.49661836
0.21231292
0.19030557
-0.76388981
0.70287040
0.09390429
-0.06832096
0.15851984
-0.52182994
0.95321919
0.60853335
0.46236572
-0.79978159
0.00809461
-0.35820289
-0.81823249
0.27261823
-0.05680645
0.77885100
-1.00707894
-0.39501958
0.12164372
-0.09428787
-0.03532959
0.48707135
-0.16163248
0.88762752
0.31775537
-1.01283005
0.16444295
0.36227056
0.30504239
-0.33593750
-0.23409819
0.39974344
0.23470704
0.22931495
0.40428136
0.09821260
-0.56283120
0.29731512
0.35521803
-0.46455916
-0.75871637
-0.65088402
0.33579150
-0.03529661
0.24700595
0.16249581
0.56333286
0.61996428
-0.03342813
0.41772344
0.29497230
-0.38425272
-0.16226340
0.28945184
0.18770789
0.01856099
-0.71949640
-0.25284463
-0.72989686
0.15910967
-1.10416568
-0.07105589
0.31183413
-0.65745646
0.21934848
0.37849919
0.05729765
-0.53720738
0.01762126
-0.39389122
-0.54559652
-0.50234496
0.16502521
-0.68860117
-1.50078656
0.13983150
-0.18475977
0.36250372
0.32053356
-0.08706267
-0.36457921
1.06866071
-0.10677018
-0.28007401
-0.08019748
0.41137159
0.85283803
-0.65205135
0.50204534
-0.47470609
0.33605465
-0.08792430
-0.16076937
0.06647201
0.15968206
0.89489184
0.53193794
0.19400745
0.07132474
-0.50764071
-0.31830092
-0.31572110
-0.09214625
-0.33565974
0.01082285
0.45357690
-0.22432663
0.67892974
0.30182325
-0.49371040
0.38191158
-0.31045325
0.47669603
0.71521054
-0.07004919
-0.03769765
0.51870607
-0.11285294
0.79294666
-0.31411709
0.56608216
-0.93248971
0.49190662
0.77164606
-0.11847789
0.06766055
-0.45941352
0.05438437
0.40455286
-0.60681107
-0.06141186
-0.04229086
-0.00632050
0.02201375
0.70943706
-0.87852842
-0.43071599
-0.25802620
0.73434972
-0.07130443
0.36774162
0.38012058
0.58525078
-0.35685605
0.52781003
-0.03638729
-0.43088617
-0.07383448
0.33548625
0.36643254
0.36559894
-0.10472707
-0.40310853
0.05368872
-0.01058834
-0.85347306
0.63776484
0.49127599
-0.09029349
-0.04993373
0.23594326
-0.41220645
-0.30197905
-0.15815075
0.77027755
-0.19649880
0.29663468
-0.39601736
-0.11257604
-0.01767498
0.49398259
0.67825127
0.89585569
0.16619047
0.93197075
0.35373067
0.77442634
0.07955578
1.64482399
0.26624161
0.24444552
0.63334935
0.09999731
0.24254778
-0.39659650
1.10417326
0.10267739
-0.91284394
-0.25685730
-0.53676300
-0.03108142
-1.10079686
-0.79411860
0.07211022
-0.39297775
-0.67777048
-1.17983759
-1.04352701
-1.32819409
-1.30310916
-0.81607151
-0.89247487
-2.27001292
-2.63120142
-1.37403866
-1.81398085
-1.21975804
-0.41179009
-1.22041207
-1.17707975
-0.65164433
-0.46511912
0.20125196
0.76585357
-0.11370281
0.48416136
0.96121108
0.76878412
2.19902278
1.46148792
2.04808523
1.75793922
2.07562884
2.80714249
2.04683140
2.09020606
1.10030408
1.26018785
2.13628901
1.68443404
0.17256273
1.45341719
1.15013554
0.10367652
0.98283266
-0.14624923
-0.02163383
0.30924641
-0.71228227
0.21438828
-0.64329193
0.11253043
-1.41132495
-1.35643895
-1.08158292
-0.52965271
-0.74819626
-0.59347291
-0.60586148
-1.09352922
-0.50710946
-0.16373797
-0.56527338
-0.87235071
-0.31611289
-0.58024716
0.07430639
-0.15954447
-0.56182485
0.00109312
0.01363864
0.28757500
-0.72588009
-0.84369480
0.34316719
-0.37326186
-0.05501077
0.23968421
0.59777148
0.84941851
0.35457970
-0.52068580
0.06504462
-0.01779449
0.02955242
0.05165415
0.26992328
-0.37678585
-0.11763534
-0.09192827
-0.20734984
-0.75415505
0.98717280
-0.05487269
0.39190521
0.15857131
-0.70152193
0.01054778
0.46710641
0.51907771
0.60167108
-0.32008698
-0.25789381
-0.45002225
0.06112794
0.59219176
-0.83354229
-0.43326696
0.20461195
-0.03899042
-1.10142411
-0.21957962
-0.94460526
0.29821196
-0.07270257
0.93104103
-0.76379656
-0.30747766
-0.03980963
-0.15759276
0.31958842
0.13825357
-0.14292337
0.30505328
-0.32770865
-0.13951407
-0.12969680
-0.46838467
-0.08635355
0.29398421
0.62372604
0.26239652
0.31125306
-0.04258440
-0.85225337
0.06477471
-0.59498281
0.50030663
-0.06326158
0.57549113
-0.15260434
0.40546176
-0.42445725
-0.48463962
0.08162939
0.28892579
0.17558418
0.14182383
0.27273722
-0.47194206
0.06229056
-0.31853625
0.10030525
-0.16955891
0.17542529
-0.52472710
-0.03519586
0.57983544
-0.53063513
0.68144203
-0.20323994
-0.54070110
-0.20019686
0.49454588
-0.25562537
-0.15632910
-0.10443759
0.51546401
-0.00719181
0.48170760
-0.74458180
-0.22070492
0.74927013
0.55222606
-0.70018224
-0.63398524
0.18486858
0.67286843
0.30582442
0.22341350
0.47225684
-0.54670623
0.28959574
0.12320340
-0.51879558
0.52410967
-0.30404122
0.24930795
0.01710766
-0.17098914
0.99994000
0.45689992
0.01652620
0.38000841
0.17545039
0.06595726
-0.75421591
-0.54333399
-0.24345611
0.27472610
-0.36116534
0.31686789
0.22077204
0.56296516
-0.24902856
-0.99454306
0.73245013
-0.03318790
0.59255564
0.19479353
0.17515993
-0.22413709
-0.38298066
0.68275199
-0.56636571
0.39142951
0.27574492
0.47699111
-0.56846935
-0.00473605
0.30535647
0.13217288
0.27150194
0.12533047
0.49714771
0.53409498
0.62918915
-0.55000559
0.15758783
-0.77837223
0.06483711
0.59778109
-0.93781769
0.64343021
-0.03399861
1.07959416
-0.13564431
-0.40043404
-0.03772371
0.02400000
-0.22501258
0.29742643
0.35807518
-0.54526527
0.25842181
0.10654235
0.51464648
-0.53663189
0.76336255
0.31920492
0.09959843
-0.21264379
-0.04914105
-0.42324773
-0.20006103
-0.51045314
0.95395076
-0.11193802
-0.19068523
-0.57882752
-0.41395165
-0.01902274
0.52647114
0.04156108
0.22049836
0.75909340
-0.40731683
0.07769974
-0.44805015
-0.40091710
-0.02866733
0.13468556
0.12646865
0.29139118
-0.36020150
0.27572783
0.29929033
-0.64439139
0.23198911
-0.74726630
-0.02845580
0.16265935
-0.37700201
-0.59508231
-0.61042819
0.41807366
0.40837780
-0.47679866
0.02698951
0.62677277
0.17585575
-0.58886371
-0.37466688
-0.31751825
-0.47282824
0.03364279
0.29064411
0.13960627
-0.11947417
-0.35123027
-0.35993982
-0.91249401
0.42541303
-0.20154823
-0.82449350
-0.23537041
-0.17173986
-0.48668197
-0.11197964
-0.10951354
-0.66695211
0.44641989
0.34036640
0.23271432
0.34787839
0.46641230
0.24812748
0.05579623
0.20333780
-0.36883971
0.04338425
0.28549479
0.06704794
-0.31254045
-0.08174883
0.10817944
-0.47485888
0.19865594
0.22013234
0.92035191
0.69659592
0.12214003
0.17187736
-0.08215386
0.54583626
-0.78398899
0.70556030
0.12043840
-0.08964493
-0.29050501
0.38254237
0.74778551
0.14339386
0.60192697
0.35536178
-0.63087225
0.03130418
0.62574501
0.78721756
0.12740531
0.03190164
-0.64764997
-0.70584507
0.43032416
0.25448333
-0.24920593
-0.05955795
-0.13692791
0.33150899
-0.00584197
-0.17161104
1.05761537
0.04051994
-0.18399285
-0.00200981
0.37973350
-0.83175748
-0.20005770
0.02018998
-0.35282983
0.07102824
0.41063626
-0.14426249
0.01843611
-0.23039689
-0.36571037
0.11126454
-0.35904064
0.36209095
-0.18972393
-0.15561439
-0.46108973
0.21023856
0.82163936
-0.19135113
-0.43065946
0.10220242
0.25883712
-0.63510422
0.28954936
-0.42753457
-0.87686457
0.36513170
-0.36139931
0.60055377
-0.87440056
0.14473868
-0.17452562
-0.27650879
0.24780429
-0.18781300
0.40781663
-0.30452045
0.12192230
-1.13907623
0.23176751
-0.32742075
0.14563147
0.58823774
-0.27286257
-0.33061866
-0.26861931
-0.49848355
-0.38294400
-0.44167611
-0.31211705
0.23071556
-0.31939769
0.05835747
0.51638954
0.75211707
0.33594074
-0.31279923
-0.23994925
0.11164484
-0.05322033
0.19354090
0.12145757
0.24013811
0.13466806
-0.50163131
0.21984191
-0.27481357
0.56668180
0.13543476
-0.06204612
-0.61391248
-0.23804212
0.39052930
-0.32725978
0.04394605
0.72088377
-0.21842596
0.16131458
0.11685456
0.62070545
-0.16682251
-0.13049566
-0.45907669
-0.25683144
0.13634580
0.10094576
-0.22312284
0.59443777
0.24348300
-0.81240562
0.50977568
-0.17369059
0.42340246
-0.06058582
-0.35790744
-0.11455437
0.40833621
-0.08446472
-0.01709492
0.09659675
0.51503027
-0.16205428
0.17980129
-0.21078275
0.29354123
0.46033501
-0.04888204
0.32410776
0.54010586
0.07670703
0.31567986
0.42176198
0.02286314
0.06969147
-1.26943458
-0.05403674
0.06265030
-0.21386442
0.22045889
0.01813376
0.25520542
0.29360648
-0.24071314
-0.36518389
-0.11310377
0.60771025
-0.17354030
-0.82322967
0.73629535
-0.36080308
0.13604071
-0.44425749
0.28583364
0.06538742
0.46253182
-0.41912350
-0.47357564
-0.32182309
-0.13687835
0.70511457
0.28073667
0.18591629
0.45215871
-0.86767193
0.63364235
0.65097222
-0.61372483
-0.72645354
0.31358139
0.27029864
0.48609047
-0.03670285
-0.30540652
0.19766021
1.24294990
0.22780455
0.33263830
0.39707761
0.23607739
0.03964269
-0.95617767
0.23791376
-0.62179773
-0.08128003
0.07104344
-0.09320778
0.55238004
0.07053566
-0.61864469
0.06413826
-0.23542322
0.32307405
-0.31426884
0.05337842
0.09902687
-0.29298983
-0.07365441
0.09317972
0.50573979
-0.02705076
-0.40923870
0.73071346
-0.76007252
0.05588188
0.09845848
-0.44402298
0.46821674
-0.75527385
-0.15237081
0.74014096
0.68901248
-0.56881828
0.76625021
0.00296812
0.02575909
0.43290874
0.73054758
-0.25734097
-0.78540563
-0.09645690
-0.48255662
0.09218168
-0.71809674
0.99213538
-0.13488954
-0.13147281
-0.30984015
0.53242851
0.46257882
0.47123214
-0.15222287
0.30202469
0.73094515
-0.09256388
0.39605290
-0.33687866
-0.19864899
-0.28564939
0.00141861
1.36972620
0.10955990
0.00957106
0.10205472
1.27439989
0.15950237
-0.10466278
0.09175372
0.39050860
-0.19173360
0.99093187
-0.66920403
-0.07234230
0.17774255
-0.46544988
0.65381259
0.16863766
0.13880738
0.25699527
-0.04794304
0.76159840
-0.10773072
-0.31218047
-0.14138963
0.33489078
0.05503959
-0.33726263
0.26213807
-0.51292199
0.12746313
0.32481637
-0.34576556
0.49003257
0.24315793
0.72582654
-0.01834959
-0.24201417
0.06822102
-1.13831225
-0.69151487
-0.53554220
0.68960079
-0.06179596
-0.25551672
-0.08301343
-0.28534400
0.05800282
-0.32982405
0.24854427
-0.31021190
-0.58710438
0.02587650
-0.20796426
-0.57379772
-0.11066818
0.23887691
-0.54840993
-0.50975779
0.51135783
0.07431528
-0.28240845
-0.45206045
0.16717892
-0.19641702
0.36586116
0.43766501
-0.08534648
-0.90255249
-0.27317729
-0.42084375
-0.70415573
0.46314894
0.23690710
0.04256794
0.63677054
-0.05506999
-0.46869465
-0.43561054
-0.55778979
0.18138703
0.56304203
-0.09678878
0.58462427
0.49596292
0.05027791
-0.06699715
-0.52242492
0.66894576
0.55243028
-0.06303192
0.31823939
0.07784922
-0.63651908
0.29435382
-1.04265745
0.69954512
0.76467194
0.02510902
-0.10765103
0.91196558
0.50526106
-0.69562999
0.26764562
0.69282404
0.07027432
0.06083024
-1.04801759
-0.17032783
-0.48261897
-0.36544921
0.07262373
-0.73866046
0.54807888
-0.44601412
-0.07461598
0.07922830
-0.07601239
0.68794569
-0.60940316
-0.53453430
0.47215141
-0.56063144
0.89125004
0.18342556
-0.68673461
-0.51927198
-0.46896348
0.73000948
-1.19092252
-0.06384801
-0.12055819
0.06774014
-0.23229627
-0.01448321
-0.60597213
-0.31986594
0.89791463
-0.02215358
0.03049995
-0.00115563
0.55269136
-0.24027267
-0.08161319
-0.33590999
0.32828451
-0.10852851
0.57474962
-0.60037640
-0.38056206
0.98323769
0.49700135
-0.09912559
-0.15007992
-0.17271922
-1.17864955
0.26593967
-0.24941144
-0.02940156
0.02425329
-0.56019728
0.60317386
0.34106628
-0.79337478
-0.06172247
0.39328297
0.19936728
0.11045953
-0.04353981
-0.37927272
-0.44020015
-0.27282049
-0.04486399
-0.30453355
0.18384058
1.01299609
-0.59314945
0.12853270
-0.02008484
-0.09766427
-0.76667482
-0.61748696
0.10204515
0.34781526
0.34220287
-0.17447378
0.13759201
0.04869800
-0.34443228
-0.95831498
-0.62982232
-0.18931397
0.29627483
-0.10120836
0.21578789
-0.90789685
1.02676071
0.27234292
-0.26400282
0.37782430
-0.56024987
0.20882818
-0.13494475
0.17751677
-0.59357744
-0.36394252
-0.22271901
0.65464703
0.04220231
0.25755630
0.15283753
0.11236032
0.07186635
-0.49698754
-0.10763088
0.04200200
0.28930255
-0.52393259
-0.12230537
0.26720594
0.16898881
-0.44730817
-0.62594357
0.05513021
-0.02248943
-0.42174250
-1.04068049
0.16515759
0.33038892
0.30217493
-0.05679880
-0.09430181
-0.49000653
-0.81299266
-0.51695863
0.38428054
-0.02125599
0.30067724
-0.09980057
-0.34691660
0.54679297
-0.03068439
-0.76377757
0.12281807
-0.34913664
0.14701784
0.82626832
-0.04208355
0.41635004
0.36637546
-0.58587220
0.15007289
0.57326050
0.70447828
-0.45114993
0.49037739
0.49102463
0.90627969
0.19073754
0.06248524
1.12952172
-0.37818722
-0.00403590
-0.30655340
0.65650409
0.38514991
0.00815000
0.54040193
0.19595979
0.31714385
0.22150449
0.64051251
0.74153730
0.18323229
0.55833546
0.53699859
0.29815843
0.22321302
0.35061418
0.06428077
0.14023793
-0.00377438
0.12334489
0.34608559
0.18566165
-0.28547416
0.32759715
-0.42540110
0.10459343
-0.37697908
-0.01552229
0.11161383
0.08875267
-0.79565743
0.53217640
-0.62313705
-0.02496746
0.03687039
0.39769653
0.42024612
-0.06702848
0.62334122
-1.26024986
-0.61224112
0.45160374
0.54313944
-0.44989567
0.00877955
0.43416375
0.21227659
0.48721049
0.13510948
-0.45437047
0.53055625
-0.30359085
0.00159998
0.26555551
0.36768975
-0.42189584
-0.40389490
-0.06077005
0.54020455
-0.29521792
0.08969027
-0.11886508
0.15569258
0.58127226
0.56791733
-0.04509668
-0.41475219
0.53495117
0.13405373
-0.49919488
-0.12599580
-0.02481863
0.06019120
0.50861521
-0.25058920
-0.07474557
-0.61023908
-0.60565855
-0.10166769
0.15305092
-0.08188194
0.26549381
-0.22321376
0.33985592
0.37769347
-0.17441237
-0.45390377
0.21346251
0.02441777
0.62132555
-0.22779944
0.11138563
-0.41879258
0.05914784
0.23585511
0.40546278
-0.18278926
0.11295729
-0.12788577
-0.17196043
-0.60324045
0.39405506
-0.47754619
0.23886518
0.07332497
0.21023288
-0.32463574
0.61063389
0.42371826
-0.21365237
-0.12879951
-0.04417745
-0.65922961
-0.02359255
0.87013881
-0.14573258
-0.57641433
0.41962777
0.84701378
0.06351774
0.13372363
-1.05177343
-0.14093604
-0.13617882
-0.21420962
0.05755770
-0.14419868
-0.02303223
0.66870983
0.82178460
0.02301218
-0.42855765
0.09600876
0.27692999
-0.54616832
-0.00510333
0.33113372
0.74624689
0.45264983
0.04872960
-0.03374636
-0.42112437
-0.62166587
0.21758424
-0.25153612
-0.36453792
0.63671701
-0.58694484
0.22922316
-0.14621249
-0.21629621
-0.76671999
-0.41136977
-0.21012409
0.56686337
-0.51789033
0.44918516
-0.00237683
-0.61166634
0.14169244
0.00259789
0.19850236
0.11350020
0.91986094
-0.54363898
-0.64809201
0.02842583
-0.02652249
1.10290968
0.43057827
-0.62513203
-0.11695587
-0.13756402
0.04454200
0.32030533
-0.03027060
0.19201530
-1.03996607
-0.37359366
0.44943681
-0.02823764
0.12582070
0.27437516
-0.33503191
0.02379852
0.72523742
0.21752776
-0.56312152
0.80517798
-0.21582533
-0.87886620
0.06961124
0.37341107
-0.08067486
-0.38758560
-0.01556458
0.09812503
-0.74016146
-1.12668926
0.68120564
0.18067763
-0.03688228
-0.14519856
0.04283464
-0.63273747
-0.07171178
-0.38705123
-0.44307560
0.77796961
-0.50121682
-0.76340809
-0.03595097
-0.06826521
0.82510772
0.58301083
-0.34637132
-0.30065707
0.71120839
-0.45823257
-0.13090802
-0.04308306
0.39758475
-0.68553318
-0.86900511
-0.06381978
0.40275107
-0.43873082
0.83345562
0.32253091
0.41113819
-0.41852688
0.09884233
0.92952299
0.44303207
-0.27723520
0.26314491
0.08920028
-0.11556758
0.05315646
0.78643401
-0.10024191
0.10033756
-0.26753377
0.46958942
0.01489472
-0.45430054
-0.31207768
0.71841740
0.02953655
-0.40162648
0.42507500
-0.75412986
0.18275083
-0.15625187
1.06201889
0.35524614
0.45386460
-0.59352534
0.03447328
-0.33712786
-0.03244573
-0.05425280
0.10428124
-0.17166369
0.29188881
-0.17894967
0.11028527
0.01399504
-0.27734213
0.30369945
0.83296015
0.17663252
-0.42833552
-0.10049074
-0.01171378
0.21307063
0.31826220
0.35771634
-0.71209153
0.24747974
0.26084221
0.39188368
0.73227492
-0.05919986
-0.93263843
0.22724072
-0.30498761
-0.13585406
-0.77366426
-0.37727935
0.16209561
-1.06967382
0.10933901
-0.43867462
0.01753383
0.04315876
0.00008364
-0.07036087
-0.34156082
0.04060534
0.32806553
0.30682625
-0.30135726
-0.10499622
-0.42304056
0.16297252
-0.25788167
0.38996853
0.25614501
0.08361684
0.62478053
-0.05211891
0.40488082
-0.21041606
-0.16900005
0.32134213
0.32492433
-0.08697451
0.10442960
-0.05137091
-0.46797315
0.40519519
-0.21566004
-0.09931524
0.20825060
-0.10999724
0.28500880
