0.21314140
0.25779059
0.12961035
-0.05363385
0.10944506
-0.00753848
0.42604272
-0.00686675
0.10688423
-0.11707428
0.35502768
-0.09756998
0.04097227
0.16282081
-0.21610711
-0.14073259
-0.03224916
-0.07280084
0.11572801
-0.04310971
0.09351736
-0.27480846
0.10755575
0.01150902
0.22392276
-0.21787282
-0.04337727
0.18621279
0.10516683
-0.33580288
0.23574856
-0.13420202
-0.41275452
-0.20955690
0.20979165
0.12425110
-0.14664634
0.02393940
0.24117628
0.18068457
-0.19415314
-0.08137540
0.03206370
-0.25294802
-0.36052374
0.15756344
0.25498231
-0.15986304
0.19169256
0.08832297
0.22651844
0.28043173
0.05313046
0.04383612
-0.19268052
0.07110480
-0.10818311
-0.03601847
-0.18413086
0.14518819
-0.25632180
-0.22165586
0.12101035
0.17311413
-0.04106017
0.04730141
0.19971952
0.17209001
-0.20772848
0.18562136
0.08215733
0.08146587
0.11268653
0.13049219
-0.21319971
0.09752490
0.21737393
0.53413313
-0.09811776
0.11667496
0.21223536
-0.75076122
0.08280345
0.10001618
0.20344053
-0.15632739
-0.00145514
-0.26876793
0.01124942
0.18024635
-0.26164760
0.21255384
0.20023370
-0.40149237
0.39200427
0.10569727
-0.01902949
-0.02177971
0.04785845
-0.18452354
-0.33174142
0.22334920
0.22358361
-0.21279322
0.03356544
-0.15498866
0.00887066
-0.17480617
-0.10292583
-0.16682024
0.06379106
0.14215049
0.19967662
0.03598179
-0.20077262
0.19352821
-0.23376571
0.51876638
-0.62990573
-0.16356547
-0.20388800
0.05950187
-0.30065199
-0.24213610
-0.04606216
0.15108726
0.38223295
-0.32632519
0.12718947
0.21006330
0.28610777
0.18302162
-0.12216601
-0.16126011
0.08344468
0.12793664
-0.35353294
0.06704006
0.01302329
-0.15499498
0.29254050
-0.12768788
-0.39736465
0.06271199
-0.07678205
0.12236471
-0.14404694
0.00549222
-0.02302991
0.06358149
-0.07589034
0.13046232
0.37990890
-0.44914628
0.11082185
0.30881122
-0.06327983
0.18423726
-0.11515532
0.09442429
-0.75608555
0.27922061
-0.19328981
-0.30895867
-0.01259422
-0.42412190
0.10283181
0.05330035
0.33396748
0.38185530
0.11011372
-0.23695365
0.11981756
0.14927671
0.25421262
-0.04716612
0.33001920
0.00201345
-0.09919211
0.25542557
-0.83301924
0.36057285
-0.24568083
-0.01498507
-0.17398899
0.02531433
-0.26273578
-0.23463034
-0.12287601
0.14116290
0.13754217
0.34325059
-0.10358856
0.04717494
0.21782900
-0.41281592
-0.05182357
0.11862610
-0.21578533
0.20529251
-0.18603597
0.20665075
0.01058596
0.04023922
-0.33495444
0.12608765
-0.60994375
0.23874304
-0.03657739
0.12406213
0.22405310
0.01019631
0.16639167
0.08745899
0.00679962
0.15615510
0.33987146
-0.35703830
0.14295797
-0.09628144
-0.14998822
-0.11101604
0.16636327
-0.31976470
-0.34966912
0.30288929
-0.26608798
0.07450142
0.02190571
0.16549715
0.24829466
0.28019072
-0.02402992
-0.09245906
-0.37372146
0.06586864
0.16361866
-0.22882134
-0.18485533
0.29773445
0.38311582
0.05300089
0.00454744
-0.13806854
0.03715126
-0.05111489
-0.15449685
0.29013843
-0.03156127
-0.19192939
-0.59776757
-0.27058867
-0.02759257
0.04711388
0.15076029
0.01468929
-0.05603142
0.37590955
-0.11805069
0.03335346
-0.33287203
0.34730737
-0.27886221
-0.16089231
-0.14698396
0.02846646
-0.53753613
-0.34406810
0.25673383
-0.55115378
-0.53466570
0.19933021
-0.31653845
-0.13307984
0.00681988
0.49889347
0.48597668
0.06324479
-0.26016105
-0.00888214
-0.03043131
0.24623306
0.08370152
0.25539823
0.18814389
0.39211062
0.13265207
0.22617573
0.00972584
0.07343915
0.01823939
0.03633363
0.14946353
0.12850175
0.16886552
0.35980601
0.21779936
-0.04200400
0.24139064
-0.35533202
0.04703405
0.03822594
-0.02361945
-0.00059577
0.10676945
-0.31420441
-0.23330089
-0.02940807
0.21163110
-0.04417787
0.11107253
-0.06501507
0.19744193
0.11796748
-0.02749958
-0.05445584
0.01475331
-0.10318571
0.00943640
0.01064835
0.16172679
0.07693148
-0.00527794
-0.28405312
-0.49076004
0.18213144
-0.53190744
-0.18377739
-0.01593167
0.20773397
0.56384192
0.40318683
-0.16227174
-0.14445479
-0.14290724
-0.24884542
-0.13860339
-0.04533620
-0.19268298
-0.02282462
-0.21228785
0.12281491
-0.40870109
-0.31637564
0.17494469
0.08095039
-0.00139174
-0.15612654
0.11061156
-0.43076639
-0.37229709
0.17501251
0.13610417
0.06876589
0.13817511
0.41465114
-0.02334277
-0.06554741
-0.00836491
-0.05983517
-0.30363178
-0.12800657
0.27646128
0.21249003
0.19396926
-0.11675952
-0.12292863
-0.09629195
-0.07542804
-0.28069578
0.22755448
0.27189859
-0.13213820
0.09075673
-0.24060136
0.08614402
0.20135060
-0.22156428
0.36028266
-0.53587784
0.30760661
0.07126345
0.57571123
-0.16722251
-0.19981976
0.29488776
-0.07335250
-0.36162780
-0.02429106
-0.20543695
0.25551986
-0.17571791
0.21526494
0.09009489
0.41308114
-0.14943352
-0.02759175
-0.02472492
0.10240935
-0.05663509
-0.12175883
-0.04620951
0.33053112
-0.24811661
-0.03256511
-0.15623459
-0.19291250
-0.03260812
-0.03952872
-0.07637095
0.37092967
0.16602624
-0.12212563
0.03999493
-0.13244244
0.23365118
0.00888833
0.24401604
-0.03080217
0.26855337
-0.00152160
-0.46021198
0.17155759
0.78334209
-0.15945702
0.08995430
0.02197094
0.06305351
-0.27917658
0.49702250
-0.51844765
0.29940969
0.16887288
-0.33360027
0.14461894
0.24512357
0.17557063
-0.21650290
0.16615088
0.34493455
0.02475236
-0.23329582
0.34407768
0.23599297
0.40035574
-0.19187450
-0.24492294
-0.50645175
-0.04402120
0.13059234
0.13753416
-0.60295751
-0.17526336
-0.08330946
0.46151704
-0.09766152
-0.14232641
-0.24675047
-0.40385834
0.05060020
-0.27344463
-0.27483677
-0.08422168
-0.08386037
0.21771950
-0.18511104
0.03820665
0.06486776
-0.08163632
0.09086213
0.15485911
-0.04176527
-0.00243033
0.23808642
-0.28168695
0.11137678
-0.02320907
-0.17168047
-0.05705454
-0.40236888
0.40081513
0.15420212
0.53057258
0.07642630
0.30916571
-0.26197854
0.07639802
-0.26562958
0.06366349
-0.04937788
-0.02071569
-0.27728289
-0.59067563
-0.05388281
0.03709271
0.29839648
-0.43777268
0.06052243
0.31005414
-0.32648895
-0.30474523
-0.04793311
-0.28379486
-0.08490994
0.15123199
0.21439732
0.16692803
-0.25123459
-0.15158807
0.02818068
0.02128404
-0.13760466
-0.32622512
-0.03355191
0.28243161
0.10157929
-0.15414610
-0.23407391
-0.11875505
0.62433869
-0.19567839
-0.14570121
-0.23100194
0.27732790
-0.05033763
-0.37799357
0.15082288
0.26300509
0.15971532
0.29676817
-0.05237175
-0.01137353
0.20939383
0.04176649
0.14880007
0.12996159
0.19482141
-0.00611346
-0.20882429
0.14597647
-0.30027056
-0.25365575
-0.14931437
-0.07148472
0.46158468
0.05031053
-0.20758580
0.01883052
0.23553024
0.05011771
0.33478126
-0.18622811
0.01137622
0.12875229
0.00617056
-0.00281723
-0.19314997
0.16353290
0.26348490
0.11818086
0.37115215
-0.26708905
0.12829759
0.21028832
0.21359867
0.12900602
-0.13329193
0.17204468
-0.29288111
0.01666545
0.14804070
-0.19498658
-0.30725676
0.36329842
0.44833052
-0.13456848
-0.19605365
-0.14323410
-0.05147893
0.16345206
-0.11055961
-0.21621106
-0.41381661
0.37703380
0.31528396
-0.29422139
0.01844755
0.16797941
-0.17076947
0.42590039
0.20075343
-0.04334477
-0.07297973
0.20493435
-0.14960795
-0.29431014
-0.27000967
0.13113867
0.21883618
0.37141670
-0.04510091
-0.02903612
0.17972546
-0.27385996
0.12317515
-0.01550932
-0.38535569
-0.13445468
-0.01751569
0.19567490
0.28270699
0.30624806
0.03254811
-0.21899524
-0.05278067
0.18524500
0.00214642
-0.29138932
0.01553801
-0.01148750
-0.02054008
0.17701940
-0.32097193
-0.05369762
0.21844861
0.24020376
0.23968623
-0.09533049
-0.11506620
-0.16325055
-0.18681540
0.24908313
0.02764629
-0.00608784
-0.24426315
0.00767587
-0.17425511
0.15634534
0.21489583
-0.21433829
-0.02335529
-0.05001583
-0.15502498
0.21609064
0.00829464
0.18822315
0.03962122
0.30239239
0.08766389
0.00516818
0.14958178
0.26183413
0.05505248
0.04785852
0.00465535
-0.05573700
-0.07090905
-0.21790759
0.01030553
-0.08409346
-0.01418878
-0.32435430
-0.03071513
-0.38681461
0.08429298
0.01673973
0.01834466
0.04614675
0.00608212
0.09483495
0.33406265
-0.02443324
-0.07347374
-0.00257304
-0.00126528
-0.01972676
0.12355865
0.21929573
-0.09220117
0.09970965
0.33884167
-0.12221570
-0.11833969
-0.02608452
-0.01423371
0.17945869
-0.18698120
0.29380508
-0.19343117
-0.32764178
-0.48112154
0.23107533
0.04580853
0.17590130
-0.37217290
-0.10603537
0.08464650
0.06630090
0.30777854
-0.06041667
0.25297683
0.10744684
-0.02695489
-0.24335500
-0.25070691
-0.01270840
-0.17531530
0.07766459
-0.26448396
-0.11488243
0.33543092
-0.05274589
-0.01740142
-0.15534434
0.13329990
-0.33662576
0.29288197
-0.24562824
0.07511024
-0.12860567
0.31289795
0.37146981
0.14942344
-0.04146532
0.06211850
0.02289109
0.09281104
0.18124264
0.09930220
-0.09375742
-0.23416106
-0.07150598
0.03669132
-0.17167099
-0.52925079
0.03083257
0.02922211
0.09498793
-0.14979382
0.22748488
-0.08909536
0.04763264
-0.41531613
0.03279780
-0.00257552
-0.04493763
0.02674628
-0.34628731
-0.32451362
-0.38831667
0.28375700
-0.44392630
0.17917801
0.23792138
0.29029754
-0.18177167
0.22191641
-0.29675160
0.10054849
-0.17994726
0.30472943
0.05203294
-0.42493125
-0.05106032
0.14309700
0.15678698
-0.37892833
0.02006306
0.00630607
-0.23032577
-0.20690260
-0.03895856
-0.21408562
0.00928881
-0.19966463
0.14274010
-0.01241032
0.15961895
0.45520200
0.05768381
0.08009172
-0.08099241
-0.07637384
0.11151610
-0.03568752
0.05685871
0.09500227
0.14488395
0.41553667
-0.12897311
0.16519236
-0.14171756
0.19853785
0.27258076
0.32038905
0.02735572
-0.05813538
0.02623780
-0.09838833
-0.21108723
0.39014807
0.05755079
-0.13706059
-0.03380200
0.00264599
0.00976867
-0.09930502
-0.16790748
-0.01456593
0.02969843
-0.05319126
0.09702984
-0.35723000
0.11597415
0.41867768
-0.00285665
-0.25396906
-0.32419050
-0.33948369
0.44634620
0.19242559
0.01878677
-0.19871310
0.07573353
-0.25437972
-0.21677162
0.31339849
0.10459176
-0.09444421
-0.26236404
-0.56833025
0.02117264
0.39332589
-0.22439801
-0.30106169
0.13232472
0.10324940
-0.06203408
0.19087749
-0.22727917
0.07726476
0.21538596
-0.15749593
0.17976757
-0.01580047
-0.10281680
0.27069420
-0.15916506
0.43103023
0.02270096
0.26913617
-0.07698043
-0.00267882
-0.00659895
-0.02327393
0.03338592
0.21414901
0.28798956
-0.31083936
-0.25966043
-0.62764045
-0.01229917
0.22189338
0.37559950
0.14035311
0.15539588
0.38774967
-0.17390422
0.07572700
0.12203257
-0.06470419
-0.29768767
0.46973187
-0.14282128
0.34934213
-0.07121561
-0.15562503
-0.05500281
-0.03033692
0.60835931
-0.11655127
-0.30706667
0.05278742
-0.32100651
0.15609085
-0.07231074
0.02485496
-0.36519350
0.19831717
0.17525958
-0.04095458
0.22469512
0.02145452
0.01837294
-0.14869024
-0.28842629
-0.41960809
0.26731602
0.03206914
-0.07973110
-0.55140512
-0.35574646
0.04085635
0.06668777
-0.10785050
-0.25865824
-0.45608104
0.11206090
0.13286368
0.65634058
-0.09940458
0.30933591
0.02085686
0.08472793
-0.04251648
0.25957258
-0.02299032
0.19946458
-0.04934386
-0.11154563
-0.07055837
0.18052514
0.28032767
-0.23778209
-0.06860857
-0.13867840
0.04212467
0.22207723
0.12977768
0.06788950
0.03327102
0.24156851
0.12008353
-0.41489340
0.02570887
-0.08826297
-0.17796137
0.08844083
0.46284895
0.17770835
0.11932440
-0.27027515
0.15530359
-0.36476304
0.23653535
-0.22585240
-0.00363082
-0.50433599
-0.25354916
0.40205173
0.04986405
-0.04629118
0.08696989
0.03405774
-0.10995797
0.06804506
0.01098426
-0.08026619
0.07734488
-0.06796051
0.02988437
0.01498369
0.06026802
-0.29384713
-0.02079521
0.33483288
0.01988898
0.19984319
0.05790432
0.09897954
-0.13782683
-0.08364386
0.09449403
0.12905720
-0.13722874
0.02351316
0.26410139
0.18767145
-0.10661209
-0.30807901
-0.18488730
-0.80367152
-0.07009874
-0.27476076
-0.05717346
-0.13470701
0.34860253
-0.07721015
0.40945724
-0.03053470
-0.12276939
-0.09217074
-0.20016157
0.38407178
-0.35735391
0.04995147
0.01403946
-0.12349179
0.28261341
-0.20874829
-0.21454922
0.19983243
-0.06849842
-0.00364390
-0.15743810
0.05966692
-0.02480326
-0.58186988
0.00274653
-0.36260673
-0.79761240
-0.14255808
-0.38429408
-0.50055813
-0.20369918
-0.60024772
-0.99242170
-0.36823543
-0.61858972
-0.75382145
-0.21558693
-0.59867230
-0.01607431
-0.32585251
-0.62300150
0.03497768
0.10447347
-0.29895234
0.19448667
-0.16971157
0.31277504
0.35127538
0.37417959
1.12944618
0.71293808
0.60984538
0.59745338
0.90433578
1.25332284
1.05839344
0.90327596
1.36242765
1.16264948
1.03012533
0.69633911
0.63079951
0.70567756
0.15056438
0.63590728
0.33459248
-0.02653135
-0.01517814
-0.35892028
-0.09563937
-0.55403617
-0.53883430
-0.59757321
-1.01930361
-0.60459451
-0.32343058
-0.48616149
-0.75478934
-0.13051649
-1.18425404
-0.76277734
-0.41393342
-0.57017601
-0.58760959
-0.59263912
-0.33785687
-0.38356134
-0.09418660
-0.17809147
0.01697858
-0.53644999
0.07630564
0.26775957
-0.00945602
-0.41061910
0.12132032
0.33929663
-0.10727608
-0.00490459
-0.01962142
0.09430096
-0.01941606
0.41900612
0.10445273
0.02875166
-0.09434132
0.05905264
0.60442087
-0.02776980
0.19498748
-0.04760635
0.20029851
0.16319400
0.47682770
0.01383720
-0.18178178
0.02184403
0.03739246
-0.01402797
0.13647634
-0.08232089
0.32931929
-0.15539543
0.18067480
-0.37710973
0.24585364
0.15343480
-0.03857391
-0.21228742
0.27881209
-0.01894097
-0.13834174
0.10909375
-0.14062009
0.16310996
0.12791812
0.25370565
0.15549281
-0.17351484
0.25587306
-0.01193500
-0.22767990
0.21805347
0.09485136
-0.35782040
0.03787839
-0.10781832
0.16574372
0.39535138
0.25677999
-0.12644680
-0.07671888
0.01075472
-0.09983563
0.31500582
-0.14356843
-0.12661425
0.20107089
0.18189527
-0.12235667
0.30736608
-0.04947696
-0.12744619
0.01457552
-0.00123145
0.25376980
-0.12090697
0.28363056
0.13933814
0.03722247
-0.17480814
-0.01540888
-0.31209239
0.02996935
-0.16645607
-0.03367772
0.07319133
0.08106607
-0.07084521
-0.04442208
0.30247517
0.40292652
0.17377664
-0.11421312
0.21828497
0.14715312
-0.02328932
-0.44420906
-0.14113444
0.21616685
0.60785097
0.06555634
0.23194415
0.38273292
-0.28992589
-0.07869965
0.30530473
0.09965405
-0.15990887
0.09177165
0.26186405
0.46072699
0.19442591
-0.02217576
-0.01574320
0.00928904
0.26037334
-0.06146195
0.15240151
0.29495062
-0.24337998
-0.23397852
-0.06665653
-0.36612224
-0.19648475
0.24411468
0.06791432
-0.11559186
0.08103175
0.03599817
0.06513821
-0.21761872
-0.23017938
-0.16323928
-0.24688001
0.12047200
0.37555406
0.49398721
-0.07686105
-0.43368775
-0.10436208
0.14666397
0.04081339
0.06228697
-0.01901131
0.27284385
0.13507506
0.30073627
0.09105328
0.23446629
0.12586209
0.12343641
0.06904029
0.01108680
0.34848522
0.06817136
0.31336788
-0.01595053
-0.04367132
-0.02312157
0.03459828
0.26823128
-0.28952592
-0.11993632
0.05385667
-0.06524957
0.02966789
0.15496972
-0.43108428
0.17408671
-0.77047857
-0.23475918
-0.35011474
-0.49108032
-0.82772576
0.23283549
-0.18292663
-0.36809028
-0.46934457
-0.09180905
0.26084947
0.01577094
-0.04246244
-0.55299538
0.25248516
-0.18297523
-0.03160746
-0.19463006
0.30222393
-0.13876878
0.11985673
-0.03370126
-0.38412028
0.01741653
0.11893049
0.24105987
0.29657487
-0.17543197
0.05111024
0.39702399
-0.25631385
-0.02815511
0.11459495
-0.00485485
0.41301135
0.02709629
0.14013373
0.03349074
-0.07266760
0.43957439
0.23487177
-0.26334024
0.09752356
0.31696372
0.16211467
-0.07412302
0.14014079
-0.02833597
-0.20065367
-0.10172537
-0.15931323
-0.04649761
-0.33556923
0.13658500
-0.11270298
0.25773463
0.18101793
-0.06719753
0.08261847
0.23273781
0.09885341
0.17712765
-0.30514523
-0.15262668
0.09129188
0.11741379
-0.30787121
0.47856241
-0.20338193
0.05775855
0.07378640
-0.02110592
0.21242337
-0.18121507
-0.05844428
-0.16298638
0.43510591
0.10345890
0.11432864
-0.16373082
-0.11655133
-0.07143946
-0.19568465
-0.45758386
0.36290087
-0.46706400
0.37256529
-0.05295466
0.00830193
0.10882637
0.10559986
-0.19606177
-0.16392168
-0.44005248
0.30350827
0.37814183
-0.57794301
0.02619429
-0.11043710
-0.33123258
-0.38560431
-0.14800257
0.47675890
0.27055526
-0.10896423
0.12518281
-0.04083168
0.48786064
0.04300664
-0.01870402
-0.15441408
0.19895963
-0.00488198
-0.26474480
0.18934257
-0.48040273
-0.21581106
0.18360216
0.43654680
0.01924292
-0.02552861
-0.58290688
0.00677091
-0.26036903
-0.01484926
-0.02008779
0.47788674
-0.28348264
0.01511733
0.01969139
-0.25136595
0.37981836
0.04876621
0.08973052
-0.02183671
0.06850697
0.48737956
-0.30518203
-0.36708603
0.05866412
0.27095722
0.04416351
-0.28965003
-0.26307141
-0.42697630
-0.09309700
-0.13202626
0.13978503
0.03656373
-0.29742695
-0.15251752
-0.27127311
0.03122899
0.34718515
-0.05867772
0.32368970
0.08922046
-0.01147104
0.02325528
-0.25883582
-0.33283609
-0.34659585
-0.05759742
-0.31494847
-0.20259513
0.31876942
-0.10922337
0.04900976
0.11271220
-0.45163921
-0.21516065
-0.18181231
0.06606358
-0.41494804
0.03843235
0.21712081
-0.02195269
0.20832900
-0.28469069
0.16246291
-0.19811038
0.20288547
0.01366240
-0.01947518
0.30804973
0.33787801
-0.13963155
-0.06596922
-0.02492191
0.15533885
0.09110111
0.62865413
0.33152349
0.18509905
0.48864774
-0.02080440
-0.37011775
-0.14660593
-0.23981871
-0.11286807
-0.48921784
0.36687061
-0.00070653
-0.13081526
-0.20486819
-0.07787491
0.31718210
-0.06489917
0.34970045
-0.24571079
-0.17093941
0.03841968
-0.46138672
0.15123496
-0.21844845
-0.37385739
0.06444707
0.01182683
0.20053738
-0.17842445
0.06966847
0.03380820
-0.15728972
0.14608560
-0.08938294
-0.00433735
-0.03016518
-0.26187487
-0.58720890
-0.00957234
-0.19055394
0.14173636
-0.62954884
-0.04181942
0.04508039
-0.38132195
-0.04552701
-0.10376529
-0.49807737
0.16749787
-0.30480741
0.25524668
0.17286213
0.43845231
0.06577258
-0.19968730
0.15309089
0.06165323
-0.12455914
-0.35559455
-0.15846831
-0.44402180
0.08672142
-0.34959580
0.03670783
0.11666129
-0.38082083
0.12769402
0.02271217
-0.34109331
-0.37654245
-0.02909472
-0.08336211
-0.05446382
0.00950343
-0.08156810
-0.04635559
-0.13297194
-0.32397095
-0.16451882
0.05265346
-0.23872485
0.19567868
0.14960094
-0.01899069
-0.04272676
0.08001201
0.23148316
0.30498844
-0.14866612
-0.00997050
0.06663059
-0.31679808
-0.01598577
-0.01984827
-0.37607859
0.09620636
0.06420878
0.25186818
-0.10621792
-0.06638100
0.03673979
-0.01484095
-0.04307696
-0.18896985
0.16170200
-0.16817384
-0.26630806
-0.21760414
0.15200490
0.06787572
-0.06588418
0.11227173
0.52657503
0.04023844
-0.16149376
-0.27243962
0.35141455
0.07490717
0.43674088
-0.14199531
-0.08047457
-0.34830806
0.38690447
-0.25852408
0.44566307
0.19556368
-0.01790455
0.35272275
-0.27303097
0.11175397
0.09427400
-0.07089543
0.54554303
0.01406286
-0.31358859
0.07824588
0.11907517
0.19355399
-0.02647800
0.11103166
0.19738516
0.08077856
-0.21550777
-0.10030816
0.28510879
-0.00269925
-0.03608108
-0.35126114
-0.04075577
-0.22471125
0.11080808
0.01745715
0.12722036
0.11243053
-0.00569722
-0.39477044
-0.18742905
0.13609677
0.16308523
0.23106788
0.15080594
-0.10942628
-0.36807399
0.38572638
0.02074523
0.23063655
-0.17427099
0.18960299
-0.22591268
0.14026123
0.16859437
-0.22909527
-0.00107189
-0.20174028
0.05518258
-0.26354188
0.12072429
0.03017144
0.15573014
-0.17990959
-0.35469756
-0.29625554
-0.04113641
-0.17426528
-0.02386230
0.05240415
0.04146101
0.01371563
0.03103709
0.09445105
-0.60946416
0.00532207
-0.19844853
0.29544332
-0.03091554
0.07183560
0.20271042
-0.16224768
0.30851440
0.21602839
-0.13685817
0.11353870
-0.14321363
0.09256878
0.03872843
0.12817526
-0.15600315
0.05596774
0.16505022
0.32105866
-0.09491823
-0.71246398
-0.08574564
0.10411336
-0.33151860
0.24679709
0.10677190
-0.05728075
0.27336205
-0.16682381
-0.04317477
0.09563373
0.29815171
-0.13443639
-0.16621895
0.11752114
0.34213286
-0.18417240
-0.19665164
0.04741495
-0.41321560
0.32050933
-0.08331706
0.02071971
-0.28537922
0.10465516
0.13060629
-0.08732449
0.09237237
0.11364639
0.24948263
0.14642119
0.23386177
0.00927866
0.18649336
-0.01432862
0.10657045
0.29827722
-0.10555646
-0.26601833
0.28187200
0.19217976
-0.09071392
-0.01901563
-0.05676041
-0.35178574
0.15487187
-0.28909820
-0.38394394
-0.08821980
0.45273377
0.05993536
-0.11962853
-0.33175705
0.05059911
0.11408197
-0.20754329
-0.32706177
-0.01843456
-0.01257368
-0.22768180
-0.08794203
0.48363584
-0.11412765
0.08587810
-0.50436290
-0.02965803
0.17758698
0.03065435
0.08933438
-0.15904564
0.17481482
-0.08307848
0.31377463
0.37409326
0.29190159
0.03403073
0.07499218
-0.00028258
0.27756289
-0.17207470
0.16499810
-0.05713648
0.06124725
-0.17646774
-0.26135726
0.31566865
0.39003687
-0.28781978
-0.10277566
0.08643145
-0.28902161
-0.05579660
0.43684513
0.11670565
-0.33480014
-0.07761944
-0.44584345
-0.28964844
0.35129642
-0.03466642
-0.20640677
0.02874908
0.31234578
0.07799970
0.01375517
0.00723428
-0.19096513
-0.05636566
0.08872079
-0.06301828
0.12280197
-0.09586678
0.05086290
0.05492323
-0.33145684
-0.34932854
-0.18495351
-0.08815112
0.13636668
-0.06875704
0.16227269
-0.36933036
0.05004293
0.39469502
-0.07053777
0.15245622
0.21170468
0.22220227
-0.00959719
-0.05757502
0.13356261
0.14575296
0.08925957
-0.17335194
0.07524834
-0.14048786
0.05885335
-0.50009599
0.07616757
0.24578657
-0.03602766
0.14881831
-0.05742936
-0.00104455
-0.28440517
-0.09981813
-0.09001622
-0.32749088
0.25194486
-0.46448981
0.19335924
-0.10241505
0.23877599
-0.28530001
-0.11951409
0.34326401
-0.62777312
0.46057815
0.06339625
-0.13775613
-0.21326936
0.04326831
0.16488895
-0.10994148
0.29577650
-0.05114584
0.12550337
-0.55426228
0.16055063
0.78186574
-0.28035144
0.18081664
-0.07105276
0.02185637
-0.08151130
-0.23108553
0.21225892
-0.28614963
0.20472862
0.76008718
-0.22515313
0.53814333
0.08301466
0.09778089
-0.15133538
-0.04501355
-0.05877037
-0.03253270
-0.20452339
-0.48051107
-0.51505000
0.31992902
-0.14106034
-0.20903396
-0.25254441
-0.14728221
-0.04667618
-0.45441761
0.07692195
0.06124259
0.13933200
0.17432291
0.30921096
0.43911207
-0.30673299
0.08792046
-0.26147702
0.21066919
0.12235789
-0.02142521
0.15438734
0.17790939
0.03666278
0.13854089
-0.27831628
0.32196592
0.23313606
-0.11783271
-0.02288690
0.04103879
0.02754686
0.13573686
0.02496874
0.10773386
-0.11631365
-0.09318795
0.15933754
-0.04112798
-0.31436851
-0.02919790
0.36751359
-0.22919617
-0.08601177
-0.26162402
-0.13641820
0.03283946
0.02850028
-0.30922983
-0.05924847
-0.13268108
0.07769890
0.23074067
0.17465117
-0.07260385
-0.40987737
0.13959792
0.38571739
-0.42072696
-0.15252133
-0.15585047
-0.04759897
-0.08117991
0.23289259
0.07808604
-0.00303432
-0.02969701
0.31595262
0.15882446
0.14728050
-0.07259824
-0.23773646
-0.01547094
-0.04506307
-0.62999240
-0.20050643
0.18890156
-0.42537805
0.11648236
-0.28402671
-0.07185603
-0.00657314
-0.13665102
-0.05381477
0.01857827
0.42845797
-0.06048706
0.16597410
-0.02869077
-0.15071750
0.03288823
0.20204641
0.18401975
0.05236094
0.00596237
-0.10641769
-0.03248513
-0.01261671
0.04010528
-0.08740124
-0.25713474
0.09100771
0.37332985
0.04018791
-0.04717814
0.17721952
0.09264335
-0.10839429
0.31476604
0.18822733
0.23792026
-0.02228687
-0.10875230
0.13945533
0.14188572
0.04771589
-0.13756206
-0.02051887
0.39925625
0.09614059
0.07523665
-0.08106509
0.32114137
0.01494982
0.31802370
0.12590801
-0.01050373
-0.13858555
-0.13734676
-0.37936874
0.09682429
-0.18715893
0.49607009
-0.32379438
0.40394374
-0.12205985
-0.03872656
0.04730043
0.36961796
-0.03505765
0.00258852
0.02532246
0.20753934
-0.03883906
0.10504493
-0.04073018
-0.19771012
-0.16683248
0.02722602
0.05612976
0.25753095
-0.27359136
0.00100095
0.20098459
-0.16012817
-0.17998770
0.03919581
-0.03395880
0.09549627
0.15705719
-0.25066779
0.51853551
0.34567590
-0.12055766
-0.11369559
-0.13152502
