-0.02118920
-0.04595728
-0.31836994
0.01151286
0.04411900
0.12567529
0.10948210
-0.00607843
0.18618766
0.01834147
-0.02014832
0.15658640
0.03799042
0.04538510
-0.06926294
0.05256039
0.20377750
0.25157470
0.21268775
0.08613290
-0.14291542
0.29715784
0.08999575
0.06111990
-0.06031845
0.15991156
-0.31263683
-0.05066107
0.19965799
-0.06112009
-0.33875562
-0.09876944
0.05449387
-0.00614044
0.30783555
-0.01429765
0.07502434
-0.09300444
-0.11655933
0.21610784
0.00559264
-0.11294707
0.03595043
-0.05427954
0.03105931
-0.23242951
0.07108082
-0.04485672
-0.04536803
-0.04853605
0.15427489
0.14352723
0.19921305
-0.17153824
-0.20219636
-0.02504768
0.14885052
-0.15951721
0.09445813
0.02793250
-0.18497921
0.13701593
0.00237143
-0.03213864
0.09073610
-0.21815736
0.01424355
0.15266195
-0.01784492
0.03239264
-0.30052894
-0.03469109
0.11668603
-0.04299672
-0.01483687
0.02767521
0.07031990
0.21472780
0.19790884
-0.10623265
-0.20106071
0.08325951
0.03081220
-0.11017407
-0.19041109
0.02176765
-0.09563913
-0.05846416
-0.14344831
-0.08249694
-0.01793414
0.21344095
0.03023187
0.32914150
0.06608815
-0.18901090
0.18702028
-0.30462335
0.03198761
0.30361427
0.02468585
-0.12408108
0.04881658
0.14796112
0.24393730
-0.12026253
-0.01058233
0.00992552
-0.22255224
-0.17297372
-0.07747170
-0.29572364
-0.21267918
-0.08067607
0.10622052
0.15436784
0.20650624
0.15982308
-0.16287625
-0.29144272
0.31343809
0.07197521
0.30203610
0.05141293
0.17521759
0.04890806
-0.26449688
-0.01024637
0.11635672
-0.12684138
-0.21847549
0.10700455
0.22882097
-0.10896060
-0.02109048
-0.05604553
-0.05416816
-0.01010863
0.16309355
-0.08278726
-0.10847854
-0.10889268
-0.06817085
0.07920003
0.12791618
-0.14159178
0.10738505
0.02943372
-0.23150526
-0.13166087
0.02721734
0.07824985
-0.01153841
0.11884547
0.05444887
-0.12479580
-0.13182703
-0.04877375
-0.00405368
-0.14434173
-0.09731338
-0.05918608
-0.18016697
0.08685907
0.17393958
-0.03866733
0.02845597
-0.00410175
-0.02276959
-0.08545265
-0.09069273
0.17639304
-0.13039030
-0.04085815
-0.27110055
-0.02487733
-0.07273028
0.04760187
0.07710491
-0.18557882
-0.01302499
0.23163241
-0.18591365
0.12859562
-0.05530003
0.10183409
0.09709168
0.03271029
0.04171714
0.09580797
0.11360060
0.19710358
0.02938092
0.00232115
0.23986540
0.05512810
0.10470398
0.10630408
0.23885535
-0.05661301
-0.18798072
-0.09292746
0.10345962
0.00085081
-0.00935046
0.25350828
-0.07909733
-0.02093626
0.08780791
0.08543124
0.11250402
0.33865070
0.14881381
-0.09497450
0.14916394
-0.04982942
-0.17579618
-0.12569670
0.15058611
-0.09154330
-0.07170834
-0.07841736
0.04681956
0.00713167
-0.09141287
0.02393951
-0.15652083
0.16587222
-0.01444610
-0.02062991
0.00890881
-0.31617617
-0.17647826
-0.04322327
-0.18831421
0.22363760
-0.00969279
-0.11450799
0.13875553
-0.10388914
-0.19559260
0.11052594
0.14382616
0.04074748
0.21662375
0.04924643
-0.11195443
0.04838500
-0.09037515
-0.11599724
-0.15677005
-0.35754997
-0.08877611
-0.10562549
-0.04718274
0.09520478
0.17642713
-0.16496120
-0.16470627
0.20096599
0.09362196
-0.01736796
0.01390671
-0.29104233
0.17213698
0.03514078
0.06273066
0.19810888
-0.09504923
0.21382624
0.17153136
-0.23742902
-0.08401114
-0.09523318
0.03063264
-0.15993129
-0.16805919
-0.08825328
-0.08846182
0.14794126
0.01475005
-0.18053242
-0.11336275
-0.30448062
-0.08120225
-0.01283281
-0.13188929
0.02441474
0.04505335
0.14950646
-0.07595966
-0.00537301
-0.16150310
0.03644725
-0.12207278
-0.12826285
0.02558742
0.17405194
0.02045797
-0.11892315
0.16752003
-0.06849178
-0.17153704
0.09194413
0.14080346
-0.01401971
0.02229844
0.04343085
-0.07480933
0.35206877
0.04525626
0.00844928
0.23922186
-0.03570490
0.11349447
-0.13617526
-0.12397452
0.11946748
0.05262680
-0.30121991
0.30148956
-0.29295570
0.20533457
-0.09086217
-0.10107945
0.00510207
-0.07299866
0.18081034
0.29386692
0.28289646
-0.02500082
-0.06051150
0.01656094
-0.00452829
-0.35120609
-0.02561695
0.04350952
-0.01922375
0.07762513
-0.05671785
0.05763257
0.16782872
-0.05935733
-0.29474857
0.14450387
-0.18248516
-0.13129565
0.09919212
-0.04416698
-0.05598948
0.03905282
0.00427601
-0.11983045
0.10612758
-0.20714030
0.29038488
0.16524359
-0.08386222
0.26222133
0.23542455
0.10157279
0.10817465
-0.21843351
0.04669699
0.23682493
0.06862082
0.11547310
-0.24970941
-0.10284507
0.00365777
0.01783058
0.11199892
-0.07607042
0.14409538
-0.38234559
0.18001299
0.00555376
-0.05159955
-0.07721512
0.13298040
-0.12891508
-0.14208385
0.16428767
0.17562642
-0.17103628
-0.04115082
-0.09807838
-0.22678592
0.06493534
0.18882051
0.21938775
0.23642745
-0.08408407
0.25915747
0.04385191
0.01796915
-0.02951134
0.00230253
-0.06004413
0.13005082
0.25367200
-0.11438439
-0.08199410
0.03363364
0.05110143
0.03138007
0.11354473
0.15681970
-0.07153662
-0.15505242
0.09517236
0.03348926
0.06933018
0.05978389
-0.16585439
-0.08062760
-0.04462366
0.05160793
0.25979113
-0.19664435
0.09201242
0.19810876
0.03489019
0.05142776
0.15575303
-0.30708440
0.22281870
-0.27867717
-0.20738998
0.05400234
-0.01738565
-0.27560594
0.43984439
-0.06913671
-0.15065113
0.02671357
0.13953458
0.09358234
0.02413595
0.19238377
-0.13555454
-0.01115002
-0.12346046
0.02548894
-0.20167193
-0.00393040
0.27995390
0.03030655
-0.12364323
-0.17279771
0.01601560
0.01819417
0.01708055
0.12351658
0.51587861
-0.10986781
0.16967713
0.22423764
-0.07190422
0.05895887
-0.04935782
0.15015302
0.20070691
0.16625549
-0.06908986
-0.06917425
-0.54604737
0.14959095
0.02750981
0.11533275
0.08481522
-0.32129399
0.14269934
0.21490848
0.16515096
-0.06787305
-0.05921076
0.27310337
0.09245507
0.03751501
-0.25814239
-0.17724104
-0.13737918
0.05513279
-0.06024191
-0.04892514
-0.11600031
-0.07942182
0.20221733
0.08961233
-0.06031711
0.12112555
0.00647442
0.26754316
0.01912847
-0.13726003
-0.04078094
0.12679853
-0.05819149
0.01476886
-0.10137707
0.03347012
0.05807299
0.12383270
-0.04681728
0.23092807
-0.03437006
0.24558879
0.04071680
-0.04617481
0.14162623
-0.04295153
-0.05059339
-0.26596139
0.13936949
-0.06725873
0.26247154
-0.08452083
-0.04271930
0.14252344
-0.02550679
0.13361463
-0.04287176
-0.14277995
0.26998242
0.08953316
0.01401541
0.01285719
0.09162435
-0.28743110
0.01170054
0.10027652
-0.04250465
-0.01472548
0.40519129
0.10197110
-0.10683676
-0.13604633
-0.08568374
0.20420138
-0.09312450
-0.24908200
-0.04300023
-0.29390920
0.01757353
0.37350646
-0.11633921
-0.13919332
-0.03095814
0.00702740
-0.14834391
0.03834288
0.06761318
0.14319974
0.01381481
-0.01874766
0.03124111
0.07142811
-0.12257999
-0.06587198
0.05041021
0.11314429
-0.31812926
0.18150972
0.01846411
-0.10443248
0.16819061
-0.21740769
0.17162418
0.09930476
0.01391583
-0.20652930
0.20994032
0.00160160
0.18768970
-0.10779598
0.18405955
0.13070612
0.11586800
-0.03896937
0.06699683
-0.02357708
-0.19512954
-0.13745229
-0.03752729
-0.18632582
0.28617110
-0.14472129
0.00710895
0.05359895
-0.07159725
0.04341260
-0.03478474
0.11693513
-0.15757940
0.00285072
0.02637241
-0.01127220
-0.10887467
-0.07802144
0.12171392
0.01030510
-0.08183054
0.36680789
-0.02218601
0.01460352
-0.02975874
0.00832683
-0.07761108
0.09851781
0.05743741
-0.16340899
0.00881878
0.32279961
0.15875247
-0.07825772
-0.15643175
0.13913983
0.28528280
0.18414265
0.08617215
0.00350817
0.08263183
0.37320894
0.26491870
0.03732159
-0.18002084
-0.30866301
0.05931202
0.11687036
0.09218214
-0.10306930
-0.25329491
-0.10176403
0.05242085
0.18857134
0.34299704
-0.06164084
0.16121451
-0.15566758
-0.05333183
-0.14793896
0.02886773
-0.09100152
-0.01856715
0.07340834
0.24194164
0.21715918
0.03132343
0.00295155
-0.05374562
0.16115629
0.27859436
0.13094615
-0.18529318
0.08066954
0.14769663
0.10974763
-0.09264871
-0.16495939
-0.12233645
0.05555896
-0.02634878
0.03719809
0.03426390
-0.19238628
-0.08890095
-0.03570752
0.21452437
-0.03125427
-0.08902545
-0.25708157
0.02323824
0.19295455
-0.17514194
0.07258721
0.04588899
-0.05663160
0.32180737
0.14293754
-0.08061336
-0.41215738
-0.03452467
0.20475221
0.06025615
-0.08903302
0.14157891
-0.04118966
-0.01650133
-0.08462813
0.21621858
0.02659214
-0.11457441
0.19607214
0.14774915
-0.16830811
0.25263779
-0.25177526
-0.17887845
-0.11926827
-0.03854388
-0.08340711
-0.15509536
-0.04101757
0.10872428
0.05125646
0.17766066
-0.09562590
-0.34703725
0.04700293
0.17761135
0.01394420
0.15730781
0.18495583
0.06534946
0.11675091
-0.15908249
-0.04800668
0.20892728
0.07972216
-0.00331525
0.06663490
-0.24067952
-0.06629741
0.03013191
0.09334852
-0.17333184
-0.12606481
-0.06161711
-0.06954435
-0.04329157
-0.31160203
-0.12796626
0.07096257
-0.15392212
-0.15897644
0.01807587
0.11055555
0.05685660
-0.00627529
0.09522870
-0.02574874
-0.13477804
0.07185238
-0.03851406
-0.08489691
-0.06606950
0.09423725
0.15478143
0.07531557
-0.18757634
-0.25341120
-0.05460585
-0.00657455
-0.00447671
0.12321029
-0.16474079
0.10396306
0.03304331
-0.12133314
0.06002987
-0.16986986
0.04809850
0.06741781
-0.14916142
-0.20506281
-0.21149962
0.10852282
0.14836131
0.03634727
-0.04982999
-0.25173073
0.06094386
0.15930611
0.06623085
-0.10371808
-0.16366970
0.15415205
0.17236229
-0.12094601
-0.02851293
0.24012931
0.09679900
0.05849964
0.13848364
0.05931966
-0.25657152
-0.02761316
-0.13477050
-0.05149162
0.13919317
-0.15789294
-0.04396059
0.07791879
0.04065008
-0.29927588
0.03830280
-0.09176180
0.15344901
-0.00178080
-0.27584435
-0.00653692
0.01934423
-0.43851806
0.19982106
0.05020133
-0.19033789
-0.08166566
-0.08820652
-0.10397235
-0.03895156
-0.10324195
0.04526491
0.11931630
-0.18507447
-0.11382803
0.00177846
0.15409459
-0.15658542
0.01264730
0.16200222
0.32344096
0.02124830
0.15997046
0.00745143
0.20898163
0.06795581
-0.05589782
-0.07718127
-0.18860080
0.05268445
0.04672308
-0.12163111
0.18000560
-0.01799745
0.09254610
-0.19009346
0.01951317
0.05502623
-0.28895966
0.13237235
0.02602103
-0.08231440
-0.17091359
0.20094790
-0.17835580
0.02410454
0.02571434
-0.14443516
0.35333770
0.04170143
-0.05648368
-0.12584910
-0.04503746
-0.10335210
0.06382825
-0.11040211
-0.07305341
-0.02412556
0.15349983
0.26735765
-0.01081959
0.06229469
-0.24709734
0.04855353
0.01867297
-0.42858299
0.10380528
0.06275472
-0.04244779
0.08252277
0.04364060
-0.00113397
0.00607835
0.26612186
-0.00022485
0.17251015
-0.25331372
-0.28126784
-0.01459914
0.05883938
-0.14141425
0.07923518
0.09933563
-0.09040016
0.02895275
-0.02842597
0.10375058
-0.17108988
0.06628686
-0.03231871
-0.11235230
0.13744310
0.14148992
0.00219284
0.32493037
-0.19245504
-0.25347566
0.11647794
0.07684445
0.00104304
-0.22498436
-0.01649610
0.13175928
0.04181160
0.00519086
0.10125482
0.06702096
0.04078429
-0.02738811
-0.12680743
-0.00267320
-0.22260160
-0.10380856
0.18974684
0.13125025
-0.15956571
-0.09158369
-0.32373883
0.19995437
0.19450720
-0.01519798
0.20569498
-0.06547158
-0.10721093
0.16000534
0.02882376
-0.09135609
0.08941614
-0.24443383
0.06371577
0.00400439
0.02606188
0.27980778
-0.01593505
0.06699506
0.07440081
0.16038997
0.24694019
0.16814611
0.02660779
-0.06817279
-0.00937236
0.12252196
0.05542937
-0.08781368
0.04929082
0.01908360
-0.06167900
0.12122353
0.14966685
0.27654427
0.02926523
-0.09774896
0.06697581
-0.06756835
0.06203509
0.09468419
-0.22714367
-0.34869356
0.07877917
0.36455210
0.16512733
-0.39867352
-0.05767328
0.02249914
0.10130182
0.23964921
-0.00345788
0.01279421
0.24848798
0.09996879
-0.14577844
0.01369661
0.00891534
0.00010445
0.11098409
0.08911025
0.04377680
0.08283356
0.22125173
-0.16980734
0.06071310
-0.01146324
-0.10988004
-0.15395946
0.09693768
0.00079332
0.06073255
-0.17532652
-0.11451232
-0.00267082
-0.05508851
-0.04483860
0.02495842
0.17541583
0.07901831
0.02258369
0.20972099
-0.04940306
0.13453702
-0.07822073
-0.13575109
-0.07990538
0.02724585
-0.23202931
0.24731134
0.01408913
-0.18874301
0.13314010
0.16490885
0.13528763
0.25784456
-0.11221473
-0.09930832
0.15885002
-0.08202924
-0.13000162
0.10916114
0.05631600
0.54584796
0.01393540
-0.08338041
0.15487768
0.09473837
-0.09766981
-0.09351621
0.04721570
-0.12536857
0.08365190
-0.10293469
-0.14807343
-0.04606631
-0.11660613
-0.37002652
-0.03413159
-0.17756482
-0.06432032
-0.03688378
-0.28811770
0.09349442
-0.05831157
0.40200146
0.06396004
0.05615813
-0.22522719
0.07106017
-0.11405795
0.08788909
-0.11911635
-0.15463725
-0.00536398
-0.08539393
0.04225647
-0.23705267
0.06969499
-0.04628107
0.18383058
0.18166483
-0.20677883
0.22415146
0.03245329
-0.13673486
0.16462039
0.07379432
0.11534425
-0.02667974
-0.04732078
-0.09198212
0.39944190
0.03877454
-0.05718915
-0.05570901
-0.20298044
0.15038964
0.06624426
-0.03613658
-0.01940426
0.16835192
0.01882438
0.17518345
-0.12524715
-0.33655240
0.15056859
-0.18126812
0.11163331
0.07015400
0.05158381
0.17923794
-0.04910288
-0.14182155
-0.19057903
-0.16145996
-0.06370635
0.05232649
0.05589720
0.08004734
0.01445116
-0.08144229
0.01554987
-0.05799834
-0.08905904
0.02738843
-0.10506482
0.09424273
0.31424048
0.26906196
-0.28611209
0.20180362
-0.02396844
0.20147264
-0.17183539
-0.11807799
-0.36288957
0.01356818
0.32084885
-0.00810266
0.07647320
0.03964393
0.12259093
0.15356414
-0.15630560
0.17685554
0.13788369
0.06331562
0.11493668
0.18510914
-0.12288645
0.19747556
-0.06816531
-0.06969785
0.10793954
-0.18602097
0.04503062
-0.28658233
-0.28786752
-0.20742372
-0.18994926
-0.24124021
-0.25418550
-0.44481819
-0.49302552
-0.45601020
-0.15684560
-0.45453829
-0.27878462
-0.34418718
-0.24397154
-0.45162627
-0.08818796
-0.04492449
-0.00508711
-0.18813186
0.36703411
0.02410131
0.33827334
0.11603054
0.39584834
0.44290717
0.36982748
0.53835550
0.56896889
0.80171478
0.58327651
0.69581514
0.80846509
0.40943212
0.36342030
0.58747214
0.60971233
0.34210392
0.27599262
0.34155094
0.24210718
0.12196275
0.10566870
-0.29268427
-0.23275524
-0.08381360
-0.58760339
-0.51445722
-0.14681007
-0.28321967
-0.15994525
-0.09172665
-0.52538122
-0.34657128
-0.48679270
-0.24298361
-0.39164863
-0.27024711
-0.26062769
-0.35060413
-0.28047602
0.03134862
-0.00233271
-0.08683351
-0.03050012
-0.35147139
-0.11914283
0.08266973
-0.16471259
0.19393544
-0.06620035
-0.33721389
0.50539746
-0.12846354
0.22190191
0.03755922
-0.13495038
-0.01839353
-0.00574673
0.15996872
0.09743880
0.06995558
0.02523448
0.04796849
0.06207035
0.41448022
0.08879266
-0.03055076
-0.11904592
-0.04152844
-0.14805495
-0.22975221
-0.12222916
0.09932708
0.01346032
-0.07509755
-0.01001749
-0.17467326
0.02533680
0.06750153
0.15683885
0.24864932
-0.03096957
0.06404305
0.19867478
-0.09342127
0.13580031
-0.15005726
-0.08357593
-0.09946545
-0.14954113
0.17922022
-0.16228316
0.06813029
0.14833544
-0.05266398
0.16828013
-0.09007241
-0.23191480
0.04032553
0.02259260
-0.05462175
-0.02235001
0.36849263
0.24281209
-0.17260930
0.06374362
0.13248044
-0.07949054
0.19766532
-0.04566470
-0.10846856
0.11415313
-0.05752047
-0.06846263
-0.13343599
-0.15375424
0.24217046
0.01081974
0.18000406
0.00732596
-0.34293417
0.19675102
-0.02112245
0.05926739
0.19577043
0.05471963
0.23180998
0.20791140
-0.13398358
-0.20637460
0.01242885
0.00716621
0.18329172
0.26607484
-0.13066282
0.24570673
-0.14857100
-0.21315661
0.09591175
-0.30216140
-0.09197701
-0.13076239
-0.43629714
0.13344577
-0.11002732
-0.13690388
0.15014267
-0.19735206
0.14612747
0.22479929
-0.04268105
-0.03395791
-0.14450508
0.17155828
0.08936363
0.08534093
0.19322504
-0.06122666
-0.22788011
0.23790774
0.33233501
0.57045270
0.17015225
0.16200672
0.12263420
-0.02103623
0.49454760
0.12823976
0.36977561
0.32700564
0.26588960
0.34846195
0.22667857
0.26713814
0.20751895
0.22041045
-0.06942026
-0.06698302
-0.20510203
-0.24756459
-0.11861304
0.06209265
-0.31891298
-0.55887428
-0.42833696
-0.50982238
-0.25696255
-0.26311381
-0.25496504
-0.47168600
-0.16399120
-0.07066313
-0.25917775
-0.15547470
-0.27600627
-0.12276001
0.03198213
-0.52169090
-0.22118392
-0.00270649
-0.12773620
-0.13431255
0.06755972
0.21749272
-0.10881607
-0.07668804
0.06129507
0.06171779
0.01025460
0.06869240
-0.03536514
0.29960652
0.18707380
0.09427360
0.34325199
0.07952249
0.21271887
0.29417176
-0.08550194
-0.17880141
0.21227659
0.13516591
0.17083730
0.23682857
0.09994139
-0.04068680
-0.06410230
-0.42514911
-0.12740897
-0.05270675
-0.05074862
0.07136361
0.22406532
-0.00734438
-0.02890185
0.11553130
-0.03054941
-0.20413091
0.16255711
0.21772931
0.07395879
-0.08844873
0.09361235
-0.06188780
-0.12897490
-0.20556211
-0.30713228
0.08302538
-0.19230360
0.17594222
0.20406624
0.11861249
-0.03637093
-0.08909117
0.05769959
0.00006044
0.09247447
-0.19397575
-0.06087275
0.03074528
-0.10233248
0.32461706
0.17205509
-0.39962352
0.25870568
-0.15529783
0.12531073
-0.13301690
0.07539433
-0.24280243
0.28082251
0.00068493
0.10214007
-0.05696357
0.07483663
-0.19360513
-0.27203968
0.15782199
0.04241576
0.37951043
-0.03883544
0.10191667
-0.04692979
-0.07567711
0.08845195
0.17465422
-0.10442590
-0.04251942
-0.10685658
-0.00560970
-0.06977167
0.00941288
-0.25991331
-0.16628515
-0.00205534
-0.01310092
-0.14593787
0.18563409
0.18529931
-0.16278044
0.24015499
-0.10254967
-0.15204817
-0.02812967
-0.21292758
0.13367981
-0.07606565
0.35372690
0.19176060
-0.01254824
0.17045697
0.07299015
0.05053246
0.07552572
-0.04504653
-0.08031454
0.10170082
-0.03255957
-0.04004887
0.16394313
-0.23407130
-0.03104068
-0.01983138
0.02498113
-0.08467142
0.05378273
0.33449333
0.14069711
0.09169461
0.17212497
0.14110047
-0.50558678
-0.05754601
0.17256973
-0.01807680
0.06360931
-0.15683595
0.07444081
0.15647771
-0.19962129
0.04482010
0.15605671
0.39175669
0.00192970
0.07967115
-0.09913366
0.04206852
0.06432067
-0.11224431
0.09820989
0.04446803
-0.21207890
-0.09484473
0.07794041
-0.29020016
0.09797705
0.08670274
0.06824030
-0.12052617
-0.05586462
-0.19711107
-0.29133496
0.33825324
0.27207345
-0.03983921
-0.20034951
-0.01551519
-0.23332449
0.17992491
-0.10302692
-0.30050132
-0.17258900
-0.16257346
-0.03498447
-0.18982488
0.13169564
0.10128224
-0.09901704
-0.07938877
-0.05770863
0.13451646
0.13591836
0.03378980
-0.27910388
-0.03033565
0.07269085
-0.11351115
-0.09527398
-0.13794196
0.20865431
0.07401595
-0.04405551
0.01834568
0.02977761
-0.02204838
-0.03743929
-0.01970337
-0.13770689
-0.16565805
-0.02404130
-0.03803543
0.16902959
0.11769388
0.04538485
-0.07488012
-0.00788748
0.09894909
-0.15380596
-0.05128469
-0.00527279
-0.02882056
-0.04498837
-0.02952720
-0.12924983
-0.12115589
-0.06933712
0.23906960
-0.04328473
0.08347524
0.26791840
0.14979556
0.10887069
0.05894225
0.15620611
-0.13831009
0.11903814
0.10857585
-0.23023379
-0.10104215
0.03598884
0.00128993
0.04641159
-0.27320231
-0.05103070
0.11879456
-0.31633622
0.26073303
-0.16280739
-0.03752949
0.01069248
-0.05307323
-0.23954183
0.00836010
-0.24014341
0.01944579
-0.08553747
0.05266652
-0.13556935
0.12778765
0.14175077
-0.10680913
-0.16090870
0.18080075
0.02148261
-0.08406941
0.31418056
0.28349793
0.05561084
0.00511506
-0.05449094
-0.11138083
0.12462482
0.03049223
0.10766969
-0.14274541
0.01487617
0.21227629
-0.05850487
-0.16381339
0.20552118
0.26127420
0.12304100
-0.12901160
-0.15004201
-0.20270759
0.16931082
-0.01306986
0.06799740
0.12673738
0.14943310
0.07167363
-0.17604997
0.10291262
0.06422210
0.09890301
-0.11097190
-0.07645438
-0.27548192
0.07318397
-0.01948414
0.22975313
-0.21005072
0.39858360
0.01596521
0.03771123
0.15169821
0.14933898
-0.12611026
-0.04372332
0.02962780
0.13973391
0.09932064
-0.12621314
-0.24354075
-0.19848965
-0.05630575
-0.12182409
-0.02499575
-0.34574474
-0.04871469
0.28024349
-0.02195738
0.08698415
0.05007093
0.17409309
-0.07582846
0.29056816
-0.00974129
0.02165382
0.32470311
0.13364974
0.09538282
-0.27121062
0.01580860
-0.32298735
-0.09891726
-0.15748569
-0.09313432
0.02339207
0.09490799
-0.19684594
-0.18705136
0.01206066
0.11126533
-0.28530299
-0.14285182
-0.19735952
0.04237301
-0.14933041
0.15675712
0.07805779
0.02559491
0.08012742
0.02719977
0.10012378
0.15964854
0.10411608
-0.11499252
-0.01848020
0.11297399
-0.11277872
0.15791520
0.13641381
-0.03015678
-0.28097760
-0.05905884
0.00067730
-0.00165840
-0.08824288
0.13404441
-0.05141916
-0.23837451
0.15619639
0.30039215
-0.13527274
0.19944180
-0.00557015
-0.19196545
-0.08235056
-0.00620916
-0.06982688
-0.25922313
0.09110443
0.02471383
0.20142381
-0.10754598
-0.11518923
-0.22241150
0.05777364
0.37333456
-0.01562137
0.15205883
-0.06775055
-0.00635384
0.04376016
0.21989450
-0.02399775
0.25981855
-0.20443699
-0.19060481
-0.15528882
-0.04183795
0.03637663
-0.08359817
-0.07147017
0.07836082
0.22200006
-0.06035130
0.21018461
0.04995819
0.08074796
-0.05591433
-0.30723444
0.00646203
-0.16307359
0.12595772
0.07620553
-0.18701355
0.13185748
-0.00384227
0.13156501
-0.03891807
0.03314284
-0.08481010
-0.12768186
0.04330436
-0.25014428
0.06297908
0.01693824
-0.12572304
-0.19045833
-0.10291739
0.16307150
0.10849875
-0.05447988
-0.03523848
-0.03830278
-0.06803470
0.02821675
-0.12545489
0.42755958
-0.17394011
-0.24917481
-0.08099936
-0.07059715
-0.07647726
-0.06868132
-0.04402528
-0.20264197
0.02546324
-0.19941121
0.12166562
-0.11481884
0.12325528
0.00796513
-0.00848460
-0.16429750
0.03906397
0.01339872
0.02231711
0.13133519
-0.06749299
-0.06005965
-0.09654817
0.03848223
0.03912072
-0.23938094
0.09600160
0.02942439
0.05883356
-0.40736242
-0.12224223
0.21193311
0.11323904
-0.40529366
0.16963936
-0.19760455
0.08541168
-0.04744133
0.16338519
-0.13697181
-0.00467124
-0.01455440
0.32927987
-0.09224498
0.23753766
-0.20844116
0.01961104
-0.04250800
0.24862558
0.17034813
-0.06210194
0.02450120
0.15018206
-0.20348497
-0.08041413
-0.20718137
-0.05880336
-0.24761749
0.13618337
-0.25968002
0.12974189
-0.08850080
0.11573860
0.00635583
-0.15732881
0.05378914
0.15753502
-0.01557270
-0.14895630
0.05016170
0.02444809
0.39887839
-0.20441194
0.13405130
0.09358728
0.06700780
-0.20292111
-0.21991625
-0.15684029
0.14271828
0.03641428
-0.08632088
0.17856927
0.15623543
0.03167449
-0.25494276
-0.06418580
-0.20794758
0.35493019
0.12610627
0.07850355
-0.06716222
-0.00731139
-0.00945378
-0.15660749
-0.18332194
0.05415003
0.07943193
-0.13474236
-0.07282071
-0.02415703
-0.19462238
0.01153324
-0.03844515
0.03602327
-0.12732594
0.05035664
0.04436252
0.04708938
0.01083688
-0.04658345
0.28709232
-0.20686327
-0.05396523
0.00220224
0.23335893
-0.13651039
-0.04530723
-0.05041304
0.02710257
0.04449293
0.11766539
-0.06187939
-0.10653687
0.12143736
0.17538114
-0.05363922
0.08908340
-0.03286434
0.11789617
-0.14770590
0.12693662
-0.01532954
0.13099529
-0.11948722
0.00390174
-0.18925570
0.14662730
0.10684513
0.07986929
0.02080428
-0.03320395
-0.02395514
0.02382282
-0.10744791
-0.18077635
0.03127925
-0.08655653
-0.10399701
0.11047771
-0.07687093
0.02566034
-0.23034982
-0.12983793
-0.22158293
-0.23193675
0.07983074
-0.02508863
-0.49134253
-0.07273019
0.12612374
-0.09075344
-0.00243396
-0.04345325
-0.04023723
0.00116514
-0.09950527
0.04979603
0.00656487
0.13502675
0.04770765
-0.18291760
0.16206402
0.20454219
-0.05495401
-0.14964976
-0.04911220
-0.06262094
0.08563739
0.02856647
0.04909807
0.16307232
0.05832179
0.15391076
-0.05925752
0.06653027
0.00542269
0.13836181
-0.02502498
-0.12565809
0.12980516
0.11160434
0.34622257
-0.06761250
-0.08118902
-0.06845311
0.19323308
0.12907238
0.11187317
-0.11158877
-0.07039388
0.14392201
0.03559302
0.09053137
0.08665224
0.03612575
0.17343070
-0.04178747
-0.24421590
-0.08578483
0.12719798
0.16260915
0.00651198
0.09298340
-0.01458219
-0.28571949
