0.36967634
-0.10511821
-0.18830388
-0.12071318
-0.00370024
0.30869965
-0.07247380
0.14728008
0.03999195
-0.10025894
0.26344707
-0.19645034
0.02062901
-0.08852379
0.04278766
-0.25921379
0.52159369
0.01337874
-0.03109148
0.14639024
0.04946119
-0.16966717
-0.03824699
0.02484135
-0.20726324
0.01914708
-0.10844247
0.30689381
0.13571788
0.10549630
-0.21693007
0.06814649
0.06548261
-0.13672812
0.58055001
-0.06471830
-0.07661844
-0.14942932
-0.22024090
-0.12853144
0.12448485
-0.06380039
-0.10813532
0.08695937
-0.11020691
-0.10785271
0.24966684
-0.14054910
-0.29296137
0.38382967
-0.08442873
-0.18448483
-0.33096854
-0.08213669
-0.01530245
-0.06903318
0.22456657
-0.03061621
-0.28959468
-0.16526843
-0.10524877
-0.00880201
0.07857248
-0.02676466
-0.29083728
0.18810307
0.17927795
-0.02811903
-0.07163125
-0.05420118
-0.04313961
-0.09529282
0.11372000
0.05841972
0.09931573
0.09988752
-0.14457698
-0.18687806
-0.13822920
-0.05902345
0.10699660
-0.32958113
-0.04083869
0.08286241
-0.00830947
0.11385492
0.08163457
0.24669620
-0.15897157
-0.11123453
-0.05501371
0.04177154
-0.33702227
0.05741011
-0.07825421
0.12820330
-0.02471002
-0.25517670
0.24731067
0.20740335
0.34812614
-0.28553952
0.04764480
-0.15238984
0.22148502
-0.18680069
-0.11731527
-0.14859659
-0.01452954
-0.13966476
0.09759195
0.04300649
0.13972704
-0.21261995
0.04937920
0.20488818
-0.06177224
0.12113541
-0.26553245
0.28157081
-0.07639585
-0.22098778
0.00446970
0.11034015
0.09192024
0.22059812
-0.06390271
-0.29501286
0.33857533
-0.13493375
-0.21046305
0.30793744
0.13507718
-0.02388135
-0.09731625
-0.26364448
-0.09540873
0.14790051
-0.13587953
0.12299767
0.16879798
-0.01222805
0.09774591
-0.08186953
0.41404135
-0.22324834
0.07674623
0.15768924
0.08469890
-0.07400169
0.02391351
-0.25516972
-0.09365920
0.33742436
-0.30033915
-0.23503918
0.16689868
-0.00717516
-0.05487519
-0.14060320
-0.06325786
-0.26889670
0.37895601
-0.06838774
0.02388733
0.03551402
-0.08376073
0.05290728
-0.14410831
-0.05540229
-0.10502997
0.07275022
0.01413994
0.05421306
0.19231186
0.23742942
-0.12439426
0.05987158
-0.20926412
0.03530336
0.08377720
0.20009838
-0.29903229
-0.13039075
0.09234160
0.28618491
-0.15806498
0.19270321
0.08263223
0.22032377
0.03036669
0.13483708
0.18824740
0.14712959
-0.03898498
-0.20246992
-0.10606365
-0.00138397
-0.16622886
-0.12786492
-0.00412456
-0.04327549
-0.06836052
-0.17774211
-0.01205179
0.32237769
-0.28532756
0.16777049
-0.15494425
-0.11084570
-0.13151544
0.01413760
0.10073800
-0.20955628
-0.00262825
-0.10679182
-0.03106332
0.12910218
-0.19281941
-0.13494685
0.02771020
-0.09663849
-0.11327456
-0.17544651
-0.06979631
-0.01183731
-0.15227845
0.34262833
0.09339560
-0.06987152
0.03821645
0.01222572
-0.02773215
-0.00487399
0.12211102
0.01530702
-0.12591339
0.44381136
-0.02281776
0.13671259
-0.14908675
0.26688546
0.03595127
0.07081538
-0.04057075
0.05473584
0.07999237
-0.20514484
-0.20326255
0.13708722
-0.01161842
-0.07712813
-0.09680683
0.05361028
-0.04988614
-0.11486843
0.40385093
-0.00852154
0.11978464
0.02935587
0.10372509
0.01636367
0.00490772
-0.08209815
0.17057621
0.06232642
-0.00364813
-0.02981274
0.41417472
0.18200635
-0.05418467
-0.17692608
-0.10479671
-0.10807941
0.30240877
-0.10925371
0.10591511
-0.11856519
-0.10054403
-0.10519107
-0.03256281
-0.29212377
0.27002153
0.06579982
0.26005388
-0.16916474
0.04218874
-0.05371442
0.14185641
0.27212907
0.06623447
0.13439740
-0.08132650
0.17595062
-0.13424995
0.15146091
0.31316009
-0.11812516
0.36857713
0.26670924
-0.21140200
-0.12814134
-0.24698672
0.35135170
0.00117998
0.10656262
-0.04260951
0.11785985
-0.29846591
-0.03520999
-0.05721939
0.09215726
-0.03455001
0.04952886
-0.27694760
-0.14217277
0.03848969
0.09099142
-0.05824317
0.16563317
-0.06500108
-0.28304214
0.12943296
0.08651750
0.13107893
-0.08205797
0.12097100
0.22689573
0.18095334
-0.06955120
-0.04975204
-0.19088227
-0.10164329
-0.06916320
0.04614720
0.23161993
-0.05030464
0.10147246
0.04423114
0.06084981
-0.06301128
0.32193073
0.16900075
-0.10899387
-0.16068254
0.06078189
0.04837297
0.15408800
0.03488199
0.05429023
0.10929825
-0.06715769
0.22257244
0.02531078
-0.02276012
0.17863867
0.33793733
0.05184696
0.09455116
0.10526994
-0.06322970
-0.06262223
0.03328383
-0.07034636
0.05711867
-0.03396469
0.07508428
0.20327027
-0.18458670
0.07972249
-0.20746583
0.01390042
-0.11671860
0.18656628
-0.13649477
-0.04985995
0.04648896
0.03567486
-0.12781245
0.07538711
0.00968283
-0.13108274
-0.09124163
-0.23205025
0.07444957
0.10503740
-0.20794072
-0.01142789
0.16635708
0.32317434
-0.04937561
0.29174775
-0.02271796
-0.10545289
0.09622613
-0.23598640
-0.13258913
-0.15868182
-0.20395167
0.09238854
0.14219579
0.00352758
0.07706031
-0.02757656
0.15817959
-0.14612589
-0.42654087
-0.28304066
0.12374463
-0.13893411
0.04431259
-0.00482585
-0.06296106
-0.31892298
0.22769837
-0.07180342
0.02303735
0.18070532
0.02855058
0.16630030
0.22442043
-0.07033673
-0.02276794
0.13025231
0.03384296
-0.06805562
0.44104000
-0.49375528
0.03707933
-0.07387577
-0.03187974
0.14589593
0.06785495
-0.11642802
0.25357143
-0.18794243
-0.22157065
0.08927774
0.07918828
0.12754026
-0.03215869
0.01952623
0.11844284
0.25480604
0.04584409
-0.02167814
-0.01402509
-0.02766040
0.02226176
0.11472110
-0.20087445
-0.08982541
0.11907353
-0.01784922
0.07694360
-0.02033718
0.11494450
-0.10988941
-0.06163797
-0.04025431
0.41413392
-0.15234205
0.09812019
0.00239375
-0.07804282
-0.08605689
0.16376597
0.16067402
0.22540143
0.11011325
0.15139721
0.11612690
-0.16931869
-0.18347549
0.05024877
0.00605680
0.13853763
-0.30452956
0.19290082
-0.12153896
0.02533007
-0.02395092
0.08046811
0.12963714
-0.19670221
-0.23048731
0.08850613
-0.02542152
0.03948485
0.11682256
-0.01767889
-0.02671678
0.14397260
-0.15113893
-0.36385775
-0.05062818
0.18815600
0.14409922
-0.18815329
0.14606771
-0.10973849
0.01490848
0.18557166
-0.06819944
-0.08742318
-0.15759443
0.01568174
0.18841022
0.32046427
-0.31894370
-0.03389791
0.02783174
-0.18346779
-0.15720064
0.04552097
0.14838052
-0.07260069
-0.02643248
0.04110593
-0.25601611
-0.27101196
-0.09322924
-0.13383064
-0.17031496
0.21068943
-0.12803790
-0.20053967
-0.03460293
-0.28580347
0.00714572
-0.21526788
-0.23810929
0.04318304
-0.09248802
-0.02578583
0.07177192
0.03524784
-0.08747997
-0.14434586
-0.24234558
0.16607344
-0.00570029
-0.01048444
0.14776294
-0.16287663
-0.21149712
-0.11099519
0.12164335
-0.00509003
0.09178590
0.13053676
0.02257748
-0.25848933
-0.26249508
-0.13462742
0.02338021
0.14134055
-0.23035160
0.06738821
-0.08989906
0.03071722
-0.00647212
0.04038507
0.02301543
0.12940918
0.24519185
0.19849522
0.09911255
0.09279934
-0.01741221
-0.28526566
0.16654648
0.07716072
-0.06323926
0.15421345
0.26132534
-0.08364941
0.03765840
-0.12861705
0.32932642
0.19853356
-0.09885511
-0.12070998
-0.08355972
-0.26688546
0.00968874
0.02914553
0.28620784
-0.05093895
-0.09852071
-0.19551808
-0.22349831
0.04288332
0.08744820
-0.12211111
-0.16861009
0.01707484
0.00046246
-0.06639445
0.15541503
-0.20849466
0.04319847
0.08165002
-0.09208186
-0.10988276
-0.06845331
-0.01462090
0.13423529
-0.00523311
-0.11564288
-0.05542624
-0.07020749
0.05756041
-0.06700813
-0.28722128
0.00719154
0.28866195
0.47376061
-0.19003421
0.25741559
0.25121668
0.18084086
-0.14946349
0.27077682
-0.07323208
0.22141138
-0.12291551
-0.01175534
-0.23211529
0.15685481
0.06502473
0.18550209
-0.11810412
-0.20688019
-0.14333888
0.04497622
-0.15045370
-0.21105160
0.02931578
0.12258259
0.11731412
0.01493309
0.09364239
-0.18781563
0.17147898
0.28439419
-0.33733884
-0.04819873
0.04802166
-0.10062920
0.14664176
-0.00618194
-0.02214435
-0.35243670
0.22094578
-0.14169754
-0.16043779
-0.03108606
-0.07657748
0.09584800
0.28187253
0.39761298
-0.21997367
-0.12086038
0.16281988
0.14070916
0.20286472
-0.20443670
-0.09472762
0.31315154
0.05548514
-0.12703829
0.08722148
-0.20576878
0.08161232
0.02559098
-0.02837600
0.09146010
-0.26140616
-0.02278939
-0.07950150
-0.08269589
-0.02542020
0.15063602
0.18758148
-0.12070404
-0.07908659
-0.22170274
0.16120205
0.06139601
-0.19330181
0.05056519
-0.09270404
-0.02270399
-0.13012608
-0.09224159
-0.32061505
-0.10061800
0.22810946
0.24261708
-0.07304684
0.51268645
-0.12762170
0.04820193
0.08293571
-0.05195042
0.13686474
0.11396675
-0.14424236
0.04724919
0.35931713
-0.10967227
0.20722335
-0.04683692
-0.19637267
0.26582288
-0.00418849
0.14600332
0.16461096
0.06023053
-0.04428739
-0.01420645
-0.18140550
-0.21413432
-0.05739817
0.02580073
-0.01765829
0.20321506
-0.12515496
-0.20952488
-0.03095919
-0.17589477
0.35934391
-0.18296004
-0.20647321
0.18628354
0.23188285
-0.03332244
0.04986464
-0.08303099
-0.04943112
-0.03386279
-0.12896125
-0.20856053
0.34771589
-0.09700141
0.09100552
-0.21651802
-0.14983415
-0.12805402
-0.11764525
0.16342998
0.02233380
0.32272172
-0.14897682
-0.14712980
0.06751137
0.23605224
0.05022808
-0.23372802
-0.19517114
-0.08792527
0.39682305
-0.24551064
-0.23799160
-0.08964037
-0.32075763
0.05164034
0.08271756
0.00364620
-0.33056393
0.00013158
0.31278014
-0.17379152
0.24486231
-0.06634786
-0.22006407
0.12350454
-0.07570184
-0.16258339
-0.25324741
0.00771626
0.06624028
-0.28458488
-0.26381371
0.07689512
0.04832343
0.13008468
0.08604199
0.06723043
-0.00058573
0.30651233
-0.01084276
0.04516958
-0.12220362
0.09598922
-0.01848752
-0.09818879
0.02493730
-0.10669687
-0.10797056
0.33090673
0.01263591
-0.16789175
-0.31506810
0.08687595
-0.02916804
-0.07490442
0.05169726
0.04997782
0.02603726
-0.06303874
-0.33088981
-0.16805917
0.02175033
-0.11809867
0.14315197
0.02570217
-0.23838128
-0.13531946
-0.02751173
-0.14139845
0.27664503
0.21245330
0.04401447
0.09455141
-0.20541811
0.08950420
0.06952614
0.25748231
-0.01389958
0.38238385
-0.08178596
0.07566213
0.06874238
0.32476141
0.21143399
0.16115135
-0.02081944
-0.19113793
0.03807077
-0.03689485
0.18686827
-0.18802524
-0.06049307
0.17430524
0.04605581
0.24975562
0.09345274
-0.07842017
-0.03133497
-0.22747545
0.22140104
-0.25972328
0.08143909
0.33567962
-0.05499338
0.04812516
0.23459675
0.10411269
0.09056186
0.00113780
-0.05604255
-0.07467620
-0.13653158
-0.06939468
0.04669277
-0.07998708
-0.17703277
0.04797541
-0.17715279
-0.00242663
-0.42484217
-0.19963109
-0.02668026
-0.19282346
-0.06227095
0.07732387
-0.31442871
-0.28950164
-0.06510773
-0.13653295
-0.39165890
0.17400973
-0.13897506
0.01372340
0.05218415
0.16429599
-0.02819304
0.28787797
0.08546071
0.10968532
0.09917372
0.02125916
0.16523949
-0.09662006
0.02960013
0.01948896
-0.30551667
-0.03653032
0.02235998
0.05252065
0.22604825
0.09395019
-0.23607871
0.18277528
0.25813897
-0.13561958
-0.05633703
0.08325200
0.10276141
-0.39457989
0.07262414
0.03743836
0.03014505
0.02634190
-0.09024514
0.08497518
-0.17939497
0.03733154
-0.07993946
0.13346689
-0.09648858
0.03638446
-0.06272020
-0.22969811
-0.26848428
0.10696733
0.06602793
-0.12679155
-0.13727269
-0.07468840
-0.20966194
0.04061380
0.21627804
0.02654164
0.20679442
-0.05417922
-0.00002043
0.01296859
0.19703622
-0.15555978
-0.06054673
0.11006475
0.25464277
-0.28245784
-0.20101891
0.26013522
-0.00459938
0.23313697
-0.03383945
-0.42907226
0.07927981
0.03587967
-0.09694699
0.09986606
-0.22342214
-0.02587283
0.06860403
-0.03010301
0.00796292
-0.23435629
0.08155632
0.09793978
-0.05965201
0.03640939
-0.15962108
-0.04485323
0.17342094
-0.07261326
-0.17268252
0.16985561
-0.46459433
-0.20775336
-0.11531898
-0.24891316
-0.01441613
-0.13497857
0.25488587
0.00753478
0.15304794
0.11097009
0.16794735
-0.03173824
0.02231131
0.16593062
0.01978190
-0.01785254
-0.22869954
-0.15154993
-0.00100081
-0.08793883
0.10611484
0.00430407
-0.13367661
-0.11076672
-0.00869184
0.25110205
-0.03954735
-0.18839654
0.08646082
0.10613416
0.06550763
-0.37587209
0.16771325
0.11303258
-0.08769514
0.06821664
-0.12775288
-0.03417658
-0.16148317
0.14658706
0.00409594
-0.05055456
-0.20321442
0.00732717
-0.00511834
-0.08710852
0.07327651
-0.13974048
-0.24906048
0.03605684
-0.14719885
-0.03801382
0.09362950
0.12152571
-0.50354162
-0.12082901
0.19694010
-0.31069863
-0.19302454
0.11415944
-0.02942703
-0.01665692
-0.11406351
-0.03605000
0.08503326
-0.11969498
0.34275648
0.12150212
0.03409875
-0.20408457
0.30341797
-0.19690668
0.08921565
-0.04097899
-0.15321682
-0.07513915
-0.04080539
-0.06418593
-0.12161586
-0.04330887
-0.07239305
-0.01798587
-0.14362331
-0.18780925
-0.06803633
-0.00086007
-0.05138619
-0.04510804
0.26348828
0.12762957
0.26699375
0.09193210
-0.06128540
-0.20276140
0.16589425
0.05638866
0.22177658
0.23091858
-0.05624935
-0.03408271
0.17734683
0.24364174
0.08800395
-0.27277482
-0.09296282
-0.03895029
-0.25696082
-0.30656106
-0.07774415
0.06124225
-0.09061116
-0.40928562
-0.36019085
-0.51528924
-0.53629474
-0.61550720
-0.62332591
-0.41802553
-0.41673669
-0.14194559
-0.20258405
-0.08541618
-0.42156189
0.12450436
-0.27042688
0.00214669
-0.25617379
0.25693696
0.70040398
0.17938697
0.16418628
0.76616334
0.71039795
0.55108724
0.88999391
0.65042859
0.83536337
0.91667364
0.80890326
0.78101167
0.64262799
0.58837177
0.55135355
0.19455847
0.32296580
-0.01386308
0.54919510
0.22375784
0.04586809
0.05465976
-0.15837637
-0.28243575
-0.26907525
-0.34707883
-0.40854013
-0.28956158
-0.38138603
-0.49413373
-0.35642161
-0.31880837
-0.27720366
-0.54110374
-0.35007483
-0.57650595
-0.32798257
-0.35010762
-0.31999711
-0.20342405
-0.28769528
-0.20542152
-0.00112838
-0.05379970
-0.00212301
-0.12457733
-0.13122543
0.11119457
0.28278117
-0.09482657
0.17343629
0.16159801
0.11964908
-0.07058160
-0.09767624
0.40846677
0.21879375
0.06423678
-0.20502485
-0.03444737
-0.06795412
0.30255192
0.20235328
0.08810793
0.04290578
0.19763300
-0.10214350
0.05286929
0.24055776
-0.11149717
-0.09544169
0.28110839
0.11299733
0.03306813
-0.08534121
-0.03004768
-0.01198098
-0.11922311
0.03156068
-0.04002571
-0.02029485
-0.33180079
-0.01154806
-0.06091792
0.05383148
-0.01343437
0.10288681
-0.12750592
0.13760793
0.21832811
0.28431528
-0.06442270
-0.07148436
-0.09529189
0.16963216
0.14962970
0.13715809
0.06895085
-0.12664234
0.07527353
-0.01052180
0.22879284
0.13933017
-0.15937001
0.16018729
0.04659432
0.15287267
-0.10767490
-0.22434331
-0.12671816
-0.06048675
-0.09735678
-0.12016520
0.09736868
0.14630549
-0.03437291
-0.09983074
0.22573404
0.02608393
-0.09119905
0.12054863
0.15838146
0.02428868
-0.17135308
0.05032060
0.26268375
0.10287668
0.11676728
0.06688524
0.33783566
0.25528724
-0.24265735
0.10091965
-0.18650850
-0.21615883
0.02362551
0.07165220
-0.19245299
0.37868703
-0.01543234
-0.10791475
-0.22491566
0.20822640
0.40081579
-0.10020316
-0.15050951
-0.03608627
0.04988225
0.14754276
0.22822392
0.13204385
0.10533347
-0.09284690
0.00345698
-0.15506315
-0.06357751
-0.06265690
0.25666471
-0.20947425
-0.13022559
0.03280975
-0.21781328
-0.30974478
0.17690060
-0.09384072
-0.10304212
0.07667829
-0.01386850
-0.00064780
-0.09766238
0.02234802
0.25446627
-0.11231546
0.05695813
0.19166213
0.34185470
-0.01628143
0.26303049
0.17822337
-0.00693091
0.01475886
0.38525824
0.01686337
0.34143162
-0.11136986
0.04644571
-0.01986858
-0.37075579
-0.08188375
-0.00833572
0.01023762
-0.23226113
0.19464849
-0.38281086
-0.19237344
-0.32745781
-0.07499939
-0.27810815
-0.52596979
-0.01241099
-0.32097187
-0.02381744
-0.49439064
-0.13289426
-0.07026953
-0.12047331
0.01001222
-0.43128894
-0.01216958
-0.21190897
-0.29736617
0.23798605
-0.14534604
-0.01063585
-0.16614483
0.38163808
0.15442058
0.05172940
0.04621295
0.14822250
0.30220498
0.51038543
-0.06624893
0.21257728
0.06099008
0.06089283
0.48776413
0.14920206
0.16782593
-0.01023946
0.40801829
0.25110907
0.12969697
0.39603422
0.43242031
0.04521722
-0.10790235
0.05955876
-0.20427030
0.13269246
0.11279401
0.33806503
-0.02826012
-0.04456240
-0.22883924
-0.33179433
0.29212598
-0.27522362
-0.30841951
-0.13850110
-0.34905910
-0.06136681
0.14485812
-0.06321683
0.11787544
-0.13631734
-0.05221289
-0.06420337
-0.18638556
0.02039427
0.00442377
-0.06221451
-0.03072388
0.00325593
-0.06670307
0.03732031
0.07157606
0.06577233
0.08268757
-0.02927081
-0.09265977
0.20060657
-0.11853735
0.04109967
0.29024116
0.09060821
0.03876838
0.00295172
-0.17308072
-0.15956244
-0.16848575
-0.06493039
-0.00103423
0.10548103
0.08445703
0.28342003
-0.09479799
0.08444488
-0.05063035
0.20736668
0.04930233
-0.02029533
-0.01327302
-0.28837827
0.44086396
0.07114914
0.34907061
-0.11165602
-0.14627954
-0.11458505
-0.12557137
-0.04103361
0.26907315
0.01769469
-0.31846299
-0.03005034
0.07566491
-0.03493993
-0.15020206
0.15931425
-0.11630097
-0.22414552
0.35528520
-0.33265853
-0.06227980
0.42229217
0.41869868
-0.05196715
0.04461718
0.23082256
-0.16378065
-0.08389729
-0.14217300
0.22580709
-0.00556344
-0.22807343
-0.14192826
0.05912473
0.10671953
0.10077029
0.03042509
-0.03723318
0.00898939
0.14686588
0.27691844
0.02031272
0.05162549
0.22879733
-0.13093199
0.09895030
-0.20390693
0.18422847
-0.32879530
0.22206110
-0.15379206
0.06604129
0.09041668
0.23322720
0.37397226
-0.00387421
-0.17556049
-0.11532026
-0.09906142
-0.02388526
-0.10233412
-0.33948820
0.04529595
0.03668249
0.03353226
0.31572300
0.02231353
-0.17962595
0.07433691
0.20518236
0.25835578
-0.01576411
0.27293759
0.07274953
-0.00292698
0.19064329
-0.15920387
0.11529634
0.15611290
-0.15994473
0.08113836
-0.21343916
-0.06604014
-0.26009506
-0.30010529
0.07333510
-0.01158063
0.09596277
0.03539222
0.28323924
-0.07034306
0.05317162
-0.03703498
-0.02825504
0.21561063
0.15539691
-0.05622742
0.30218851
-0.05559877
0.01185705
0.14023630
-0.07451576
-0.19145766
-0.03079644
-0.22750878
0.21851480
-0.01228111
-0.01227849
-0.03561813
0.06941022
-0.03718543
0.14492779
-0.14257716
-0.01327901
-0.11269352
0.41108581
0.06244179
-0.08499806
-0.05308686
-0.06021177
-0.39859167
0.09636503
0.13430595
-0.27082985
0.16308692
0.01510150
-0.23826257
-0.06181529
0.06602226
-0.23533850
-0.43437765
-0.07321434
0.29491712
-0.15615764
0.02695367
0.02966705
0.07588942
-0.09372704
0.20521671
0.13446907
-0.01778399
0.05172272
0.20668167
-0.16379491
-0.01990942
-0.10200784
0.03377711
-0.16329749
0.23317967
0.07518473
0.20483949
-0.06956467
0.34528526
-0.10241551
-0.17696625
0.01970280
-0.03110533
-0.14998912
-0.03105590
0.14119391
-0.04688506
0.12334531
-0.16254923
-0.01558496
-0.00296291
-0.16382860
-0.18432138
0.29783584
0.07661505
-0.02895139
-0.15082906
-0.09178078
-0.11082442
0.31990653
-0.04023506
-0.00856350
0.07052205
0.02328674
0.05194967
-0.01701437
0.00212276
0.10427191
0.17546095
0.24375926
0.22349630
0.30085196
-0.08977571
0.09265719
-0.03630899
-0.43512461
0.07172044
-0.14562106
0.13638973
0.06293233
0.18864794
-0.14880255
-0.10702740
-0.06771592
-0.01922470
0.00802499
0.16826593
-0.20212176
0.12054958
0.12847417
-0.14287607
-0.14336528
0.16920884
0.15543217
-0.31552481
-0.12480124
0.24192673
0.02471282
-0.05750822
0.21431682
0.11601060
0.01440031
-0.32333756
0.07493131
0.02730540
0.07185563
-0.19602622
-0.16904573
0.05846873
-0.03547998
0.01850184
-0.07757427
-0.02644668
0.01744219
0.08673035
0.27961119
-0.16427520
-0.11288349
-0.10616086
-0.06818127
0.00799080
0.17749369
0.17452173
-0.16927431
0.11128009
-0.18142381
0.42406480
0.19699532
-0.10532859
-0.16728404
-0.13588498
-0.12920359
-0.05107548
0.04810862
0.10644668
-0.10305940
0.08481774
-0.27765241
-0.07251328
-0.12073928
0.16930900
-0.08081650
-0.08748081
0.04128410
0.09126833
-0.08544737
-0.28079720
-0.29601664
0.04221519
-0.16925910
0.25688567
-0.08120136
0.12682829
-0.18183952
-0.23679168
0.33526054
0.04914087
0.14196291
0.01504285
-0.13129691
-0.07975263
0.29780159
0.14110535
0.03001463
0.03015879
0.00861925
-0.07538130
0.07153711
-0.01743564
0.33534113
-0.36662119
0.19790757
0.07039067
0.06521365
0.13555594
0.05379699
0.12015265
0.03439165
0.19991055
-0.27963843
-0.21605827
-0.34760478
-0.19753198
0.09518977
-0.16146351
-0.11688956
-0.05343824
0.25135013
-0.02540958
0.00009240
-0.17999246
-0.07187882
0.06543996
0.03473815
0.05563473
-0.10526032
0.10544229
-0.05316651
-0.03991107
-0.07758820
0.00908886
-0.11090206
-0.21420159
-0.35371689
0.11444741
-0.28891391
-0.34348344
-0.03488146
0.27933861
-0.22475188
0.30620263
-0.35509259
0.22820550
0.04905061
0.06958280
0.15053906
0.17985264
0.42690718
-0.15366406
0.45446236
-0.20156164
0.01919080
-0.02747391
-0.03622220
0.01455752
-0.07371827
0.06253092
0.07751583
0.20935385
0.12626016
-0.23201858
-0.01980927
-0.03094504
0.05176470
0.04356724
-0.01367230
-0.12009297
0.11353294
0.29215521
0.24545676
-0.07430100
0.06290685
-0.15495212
-0.31220713
-0.19301708
0.18171855
0.27875471
0.08956172
0.39174336
0.07934147
0.12728504
-0.26183810
0.21557684
0.01020863
0.00238727
0.19863161
-0.02161296
-0.06131914
0.12863723
0.15693298
-0.10868393
-0.10119420
0.01450580
-0.15976654
-0.05531561
-0.13613189
-0.09230802
0.21498719
-0.25963929
0.05531160
0.39695546
-0.06907486
-0.00716154
-0.06116285
-0.04068201
0.23813468
0.18427536
-0.30089519
0.17430548
0.03293206
-0.09414361
0.12728376
-0.02771098
-0.18513641
0.07411482
-0.01383803
-0.04752077
0.11864184
-0.05336467
0.03703519
-0.30671994
-0.03016788
0.19753551
-0.01738963
0.05633236
-0.10118691
-0.08547901
0.17388231
-0.04544374
-0.06442818
-0.09991138
0.05221408
-0.02059880
-0.20117451
0.03105706
-0.11036071
0.45274210
-0.02403991
-0.17720856
0.04029891
0.07752436
0.14890007
-0.24493935
0.03802581
-0.04975795
0.30348691
0.29336500
0.08033749
0.02068552
-0.10263472
-0.00506829
0.00291325
0.13979160
0.01501731
0.23512599
0.16909633
0.02149818
0.10102714
-0.11588504
-0.16166064
-0.15079199
-0.35083244
0.09748010
-0.10124967
0.04729927
-0.27522723
-0.40103788
-0.02765438
0.00428170
-0.10154285
0.28113846
0.12906807
-0.06008022
-0.08703880
-0.18887962
-0.05716010
-0.06134524
-0.25278369
0.07847377
0.27797920
-0.14105977
0.04382568
-0.16568121
-0.15010223
-0.41093278
-0.07925572
0.00069509
-0.02641345
-0.17941845
-0.07300804
-0.03147985
0.15313611
0.04929537
-0.22049733
0.05832028
0.03785746
0.01947137
-0.19720091
-0.13286874
0.24985709
0.32959685
0.03961817
-0.02432922
0.00101605
0.20940062
-0.07003372
-0.16324490
-0.02443796
-0.12351983
-0.46191379
-0.40740772
-0.02562810
-0.17325352
-0.27386817
-0.22234154
0.11956862
-0.04968360
-0.11715369
-0.13530997
-0.05314508
0.14192346
-0.22640263
-0.13499962
0.01936044
-0.02014625
-0.09548764
-0.15324118
-0.14451590
-0.12378366
-0.24227157
0.02277657
-0.00262215
-0.09899865
0.06584018
0.04239264
-0.35315318
-0.04626562
0.20895822
0.20404525
-0.05190122
0.16468283
-0.09563694
0.16080017
0.04347433
0.16483947
-0.04654823
0.00560333
0.28251762
0.10616798
-0.19579046
-0.06702528
-0.11413476
-0.00411103
0.11544330
0.22700103
0.05467762
-0.02420367
0.17588287
-0.13627300
0.23955704
0.04692858
-0.00883898
-0.06365642
0.28938264
0.09588837
0.02463048
0.20262322
-0.10326653
0.05221360
-0.12134555
0.33233423
-0.12676292
0.00820309
-0.05944663
-0.07731415
-0.02388100
-0.04846554
-0.08924358
-0.36642744
-0.01606045
-0.17446656
-0.20612683
0.06099839
-0.05295427
-0.01664992
-0.14255564
0.07548775
0.38557658
-0.04553286
0.24025779
0.04160666
-0.31259638
-0.15309673
-0.16829471
-0.07277834
0.20836609
-0.15413717
0.23757634
-0.01104819
0.00310172
-0.00801003
-0.28958557
-0.05641693
-0.27914541
-0.32875629
-0.21956620
0.21789286
0.05226799
0.21917062
-0.18206055
-0.07328961
-0.14560690
-0.14900355
0.01748344
-0.27616523
-0.00584401
0.05343032
0.16292997
0.10537125
-0.00922571
-0.14600351
-0.06477831
-0.21161625
