0.40853413
-0.02655816
-0.05616539
-0.22722136
-0.12240364
0.18807787
0.03998452
0.15388934
0.00172082
0.07546301
-0.06116773
0.19705535
0.04144364
-0.35875106
-0.31552902
-0.52606996
-0.25379715
0.03628692
0.11789926
-0.23921327
-0.16961156
0.24425324
0.18473033
-0.14937956
0.07282104
0.23295197
0.43871110
0.08444751
-0.24518844
0.12541847
-0.06850946
-0.05554617
0.25260408
-0.25120194
0.07180815
0.15194267
0.01372403
0.08573302
0.42180891
-0.34188291
0.14668827
-0.05348948
0.12421785
0.08430618
-0.02500401
0.09956970
-0.14170242
-0.18982942
-0.17278296
-0.15142930
-0.23158427
-0.01020500
-0.03763520
-0.13939785
0.60388011
-0.25662225
0.34501121
0.30920998
0.12315018
-0.46715115
0.14115631
0.09551094
-0.07362242
-0.16152661
-0.15285428
-0.37130220
-0.15402499
0.11152677
-0.07774700
0.27530861
0.07025721
-0.20754533
0.04370946
-0.14842238
-0.04750727
0.24040416
0.05526481
-0.22489383
0.34154657
0.43533210
-0.14272671
-0.07653224
0.04684990
-0.00561934
-0.07032474
-0.05206905
0.29094432
0.36259829
-0.25010449
-0.19982251
0.07869658
0.01647560
-0.26645245
-0.06776089
-0.05466104
-0.12670417
0.16135995
0.03501497
-0.28131616
-0.01648538
-0.14082067
-0.37415729
0.22476409
-0.24133107
-0.05210375
-0.26965632
0.22284568
0.29781995
0.32049386
-0.00247093
0.11530322
0.11175437
-0.01434321
-0.05661277
0.02419970
0.07902523
0.00969091
-0.31271275
-0.16573567
-0.08276532
-0.08625082
0.43626052
0.10798150
-0.13500737
0.20038759
0.45655715
-0.17565658
-0.36449433
0.21702271
0.17341779
-0.26396490
0.00095271
0.08689962
-0.12773897
-0.04109199
0.17809449
0.17444746
0.43234409
-0.05000059
0.07593627
0.06913310
-0.23139041
-0.01285792
0.34637375
-0.04836854
-0.33473995
-0.09833883
0.03307735
-0.52196160
-0.06537505
-0.00942108
-0.14449796
0.25074243
0.20292537
-0.14363694
0.22098966
-0.18704835
-0.10977449
-0.34582483
0.22472042
0.01484664
-0.07976228
-0.04749557
0.23628234
-0.22242979
-0.42301974
-0.11681552
-0.00748372
-0.22545952
-0.12747243
-0.08666920
0.13783514
-0.05476257
0.17091394
-0.31260280
0.12301867
0.01991859
0.08101490
0.19747447
0.28353350
-0.02270760
-0.05856727
-0.09695130
-0.40518828
0.17292672
-0.00986738
-0.32799380
0.09487853
0.34839117
-0.07993348
0.08511624
-0.30199066
-0.22117724
0.33360007
-0.03201282
-0.04432148
0.19514334
0.19504726
0.11482062
-0.02442836
-0.26391116
-0.12691851
0.32585901
-0.34368147
0.16856260
0.23834512
-0.47233718
0.18519252
0.21081734
0.09431962
-0.22481444
-0.08586512
-0.56007288
0.09313596
0.34329562
-0.15336153
0.33140801
-0.01830319
0.16877953
0.23102372
0.36781038
-0.18264216
-0.10136466
0.20379716
-0.27384329
0.05628990
0.04148655
0.03023202
-0.17519293
-0.04796030
-0.22949272
0.29291571
0.17739890
0.01457088
0.09384369
0.00251125
-0.19865932
0.15532922
0.00649714
-0.30548852
0.12668198
0.13303525
-0.16951131
-0.48371164
0.17051035
0.17834017
-0.01942497
-0.02233677
-0.48236549
-0.13127727
0.22935828
-0.10922141
-0.01098281
-0.08251666
0.13536550
0.24682143
-0.07597797
0.16353662
0.12627450
0.06976922
0.15659348
0.22274375
-0.13538248
-0.29061665
0.12740283
-0.07184926
-0.00798904
0.04832871
0.07758265
-0.14117652
-0.06487352
-0.12026274
-0.15266006
-0.20445867
-0.38180656
-0.38011537
-0.21828794
-0.24483480
0.09185904
-0.18763104
-0.01003884
0.28797605
0.11516023
0.16916416
0.31593605
0.17668043
-0.06667807
0.01999574
-0.02022548
0.02310282
0.00358638
0.22871837
0.09434934
-0.50386188
0.08030401
-0.19538325
0.06022838
0.48844925
-0.31959107
0.32470847
0.21928429
-0.05498005
-0.39695252
0.02431919
-0.37690975
0.27954604
-0.01096940
-0.07765817
0.33637640
-0.50100238
-0.07495398
-0.00968334
0.13688711
-0.08670138
-0.11608797
-0.19144659
-0.26660189
0.19911183
-0.08875660
-0.12298195
-0.18010313
0.13835252
-0.10681719
0.00787104
0.01486067
-0.05254560
0.57812072
-0.09715083
0.12768158
0.01467751
-0.43674245
0.34049498
-0.04342406
-0.26418426
0.21910573
-0.06488650
-0.10248738
-0.14819778
-0.29025630
0.02489680
-0.17501326
-0.16483588
0.32335612
-0.13882213
0.01782870
0.01498570
-0.20866855
-0.03533374
-0.23487087
0.13032779
-0.11439823
0.26596558
-0.22899466
0.12612708
-0.04356534
0.18604621
-0.38497097
0.07020729
-0.03068944
-0.45304913
0.67992112
0.11321135
-0.15204118
-0.32621787
0.11465794
-0.05683966
-0.17000496
-0.17263619
-0.00977218
0.20916037
0.14654611
-0.44381566
0.08622389
-0.08430464
-0.10179332
0.41104294
0.12597923
0.44940673
-0.10693168
-0.19708507
0.12165369
-0.05750136
0.17208035
-0.14399011
0.42892630
0.06940410
-0.24461759
0.42922935
0.07490599
-0.24157985
0.26586964
-0.70216991
-0.27868791
-0.03243807
-0.08003621
-0.39228917
-0.15455173
-0.32593709
0.15172497
0.40005260
0.03494354
-0.49206096
-0.09888356
-0.12057564
0.07258533
-0.00452864
0.08506771
0.03273381
-0.05125451
-0.19857359
-0.13356997
0.28325342
0.31170401
-0.11768245
0.01448406
0.18084031
0.38026102
-0.14287049
0.04072992
-0.48121723
0.08875989
0.04522996
-0.11112234
-0.07389614
-0.18662235
-0.04283464
-0.21523842
-0.17917523
0.06521542
-0.07258084
0.19860906
0.01670756
-0.11502050
-0.05476372
-0.15465465
-0.18337569
-0.28775282
0.24925470
0.06944656
-0.00325694
-0.07457533
-0.17480489
0.57469907
-0.26283341
0.03211024
-0.18763968
-0.21594511
0.01095687
-0.04527456
0.19097679
0.02794262
0.06691273
-0.03743835
0.03916234
0.21774696
-0.11734184
0.11087321
0.12269209
-0.06529489
0.21972141
0.04725346
0.16547577
0.15640237
0.03697092
0.03882496
0.17293409
-0.15952614
0.18479480
0.03723806
-0.15321118
-0.06412074
0.13087680
0.25437157
-0.02186103
0.26954617
0.45516916
0.11169375
-0.09089102
0.03270395
0.35700776
0.37394703
0.58093902
0.27913095
0.04227201
-0.05210848
0.06132535
0.02019086
-0.10952012
-0.04560881
0.50370522
0.25723636
-0.40385099
-0.22136747
0.17962825
0.09611902
0.00066215
-0.08558759
-0.42769325
0.47428500
0.30899225
-0.27660499
-0.02190523
0.10492417
0.17612767
-0.19907128
-0.14100163
0.10491774
0.30677442
-0.40005979
0.03206507
-0.04217694
-0.14617391
-0.25660328
0.14920884
0.15817800
-0.09162704
0.22931362
0.12628617
-0.12232704
0.15161917
-0.17908702
-0.01322443
0.20329657
0.09662495
-0.00481893
-0.19221077
-0.05939358
0.15778629
0.19557381
-0.27412752
-0.02890510
0.15924863
0.21232448
0.27538785
-0.10506077
0.12789886
0.03211027
-0.07724404
0.05941511
0.02415134
-0.09063950
0.01416788
0.29653680
-0.20584507
-0.07418633
0.16021865
0.01411164
0.10107886
0.04858167
-0.46515899
0.05788025
-0.15590511
-0.15026371
-0.18102727
0.05260005
0.08668765
-0.00436599
0.12863386
0.53460350
-0.45571710
-0.35163320
0.33641427
0.11675613
-0.41192440
-0.25159752
-0.07169037
-0.10493661
-0.14441045
0.39449025
-0.43225348
-0.12079152
-0.17963008
0.03205822
0.07475810
0.06552938
-0.14694800
-0.04707525
0.03065034
0.19253572
0.01653610
-0.01773695
0.02506593
0.28409273
-0.30104438
0.03627778
0.01560224
-0.13150099
0.03906907
0.02534907
0.04181543
-0.51198467
-0.05001892
0.07107060
0.32359066
0.28778426
-0.53068303
-0.01062876
-0.40391434
0.16254493
-0.20411652
-0.30672149
0.05198754
0.26043634
0.06304407
-0.25211222
-0.45995065
-0.26298400
0.19341493
-0.09627117
0.30608998
0.36010875
-0.22823684
-0.03668572
-0.30481367
0.45655173
-0.18493223
-0.01987499
0.10972492
-0.14426064
0.29639430
-0.06821914
-0.53348584
0.05001648
0.18992788
-0.36477412
-0.08442620
-0.22477132
-0.24525632
0.05118525
0.24941365
0.41700623
0.17021477
-0.14963434
0.00961164
0.13584489
-0.16803570
-0.09498809
0.17610084
0.07924678
-0.49697706
-0.24185351
0.15392593
-0.13875495
-0.16840880
-0.14003254
-0.11936059
0.01592178
0.07082567
-0.03200286
-0.10914854
-0.09425527
-0.05044419
-0.26228523
-0.15377100
-0.14731552
0.57364178
-0.16287498
0.15826623
-0.15295691
-0.09255201
0.02288037
-0.27310287
-0.11220138
0.21259940
0.23873368
0.01009302
-0.09338592
-0.05966978
0.05941129
0.00049174
0.05189083
0.16355743
-0.18640807
0.51445151
-0.11833534
-0.23773364
0.07771795
0.22677529
-0.02161108
-0.15176640
0.21184593
-0.25978119
0.27288311
0.10232387
-0.28149531
0.07234313
-0.49572997
0.10279387
0.19516754
0.18113817
-0.20841667
-0.06592609
-0.07109985
0.58116679
-0.21617343
-0.01837635
-0.26506626
0.09873943
-0.04739536
0.24988103
0.09747012
-0.06865358
0.29414617
0.08104698
0.15002779
0.07357611
0.21387833
-0.21504549
0.03737357
-0.02020338
-0.08004692
-0.02689425
-0.06584659
-0.11578034
-0.19225372
-0.30075411
0.08410563
-0.00924276
-0.40320603
0.08165247
-0.02446362
0.30638612
-0.14348781
0.02573469
0.12644043
0.07643173
0.14118583
-0.55068911
-0.20346775
0.13013343
-0.20449218
0.01470871
0.02525806
-0.30100492
0.00847332
-0.43250306
0.51276247
-0.00221401
0.03182401
-0.15805101
-0.01653171
-0.26019461
0.40720910
-0.43411114
0.02616829
-0.35453575
-0.07544326
0.40242244
0.22474922
-0.05548977
-0.17536529
0.28017103
-0.48619931
-0.00954977
-0.03399152
-0.05215932
-0.23076684
-0.40094404
0.34074714
0.25502441
-0.30776174
-0.12379985
-0.07861307
0.16200104
-0.29867520
-0.13534029
-0.10529537
-0.19211136
-0.34475299
-0.57903643
-0.36867809
-0.35376073
0.13198520
0.10133534
0.47068873
-0.37221663
-0.27460458
-0.08765723
0.31866171
-0.34894615
0.06422219
-0.08920288
0.15973220
-0.13415324
0.00287805
-0.44966532
0.00972501
0.20647010
0.11895640
0.22247399
0.20441049
-0.17817209
-0.01709492
-0.07947387
-0.21511878
-0.05710903
-0.01331458
0.02378938
-0.06146798
-0.14544401
0.17560835
-0.06848196
0.41333733
-0.24000822
-0.21377236
0.05165427
0.12310199
0.02281322
0.34171068
-0.10050884
-0.23605564
-0.09022038
-0.09998731
-0.08349606
0.09665505
-0.59514299
0.13674757
-0.20035832
-0.43922841
0.33500301
0.41098998
0.31598338
-0.18346711
0.46948625
0.15800784
-0.06670159
-0.03611693
0.31614837
-0.28109659
-0.17058152
-0.09618214
0.42042510
-0.14493398
0.07737668
-0.01875144
-0.04488120
-0.26922988
-0.26003485
-0.21242355
-0.18504817
0.17548579
0.33274967
0.45071741
0.24317683
0.04092980
0.23457591
-0.23066191
-0.15328240
0.40874932
0.03744313
-0.31746630
-0.08327796
-0.16879963
-0.21106520
0.12007719
-0.23432607
0.03411963
0.29088242
-0.05447680
0.10614194
0.15880458
0.03136299
0.05429988
0.06817801
0.15561177
-0.36949686
-0.21221800
-0.06958370
0.20463734
0.31956505
-0.14012209
0.01840250
0.19506196
0.27436626
0.27669324
0.00812470
0.03440083
-0.15719769
0.17291537
-0.10646569
0.27575734
0.08431989
-0.06834017
0.42911574
-0.39128125
-0.14772718
-0.16783644
0.05460525
-0.17148121
0.16154160
-0.25726763
0.02540266
-0.07104310
0.17477679
0.11883864
0.11830956
-0.07080382
-0.29501010
0.14746966
0.04414724
-0.14626165
-0.00146830
0.25831278
0.40865761
-0.30035022
0.33744463
0.33414339
0.07985889
-0.03687227
0.18959763
0.11330764
0.48670107
-0.27300733
-0.00281064
0.20579572
-0.02706658
0.02849473
0.09214550
-0.06081591
0.30945629
0.00179333
0.14164593
-0.03645039
-0.12189887
0.10051933
0.15981495
-0.03648028
-0.23952455
0.29021381
-0.06953151
0.22596446
-0.03652124
0.40181611
-0.00505317
-0.23974300
-0.12816567
-0.17769111
0.08715945
-0.06761248
-0.17106122
0.00329787
-0.35717926
-0.25593188
-0.30847296
-0.43733220
-0.07502726
-0.08825386
0.19299995
0.11375364
-0.07825769
0.34685752
-0.15119758
-0.01260002
0.03738730
0.04053783
0.19243324
0.16576684
-0.07956677
0.16676267
0.34035506
0.14073645
0.24373430
0.02688690
0.19287788
0.30486238
0.43546169
0.14905753
0.15984540
0.08039985
-0.33566474
0.12020901
0.29056605
-0.05529355
-0.08153910
-0.47101746
0.00467559
-0.10794850
-0.11921822
0.14452365
-0.11151375
-0.30761057
-0.33891105
-0.63639259
-0.52348026
-0.23610725
-0.50695339
-0.21794778
-0.51761545
-0.39652958
-0.53962057
-0.51053297
-0.75448934
-0.58050297
-0.73029017
-0.41232099
-0.35336906
-0.49134669
-0.76617414
-0.62770157
0.01104619
-0.13641141
0.12667988
-0.00891016
-0.25045233
0.14379369
0.39588281
0.41748998
0.64812210
1.24594302
1.05585255
0.60545679
1.45792905
1.27104514
1.13707173
0.93330242
0.72352509
0.96346957
1.36713445
0.37654886
0.75303744
0.81782797
1.04022827
0.29317666
0.46435280
0.24958748
0.20029406
0.08459188
-0.30397266
0.36247704
-0.58696018
0.06865716
-0.55714965
-0.29513428
-0.40651393
-0.51108278
-0.67212022
-0.40064541
-0.40787727
-0.16726849
-0.62432354
-0.52849046
-0.59562051
-0.60702225
-0.47104979
0.05381406
-0.47755207
0.10139364
0.00156993
-0.45930025
-0.37159058
-0.34873751
0.03155004
-0.22967114
-0.14388108
-0.04545259
-0.07800870
0.19775893
0.09032622
-0.15836688
-0.10287077
0.17505101
0.32225338
-0.56175207
0.44714471
-0.17242413
0.05594697
0.57892593
0.03627363
0.31409150
0.05605513
0.07015714
-0.02488208
0.43024461
0.14453399
0.10847318
0.02046776
-0.02287602
-0.21395458
0.31714595
0.33000893
-0.03368256
-0.02772575
0.45795443
-0.46367616
0.06561164
0.08346324
-0.01579906
0.10254523
-0.27630509
-0.31694432
0.01567322
-0.04586190
0.18223564
0.03345076
0.34351763
-0.00839538
-0.04146782
0.21445092
0.05098383
-0.33934557
-0.01393751
0.05048244
0.23135706
-0.22673921
-0.05543184
0.46038946
-0.09920231
0.58284999
-0.20396295
-0.09877912
-0.09624825
-0.45512961
-0.22791911
-0.04339709
0.19809266
-0.21199905
0.05039180
0.20007367
-0.34244063
-0.07061462
-0.07151997
-0.14344454
-0.15405248
-0.26510373
-0.18399025
-0.19622728
-0.01658539
0.95998296
0.26207000
0.19442540
0.11535646
0.22404601
0.18343883
-0.41421287
0.10024940
-0.32050316
-0.13318430
0.06049122
-0.19526010
-0.48958742
0.06776539
-0.22614202
0.27021030
0.24288949
0.17643162
-0.41291401
-0.21039884
-0.13680590
-0.16915043
-0.31589284
-0.33144584
-0.04860244
-0.06097695
0.14772441
-0.06617452
0.19252848
-0.29807332
0.35198017
0.06304402
0.01507554
0.17324176
-0.03312124
-0.14671608
-0.28036582
-0.14800457
0.09861626
0.28903704
0.07731645
-0.35738749
0.10368713
0.04616548
0.24759025
0.14477184
0.19851741
-0.33908364
0.07004693
-0.17670965
0.33838898
0.14099647
0.28461400
-0.19140727
-0.16618449
-0.35018284
0.13556173
-0.19534041
-0.27730717
0.17131113
0.30339596
-0.00492290
-0.00881053
-0.30391282
0.26334286
0.19594522
-0.16455410
0.02455991
0.15503281
0.05483697
-0.02085164
0.04451201
0.16724887
-0.04361481
0.33534275
0.04892694
-0.02844549
0.17600598
0.24029954
0.31416366
0.25125856
0.07947386
0.58510373
0.29832363
0.08845041
-0.02939573
0.29244229
0.00445444
0.27217128
0.33676368
0.19783714
0.28911515
-0.20483794
0.26197091
-0.24205139
0.25189020
0.01533270
-0.07603744
-0.27248591
-0.24868912
-0.31132540
-0.50366359
-0.12403906
-0.19152678
0.05768722
0.20906661
-0.22176846
-0.43503648
-0.42431888
-0.39311627
-0.35628838
-0.18852967
-0.29258652
-0.19267388
-0.11043168
-0.15629281
0.13428402
0.25488690
-0.21229277
-0.00571170
0.12831950
0.18580931
0.46499515
0.17667107
0.09134573
0.06644061
0.02677178
0.18351714
0.20167508
0.15747184
0.35726034
0.03277873
-0.13394166
0.01221577
-0.17825996
-0.39991002
0.13660395
0.54857288
-0.13093590
0.00842432
-0.09352965
0.00588098
-0.30585205
0.15792102
-0.18714299
0.28223098
0.06223019
-0.18151111
0.06551207
0.09574759
0.19828081
0.25267599
0.03940434
0.14420829
0.19592758
-0.20538039
-0.18102593
-0.19145127
-0.37995519
-0.10140031
0.22592531
-0.20964923
-0.14877003
-0.10049298
-0.53386495
0.10150930
-0.10241725
0.11065533
0.23651817
-0.15863751
-0.33732633
-0.09927333
-0.06237687
0.24468540
0.01566887
0.12324982
0.20370668
0.01098274
-0.31019634
0.57102438
0.19525705
-0.31121504
0.20258976
-0.13662073
0.02260119
0.05246778
-0.17013740
-0.23579697
0.34698723
0.17798515
0.12622806
-0.24500666
0.35458871
0.00867333
0.68291852
0.26856663
-0.17267568
0.21308887
0.02057484
0.15190025
0.43781455
-0.17229865
-0.11298713
-0.08872553
0.08303697
0.15233272
0.33308779
-0.46730003
-0.30076563
0.13901620
0.10381683
0.18687368
-0.17062602
-0.27139661
0.06095373
-0.03734267
0.10332773
-0.29535459
0.23924078
-0.21818704
-0.06087423
-0.32038420
-0.25898867
-0.16923067
0.50148291
-0.18710184
0.02665260
-0.21416806
0.45855721
-0.04472261
0.23870369
-0.32073773
-0.10400489
-0.12203541
-0.27621515
-0.10402767
-0.18977066
0.51797027
0.10591592
0.28821966
-0.44682875
-0.27789805
0.01801301
-0.10017701
0.19671869
0.18980566
0.36027820
-0.33491062
-0.25855526
0.26281372
0.31326699
-0.17520743
-0.02907078
0.01932640
-0.16668376
-0.22294424
0.13318281
-0.19182397
-0.06179894
-0.00110388
0.06672143
0.21961488
-0.14130810
0.14075414
-0.32362646
0.16923304
0.31439981
-0.12242381
-0.08309417
-0.31055217
-0.12747568
-0.03792638
0.00077520
0.11066021
-0.19524496
0.09924979
-0.31669323
0.33581851
0.25395499
-0.27814260
0.09416942
0.02852287
0.41348652
-0.01956438
0.03359618
-0.00800180
-0.45760616
-0.28566012
-0.09005039
-0.07512170
-0.35147590
0.29180708
0.07541361
0.20420042
0.19805528
-0.15096523
0.05430875
0.04296759
0.10501112
0.58157152
0.35600770
-0.15455878
0.07144223
0.26883743
0.04601035
0.18792733
0.00524942
-0.05072426
-0.21053626
0.40265947
-0.31156686
-0.18592294
-0.06642660
-0.03754248
-0.17010639
-0.02423398
0.38708425
-0.37154538
0.00800610
0.01665838
0.01469078
0.37064214
-0.29326574
0.13240632
-0.02365883
0.01027917
-0.19046209
0.49765460
0.42888418
0.03904314
-0.04938691
-0.07611179
0.17852602
0.27948452
0.23813009
0.05968300
0.18176862
0.19765214
-0.16654139
-0.03623058
-0.01843161
-0.30022738
0.23265346
0.14391887
-0.15274550
0.13717668
-0.04061080
0.32784161
0.17084127
0.16512597
0.01976833
-0.22261514
0.15156445
0.19408074
0.00867719
-0.27913676
0.01862062
0.16811793
0.13835814
0.07116829
0.07103752
0.20829646
-0.15807640
-0.17236958
0.13122801
0.43129582
0.02312765
0.00956294
-0.11195473
0.26527889
-0.61809233
0.13396983
-0.19889480
-0.16268672
0.15505732
0.08321844
0.14297191
-0.60920449
0.00054572
-0.04484806
0.06375729
0.30851423
0.18420399
-0.44334443
-0.04626563
0.07405908
-0.25667583
-0.23258147
0.15941346
-0.32531077
-0.46616647
-0.51156294
-0.08644366
0.00298120
-0.20291944
0.04576310
-0.41571759
0.04725269
0.11963620
-0.14723343
0.51237570
0.15818970
0.01557289
-0.31655254
-0.19946682
0.32870173
-0.11771765
-0.12411239
0.19235849
-0.09510128
0.25309778
-0.02804702
0.01608449
-0.32303021
-0.36421531
-0.12099372
0.01574944
0.24276842
-0.16194004
0.13598086
-0.15321189
0.34049998
-0.13824127
-0.01856405
0.01604857
-0.19904748
0.06517880
-0.12621158
0.11074963
-0.10948396
-0.18478446
-0.42133030
0.38970774
0.04569535
0.12824300
0.33055300
-0.70683995
-0.24583905
0.04141441
-0.00677010
-0.00198176
0.31691520
-0.02200059
0.26046405
-0.14647367
0.18694110
0.42129037
-0.06339801
-0.06363666
-0.13315407
-0.01669909
-0.26548527
-0.06730793
-0.00977674
-0.05315545
0.08936374
0.10816375
-0.14181950
0.23776810
-0.03519311
0.07258276
0.31657866
0.08055618
0.02868892
0.02254054
-0.07256779
0.56177737
-0.13883565
-0.06992404
-0.02071771
0.27349239
-0.07946121
-0.10028977
-0.32186511
-0.04167973
0.01631875
-0.51742970
0.11121396
0.03724227
0.13617867
0.34355962
-0.33746830
0.02009555
-0.03306828
0.13020667
0.22664180
-0.21757054
0.42648318
-0.03072184
0.48608913
0.09472523
0.06932662
-0.08451206
-0.08178961
-0.34873767
0.23500076
0.19143168
0.17787336
0.02023531
-0.06784404
-0.11439934
-0.01738098
-0.21040516
-0.46700164
0.12025517
-0.24883575
0.21228690
0.26720129
0.14213338
0.01022029
-0.04012199
-0.08007541
0.18800164
-0.01124575
-0.50753433
-0.59361543
-0.02153883
0.00135929
0.16921685
0.35287946
0.02765614
-0.10682355
0.14309781
-0.08875519
0.39149432
-0.08198391
-0.13234411
0.14270767
0.21563942
-0.03580210
-0.34259307
-0.13736346
-0.02928913
0.33509147
-0.11276108
-0.02904056
0.19388609
0.06819037
-0.43129556
-0.00901293
-0.54997707
0.37896009
0.32080452
0.00092367
0.05310119
-0.12834966
-0.02789343
-0.11613764
0.06851069
-0.16463049
0.02687287
-0.18592759
0.11490285
-0.37930719
-0.14726130
-0.20953299
-0.06092191
-0.16817420
-0.53538320
0.30289489
0.19843622
-0.37618676
-0.15372705
-0.62095910
-0.44814407
0.29452180
-0.01493739
-0.24893267
0.03216759
-0.14445454
0.05821527
-0.17716724
-0.13587383
-0.15847146
-0.47617544
0.06424354
0.33938148
0.00874558
0.43318024
-0.04313168
0.16849498
0.01032139
0.15803474
-0.15178813
0.04811392
-0.08984557
0.04789587
0.23540233
-0.10121471
-0.14690266
-0.02180892
-0.45775729
-0.42858818
-0.15902550
0.07823063
-0.06219252
-0.03113803
-0.42727658
-0.34186481
0.55397444
-0.33852196
0.04909246
0.24230187
-0.08135558
0.01617769
0.44834810
-0.17465080
0.34867994
0.19709923
0.07742950
0.11931740
-0.07899060
-0.01988310
-0.57860150
0.08201094
0.09518763
-0.10942915
0.67568793
0.07141700
-0.35516490
-0.05793433
0.10436741
0.37889658
-0.41287968
0.03031047
0.40718051
-0.09734028
-0.12185881
0.22253963
-0.19833745
-0.06118432
0.13266171
-0.37086092
-0.16922404
-0.02063686
0.07383233
-0.06078511
0.22711859
0.31584785
-0.15912107
-0.07607389
0.06628766
0.19618036
-0.01806408
-0.21209006
0.28865640
-0.08127828
-0.22151028
0.35145671
0.01802692
0.24785317
0.02743057
-0.11519223
-0.19067977
-0.36856015
-0.03257481
-0.08254975
0.07206645
0.27126724
0.64373080
-0.10881783
-0.06812261
-0.10800868
0.10092888
0.15134131
-0.38948407
-0.32097101
-0.25334642
0.09196052
-0.23368304
0.00208477
0.17730366
-0.00566850
0.26613470
0.00379011
-0.13047688
-0.06812902
-0.23229031
0.36881198
0.13133671
-0.25290366
-0.24136285
-0.02086194
0.09518079
-0.39365075
0.27448552
-0.10390654
0.09156369
0.08832753
0.09849284
-0.12936702
0.09506176
0.13707148
-0.11932501
-0.02050851
-0.57983294
0.16198839
0.02363893
-0.09379207
-0.33114698
-0.02780202
-0.17137006
-0.08435178
0.11367860
-0.13360294
-0.09723533
-0.31045709
0.09821408
-0.35342065
0.16424335
0.20693851
-0.33373127
0.14630369
-0.25733563
0.01474979
0.14440505
-0.05980998
0.17572404
-0.22212720
0.00418484
0.12575681
0.24372502
-0.14646696
0.14364895
0.30893627
-0.13900419
-0.12622232
0.13592052
0.24621396
-0.13735888
-0.09062770
-0.32473656
0.45200156
-0.27460429
0.13319137
0.09306077
-0.06505438
0.08111364
-0.10340358
0.01029601
-0.43235195
-0.21968709
0.05345395
0.21850896
-0.02126237
-0.14702669
0.49865030
0.19336136
-0.19551887
0.16700093
-0.27500930
0.05058995
-0.17103364
-0.05370919
0.38555980
0.47232879
0.33716312
0.14822466
0.15668498
0.34038446
-0.46114051
-0.42362805
0.37344839
-0.12653170
0.14073447
-0.20453745
-0.03498926
-0.01746338
0.00783600
0.25355797
0.28338728
0.22065341
0.09182062
0.32099677
0.17272609
-0.04483943
0.22530086
-0.31227517
-0.35305756
0.34098509
-0.17328474
-0.40990931
0.15905426
0.17110964
0.24651429
0.07251432
0.37391349
0.20761927
0.16770336
0.16915005
-0.49096176
0.49514649
-0.08976850
0.10779808
0.32818080
0.64277623
-0.20988343
0.05843341
0.18421401
0.09160612
-0.20083094
-0.05888245
0.11495633
-0.01282432
0.00478988
-0.05033582
0.20753437
-0.01418802
-0.11120421
0.01526858
-0.01455925
-0.30747921
-0.00668406
-0.46614022
-0.25837845
-0.04478840
-0.02348250
-0.19909887
0.26069646
0.26787634
0.02144452
0.05951199
-0.07333799
-0.08816559
-0.06409577
-0.30056089
0.24983433
-0.39877971
-0.16777225
0.06368861
-0.28206147
0.01546999
0.14430685
-0.17806341
0.12289533
-0.03341615
-0.08220140
0.13131388
0.24367683
-0.13729226
-0.12533423
0.06119921
-0.07034573
0.39734698
-0.09002719
0.10478655
-0.34509603
-0.04050649
0.13506861
-0.20077428
0.08443606
-0.31782207
0.06363473
-0.22223368
0.07464960
-0.33396896
0.29485524
0.26150020
0.03276476
0.06185026
0.49940585
0.13933345
-0.25218092
0.27106478
-0.00948579
0.00653888
-0.36671481
-0.49292171
-0.03045792
0.13402156
-0.07291861
-0.12232025
-0.01512039
-0.39603707
