0.52823380
-0.25722000
-0.15986293
0.23196042
-0.29096045
-0.04487303
-0.40593808
0.37156172
0.26702166
0.09257146
-0.31398585
-0.09220490
0.24152475
0.63411888
-0.38837054
0.34625558
-0.21594031
0.15739106
-0.17357471
-0.21730576
0.33492569
-0.30107354
0.07863676
-0.16599304
-0.43593471
0.09733835
0.23408193
0.12843393
-0.31087915
0.00668279
-0.11507810
-0.53301246
-0.08642109
0.14787027
-0.88206663
-0.43658503
0.42973979
-0.18835639
-0.40495304
0.66732216
0.26446084
-0.15065172
-0.34491042
0.47591079
0.31728049
-0.09418608
0.37737085
-0.07010677
0.42612727
0.02151878
0.02532781
-0.32681801
-0.08176536
0.11571403
0.21064288
0.57474297
-0.25953788
0.19321246
-0.55780985
0.48144284
0.30159781
-0.84465540
0.11608462
-0.59182509
-0.56690566
0.44217767
0.12651882
-0.31655616
0.02553279
0.31296800
-0.10615609
0.53680245
0.45818245
-0.01736187
-0.58005187
0.20550036
0.47382381
0.26941316
-0.11866615
0.24421040
0.51390494
-0.33993043
-0.41422129
0.34976413
0.13637680
0.24868900
0.30436940
-0.44104823
0.01111345
0.51952100
0.58167170
-0.59881987
0.30756251
0.46545623
-0.27698949
0.44195856
-0.33319500
-0.37322955
0.15881141
-0.13115310
-0.27084674
0.11422549
0.08977947
0.30644422
0.11699717
0.10279209
1.25873713
-0.13587561
-0.39231469
-0.73960591
-0.22313648
-0.30386875
-0.02123824
-0.32060639
-0.26976596
0.03964680
-0.52884331
-0.02521258
-0.35647917
-0.07019718
0.26661280
-0.15692813
-0.28642239
0.25880186
0.06384826
0.22973446
-0.15268082
-0.08215907
0.05088125
0.09249984
-0.49388996
-0.20696381
-0.08340116
0.04857493
0.58626954
0.65668832
0.30371984
-0.10207550
0.09572396
0.11884183
0.50639455
0.08932740
-0.20984629
0.26022188
-0.41707729
0.08382426
0.37956953
0.02068062
-0.02770845
-0.38569081
0.51410038
0.68240307
-0.15217722
-0.57310177
0.26567699
-0.28146008
-0.23055155
0.33520712
-0.74172825
-0.42842434
0.04667047
-0.37458345
-0.28594463
-0.28337753
0.34196880
0.11446707
-0.49490207
0.09074028
-0.26655233
-0.46990533
-0.36754391
-0.13733086
-0.19482254
-0.22716445
0.09162734
0.17363453
0.06644745
-0.25105356
-0.28840004
0.11589315
0.21174298
-0.97172631
-0.21057505
0.01671389
-0.13177860
0.33860866
0.31770239
-0.37575093
0.47733977
-0.08829451
-0.52760115
-0.34627605
0.10916189
0.27999250
-0.05079646
-0.38493483
0.42787459
0.04601947
-0.16350745
-0.01600399
0.08136364
-0.02305588
-0.14988828
0.02092844
0.00078447
0.08029245
-0.06903565
0.01422273
-0.02285656
-0.34996411
0.11337808
0.18822367
-0.00069036
-0.65717203
0.46295361
0.21625741
0.16919078
0.09655070
-0.56779533
0.02009690
-0.33620457
0.06124979
0.72913613
-0.43555025
-0.27572348
-0.08632308
-0.75634335
0.03185946
0.34264059
0.25288856
-0.01743223
0.07703983
0.05363660
-0.00226707
0.59200061
0.50507053
0.13718376
0.18398742
0.71448128
-0.03685173
0.34082502
-0.24466036
0.45150825
-0.15847335
-0.12188390
0.01143408
0.09499120
-0.66644624
0.03732011
-0.08103094
-0.84440239
-0.15516598
0.15358826
-0.02913548
0.07361011
-0.46825484
0.18821707
0.47932364
0.38754200
-0.33163068
0.07232647
-0.66409259
0.08305663
0.14819516
0.09911567
-0.34824994
-0.14361946
-0.05005458
-0.26227997
-0.11761159
-0.15586291
-0.53671955
-0.45770289
-0.48658830
0.37310622
0.16883772
-0.59154044
-0.32383231
0.02483884
-0.42849446
0.32633818
-0.11501151
-0.42341406
0.04781808
-0.29943478
0.07399191
0.12932266
0.26277334
-0.32224136
-0.65519540
0.15047481
0.15672514
-0.56981550
-0.41265794
-0.04667629
0.33723322
0.08309708
0.00060809
0.22536688
-0.00306756
0.26564280
0.28715415
0.11195259
0.06995207
0.20665372
-0.27213540
0.02796026
-0.23392411
0.07635485
-0.18210311
0.04747565
-0.08387342
0.15417109
0.45359006
-0.16659898
0.31843762
-0.09466885
-0.18451697
0.53531590
0.31372125
-0.39623363
0.06287913
0.04492608
0.60101368
0.70775581
-0.30313203
-0.30442001
0.44133644
-0.21609783
0.00746436
-0.19689582
-0.07130608
-0.33882745
0.23372910
-0.19172074
0.50828404
-0.18244373
-0.51038536
0.07783003
-0.29708494
-0.02150002
-0.20900950
-0.41507461
0.33403538
0.54856964
0.04802051
-0.51861303
0.37306611
-0.04574774
-0.13967317
0.57815584
0.12407810
-0.36152680
-0.01247834
-0.13903837
-0.22495736
-0.37950633
0.18916418
-0.56087625
-0.07816544
-0.06329251
0.48631429
-0.28156567
0.57943030
-0.07299005
-0.09190365
-0.06546019
0.15303251
-0.14797390
0.02525569
0.21146991
-0.62391140
0.08163867
-0.43457575
0.16880138
-0.48038995
0.28094271
0.14956423
0.43038688
0.32897584
-0.30512442
0.07570430
0.42493210
0.16899732
-0.61027165
-1.31951435
-0.34787493
0.41062930
0.05081186
0.56846004
0.37314632
0.19221521
0.15658669
-0.16978398
0.23297725
0.31501462
0.18116631
0.17416138
0.10892087
-0.44819530
0.44929639
0.10879064
0.07830525
-0.05350613
-0.51207093
0.25466309
-0.12355488
-0.04764639
0.20777923
-0.11652195
0.70552987
0.26551406
-0.34066087
-0.58275363
-0.10944351
-0.27523665
-0.22080783
-0.21032333
0.15103700
0.19390035
-0.17460716
-0.76397416
-0.37094102
0.33428971
0.27542889
0.36230705
-0.13270731
-0.05435916
-0.14181836
0.36349216
-0.12602819
0.64113084
-0.24273278
0.06388247
-0.11675712
-0.00390620
-0.06488613
-0.20389328
-0.35677481
-0.26849881
-0.32885390
0.54653819
0.10237976
-0.21577086
0.86508630
-0.34782234
-0.11508711
-0.00009493
-0.08987187
-0.23745730
-0.83553866
-0.05809371
0.01787613
0.40810347
-0.27406681
-0.09682161
0.73269775
-0.70895130
0.20457453
0.14789528
-0.61625893
-0.35675871
0.30348304
0.38109400
0.07890947
0.03863154
0.32629280
1.08776716
0.33259976
0.23686060
0.58026903
-0.59070043
-0.08147631
0.06443055
0.53317259
-0.17840355
0.51904886
0.21154347
-0.34319650
0.12950604
-0.05785859
-0.32126890
0.23845523
0.43604629
-0.00637435
0.06171436
0.36487446
0.06449490
0.01322647
-0.06127322
-0.05439441
0.27447153
-0.16293078
0.15289941
0.41643149
0.13847417
-0.47187172
-0.23391258
0.45385206
-0.09064119
0.01371182
0.10921333
0.45406337
0.20446185
0.04195538
-0.00833342
0.46335064
0.04213087
-0.18954909
0.22523844
-0.30810252
0.40298222
-0.37758889
0.20534009
-0.79776273
0.18189685
-0.42686097
0.00218582
0.56765689
0.50499894
-0.38586953
-0.03993592
0.16254417
0.08573521
0.23056029
0.60979571
0.22664990
-0.13077053
0.16905785
-0.09043361
-0.15160827
-0.28868180
0.08662121
-0.07391136
-0.57916719
0.18035363
-0.15697601
0.26306666
0.68632115
0.10588885
0.26030038
0.02527910
-0.08837734
0.27121142
-0.05420129
-0.81157508
0.11451869
0.34164368
-0.63946312
-0.45882703
-0.19913992
-0.08467784
-0.00572313
-0.16122391
0.08652339
0.46924694
0.54898330
-0.20015664
0.27564930
-0.18969171
-0.31473631
-0.37982743
-0.45694209
0.19704245
-0.36566455
0.35199366
-0.10307738
0.56572387
-0.10753336
-0.15177770
-0.46230169
-0.49359982
-0.04301810
-0.05092593
-0.39241352
-0.53095628
0.65814523
-0.00220352
0.37588653
0.69874273
0.07753262
-1.12933072
0.06078971
-0.16972707
-0.25805536
0.15156922
-0.18010361
-0.02953884
-0.47937421
-0.37812272
-0.43715137
0.17053828
-0.20869641
0.22316727
-0.36810749
-0.44684971
0.03171023
-0.52592758
0.19582479
-0.20884623
-0.43660725
0.28040881
-0.50016091
-0.32572015
-0.36909268
-0.05533766
0.07350893
0.62570762
-0.13870881
-0.23095106
0.31736173
0.50163850
-0.36016733
0.10900190
0.63192403
0.10762175
-0.41918327
0.79169633
-0.40024206
-0.18713451
0.37261573
0.15509344
-0.39132683
-0.51856345
0.18512917
-0.45370460
0.51022249
-0.58489687
0.80226389
0.17573643
0.47633950
0.27772552
-0.69157090
0.33038161
-0.20360847
-0.60753581
-0.36157723
-0.54047782
0.03441381
0.10795343
0.30007317
0.03061314
-0.12254242
0.03192730
0.01201260
0.27519247
-0.12719740
-0.03697832
0.06070226
0.09083019
-0.43846460
-0.01188735
-0.43575087
0.07255369
0.26572594
-0.32317004
0.06675186
0.33313813
0.08101275
-0.34290303
-0.61797896
-0.06372379
0.04938990
0.22245013
-0.47614883
-0.21896584
0.10552243
-0.28010577
-0.68461113
0.41722140
0.70841152
0.33775043
0.24113742
0.01438360
-0.19416647
-0.09757291
-0.24353930
-0.16116298
0.39056973
0.52142688
0.49289548
-0.03902058
-0.17637864
-0.67339400
-0.25846126
-0.13587162
0.46265546
0.16919734
0.22945143
0.08059094
-0.25693466
-0.16376686
0.13283553
0.55652746
-0.13953290
0.56385269
0.37210714
0.26315831
0.58614723
-0.22468531
0.02532531
-0.07812083
0.44085963
-0.01721164
-0.12895620
-0.50175270
-0.21860335
-0.08458766
0.18468082
-0.52499373
-0.03514057
0.29939371
-0.67636925
-0.08084277
0.10150942
0.10940812
0.07747108
0.27592645
0.46556245
0.23170291
-0.05231195
0.61640361
-0.52779708
-0.13681370
0.25241402
0.14387685
0.11559534
-0.11317065
-0.45171003
-0.10160673
-0.18410185
0.05564797
0.35382022
0.18163464
-0.07132480
0.04265346
0.14714804
0.02914765
-0.04813005
0.26085540
0.25139375
-0.24026411
0.55074907
-0.21172851
0.55271720
-0.69653735
0.12534038
0.08739896
-0.71971658
0.29623319
0.05199297
-0.50184586
0.02085156
-0.06392084
-0.05906577
-0.60007697
-0.49406263
0.41429915
-0.09781635
-0.16262020
-0.12117201
-0.02818120
0.22341033
0.20772604
-0.29478405
0.26681858
-0.03946269
0.50020464
-0.03900307
-0.12514332
-0.29496767
0.36254804
0.54286065
-0.48335821
-0.27888732
0.34078304
-0.47156341
-0.59352616
0.34721404
0.60579891
-0.33510548
-0.53499977
-0.67171911
0.10377050
-0.23706740
-0.23521510
0.20484116
-0.30871193
-0.10025149
0.13782352
0.07051986
0.16228215
0.38326439
-0.21977368
0.52022758
0.07391431
0.02162176
-0.15114533
-0.03812184
-0.18341801
-0.47275848
0.18352110
0.29331030
0.56787374
-0.29672634
-0.01276532
-0.30411838
0.49255331
-0.21586643
0.45486360
0.10319104
0.34182078
0.48855184
0.10518105
-0.09374451
-0.75334083
0.34430205
0.46640602
0.46212394
0.46414931
-0.99394435
-0.20407521
-0.16600622
-0.42507894
0.06005166
-0.36863804
-0.68399605
0.24457932
0.46846485
0.53460500
0.05383072
0.47371569
0.08527605
0.36268218
-0.05257477
0.49781078
-0.08538881
-0.38011110
-0.26776413
-0.35164408
0.41989267
0.86515553
-0.25950046
0.60367554
0.64971076
-0.21822158
0.36329176
-0.01865155
0.21206139
-0.05988362
-0.25303533
-0.05233881
0.19701360
-0.90375508
-0.23869029
-0.23125360
0.15205640
0.08253037
0.58185795
-0.09597774
0.04599178
0.12721426
0.73692755
-0.00212697
-0.04335592
-0.05698395
0.14637402
0.34187170
-0.29604420
0.33761528
-0.30231802
0.32506813
0.29179053
-0.22899775
0.59545897
0.42567489
0.27664699
-0.51796290
0.47968457
0.64504768
0.64423635
0.80152736
-0.36056639
0.99042678
0.65760105
0.32497351
-0.50444319
0.89958019
-0.01316520
0.44025929
0.79122301
0.29929121
0.59930818
-0.31379326
-0.87138426
0.15288796
-0.53657553
-0.69552925
-0.62620647
-0.64961627
-1.06768974
-0.11819536
-0.72966460
-0.64188579
-1.16342894
-0.57439212
-0.99487225
-0.55112654
-1.35461780
-0.96302506
-0.29337953
-1.30736764
-1.14929431
-0.26267847
-0.60667537
0.22018657
0.21258322
0.52835173
0.44689007
0.76069339
0.59300672
1.06973020
1.54610851
1.41104775
1.21026693
1.86430589
1.45448378
1.94749845
1.09827775
1.62515729
1.56895511
0.81496347
0.74314194
0.79976851
0.89897650
1.02624961
0.69711089
0.33892660
-0.05680687
0.01966080
0.23482368
-0.28218060
-0.03000545
-0.52607994
-0.74533409
-0.47963708
-0.66939671
-0.85953111
-1.11779564
-1.25715093
-1.01277777
-0.94169274
-0.95848099
-1.12802598
-0.12724165
-0.95060021
-0.42831793
-0.12868911
0.28596612
-0.72914152
-0.12403086
-0.23201715
0.49088504
0.63893356
0.27761621
-0.06504772
-0.01555312
-0.40617408
-0.62519445
-0.03578306
0.79376139
0.39199393
-0.01447045
0.10674187
0.20943315
0.11378327
0.44996318
-0.09803588
0.34121208
0.07521561
0.13442678
-0.73984847
0.14267948
0.25727436
-0.23959019
-0.15138960
0.05856086
-0.00944201
-0.00932867
0.22361986
-0.13097011
-0.26686053
-0.00600143
0.13040879
-0.18760614
0.20759116
-0.55875799
0.21589677
-0.16679937
0.03531548
-0.06181267
-0.36663551
-0.11923479
-0.23053271
0.58837378
-0.09083038
-0.37720879
-1.08094641
0.20738903
0.39604760
0.11647316
0.19476869
-0.60906113
-0.08537356
0.01058440
0.04539075
-0.03586829
0.75646424
-0.20576259
0.09240115
-0.29403711
-0.12150573
0.44939288
-0.51870734
-0.06597079
-0.37679937
0.25932023
0.44272422
-0.39591750
-0.36625166
-0.61996829
0.18252072
0.27040471
-0.30276499
-0.26625732
-0.46747185
0.29750494
-0.52863969
-0.76502833
-0.71723084
0.21985908
0.39351721
0.20042344
0.15717957
-0.37702524
0.74854603
0.13593144
0.03935536
0.05989899
0.45631340
-0.31111988
0.11480297
-0.72291449
0.11607722
0.31255326
-0.24934411
0.61905374
-0.02685363
-0.12756966
0.30771461
-0.05401719
0.51974810
-0.15077674
-0.60365485
0.54332796
0.04233589
-0.29774994
-0.02020606
0.03340242
-0.28936573
0.04532519
-0.00575046
0.08180904
0.37805491
0.20589802
-0.65538613
-0.31644831
-0.57024766
0.53740393
-0.50067810
-0.07518077
-0.19803538
0.45873222
0.35560174
-0.02684864
-0.36627209
-0.19118305
-0.34623086
0.37547287
-0.31226236
0.31431361
0.56455845
0.43489493
0.26458101
0.10222511
0.11181604
0.36752017
0.25577526
0.42827428
0.43769289
0.19771768
0.34956075
0.18487291
-0.12377629
0.08083931
-0.23759725
-0.08632845
0.20059647
0.02340327
0.21533567
0.23070620
0.16272328
0.29500747
0.09298694
0.18470184
0.13500730
-0.51076698
0.14113483
-0.82987499
-0.45777292
-0.57190348
0.14298155
0.00455984
-0.15692823
-0.09153530
0.70310941
-0.16375795
0.50234929
0.08554746
-0.71353694
-0.10410031
0.14360741
0.08443257
0.17570403
-0.32120325
0.20243229
-0.03998366
-0.81035246
-0.50439241
-0.04720247
-0.15269429
0.17038716
-0.11251601
0.12068084
0.11190500
-0.13117070
-0.29210599
-0.13544703
-0.43859954
0.38514351
0.23044520
0.15899776
0.32376647
-0.08603611
-0.65951241
-0.08021992
-0.13243621
0.37231386
0.27997061
-0.08680047
0.02170464
-0.15335738
0.41770141
0.04965500
0.02148445
0.07013567
0.06207390
0.59960777
-0.57298981
-0.05948433
0.27371949
-0.01953036
0.17467309
0.18058434
-0.49355971
-0.10167939
0.21442539
-0.69662029
-0.08947169
0.08253143
-0.41559558
-0.31177667
-0.47421040
0.23646621
0.14893652
-0.42421930
-0.28304471
-0.06054259
0.85969101
-0.79457208
0.65973429
-0.28453209
0.13810909
-0.18454973
-0.15026858
0.05193955
0.87204755
0.71928729
0.22664984
0.18880814
-0.78289676
0.00141966
0.01052053
-0.01401727
0.01306808
0.28888052
0.30383843
0.76049366
0.01130270
-0.10404630
0.54450601
0.04646430
0.38288015
0.08625237
0.25903547
0.12023821
-0.20948640
-0.35807138
-0.22794375
-0.25586711
-0.51886234
0.31856462
0.01368181
-0.01213895
-0.14393048
-0.04083079
0.50957953
0.02440736
-0.40634430
0.26992566
-0.52154510
-0.73325513
-0.18206227
0.00492800
-0.55439469
0.26526744
-0.17339054
0.30371884
0.62393049
-0.20328699
0.45785005
0.08192816
-0.03250646
-0.46990489
-0.08687649
0.02666344
-0.10748236
-0.04640642
-0.34837814
0.29748022
-0.40500940
0.16252502
0.86885845
0.15320154
-0.80200343
-0.13121613
0.10641335
-0.33078441
-0.01363713
0.18140716
-0.39461358
-0.48422488
0.52141276
0.38519677
-0.17979065
0.18150474
-0.17133913
-0.08519109
0.22448543
-0.21653482
-0.17886681
-0.04212892
-0.08326989
-0.00599336
-0.42416319
0.28002938
0.13943752
-0.34328240
0.40280998
-0.09786609
0.04061591
-0.03270321
-0.16245104
-0.10746007
-0.55376020
0.25453751
-0.77766468
0.07565847
0.45761754
-0.05487671
-0.39097827
-0.05542945
-0.53680872
-0.49547702
0.16960773
0.23500184
0.14421115
0.13872949
-0.48833696
0.07192514
0.12238852
0.03856014
-0.20966658
0.31246485
0.21688056
-0.19449289
-0.30067343
-0.06076795
-0.24608866
0.58017239
-0.00841709
-0.21297320
0.07066268
-0.21705824
-0.67733100
-0.03060120
0.81583964
0.19577032
0.18788207
0.61272828
-0.78711154
0.10156276
-0.19280035
0.01082073
0.00888501
0.14062532
0.68811787
-0.15125487
-0.13574999
-0.37219942
0.03887355
0.02671401
0.12942076
-0.03986500
0.02362018
-0.34999308
-0.06175504
-0.13320182
-0.42673266
-0.22686737
-0.27460622
-0.19074519
0.15559341
-0.39467193
-0.24769997
0.01541094
-0.02063628
-0.53267358
-0.24441224
0.27567421
0.23106543
0.37813779
0.34859125
0.59548301
-0.05130963
0.05386577
0.80974599
-0.11345520
0.21010650
-0.30410617
-0.22243690
-0.13212172
0.31519512
-0.35086734
0.15437949
0.12030975
0.10415646
0.42380024
-0.21353801
-0.74176920
0.30899238
-0.23607284
0.03430288
-0.51676698
-0.10041651
0.22406946
-0.21053133
-0.26279419
-0.27135325
-0.09971027
0.30299856
0.21125817
0.09503723
-0.29106945
-0.20323657
0.61616545
0.09885163
-0.02740119
0.11658928
-0.34385956
0.05631682
0.22393904
-0.25826357
-0.55314003
0.34898839
0.01765971
0.38702254
-0.76696640
0.43430604
-0.47544816
-0.07919094
-0.59376350
-0.38620381
0.22202844
0.14135111
-0.09461203
0.49225415
0.60115404
0.88387832
0.49117051
-0.21420041
-0.08339066
0.49931398
0.20709766
0.57031764
-0.33005306
0.05213337
0.04972034
-0.17575983
0.17903757
0.53887176
-0.11065032
0.21336131
0.07513364
0.30948916
-0.00391777
0.13353793
-0.01904239
-0.29839637
-0.03694305
-0.11376408
-0.16181798
0.27364315
0.13700323
0.07791945
0.24606250
-0.13211808
-0.27602586
-0.34892671
0.26880697
-0.37992412
0.01628873
-0.04446180
-0.09248259
-0.28387180
-0.20677717
-0.04788263
-0.04505368
0.29117101
0.59205931
-0.24344754
-0.34834072
-0.34164925
0.11007701
0.49505045
-0.20640557
-0.28250108
0.05165433
-0.14961033
-0.43151593
-0.21365984
0.58644682
-0.23611236
0.07736836
0.25210250
-0.27229171
-0.24063514
-0.43264091
-0.12107417
0.29751594
0.12771757
-0.07310212
0.36310657
-0.14232279
-0.13595581
-0.28019696
0.24123329
0.45706757
0.60489081
0.10030760
-0.03603391
0.04100330
-0.52424664
-0.17534967
0.30413564
-0.14201612
-0.12093289
-0.62480186
0.30853436
-0.51993589
-0.26766708
-0.69294063
0.24308248
-0.07167863
0.15747199
0.65193756
-0.44008642
-0.03724147
0.11136239
-0.48476573
-0.42011277
0.41625023
0.19967408
-0.21768897
-0.06605061
-0.10067504
0.06354847
-0.24377735
0.41474100
-0.07027464
0.32817704
-0.17321365
0.29662737
-0.16689036
0.21355125
-0.21077949
-0.39903776
0.07071983
-0.44715366
-0.13933885
-0.28964097
0.70042750
0.12417354
-0.23216378
-0.10164609
0.10902475
-0.16300696
0.17117901
-0.35908080
0.33099756
-0.46132332
-0.34433755
-0.57720583
-0.04632599
0.02223160
0.33965698
0.23838863
-0.00826600
-0.18725590
-0.53210687
0.37715102
-0.53853798
0.87008596
-0.24758275
-0.38961374
0.31757002
0.49824225
0.54990493
0.27353244
-0.09324950
-0.13661705
-0.23134597
-0.36106413
0.01740335
0.96109354
-0.29095146
0.01213232
0.43565230
-0.31594836
0.02020275
-0.14882699
0.13106636
0.08714671
-0.19040932
0.76371913
-0.18644176
0.19505060
-0.57652954
0.30402480
-0.09617654
0.25974340
0.40125819
0.51055939
0.29487334
-0.07500283
0.13295001
-0.03001217
0.32465695
-0.73561420
-0.13572817
-0.31677452
0.41206502
-0.28375588
-0.11172373
-0.12223421
-0.01095781
0.60606252
-0.31054483
0.51499692
0.22461000
-0.35633108
0.35990277
-0.64411431
0.20938310
-0.43263687
0.55284220
-0.95667112
0.01110565
-0.07298875
-0.44388466
-0.14617014
-0.32848856
-0.10952673
-0.50580498
0.28934146
-0.56880314
0.18926187
0.27508009
-0.10896863
0.02765668
-0.13641734
-0.35070625
-0.20360730
0.37461120
0.10669951
-0.07314925
-0.58771078
0.10765039
-0.87773144
-0.11462378
-0.52264697
0.17156166
-0.53001112
-0.15833774
-0.12082551
-0.10635302
-0.38309485
0.17451917
0.42914115
-0.57675904
-0.30043177
-0.02582666
0.10162766
-0.09741827
0.25285454
-0.21730677
-0.17223747
0.22482610
0.01555291
0.67463694
-0.75045362
-0.10811838
0.38609248
-0.25429391
-0.40252450
0.59552284
0.08082593
-0.15911261
-0.28047271
-0.21401156
-0.00812427
-0.36632911
0.48396944
0.06744977
-0.61844506
0.00261247
0.05081660
-0.17472200
0.02373306
0.23149277
-0.03248643
0.48897065
0.09967591
-0.08523947
-0.49565977
0.22117461
-0.12568082
-0.27250517
0.53536333
-0.02815094
-0.10521460
0.02387490
0.47099535
0.48146467
0.63738721
-0.34484462
-0.02340260
0.13914057
0.44743192
-0.12316187
0.09911153
-0.21853896
-0.01949095
0.26877345
-0.05006570
0.12598345
0.21179863
-0.22459501
-0.03874450
0.02029154
-0.55593586
0.10721009
0.46051189
-0.03130612
-0.41643214
0.44666537
0.51738813
0.08834444
0.47304152
-0.00360336
-0.13701123
-0.15468835
-0.08893996
-0.41592675
0.35901317
0.31338723
-0.27771612
0.08714805
-0.11796188
0.32396433
-0.20894088
-0.11246466
0.17739225
-0.65599691
-0.17108059
-0.10421865
-0.42780722
0.19936479
0.17530434
0.08015823
-0.10716279
0.61594562
-0.17398926
0.08046456
-0.05860885
-0.08628827
-0.38391627
-0.51526185
-0.05310421
0.02787190
-0.31038425
0.16312121
0.38061469
-0.28001057
-0.11686721
0.42429098
-0.31250690
0.03634060
-0.66842542
-0.13617904
-0.25574082
-0.05111739
0.30979540
0.15204681
0.32992883
0.48816940
0.05666681
-0.48372958
0.26134196
-0.13992276
-0.21720572
-0.49115859
-0.81205241
-0.42072027
-0.24221129
-0.28890152
-0.14557633
0.31706502
-0.25847165
-0.01210161
-0.37252883
0.44740448
-0.40680549
0.25328944
0.12438781
-0.17549560
0.15778739
0.37075113
0.28861189
-0.20415428
0.33565819
-0.10342475
-0.49746569
0.00588113
0.21108081
0.11479940
-0.27060830
-0.08440648
-0.54038134
0.32284933
-0.43118911
-0.20708409
-0.38828543
0.23621283
-0.10180045
-0.32125836
-0.79507498
0.13609542
-0.19017026
-0.29191509
-0.43278895
0.25572280
0.02528504
0.22843345
-1.00595081
0.02868443
0.00668659
-0.70275854
0.43648747
0.35512279
-0.54863886
-0.35995165
0.28199114
-0.04484846
0.34585205
0.10185659
-0.05771561
-0.09813870
0.19522490
0.69353995
-0.20561020
-0.03988765
0.47474458
-0.12262428
-0.41996148
0.09127882
0.37653346
0.04838882
0.01058117
0.09207277
0.13717584
-0.34451402
-0.19807586
-0.11529871
-0.10550321
-0.40177857
0.37412690
-0.20032549
0.47342489
0.43349027
-0.12726520
-0.03092969
-0.02456104
-0.11381918
0.44213774
0.30782370
0.01360686
0.21048163
0.50808698
-0.00242656
-0.46236211
0.23039733
0.55069277
-0.56777199
-0.06824909
0.51240429
-0.24509384
-0.13250396
0.21146784
-0.26497701
0.08008923
-0.44151156
-0.02202796
0.09617219
-0.07557054
0.11849109
0.16488669
-0.78177533
-0.42989849
-0.23961818
0.49978036
0.05224815
-0.18661553
-0.05471056
0.79062548
-0.63401307
0.57433126
1.00290010
-0.16630661
0.16562397
-0.59336822
-0.49473291
-0.11372671
-0.43745234
0.05136393
0.19347729
0.00128625
-0.00599110
0.23005784
0.19301096
0.01532961
-0.06383698
0.18521060
0.19642157
-0.53605800
0.04799055
-0.05762355
-0.64133979
0.58530570
-0.15020309
-0.43140394
-0.37323475
-0.37008359
0.54870616
-0.39371019
0.02635385
0.19319582
-0.35514887
0.60003101
-0.09471582
0.13210826
-0.33694233
0.03539720
-0.23731887
0.17676063
-0.10723248
-0.16822857
0.34802030
-0.04118676
-0.15357705
0.06672875
0.64161501
-0.10740306
0.01052809
0.01927501
-0.34140422
-0.37171728
-0.63387146
0.36341050
0.11977736
0.10793410
0.18679592
0.09814143
-0.35632739
0.57875297
0.49743047
0.11026176
-0.41362809
0.20448961
0.33557883
-0.28823945
0.06375543
0.34095933
0.01092975
0.57686474
-0.18551054
0.06205984
0.49823473
-0.41781288
-0.03339967
-0.09634198
-0.01813119
-0.35052370
0.55398007
0.17599346
0.21126640
0.14035986
0.39641275
0.00706858
-0.16072359
0.28210506
-0.18668312
0.41186921
0.12925689
0.58339432
-0.05797552
-0.43401683
-0.26686487
-0.05919433
0.06019769
0.10094892
0.90983794
0.62884883
-0.47050376
0.14720512
-0.61570505
-0.07647751
0.14067263
-0.23311901
0.02990593
0.24035433
0.18500346
0.30989745
0.12524086
0.25645171
-0.22781005
-0.18051872
0.50689806
-0.44467948
0.06553260
-0.42162216
0.12268651
-0.37846565
-0.21392921
-0.50209290
0.34193912
0.16709711
-0.88748330
0.13075593
-0.02171090
-0.60011191
0.47630129
-0.30729406
0.26489654
-0.14875478
0.25327343
-0.01624399
0.19532564
0.76240983
0.25598900
-0.17813477
