0.05721148
-0.02802540
-0.15701452
-0.32825334
-0.13881839
0.11083478
0.39608157
-0.36912132
0.14974385
0.08383867
-0.23529554
-0.05904299
-0.25415700
0.07198569
-0.07994436
-0.06596477
-0.32823434
-0.19585995
0.42348323
-0.30011695
0.15505735
-0.07172373
0.23399353
-0.09056109
0.06390811
-0.37606784
0.09149491
0.29480469
0.13783803
-0.04743764
-0.10676569
-0.19749894
-0.14398870
-0.05358453
-0.38173500
0.27198006
0.07425208
-0.19295019
-0.05176876
-0.20720134
-0.05968520
-0.09548473
0.02653094
0.26269437
-0.19792248
-0.09387134
0.26207660
0.24905242
0.20795176
0.01129784
0.21290602
-0.00041345
0.44411567
-0.23437196
-0.16441173
0.11895605
0.09994161
-0.34771932
0.09835973
0.06412612
0.12145559
0.47804116
-0.20673328
-0.21271983
0.05360068
-0.35193727
0.08892351
-0.00590848
-0.18030354
-0.25678572
-0.06866000
0.05406859
0.04224366
0.26115039
-0.12839322
0.28305671
-0.40454430
-0.10907039
0.25494444
-0.16149969
-0.32850397
-0.01281874
-0.03161386
0.18850081
-0.01302306
-0.27457033
0.31159576
0.02782994
-0.16445967
0.21030772
0.25920312
-0.21797369
-0.02941152
-0.08947907
0.14785732
0.06799357
-0.22425556
-0.13234902
0.18658622
-0.06850268
0.13109108
-0.09910380
-0.37479706
-0.21553999
0.10586295
0.03716326
-0.12363362
0.08325526
0.41810522
-0.15965222
0.17894499
0.02086772
0.36353352
-0.35356298
0.16328695
0.02659977
0.05811987
-0.00906917
-0.38832025
-0.29495143
-0.05597134
0.25338662
-0.15547269
-0.11813547
-0.17514842
-0.06250922
0.22355773
0.12609400
0.26141533
0.12284670
-0.05701166
-0.15802038
-0.30702281
0.12314210
0.31570358
-0.12847089
0.02912550
-0.13988415
-0.10639172
-0.28730105
-0.07517878
0.32153676
0.30755052
-0.16783730
-0.29719598
-0.31347195
0.08111815
-0.01608276
-0.48980184
0.07706927
0.07894487
-0.17219992
-0.31571060
-0.21298664
-0.16102521
-0.19934887
0.11804736
-0.07385577
0.18696947
-0.02114124
-0.07911004
-0.25012529
-0.15241006
0.61959776
-0.34458042
-0.15888483
0.26314111
-0.06133775
-0.13624984
0.17569624
0.09382246
-0.13129888
0.02288595
0.00207582
-0.13452060
0.19673148
-0.01369059
-0.10043441
-0.35453030
-0.07630010
0.18332680
0.27229320
-0.35435392
0.09588643
-0.18976412
-0.28641239
0.03769249
0.12165982
-0.35648064
0.28081146
-0.15975131
-0.34158420
-0.29405727
0.02208378
-0.38548832
0.03953978
0.00491736
-0.18991648
-0.27411118
-0.23475862
0.18567391
-0.24992769
0.34184632
0.03729590
0.31653330
0.08370006
-0.48820799
0.25413064
0.07308492
0.08141656
0.07752197
-0.40677726
-0.07267216
0.36394214
-0.08534181
-0.60043535
0.26882869
-0.10168742
0.12587685
-0.27845946
0.03429395
-0.37759756
-0.07429129
-0.17229838
-0.12382569
0.11408812
0.01526848
-0.24507816
0.15225290
-0.07480999
0.24909979
-0.17572852
0.01989248
0.11948805
0.03608690
0.52499681
-0.05535772
-0.10811201
0.19325995
-0.00789140
-0.21781138
-0.02081765
0.00381836
0.03414593
-0.09571214
0.46944008
-0.04650658
-0.04569468
-0.76281526
-0.25447052
0.08844196
-0.49831359
0.21071365
0.04801928
0.12912793
-0.02963670
-0.17519929
0.20444589
-0.35800004
-0.14234177
-0.17049316
-0.04410466
-0.16726208
0.17785512
-0.44110733
0.11136722
0.00592361
0.04090452
0.38267729
-0.33843878
-0.15506781
-0.19898299
-0.04381545
0.45411547
-0.00777700
-0.37371135
0.27137674
-0.16673315
0.19509687
0.59747117
0.08447991
-0.00747238
-0.02609516
-0.14575578
0.09027556
-0.06822672
-0.21273133
0.07836919
-0.22560804
-0.16576165
-0.12962976
0.29553289
-0.47512156
0.19078312
-0.11738366
0.14111920
-0.26601047
0.39630501
-0.26939191
-0.22343113
-0.24110428
-0.08206536
-0.22391670
0.01274458
-0.17312656
-0.07882646
-0.10950051
0.07797913
-0.08991313
0.41991345
-0.26672331
0.18190901
0.03543029
-0.10114419
-0.12275536
-0.14436837
-0.14405571
0.24461245
0.04261443
0.15477441
-0.22076066
0.37542089
0.09866586
0.10748913
0.21191559
-0.38139887
0.00554550
0.29737876
-0.54400942
0.33698952
-0.00379126
-0.39850635
-0.10348791
-0.08154955
0.29083074
-0.12342870
-0.08153415
0.16346659
-0.61319963
-0.19492171
0.06320119
0.40846025
0.30982917
-0.09851430
0.17356947
-0.02391182
0.18734727
-0.00496089
-0.14015885
-0.06069592
0.04723087
-0.02042106
-0.23695700
-0.18996424
0.39379840
-0.26684346
0.00381252
0.08253328
0.05054663
-0.10538037
0.07142796
0.15149600
-0.21919944
-0.11811366
-0.10967408
-0.39217675
-0.19329649
0.15304295
0.35197733
0.22339269
0.03394716
-0.08904369
0.36551152
0.13356874
0.24505530
-0.05169599
0.11814615
-0.19862461
-0.21339869
-0.03514929
-0.23874586
0.01321023
-0.38721213
0.07719495
0.06381147
-0.13169776
-0.19893129
-0.22234424
0.07003198
-0.34836495
-0.03241505
0.08364876
0.19265934
-0.17955848
0.17714363
0.42396869
0.07641439
-0.05506304
0.26828933
-0.12358156
-0.09876681
0.18968918
-0.15677633
-0.15525416
-0.21378085
0.00780009
0.17695487
-0.12380511
0.22859885
0.31112677
-0.04872990
-0.29770428
-0.24587306
0.17935130
0.03747399
0.04494241
-0.03100075
0.13182995
0.44398070
0.61282307
0.19274341
0.12642421
-0.11530058
0.00778168
0.20129351
-0.13264835
-0.12064777
-0.22273691
0.19701334
0.36177679
0.11741286
-0.01604156
-0.01019498
-0.03021609
-0.00738495
0.22452964
0.46150812
0.10725941
-0.22996945
0.30309268
0.34504577
-0.03487982
-0.33542206
0.29009734
0.14921448
0.03186083
-0.04880255
-0.13019734
0.10335436
0.20726119
0.01627320
0.13625998
0.11821765
-0.26582905
0.10285983
-0.00914349
-0.06525872
-0.19834746
-0.10680021
0.08190235
0.23131034
0.40751222
-0.34849146
0.16480763
-0.02206086
-0.18136776
0.23432506
-0.21549289
0.13486163
0.14583001
0.03628140
0.27907165
-0.13106484
0.35205209
-0.05365047
0.16541663
0.15505857
-0.11983971
-0.28521793
0.27364519
-0.05354259
-0.00845777
0.00517812
-0.09815898
-0.14123813
0.22232199
-0.14029362
0.21229921
0.08779080
-0.23281686
0.04569412
-0.18307837
-0.31952806
0.23366546
0.28749919
-0.27665335
0.00387895
-0.07068001
0.27296155
-0.07116407
0.11690066
0.22065221
-0.03980546
0.16276628
-0.19735726
-0.22012362
-0.20541545
-0.03239298
0.24691563
0.11494238
-0.03929564
-0.13297454
0.10833768
-0.09949584
0.37356327
-0.17864685
-0.21766174
-0.24677211
0.21219314
-0.24203882
-0.07217528
-0.11438394
0.09938121
0.03945025
0.55351407
-0.05364922
0.05173525
-0.18016874
-0.06563696
-0.25010234
-0.48046695
0.22865650
-0.11155926
-0.18725944
0.22765223
-0.40155559
0.20537391
-0.17730072
-0.10340580
0.12823458
-0.04474289
-0.02428819
-0.22018756
-0.00296209
0.13121666
-0.38629919
-0.11739414
0.12795371
0.11435500
-0.06141348
-0.06152868
-0.15899231
0.02295945
0.12907289
0.09996004
0.07668952
0.00310931
0.21899450
0.05221119
-0.13289328
-0.18174285
-0.12817440
-0.07398456
0.00065732
0.13445238
-0.06609983
0.02248954
0.03275159
0.00565024
0.23887001
0.19220535
-0.17265744
0.06189015
-0.38195289
-0.53047110
-0.01220483
0.32395224
0.31386067
0.10131422
0.03096173
0.14936144
-0.17195863
-0.47935352
0.29938379
0.03160369
0.13959824
0.12292103
0.10541682
0.32096242
-0.22025413
0.03384179
0.48742176
0.19628377
-0.23137921
-0.29945194
-0.10733442
-0.40989855
-0.34788489
-0.05474082
-0.01991872
-0.33067448
-0.23794899
0.05199296
-0.01833690
0.13436776
-0.19007544
0.13679304
0.19104894
-0.04893694
0.19624101
0.13842687
0.20497090
0.11371505
-0.04107463
0.08396052
0.22735311
0.02487268
-0.06955955
-0.15674798
-0.14189898
-0.20046738
0.16883906
-0.25762825
-0.27306928
0.11925319
0.45833004
0.21870642
0.10985236
0.34604255
-0.32725546
-0.45742582
-0.26688660
0.00299656
-0.13851245
-0.12933594
0.12138656
-0.22058504
0.29075192
0.15095833
0.09471174
-0.07301562
0.10002850
-0.06533802
0.09463467
0.46274251
-0.33312060
0.26953936
-0.01791224
0.00750097
-0.19316630
-0.02414551
-0.02970005
-0.11987928
0.03821275
-0.11792197
0.10979749
0.24342913
0.28366882
0.12243274
0.07894994
-0.12562046
0.23517474
-0.05184577
0.13011194
-0.04983579
0.24651958
0.33036992
0.25827004
-0.04106550
-0.06434897
0.05685253
-0.06655068
-0.07077391
-0.47545850
-0.16267766
0.30940632
-0.09114831
-0.02573430
0.07501132
0.16918979
0.17624876
-0.14384803
0.29893078
0.24990890
0.15580456
0.03468135
0.19460139
0.01075814
0.09005579
0.01618186
-0.15751952
0.22132580
0.19305878
0.20071439
0.44888928
-0.20749869
-0.33280313
0.04353628
0.21843139
-0.02935936
-0.24311330
-0.21172247
0.10654619
-0.00601397
0.17544465
-0.09321928
0.12426567
-0.25644750
-0.51958000
0.15913781
-0.03064674
-0.36276356
0.25811340
0.06855083
-0.16643228
-0.08375196
-0.00464419
-0.08506962
0.39474087
0.05951274
-0.12582507
0.09170299
-0.03319319
0.24971389
-0.24687820
0.01707340
-0.01234633
-0.11999229
-0.16816518
0.37632635
-0.12140291
-0.03245167
0.39270498
-0.22619194
0.13599194
-0.16573892
-0.08686615
-0.11073820
-0.17598736
0.18630505
-0.13914062
-0.05297017
0.13896207
-0.22503972
0.19992093
-0.28584985
0.02131344
-0.06322237
-0.28184487
0.04029340
0.11573617
0.19270573
0.17698464
0.20991792
-0.24833508
-0.04628732
-0.02011354
0.12858786
-0.01541282
0.26997975
0.14079551
0.20565924
-0.17757758
-0.01339354
-0.28335192
-0.09958044
0.08447069
0.34090895
-0.11587377
-0.01928737
0.03938231
0.12745706
-0.26301344
-0.29963910
-0.02543530
0.12891092
0.10174604
-0.06844483
0.03866859
0.14994163
0.05840419
-0.25597201
-0.34773224
0.16972659
-0.16809822
0.18703243
-0.37199210
-0.19626805
0.54534660
-0.40148147
0.17276783
-0.08347924
0.01338649
0.38426952
0.14485672
0.08021109
0.13308172
-0.05008067
0.01949063
-0.38443902
-0.11113285
-0.05491730
-0.29621999
-0.00508587
0.02631934
0.01074052
0.01465387
-0.02202391
-0.60487215
-0.11972576
0.00496035
0.16529525
0.24770738
-0.41224991
-0.46547484
-0.30653354
-0.41288189
-0.17487585
0.06926425
0.29766168
-0.19547650
-0.07818181
0.13092721
0.32898721
0.04278467
0.02232296
0.02974795
-0.09012633
-0.12553750
0.04075350
-0.05154417
0.07592115
0.29522462
0.09667768
0.01596418
0.25425221
-0.00982958
0.12461822
-0.37804097
-0.09797460
0.09535169
0.08428246
0.32938989
0.33714225
-0.16180474
0.02186431
0.09369917
0.06078967
-0.10502945
0.28123116
-0.13880220
-0.48413961
-0.33980652
-0.27181441
0.10683876
0.08800757
-0.00625876
0.31453875
-0.17179270
0.27572569
0.02327495
0.14093279
0.03844014
-0.05350934
0.19342788
0.01120273
0.29894869
0.02315088
0.06086003
0.16763454
-0.19402279
-0.18163232
0.37069975
0.01498233
-0.06336012
-0.18847256
0.03084059
-0.12947360
-0.35742030
-0.04257800
-0.06054870
-0.20813513
-0.02483139
0.16903243
0.23749888
-0.12016781
-0.02008167
0.13298860
-0.13113261
0.46641682
0.11300276
-0.22065790
-0.05399776
-0.05558131
0.14584010
0.20606194
0.32832871
-0.20440473
0.30424675
0.20619440
-0.30546447
-0.11202353
-0.61942343
0.21348599
-0.15429081
0.50567974
0.18611219
0.10418213
0.17319760
-0.11031077
0.24111114
0.29012162
-0.05520946
-0.10371665
0.09920007
-0.14176375
0.20069474
0.13595296
-0.21808379
-0.33489713
-0.05590247
-0.45682735
-0.01133264
-0.33287063
0.28193531
-0.41700878
0.07436932
-0.11811707
0.34211881
0.29595360
-0.04153567
0.00034803
-0.07064919
0.03899506
-0.14119002
0.34451593
-0.07277834
-0.01235005
0.38677685
-0.13730756
0.06189909
-0.02792497
-0.18958890
-0.23494426
0.39965088
0.03047377
-0.08362648
-0.01912379
0.07326814
0.11247935
0.07165403
-0.03887402
-0.28137882
0.47149556
-0.20187093
0.05097547
-0.02519520
-0.16159275
0.20767368
0.44271234
-0.12395513
0.08353045
-0.39872409
0.24277224
-0.00120420
0.29765074
0.15409508
0.35819172
-0.03713736
-0.15972334
-0.12613063
0.14319959
0.10646498
-0.02036827
0.13936369
0.09162386
0.31373656
-0.51270760
0.22095237
-0.01264416
-0.03170961
-0.33451466
0.08477321
-0.06578197
-0.11578047
-0.19875840
-0.01036394
-0.00207703
0.04731857
0.19742272
-0.11643983
-0.31894883
-0.10805744
-0.40097458
-0.27093843
-0.76445741
-0.25324718
-0.40934317
-0.38730322
-0.67426402
-0.34718343
-0.39027193
-0.37860394
-0.20821042
-0.45046623
-0.55207883
-0.41152844
-0.42333317
-0.38857290
-0.53692064
-0.34269193
-0.22563226
-0.18801552
0.01890427
-0.44723038
0.03226509
0.22844096
0.65057830
0.63278000
0.63056576
1.13953398
0.81476184
0.79651410
1.00147441
1.03881373
1.33259000
1.08408574
0.88230751
1.11796097
0.68603996
0.92604448
0.41944415
0.81009192
0.99636376
0.87868450
0.31726578
0.13679199
-0.31801908
-0.02382151
-0.40490042
-0.01637663
-0.17356088
-0.20595071
-0.10292799
-0.29836505
-0.49420823
-0.53880810
-0.29629046
-0.99473979
-0.46288288
-0.40962450
-0.53970556
-0.70666313
-0.80601988
-0.19684908
-0.09013819
-0.35992836
-0.52405556
-0.42522559
0.09899417
-0.32712443
-0.16644180
-0.13590525
-0.09102109
-0.00792260
-0.08399076
-0.25859446
-0.07126822
0.25830758
-0.34211341
0.03118932
-0.03643382
-0.05951921
-0.12445307
0.16124737
0.34055970
-0.00461664
0.14574569
0.07707233
0.14599275
-0.02504760
0.13434178
-0.09932404
0.19632768
-0.46370262
0.17574606
0.30499031
-0.27857286
-0.38668637
-0.02062354
0.09679171
0.33096152
0.27900625
-0.34111764
0.11588518
0.20970495
-0.36297834
0.07227937
-0.00759173
0.21427525
0.12795875
-0.00942966
0.18577591
-0.11469254
0.43760532
0.19116589
0.07779852
0.11632248
-0.26688456
-0.10059936
-0.29038736
-0.19803021
-0.01782503
-0.04813931
0.18377002
0.09453456
0.05092415
0.22926246
-0.00024004
-0.43906790
0.10728841
0.01375252
0.29624647
0.05004824
0.00302470
0.20250855
-0.15521981
-0.24529869
-0.27717661
0.23989315
0.17965564
0.03747189
-0.23145593
-0.03572184
-0.27037772
-0.27051135
0.29722097
0.20113088
-0.15016037
-0.08210514
-0.25617712
0.37108458
-0.16860507
0.00091714
0.04250037
-0.08736551
-0.28742609
-0.01808560
-0.15765172
-0.24116513
-0.01929783
0.10183310
-0.20277273
-0.36377615
0.22109040
-0.01103513
-0.23577824
-0.32936955
0.10644968
0.25911692
-0.07983783
-0.03025521
0.28327126
0.00070788
0.24608213
-0.24451351
-0.10877484
-0.18999837
0.21351341
-0.03379676
-0.31133264
0.33846177
0.15285346
0.11365883
-0.15124742
-0.01202955
0.18788226
0.03826978
0.20194293
0.06773375
-0.34448878
0.03693817
-0.25836840
0.12617734
0.31083184
0.12577967
0.30963096
-0.13525542
0.19841773
-0.15009610
-0.33875415
0.01653763
-0.37049925
-0.26992629
-0.02294752
0.05555939
0.06207256
0.19672181
0.08361781
-0.35491228
-0.06337118
-0.13297925
0.13897432
0.23154365
0.17267826
-0.06577197
-0.05603649
0.22364306
0.05867995
-0.01139863
0.05629177
0.11954534
0.01674010
0.52741311
0.26740276
-0.06269761
0.34284027
0.38727862
0.44638494
0.16151461
-0.03815931
0.43179446
-0.04274254
0.19533793
0.14165956
0.48170275
0.39361379
0.26795519
-0.04675703
-0.15954921
0.37644622
-0.00960841
0.09448970
-0.09082605
0.09570859
-0.03120069
0.10159235
-0.18768254
-0.46641548
-0.02901722
0.10054616
-0.03028708
-0.22934436
-0.33623690
-0.21738445
-0.15163485
-0.21211557
0.08762437
0.25911897
0.20874501
-0.12221021
0.20765897
0.34865545
0.24125908
0.35262955
0.27834866
-0.49828917
0.27547512
0.49851564
-0.08182156
0.38677674
0.41556750
0.50571671
-0.16190158
-0.01690752
0.39543869
0.17751971
0.18648337
0.35419148
-0.14849791
0.21567823
-0.11054105
0.20844186
-0.23261559
-0.20919558
-0.05705258
-0.06494369
-0.25074050
0.19099690
-0.18583262
0.02900599
0.18976578
0.44813345
-0.04309600
0.32104817
0.00174269
0.17411433
0.55547974
-0.03495871
-0.27372120
0.10953105
0.42665888
-0.11437264
-0.18602085
-0.24799200
0.10618983
-0.28027749
-0.04324182
-0.17427849
-0.12840498
-0.08311420
-0.02023017
-0.24735841
-0.08340229
-0.08822761
-0.20065694
-0.10087712
0.04283970
-0.21710649
-0.29059411
0.06002882
-0.12967785
0.44869601
-0.19215968
-0.08941101
0.16113366
-0.25301777
0.11598890
-0.04753186
0.51939666
-0.06022672
-0.57578438
0.49510667
-0.35511205
-0.11250804
0.21106386
-0.05395682
0.13582109
-0.37015551
-0.26134621
0.12480049
-0.39219492
-0.17706281
-0.21858510
-0.02452972
-0.07825790
-0.02119273
-0.09350302
0.14101465
0.16027355
0.36103537
-0.02606588
-0.21775698
0.29477274
-0.22705294
-0.03822691
-0.04592748
0.04833175
0.09973595
0.03767751
0.16622349
0.12862931
-0.25992091
-0.05468509
0.01015140
0.35051637
-0.25069104
0.11826778
-0.19604839
0.03565204
-0.12762617
-0.00134885
-0.09468205
0.27019573
0.08158405
-0.07869368
-0.43776192
0.29860361
-0.03406274
-0.16262480
-0.07797935
-0.21988236
-0.15134122
0.13605315
-0.08757679
0.31597405
-0.26248500
0.19269614
-0.14575713
0.05371679
0.02168165
0.05344502
-0.24302450
0.24553875
-0.13304011
-0.04082714
-0.15602380
0.06420431
0.01250800
-0.34769021
0.21646775
-0.17137347
0.16194555
0.12174770
-0.23446857
-0.03142342
-0.12316710
-0.04649555
0.04775718
-0.05692361
-0.04286861
-0.11385953
-0.22596835
0.15160904
-0.27510753
-0.07517611
0.17096726
-0.10096868
-0.13345756
-0.19473061
-0.46872710
-0.36970568
0.04566423
0.18433248
-0.05045119
0.47518744
-0.27634975
0.10647145
-0.00485643
0.05163884
-0.06204531
-0.17991907
-0.27727676
0.12868957
-0.19052914
0.47371913
-0.22268836
-0.10221469
-0.35283288
0.07971553
-0.19107931
0.11190101
0.14113935
0.02853176
-0.14969367
-0.31790740
-0.23478712
-0.09921604
0.28544240
-0.04972526
0.02214815
-0.09667487
-0.20573510
-0.09611637
0.13978999
0.14024177
-0.05125691
0.00539392
0.05324997
-0.14976928
0.28068209
-0.28788701
0.13432737
-0.24615690
0.42381631
-0.05034104
0.43371173
0.23030282
-0.22567371
0.31169751
-0.28913457
0.18187103
0.29744770
0.07402294
0.15415227
0.22995605
-0.31286646
0.22685357
-0.01679633
-0.12680445
-0.10960642
-0.02463191
0.20147712
0.37187924
-0.21750588
-0.07198066
0.28967928
0.07740822
0.15867790
0.29912401
-0.26612171
0.09374361
0.12021937
0.48799435
0.07356463
0.03030293
-0.02933904
0.08134966
-0.14611346
0.23928257
0.03283183
0.12714808
-0.11547617
-0.00699736
-0.11372038
0.04967612
0.18693685
-0.21961474
0.22879108
-0.20115319
-0.17897205
0.01663190
-0.08984690
-0.44754512
0.16480494
0.28237101
0.26611523
-0.18908147
-0.09086378
0.08484698
0.14231952
0.15347144
-0.51244486
-0.19908183
-0.53967460
-0.08628059
0.05131289
-0.10816507
0.08957166
-0.42008466
-0.28412533
-0.20666686
-0.20450795
0.19979257
-0.29689344
0.20551498
-0.07264681
0.03472009
0.06862227
0.02209350
0.20733725
-0.04876831
0.33609714
0.06322701
-0.06997097
0.04059248
-0.10446038
0.17819241
-0.10100979
-0.11832926
-0.47062074
-0.16759526
0.52312016
0.19916420
0.53461976
-0.33830565
-0.11870618
-0.08894613
0.08016308
0.08281857
0.15371420
0.01818018
0.03895361
-0.03180726
0.07031610
-0.18707690
-0.25603364
0.17325406
-0.12271790
0.04963063
0.18277894
-0.08422752
0.03913554
0.25996244
-0.25312358
0.27528972
0.05132019
0.38367796
-0.20879559
-0.26086907
0.50805988
-0.29590586
0.01961091
-0.33314119
-0.12602953
0.45701006
0.03591399
-0.31220510
-0.35990662
-0.06835864
-0.23749024
-0.09941481
0.30787522
0.09371471
0.26436077
0.27299908
0.03740614
-0.24015320
-0.16136751
0.10807983
-0.24528245
-0.10179156
-0.12945778
0.00219378
-0.03122815
0.02289724
-0.41350631
0.10712123
0.02276728
0.25154213
0.27116247
0.04812218
-0.06728356
0.09409003
-0.12014808
-0.24994818
0.03790752
-0.36651166
-0.01807323
-0.09145466
-0.21902643
0.15805297
-0.32651406
0.21713688
0.04973891
-0.08893583
-0.10023608
-0.45233736
0.28346257
0.01177570
-0.09573958
0.07942146
-0.45826452
-0.01946983
0.20030038
-0.17282408
-0.12144303
-0.11014797
-0.39454659
0.07553660
-0.24602353
-0.21213722
0.40754983
0.09007419
0.17374232
-0.06472463
-0.24038496
-0.34675954
-0.09666410
0.11525792
-0.18409400
0.09255377
0.30059790
0.06361230
-0.18812040
-0.55658599
-0.18275060
-0.09348917
0.01523889
0.17454883
0.42555841
-0.00356832
-0.10327601
0.18790732
-0.04192328
-0.33141937
-0.01824633
0.21441034
0.41406399
0.06630449
-0.27102276
-0.32567921
0.33925097
-0.20063668
0.24703923
0.08333331
-0.04446020
-0.04598878
0.15367119
-0.05021480
-0.17486112
0.12548172
-0.00567469
0.08601909
0.01697470
0.30853513
-0.16409860
0.30069439
0.00783012
-0.14858226
0.29021187
-0.29441152
-0.13060385
-0.13270387
0.08010187
-0.32640237
0.07208545
-0.03432375
-0.11374948
0.00496597
0.03841864
0.03827027
0.06763014
0.13747383
0.01689547
-0.09122327
0.03264526
-0.32589135
-0.27832549
0.10458630
0.16489231
0.08664614
-0.08222751
-0.01323709
0.10803327
-0.38053678
-0.18140526
-0.01688041
0.03130614
0.10891396
0.32216459
0.39136141
-0.26002642
-0.11057008
0.08605119
-0.00985426
0.55958721
0.26708214
0.17771298
0.18763667
-0.01798965
0.17560420
0.05214904
0.15445235
-0.20048727
-0.16769502
0.30821506
0.07462406
0.16821509
0.17134504
0.47457692
-0.23756367
0.29898606
0.04505333
0.47424841
0.05956006
0.11413562
0.44619027
0.13150040
-0.21038837
0.19283292
-0.41114253
-0.29959059
-0.14665103
0.08851115
-0.22870867
-0.04618529
-0.01775887
0.07760077
0.16755435
0.00224262
0.07410100
0.18259785
0.08300966
0.04821470
-0.33254298
0.40622015
0.20553649
0.21053685
-0.21823947
0.38797927
0.00625827
-0.00697894
0.07238379
-0.13681207
0.31937692
0.01356589
0.09430178
0.18994880
0.14211470
-0.25801717
0.04919320
-0.00216692
0.13472574
0.10684651
-0.36205459
-0.13320497
0.14717857
0.25972292
0.35086194
-0.18779266
-0.15191135
-0.36872937
0.03556837
0.13339745
0.04476688
0.26233021
0.01359169
-0.44874645
-0.10287854
-0.04962678
-0.03757131
0.24054454
-0.23775063
0.11811195
-0.05231875
-0.11632085
-0.22031981
-0.09699247
-0.29629082
0.37197283
-0.02180228
0.13421083
-0.00558277
-0.07649854
-0.17855816
-0.16409140
0.03056347
0.29702129
-0.10573593
0.03266911
0.04403631
-0.02571976
-0.07219638
-0.09296972
0.12003164
0.31906569
-0.21721028
0.18036404
0.10738506
-0.17705050
-0.14404513
-0.03914172
-0.16598650
-0.02679700
-0.15542611
0.19632452
-0.25836194
0.09102107
-0.20856953
0.16872555
0.27499448
-0.04281175
0.14138428
0.27310542
0.17765964
0.06925632
0.14783931
0.14862118
-0.47257297
0.14972639
-0.28447436
-0.10238713
-0.55090485
0.03015265
0.06728702
-0.10943454
-0.02519893
0.36704670
0.28073436
-0.10920299
0.58057605
-0.14803383
-0.04559292
0.11381551
0.39425727
0.58298526
-0.12149760
0.00182917
0.07194544
-0.25064473
0.01090383
0.12116789
-0.14567665
-0.24919707
-0.02473804
0.11437167
0.48113651
0.14901170
0.01627911
-0.09592962
-0.14867194
-0.02187506
0.17294226
-0.33507120
-0.07805566
-0.05513704
-0.06623146
-0.22238023
-0.07143596
-0.19627413
-0.06186576
0.26399414
0.27729647
-0.03425410
0.51428419
0.24275666
-0.13638430
-0.05563017
0.10397194
0.02224847
-0.16732898
-0.42398016
-0.09684703
-0.20487405
-0.23507059
-0.02567197
-0.20720929
0.17037413
-0.13965867
0.03115250
0.23504132
-0.21896247
-0.05848733
-0.21248373
0.12819693
-0.15781044
-0.45962551
-0.06418377
0.09114232
0.30214370
0.00601039
0.10900781
-0.05284293
-0.13425900
-0.20791589
0.33646065
-0.18592583
0.06509324
0.11907266
-0.06800640
0.02988815
0.17391344
0.04366935
0.08083584
-0.20522292
-0.39767698
-0.38273984
0.05559905
0.22566371
0.11617767
-0.02795809
-0.19760987
0.02394420
-0.28284939
0.31862559
-0.52424468
0.05083320
0.01135573
-0.13167371
0.08647484
-0.01858580
-0.13784283
0.25074337
-0.18169409
0.13578838
-0.34106546
-0.00909534
-0.00048109
0.08854205
0.60058590
0.09149000
0.03446754
-0.04409016
0.18153148
0.03899638
0.18147071
0.24500542
-0.05483785
0.02225873
-0.19893458
0.00482339
-0.13868272
-0.34422284
0.28501065
-0.03185991
-0.05323959
0.09625747
-0.25437710
-0.23192157
-0.00269412
-0.09749285
-0.06699921
0.39712190
0.00804030
0.41057278
-0.16758506
-0.08160737
0.08116682
0.13871893
-0.05938867
0.10526899
-0.01970204
-0.15481396
-0.03793521
-0.05814296
0.05177515
0.16395038
-0.05594295
0.07123869
-0.00543906
-0.03903282
-0.02065828
-0.22468817
-0.42384796
-0.28518810
-0.24668724
-0.00989805
0.31328266
0.06101570
0.43508974
