0.10714108
0.17134711
0.04691225
0.23423645
0.04813415
-0.04013684
-0.08601828
-0.11399811
-0.00542947
-0.01019936
-0.04856012
-0.03262594
-0.20977678
0.05608927
-0.04812658
-0.04392773
-0.00097351
0.08056564
-0.08351783
0.04578256
0.19536139
-0.21198908
-0.10261586
-0.15615875
0.08381156
0.08670571
-0.00443924
0.15299237
-0.05220271
0.16013469
0.04109353
0.10942764
-0.00783161
0.09041988
-0.23689723
-0.17720792
0.11290087
0.04986515
-0.01073801
0.15235761
-0.04817670
-0.06594938
0.05585271
0.02838387
-0.05818812
0.04753514
0.01226506
-0.11145812
-0.07534536
-0.03179829
-0.06794575
-0.05540053
0.07540203
-0.02117977
-0.09210488
0.23194177
-0.07587306
-0.20489956
-0.17155969
0.20260962
0.17148164
0.07193405
0.02269304
0.02074263
0.15364831
0.08269718
-0.09500886
0.01627293
0.03630883
0.03929513
-0.19484226
0.07929000
-0.20109048
0.08036520
-0.07682643
-0.01404519
0.08848835
0.00439856
0.09552250
-0.15912106
0.22469760
0.04548538
0.13295477
-0.16958552
-0.12467418
0.17880703
-0.17120573
0.10552563
-0.02166392
-0.04421381
0.17788788
0.12487481
-0.07165069
0.06078078
0.05673826
-0.01858124
-0.01220823
0.07240674
-0.22179090
-0.29849634
-0.15785263
0.03111958
0.30476166
0.13355002
0.09514526
-0.18809672
-0.04435365
0.01065558
-0.08230989
-0.13803923
0.11436767
-0.22317689
-0.00032778
0.01019668
0.08146305
-0.23174438
0.00594480
0.17223075
0.06832314
-0.27111293
0.11636958
0.33755389
-0.04923792
0.00286637
-0.11010463
0.05082498
0.10979989
-0.03284869
0.33642420
-0.11413966
-0.06724593
0.00720467
-0.14271887
-0.13283043
-0.28704729
-0.09276740
-0.19226657
-0.09573348
-0.25161970
-0.05170397
-0.15050295
0.09777302
0.24730972
-0.09809180
-0.07402757
0.17739872
-0.02892070
-0.29039489
-0.13658994
0.12550846
-0.15559607
-0.01207807
0.26060960
-0.22287141
-0.15016707
-0.00575627
-0.08692963
-0.04761958
-0.02868667
0.03469823
-0.15453020
-0.10384438
-0.20407105
0.06332067
-0.22838751
-0.18159850
0.06923265
-0.02229686
-0.03419322
-0.15705864
-0.10157250
0.06812807
-0.23731797
0.02367034
-0.01953493
0.04239296
-0.13783804
-0.24361346
-0.09676329
-0.22461869
0.01356233
-0.04193977
0.07837072
-0.01777989
-0.16516539
0.07436348
0.15608700
-0.35126004
0.06902777
0.03405338
-0.13780953
-0.06250817
0.02535548
0.28865611
0.10628838
0.16869996
0.12269230
-0.08427071
-0.12607779
0.04511795
-0.06815333
-0.18694420
0.06064115
0.12954557
0.04134464
0.02624570
-0.11101544
0.01968918
0.32199236
0.02582308
-0.04288379
-0.33467048
-0.19677608
-0.00994830
0.14727971
0.06946666
-0.22253747
-0.12845807
-0.11886972
-0.21102796
-0.08829180
0.09010515
-0.11958136
0.16727276
0.04520004
0.31649185
-0.02052704
-0.15030422
0.00623156
0.31428058
-0.17564300
-0.05173852
0.04587248
-0.12353303
-0.06285657
-0.19295386
0.02910046
-0.23375167
-0.00164068
0.24467977
-0.04243236
-0.16803705
0.00162086
0.08878812
0.08800300
0.16170186
0.05759263
-0.10446676
-0.31664951
0.12587570
0.09431270
0.14151560
-0.07383962
0.12585305
-0.16656959
0.01479728
-0.02880396
-0.09057195
0.05283085
-0.07983002
0.25793562
0.05671082
0.09262194
0.02719420
-0.12759513
-0.13779381
0.35201596
-0.07414440
0.08964384
0.11137240
-0.02307071
0.03782906
0.14770806
-0.22321412
0.10507749
-0.02551972
0.00939190
0.12067304
0.10122783
0.05739772
-0.16956010
-0.19329003
-0.09767140
0.15062219
-0.04049160
0.21883103
-0.11694480
0.18156274
-0.06243727
-0.08812780
-0.19134869
-0.21994164
-0.01505378
0.15538389
0.10703605
-0.09256442
-0.04410316
-0.12248077
-0.04698647
-0.13343198
0.02538244
-0.10643265
-0.01349886
0.10451955
0.12916644
-0.08996164
0.02904481
0.05320755
-0.06033123
0.05368137
-0.02545544
-0.04553909
0.03863374
0.09615523
0.22809180
-0.08960450
-0.12395629
-0.10028250
-0.09742254
-0.24024352
-0.03849217
-0.02466625
0.01697800
-0.13692549
-0.12226657
-0.00443378
0.09114700
-0.22104873
0.02412347
0.19494881
0.05009058
-0.10065072
0.04248200
0.05330900
-0.03600443
0.09706527
0.06848450
0.01905646
0.21164405
-0.05453591
-0.21270096
0.19636760
-0.13513807
0.08118006
0.02414797
-0.16493324
-0.13988728
0.05456165
-0.01780092
0.10750383
-0.01095369
0.16011802
-0.04714780
-0.14587874
0.07415769
0.15883074
-0.11681088
-0.04728413
-0.15009834
0.21594836
0.09279883
0.09551582
-0.00204873
-0.09980311
0.17074891
0.27748458
0.13128047
-0.11164071
-0.09827797
-0.03902869
-0.23247070
-0.05511032
-0.02480908
-0.09220508
0.09675285
0.11388545
-0.19117596
0.04576764
0.03269867
-0.08877948
0.06373894
-0.08905882
0.04093038
-0.02491166
-0.02660348
0.25927778
-0.06511787
0.05520467
0.08791446
0.39662857
-0.01065432
0.20809192
0.11077826
-0.01652839
-0.30811782
0.32421972
-0.00288552
-0.08605888
-0.12666722
0.08933958
-0.05019359
-0.00848043
-0.07330883
0.14683057
0.13844770
-0.01439465
0.16108671
-0.08571161
0.03814565
0.21840293
-0.07050714
-0.37726894
-0.21928249
-0.10925781
-0.13657862
0.00856803
-0.05890264
0.09275077
0.01982891
0.04684775
-0.15420906
-0.00054518
-0.15109368
-0.25786358
-0.16249076
-0.15883479
-0.00940789
-0.19958126
-0.17275949
-0.02059002
0.00094514
-0.10881628
-0.06943826
0.01850370
0.19787150
0.04151212
0.09176396
-0.06348400
0.02909678
-0.49982930
0.08925391
-0.01214028
-0.08289978
0.14526816
0.02621485
0.09760737
0.27576671
-0.02231475
-0.05913400
0.06264708
-0.06528662
0.06848453
0.05273163
0.14839445
0.18236107
0.10377115
0.14380593
0.14404427
-0.10342551
-0.00955286
0.02036527
0.09345690
-0.23490490
-0.09321460
0.11716239
0.12924593
-0.20370320
-0.09017979
0.00398235
-0.16307381
0.08563085
-0.05307808
-0.04350775
0.14957989
0.17694484
0.10695440
-0.09899920
0.09611793
-0.33963830
0.16887245
0.02925670
0.06801581
-0.00232059
0.28731198
-0.09807655
0.01923171
-0.17293453
0.37614633
0.15362799
-0.11208365
0.23804363
0.07496280
-0.06425183
0.08942502
0.16188484
0.06131817
-0.22228251
0.12774333
-0.06642137
0.10485637
0.10109374
0.07743732
0.14681859
0.14294356
-0.02387692
0.12099257
0.08757639
0.26666558
-0.08250613
0.34076910
0.12061403
0.00756186
-0.22536542
0.01054507
0.00053967
-0.24011732
0.01638621
0.19587298
-0.11353468
-0.02678286
-0.12665653
-0.15160694
0.16772453
-0.40812312
0.21018506
-0.10477032
0.05181541
0.05728355
0.24512702
-0.27401365
-0.19604209
0.36936789
0.15225871
-0.01448841
-0.00239551
0.08557490
0.09436700
-0.02355412
0.10669140
0.13600267
0.00890346
-0.01518614
-0.04632824
-0.05875229
0.17185930
-0.13529366
0.03800181
0.20631747
-0.24929827
0.09819195
0.16712995
0.03984040
-0.17674220
-0.03627615
0.09135027
-0.01264067
0.02992676
-0.21467292
0.16534258
-0.37151259
0.26410511
0.04176725
-0.07565273
0.33768744
-0.02894753
0.25017854
-0.27679627
-0.25481836
-0.18640283
-0.19148033
0.01374784
-0.01999853
0.10416747
0.01679905
-0.12509431
-0.08776491
0.04262532
-0.05995722
-0.01922467
0.04568892
-0.06514531
-0.28861344
0.08536482
0.03092885
-0.09672852
0.10764651
0.08367447
0.16696808
-0.22699763
0.09472715
-0.09627092
0.11409794
0.12169204
0.07280080
0.06052649
0.20583021
0.04139461
-0.20828341
0.04289271
0.20264144
-0.10179035
0.22456462
0.14894536
0.01797766
0.14324580
-0.34851823
-0.17119337
-0.17773569
0.06085617
0.11402807
-0.22294845
0.31689572
0.15392693
0.02334538
0.30817821
0.09559532
-0.09951142
-0.01600761
-0.05069220
-0.24158368
-0.18682437
0.07059964
-0.04200665
0.08938874
0.24498430
-0.07107621
0.02122181
-0.21338382
-0.21212455
0.02448843
-0.10578335
0.19432725
-0.27202457
-0.35402211
-0.04527663
0.12571428
-0.19642014
0.02213278
0.02508210
-0.05615911
-0.02329445
0.08461356
0.11208108
-0.07303516
0.02819174
-0.10034344
-0.07085288
0.17784465
0.06796597
-0.10478944
-0.26954625
0.32404972
0.18237165
-0.07416937
0.09885227
0.05083682
0.20155367
0.12013510
-0.04457934
-0.16035981
-0.05371598
-0.01499769
-0.12215774
0.19495691
0.04220554
0.01371062
-0.08263835
-0.22791307
-0.03470653
-0.08014968
0.22221724
0.01666150
-0.02101025
-0.07847225
-0.11554639
-0.10311440
-0.03291627
0.16907773
0.29044997
-0.05988652
0.13018700
-0.15149790
-0.16038615
0.02618443
-0.15183105
-0.02271162
-0.00398018
-0.00173709
-0.10722990
-0.29788194
0.17409501
0.25807841
0.19788369
0.13580321
0.06983391
-0.26017948
-0.03855679
0.14156485
-0.22316723
-0.05814948
0.10495672
0.11352723
0.12971727
-0.04965801
-0.00096755
-0.02099178
-0.04382743
0.08613755
-0.04732205
0.14770563
-0.16201204
0.05466885
-0.08659217
0.05570441
0.09422713
-0.23729346
-0.13421580
-0.07097158
0.09071365
0.04588272
0.18016966
0.04245957
-0.06682878
-0.20974981
0.17656020
0.00124238
0.12122492
0.06006088
-0.04993387
-0.06168432
0.20421083
0.01594705
0.30472290
-0.12100383
0.14201777
0.06824217
-0.02142101
-0.12079299
0.02688983
0.12149772
-0.07117717
-0.18434829
0.24142354
0.21328505
0.12298761
0.04647053
-0.10366892
0.18154513
0.36454330
-0.00490892
0.21664336
0.01621279
0.13070920
-0.00881561
0.12985349
0.09168043
0.01880073
-0.32620429
0.03543071
0.22548015
-0.19056993
0.07012144
0.00082692
0.00031582
-0.34327545
0.02563236
0.28064001
0.05549066
0.11914790
-0.01139810
0.14962696
0.00097200
-0.01355068
0.13993158
-0.00612615
-0.14468579
-0.14340488
-0.15861121
0.02365124
-0.12496803
-0.10300432
0.26709089
0.12934927
-0.09960045
0.06149295
-0.00007742
0.01378313
0.06337260
-0.10358007
-0.23544480
-0.13009965
-0.09598039
-0.25177744
-0.10051455
-0.10703221
0.01741584
0.06665924
-0.10721877
-0.02072041
0.25752707
-0.28172771
0.26492817
-0.07326203
0.01049936
0.26602040
-0.02993767
0.09077976
-0.26967188
0.18434127
-0.01477344
0.11590622
0.07492765
0.08223741
-0.09045350
-0.04099034
0.08544040
-0.09008477
0.11026959
-0.24475030
-0.06332986
-0.20558796
0.20132462
0.08859048
0.05846658
0.01253598
-0.00921663
-0.02367168
0.10313132
0.30012323
0.12414531
-0.08521782
0.27677884
-0.05362535
0.11847988
0.19316839
0.02251403
0.09170938
0.09330282
0.16634176
-0.01926709
-0.11250699
0.03827844
0.02136862
-0.10463431
-0.15147446
-0.05810338
-0.05293880
-0.08515017
-0.15792108
0.07153511
0.13523287
0.07752218
-0.10023571
0.07865499
0.05536398
0.02879241
-0.15763079
-0.15483713
0.00659478
-0.15441812
-0.00204524
0.09179745
0.01717573
-0.31148350
0.07352249
-0.02715124
-0.21547147
-0.04109547
-0.01292019
0.14272226
0.04968605
0.04020315
0.08177217
0.33463557
0.07707271
-0.00675085
0.10904847
-0.35723042
0.20552351
0.05707795
0.04829281
-0.29893100
-0.12148069
-0.04398884
0.27888897
-0.12570583
-0.14107362
-0.15870189
-0.10349889
-0.02379514
-0.28837857
0.17705764
0.10872078
-0.12044598
0.08407329
-0.27479819
-0.00275086
0.05148044
0.17462946
-0.07384127
0.10334292
0.07280365
0.06971079
-0.04226637
-0.11014823
-0.05592139
0.02652818
-0.16419120
0.12131909
0.10639397
0.02525192
0.14625534
0.24596048
-0.27627293
0.04972742
0.08429892
-0.09557460
0.04252592
-0.21129284
0.13396933
-0.18638015
0.08051199
0.02228542
0.28255927
0.18105964
-0.06607530
0.11816534
0.02538968
-0.07549796
0.36965700
0.10259884
0.04895144
0.10384308
-0.14612334
0.04667960
0.00862104
0.04800689
-0.12117255
-0.00962118
-0.00786181
-0.10159077
-0.15545162
0.30253904
-0.04751401
0.09154267
0.00381962
0.06488300
-0.25683835
0.29832726
0.13248058
0.10676642
-0.12401783
-0.12962274
0.13834558
-0.02185129
0.23236134
0.07635155
0.10475356
0.04749737
0.13853240
0.44499067
0.14966300
0.12441952
0.25314045
-0.18555905
-0.24020259
-0.18740115
0.05424770
0.06093455
-0.00955599
0.15291299
0.11649356
-0.19012514
0.17095454
0.05065940
-0.26048080
0.02654050
-0.05994343
0.28306989
0.13603075
-0.07440469
0.02444948
0.10929169
-0.05318778
0.04083846
0.13856657
-0.27942239
-0.00117145
-0.03941811
0.00609781
0.33132295
0.07847694
0.01591032
-0.25538222
0.08194788
-0.03233702
-0.18625991
0.08503364
-0.14742914
0.03386187
0.03043344
-0.17511518
0.05233935
0.00711375
0.03525480
0.04379230
-0.03185271
0.01633801
0.03692279
0.04234113
-0.08846774
-0.06707847
-0.04957724
-0.17046940
0.01123679
-0.14708854
-0.13832778
-0.02012708
0.27236643
-0.05204547
-0.01857158
0.03285333
-0.02171770
-0.05110370
-0.00200458
0.09803892
0.32739023
0.05103853
-0.17992504
0.09423118
0.07753696
-0.28288458
0.07937726
0.01295390
0.14181653
0.30430279
-0.18440292
-0.36083225
-0.10696674
0.00802774
0.03769931
0.06161687
0.11112881
-0.13398877
0.02404714
-0.12802661
0.08001429
0.17670299
0.03738139
-0.05249819
0.04897905
0.04663536
-0.15147260
0.01913381
-0.11885833
-0.16444187
-0.06833466
0.17733948
0.10115575
-0.21374620
-0.05437820
0.11680713
0.03806499
0.09479943
0.01117254
0.28003625
0.05042232
0.04926202
0.24758466
0.02733352
0.01362161
-0.15692424
0.05240416
0.01113737
-0.17444800
-0.36318919
-0.22089508
-0.08888058
0.08203807
-0.22066381
-0.20857247
-0.10391868
-0.00807459
0.02818615
0.04659722
0.00954633
0.36429471
0.04214992
0.05444028
-0.13802924
0.16529368
-0.14134215
-0.05633452
0.05834951
0.06865326
0.00268471
0.17844856
0.08770839
-0.13678024
-0.11778101
0.04197946
0.02865056
0.03166012
0.13602203
0.15769657
0.00725613
-0.04879845
0.08104905
-0.21746194
0.02421705
0.08163256
0.05818404
-0.04156449
0.16755097
0.13219896
0.12578155
-0.05036674
0.19622951
0.09271459
-0.31335940
-0.05524179
0.01579725
-0.08244649
-0.24602042
-0.21348949
-0.16714646
0.00628799
-0.02577183
0.09833983
-0.08915956
-0.06579580
-0.12445204
0.13893812
0.13519105
-0.03204068
-0.12146385
0.25419109
-0.09222905
-0.07643671
-0.04935704
0.02675859
-0.03231338
0.07639649
0.08106321
-0.19712545
0.10843485
-0.10050993
-0.11890145
-0.03363548
-0.28552739
-0.00765026
0.16967463
-0.16906599
0.16939452
-0.25792440
0.03607645
0.08140770
-0.07091422
-0.06892693
0.01673853
-0.14275749
-0.14794639
-0.05134098
-0.37679602
-0.17061307
0.00065991
-0.09870795
0.06816061
-0.14223100
-0.09932860
0.15229280
0.06904215
0.04647026
-0.19366192
-0.11842997
0.27382111
-0.00125777
0.10369635
0.02683502
0.36770205
-0.03181525
0.42983060
0.08748063
0.08649785
0.11690870
0.35681821
-0.04498344
-0.13774619
0.16136202
-0.10965694
-0.10682748
-0.01851313
0.17195255
-0.10604778
0.35656977
-0.07451112
0.19140474
0.13060538
0.04510253
-0.04544775
0.00244970
0.03848267
0.01606297
-0.00266792
-0.08124817
0.14058786
-0.05441025
-0.04085538
-0.16071874
-0.06784585
0.14468280
0.01786098
0.03711023
0.09650954
0.04668841
-0.06157539
0.15089433
0.21007475
-0.22405635
-0.12508505
-0.22516740
-0.13749690
-0.08963852
0.08406600
-0.06919789
0.09776017
-0.44229645
-0.18851405
0.08304686
-0.29514373
-0.42624228
-0.04664509
-0.16840467
-0.20536228
-0.36452348
0.13315429
-0.07363480
-0.19900233
-0.20876559
-0.11062200
-0.06061204
-0.13923987
-0.06779133
0.15612258
0.26628673
0.24770178
0.58007625
0.48210785
0.32272099
0.66004158
0.33008609
0.56016621
0.55595587
0.46168533
0.38226482
0.49215940
0.41448100
0.31273156
0.39222660
0.42886964
0.55240372
0.14541244
0.25393870
-0.03681523
0.22942029
-0.25945144
-0.09698942
-0.04321351
-0.12042195
-0.24308630
-0.18255390
-0.46507822
-0.21220587
-0.53169950
-0.38551124
-0.29418199
-0.17403561
-0.26777615
-0.35415666
-0.35320413
-0.11547573
-0.25187037
-0.33409412
-0.27288875
-0.10128207
0.30468457
-0.22064390
-0.14156896
-0.08819113
-0.00984303
-0.07279762
-0.13967957
0.18957485
0.01782549
0.04533922
0.16675629
0.16563181
0.20828716
0.08071469
-0.13466772
0.06407743
0.07466176
-0.21700285
-0.15302723
-0.03888743
0.03738284
0.00512708
0.03578806
0.13461470
0.18452179
0.01974347
-0.15946944
-0.01564117
0.04775736
0.13361830
-0.06118828
0.48168084
-0.07519196
-0.16831338
-0.13591037
-0.04905046
-0.00154917
-0.09050879
0.15882266
-0.11101997
0.00507343
0.06072331
-0.04303496
-0.00927809
0.18775926
0.03458037
0.08605874
0.19343931
-0.01877585
-0.35080433
-0.00323495
0.01669722
-0.01126935
-0.03693482
-0.11313284
0.00094679
0.05835983
0.00299396
0.03061792
0.16074981
-0.13447450
0.28757038
-0.11191078
0.12760262
-0.06336108
0.09504287
-0.22116039
0.17518248
0.01825753
0.11389942
-0.02759292
-0.10659592
0.25432048
0.12685437
-0.09211396
-0.04552503
-0.06889636
-0.10024194
0.15013964
0.00782311
0.04534881
-0.09907105
-0.06802077
-0.00998665
-0.05028939
-0.28599239
0.08813579
-0.11966505
-0.06512087
-0.23341146
-0.29089846
0.15939115
-0.01653644
0.03132958
0.00327794
0.01386750
0.14352782
0.17343396
0.00519809
0.07250211
-0.06225822
0.35491095
0.40808805
0.19420042
0.45195230
0.44630418
0.30314521
0.24908551
0.17350394
0.26243598
0.42353414
0.34173456
0.33544193
0.17632150
0.27753159
0.32422411
-0.02375291
-0.31464493
0.14176304
-0.06517952
-0.23623880
-0.01244387
-0.21459063
-0.22963326
-0.31770774
-0.59137678
-0.50450548
-0.57182975
-0.44076676
-0.75981533
-0.37172526
-0.34956405
-0.43144294
-0.30441802
-0.28267302
-0.30871527
-0.28991327
-0.04188991
-0.39486271
-0.12964003
-0.04537323
0.28535041
0.06098139
0.09877627
0.16771654
0.28783275
0.30584371
0.25192327
0.21820332
0.04445203
0.14089937
0.23825089
0.26973808
0.28089242
0.14685211
0.12266483
0.19181455
0.00610895
0.25635413
0.03948107
0.34151009
0.30086536
-0.04035624
-0.10103126
-0.09289220
0.03911003
-0.14206467
-0.06191689
-0.00873267
-0.05748940
0.11928932
0.02670198
0.17901752
0.02985171
-0.04499014
-0.14355570
-0.09806309
-0.04217485
-0.10771438
-0.26422145
0.30576964
-0.08023775
-0.11886860
-0.10296836
0.22337766
-0.09858161
0.06879289
0.02059120
-0.22234505
0.10276998
0.09879130
-0.18702027
-0.00643834
0.24516570
0.14256203
0.25186707
-0.10381144
0.19455890
0.20241582
0.04800666
0.04611584
0.03282059
-0.04515666
-0.04216077
-0.19009619
0.12386756
0.03987866
-0.10248092
0.05489944
-0.19217621
-0.10442525
-0.13928539
-0.02056431
0.27298938
0.07190016
-0.08255140
0.20943197
0.07667475
-0.17186480
-0.34679294
-0.20997655
-0.10584030
-0.07402909
0.18400773
-0.12417369
-0.22008250
0.00085042
-0.18857147
0.05963306
0.08484575
-0.08320134
0.07295737
-0.05946262
0.17466124
0.05759273
-0.15234735
0.03887365
-0.10398716
0.19814913
-0.03989431
0.00380545
-0.15899122
-0.02012347
-0.05166413
-0.04319313
0.04164637
-0.02396412
-0.03138993
0.16298259
-0.18783436
0.09188360
0.05146509
-0.05750867
0.19736057
-0.10354332
0.01602657
0.24702101
-0.00681089
0.23325881
0.08722492
0.03998696
-0.08395493
0.23338390
0.09037823
0.11562120
-0.01128909
0.05285823
-0.19034847
0.02704244
0.02193909
-0.04754872
-0.14701825
0.08524223
-0.03886403
-0.15939982
0.10831047
-0.04538118
-0.06697810
-0.09051855
0.07341615
-0.13299787
0.12317389
0.11479345
0.07407660
-0.05847762
0.03829751
-0.21044075
-0.23914043
-0.02495993
0.00046925
0.01316692
0.05833166
0.14969556
-0.25110640
-0.24687529
0.06475493
0.06787525
0.13616286
-0.25479119
0.07556163
-0.01855903
-0.00809417
0.11362226
-0.08945678
0.11287149
0.03962704
-0.02085947
-0.05982392
0.18124414
-0.03490844
-0.27827949
-0.18676621
-0.13899079
0.16293294
-0.17487147
-0.20442623
0.18152914
0.01363819
-0.23272647
0.03248352
-0.15992155
-0.01571584
-0.04862991
-0.01287358
-0.04924158
0.13216195
0.19648050
-0.11801250
-0.31180397
-0.07193071
-0.03759286
0.10159145
-0.05072053
-0.07096736
0.11876035
-0.04076845
0.03034823
0.21535456
-0.07622600
-0.00670286
-0.27912774
-0.25799693
-0.16877560
-0.00310840
-0.38757630
0.06125305
-0.10052273
0.03827975
0.12548617
-0.30774472
0.09473819
0.14728945
0.20427305
0.15829094
0.30602119
-0.02447756
0.03915205
0.06254151
-0.15075101
-0.10825730
0.08596174
0.08065495
0.12785101
0.26127135
0.02864782
0.09290113
-0.05461845
0.35689226
-0.00433756
-0.10351332
0.05819631
0.34137559
0.05282745
-0.09669227
-0.14658723
0.03018668
0.42040482
0.02779785
-0.36704376
-0.05112521
0.15838550
0.02499966
0.07194398
-0.05814099
0.00378617
0.05435006
-0.03495741
-0.33876727
0.02740338
0.23699698
0.07563289
0.00081049
0.03068529
0.08084349
-0.05791171
-0.10041175
-0.01106330
-0.03078250
-0.12900578
-0.03820851
0.03045974
0.10428146
-0.18039938
0.03589303
-0.03781767
-0.05047071
-0.21345127
0.19544477
-0.29448427
0.24024767
-0.25652005
0.17918284
-0.16714558
-0.07066014
-0.00570337
-0.20744492
-0.02498997
0.07273391
0.22415262
0.03549171
0.07217430
-0.02052151
0.16256441
0.05062228
-0.05984195
0.06538764
0.10878081
-0.16800220
-0.02502009
0.00404268
-0.20460435
0.04648413
0.12923740
0.08287758
0.09932656
0.09581224
-0.04508042
-0.19219276
0.05465775
0.13805671
0.02222126
-0.12254051
-0.12155246
0.12537471
0.04751930
0.02231295
-0.07697338
0.06699636
0.11256039
-0.09748937
-0.13978854
0.02229906
-0.15152355
0.05960092
0.15686817
-0.07596535
-0.12329407
-0.04155909
0.06645946
-0.14484053
-0.21592289
-0.10814385
0.12550017
-0.20274871
-0.09356852
-0.14673039
0.01551926
0.12299922
-0.01452333
0.11806564
-0.15889282
0.05372737
-0.01709342
0.03111187
-0.36456825
-0.05191669
0.16300182
-0.06876186
0.03813906
-0.16550330
-0.06718790
0.15777146
0.12386856
0.08013030
0.19336365
-0.05699124
0.02076444
0.06061453
-0.08501337
-0.08862548
-0.10174246
0.14062945
0.01615411
-0.01216752
-0.02059791
0.01685261
0.03524231
0.00669179
-0.11863851
-0.29543333
0.08001255
0.09709928
0.19814048
0.09380761
0.13243045
0.19086452
0.03834756
0.26252887
-0.07557718
0.00449299
-0.07251359
-0.08391124
0.11729469
-0.11650321
-0.16625703
-0.16302894
0.18601434
0.08610811
-0.03170498
-0.01994915
-0.02173767
-0.03519452
0.19150157
-0.01892566
0.09861053
0.09894258
-0.01463745
-0.06970476
-0.02852830
-0.10438070
-0.10222932
-0.06963429
-0.11179168
0.31509677
0.10467780
0.03532612
0.12329866
-0.14243660
-0.05065522
-0.10876009
0.06530352
-0.10482916
-0.19677057
0.01407355
-0.19497278
0.05124999
-0.29934850
-0.06902704
0.03013816
0.14879423
-0.21583620
0.10522571
0.02157331
-0.01842023
-0.05079306
-0.11338670
-0.06557774
-0.23569477
0.10459684
-0.09525093
-0.12441703
0.05645257
0.04360847
0.03846206
0.10996530
-0.07509144
-0.10026741
0.32371013
-0.16803577
0.00959281
0.10236669
0.13279887
0.07377799
0.14991410
0.11894277
-0.27410370
0.20320646
0.11011966
-0.24074790
0.09830852
-0.04433491
0.19979308
-0.20540501
0.43115906
0.17610801
-0.26449973
0.04859396
0.03949247
-0.20489057
0.17049032
0.17080114
0.05143474
-0.03976503
0.19106157
0.02310684
-0.06310161
-0.04013711
-0.10431162
-0.12355720
-0.03411532
0.02706753
-0.15552987
-0.30330385
0.00849911
-0.01276576
0.03636441
-0.20682270
0.06282883
-0.16650470
-0.15372383
0.24258190
0.21355536
0.09795879
-0.07470604
-0.00020788
0.04567960
-0.12473847
-0.04391508
-0.23266935
0.00886170
-0.13163017
-0.16128553
-0.00913522
0.08620366
0.05708012
0.07795674
-0.08765935
0.00186441
0.00034866
0.07046482
-0.18648700
0.16641669
-0.06939016
0.13490132
0.18066431
-0.25654233
0.17485204
0.00101216
-0.11360891
0.08870728
-0.02614281
-0.04036077
-0.18669160
-0.20504632
0.09865829
0.06861227
0.07793375
0.29214778
-0.05178774
0.01005942
0.22270810
0.04269192
0.04661790
0.11493561
0.00890690
-0.00762502
-0.00162076
-0.19329556
-0.20865341
-0.23750958
-0.06367640
0.23922767
0.24448954
-0.11678950
-0.18863460
-0.18322775
-0.01064856
-0.01815646
0.17216508
-0.00690397
-0.17616834
0.22085896
-0.02827454
0.18488111
0.10471500
0.04502533
0.03985747
0.09971393
-0.11224857
-0.03946063
0.20314370
0.14874044
0.05806336
0.08604894
-0.20866091
-0.05562392
-0.17147856
0.01379945
0.11768463
0.13363974
0.07344918
-0.28386525
0.10497991
-0.09581227
-0.03107798
0.26372530
-0.15661959
-0.09864704
-0.04447718
0.05507447
0.05101743
0.20055203
-0.15000291
0.24379245
0.10448034
-0.01998605
0.09903328
0.26575478
-0.07841536
0.12332563
0.07553348
0.01470875
0.09439696
-0.24671677
-0.23768388
-0.10777112
