-0.04210195
0.03990545
0.12285601
0.21657366
-0.04376154
-0.05861235
0.20328385
0.13836041
-0.06482550
0.04525352
-0.18633505
0.05098443
-0.04923207
0.01648784
-0.16141170
0.08621442
0.17236513
0.01971251
0.18969150
0.16408993
0.08425259
0.09318426
0.21915588
-0.02283431
-0.12824496
0.15228621
-0.08334845
-0.05897993
-0.02811455
0.07421809
-0.00260852
0.09142853
-0.03508802
0.00420121
-0.04666161
0.04372257
-0.06822447
0.06880558
-0.05988065
0.10428153
0.04851811
0.10084163
-0.01403732
-0.10410557
0.01421606
0.04068470
0.10140813
0.05700844
0.18935958
0.07832145
-0.07905491
-0.05869281
-0.14244875
-0.08712667
-0.07001014
0.01489903
0.08258882
-0.30204183
0.17017215
-0.08280440
-0.13134695
0.00563980
0.07717509
0.00061008
0.03973477
-0.12226707
0.14421883
0.03924585
0.00114606
0.03378595
-0.04459852
-0.08065938
0.16021969
0.14055145
0.06342145
-0.00538066
-0.00407806
0.11166583
0.06251841
-0.07284686
0.09790082
0.06678869
0.02813893
0.03308346
0.03374001
0.15076694
-0.03048963
-0.10007406
0.10386165
-0.00872920
0.07805704
-0.12861316
-0.02372801
0.01373237
0.02360015
-0.03318251
-0.16587784
-0.06423454
0.04513758
-0.04879213
0.03884945
0.14678135
0.03032145
-0.07540069
-0.19296302
0.15196123
-0.01784550
0.18394484
-0.02156540
0.00135004
0.18364177
-0.15035033
-0.09899583
-0.06731190
-0.06475526
-0.02829661
0.24283667
0.08212073
0.12333511
0.03343167
0.07668277
0.01810857
-0.13701157
0.13425963
0.00485809
-0.05520192
0.00661425
-0.09808412
-0.02250149
-0.07064615
0.01946420
0.03452271
-0.16225449
0.04237403
0.15483586
0.04484374
-0.11274720
-0.01273778
-0.01463680
-0.15268588
0.12179206
-0.09215052
0.20325959
-0.05945905
-0.02667692
-0.02537914
-0.01319093
0.12157683
0.11132138
0.04783561
0.11246842
0.01648674
0.01856301
-0.13873307
0.13044284
-0.08588321
-0.09385542
0.07733797
-0.01709915
0.01277824
0.08824426
0.09562605
0.08631165
0.09916050
-0.01590595
0.13060148
0.13511116
-0.10618284
0.03598192
-0.09523582
-0.03929054
-0.07652752
0.26187991
0.03387417
-0.09859070
-0.26301399
0.18472103
0.09694941
-0.03397760
-0.07529347
0.07581722
-0.12501600
0.14225997
0.02744177
0.15245605
0.05535706
-0.11111218
0.06443936
-0.04340284
-0.12760120
-0.06202369
0.05351798
0.02860092
-0.07145658
0.12397919
-0.00747646
-0.10743981
-0.09011119
-0.08422498
0.01817978
-0.20051028
0.09651686
-0.11788377
-0.21097970
0.12866498
-0.02937529
-0.04547877
-0.13601790
-0.09665803
0.03373661
0.03769767
0.04295010
0.09960697
-0.15182257
-0.09508610
-0.02992621
-0.03672799
-0.13912689
0.00188427
-0.03843777
0.10115752
-0.01720238
-0.09249520
0.07571538
0.09399203
0.05375187
-0.06258826
-0.16318525
-0.04980660
0.07550274
0.06186560
-0.09649600
0.08019494
0.04096570
0.08184791
0.01772581
-0.13186750
0.06988244
0.13563939
-0.12489718
-0.16229331
0.00428453
0.06265969
0.06459539
-0.02434469
-0.00415770
-0.08461887
-0.04386794
-0.11055782
0.11412643
-0.01973366
0.08201827
0.11656995
-0.08539309
0.11535957
0.03571244
-0.04428732
-0.00907528
0.07025803
0.06221775
0.01417860
-0.04290178
-0.07077528
0.09978541
-0.24718312
0.08516672
-0.14998019
-0.09446076
-0.10083951
-0.03793624
0.03645438
-0.00794860
-0.04111107
-0.13866364
0.16145472
-0.04765204
-0.05229261
-0.01230320
0.06721295
0.01209859
-0.07863536
0.03569951
0.12287974
-0.06287252
-0.07262678
-0.02112826
0.01462672
0.08161185
0.02757631
0.14638255
-0.01787296
0.09694380
-0.03440872
0.15793577
-0.06753523
-0.08917208
0.08367457
0.08354433
-0.01090531
-0.04893799
0.17823637
0.06581741
0.09315297
-0.01005745
0.05654678
-0.04675785
0.03989659
-0.19231169
0.25763916
-0.15613607
0.09020491
0.12947125
-0.01478164
-0.19389925
0.00403408
0.06830720
-0.15358340
0.11233012
0.09789330
-0.06431845
-0.03576968
-0.09000839
0.03139476
-0.16979626
-0.17646875
-0.22013407
0.08324155
-0.11547584
-0.05831448
-0.00494913
-0.01374885
0.14911834
0.02381243
-0.10210238
0.13025709
-0.08118262
0.04951664
0.01939816
0.03322989
-0.26815606
-0.01833578
0.11165929
0.04876981
0.05836459
-0.11467422
0.04228179
-0.08130261
0.02361437
-0.08654623
-0.11867761
0.00340592
-0.14741166
-0.11956206
0.04825649
0.00342116
-0.02805655
-0.10026024
-0.03379099
-0.03859296
0.09208108
-0.06069370
-0.23552463
0.09001173
0.02723422
-0.02652821
-0.02330968
-0.15801854
0.10608083
-0.11587018
-0.02016461
0.13987465
0.04642241
0.15297890
0.03096803
-0.07702400
0.05299877
-0.17094130
0.02526285
-0.00625433
0.13961802
-0.03920170
-0.13896546
-0.08847647
-0.04614207
0.00632884
-0.03611302
-0.07777572
0.09545821
0.05444454
0.03633582
-0.00368010
-0.11200721
0.04134594
0.01812573
0.07479445
-0.11512093
-0.00304592
-0.15464346
-0.08643091
-0.03894036
0.00028158
0.08022091
0.07591427
0.00737344
0.08032234
-0.04558857
0.07520198
0.09596729
-0.09764659
0.04268764
-0.06508174
-0.01620722
0.02889303
-0.08556899
0.05787013
-0.01523697
0.02593285
-0.04873609
0.16729295
-0.01166218
0.18203786
-0.09829604
0.00483593
-0.08998676
0.05005842
0.12826860
-0.03273221
0.07024987
-0.02196353
0.14850178
-0.01908143
-0.13705507
-0.01459850
0.14884410
0.13098283
0.05195318
0.08811053
-0.01226419
-0.02498151
-0.16161914
0.01501058
-0.13605373
-0.16835598
0.03391442
0.08593910
-0.01850412
-0.03036060
-0.12885192
-0.01744642
0.11502463
0.07219222
-0.09637990
-0.15608736
0.01403376
-0.11896362
-0.12228976
-0.17546013
0.03156913
0.27500099
-0.03867394
0.15074929
-0.02914810
0.05170296
0.17402340
0.02562708
0.00653732
-0.06767469
0.06779316
0.00970184
-0.02022025
-0.01255479
0.00415215
0.03988816
-0.00311112
-0.05073120
0.13522899
-0.12720453
0.08074796
0.05612525
-0.16383500
0.01186256
0.03718863
0.17377693
0.06252120
0.03284199
0.08849803
-0.00689214
-0.09582276
0.05080205
-0.00981141
0.05618902
-0.06395492
0.03745470
-0.05233349
0.00556798
-0.07074842
0.12236880
-0.10123285
0.01001244
0.03061493
-0.07246802
-0.19931649
0.18059525
-0.10755921
0.13725605
-0.02403542
-0.13187210
-0.21272629
0.13158148
-0.08280693
-0.02980160
-0.07806531
0.04195758
-0.10614833
0.06114701
-0.04492289
-0.05226222
0.05501685
0.21762496
-0.08981400
0.01437601
-0.10158759
0.17708813
0.00358727
0.11681705
0.11150797
0.14884200
-0.05411237
0.03166197
-0.01781573
-0.09756838
-0.03994214
0.06085067
0.01836234
0.00441572
0.07999818
0.01686429
-0.00562319
-0.03048470
0.06931841
-0.14295444
0.03036399
-0.09031044
0.09644809
0.07741451
-0.06336529
-0.01492488
-0.03687693
-0.03787916
-0.03093977
0.09730845
-0.11187359
-0.05641391
0.07510970
-0.00566680
-0.01058241
0.14533936
0.00190207
-0.06606485
0.20631532
0.12896515
0.00126210
-0.08396152
-0.07922604
-0.00244385
0.05433790
-0.04885277
0.00413922
-0.06872214
-0.02144607
-0.07570470
-0.01322558
-0.04541546
0.02771516
0.00279896
0.04113197
0.06720684
0.23344897
0.07296554
0.07700395
0.14510737
0.05744529
-0.10344672
-0.08289344
0.25107654
-0.11628952
0.01434083
-0.13976016
-0.04137179
-0.01725644
0.07350352
0.03710977
0.21631817
-0.07159348
0.03599254
-0.12519623
-0.07213562
-0.10673937
-0.12675801
-0.04728809
-0.05361461
0.04134224
-0.14601539
0.12363962
0.03131543
0.07314204
-0.01589605
-0.02796194
0.04193454
-0.23936049
-0.04655069
0.22277544
0.01574563
0.06911087
0.11043558
0.00689248
0.03716224
-0.09902373
-0.11143729
0.08920554
0.11602096
-0.27786104
0.02705124
0.04228769
-0.10183379
0.09513091
0.06114763
0.03567623
-0.06439280
-0.02347630
0.01102874
0.03053108
0.02198610
-0.02260060
-0.02206837
-0.09319501
-0.02882725
-0.07394696
-0.03866095
0.04587899
-0.09213128
-0.25512896
-0.03248759
-0.12394908
0.08264740
-0.01815053
-0.02610682
-0.05261350
-0.12015993
0.05982693
0.09398470
-0.02679034
0.08515215
-0.06240831
0.03939932
-0.15863979
-0.03993469
0.05224654
-0.14279409
0.06832624
0.26211716
-0.11776652
-0.09473340
-0.04823517
-0.17456225
0.08708142
-0.05461024
0.14673207
-0.09246487
-0.05735674
0.13745171
-0.06751025
-0.03252631
-0.05028321
-0.13246208
0.08839907
-0.00676658
0.17547843
-0.03648499
0.07660723
-0.07960974
-0.10874250
0.16029602
-0.05799721
-0.13242734
-0.02177981
-0.11246465
0.01803319
0.10638233
0.07337538
0.07700179
0.07355388
-0.04634381
0.00800939
0.08182883
0.02044361
0.00829257
-0.05828958
-0.05073137
0.24647930
0.04181428
-0.06584947
-0.03264356
0.12033727
0.01257471
0.13052015
-0.00012202
0.15882733
0.22099449
0.05546355
-0.21363538
0.10064142
0.12461510
-0.00180420
-0.00209466
-0.25645841
0.03507750
-0.05944802
-0.03551848
-0.11311732
0.20899934
0.08079943
0.03526330
0.04150145
-0.04563555
-0.13944621
-0.01151921
0.06003499
0.13535089
-0.10955008
-0.03825346
0.00696593
-0.09078477
-0.20987069
-0.10965165
0.03649359
0.08438155
0.08115451
-0.04504245
-0.06437967
-0.00205522
0.06252602
0.13410803
0.07634872
-0.00963304
-0.06609066
0.08555221
-0.09388782
-0.05030776
0.00459728
-0.10358149
-0.00281607
-0.06175304
-0.03477339
-0.12460027
-0.06241742
0.03309511
-0.07767927
-0.11096845
-0.00754401
-0.20561172
-0.02743064
0.15905001
0.04869559
-0.12132612
0.00559031
-0.00472030
0.06407378
-0.01833450
-0.00227373
-0.05960625
-0.02442240
-0.02599279
0.13876109
-0.09771223
0.11648863
0.05926348
-0.00891152
0.06219139
0.12896172
0.01591959
0.02213291
-0.00323106
-0.03772056
0.13525725
0.04443130
-0.06059072
-0.13372226
0.01328293
0.01500320
0.01300123
-0.01730057
-0.07950954
-0.17332240
0.04232430
-0.03703556
0.04478020
0.10839905
-0.11852153
-0.03955171
0.12313788
0.10101328
-0.12274551
-0.12537141
-0.04980486
-0.06346221
0.05148320
-0.06762307
0.08908204
-0.07671042
0.03453732
-0.05749556
-0.11927257
0.08684398
0.00097530
-0.01152134
0.02728866
-0.10160308
-0.11903211
-0.06893755
-0.06115219
-0.05068991
0.14510632
0.16932431
-0.04326785
0.05275214
-0.00662867
-0.00753203
-0.08869279
0.00364385
0.04802150
0.02828023
-0.11989911
0.25509303
0.03393268
0.02074997
0.10564910
0.03301312
0.07976506
-0.02871182
-0.09572067
-0.10847167
-0.01379166
-0.13608002
0.11639575
-0.01304112
0.12414478
0.11282573
0.07288889
0.09022568
-0.01355459
0.11429548
-0.00348326
-0.09789542
0.08570398
0.01850718
0.00138557
-0.09300314
-0.21742999
0.00442715
-0.09253277
0.05632562
-0.02188851
0.17779833
-0.04415010
-0.02527730
-0.19048288
0.05797933
-0.13216211
0.04580235
-0.00231244
-0.07315994
0.17733617
0.06325623
0.06211226
-0.03562724
0.05054722
0.07431968
0.08530603
0.08937119
0.06980668
-0.02904515
0.03157506
0.05124483
-0.06377691
0.02901311
0.04024425
0.15290540
-0.12738828
0.02877136
-0.09446256
-0.09791702
0.03168286
0.10979291
0.00596609
-0.13245115
0.03902884
0.03418257
-0.03276816
0.08764576
0.03500916
0.04108983
-0.01810334
-0.01238700
0.03984011
0.11636116
0.25993559
-0.01061206
0.09986667
0.05115791
-0.04936646
0.01009806
-0.20617979
-0.17948804
-0.00189812
0.02412972
0.05858498
0.05736844
0.17893423
-0.13744445
-0.09678091
-0.09795472
-0.09923775
0.06697345
0.03352897
0.00701661
0.06110504
-0.13666132
-0.03439103
0.04311159
-0.00671928
-0.02018370
0.00010657
0.02372408
-0.06085312
-0.12020989
-0.08974397
-0.04136089
-0.14149134
0.02137247
-0.00454904
-0.16043068
0.09350819
-0.07748263
0.03219525
0.18457702
0.15278040
-0.04780542
-0.13462008
0.03443725
-0.00556687
-0.07144871
0.04686349
0.09164438
0.03674875
0.13486065
-0.00718299
0.02525971
-0.10943822
0.04526690
-0.12463214
-0.11177127
0.11617139
0.01766707
0.03608068
0.15607812
-0.03258651
-0.16254535
0.05871654
0.01049012
0.00672011
-0.08700466
0.01620524
0.11407257
-0.03790769
0.00682637
0.01689402
0.05495919
-0.08476698
-0.20461887
0.05281186
0.08136220
-0.02034432
-0.02203905
0.03436357
-0.00884838
0.19467831
0.18340937
0.03057116
-0.10833730
0.07228540
-0.04271648
0.08881825
0.04742063
-0.01497794
0.11503871
-0.04509559
0.09493975
0.27527347
0.00261384
-0.05872290
-0.13842822
-0.08869334
-0.08389345
0.03473282
-0.00665489
-0.03031469
-0.01384570
-0.19820365
0.11761410
-0.17644461
-0.15534817
0.06258576
0.06784348
-0.07394772
0.02300321
-0.04960248
-0.29921017
-0.04236434
-0.05406676
0.12405100
0.07720764
-0.02169978
-0.08655029
0.04222756
-0.00370868
-0.04997051
-0.06477821
-0.06147130
0.05224934
-0.10300659
-0.10102340
-0.01004352
0.06795293
-0.09758156
0.05932213
0.10479751
-0.01895482
-0.06970735
0.13290566
0.01177685
-0.04179231
-0.01288490
-0.03798852
0.06079284
0.01020422
-0.00100622
0.15315093
-0.00728920
-0.03533881
-0.01960990
0.06809336
-0.13854460
0.11338103
0.02095564
-0.04317962
-0.07834024
0.20178938
0.07638900
0.09294988
-0.17654635
-0.05213020
-0.19576204
-0.13653894
-0.20722474
-0.07933912
-0.04178899
0.07440347
0.03434196
0.06240410
-0.11978335
0.01207952
0.03348910
0.03229854
0.16966023
-0.30298629
0.11245548
0.14430616
-0.11342354
-0.01676562
0.10418454
-0.08404671
0.08611574
0.18318994
-0.03340279
0.02338962
0.18577947
0.18052120
0.04281059
0.02056239
0.14907235
-0.08178568
-0.00533960
-0.02155510
0.20785147
-0.02740973
-0.04602601
0.07361176
0.05440585
-0.04273561
0.09445085
0.09757599
-0.15033823
0.04033678
-0.13100901
-0.02058648
-0.06926347
0.06833903
-0.01994201
-0.21856722
-0.06889256
-0.02256695
-0.05533935
0.07303303
-0.13599685
-0.08924798
0.01515015
0.10479841
-0.03284976
0.01382940
0.01192152
0.05537950
-0.00502187
-0.07630431
-0.12063794
0.07820075
0.03289669
-0.03658251
-0.05132758
-0.08383682
0.10549209
0.04311700
-0.04601065
-0.05733121
0.17616280
-0.09502972
-0.08722225
0.02010988
0.06925771
-0.04805564
0.04071339
0.10215228
-0.06696361
-0.21197126
0.18487051
0.01585740
0.00992206
-0.09689433
0.09381370
0.03270654
-0.05374448
-0.04331754
0.09004776
-0.05558278
-0.08198398
0.05989299
-0.15232302
-0.09627491
0.04705385
-0.12379456
0.22645352
0.16658354
-0.07001971
-0.02935938
-0.01832263
0.15449545
-0.10522479
-0.03389209
0.02060210
0.07992910
0.13534173
0.05270306
0.10768845
-0.06124515
-0.19546576
-0.14000065
0.10133355
-0.06951937
-0.02884773
0.00884624
0.11355101
-0.06993746
0.04511370
-0.04005267
-0.00551196
-0.05245869
0.04050534
0.07060587
0.07130322
-0.14854278
-0.03401014
0.04400980
-0.08816124
-0.14705903
-0.02444426
-0.12271709
-0.08436181
0.16916862
0.09814205
-0.02222290
0.07101354
0.07657451
-0.03607269
-0.04430246
0.23398744
0.00628134
-0.04174150
0.05929748
-0.03996134
-0.13957623
0.08110826
0.15592891
-0.11205905
-0.02988953
0.04773748
-0.07379988
0.10530404
0.09978784
-0.07087909
0.08797257
-0.06582300
0.17103761
-0.03053322
0.03079867
-0.09509904
-0.13986632
0.04711586
0.15414390
-0.01777685
0.12443680
-0.10344620
-0.06940596
0.02426566
0.06946902
0.02005420
-0.17220112
-0.00851780
0.08243803
0.13066301
0.11668367
0.03294259
-0.00630735
-0.00198228
0.12768388
0.08865589
-0.18466308
-0.10824571
0.04251478
-0.04040589
-0.15011754
0.20973928
-0.00424242
0.08141987
-0.03522678
0.08592000
0.05184125
-0.09456815
0.09091740
0.02005570
-0.06904952
0.06225381
0.06711693
0.06368358
-0.02734759
0.10753053
0.06442072
-0.09356003
0.02504561
-0.08709972
-0.06121449
-0.11938396
0.01297803
0.01465438
0.03471746
0.00593454
0.14596603
0.07016082
-0.08851679
-0.08436437
0.00295458
-0.00488841
-0.01780201
0.05254735
0.13357416
0.02534555
-0.04136949
0.11111780
-0.00281336
0.15982888
0.02227433
0.07994715
0.06974312
0.09333131
-0.07082790
0.00372752
-0.15130961
-0.14978594
-0.09924857
-0.00241373
0.24222130
0.15528230
0.08814899
-0.18048235
0.14010207
0.03748076
0.09478690
-0.04158304
-0.07048666
-0.00618511
-0.14354884
-0.03117228
-0.06699646
-0.02394557
-0.06219579
-0.00296949
0.00333766
0.08958836
-0.10351741
0.02324756
0.07496752
0.08402546
0.04673570
-0.02242875
-0.03019425
0.11715613
-0.12399285
0.02404185
0.15120719
0.10780652
0.08449940
0.02413670
0.17518654
0.00434225
0.03397771
0.01752243
0.04115462
0.14915225
-0.11709314
-0.05489691
0.09707541
-0.05925407
0.01542114
-0.03441692
-0.00607062
-0.01421911
-0.04849197
0.09998752
0.04321725
0.07009348
-0.09408282
-0.04882091
-0.02666235
0.07031630
-0.23788624
-0.21898100
-0.09304062
0.05152011
0.02583561
0.01153880
-0.04936849
-0.15988572
-0.08538794
0.22510862
0.03401996
-0.00228036
-0.06422636
-0.03744224
-0.10076915
0.06672832
0.04673830
0.04457766
-0.12616541
0.09191192
-0.01462574
-0.11752919
0.15036990
-0.01209948
0.01712426
0.04008379
0.09948512
0.12536962
-0.13106809
-0.04904247
-0.02679345
0.03398321
0.02601282
-0.15060581
0.22180471
0.05305907
0.08646716
-0.09232788
-0.02706118
0.03936378
-0.19500773
-0.01521416
0.00548299
-0.07319562
-0.22094413
0.02108150
-0.05966943
0.02417040
0.07183119
-0.12756403
-0.05096510
-0.14896181
-0.08512925
-0.11076893
0.23400615
0.19308995
-0.05570342
-0.14615318
-0.02903360
0.06582074
0.03126336
0.19959283
0.07931180
-0.00838512
-0.05142589
0.13792493
0.04692963
0.09377465
-0.04506561
-0.08681415
0.06353266
-0.04707450
0.16593553
0.06296300
0.01692629
0.01170278
-0.01215613
0.08486141
-0.06360805
0.10018371
0.18562906
-0.03670432
-0.00455793
-0.05755848
-0.10372907
0.05183126
-0.01757394
-0.02724658
0.06250705
-0.13087742
0.06342726
-0.11440918
0.04427309
0.20490814
0.09610329
-0.04737466
-0.01065060
0.07094664
-0.13478373
-0.01904744
-0.01185573
0.03949134
-0.18390155
0.05436804
0.04087194
-0.06764321
0.06855302
0.03378128
-0.04334271
0.12213256
0.06286551
-0.05389917
0.14513440
0.15523614
-0.06341628
-0.13673183
-0.02665056
-0.10821985
-0.17623103
-0.17086025
-0.04224570
0.13570518
-0.05827109
0.00617472
0.00344088
0.04303064
-0.13885119
0.06576315
0.02428950
0.02340378
-0.08191471
0.00231545
0.01016336
0.05532194
-0.10479551
0.01504182
-0.04137749
0.12256865
0.07286365
0.07885096
0.01871943
0.07227557
-0.00291633
0.03161163
0.04264496
-0.09353497
0.14072714
-0.00646366
0.05494661
-0.17676195
-0.03447958
-0.08110643
0.07865192
-0.02614217
0.13135729
0.13544406
0.02862021
-0.16223154
0.09250368
-0.00109651
0.12242021
-0.01141261
-0.09196245
-0.04098172
0.17968273
-0.00510645
0.18545294
0.09017396
0.13492934
0.14351613
-0.01073326
0.05550744
0.19686415
-0.00267415
-0.06288659
0.03351027
-0.06733628
0.00081465
-0.03808113
-0.14724439
0.16446600
0.12098322
0.02286288
-0.01119367
-0.11895224
-0.03013456
0.05279522
0.12870076
0.00985397
0.13322436
-0.15479764
0.06103921
-0.15773716
-0.06408291
-0.04471413
0.11135025
-0.12699276
0.01558795
0.09450306
0.06576674
-0.24381084
0.07250972
-0.02380914
-0.00986278
-0.12150719
-0.11886813
0.01048523
0.18142113
-0.01207482
0.07983235
-0.02416409
0.12204522
-0.09548951
0.02268551
0.04919892
0.00904296
0.14176310
0.20293178
-0.04183105
-0.04382123
0.00569276
0.17030219
0.02673740
0.03700940
-0.03321733
-0.08523515
0.11342882
-0.05754932
-0.02258949
-0.02745620
0.00017965
-0.02575276
0.29121124
0.05068096
-0.16633731
-0.02589190
-0.03325221
-0.10821572
0.01365074
-0.08979679
-0.02170405
0.22154373
0.04731459
0.03307472
-0.03598549
0.05328415
0.04927930
0.06762987
-0.06413966
-0.07676767
-0.00493843
0.12451682
0.00647895
0.08165013
-0.00852483
-0.05218447
-0.04112923
-0.03497568
-0.02426187
-0.07276409
-0.07651128
0.02841370
0.02792031
0.01501168
-0.03731101
0.11129313
-0.01363509
-0.20272415
-0.16458947
-0.05240945
-0.11419284
-0.16472079
-0.04828673
-0.04603103
-0.02894218
-0.11621452
-0.11048052
-0.00379842
-0.04629892
-0.02285551
0.11839325
-0.10481830
-0.00174340
0.14664640
0.16397197
0.18423688
0.18664321
0.14620213
0.23407396
0.15360284
0.19442981
0.28499046
0.28435494
0.12128049
-0.01069252
0.17831604
0.14300891
0.21237839
0.19395214
0.21176629
0.13640611
-0.05535026
0.13620669
0.20943834
-0.02317248
0.04481047
0.00726746
-0.29176617
-0.00936639
-0.25669066
-0.02136381
-0.08740596
-0.27774127
-0.12203049
-0.08858006
-0.09894747
-0.05076179
-0.13624762
-0.15434323
0.00769336
-0.10986696
0.01643879
0.02792296
-0.14953117
-0.04417061
-0.11646738
0.06356410
0.01049336
0.11021605
-0.01890800
-0.17885440
0.06057623
-0.03513738
0.15683699
0.08815103
0.14227667
0.09412276
0.03277002
0.01668620
0.19691461
0.10621700
-0.03318424
0.08384544
0.17323605
0.05825247
-0.07525608
0.24235893
-0.00871939
0.03367924
-0.06280766
-0.05574281
0.05733407
0.08899294
0.03800392
-0.02813908
0.08567215
0.10718191
-0.03149564
-0.04139614
0.02258671
0.01720223
0.18353924
-0.04392393
0.08528045
-0.04780488
0.02969309
-0.08303402
0.08298770
0.02336632
0.06739138
-0.04164686
0.24152374
-0.07349701
-0.03043266
0.23563083
0.21022650
0.29796821
0.09212681
0.09543940
0.17553109
0.13573807
-0.02088593
-0.03530791
0.12538919
0.00770928
-0.05533265
-0.04222553
-0.15310154
-0.25405087
-0.38261554
-0.17092241
-0.16894730
-0.33111526
-0.52628436
-0.42197584
-0.39179645
-0.26999813
-0.44610248
-0.42348547
-0.28194135
-0.34625694
-0.17183204
-0.13271001
-0.32617772
-0.19172393
0.04107825
0.01747112
-0.08525443
-0.08455778
-0.02227268
0.10811850
0.18997954
0.11873202
0.36106046
0.28189756
0.36856039
0.33713884
0.46990890
0.37873526
0.37930412
0.37071487
0.49062458
0.26373243
0.28572752
0.28488573
0.13590411
0.27495343
0.08202117
0.27119010
0.11023251
-0.02927899
0.03554920
0.05476682
-0.16399829
0.08346790
-0.04207017
0.08813219
0.09968611
-0.33584547
-0.23437990
-0.09069577
-0.19548895
-0.00893547
-0.09760956
-0.06351215
0.08915266
-0.11598752
0.10837647
-0.11886196
-0.04588972
0.09808022
0.11450731
-0.04137457
0.05110650
-0.15688739
-0.03859771
-0.03300218
0.01712249
-0.09153262
-0.12566080
0.05006966
0.17687947
0.15354636
-0.08954896
-0.24797918
-0.04286237
-0.18654238
0.02964199
-0.00113038
0.08042244
-0.02041654
0.18478305
0.10739100
0.03980689
-0.18547940
-0.03548994
-0.00969729
0.13334954
0.13440211
-0.04686890
-0.03978195
0.03430594
-0.11804813
0.10872102
-0.13575906
-0.03067091
-0.04434751
-0.02767564
0.00878321
-0.13209895
0.06209139
-0.04702834
-0.07665449
0.03029294
-0.09372721
-0.03715779
0.03011455
-0.07734105
-0.05862565
-0.08448842
0.00728383
-0.01746779
0.09283845
-0.25505932
-0.05420573
0.17551052
-0.16922138
-0.00614497
-0.10184327
-0.04387362
-0.08778632
0.10320182
-0.11590637
0.11462937
-0.15328246
0.10906946
-0.17742183
0.17331329
0.11160993
0.10492856
0.21532038
0.00882979
0.11558975
-0.03072900
0.00077131
0.07565888
-0.05010787
0.15318461
-0.09911733
0.09064792
0.04068404
0.06135107
-0.04232706
-0.03649009
-0.11660116
0.02968916
-0.02051504
0.06945461
0.03397241
-0.08505476
-0.05993424
0.10314798
-0.00979335
0.05477964
0.10530389
-0.05887665
0.03700351
0.05824050
-0.13487138
0.02201635
0.01833898
0.12345900
0.01039722
-0.03436910
-0.07297765
0.10217101
-0.02781527
0.05481949
-0.00926200
-0.07495939
-0.05901583
-0.03074144
-0.04379048
-0.12830106
0.13725521
0.01785714
0.13968823
-0.08027385
-0.12835260
-0.09055899
-0.08016883
-0.00349298
0.04134378
0.00563678
0.00629945
-0.12318684
-0.19252052
0.02149884
0.04533281
-0.03822542
0.08745357
-0.08371856
0.02356761
-0.02403163
0.11499034
0.03877178
-0.04771580
0.08868433
0.09148158
0.03406913
0.14249970
0.18060601
0.09597142
0.23736695
0.07728391
0.09659357
0.21499403
-0.00954669
-0.05816511
0.17472154
0.15929520
-0.07448478
0.25752987
0.11843843
-0.01245221
-0.04584542
-0.17822303
-0.05770178
0.00014641
0.07549894
-0.15078686
-0.08652801
-0.16788771
-0.20939794
0.05055182
0.02910289
-0.04892624
-0.08409115
-0.16184329
-0.20508197
0.07963611
-0.09041017
-0.07433395
0.09654463
-0.06195294
-0.10643536
-0.05444526
0.20095683
-0.00393945
-0.04983859
0.16341920
0.04198016
-0.02368218
-0.00147621
-0.11383270
-0.04842682
0.15095300
0.08477629
-0.12624119
0.00896649
0.03123706
0.02436232
0.21731303
-0.03587130
0.09206863
-0.02853140
0.13189535
0.10921681
