0.00563534
-0.17372499
-0.13606541
-0.19372556
0.22745517
0.05917414
0.34154082
-0.16537585
0.27887064
0.00080830
0.05161854
0.02798541
0.07323699
0.20148963
0.39087470
0.05907232
-0.19861829
-0.18655494
0.16160141
-0.07346358
0.16203137
-0.11048914
0.08739726
-0.11695817
-0.01990755
-0.05370968
-0.07356862
0.13281048
0.02421801
-0.22802847
0.13969950
0.03857207
0.08700224
0.08552693
0.03404141
-0.06703934
0.05974721
-0.22793568
-0.18271310
-0.07152537
0.29330579
0.04309715
0.20073762
0.01833898
0.01908598
0.02859482
0.02253252
-0.30606988
0.02721563
-0.01553752
-0.01466742
-0.12117666
0.24668794
0.23272749
0.22793143
-0.15584683
-0.19119002
0.20772665
-0.16918610
-0.22824207
-0.36355544
0.13302560
-0.11930182
0.20194632
-0.18431747
0.12087427
0.30028729
0.04072285
-0.05681558
0.09605987
-0.25094593
0.16802296
-0.09748352
0.11265030
0.17309561
-0.12812134
0.07874500
-0.41002547
0.26631695
-0.20900361
-0.01171916
0.14028715
-0.03643396
-0.03207011
-0.16734455
-0.02010286
0.07260333
-0.11661030
-0.33331352
-0.06314709
-0.30017894
0.03353695
0.09297253
-0.09044241
-0.08203410
0.08989007
0.00530641
-0.09952392
-0.22420115
-0.04969585
0.19747019
0.17405578
-0.14816922
0.04267492
-0.25176581
0.04190394
0.10493193
-0.12130143
-0.01021675
0.00672338
0.32031267
-0.06726372
0.20676049
-0.36402405
0.23714739
-0.24092622
-0.24172166
-0.11993961
-0.03660374
-0.05940860
-0.30449608
0.00342904
0.11034906
-0.10283499
-0.03898825
-0.32609621
-0.12119980
-0.08879063
0.19147716
0.05810032
0.03213663
0.35869069
-0.11114604
-0.04293526
0.20488630
0.26479934
-0.00843399
0.00081699
-0.07190548
0.03373597
-0.07373641
-0.07527881
-0.17930834
-0.45633727
0.03570430
-0.18385224
0.19667318
0.17321339
-0.23655187
0.05195777
-0.04221709
-0.04122638
0.01327873
-0.04942247
-0.15801423
-0.15128447
-0.10617926
-0.04617327
0.08463586
0.22128817
0.22074665
-0.08281389
-0.27529478
-0.04137559
-0.15264160
-0.16608130
-0.05245537
0.00280442
-0.16804768
-0.06427366
0.06078075
0.01040279
-0.16040918
-0.17453900
0.06586186
-0.08872286
0.03352237
-0.23628923
0.10052627
0.15740060
0.15139794
0.05605927
-0.07688114
-0.15021857
0.15748924
0.09417783
-0.02298144
0.00114662
0.20007470
0.00389553
0.18498373
-0.20858851
0.16989500
-0.23080434
-0.11603123
-0.02551775
-0.27172913
0.10823984
-0.12212287
0.31834375
-0.30722154
0.14671247
0.32317718
0.16780131
-0.11749084
-0.15570071
0.10732585
-0.03033700
-0.16543547
0.04546686
-0.19032700
-0.01285044
-0.05377880
0.01944362
-0.17252402
0.10104420
-0.13213693
0.24519469
-0.06768211
-0.08651110
0.09293605
-0.05313427
0.01211285
-0.33505767
0.15052758
0.09188903
-0.11136096
-0.04310990
-0.02744162
0.02645704
0.22087609
-0.12437370
-0.03180201
0.00332883
0.02480506
0.03667964
-0.10707816
-0.10981321
-0.17246395
0.07167706
-0.22144882
-0.06115943
-0.04766189
0.15699886
-0.16967895
-0.09415240
-0.04039934
-0.20597308
-0.03964615
0.24844067
0.15102561
-0.16546498
0.08480175
-0.00908556
0.13377224
-0.10281344
-0.04491243
-0.44438176
-0.11413455
-0.14306525
0.12003216
0.00374613
-0.13474073
0.02057571
0.24719390
-0.06377336
0.10626650
-0.07440189
-0.08186104
-0.14218336
0.01579869
-0.21736983
-0.16282461
0.09775626
0.24801369
0.32537723
0.13573628
0.16578535
0.03777290
-0.08949440
-0.28528609
0.30687938
-0.07845006
-0.01348562
-0.06043771
-0.08057074
0.25290454
-0.17171229
0.02361112
-0.51970970
0.15654380
-0.03832850
-0.34988149
0.10459284
0.03031004
-0.04075619
0.36105852
0.15671990
0.00177457
-0.04372947
-0.02647553
0.22154811
0.14970717
0.28709308
0.31535922
-0.20812324
-0.04397753
-0.10641502
0.46742606
-0.10511150
-0.02361633
-0.13055779
-0.04028528
-0.01731085
0.05333072
0.06523946
0.19453130
-0.14619477
0.08044949
0.04833094
-0.19305005
0.01853295
0.09576878
-0.15654793
-0.04670330
0.12422858
0.11608705
-0.11854096
0.02510435
0.33077205
-0.09611158
0.24862282
0.31355128
0.17054028
-0.07138442
0.02264021
-0.00705448
-0.32612284
0.07972742
0.04290037
-0.04574143
-0.08330052
0.03156598
-0.05346699
-0.17894400
-0.04868912
0.07407894
0.16417230
0.09780071
-0.07732490
0.18870656
0.10815484
0.18498177
0.25351670
0.14049163
0.10040621
0.08163614
-0.35074821
0.11156583
0.08114168
-0.17829049
0.02460830
-0.02207543
0.05926509
0.05267743
-0.04742079
0.22929284
0.04989225
-0.12263766
-0.01817524
-0.07908414
0.03065076
-0.32278277
-0.06697032
0.07110169
0.11810187
0.10472524
0.01433731
0.20761281
0.12236086
0.09856281
0.18090763
0.29977116
0.34379021
-0.07247418
-0.05009999
-0.00805855
0.01436257
-0.11828952
-0.06614085
0.04020343
-0.07845097
-0.14772257
-0.00124666
0.46108438
0.21583240
-0.05059629
0.05658258
0.13515766
0.00494063
-0.13514065
-0.27006916
-0.19461398
-0.06922988
-0.05463462
0.16698009
-0.01906370
-0.31080452
0.14145493
0.03337543
0.00804135
-0.17126511
0.25657637
-0.33940120
-0.05533020
0.15542056
0.08346262
0.02801997
-0.08061452
0.15288374
0.07566502
0.13844483
-0.08681626
-0.04546668
0.21748335
0.27734723
-0.07205811
-0.00425097
0.00016352
-0.09786593
0.04222968
-0.15978198
0.01544501
0.05023667
-0.04462554
-0.04756308
-0.25796071
-0.07769577
0.01538862
-0.06864272
0.11396716
0.01105208
0.40998673
-0.15145516
-0.25391450
-0.03118926
0.31393269
0.21745488
-0.03599148
-0.29874719
0.10091869
-0.08667705
0.00579350
-0.26681363
0.09117030
-0.28701020
-0.03947247
0.17550836
-0.07627615
0.07148274
0.17173729
-0.01677384
-0.08943323
-0.03214552
-0.01875314
-0.01511603
-0.04963850
0.08804999
0.01220361
0.28570362
-0.05036404
0.00712215
0.19535846
-0.00849289
0.08950956
-0.20375944
-0.03861626
0.07074015
0.16882899
0.17738381
0.13361912
-0.15460486
0.15926972
-0.03871352
0.06957210
0.15179344
0.02562912
-0.18071194
-0.10389076
-0.13569359
0.04046356
0.22768119
0.04472251
-0.17486144
-0.05441479
0.08806759
0.09274538
0.03645414
0.06653322
-0.06150608
-0.04307452
-0.09190331
-0.06774678
0.04599896
0.19781491
0.05410749
-0.17312950
-0.27685028
0.22402596
0.01888373
-0.21793852
0.08343191
-0.00386959
0.16628228
-0.05003071
-0.02149365
-0.14908091
-0.09302085
0.00219329
-0.01011761
0.07088108
0.02766913
0.02478484
0.00326771
-0.18600456
0.18201256
0.11901378
-0.09528278
0.04625663
-0.20237469
0.12602437
0.23658058
-0.17201830
0.06547803
-0.07330691
-0.03666034
-0.00261537
0.02126713
0.06167536
0.02948943
-0.25795494
0.00760364
-0.09047397
-0.00868661
0.31595273
-0.20548228
0.10215917
-0.07003634
-0.15155418
-0.03307756
-0.14186546
-0.15632544
0.05914133
-0.16993125
-0.34161377
-0.20840707
0.14269698
0.17818375
0.15553395
-0.54279005
-0.28004746
0.00636450
-0.18115987
0.19572101
0.18481988
0.00956218
-0.06201686
-0.18865075
0.19791250
0.15503340
0.16743454
-0.11301072
-0.00023940
0.06923761
0.06451260
-0.18082252
-0.03615596
-0.00102256
-0.26322480
-0.13818933
-0.05797802
-0.24774163
-0.15564840
-0.14249903
0.23226765
0.21582361
0.10323812
-0.09641077
-0.07624841
0.05939799
-0.17141450
0.05285471
-0.01575331
-0.00923295
-0.04693365
-0.01403301
0.20179757
0.04220087
0.07788792
-0.10665091
-0.00292949
0.12938342
0.08208239
-0.10978765
0.04972045
-0.16035451
0.15766886
0.11295021
-0.35055086
-0.00496865
-0.12321970
0.08676123
-0.00125685
0.02400193
0.04859484
0.28400448
-0.16583907
-0.06232136
-0.18934738
0.18626455
0.26395574
0.20007008
-0.00056505
-0.04889344
-0.20089509
0.29175336
-0.36275282
0.08421725
-0.23320779
-0.00080142
-0.41175226
0.16561256
0.01503462
-0.24593727
-0.09844868
-0.15347686
0.08698124
0.16560194
0.07264661
-0.09329742
-0.39917974
0.04077121
0.01100869
0.29461649
0.13577003
0.08648446
0.07735560
-0.01058260
0.10122087
-0.15514096
-0.14341633
-0.04026001
0.02311859
-0.12195355
0.08601788
0.00593147
0.09869407
0.02576993
0.07047034
0.01127550
-0.10814577
-0.03482912
0.19353058
-0.10623829
0.03685532
0.23030022
-0.03390147
-0.02049087
0.15539089
0.14605011
0.00476240
0.12557786
0.41870964
0.13383089
0.21887049
-0.05169614
0.09502366
-0.22233862
-0.01948941
-0.08006275
0.12507795
0.34983469
-0.21017341
-0.01215476
-0.08509281
-0.30121927
0.05885239
-0.25952479
0.10091786
0.21170176
0.29344545
0.23698000
-0.00136906
-0.18087705
-0.04768772
0.15619330
-0.03918924
0.09294078
0.23476560
-0.14060320
-0.08846145
0.32031000
0.04170418
0.07468975
-0.04782639
-0.15216856
-0.03491396
-0.01234386
-0.15285904
-0.10522253
-0.17887517
0.25220023
0.20465147
-0.02308264
0.17040082
0.06371521
-0.30625009
-0.10765523
0.33919033
0.02116897
-0.20147738
0.02734865
0.12875144
0.08277187
0.23384585
-0.19845295
-0.06691269
-0.15629119
-0.08568801
0.01878076
-0.02365750
-0.12798869
0.36100804
0.06748085
0.03734454
0.17635210
0.23446467
-0.00159325
-0.17087464
0.07191916
0.11614878
0.05365749
0.16566480
-0.10019505
-0.03423514
-0.19835881
-0.21618457
-0.12344208
0.02002480
-0.09813813
0.00809565
-0.30719401
0.04953937
0.11370179
-0.09217536
0.10626922
-0.18929333
-0.01902240
-0.22383724
0.13922459
-0.12067380
-0.20728495
-0.07782162
-0.17872444
-0.19177495
0.12611199
-0.24976607
-0.12746072
-0.36432332
0.06441012
0.19380241
0.03403083
0.11161805
0.19713385
-0.15562621
0.13916039
-0.26567746
-0.14246294
-0.10575240
-0.04032755
0.28131889
0.03345455
0.28683323
0.02297265
-0.13473110
-0.19878719
-0.05564479
0.15043190
-0.10497788
0.20195584
0.11292818
-0.13099029
-0.27435785
0.35698331
-0.10776956
0.22858721
-0.39564053
0.05166251
-0.06039066
0.01760047
-0.07439652
0.23488929
0.18427310
0.01023363
-0.21702044
-0.28822971
-0.01807371
0.16702829
0.00008924
0.02707224
-0.09385588
0.07061247
-0.07782670
-0.31783792
0.25902315
-0.04623397
0.10506776
0.08037366
0.04483172
-0.03077500
0.08815443
0.11076677
-0.22206526
0.01181922
0.19286829
-0.06859934
-0.01798012
0.15069251
-0.04545855
0.22031696
0.11446499
-0.03145014
-0.29104582
-0.06713955
0.13576329
-0.01887995
-0.07314260
0.03432383
0.10332095
-0.07333358
0.32896165
0.02376930
0.10664649
0.17514300
0.42184544
-0.00097132
-0.06357931
-0.01588208
0.15690117
-0.11601865
-0.07333206
0.21721717
-0.10831759
0.20164146
-0.07517251
-0.04645683
0.05315055
-0.00837666
-0.23183661
-0.02474395
0.05572142
-0.15149095
-0.06865746
0.08749186
0.04895904
-0.11079514
-0.10805594
0.16573788
-0.11964715
-0.17234484
-0.03027498
-0.08341429
-0.13573731
0.09426287
-0.29447928
-0.02014312
0.05843511
-0.15893326
0.28807496
-0.08625015
0.23208986
0.08204248
0.19376853
-0.27917375
-0.31187064
0.20383019
0.02201550
-0.05213085
0.23059474
0.20001665
-0.12066498
-0.39532519
0.17654372
0.03672596
0.32725973
0.27417522
0.04994470
0.06183503
-0.17413749
0.05951149
0.17420035
0.29156811
-0.11454893
0.31158607
0.19797102
0.17740834
-0.02157363
-0.28809294
0.15355750
0.02117708
0.16776376
-0.35103278
-0.18100402
0.00255936
-0.10556612
0.02706607
-0.01468468
-0.00799355
0.19850521
0.03767938
-0.02058507
-0.16280400
-0.20081545
0.07887028
-0.11946150
0.27249081
0.04898010
0.16406874
0.13180412
-0.01991515
0.03461536
0.05114974
-0.22022930
-0.07363605
-0.00778949
0.02651766
0.02611417
-0.10930860
-0.21698688
0.19505678
-0.01354793
0.06832308
0.23287036
-0.04708101
0.18405460
-0.06461848
-0.02276538
-0.05461336
-0.11565384
-0.00353877
-0.00021877
0.06500947
-0.06751785
-0.06814826
-0.04355836
0.03537106
0.05683580
0.02767726
0.37328433
0.17810872
0.04594919
-0.22673922
0.15758753
-0.28777013
-0.00373570
-0.02803272
-0.07516908
-0.11102313
-0.16346153
-0.08951932
-0.35057653
0.25843644
0.07445930
0.28802645
-0.11498996
-0.18417635
-0.15553384
-0.05831222
-0.13854964
0.06329519
-0.06952566
0.01591099
-0.01187743
0.01110137
-0.27682694
-0.15211542
0.19079468
-0.01429188
0.22998800
0.01048896
0.02343405
0.03963994
0.03062509
-0.30341472
-0.05713060
0.29532950
-0.07490877
-0.08653619
0.06654181
-0.10931228
-0.01231959
-0.20440512
-0.20104906
0.16572194
-0.20517325
0.17059394
0.06294759
-0.07554111
-0.20281171
0.02544005
-0.00885250
0.10399153
-0.28957559
-0.19947842
-0.05765379
0.41445594
0.02022971
-0.24995635
0.20148425
-0.01999086
-0.24976397
-0.20241770
-0.25847450
0.15313772
-0.23522428
-0.03817958
0.24456793
0.00997924
-0.05713682
0.18751002
-0.09504871
0.39887163
-0.05328525
-0.04730896
0.20802033
-0.06654169
0.08037534
-0.05500511
-0.05245929
-0.23822464
-0.28613494
0.25535923
0.01031162
-0.30419431
-0.26954331
-0.45267561
-0.46753164
-0.54749473
-0.20854288
-0.68764632
-0.46416719
-0.37033044
-0.62091131
-0.48002256
-0.25334617
-0.28248127
-0.08718119
-0.42124666
-0.18134833
0.08378967
0.04934464
0.29310868
0.20104971
0.60281481
0.54169807
0.39129903
0.58921454
0.93766302
0.84666910
0.99215819
1.21936192
0.66093110
1.04453569
0.74336292
0.70238495
0.91422358
0.74050882
0.63415962
0.57097053
0.62145382
0.34090436
0.09954923
0.10499619
0.33322784
0.28556134
-0.30965645
-0.17702255
-0.43957503
-0.30326285
-0.62907922
-0.36339544
-0.71331111
-0.90394316
-0.95278592
-0.30035340
-0.78057926
-0.67733300
-0.36172979
-0.45571087
-0.37918228
-0.33247251
-0.22636515
-0.26274481
-0.18067277
-0.18404905
-0.14989527
-0.21807668
-0.10095200
-0.00116491
-0.05088593
0.18463771
0.04706784
-0.05734685
0.17660287
0.34193583
-0.01941128
0.13624795
0.22958639
-0.17230024
-0.01180437
0.03080027
0.01013830
-0.10176698
-0.05169317
0.07556173
0.36377649
-0.13204701
-0.12737404
0.14275450
0.30321698
0.26745339
0.36677944
-0.00701221
0.11051238
-0.06594041
-0.01973470
-0.10627704
0.03344131
-0.07251552
0.27295738
-0.00680405
-0.04585736
-0.05837693
-0.04911389
-0.19176962
0.26407097
-0.05946823
-0.18804340
0.14756867
-0.16204871
0.04622858
-0.35278152
-0.03541280
-0.01348005
0.34151338
-0.09962987
-0.22143665
-0.31928448
-0.32797066
0.31498321
0.16620835
-0.02172246
-0.05770259
0.14995660
-0.30028827
-0.12386329
0.12991918
0.20001903
0.09055593
0.10327219
0.27107094
0.16693864
-0.26918683
0.12260836
-0.19595179
0.18439149
0.10019224
-0.24516614
-0.12189341
-0.21619434
-0.10915284
0.05660562
-0.03021327
-0.01870948
0.06582842
-0.22796618
-0.09613738
0.13283928
-0.02237507
-0.10356536
0.05414002
-0.01535177
-0.11181412
0.18667568
0.07758382
-0.07324629
0.09805186
-0.11678826
-0.02701125
-0.14031602
0.05559559
-0.21629253
0.07872827
0.04593904
0.02375415
-0.04250211
-0.05701877
0.10638193
-0.26095112
0.25363015
0.29087225
0.16897907
0.05031184
-0.25813565
-0.00779156
0.09221917
-0.18846974
0.14566461
-0.14748620
-0.22100891
-0.12506310
0.12149628
0.18389203
0.03905802
0.02282778
0.17650028
0.22931094
-0.00149770
-0.18442575
-0.11595289
-0.06306858
-0.01982917
-0.06819540
0.11195010
0.00316455
-0.16189869
0.04857790
0.11788564
0.15998086
0.26104089
-0.07062649
0.27056710
0.43083638
0.17189040
0.09303515
0.04996921
0.32752254
0.13320156
-0.11722825
0.30419780
0.06203505
0.18297745
0.16981251
0.16280634
-0.10852699
0.01421440
-0.07377858
0.00848468
0.13021250
0.10235167
-0.07259180
0.06642142
-0.18612035
-0.02563488
-0.21515061
-0.20002927
-0.15640101
-0.34840650
-0.20687399
-0.22928755
0.03537113
-0.07462087
-0.31598081
-0.16195603
-0.04173535
-0.28402589
-0.25479709
0.04431238
0.04677563
-0.12670788
-0.36938807
-0.12535282
-0.18919177
-0.17705986
0.22028021
-0.03355544
0.33878243
0.02272685
-0.02184944
-0.03760142
0.27012487
-0.00286201
0.10805930
0.13495388
-0.11713712
0.27011374
0.39289850
0.08901297
0.15652780
0.22135892
0.35665516
-0.01929970
0.06585325
-0.16733958
-0.02559781
0.02675160
0.05881035
-0.10116380
0.11743097
0.07461522
0.14629878
0.17838059
0.25593454
0.02992632
0.05623057
0.17927351
-0.08784074
0.13250049
-0.12475784
-0.09249271
-0.11344527
0.11369081
-0.15206925
-0.00904995
-0.21553619
-0.04876708
0.07753979
0.09666585
0.01674107
0.31550943
-0.06887696
0.11565718
-0.21234668
-0.00213494
-0.11197397
0.01886866
0.07639307
-0.24366843
0.12604737
-0.18214499
0.20086733
0.11003430
-0.23464803
0.16304736
-0.10375131
0.02433306
0.08699608
-0.07976327
-0.08011871
0.24175114
0.01428855
-0.15457857
0.01816778
-0.15873903
-0.08735265
-0.22207948
-0.04083536
0.09476489
-0.34735960
-0.16542426
-0.09131730
0.02686121
-0.13667329
0.11877910
0.18952415
0.07291528
-0.18073751
-0.12559535
-0.03225853
-0.34214628
0.28043848
-0.41666510
-0.17364818
0.11018311
0.11346479
-0.01143414
0.04757914
0.17633872
0.03066358
-0.09411232
0.22882752
-0.13016353
-0.07383713
-0.28939566
0.47685298
-0.08188179
-0.09318261
-0.31060054
-0.28276444
-0.02753839
0.02168168
0.19891200
-0.27034026
-0.14955539
-0.42930804
-0.17491651
-0.00591162
-0.16185572
0.01469646
0.07165413
-0.26889836
0.00300788
0.09638681
-0.04200048
-0.02097545
-0.28531720
-0.06962876
-0.24158754
0.24415890
0.18829317
-0.22096494
-0.19949824
-0.04878341
0.23055955
0.01883953
0.03904619
-0.00431881
0.17790052
-0.03799051
-0.17562993
0.26703841
-0.00885827
0.16712601
0.10726319
-0.08217841
-0.02090249
0.06735279
-0.08386355
0.07131734
-0.09083768
0.10002180
0.06756798
0.06085806
-0.06202543
-0.07078157
0.17890259
0.26176154
0.19104883
-0.12362454
0.10453741
-0.17440055
0.08376259
-0.05023253
-0.27963241
-0.04839566
0.03831477
0.24028007
0.08000315
-0.18247717
0.20061467
-0.17311352
-0.34814333
-0.38937030
-0.10805133
-0.04685702
-0.09969650
0.12272129
-0.04149710
0.29809989
0.57079346
0.03642437
0.08426996
-0.03065918
0.09510134
0.21504615
-0.19364565
-0.15878390
0.13790153
0.33823134
-0.07259314
0.17757386
-0.02552819
-0.12961886
0.11244597
0.09118472
-0.34143399
-0.09197220
-0.17942734
-0.05021626
-0.20635952
0.01649900
0.18575374
0.11968854
0.07347185
-0.33451518
0.01715885
-0.01929963
0.12537290
-0.03709107
-0.05432587
0.32271736
-0.03571475
0.05247561
-0.10863069
0.08572774
0.27524850
0.02490919
-0.01706740
-0.25313622
0.14358975
0.05248789
-0.09488429
0.06523012
-0.24189615
-0.28624926
0.03473881
-0.14058392
0.00912733
-0.05120306
-0.16377746
0.02058759
0.11444432
0.03182585
-0.02941945
0.12727731
-0.15175298
0.36571209
0.04611378
0.09031956
0.06823328
0.01403735
-0.07494934
0.06789867
-0.04173638
-0.27731765
-0.23150286
0.16476900
0.06972644
-0.01311969
-0.06462009
-0.29252193
0.09535368
0.25055323
0.30589728
0.03021441
-0.16239485
-0.21554119
-0.21926214
0.13158086
0.29856713
0.00382183
0.12252009
0.18523803
0.13520165
0.04676180
0.02775129
-0.13858302
0.05620762
0.28302171
0.20309354
0.01889341
-0.16030540
0.08209554
-0.01420274
-0.09477782
-0.26341041
0.06365745
0.40820035
-0.06610250
0.01231355
-0.04416840
0.07730576
-0.22070505
-0.03269506
0.00438420
-0.02438527
0.03333869
0.22444893
0.34093525
-0.12933372
0.01975315
0.23006811
0.21564279
-0.20002284
0.00274251
0.00595503
-0.14867557
0.08932166
-0.02979149
0.04915720
-0.25749320
-0.13644286
0.16004647
0.11769810
0.11027274
0.15973667
0.15837650
-0.08099271
0.05369374
0.00992902
0.04372553
-0.14833366
-0.02799922
-0.26591457
0.10179577
0.02113683
-0.23413767
-0.06501438
-0.04297920
0.04613062
-0.26161539
0.06958215
0.04685659
-0.18125745
0.14529748
-0.14462576
0.14103153
-0.01302441
0.14995209
-0.01860681
-0.19215527
-0.00961934
0.18466330
-0.13385410
-0.00002457
-0.18408668
-0.00144843
0.13476211
0.31149343
-0.11374576
0.00945327
-0.15341179
0.11796841
-0.23268408
0.06563676
-0.23939164
0.34360088
0.04440594
-0.04148575
-0.02506820
-0.16359676
0.09245964
-0.17744996
0.06725223
0.44373829
-0.17168218
0.33924768
-0.06134095
0.18487601
0.03922707
-0.09015703
0.02645516
-0.08238362
-0.25118285
0.15096681
-0.12729877
-0.20365048
-0.20838244
-0.23559151
-0.07663345
0.14980544
0.13987110
-0.34727225
0.01213732
0.08635190
0.08736082
-0.18738268
-0.05428143
0.09295399
0.25108555
-0.01675931
-0.15966427
-0.07302800
0.08601171
0.19462050
-0.14902409
-0.16586250
0.19190455
-0.01817640
0.03468899
-0.12740457
-0.03279458
0.03250981
0.04791645
-0.02509001
-0.12249403
-0.15827409
0.28378113
-0.10455949
-0.12750302
0.04553273
-0.11007820
-0.36432819
0.19524212
0.01175879
-0.05136428
-0.17751202
-0.02078828
-0.01613014
0.10104983
-0.21113305
-0.14616674
-0.07418567
-0.16408683
-0.05747884
-0.15629218
0.14163574
-0.10993057
-0.25729683
0.08782453
-0.08947311
0.00104615
0.07312616
-0.09859319
0.23521139
-0.08422991
0.21127891
0.02967675
-0.17199796
-0.17551174
-0.10782953
-0.00032794
-0.05820212
0.20838914
0.07316191
0.00518432
0.01843930
-0.13865066
-0.03880048
0.23461292
-0.09392014
-0.13236273
-0.00423764
0.10055386
-0.23308334
-0.37514857
0.18697714
-0.01039009
0.11622362
-0.05159819
0.01379849
0.04851490
0.05553945
-0.02734227
0.26712919
-0.13542916
0.39174979
-0.21752816
0.02771430
0.16404970
-0.03960391
0.04389164
-0.15631115
0.05362824
0.02802938
0.13297366
0.09465578
-0.04195725
0.12284244
-0.20058217
0.14321184
-0.03033562
-0.09508050
-0.26218076
0.07781681
-0.09449054
0.02753439
0.01433922
0.19143401
-0.07311198
-0.13105057
-0.22559908
-0.10987188
-0.09016418
-0.01137465
0.08577262
-0.38704418
0.18505998
-0.32726637
0.06708709
-0.16301114
0.28449976
-0.04757137
0.08954071
-0.26695950
-0.20647278
0.25042481
-0.06766146
-0.15310617
0.10758048
-0.06377482
0.12022293
-0.42102955
-0.16381754
0.08548322
0.07161472
0.11318963
0.13548230
-0.17865122
0.07820754
-0.45237794
-0.25281727
-0.10382733
-0.13210090
-0.21878296
0.42054729
0.20384639
0.13371112
-0.12449125
-0.01450897
-0.05241233
-0.13016656
-0.11527722
0.13098355
-0.05940225
-0.02888142
0.18666387
0.22466977
0.39961841
0.09914176
0.10846035
-0.14886203
-0.01990559
-0.14773642
-0.03457525
-0.02150015
-0.15440441
0.13669354
-0.35497810
0.15889036
-0.00304041
-0.16847926
0.05479540
-0.05919012
-0.05622662
-0.09806190
-0.08086771
-0.01895874
-0.00227000
0.04801195
0.06295263
0.11061763
-0.22136572
0.16961472
-0.04340086
0.18987768
0.13913506
0.25434719
-0.11757494
-0.06581089
0.12215046
-0.01575456
-0.07323597
0.13214745
0.01447817
-0.04487391
-0.10051583
0.04026525
0.23557119
-0.31081622
-0.01836720
-0.08692659
0.11805400
0.39177276
0.06497019
-0.08567742
-0.04551926
0.16507431
-0.09889121
0.23431592
0.03672386
0.06852073
-0.10671896
0.22293840
0.10269300
-0.10823562
-0.25603384
0.11537541
0.03123315
0.08147113
-0.08866560
0.00001960
-0.13180240
0.03431269
-0.01688327
0.19788321
-0.06549504
-0.13305802
0.19802570
-0.00466479
0.08551490
0.17647934
0.10729228
-0.22591591
0.21864218
0.11801563
0.20067622
-0.10622704
0.02104954
0.07386012
-0.15188969
0.11679067
0.00220684
-0.10538800
0.28197665
-0.25670607
0.18797737
0.05166692
0.01957008
-0.09542880
-0.08344149
-0.30781202
-0.05781179
-0.23769418
-0.17652050
-0.14669949
0.00296446
0.17074873
0.11739251
0.09228181
0.10900061
0.12432425
0.08632170
0.33891541
0.13789710
-0.18958891
0.00001680
0.33404724
0.03636113
-0.19613271
0.32578482
-0.02728208
0.07306563
0.14011669
-0.03388337
0.13620812
-0.01811936
0.10467328
-0.13401805
-0.29922030
-0.09778070
-0.03488232
-0.17465991
-0.21833798
0.14902819
-0.12384933
-0.10769187
0.00475916
-0.41015546
-0.16582580
-0.03263855
0.29325917
-0.21171973
0.04213377
-0.00023364
-0.39399648
0.05940656
-0.20957691
-0.07029731
-0.26727273
-0.01356410
-0.06877070
-0.00328761
0.11438773
0.06470461
0.10893244
0.20585010
0.08524954
0.04861590
-0.19806334
-0.02632048
-0.17715284
0.02675192
-0.14826541
0.22566001
0.19419738
-0.37146921
-0.00352161
0.04968995
-0.03546027
-0.21136892
-0.02393879
-0.06607348
0.07568673
-0.06936799
-0.01289657
0.02250704
0.15115636
0.09075537
0.21730590
-0.33347778
-0.01550420
-0.18668102
-0.27109979
0.17061758
-0.14905204
0.07214314
0.42488134
0.05654581
-0.01684669
-0.21698893
0.04907733
0.09776776
0.07830896
-0.17493608
0.14548954
0.06882163
-0.07686969
-0.09319796
0.26521612
-0.00226828
