0.31148665
0.18863989
-0.09957763
0.30631964
0.37922664
-0.24738557
0.70568749
0.25277208
-0.10197603
0.33721612
-0.22104981
-0.48007713
-0.15791004
0.24582264
0.08999714
-0.22127377
0.76372049
-0.00238737
0.39293529
0.01553987
-0.60315873
0.04474097
-0.24104889
0.39253798
-0.46015199
0.32413973
0.15833823
0.21216197
-0.41751806
0.13117783
-0.42597014
0.07812235
-0.54427972
0.64832511
-0.42570259
0.60515515
-0.05695565
-0.00875274
0.16652098
-0.19360898
0.63297751
-0.16517190
0.05663462
-0.21325856
0.36410825
0.06035162
0.08094060
0.01255348
0.06623764
0.04142159
0.24188248
0.35815401
0.00651092
0.28420915
0.46610232
0.42595399
-0.45787184
0.13098385
0.29757497
-0.61548034
-0.05369515
0.23908015
-0.15611304
-0.54103183
0.18455343
-0.02014208
0.48062277
-0.17122352
-0.29771744
0.00280071
0.03473791
0.11767330
-0.06384571
0.08357255
0.25718053
-0.89772860
-0.01390226
-0.38576855
-0.34063065
-0.13853703
0.10623762
0.01983355
0.44854287
-0.15117534
-0.28066232
0.48880074
-0.31423197
-0.31363059
-0.54085522
-0.04325361
-0.36204005
-0.39014103
0.13012507
0.05500855
0.00272709
-0.50804161
0.20202981
0.26016855
-0.19381196
-0.31848431
-0.25480749
0.15547950
0.36121452
0.29159885
-0.23478363
0.55539944
0.09863407
0.21488657
0.32109728
0.57405848
0.25818894
-0.33354669
-0.02305997
-0.13542886
-0.07841668
0.43827679
0.01083068
-0.30627263
0.10566463
-0.46143166
-0.08438498
0.01386085
-0.23214777
0.30420158
0.40433228
-0.39978572
-0.58190568
0.32348214
0.13766182
-0.20221695
-0.02781680
0.23418094
0.05517954
-0.15076592
-0.34438389
0.04267664
0.36076530
-0.39780500
-0.09406456
0.46463742
-0.46015603
-0.04206956
0.82100040
0.03076591
0.18416565
-0.27674977
-0.28066157
0.12180818
-0.22697493
0.10939899
-0.12081051
0.09082248
-0.46352607
0.53573225
-0.50444794
0.41253081
-0.03251189
0.36473716
-0.38333219
0.10528665
-0.21449981
0.02903652
-0.03347615
0.37622711
-0.36959414
0.35598926
-0.21881918
0.29713375
-0.12163422
-0.26074902
-0.09482437
-0.43073807
0.27926957
-0.04770559
-0.38787007
0.24716408
0.01053665
-0.40708938
0.07465228
0.06476172
0.24466510
0.23848683
0.19938911
-0.25192304
0.67809370
-0.29819608
0.00839702
-0.13133146
0.09353589
-0.01749985
-0.36132595
-0.21839883
-0.35340772
0.01267913
0.53623701
-0.27264583
0.58896459
0.13886382
0.04538259
0.08730070
0.34835668
-0.08269403
0.05868674
0.22683166
-0.74394044
0.14364946
0.34861163
-0.07484166
-0.28374284
-0.21139219
0.51056330
0.14362760
-0.31487823
0.24521535
-0.20798413
0.09613593
-0.10498492
-0.25409225
0.12482256
0.28878403
0.01329211
-0.40977102
0.51976305
0.05082309
0.36697029
-0.05977046
0.43349683
-0.86481719
0.10415082
0.63326209
0.19472550
0.03979077
0.40181932
0.12115533
0.16593705
-0.82887084
0.80795244
-0.76828095
-0.18992190
-0.25335805
0.51872544
0.33638146
-0.12114949
0.67506872
0.19714219
0.17470568
0.54244974
0.08780435
-0.01231789
-0.64250741
0.27314926
-0.26558004
-0.09444352
-0.25462320
-0.18592568
-0.24328159
-0.32957066
0.48317472
0.30672602
-0.36817975
0.17160451
-0.31343896
-1.10109372
-0.44722448
-0.08882886
-0.25011434
0.24873447
0.13175191
0.16733008
0.52497289
0.31278592
-0.13058434
-0.27582208
0.19825093
0.56926382
0.42293839
0.30531908
0.31909257
0.46619467
0.00942452
-0.19793551
-0.38532570
0.29053763
0.03437310
0.41544489
0.19261269
-0.26809187
0.00087806
-0.22226843
0.00036830
-0.44955076
0.25751156
0.66520078
0.10115725
-0.61482929
-0.21586991
0.30598816
-0.00366447
-0.15601222
0.42958538
0.05299318
0.10862751
-0.05596123
0.06057405
-0.11319077
-0.65737625
-0.10381801
-0.14759888
0.06479709
0.46583356
0.27979683
0.19998888
0.14693078
0.02946659
-0.01055190
0.52753067
-0.11094099
-0.13628183
0.14596382
-0.22513706
-0.54584123
-0.15743166
-0.20130052
-0.71585742
-0.11410293
-0.03763072
-0.61564119
-0.39862661
0.11846621
-0.53834554
0.69882337
-0.11202604
-0.01367543
-0.34277124
-0.31054177
0.06372436
0.42167264
0.18135956
0.14264159
-0.47991915
0.17991824
0.06878058
-0.14270163
0.54254688
0.08603051
0.09508178
0.31526976
0.08383810
-0.58271428
0.11263815
0.59006271
-0.21382270
-0.22458517
-0.44447839
-0.04480350
-0.03217341
0.06748750
0.34497400
0.15095753
-0.01590481
-0.10056983
0.19377909
0.05915798
0.10103030
0.01738520
0.47300207
0.22145182
-0.18204170
-0.61297382
0.37436073
-0.10955394
-0.01729646
-0.08939187
-0.22951373
-0.09738592
-0.33341608
0.13979900
-0.07063443
-0.41339601
0.18985947
0.21259656
0.02753164
0.42663656
-0.09605686
0.65656283
0.09098029
-0.03886307
-0.21568629
-0.15015919
0.59776598
0.12847041
0.13406785
-0.11817955
-0.01731833
0.31928725
0.06636851
0.23323835
0.38166623
-0.01342885
0.10703500
0.51418567
0.48073250
0.31569715
-0.15430969
-0.26038450
-0.60773809
-0.26517111
0.19720919
0.12391654
-0.52081878
0.15968396
0.12523668
0.04251283
-0.04757781
-0.36262857
0.51063852
-0.28414630
-0.49099391
0.36117735
-0.04383219
0.19408636
0.43692598
-0.52580713
0.05273566
0.07501447
0.02888935
0.10845052
-0.33318390
0.36256359
0.32143028
-0.83536531
-0.38487277
0.05154418
-0.46513872
0.45611402
-0.23552690
-0.29858478
0.01884493
0.10293546
0.05086957
-0.11437169
-0.35333784
0.50189659
-0.00374315
-0.46616641
-0.31405028
0.57720113
-0.28728516
-0.04254239
0.66024470
0.10654337
0.05756735
0.40645065
0.57730273
-0.49013396
0.55941914
-0.06876238
-0.18383756
-0.08270073
-0.14612708
-0.09173099
0.03741045
-0.08628573
-0.14626330
-0.01912743
-0.06497496
0.23385865
-0.01898785
-0.74324565
0.26158635
-0.04160112
0.19151474
-0.14226727
0.48008410
-0.23130147
0.08351386
-0.10655929
-0.13608910
-0.20011505
0.31477095
-0.03322728
-0.64528857
-0.25236488
0.13379942
0.33759025
-0.36772143
0.20268474
0.58254825
-0.09345608
0.18596031
-0.17285086
0.27160319
-0.02644891
-0.34835715
0.08571868
-0.02180247
-0.78755330
0.14914779
-0.18804504
0.32451637
0.12573161
-0.12003573
-0.19512470
0.23921657
0.29974779
-0.06186029
0.34714811
-0.15043966
0.22540119
0.13644515
0.18220303
-0.48223012
0.36327353
-0.02511611
-0.26327950
-0.66297846
-0.12555629
-0.23907689
-0.15236556
0.28484516
-0.11100679
0.06531595
-0.71298128
-0.04964266
-0.46004387
0.00753737
0.00356001
-0.47720648
0.25686607
-0.11238181
-0.63772359
-0.54282884
0.23952687
0.22651116
-0.40823983
-0.08636127
-0.37434479
0.17197799
0.78993139
0.06988015
0.34568078
-0.20567433
-0.31328022
0.39857064
0.50425670
0.46294060
-0.75438515
0.18482694
0.07541685
0.17030547
0.29938232
0.08462972
-1.02804589
-0.01591796
-0.32556023
0.83149918
-0.34977583
-0.49543847
-0.25644531
-0.13889137
-0.50187620
-0.02501546
0.30753461
0.48270496
0.22992225
0.67922252
0.07364339
0.46089012
-0.46709720
0.47297302
-0.30245322
0.01091664
0.12810892
-0.16377933
-0.31744710
0.39418596
0.46218754
-0.02499012
-0.12345496
0.45510880
0.73329160
-0.07354157
0.44094095
0.41376509
-0.29033439
0.67795948
-0.19842808
-0.28081207
-0.34521203
0.53244741
0.16598325
0.16785726
-0.14009444
0.85324154
-0.16671170
0.30400258
0.31591908
0.24450846
0.64920984
0.23014599
0.37416819
-0.00387490
-0.13999959
0.15313057
-0.10398275
0.09811363
0.36178609
0.26794175
-0.56243721
0.38845381
-0.21018903
0.05679069
0.19304128
-0.22907544
0.40658706
-0.17366175
0.64134804
0.18805876
-0.75331934
0.57918925
-0.01325572
0.28417903
0.15992530
-0.05303335
-0.05285754
-0.07759388
0.64334051
-0.07296641
-0.30909273
-0.24567263
0.81024377
-0.24689954
0.19910538
-0.22488696
0.01762795
0.34687271
0.47461784
0.11011972
-0.00597172
0.06230526
-0.16114572
-0.18720088
0.02362224
-0.20377149
-0.13555367
-0.05111347
0.01848491
0.65776397
0.22964045
0.21468324
-0.34227555
-0.08634559
-0.31597141
0.32623235
0.44502096
0.07694114
-0.77206077
-0.41918871
0.41411816
-0.24284789
-0.33209451
-0.21992931
-0.00033956
0.18859901
0.62593806
0.01906304
0.52197220
-0.09893783
-0.31210224
0.21328425
0.03757437
-0.37910963
0.13181299
-0.30122052
-0.32407446
-0.30109233
0.18067289
-0.02521425
0.04512955
0.02545267
-0.23414294
0.50118157
-0.22577826
-0.31592544
0.23671372
0.58657319
0.10204953
0.28224265
-0.34071712
-0.04958548
-0.46545936
-0.01670429
-0.11655390
-0.28245032
-0.14627770
-0.37254917
-0.61347822
-0.21784110
0.14927627
-0.08299480
-0.29458885
0.20588796
0.42171403
-0.47506314
-0.24972254
0.63089882
0.31203853
0.03624181
-0.23398288
0.19512574
-0.37354970
0.15371739
-0.24743912
0.18089360
0.06228043
-0.52123153
-0.37291161
0.21596909
0.30797599
-0.16746981
-0.27813780
-0.11008588
0.29128443
0.08140924
-0.22972985
0.03360198
-0.77619583
0.15927480
-0.05457725
-0.45076155
0.50647314
0.07862203
0.01716220
0.62299418
-0.22236991
0.30554333
-0.01893490
-0.36412543
-0.31684368
-0.26175189
0.53102877
-0.22533672
0.08068794
0.04273624
-0.26325190
-0.15182391
0.55655214
0.10665225
0.08277282
0.18197096
0.93983310
0.15820574
-0.39331419
0.13889864
0.12131450
-0.50202240
0.19342699
0.09526281
-0.23655089
0.48690160
-0.41368647
-0.01075686
0.08995164
-0.13044903
-0.38792114
0.01354945
0.77978764
0.77941126
0.47729668
0.39939717
-0.30360207
0.89346163
0.19152663
0.31041283
-0.21730515
-0.06093761
-0.35998240
-0.07527443
-0.07199583
-0.25976459
0.47672466
-0.21450736
-0.33559442
0.13524796
0.60131701
0.24591525
-0.33824093
-0.29688710
-0.44412548
0.19959984
-0.59941865
0.29412579
0.27209094
-0.60965903
0.43257850
0.06797926
-0.14550449
-0.02752218
-0.39615638
0.02334622
0.35282571
-0.02494057
0.18586157
0.06751978
-0.26310125
-0.78065455
0.33163868
-0.18333524
-0.34667240
-0.07515067
-0.12976335
-0.19297738
0.38694591
-0.24745924
0.57645270
-0.05230265
-0.12684266
0.11813527
0.13401520
0.43572316
0.28254981
-0.19776429
-0.34632628
0.22913888
0.12923870
-0.09946130
0.05375363
-0.78181377
0.25776680
0.13099467
0.16814404
-0.00901383
0.30278772
-0.06721431
-0.16345901
-0.29921407
0.06305911
0.52090986
0.17832790
0.23407012
0.10755338
0.06548031
-0.06152385
0.14885028
-0.01607671
-0.56476469
0.19484664
0.09821920
-0.33924035
-0.10216636
-0.08086875
-0.50978436
0.17170123
-0.53088267
0.40771649
-0.00833153
-0.32825433
-0.37548020
-0.30481902
0.12949411
-0.63320394
-0.70054201
-1.25264270
-1.41827164
-0.55613140
-1.24422823
-1.01347731
-1.15958062
-1.58628498
-1.65730495
-1.82494371
-1.25354891
-1.10146209
-1.18263916
-0.91866794
-0.38301656
-0.41962435
0.05201229
-0.51518196
0.83412295
-0.00619849
0.56962950
1.01148963
1.03743986
0.51513336
1.47507020
1.33363599
2.10613104
1.58904875
1.92248248
2.11856129
1.94474982
1.72984967
1.01246505
1.35316444
1.12148143
1.33192373
1.47565415
1.22126611
0.81405071
0.77623887
0.11866888
0.29702277
-0.22458659
-0.03849244
-0.02315307
-0.02252001
-0.30059093
-1.30032674
-0.90112229
-0.57743595
-0.96679935
0.07456301
-1.01187299
-0.88987344
-0.92861760
-0.81879358
-0.54165910
-1.12304268
-0.77570090
-1.00514594
-0.41291176
-0.61326486
-0.53145502
-0.35553097
-0.84583418
-0.31623549
0.38573545
0.17944145
-0.02053322
0.06156320
0.11605382
-0.19021253
0.02648688
0.41240278
0.90093888
0.11525828
-0.23033878
-0.16133494
-0.24336191
-0.32642701
-0.10439020
0.68088291
-0.07648350
-0.08552314
-0.07116457
-0.55263257
0.17705388
-0.65015485
0.88328092
0.62290035
0.18304037
0.50013130
0.08840731
0.32545907
-0.39958754
0.45307448
0.53446901
0.22540608
0.18875556
-0.18452858
0.33938191
-0.67657770
-0.07233163
0.47205824
0.18872577
0.00617140
-0.28449586
0.24816982
0.26431659
0.10855614
0.68072811
0.25922570
-0.18587992
0.40004920
0.43537134
0.64835992
-0.27720100
-0.10172310
0.28161049
-0.11418075
-0.20000818
0.59381477
0.56087382
0.12501258
-0.59722473
0.01571437
0.43819064
-0.01798736
-0.35081878
-0.27827075
-0.44382481
0.09805550
0.21142224
0.20010218
0.49598257
0.07158277
-0.39171060
-0.26505447
0.00847190
-0.47458126
0.01605795
0.08803465
0.37772987
0.17441822
0.70562161
-0.34696575
-0.66356623
0.05356993
-0.01026997
-0.40303908
-0.47792030
0.51266351
-0.21238498
0.18407081
0.18992155
0.08348904
-0.47570156
0.12132983
0.04169473
-0.42551872
-0.34543689
-0.45199944
-0.13321422
-0.13609211
0.22095945
-0.50351977
-0.29310085
-0.59208830
0.19178548
-0.02601591
0.39363479
0.05821095
0.36553917
0.23344296
0.58679294
-0.80538873
-0.22688765
-0.39713788
0.35574779
0.21282520
-0.54519762
-0.20397168
-0.26836710
0.56204416
-0.86115435
-0.11835650
-0.40006210
0.60799674
0.07884579
-0.16001748
0.33801026
-0.18858101
-0.09845042
-0.01521682
0.29145004
-0.23628334
-0.26951740
-0.42948111
0.08680723
0.02331710
-0.22853211
0.10262891
0.12441471
0.39726518
-0.32760761
-0.36677467
-0.05710516
-0.45661295
0.17853458
0.03090721
0.23038417
0.56448214
0.17505284
-0.11311061
0.60279580
-0.10302221
-0.04909343
-0.02065523
-0.12773091
-0.66144247
0.07293067
-0.42464297
-0.21299482
-0.28909048
-0.35047972
0.46024674
-0.56715529
-0.02672556
-0.07302660
0.07957764
0.14629384
0.49053215
-0.10725830
0.02574441
0.06711199
-0.01712780
-0.18330352
-0.18430008
0.66208504
0.10354030
-0.40828759
-0.30467391
0.49548611
-0.31519188
0.03807145
-0.03435274
-0.33818622
0.45588840
-0.00148288
0.08973981
0.55013915
0.25378018
0.25745937
0.53963553
-0.59115679
0.29451837
0.06808252
0.38112736
0.45068031
0.19427585
0.41559056
0.11604913
0.35810049
0.83424690
0.48555454
0.20507142
0.19237015
-0.01970543
0.00526927
0.16663799
0.24777388
-0.28103300
0.04907138
-0.45932110
-0.12671773
-0.46786087
0.14462571
0.17943628
-0.20229656
0.23154828
0.28723687
-0.47999381
-0.29510176
-0.18015148
-0.40343442
-0.42260270
-0.23293238
0.06357058
0.10981614
0.21076761
0.08055710
0.31217954
-0.45373115
-0.01568485
0.37493025
-0.16244391
0.12137787
0.28941007
0.03041404
0.27681995
0.31673617
0.33512611
-0.12200020
0.15774890
-0.63075932
-0.02739561
-0.11691027
-0.17264508
0.08383102
-0.37560245
0.50472067
-0.83313166
-0.14806702
0.86043075
-0.32156440
-0.57456761
-0.42079758
0.14037054
0.13551426
0.55034112
0.14642661
-0.18571784
-0.60740268
-0.19994820
-0.77673766
-0.16781484
0.31030320
-0.08125862
0.75183096
-0.16877297
0.41995718
0.20698187
-0.60816815
-0.77269182
-0.25509472
-0.11955486
-0.00503621
-0.37977173
-0.12518828
-0.29535348
-0.19132300
-0.36722478
0.22906556
-0.01448086
0.64060898
0.60744450
0.10237290
-0.27966222
-0.45442496
0.38066738
-0.54439982
-0.01775510
0.25227996
-0.04657335
0.49912686
-0.04552459
0.00404430
0.08412092
-0.47262126
-0.01262419
1.22117327
-0.08321057
-0.21553456
-0.18340067
-0.08254481
-0.78612237
0.39122192
0.03094939
-0.57113360
-0.57626258
0.05461032
0.32981315
-0.08908669
-0.06353937
0.39372321
-0.57091109
0.10850949
-0.25316715
-0.31895910
0.25586984
-0.39498258
0.52421525
-0.44433220
0.51524533
0.00173772
-0.23026908
-0.37342212
0.04607206
0.48791333
-0.11537534
-0.12162039
-0.47087002
-0.63188814
-0.35253067
0.34816044
0.30396064
0.21231242
-0.64703145
0.11624265
-0.39915277
0.05899948
0.40656787
0.60525152
-0.41183353
-0.22245768
0.21858436
-0.55298782
-0.24899904
-0.17281747
-0.58699175
0.25009474
0.06354934
0.09601380
0.53659983
0.03398761
0.26947231
-0.02122968
0.30612759
-0.00366558
-0.10306376
0.14940978
0.30858953
0.01613454
0.00574927
0.16286620
-0.28935644
0.16542723
0.57860948
0.03970246
-0.27911540
-0.23926794
-0.54918157
0.23042608
-0.38181673
0.56305897
-0.06258983
0.54782360
0.26377272
0.63552100
0.39779419
-0.16875320
-0.44416881
-0.11322831
-0.36024238
-0.18907004
0.06352727
0.75688693
0.20472431
0.83675766
-0.27145389
0.19378745
0.41934760
0.07644556
-0.38331445
-0.33355931
0.37344006
0.01509673
0.27020089
-0.63158092
0.22493015
0.45025252
-0.77658291
-0.46872836
-0.61203864
0.24197043
-0.01953395
0.28370739
0.21854210
0.12236830
0.02433701
0.43822354
0.35504107
0.02501966
0.10441190
-0.31417199
-0.38137230
0.04815018
0.23976766
0.34823686
0.03813975
0.51317467
-0.12274928
-0.28544685
0.19753905
0.74590448
-0.04304257
-0.00073794
0.19740870
-0.19809647
0.10199025
-0.02974208
-0.06231346
0.39052430
0.38188782
0.06840570
0.13590798
-0.12753461
0.09480768
0.00378717
-0.43377396
0.10186466
0.40524397
0.03851286
0.07683672
-0.12936559
-0.19386226
-0.26741777
0.21988636
0.56112041
0.23115766
0.11925207
0.07843982
0.33927645
-0.39288727
-0.24073773
0.29636814
0.11474931
0.01987276
-0.10868827
0.42023076
0.17160998
-0.20499647
-0.26475314
-0.33739792
-0.68881498
0.17394839
0.07754797
-0.87300640
-0.58775350
0.25091892
-0.27403841
0.12525998
0.64483689
0.55865579
0.07195324
-0.15099379
-0.33059304
0.09353945
0.09032163
0.39818413
-0.14547974
-0.17082093
-0.61553580
0.27294529
0.29857746
0.18358112
0.16076663
0.32936338
-0.61236574
-0.33926578
0.01727587
0.37623550
-0.11766142
-0.25417778
-0.10617525
0.20283186
0.36505685
0.94046979
-0.35792143
-0.29639427
0.38724657
0.17674423
0.23088324
0.11062220
0.58893429
0.03453052
0.24167766
0.64371599
0.20824589
0.22760950
0.41007470
0.09774627
0.08752688
0.34382617
0.30105070
0.31459804
0.24407225
0.49162948
0.61566323
0.26353784
0.79585834
-0.02447785
-0.17524660
-0.22212022
-0.53999421
0.39998365
0.02312256
-0.18809117
0.57273624
0.47068890
-0.02970241
-0.01484507
0.58483761
0.68059603
-0.45162916
0.26752793
0.20508618
-0.14316485
-0.27868387
0.43997383
0.15463750
0.16173587
-0.35113334
-0.17991446
-0.17318082
0.12188575
-0.37739025
0.15155440
0.17195283
-0.00792131
-0.19590303
-0.64569540
-0.07095370
0.40650050
-0.42583444
0.25503654
0.12044060
-0.00151706
0.10309308
0.06638940
0.11119399
0.26570451
-0.45605459
-0.22347778
-0.10349383
-0.31978096
-0.12442007
0.25701454
-0.47727296
-0.06535793
-0.23226561
-0.58056250
-0.35409149
-0.36696491
0.29162924
-0.00825837
-0.23941846
0.24162615
-0.57562440
0.14509250
0.37132214
-0.10091004
0.09565149
0.64465507
0.23767609
-0.41275083
0.42123264
-0.34476516
0.47909867
-0.72087454
-0.50071694
0.65716071
0.40415220
0.01238909
0.11814239
0.09709061
0.53422340
0.17160553
0.19927269
-0.14543337
-0.09179611
-0.09705978
-0.00983714
-0.51893379
0.01801761
-0.01574542
-0.15569894
-0.03480896
-0.11252630
-0.16448378
-0.44664628
-0.14528199
0.37126072
-0.14832394
-0.71087684
-0.34192959
0.77385035
0.01532057
-0.45320319
0.15245387
0.38463818
-0.33240313
-0.31044874
-0.05883565
-0.09939601
-0.00483835
-0.07940754
0.01969639
0.10359871
-0.12209652
0.36575096
-0.08546508
-0.20194635
0.49475311
-0.44291344
0.53442188
-0.38603453
-0.52141131
0.17207490
0.13668727
-0.49699145
0.45541403
0.01381040
-0.34088707
-0.24383899
-0.56775882
0.18760928
0.08407406
0.15050508
0.07146786
-0.27825605
-0.07599255
-0.42565974
-0.62042706
0.18672468
-0.21419776
0.02846659
-0.65719920
0.63017058
-0.11442146
-0.01151126
0.21747150
0.29998151
0.08759164
0.12049922
-0.18405078
0.00337321
-0.01008484
0.10638776
0.40046351
0.25823975
-0.33358287
-0.27320768
0.27788425
0.08756685
-0.31419081
0.26036830
0.25880373
0.21577632
-0.22929985
-0.04089561
0.12594561
0.19070612
0.23172543
-0.64227290
-0.34335838
-0.18846830
0.68849226
-0.80995305
-0.38009987
0.36823071
0.15056525
0.41536030
-0.37148985
0.36279631
0.49006846
0.19496391
-0.24293891
-0.34646487
0.18290507
-0.60473767
-0.25534700
-0.00526970
-0.58542223
-0.24255266
0.30970802
0.16787890
0.13166661
-0.25209802
0.73641582
-0.27580394
-0.23928642
0.83358675
0.08300213
0.19181768
0.00549223
-0.12630169
0.29045960
-0.45864567
0.40269973
0.10472545
0.27450118
0.13333981
0.22784484
0.03481716
0.15147774
-0.02870342
-0.28169502
0.24031845
0.73147601
-0.39160816
-0.11831527
0.21890067
0.29380522
0.72312152
-0.41830677
0.25515446
0.20948234
0.81925414
0.21540595
-0.44695186
0.02579780
0.09482612
0.18155027
0.49317538
-0.29041087
-0.82310047
0.15670957
0.12862280
0.24425433
0.02776939
-0.10814418
-0.02218559
-0.72599975
0.27620618
0.37870848
-0.18816484
-0.03536207
-0.67690667
-0.40810451
-0.24155090
0.12753652
0.00776755
-0.34684830
-0.01092939
-0.27235591
0.28407693
-0.59116854
-0.11518603
-0.87900413
0.04286917
-0.63649631
0.07948596
0.32474477
0.33875179
0.20783496
0.19774041
-0.24101328
0.01610825
0.72193242
0.15783146
0.10093810
0.20342205
0.44267791
0.95959298
-0.15238076
-0.01042016
-0.43092332
0.01913587
0.36862364
0.11831736
0.14180143
0.28120773
-0.36242042
0.25676221
-0.05861309
-0.55542737
0.36335441
-0.20947707
0.19190507
-0.02426712
0.28548683
0.19634900
0.28665121
0.14811442
-0.16239600
0.13899500
0.38121911
-0.34399043
0.36103778
-0.05884512
0.22542680
-0.16356347
0.28200633
-0.26922747
-0.21507990
0.31489759
0.75440567
0.23140604
0.20142659
0.12288922
0.07071345
-0.04318102
0.06091165
-0.10356669
0.71971328
-0.06396189
0.37939123
-0.05554413
-0.05542362
0.03120081
-0.80455488
0.71749701
-0.50662785
-0.26869695
0.40579518
-0.43178957
-0.36269837
0.61813174
-0.02383385
-0.11008939
0.44840817
-0.81797916
0.56534884
-0.67036815
-0.30813894
0.12905034
-0.11481145
-0.47437164
0.07359002
-0.10890127
0.26243167
-0.71745024
-0.38490623
0.03403789
-0.12669381
-0.10330489
0.21877493
0.10442797
0.36639008
-0.00995861
0.17719461
0.20771745
-0.14048881
-0.22250177
-0.45387403
0.24850338
-0.17206655
-0.15456006
0.44037578
-0.12216349
0.50471769
-0.03376197
0.79254173
-0.10278554
0.10317364
-0.20544881
0.25504020
-0.37807178
-0.31112605
-0.03686047
-0.06176496
0.12002674
-0.15728885
-0.10364473
-0.16724921
0.02542436
-0.25773871
-0.31444434
-0.24043154
0.00159067
-0.08736158
-0.05614545
-0.14741856
0.59484420
-0.16913823
-0.45344709
0.00088724
0.00597329
0.01200805
0.46466708
-0.13719523
0.19572471
-0.46316507
0.47417987
0.19162003
-0.76764121
-0.64709751
-0.14290002
0.09454364
-0.18222775
0.14501493
0.09910167
-0.61079521
0.31978913
0.38367854
0.29227211
-0.53187949
-0.02703852
0.22888117
-0.31043572
0.37770930
0.30698240
-0.26684857
0.42469546
0.26244694
-0.06071299
-0.07205769
-0.28643030
0.07690184
-0.41375372
0.16001877
-0.04889332
0.14709252
0.11896608
0.18961586
-0.19758550
0.32846201
-0.01731746
-0.63259698
-0.46498407
0.24032756
-0.30110522
-0.33585628
0.05114243
0.11140894
-0.50435559
-0.19615342
-0.04405941
-0.25236150
0.18196781
-0.44881281
-0.70761920
-0.15431478
-0.13190074
0.08538837
0.35297775
0.52135740
0.28746750
-0.13328261
-0.34777211
0.55626267
0.00809712
0.01666246
0.03790184
-0.12538926
0.56937426
-0.55690268
-0.26668269
-0.05651871
0.03113969
0.46331007
0.48314678
0.25256640
0.68436581
0.30918044
-0.30863351
-0.07432391
0.33968469
0.47831965
0.01795489
0.15000900
0.27451346
-0.00837326
-0.03664091
-0.80286267
0.28531196
0.38204878
0.51414700
-0.32404572
-0.22326605
0.19201654
0.01990297
0.40339026
0.01380730
-0.17749180
0.01516552
-0.36482386
0.18736876
0.06028023
0.29601623
-0.20524692
0.37219354
0.25414874
0.21134929
-0.03713142
0.13235027
0.26464660
0.82344720
0.06991157
0.02041243
-0.21096900
-0.04398817
-0.45940032
-0.42507906
-0.01498308
0.55936989
0.44646290
-0.11551600
-0.47741066
0.69725024
0.33040803
-0.01399592
-0.27971236
0.49901457
0.06881439
-0.30838605
0.17899265
-0.49676534
0.18891939
0.20706439
-0.15121466
-0.34228654
-0.21193151
-0.23523438
-0.24033078
0.26330627
-0.39134535
0.17241390
0.02940773
0.76575911
-0.45712220
-0.00072062
0.35163259
0.35511551
-0.13550732
-0.03393410
0.56996310
0.06461816
-0.06964461
0.12089098
-0.08837525
0.00675793
-0.55612146
-0.44366350
-0.16576358
0.48877953
0.05513500
-0.24157630
0.12296085
0.18578071
0.28101791
0.67034596
-0.37807578
-0.65503320
-0.08976825
-0.51108468
0.49418691
0.95259680
0.12946245
-0.17348398
-0.01172648
-0.21748479
-0.08125704
-0.15455806
0.52496737
0.05684141
0.30561871
-0.13098565
0.06063282
