0.20083028
-0.03008861
-0.28840544
0.00016997
0.07528701
-0.19432803
-0.21418584
0.20967700
-0.48111927
-0.04387600
-0.12644208
-0.84740126
-0.32476429
0.46485305
-0.12618623
0.29521164
-0.28680068
-0.44947558
-0.06713140
0.49697932
-0.07288118
-0.06849012
0.34717458
-0.63399507
0.37318922
-0.46772432
-0.01194729
0.01488746
0.19538519
-0.25541718
-0.22251045
0.24715848
0.22782731
0.09507590
0.31330386
0.01754360
0.61264869
-0.19981107
0.46481778
0.35382970
0.48123097
0.17649837
-0.15548099
-0.10626067
0.11420869
0.12692296
0.57375100
-0.30645859
-0.27053450
-0.17752231
-0.25083058
0.67642432
0.25489851
-0.18968462
-0.41065687
0.13149268
0.05223259
-0.24650532
-0.22686982
0.24625272
-0.08958508
-0.22390330
0.10424144
0.00716171
0.05185320
0.19208834
-0.57761527
0.15259226
0.23049670
-0.44956330
-0.37143467
0.17300892
-0.15223916
-0.28977391
0.28179103
-0.08914235
0.14868874
0.08767579
-0.10235794
0.19244371
0.08502720
-0.15343712
-0.49513565
-0.17714385
0.00420347
0.49899664
0.16799356
0.25471689
0.04424064
-0.44000230
-0.11413012
-0.08983810
0.15075231
-0.45336373
0.02852204
0.31094871
0.29503814
0.08613491
0.67564485
0.58837332
-0.07998843
-0.53900228
0.03214804
0.39283546
0.35294372
-0.19503991
-0.42714276
-0.09861986
-0.20865450
0.38993062
-0.05192885
0.40902997
0.21208948
0.43032330
-0.41820040
-0.34850824
0.24628804
0.06716469
0.03527965
0.32951067
0.11943628
-0.01950854
0.58818542
0.07619243
-0.02314088
0.62122881
-0.09415961
-0.55918794
0.14690720
0.00067938
0.59273350
0.08123321
0.02394470
0.29204752
0.11924347
-0.37233018
-0.25847872
-0.07867249
0.09006312
-0.06577905
-0.13446204
0.01451519
-0.39385489
0.10109144
0.45668413
0.17286683
0.00079347
0.17676520
0.00651445
0.22028266
0.19313403
-0.25842234
0.15291851
0.33028686
-0.26717625
0.33701367
-0.41303034
-0.20419119
0.55568839
0.66360430
0.45367713
-0.33283920
0.26394288
-0.58738267
-0.35239948
-0.01396202
-0.29494714
0.08211741
0.30590672
-0.05241521
0.03700232
-0.22857561
0.33091451
0.09193537
-0.29051788
0.09943381
0.47815852
0.45289990
-0.60920472
-0.07995179
0.24406056
-0.02131745
-0.03294103
-0.10218216
-0.51945346
-0.11001500
0.42427769
0.26406122
0.32704080
-0.32463080
0.02304910
0.14292653
0.12810336
0.11359707
0.16192818
0.43450428
-0.20056808
-0.19592428
0.06506171
0.33665569
-0.19461994
-0.43178168
-0.31832109
0.20046019
-0.54490155
0.27301772
-0.00782640
0.20231924
-0.07191987
-0.59823297
-0.01290856
-0.23891218
0.12064555
-0.10539407
-0.17354689
-0.02754686
-0.03901721
-0.54068221
0.10518502
-0.01260888
-0.44281613
-0.11628076
0.40385584
-0.38861890
-0.34806577
-0.31545588
0.56494710
-0.09326400
0.30480521
-0.15221810
0.30039336
-0.50392040
-0.06423047
-0.10095720
-0.35195555
-0.04823726
-0.29392694
0.31243177
-0.37966181
-0.01490568
-0.01074123
0.35156837
0.31749880
-0.82337544
0.39493217
0.26523022
-0.28182137
0.02533782
0.11272617
-0.39208014
-0.30276519
-0.28893187
0.15828878
-0.21921406
0.10111281
-0.07361620
0.11963143
-0.43217367
-0.47605553
0.20300414
0.71471558
0.23465633
0.31299506
0.40729401
-0.12408475
0.09398243
0.00044751
-0.07875030
0.41061542
0.71317333
-0.41461155
0.21247986
0.37248712
-0.57478775
0.10461074
-0.35073589
-0.09231584
-0.02492183
0.46379635
-0.17394556
0.15070028
-0.39714673
0.08862302
0.01204770
-0.43136706
0.35087990
-0.50300951
0.07464437
-0.45567559
0.67533115
-0.01915520
0.05720293
-0.08498096
0.05853090
0.54763594
0.16684363
0.44325171
-0.26040702
0.55388373
0.16296501
0.08152179
-0.71277443
0.08052192
0.17842359
-0.52793594
-0.06634226
-0.09660020
0.16173744
-0.45080124
-0.11883101
0.03096331
-0.33940436
-0.30175468
0.29297316
0.07074372
0.06863543
0.46015156
-0.12191016
0.29665138
0.23428889
0.05611753
0.14732914
0.25508131
-0.08286166
-0.02688743
-0.06529716
-0.35654456
-0.60796056
0.08291968
0.28775007
-0.04409792
-0.42794307
0.41988368
0.33962561
0.13919686
-0.29137901
0.32671663
0.35622364
0.05735201
0.32133212
0.14861569
0.11914977
0.51233657
0.22294732
0.08683047
0.35116864
-0.11291089
-0.00957751
-0.27081440
0.07076774
-0.04424819
0.79955672
0.46062101
0.27246995
-0.02540770
0.31590458
0.39468946
-0.04399879
0.56555128
0.96180492
-0.38747742
0.08886320
-0.29388347
-0.24055928
-0.12816679
0.67152848
0.13420253
0.04399858
-0.21901509
-0.35522177
-0.33393722
0.05429248
-0.34954432
-0.17898604
-0.28669343
-0.59545761
1.03027079
0.30948101
0.26335472
-0.37423277
-0.01532972
0.32592413
0.20670726
-0.07153880
-0.14169156
0.14261091
0.17707421
0.15196190
0.31264890
0.09155466
-0.03622062
-0.15377286
-0.13489229
0.18078687
0.50421459
-0.03269549
0.63961946
0.26228293
-0.10401536
-0.46130636
0.02091016
0.16182945
-0.00098833
0.17847084
0.87291001
0.06405643
-0.16283941
0.04416832
-0.22332084
-0.35449996
-0.09084394
0.04281079
-0.43953068
-0.60661530
-0.37197700
0.28195270
-0.35577077
-0.35096673
0.43423775
0.33291864
-0.16796716
0.24059571
-0.09974144
0.20132236
-0.15473671
-0.10738394
-0.45317832
-0.08273342
-0.06869863
-0.46071949
-0.21710482
0.39444228
0.10111136
-0.37645198
-0.21811968
-0.06762804
0.07780585
-0.30943618
0.13787699
0.35916741
-0.28662010
0.11777383
-0.40426984
0.20527264
0.26594296
-0.22281773
-0.17228818
-0.25325028
-0.09814887
0.38334317
-0.19640912
0.51906156
-0.58829775
0.35238178
0.21606417
0.10798061
0.36139092
-0.32643768
-0.52933363
0.28679548
0.31469621
0.08643458
0.31008816
-0.47831011
-0.05623015
-0.15419689
-0.36283976
-0.07352960
0.28557024
0.43329088
-0.25505723
0.25312836
0.02879139
-0.23806955
0.17459029
-0.08981775
0.20904572
0.29582389
-0.21840830
-0.00659679
-0.18590101
0.13245628
0.61814650
0.06816824
0.13534361
-0.02528126
0.41129900
-0.37722699
-0.03829965
0.36196635
-0.24229997
0.39317097
-0.61665333
-0.10067188
-0.25090725
0.07593921
-0.05608088
-0.09626789
0.16404513
0.72398576
-0.06836800
0.59959783
-0.21194162
0.18960263
0.60781885
0.55706723
0.16346367
0.29493996
0.02411581
-0.29558853
0.20355085
-0.17588779
-0.06614292
0.39901824
-0.30541958
-0.24794751
-0.05132781
0.24848853
-0.39685383
0.03564409
0.59416037
-0.25635843
0.36407831
0.12319338
-0.38686006
-0.35122950
0.15457089
-0.56307748
-0.16489458
-0.13295348
0.04799648
-0.06520110
0.15827362
0.12285523
0.03030586
-0.15217483
0.32538807
0.46959167
-0.43996291
0.53416567
-0.43624010
-0.13324389
-0.07363990
-0.19983655
0.38108761
0.56523102
0.09510336
0.55289135
0.12293713
-0.17341626
-0.18170854
-0.24217800
0.10410674
0.02253674
-0.21954520
0.36140544
0.10377227
-0.29718842
0.48171112
0.29521397
0.48469831
-0.30623665
0.01148364
-0.19707264
0.33149275
0.74651829
-0.16006140
-0.00473001
-0.13842288
0.25437877
0.10852835
-0.09990534
0.03757531
0.20206099
-0.14757868
-0.22873134
-0.54704341
-0.61259880
-0.34382864
-0.24438092
0.43586448
0.14936418
-0.05881931
-0.11479560
0.36856242
-0.15905784
0.39630415
-0.91044321
0.34074362
-0.37516219
0.19254080
0.68944488
-0.12657618
0.12783970
0.10769304
0.24351420
-0.07932543
0.13177034
-0.04717229
-0.19855200
0.21889974
0.21135041
-0.28426133
-0.52388545
0.09783086
-0.01436380
0.18294857
0.09936935
-0.08084741
-0.05823309
0.30650219
-0.45967208
0.80910627
0.02230249
-0.50325276
-0.15076762
0.04834719
-0.59961389
0.36337751
-0.02516502
0.44439223
-0.06198965
-0.31378876
0.04486676
0.54625539
0.53065182
-0.65021021
0.03401611
-0.05398603
0.11909268
-0.19665341
0.77008700
-0.17544261
-0.11662994
-0.06209890
0.47927862
-0.66139453
0.11306952
-0.11270628
0.30622252
-0.10633093
0.05384551
-0.13178377
0.31660062
-0.01251192
0.12801394
-0.34857773
0.34464524
0.31433161
-0.23085129
-0.36173479
-0.03706794
0.15379937
-0.33407255
0.54751101
0.26926139
0.48432480
0.37223383
0.04201147
0.18445429
-0.33970075
0.28789631
0.36943964
0.49396732
0.06032931
-0.06950604
0.19429916
0.51919823
-0.09708593
-0.07583392
0.40437046
-0.42112165
0.09396383
0.20565484
-0.03878404
-0.22722476
-0.31972516
0.58533219
0.14412227
0.09255012
0.35629279
0.08159054
0.14182043
0.57178911
0.17778327
0.32916167
-0.06365193
0.28259316
0.61760354
0.51781862
0.07046113
0.44099946
0.95186246
-0.32818952
0.40618146
-0.09446083
0.30095197
-0.31636073
0.00543698
-0.05847843
-0.02923064
-0.07193264
-0.20358946
-0.20313713
-0.79417013
0.03499587
-0.24891340
-1.07258143
-0.43549598
-1.49473572
-1.21504274
-1.14318892
-1.62774076
-1.48789277
-1.77415777
-1.90216874
-1.68691218
-1.32239313
-1.15418042
-0.92402567
-0.83468425
-0.86772088
-0.17906736
-0.38596719
-0.48027463
-0.33964528
0.71147729
0.63523191
0.64845679
0.71869422
0.74523771
1.47015320
1.03399297
1.48080552
1.74058551
1.97417053
1.90658184
2.01988330
1.97857150
2.11422843
1.51298303
1.12750930
1.36390052
0.70812596
0.68636703
0.85532370
0.29509614
0.29621411
-0.02215859
-0.19726870
0.01229412
-0.23417682
-0.50987766
0.20237081
-0.81528253
-0.63665939
-0.37055624
-1.24125654
-0.51371502
-0.87657771
-0.84786909
-0.51093702
-0.85811295
-0.78864483
-0.48287409
-0.75946806
-0.51002724
-0.33678662
-0.35219220
-0.21720491
-0.28577679
0.34597303
-0.05487012
-0.03516209
0.12872575
-0.65921973
-0.27860206
-0.34670655
-0.10656618
0.36692628
-0.52013188
0.23968573
-0.26962843
-0.34548400
-0.30516367
0.21358824
0.33898866
-0.08959038
-0.49722870
-0.12796827
0.06889582
0.52564384
0.22187526
-0.05903213
0.17938649
0.35857454
0.01603734
-0.11924428
0.03856518
0.22191249
-0.37649809
0.46735044
0.47398698
0.55405375
-0.30839950
0.27837203
0.50634962
0.85265700
-0.08932787
-0.50461804
0.04490483
-0.21987135
0.11968022
0.00831619
0.02600953
0.51439959
-0.39145805
0.16661168
0.30708129
-0.31845428
-0.00324995
-0.88577115
-0.54912293
-0.05360139
0.19672742
-0.38730137
0.04333472
-0.21595330
-0.23602356
0.74242778
0.09298840
-0.23202526
0.09498705
-0.03990730
0.18617635
-0.22811137
0.44253742
-0.24347780
0.58367357
-0.39615930
0.06881945
-0.12441277
0.27128730
-0.05480248
-0.23332739
-0.56011039
0.04566138
0.16397838
0.16239027
0.13814947
0.20021547
-0.14265035
-0.17643731
0.07619529
-0.00228774
-0.33451791
0.34489890
-0.30140432
-0.13510682
-0.09624059
-0.00822711
-0.10345630
0.51156038
-0.45554334
-0.12805202
0.22461752
0.31157702
-0.17318667
-0.04120206
-0.31761702
0.22123773
-0.13277283
0.11123303
-0.23184095
-0.09001583
0.06800260
0.33348973
-0.39335900
-0.25976745
0.27954388
-0.13981953
-0.35521640
-0.12764494
-0.28041956
-0.06214116
-0.63214165
-0.00072035
-0.06655619
-0.01749854
0.17118941
-0.35083052
-0.08721538
-0.05714464
0.55623960
0.03554215
-0.25766037
-0.34165142
-0.06576342
0.03762179
-0.19817713
-0.25467992
-0.23988485
0.69887690
0.40031479
-0.11191088
0.35148871
-0.43417047
0.85208645
0.16385056
0.00844536
0.24705166
-0.05107367
0.38591649
0.31759832
0.39520125
0.29905712
0.05284763
0.67661484
-0.39716116
-0.91574960
0.25365267
-0.20890218
0.23362084
0.55089032
-0.66558409
-0.13767525
-0.35104162
-0.00289131
-0.31961978
-0.53516818
-0.25915278
0.32181660
-0.63251975
1.11120233
-0.27890810
-0.40395790
0.17114279
-0.42894437
-0.20898017
-0.32715053
-0.03289480
0.35828198
0.33201402
0.54538772
-0.00464486
0.44060863
0.15461586
-0.17088349
-0.04281552
0.22142453
0.14143476
0.19892044
-0.27241073
-0.25387537
0.00880866
0.20427118
-0.68317229
0.56538603
0.12387376
0.11269544
-0.01448563
-0.71177154
0.16714888
0.14968883
0.45649798
0.56566017
-0.01406486
-0.19605198
-0.36578617
0.24643017
0.15110085
0.40348657
-0.19105623
0.11169924
0.07405386
-0.53454661
0.00298056
-0.10386913
0.33628396
-0.49080833
0.23026403
-0.05761826
-0.32700197
-0.01910054
0.36557281
0.11782234
0.07852641
0.09561524
-0.23899803
-0.39717589
0.38954832
-0.23925550
-0.05588405
0.15519142
-0.43583450
-0.02466433
-0.18029525
-0.19437942
0.09956383
-0.68488060
0.03909944
0.27442197
0.47343061
0.25128770
-0.08266499
-0.28491813
-0.14124828
-0.14436843
-0.07568451
0.11060818
0.52428326
0.42214143
0.26963120
-0.47466827
0.38012323
-0.61694091
0.37738981
-0.49330512
0.06695623
-0.49146701
-0.27991342
-0.68276963
-0.28630691
0.40970338
-0.25487789
0.08717776
0.01946276
0.07798803
-0.21069991
0.07349097
0.23541529
0.29296762
0.71157343
0.46771188
0.62944972
-0.04717395
0.16410049
0.18966210
0.03076683
-0.14597963
-0.37165768
0.06376504
0.00333378
0.23478806
0.23772497
-0.45554933
0.10989175
-0.46776771
-1.02359273
-0.10307452
0.35332865
-0.38719504
0.16722936
0.71997740
-0.36848189
0.36924020
-0.12767591
0.09215928
-0.02499947
0.33068864
0.15422209
0.37038600
0.13485849
0.24405542
0.06021696
-0.63754612
-0.30821932
0.01833597
-0.01259015
0.08794200
0.01331115
0.12474985
-0.00795587
0.21701165
-0.21336558
-0.53545031
-0.19714063
0.02088517
-0.22037972
0.53058871
-0.10798777
-0.46904910
0.04243303
0.78333796
-0.20736903
-0.34681365
0.06801924
0.18688563
0.22329893
-0.61236433
-0.05254605
0.17145792
-0.15045194
0.31495786
-0.01517007
-0.51643661
0.54243180
-0.31050805
-0.78063576
0.10295913
0.19277300
0.00556739
0.27082280
0.11030759
0.13994727
1.11933267
0.38479581
-0.31130546
-0.64252898
0.32059187
-0.30625760
-0.14006953
0.03202569
0.17114607
-0.44991045
0.33075868
0.45429324
0.21069740
0.24311099
0.12786789
0.24318642
0.09606300
-0.55099330
-0.01927607
0.42235138
0.63084571
-0.45775734
-0.10646456
0.46144136
-0.44485051
0.00882693
0.31928623
-0.30218163
-0.01715276
0.23935802
0.13514578
0.36013503
-0.28376906
-0.13405372
-0.17606133
-0.35591119
0.25583791
-0.42551938
-0.14676172
0.19697843
-0.13084804
0.55622030
0.30220229
0.08847928
-0.15303621
0.35530691
0.12021836
0.28037080
0.57418345
0.25324687
-0.27296842
-0.16615587
-0.47397784
-0.43197657
0.27558364
0.24031229
0.23901724
-0.13602941
-0.04062712
-0.15076627
0.15917036
-0.09554835
0.07937426
-0.17516555
0.09776046
0.46471551
0.52550020
0.11543349
0.16144165
-0.36168833
-0.48847778
-0.25963987
-0.37468617
-0.24612330
0.10373703
0.08454573
0.00387323
0.21820973
0.25448329
-0.35594175
-0.06108608
-0.07407056
-0.14894523
-0.53482057
0.21783108
-0.33441068
-0.06527298
0.45267632
-0.46988562
-0.29171525
0.07506352
0.14303825
0.10921823
0.08334928
-0.35233826
0.24131107
-0.21864416
0.28306116
-0.83629985
0.49861423
-0.11992082
-0.06792083
0.64066277
-0.11965104
-0.22192453
0.31195956
-0.11835344
0.23118293
0.84670505
-0.20393325
-0.45141648
0.32027053
-0.14060382
0.82641274
0.09037568
-0.00400873
-0.19169542
0.00166701
0.37754141
0.23927643
0.52331711
-0.11791150
-0.12793834
0.02453351
0.17859579
0.12889604
-0.06358774
0.27863336
0.22432476
-0.29817865
-0.19588692
-0.61069913
0.08332629
-0.02126063
-0.21122694
0.05048019
0.84105708
0.42294957
-0.05004380
0.17486707
-0.41760748
-0.43721922
0.31508240
-0.05693107
-0.29971299
-0.22327537
0.49250090
-0.26088436
0.16779088
0.21060007
-0.17817778
0.11960112
0.08640942
0.18036695
0.34391211
0.33872040
0.07916835
0.24567070
0.33114698
-0.41283899
-0.45258792
0.19526983
-0.33984808
-0.44962415
0.16843172
-0.10029224
-0.22090092
0.37151797
0.05044973
0.64976352
-0.61432960
0.24550536
0.06449389
0.14056321
-0.10630466
0.05569072
0.13433941
0.02778047
0.56904612
0.56471488
0.46455692
-0.14114835
-0.15446945
-0.23229928
0.20208126
0.08023493
-0.23467334
-0.22062020
-0.23863883
0.21592698
-0.24061503
0.54174122
-0.28033552
0.53313221
-0.15152452
0.03660206
-0.02495657
-0.41630341
-0.02009927
0.16077662
-0.01123930
-0.02282449
-0.38435126
0.24547471
-0.47070412
-0.28208068
0.92781074
0.16280307
0.09418590
-0.17335988
0.57622163
0.18752239
-0.05508324
0.26761456
0.25565739
0.59726453
-0.34795890
-0.09763182
0.06126519
-0.05901050
-0.17988145
-0.30263212
0.03778010
0.65644269
0.48869745
0.42216891
0.57073297
-0.22142791
0.00716542
-0.10197713
-0.07814121
0.06222417
0.44586804
-0.19310212
0.38161304
-0.31390191
0.32703989
-0.12521203
0.08111782
0.03121016
0.25631873
0.12251392
0.10392028
0.33416760
-0.45792357
-0.24061080
0.32956358
-0.28910494
0.06087717
-0.13200430
0.16623163
-0.11789067
-0.33796821
0.66154172
-0.02202605
-0.13698274
-0.01297099
-0.35769638
-0.30285290
-0.41990045
0.23242256
0.06594320
0.21818019
0.19150508
0.04059018
0.50807941
0.07657465
-0.06573987
-0.22926359
-0.17849975
-0.40816539
0.58852369
0.22973054
0.11475324
0.13582042
-0.06357610
0.28877716
0.26926168
-0.48192250
0.13549248
0.40350352
0.04317808
0.24234089
0.18164267
0.25891792
0.21725509
-0.25112072
-0.56976200
-0.45005213
-0.02115208
-0.63488390
0.54803407
-0.32313227
0.38639313
-0.15979647
-0.17589205
-0.24504258
-0.61060235
-0.64312031
0.19244855
-0.16771410
-0.20356193
0.55010497
-0.11264099
-0.13535999
0.43133494
0.17008985
0.25317459
-0.12982129
0.17162348
0.65040220
-0.10260487
0.10361241
-0.61026004
-0.01411545
-0.24942837
0.17000734
0.37109366
0.06668365
-0.22947767
0.37075526
0.05723523
-0.45544666
-0.39701850
-0.06920891
0.20837570
0.41979041
-0.06832537
0.09025044
0.22413357
0.39190154
0.07403932
-0.02320661
0.03065379
-0.26584360
-0.48086733
-0.17953936
0.13540592
0.05678016
-0.29704871
-0.56846387
0.46661553
-0.28748415
-0.04340130
0.27083291
0.27730945
-0.54705805
-0.29572492
-0.05067643
0.34172673
-0.12512555
0.07775584
-0.24338117
-0.22525671
0.31510660
0.38312791
0.58212716
-0.32925603
-0.12368640
0.11517941
-0.14979918
0.02073761
-0.05756910
-0.11353109
0.76095148
-0.06126785
-0.09789511
0.16118243
-0.25410639
0.17855159
0.44298090
0.09446512
-0.24191468
-0.65917176
-0.33255583
-0.01784558
0.07180595
0.25666749
0.01512634
-0.31612492
-0.10886963
-0.66524833
0.06474193
-0.22071499
-0.10530143
-0.04116518
-0.02542954
-0.26827171
-0.11551478
-0.25886493
-0.18705609
-0.18239273
0.45633176
-0.23593210
-0.20438263
-0.15312516
-0.25994750
-0.37936744
-0.47111652
0.27587131
0.24374817
0.01559457
-0.50753041
-0.10078199
0.70164865
0.10932406
-0.12926487
0.33621868
0.30961488
0.44158201
0.90286994
-0.06972920
-0.43557110
0.00090688
0.38548135
0.33712402
0.11976807
0.07245168
0.35087391
0.29315718
-0.60595617
-0.33567015
0.24438598
-0.19142413
0.42683742
0.26975494
0.28418096
0.67330507
-0.16881551
0.06695626
0.73033236
-0.54853962
0.14616270
-0.17435340
0.07783662
0.44852933
0.39513759
0.11389278
-0.03350401
-0.29028064
-0.20573455
0.33319622
-0.15064592
0.71789248
-0.21664522
0.64563075
0.05525158
0.23435145
-0.03959893
-0.15185845
-0.25282224
0.42517624
-0.06138380
-0.30788709
0.31050708
-0.04235370
-0.49442143
0.28088817
-0.12166716
0.40295547
-0.32274423
-0.47374317
-0.34262423
-0.38126406
0.03373346
-0.00490205
-0.91835362
-0.23126708
0.44908922
0.24739643
-0.30385843
-0.02554526
0.11494976
0.08697799
-0.10137240
0.25776805
-0.24764437
0.02050481
0.18036449
-0.46037403
-0.58530535
0.78241349
-0.49919169
-0.05704119
-0.67171892
-0.22117084
-0.09122154
-0.07914058
-0.33361408
0.15234285
-0.31188650
0.60873233
0.12617171
0.13143989
0.44651680
-0.26287286
-0.24385850
0.05972461
-0.20238547
-0.34260587
-0.18732328
0.06572196
-0.31620884
-0.50207180
0.13940698
0.01344682
-0.28788096
-0.11438197
0.26934850
-0.66045639
-0.36205098
0.04810285
0.60105522
-0.38518870
-0.14177306
0.21533912
-0.34086786
-0.14483125
-0.31728318
-0.38022168
-0.02516304
-0.01482486
0.36024886
-0.08439555
-0.32313678
0.06444857
0.13434116
-0.10912872
-0.09119774
0.43756952
0.11222247
-0.10187051
-0.21160033
-0.18059578
0.33347109
0.21431090
0.26310714
0.15923725
-0.04768544
-0.19675004
0.08712654
0.19242444
0.54516482
-0.00250197
-0.08578764
0.10644362
-0.15625837
0.04014780
-0.20055995
0.11630504
-0.35585190
0.24525987
-0.00963236
-0.20023930
0.51445380
0.05248854
-0.22325947
-0.04861311
0.02890477
-0.16402569
0.25679358
-0.59515404
0.54722694
0.26119734
-0.23258958
0.53880264
0.33112239
-0.22892984
0.85168470
-0.17695521
0.53713878
0.69004857
-0.10038452
0.45190522
-0.13545673
-0.01336157
-0.51290586
-0.15387369
-0.24919553
0.25257116
-0.33340121
0.03922157
0.23800652
-0.21962748
0.48235394
0.39799459
-0.15575035
0.37113700
-0.14098296
-0.02740639
-0.40589290
0.00192938
-0.41555002
-0.24531561
-0.02279972
-0.26641287
-0.68895760
0.46122685
-0.13400547
-0.22911539
-0.26498477
0.37622453
-0.24450381
-0.21765509
0.22740644
-0.45789581
0.02068652
0.34069713
0.16780460
0.03996488
0.08412007
-0.14285094
0.00562861
0.75005560
-0.41408403
-0.19085251
-0.22664506
0.00868762
-0.58925667
0.33798207
-0.07215042
-0.29109725
-0.55153461
-0.24432797
0.53766729
0.32818042
-0.46961739
-0.13167882
0.00340432
0.12872670
0.63727442
0.07517148
0.38328951
0.08921611
0.00467198
-0.14167031
-0.33107302
0.02803356
-0.59519071
0.20135442
0.04463310
-0.27083563
-0.38329263
-0.03599028
-0.13909696
0.11885922
0.15931748
-0.17006035
-0.03576455
-0.20138023
0.11498176
0.49374876
-0.21738635
0.20220887
-0.04785894
0.35641876
0.15785353
0.24573535
0.23899383
0.17682258
0.08337721
0.15942817
-0.61776793
-0.38589824
-0.03281135
-0.00556320
0.55743700
0.29546479
0.13056983
-0.16965984
0.30149091
-0.04630284
-0.34281808
-0.38638963
0.08023230
0.12043496
0.48010114
0.02629622
-0.28143022
0.17384359
-0.22762485
0.01431480
-0.17220318
-0.17863695
0.17801260
0.10664395
-0.23992610
-0.61600581
-0.01096507
0.29770341
-0.11247304
0.03592894
-0.28675227
0.22612999
0.06945323
-0.30377959
-0.09251204
-0.16389007
0.04520065
0.13138428
-0.25798129
-0.21672994
-0.03722425
0.22850872
0.20333151
-0.04100517
0.08001449
0.19223709
0.02468268
0.14426701
0.07234927
-0.32776074
0.02950699
0.01971090
0.03216954
0.20864330
0.45288277
0.30728606
0.10691242
-0.12932618
-0.05407286
0.01757950
0.16891338
0.10432372
-0.86386103
0.29184690
-0.42975319
0.21453274
-0.01724001
-0.17799332
-0.51137557
0.07015047
0.09623411
-0.01285087
0.25401463
0.43308709
0.10634190
0.64418438
-0.02720509
-0.47693301
0.66445663
0.36400551
0.04193363
-0.21127358
0.50825418
-0.34721692
0.18811756
0.09606425
-0.43011057
-0.07992554
-0.11339953
-0.03982705
-0.66390879
-0.12002002
0.32686625
-0.16883342
-0.45617251
0.05366563
0.39418979
-0.26855296
0.43379881
0.25149619
-0.20622522
0.52127449
0.36481310
-0.20604229
0.24806452
-0.21901547
-0.20187135
-0.16459480
-0.18927801
-0.01175990
0.19731768
-0.23314813
-0.24406771
-0.04346867
0.03974527
-0.13744649
0.00585937
0.46421343
-0.11390064
-0.05978586
0.08617347
-0.06203258
-0.22868222
-0.53696412
-0.36888984
-0.10020099
-0.69946312
-0.14593932
-0.61858128
-0.18940435
-0.19561287
-0.08684555
-0.21025945
-0.14109867
-0.15971400
-0.10341628
0.22891718
-0.39316862
0.29217564
-0.34056992
-0.28640552
0.29460181
-0.17667534
0.45710724
0.22149871
0.51734401
-0.27050416
0.18267558
0.20912406
-0.29630730
0.09476995
-0.44387937
-0.09620654
-0.09458807
-0.13609129
-0.31095366
0.15184905
0.04569999
0.12338263
-0.22393916
-0.40683170
-0.29917197
0.53053422
0.25121955
0.37994707
0.26773540
0.46013655
0.45104194
-0.31460080
-0.05664797
-0.20076382
0.60242070
0.15958574
0.09560887
0.42015964
-0.41463411
0.07944345
0.22032355
-0.29093675
-0.13908325
-0.75738825
0.18875760
-0.12540461
-0.07594505
0.05022235
0.32368179
-0.11205877
0.14489925
-0.22286749
-0.25570575
0.29177508
-0.05473174
-0.20444257
0.08346592
-0.50623244
-0.36857835
0.18865876
0.26760214
0.48653478
0.33452927
-0.19328155
0.07942091
-0.49365429
-0.41828623
0.50182722
0.09252177
0.31316490
0.29049210
-0.24647822
0.13990670
-0.34605955
0.08167927
0.41367589
-0.44873646
-0.27265719
0.13857512
0.30925560
0.25122891
-0.19594749
0.16852467
-0.24063625
0.33534532
-0.27716854
-0.15783989
-0.36975962
-0.45239578
0.38302029
0.08717484
0.17286352
0.07433905
0.29306109
0.33295376
0.08502082
-0.22484458
