-0.15804311
0.12972205
-0.23252238
0.14715557
-0.11796508
-0.35272596
-0.09495669
0.26824270
-0.07211342
0.21684346
-0.06795265
0.24318421
-0.31283348
0.01869553
-0.55184366
0.14329758
0.07782373
0.23347174
0.18161425
0.18412744
-0.38662712
-0.56774260
0.47617104
-0.09588878
-0.66311826
0.41578462
0.16905596
-0.23621360
-0.56415735
-0.21374552
0.28598925
-0.62877844
-0.04150872
-0.20545693
-0.58546123
0.11248346
-0.40601211
-0.50259081
-0.29484557
0.06313501
0.29445422
0.09270052
0.25195138
0.05949262
0.15801844
-0.43044748
-0.11649784
0.04158635
-0.14665576
-0.18739722
-0.13738330
-0.04949385
-0.09513102
0.15362485
-0.80564799
-0.05904055
0.42195538
-0.14556664
0.04628319
-0.40424240
-0.04584743
-0.17025836
-0.10482676
0.48827937
0.36073069
0.46221664
-0.29566213
-0.68240724
0.61757330
0.04832469
0.20111782
-0.03673682
-0.24216459
0.31010372
0.02150047
-0.37969563
-0.07497880
0.52121655
-0.08107956
-0.36941924
0.65746403
-0.09092549
0.31125706
0.01173029
-0.17437651
0.19391427
-0.15655566
0.29387679
0.03971530
0.41291461
0.18947043
-0.21937830
-0.29638277
0.10454486
0.53039537
0.18207941
0.29767395
-0.15372208
-0.09378896
0.51851005
-0.22918402
-0.42174259
-0.42276625
0.11043043
0.69830638
0.12151128
0.06429386
0.56793419
0.20726002
0.15542988
0.25207183
0.33058690
0.23826772
-0.95687991
-0.44884204
0.62696806
0.42793373
0.23562467
-0.02368401
0.11973255
0.40781435
-0.12713131
-0.55450089
0.07434671
-0.24166457
-0.06395219
0.60873266
0.47613036
-0.38955550
-0.69556865
-0.37422161
0.26327127
0.19667722
0.31663091
-0.18439614
-0.05044786
0.12039338
-0.19742690
-0.28645807
-0.19931150
-0.24408418
-0.05887695
0.17806551
-0.72272346
0.31937766
-0.00856265
0.21873315
0.18549632
-1.01306494
0.16086688
0.35039932
-0.04261952
0.11147870
-0.39608305
0.70029087
-0.39813985
-0.27897262
0.02789480
-0.03512060
-0.12599762
0.07129315
-0.29077883
-0.35679270
0.48168389
0.39457539
0.01775221
0.20944359
0.31655098
-0.11177438
0.25016091
0.56247962
-0.10612185
0.34853277
-0.43114519
0.29263768
-0.45152932
0.28572652
-0.60755377
0.19465770
-0.17854756
0.15219245
0.15865706
-0.14453636
-0.23328865
0.05348861
-0.11995711
0.08397753
-0.14302843
0.39868932
0.06518492
-0.13925284
0.13752482
-0.43394825
0.03190856
0.25250705
0.04515053
0.58762375
-0.45677874
0.69398265
-0.07145888
-0.01405988
0.16838360
-0.43728538
-0.38776380
-0.30207201
0.01496711
-0.05246549
0.31146480
-0.00358266
-0.10342020
0.12073535
-0.06020842
0.09527467
0.23261931
-0.05730170
-0.32966581
0.08075927
0.27583613
-0.80911435
-0.96076683
-0.13815921
-0.24440601
-0.23132617
-0.41967240
-0.14418623
-0.23665666
-0.14481261
-0.20980501
-0.02937193
-0.39422760
-0.25274331
-0.64107323
-0.07453053
0.19867810
-0.06167569
-0.46715721
-0.40321028
0.09870147
-0.46996085
-0.20656295
-0.07999235
-0.42526623
0.44728880
0.11152186
0.14640737
0.09378510
-0.32083126
-0.35957403
-0.61074553
0.43558530
-0.02008815
0.37142380
0.28954847
0.50145829
-0.30478253
0.20399795
0.16754566
-0.11824445
0.11245246
-0.26195311
-0.38351662
-0.37985694
-0.19323488
0.05672572
-0.01057848
0.01233550
0.02510907
-0.11828092
0.26008378
-0.73604217
-0.17103614
-0.22483577
0.20843585
0.13011480
-0.18743282
-0.28831418
-0.30001012
0.28147954
-0.05356824
0.37984612
-0.24543735
0.09276652
-0.35897542
0.30425449
0.25966380
0.36302511
0.19572113
0.25254984
0.11281611
0.46445502
-0.31706477
0.35373181
-0.23257145
-0.19019860
-0.19546720
-0.42255321
0.22341817
0.27197601
0.09996300
0.28209553
0.22631353
-0.09740321
-0.11395617
0.10681087
0.20005408
-0.06210881
0.08107887
-0.24573318
-0.07512184
0.04446474
-0.06200216
-0.06810525
0.38654016
-0.36844554
0.05426371
0.53703466
-0.37544326
0.35019315
0.11573677
0.30837252
0.03913162
0.36211248
-0.22725116
0.30186554
0.31479993
-0.43168995
-0.07649028
0.01334972
0.13615914
-0.29119342
-0.43406738
-0.05346960
0.29875368
0.32441681
-0.41750740
-0.04370900
0.32874081
0.32279455
0.44546958
0.22491090
0.91985948
-0.12380697
-0.03712823
-0.50101637
-0.10950921
-0.31074578
0.02415894
-0.01659055
0.15032265
-0.18085459
-0.18977583
0.16586367
0.00887082
-0.00818672
-0.18346043
0.13945154
-0.09195148
-0.22148413
0.44955330
-0.22250580
0.07538131
-0.16218952
-0.40214156
0.53948599
0.60046610
-0.00347371
-0.35436776
0.11228759
0.14779306
-0.09330249
0.35582347
0.14504616
-0.34380013
0.50792459
-0.57883563
-0.33431197
0.51601159
-0.06652426
-0.18921390
0.12036715
0.20708988
-0.09181800
0.04917446
0.43164537
0.00807654
0.23148352
0.29638765
0.65560311
0.13818420
-0.59802632
-0.55527048
-0.03270045
-0.06537515
0.28276038
-0.05193199
0.10885551
0.15173440
0.15918039
0.21730634
0.17080704
0.17012939
-0.52429477
0.06601658
-0.60952456
0.49754801
0.20659171
0.16267645
0.13571701
0.04492730
-0.35634009
0.15383034
-0.56767699
-0.19757025
-0.37875422
-0.31189115
0.01423824
-0.22602421
-0.00560770
-0.55099968
0.34094790
-0.25070376
0.11090756
-0.39163797
-0.21434376
0.64229331
0.20970583
0.31983890
0.02801459
0.66390267
-0.18266369
0.33275891
0.22999043
0.01188147
0.26363020
0.03403261
-0.31509153
0.73005443
-0.35250872
-0.00446577
0.31184082
-0.03715182
0.54064920
-0.10340542
-0.10372680
0.07401508
0.03515632
0.02828623
-0.44511729
0.54114904
0.45403930
0.34089615
0.27425699
0.42225839
-0.12426660
0.39107292
0.22361291
-0.13407699
0.17038057
0.17913706
0.14750794
0.04415145
0.13607796
-0.07483199
-0.33648770
0.08153438
0.23398082
0.03684090
-0.04155801
-0.18276672
-0.01681848
0.01876236
-0.21751454
0.28884094
0.38936445
-0.42709825
-0.56226337
-0.48605110
-0.11612329
0.79803904
0.17028720
0.36584872
-0.20146644
-0.37678410
-0.45352800
0.00876065
-0.55864593
-0.14741436
-0.47722349
0.47131608
0.30949316
0.26301848
-0.00608705
0.16685992
-0.24495175
-0.25178930
-0.41239555
-0.22703077
-0.25258607
0.16206106
0.56193368
-0.02981806
0.22041778
-0.41215815
-0.02267865
-0.25502357
-0.26505140
0.24796074
0.21699442
0.39020927
0.08646467
0.22653448
0.16963648
-0.27837595
0.21731891
-0.09019182
-0.05750090
-0.06846767
0.38008837
-0.14082185
-0.06752963
0.24825747
0.11467700
0.32591184
-0.02944541
-0.16889828
-0.15766288
0.06346674
0.05108163
0.44335264
-0.00862485
-0.23232177
-0.02389316
0.35631014
0.59147158
-0.14564019
-0.06378599
-0.24235191
0.00504283
-0.25512737
-0.18774980
0.02792456
-0.30416700
-0.59608798
0.41630608
0.32398892
-0.02420795
-0.05430979
0.30195291
0.46382707
-0.16014147
0.18346453
0.29707369
-0.06594773
0.21324122
-0.16315947
0.68438886
-0.10078452
-0.00501461
0.12683506
0.11974968
-0.15056040
-0.25503182
-0.23421664
0.03721512
-0.30204795
-0.06662022
0.30695129
0.29129108
-0.10392293
-0.29942892
0.57727683
-0.34469789
-0.28401776
0.13888732
-0.06171503
-0.22657413
-0.03719551
0.54033435
-0.12919391
-0.00885709
-0.41513701
0.00165496
0.22339198
0.20079334
-0.03884619
-0.33029598
0.28916721
-0.04857651
-0.17946321
-0.18423142
0.32801014
0.47843100
0.77267827
0.31410251
-0.58341815
0.05589474
0.00516374
-0.20535117
-0.20353251
0.44133831
0.53245796
0.23352065
0.56743086
-0.28363824
-0.39334893
0.14365487
-0.11313048
0.06011694
-0.33677145
0.16517476
-0.09530201
-0.24834590
0.04265146
-0.29627063
0.30188205
0.28048584
-0.17009445
-0.17644071
-0.05313313
-0.32390599
0.06532638
0.17140553
0.32670177
-0.22789737
0.44944745
0.15039321
-0.37754792
0.33692894
0.42760051
0.13820847
0.35490507
0.26405422
0.74154698
0.28364307
-0.06305162
-0.36711569
-0.43036674
-0.05463194
-0.19357079
0.38513455
-0.01375952
0.65970318
0.05790785
0.64162853
-0.05290889
-0.23446528
0.03018109
0.50181961
0.11124718
-0.09851206
-0.31948930
0.09697793
0.40842288
0.51279660
0.69001442
-0.21978294
0.17166273
-0.81404573
0.30763789
-0.65950174
0.48505359
-0.49018779
0.60551371
0.10338789
-0.35435486
-0.32389212
0.18072379
0.04269469
0.16097079
1.18058584
0.14067253
0.06105317
0.74107539
0.84936375
0.65056723
0.23147187
0.50927315
-0.07841335
0.14706825
-0.41104135
-0.13877245
-0.28452495
0.19038832
-0.61153726
-0.53955368
-0.48757435
-0.18461835
-1.04240086
-1.15558122
-0.97478634
-1.34916459
-1.08684515
-1.38876886
-0.93107674
-1.16369910
-1.41829466
-1.22337095
-1.31168174
-1.07815001
-0.80884784
-0.68909288
-1.11966786
-0.72845348
-0.07906376
0.18855988
-0.16428668
-0.08585790
0.49360520
0.46824378
1.06807651
1.05501203
0.93772853
0.74156623
1.92752921
1.81608273
1.27330299
1.50734044
1.78077809
1.56911039
1.80702680
1.62830723
1.45780568
1.58958370
0.26207848
1.14796104
0.82511505
0.14160758
0.90149500
-0.05452472
0.28331483
0.01190113
0.14704808
0.11596494
-0.34656531
-0.36920189
-0.91001008
-0.61481493
-0.13342135
-0.63973868
-1.11944347
-1.07826262
-0.85154026
-1.09253683
-1.27812231
-0.70172354
-0.27181323
-0.87517360
-0.41451518
-0.22595337
-0.51806057
-0.44510432
0.10850977
-0.06341159
-0.14816980
0.18752780
-0.20001563
-0.22267319
-0.25850090
-0.18093980
-0.18409668
0.34629498
0.42780499
-0.35874520
-0.33497846
0.49478574
-0.43060076
0.31638443
0.13940166
0.71311532
0.11262764
0.15790917
0.03942809
0.21988193
-0.09937201
0.21552509
0.04657324
-0.09491332
0.31903530
-0.29193760
-0.17739882
0.24553505
0.07071718
-0.18734771
0.19268428
-0.36364061
-0.00802393
0.39432505
0.31503110
-0.45392729
0.09928086
-0.20011672
-0.35871119
0.17284130
0.10515295
0.11358683
-0.55860361
-0.01688231
0.27929963
-0.05268266
0.39224730
0.15014125
0.06899941
-0.14975731
0.16314348
-0.29409660
0.22627087
-0.12651044
0.06717611
-0.13462828
-0.11268675
0.30970574
0.18908895
0.39547520
0.08262600
0.17269987
0.08498020
0.32524052
0.41105826
-0.04237541
0.37257907
0.17722789
-0.24085813
0.13328185
0.22521250
-0.52696652
-0.20790513
0.29834793
-0.03941090
-0.30985047
-0.02996576
-0.69846364
0.57713231
-0.13322268
0.51367815
-0.07348012
0.56077487
-0.19793366
-0.24371357
-0.96439929
0.18823400
0.44132370
0.34340586
0.48657680
0.00875192
0.38108825
0.08351222
0.63133667
0.09764830
0.44154817
-0.74721489
0.34329703
-0.10243724
-0.03280223
0.00826921
0.02368597
-0.39685296
-0.01850170
-0.59992441
-0.29946913
0.41291489
-0.26441666
0.37964717
0.29533155
-0.60749627
0.00736113
0.01596911
-0.32240649
-0.42626126
0.11965523
-0.02082365
-0.02545572
0.25724398
-0.05643766
-0.49571015
0.05373397
0.28188358
-0.11441730
0.17142238
0.07507960
-0.19982129
0.02359865
0.06667717
-0.61922782
0.43981775
-0.51639274
-0.23126099
-0.26271447
0.03537251
-0.27204051
-0.30256993
0.46539258
-0.27315339
0.01025524
0.05624063
0.13941320
-0.20209362
0.52786267
0.46919144
-0.11646036
-0.09961655
0.23663421
-0.14063689
-0.03246811
0.09821035
0.08292568
-0.08633651
-0.00472617
0.06831602
-0.32473573
0.38319017
-0.58162160
-0.05734079
-0.09532078
0.19431500
0.50862456
-0.71357048
-0.16434820
-0.01425865
0.10139782
-0.28567033
0.20041640
0.25305608
0.31740026
0.26015370
0.25040579
0.57187526
0.12329777
0.30678924
-0.45883256
-0.07725782
-0.12746702
-0.07163031
-0.27533411
0.57051033
-0.43091268
0.54194349
0.31837341
0.34066157
0.07334919
0.08469480
-0.38919705
0.48286942
0.04852195
-0.60175825
0.38271281
-0.27366414
-0.02155877
-0.54099475
0.23138855
-0.09350629
0.07882091
-0.04438924
0.16720657
0.57173900
0.51213504
-0.58739615
-0.18388383
0.37792731
0.06513930
-0.14777906
-0.54910565
0.04792272
0.28327516
0.15040489
-0.18351673
0.15341337
-0.29024903
-0.02812136
-0.33181553
-0.34937460
-0.36842086
-0.28833467
0.34420797
-0.10039470
0.31558970
-0.29690005
-0.14123096
0.53528996
-0.14571818
0.20379113
-0.32309780
0.18133462
0.12603460
-0.05157794
-0.21769033
0.63438239
-0.25170715
0.42510721
-0.17815888
0.52398735
0.90258982
0.03970850
-0.74395928
0.08147512
0.29588480
-0.44144305
-0.19916548
-0.36303422
0.07169021
0.18862292
-0.54448995
-0.22704864
-0.18178959
-0.39889931
-0.41708029
-0.28478246
0.01644517
0.25402888
0.12491585
0.25277226
0.22917672
0.10758299
0.35272122
-0.06386665
0.07914373
-0.20561667
-0.11465277
0.21644738
-0.16383777
0.16071562
-0.04763724
-0.28473414
-0.35554421
-0.09816942
0.59127928
-0.54202038
0.40301247
0.04898993
0.28115248
-0.46165120
-0.04275513
0.60562596
-0.34644048
0.60507083
-0.26440311
-0.39107867
0.13775729
-0.36780346
-0.25652147
-0.71698934
-0.38133298
-0.11817979
-0.47302957
0.47498183
0.21272620
0.25592019
-0.21707969
0.25768108
-0.15856692
-0.09742544
0.38561135
-0.18293811
-0.02497887
-0.34644135
-0.14352606
-0.21067589
0.17497149
0.12133276
-0.39772398
0.23534071
-0.21895201
0.33440717
0.04627936
-0.06485557
-0.50092782
0.32888687
-0.40101140
-0.89950718
0.08525186
-0.47296999
0.25994877
0.21696861
0.11455257
-0.17174703
0.12935172
0.24810673
-0.36342873
-0.41204339
-0.33537458
-0.19390475
0.61583695
0.23415089
0.19972383
-0.88748106
0.18459840
-0.14117177
-0.44690823
0.20952333
-0.20545468
-0.26134178
-0.09567146
-0.40599821
0.57415622
-0.54484965
-0.08617568
0.06589426
-0.40421195
0.40741149
0.44798544
0.10320045
0.04897723
-0.33531016
-0.02160248
-0.10860964
0.70449620
-0.05717514
0.58664675
-0.21614216
0.24743004
0.05617074
-0.12137769
0.60011134
-0.02167687
0.45311430
0.45459714
-0.50712595
-0.25643967
-0.01141112
0.55140945
0.40132231
0.19822383
-0.19364105
-0.10447679
0.14408358
-0.28716700
-0.00118860
-0.49021848
0.04601531
0.32637452
-0.38753682
-0.52214510
0.08010285
-0.17874206
-0.80882148
-0.61007534
-0.04344148
0.15676535
0.31061563
-0.21385008
0.33932685
0.23719186
-0.05233233
0.04112025
-0.16237797
0.38186747
0.26840894
0.29038320
0.47026466
-0.41610315
-0.24631344
0.06374027
0.27984406
0.26953863
0.25720653
-0.08923924
-0.40688952
0.20652081
0.48080122
-0.38155280
0.29510548
0.58546645
-0.08281032
0.11315668
0.72490179
0.59852515
-0.14511469
-0.40453401
-0.16027009
0.03696116
-0.03866510
-0.15673333
0.47410799
0.06290783
-0.12431534
0.22382136
-0.00496854
-0.29423823
-0.14639062
0.47583260
0.12039857
-0.06424778
0.04173516
-0.40920743
-0.11109094
-0.24215984
-0.27518918
-0.18495479
-0.24326658
0.12057247
0.23401723
-0.12269753
-0.15282803
-0.09183059
0.13537670
-0.08631574
0.19902886
0.13154411
0.03238354
0.10303632
0.13663401
0.07453425
-0.36168537
-0.00372284
-0.29705603
0.16362889
-0.03248596
-0.41372377
0.29898967
-0.88010245
0.02006788
0.27209082
-0.19790951
0.03628411
0.21690503
-0.19454585
0.34516574
-0.09385108
0.20985841
0.39983308
0.25230694
-0.09752061
-0.16216521
0.05087855
0.15974635
-0.03335749
0.27372280
0.40624801
-0.17895710
0.07738991
-0.28098182
0.41368000
-0.66590308
-0.10455245
-0.55808185
0.31530025
-0.64391949
0.01647682
-0.20604066
-0.06444534
-0.11384842
0.08036754
-0.31113745
-0.02141418
0.16043494
-0.64602655
0.01456533
0.02335541
0.37549910
0.01681524
0.21337757
-0.58268397
0.13718794
-0.34989342
-0.33355613
0.33086116
-0.66361287
0.23485755
0.21278589
0.15464858
0.64176031
0.21411291
-0.23339440
-0.38775087
0.22549666
0.47009364
0.24020391
-0.70917366
0.05135922
-0.50921480
0.31513657
-0.06074701
0.13278694
-0.21416819
0.03042770
0.23757028
-0.40202266
0.34698751
0.51924441
-0.08114313
-0.21227162
0.62938420
-0.15553534
-0.00791749
0.39331945
0.96844872
0.18533942
-0.15809464
0.12432858
0.29405324
-0.33926746
-0.39186172
-0.36834419
0.16337057
-0.68582112
-0.12443314
-0.06463915
0.16311458
0.29634418
-0.21785984
-0.05682157
0.16274604
0.02794914
0.33955445
-0.04501967
-0.04272008
-0.05904713
0.28990886
0.07133764
-0.23071333
-0.17393877
-0.30130946
0.69350751
-0.06738825
-0.12718204
0.16973821
-0.03757700
-0.37208634
-0.50674802
-0.07606709
0.16560618
0.39448779
-0.42526578
-0.13336618
-0.12253698
0.07424910
-0.05321828
-0.02039012
0.10223494
-0.24158783
0.36833143
0.29490264
-0.11488615
-0.01635289
0.21019357
-0.72700438
-0.42138217
-0.07128091
-0.24527448
-0.09846993
-0.33732193
0.23002006
0.16000079
-0.10228324
0.17897679
0.05933257
0.68971585
0.26345791
-0.22250284
0.05097633
-0.20013810
-0.24265229
-0.42330814
-0.54524045
0.43893979
0.10212101
-0.07788602
0.23055614
0.03524581
-0.08625156
0.15514103
-0.40220901
-0.05012101
0.44239361
0.32092626
0.24026619
-0.01102914
0.59779221
0.13354158
-0.24829697
0.34988058
-0.19335340
0.16000398
-0.37857830
0.15053297
-0.14610774
-0.30138171
0.02446714
-0.05493294
-0.41594272
0.10136099
-0.21104154
0.47445307
-0.12064824
-0.09012145
0.19639285
-0.16141077
0.80948378
0.34508829
0.58412494
0.23883398
-0.01326697
-0.09064004
-0.05269497
0.56171805
0.27232272
0.29612145
-0.43936275
-0.56555536
0.04734603
0.11372399
0.10604625
0.46757993
0.00697511
0.09011039
0.19786347
-0.02577049
0.10616060
0.45934787
-0.05959279
-0.09414977
0.11369068
0.22936956
-0.35663048
-0.41199044
0.21186533
-0.45234971
0.54152549
0.01489205
0.29396425
0.00676153
0.12506842
-0.30185564
-0.42820525
0.09362245
0.11376578
-0.34045007
0.19674884
0.10811984
-0.17120803
-0.02441007
0.00350944
-0.75296559
-0.18859630
-0.55053937
0.12592034
-0.07188381
-0.43111119
-0.11035347
0.05310891
-0.09431024
0.33528377
0.65493646
0.11183910
-0.51597485
-0.07315745
0.03027886
0.27296475
0.45953373
0.40918597
0.21542150
0.21553828
-0.55671408
0.02798686
-0.19484564
0.28964031
0.05459661
0.37417795
0.29501523
0.05890497
-0.45835718
0.07375622
-0.25929319
-0.18506598
-0.42140050
-0.13831729
0.02396389
-0.13935550
-0.29695238
-0.38210112
-0.19985139
-0.36850356
-0.15942806
-0.11146913
0.35573072
0.08212113
0.23299391
-1.04756979
0.57645612
-0.13454401
0.10128211
0.06839582
-0.31537284
-0.19552364
-0.47081487
0.18617775
-0.50182440
0.59730715
0.17725000
0.05515638
-0.19505192
-0.52776598
0.09282523
0.05683376
-0.26633212
-0.04545003
-0.08610847
-0.05617289
0.32118659
-0.54039081
-0.07339376
-0.29522708
0.13069609
0.37504348
-0.28848516
-0.04208432
-0.07880509
-0.00784873
-0.58772945
-0.11340409
0.08575199
-0.02711525
0.27404550
0.32951609
0.58209739
-0.19974304
0.00671026
-0.24695073
-0.04876771
-0.51547979
-0.09538832
0.45969225
-0.06534399
-0.53292069
0.25284467
-0.26004875
-0.18478082
0.33471199
-0.62659819
-0.17491253
0.67036274
0.24353514
-0.19368823
-0.15408490
-0.06865928
-0.18853195
-0.79422502
-0.26486307
0.25528760
-0.04270366
0.20891463
0.29334298
-0.17131026
0.13353615
0.17626900
-0.02665973
-0.40860993
0.57719921
0.32495443
0.32926738
0.48543536
0.09140899
-0.17418440
-0.00842121
-0.59679156
-0.11064844
0.25957470
0.05023662
0.51341170
0.18730252
-0.05952220
-0.26766654
-0.02239867
0.16880757
0.21531931
0.00471796
-0.17182501
-0.34431551
0.08915792
-0.00825327
-0.57103080
-0.31078715
0.03118944
0.13369294
0.20085402
0.01887564
-0.38681933
-0.18392028
-0.48033315
0.05004523
-0.52306714
-0.04429313
-0.00469287
-0.22231786
0.40365739
0.06062177
-0.02008021
0.02529160
0.47089437
-0.01576612
0.06863391
-0.12854449
-0.04479340
0.02903714
-0.21318707
-0.01725705
0.46563992
0.07362529
-0.17613888
-0.68366201
-0.05940962
1.06081772
-0.29980437
0.16640429
0.33530076
0.48209989
-0.40866605
0.08089118
-0.23657485
0.03590933
0.79671386
-0.18080582
0.28118246
0.18712495
0.01294942
0.43727727
0.08048433
0.33502835
0.02484160
0.00589365
0.79991113
0.26158704
-0.27486126
-0.07647505
-0.64232084
0.35464400
0.24831406
-0.50895348
0.02205733
-0.34028210
0.42951590
-0.35091003
0.11125871
-0.31476790
0.33253843
-0.08684269
-0.42029016
0.32568550
0.02351439
-0.35797238
0.02986004
0.21349988
0.17862049
0.06176230
-0.24223925
0.10933442
0.27975266
-0.64805430
-0.15567307
-0.22220533
0.30295608
0.15199203
0.03147452
-0.44658374
-0.11016007
0.72202495
-0.34332638
-0.15332943
-0.24740043
0.09284919
0.04220196
-0.23598391
-0.28085030
-0.03429331
0.04966076
-0.58035907
-0.18848431
-0.16452921
-0.25609804
-0.02012989
0.15257128
0.24484207
0.21868746
-0.02255611
-0.53090055
0.56335017
0.02515034
-0.05247579
0.93640084
0.36885689
0.09968655
0.12246644
0.34625925
0.21473859
0.08743955
-0.00659952
0.18588189
0.42554738
0.21298121
-0.26441157
0.11473004
-0.20858448
0.33856157
-0.20149784
-0.12994953
0.67476993
-0.46214890
0.19006223
-0.01791576
-0.04392688
-0.03390587
0.06798221
0.22421671
0.09019082
-0.08776221
0.16635241
-0.39249316
-0.37262829
-0.19065605
0.16503539
0.22855042
0.26782148
0.16700205
-0.00326057
0.06800923
-0.10043799
0.18481282
0.82755503
0.06288666
0.01372248
0.24391045
0.05745945
-0.17100030
-0.54737948
0.49457600
0.00892087
-0.06118039
0.04080180
0.06945699
0.05882510
-0.27317915
0.03618951
0.23046197
0.09174258
0.02524591
0.04579957
0.43353968
-0.27403879
-0.18931905
-0.04695087
-0.00273249
0.16212903
-0.01543184
0.46601554
0.13527073
-0.28954280
0.04866124
-0.73200596
-0.01966148
0.34712397
0.08110548
-0.23188576
0.18805110
0.07113434
-0.27801601
-0.29544081
0.18759166
0.44607179
0.24517921
-0.29946550
-0.29162245
0.02044050
-0.00714144
-0.61996951
-0.35216932
0.21410350
-0.23210330
0.28968908
-0.16137617
0.21204765
-0.40786785
-0.08437261
-0.01909732
0.17406567
0.24138932
-0.26777749
0.41568750
0.42964828
-0.23963494
0.14820865
-0.50145851
-0.12426995
-0.10154448
-0.48622545
0.10928939
0.25519733
0.11788153
0.36221597
-0.18684683
-0.03232240
0.09619490
-0.05450719
-0.27826486
0.34653097
0.24767063
-0.24780542
-0.05452013
0.00970141
-0.23345898
-0.18163752
0.17369829
-0.06967797
0.52234250
-0.05706384
0.12960214
-0.59080865
0.63520160
0.07452486
0.34085109
0.70548140
-0.18062273
0.30296077
0.08378861
0.13685667
-0.10138220
-0.26030149
-0.14608625
-0.09439362
0.34566366
0.10663663
-0.63214880
-0.16013036
-0.07596229
0.07847114
-0.01278325
0.23547278
-0.17777013
-0.32399945
0.03899225
-0.37270163
-0.00622826
0.21991508
0.46263794
-0.34890214
0.26136701
-1.02475466
0.30006203
-0.44214521
0.18069564
-0.16154043
-0.31349935
0.42109236
0.13851804
0.07664030
-0.54702802
0.29632192
0.11505820
-0.01749045
-0.24323111
0.17693457
-0.06879492
0.35748119
0.03457113
-0.29466164
0.21993259
-0.26994135
-0.00016498
-0.48332296
-0.18178370
0.47907802
-0.21206979
-0.28134583
-0.14790475
-0.45153549
-0.03793965
0.03058611
0.18735390
0.02764738
-0.03062546
0.33536152
0.08331922
-0.11631326
0.04645288
-0.40027833
0.46779358
0.04126002
-0.48666356
-0.41759701
0.14345179
-0.17899848
-0.18015097
0.10263100
0.29487035
-0.01352413
-0.29742628
-0.06242282
0.37342477
0.01032217
0.10278688
0.23178570
0.35504561
-0.06599539
-0.10756964
-0.03680103
-0.48475350
0.32190964
-0.32075800
-0.08407630
-0.62666223
-0.03502673
0.08920602
-0.07059895
0.08783916
-0.16194017
0.36386180
-0.19094717
0.01694675
0.38753352
-0.33056931
-0.48408370
-0.14419549
-0.22345073
-0.44844259
0.45848444
0.50195779
-0.33808092
0.08280526
0.15596614
-0.06156770
-0.26906997
0.10162044
0.34412629
0.30930944
0.20737995
-0.18334056
-0.35938807
-0.36171850
0.24081087
-0.10260840
-0.33238426
0.13938084
0.27207220
0.06992325
-0.40905509
0.19805880
0.18963952
-0.23322800
-0.01550598
-0.08624605
-0.43920011
-0.27996763
0.38037793
-0.43847854
-0.27231972
0.29703990
-0.22236041
0.36807257
-0.05123388
-0.26304665
-0.61862365
-0.02975233
0.09913439
0.17880480
-0.07329004
0.02887528
-0.06703062
-0.09932416
-0.00853315
-0.08262010
0.02416539
-0.00000867
0.41505411
-0.01335448
-0.35833757
-0.06710150
-0.33763978
0.18592152
0.18071696
-0.07966812
0.28696231
-0.17340800
-0.32804084
-0.50831831
0.24670121
-0.25429228
-0.36461799
0.22681155
0.22615520
0.49656829
-0.34169472
0.12197717
0.06308839
-0.01040307
0.30893867
0.11940528
0.41555228
0.09971490
-0.13540737
-0.05247050
0.32336178
-0.15192638
-0.36949952
0.02653774
-0.48291478
-0.13852915
-0.17041800
-0.71312908
0.21535040
0.14614810
-0.13522610
0.22385627
-0.31060647
