-0.34714282
0.15596966
-0.15940127
-0.11831367
0.46463406
0.37898116
-0.25351733
-0.14182720
0.18187459
0.04318035
0.12135901
0.24903355
-0.75073590
-0.25273920
0.01557380
-0.48063616
0.29868033
-0.00583459
0.61373358
-0.36410237
0.10291113
0.35052064
-0.45407872
0.26072357
-0.58018952
-0.30038444
0.10180540
0.36809822
-0.02366730
0.32856356
0.05940120
0.21551043
-0.40217424
0.03847369
0.22736621
0.24514440
0.30735901
0.10590066
0.15938022
-0.23080676
-0.01997355
-0.34463997
-0.07179911
0.09456831
-0.47139104
0.19886818
-0.66121370
0.21437160
-0.09355179
-0.14990993
0.23295337
0.45508952
-0.44126610
0.12539129
0.71025835
-0.50635667
-0.06852016
-0.29086614
-0.12443031
0.38469194
-0.75535500
0.27991189
0.65273581
0.23400028
-0.23118116
-0.26923786
-0.31804417
-0.34302663
-0.34318321
-0.67808023
0.19304788
-0.02409606
0.41504231
-0.07192481
0.27678250
0.12711222
-0.31557113
0.07462243
-0.13855418
0.19710962
-0.23195641
-0.11871202
0.21701303
-0.43036654
0.16810615
-0.22559356
-0.10453419
0.11809020
-0.52806377
0.44618356
-0.36303010
0.30076629
0.23388979
0.51907099
-0.02357692
0.38495062
-0.19312089
-0.29105053
0.01200937
-0.02399600
-0.36619413
-0.07486910
-0.29909185
0.48539080
-0.09420103
0.26905808
0.06618231
-0.17305877
-0.09363113
-0.59978664
0.16167621
-0.16679897
-0.57983587
0.35737320
-0.37791894
0.49267890
0.27706289
0.09686873
-0.39280487
0.25948784
-0.00706385
0.37480750
0.00880583
-0.21992608
-0.14813645
0.20582212
0.45290245
-0.40818757
0.00284384
0.22440218
0.17110697
0.04636862
0.02086225
-0.07013073
-0.31790212
-0.07265064
-0.42189867
-0.21929096
-0.59697453
-0.17368889
-0.12569569
-0.24279213
-0.39291574
-0.04265008
0.46395472
0.42847202
0.17938833
0.03296511
0.25387195
-0.24013328
-0.24755216
-0.14401985
-0.55683088
-0.04753433
-0.25605389
-0.27842627
0.18177498
-0.66676000
0.21459258
-0.61087145
-0.44292133
0.05694072
0.04434131
-0.05079788
-0.37688060
-0.33974978
-0.32759499
-0.12265778
0.12984813
0.36675948
0.03427225
-0.55959624
-0.17467534
0.27120068
-0.30831487
-0.15772462
0.36996842
0.25392444
0.13710543
-0.20807212
-0.19188779
0.25979641
-0.48879996
-0.19629333
-0.22871197
-0.05948850
0.06659601
-0.14486440
-0.40913750
-0.34566837
0.08571525
-0.20399430
-0.24506556
-0.13735474
-0.05550954
-0.44609942
-0.48608019
-0.15874687
-0.24099238
0.08619327
-0.16790123
0.06031153
-0.15057303
-0.13710080
-0.38104719
0.32119163
-0.17737320
-0.33178403
0.09865425
-0.27463384
0.43460698
0.32539459
-0.22137546
-0.03067870
-0.24064522
-0.04550013
-0.23118704
0.25019799
0.61989679
-0.23977401
0.06603720
-0.11010895
-0.00825571
-0.16001953
0.48843031
0.13785867
0.21840224
-0.26472291
-0.12422393
-0.15326150
-0.20569795
-0.12193013
-0.13709238
0.33307385
-0.17099610
0.56730732
-0.17870485
-0.08796369
0.43991440
0.29526827
0.16892275
-0.32249857
0.66615662
0.15337039
0.04143604
0.07269949
-0.21957158
-0.26252070
-0.04930202
-0.07867663
0.02533945
-0.54188121
-0.00954238
-0.12413885
-0.25426251
0.44152698
0.13647072
0.05164420
-0.00037603
0.38197990
-0.23022447
-0.26699290
0.36823099
0.08611644
-0.03455088
-0.40837370
0.25847519
0.17201317
0.16596338
-0.68398404
-0.17130252
0.20428801
-0.02727142
-0.71527236
-0.11940927
0.38748534
0.28820479
0.24074557
-0.37692824
-0.18749838
0.34781328
-0.05265171
-0.40396887
-0.45120523
0.30786185
0.07477235
0.21435608
0.05107608
-0.19402749
-0.11434727
-0.05283693
-0.05288622
-0.61800090
0.21169626
-0.54008431
-0.35033857
0.04296689
0.16705155
-0.01814517
0.52960462
-0.11786823
0.08406833
0.15982783
0.29457260
-0.46011704
-0.49670063
0.00489072
0.19415865
0.61465313
0.00983989
0.23749411
0.05069713
-0.46722408
0.40869700
-0.14852543
-0.39832168
-0.43657404
-0.64842921
0.44421126
0.38014050
-0.23205375
-0.05370973
-0.15200211
0.25939343
0.09613494
-0.12084932
0.17105717
-0.24270277
-0.09248757
0.17198382
-0.13627100
-0.31177312
0.35044140
0.28640331
0.04092546
0.20026047
0.01541537
0.47073475
-0.83019899
0.18182720
0.22177076
-0.00435467
-0.08370388
0.53398873
0.17799334
-0.01285051
-0.12208453
0.22714058
-0.29490894
-0.17243741
-0.08550533
-0.36275993
0.01089559
-0.14052044
-0.04650686
-0.03512975
-0.00900688
-0.18126293
-0.10487698
-0.19210747
-0.27604347
-0.36279636
0.00555260
0.08284121
-1.21324467
-0.03403374
-0.04174401
0.09089275
0.62197471
0.40211706
-0.49417043
0.08474352
0.17391731
-0.45821967
0.00440420
-0.19930359
-0.18393677
0.10168446
0.14032058
-0.10935064
-0.68204218
-0.05323102
0.17997951
-0.16431424
-0.17402730
-0.10121627
0.17008072
-0.40625118
0.18068863
-0.24942876
0.27212082
-0.08350475
-0.23936470
0.15606769
0.38259394
-0.41697200
0.05530789
-0.57107469
0.12831075
0.01238349
-0.22091237
0.35035936
-0.23745765
-0.32373086
0.22816527
0.68157742
-0.60476231
0.03860201
-0.12664713
-0.01100614
-0.31746619
0.59729844
0.07707762
-0.15320634
-0.05930041
0.25254333
-0.23857432
-0.79898862
-0.07127150
0.00640120
0.14583217
-0.30282222
-0.63328705
-0.04679352
-0.08063954
0.24734016
0.35569251
0.14960626
-0.21857559
0.58898515
0.20875788
-0.14618260
-0.40629679
0.14274909
-0.32595660
-0.57084040
-0.17122406
-0.04065395
-0.25460493
-0.40661863
0.44973255
0.04058725
0.28665268
-0.62304786
-0.45366546
0.29853577
0.49353026
-0.02096471
0.05122626
0.53003994
-0.04305023
0.05968809
0.32699472
-0.12796106
0.17551559
0.24587639
0.21964365
-0.02451524
0.28364355
0.07585180
0.35073428
0.10433547
-0.32557802
0.61184077
-0.04766741
0.01373774
-0.68849625
0.15140901
-0.32158767
-0.26533119
-0.28926588
0.72872391
-0.46644832
0.09670051
-0.29684616
0.27464268
0.44663274
0.15202574
-0.12187157
-0.15715465
-0.10080958
-0.25543144
-0.13783458
0.24068136
0.11378056
0.74922579
-0.30739705
-0.05358405
-0.54705587
-0.22704333
-0.39854366
0.28049728
0.42296426
-0.88405829
-0.31446794
-0.01060739
0.18063727
0.14735888
0.50735849
0.01380449
-0.66174281
-0.52392470
-0.58312629
0.17453110
0.15168630
-0.22994200
0.43082314
-0.11936657
-0.15274772
-0.15181364
-0.56023875
-0.06066004
0.10689022
0.88066431
0.29012436
-0.32636004
0.53572671
-0.20836948
-0.33166513
0.51942602
0.16908911
-0.28508333
-0.28457706
-0.62921526
-0.18833964
-0.41053523
0.28200920
0.59816385
0.17404343
-0.28520451
0.02959574
-0.30296095
0.34744147
0.13221389
0.47126999
0.09502778
0.51211363
0.10940623
0.18113670
0.43327016
0.15544725
-0.31365663
-0.02108111
0.22412361
-0.64946463
-0.05882024
-0.09060759
-0.66526272
0.53566349
-0.62810986
-0.12547404
-0.11817312
-0.07435760
0.17562709
-0.20810013
0.61051142
0.13290807
-0.07754019
0.29881493
-0.11726129
-0.37647560
0.58091379
-0.33456129
0.21045558
-0.53165257
-0.18771317
0.32352362
-0.26522535
-0.08170750
0.33431958
0.10019628
0.48911893
0.20219988
-0.45185266
0.31007982
-0.33180271
-0.10979226
-0.07153593
0.47265902
-0.26649148
-0.09025673
-0.20819904
0.76607818
-0.37959873
-0.14813838
0.43111486
-0.36374008
-0.12868577
0.16324243
0.25608305
-0.03834615
-0.54582293
-0.09975014
-0.57468956
0.51487272
-0.21197424
0.19604700
-0.01883494
0.59275638
-0.35867593
0.77227723
-0.07835122
-0.40554155
0.12469759
-0.23480130
0.00728485
-0.34450159
-0.42677997
0.24841718
0.21853592
0.46145302
0.32205617
-0.04880963
-0.41353817
0.50489791
0.21587492
-0.57997718
0.11667398
0.47305565
0.46349293
-0.04306027
0.69599029
-0.44145045
-0.17420542
-0.55983892
0.19349988
0.03687718
-0.30912422
-0.38943062
-0.11348520
0.37006870
-0.41159730
-0.22370138
0.34012318
0.17852324
-0.32530041
-0.45473456
0.05348753
0.26827209
-0.01886597
-0.14965803
-0.01962094
-0.15213241
-0.19780358
-0.55139504
0.14295884
0.20346898
-0.37416245
-0.22686587
-0.27659008
-0.25541247
-0.09609686
-0.41232562
0.32565250
-0.34236745
-0.43324521
0.59376623
-0.14732953
0.09427855
0.17917503
0.00669368
-0.38148966
-0.49006692
-0.33932127
0.26643360
0.34152984
0.05708590
-0.61335262
0.36322070
0.44272050
0.01194200
0.38467201
-0.16530948
-0.86531811
0.27613840
0.48312832
0.33026932
0.79727053
-0.17353987
-0.22998291
0.21066937
0.34814338
0.33420313
0.00231211
-0.32736085
0.42906293
-0.16002555
0.51383105
-0.42001666
0.12999638
0.31328819
-0.90719226
0.45793296
-0.11532224
-0.26079026
-0.31985871
-0.18365281
0.38533770
-0.40104658
-0.56871182
0.38382358
0.68975583
0.15048619
0.05418767
0.44660247
0.39462050
0.54830733
0.20857447
-0.04432585
0.15704070
0.44806965
-0.10276959
0.32200042
0.15819829
0.18820410
0.32081609
0.27591020
-0.00356310
0.35250911
0.50395067
0.04006460
0.60294937
0.52196790
0.56338792
0.48413963
-0.28486081
0.19062581
-0.15743574
-0.32634276
0.06847642
-0.53481357
-0.34487168
-1.00499013
-0.29700911
-1.05303297
-0.92520457
-1.06754532
-1.45705050
-0.99502810
-1.66079856
-1.47164949
-0.74549479
-0.89888443
-1.25742009
-0.97668380
-1.45040391
-0.79214603
-0.79882323
-0.76391924
-0.57226466
-0.51504783
0.17154883
-0.58891507
0.38289822
0.58472843
1.41191205
0.64265273
1.34866764
1.34771223
1.29571624
1.46746933
1.42329632
1.25222840
1.27900243
1.54994939
1.31232782
1.82874480
1.89580825
1.36787121
0.88637626
1.64743509
0.97250653
1.23477897
1.05398711
0.13335251
0.09410600
-0.34391243
-0.19733451
-0.30673741
-0.86283717
-0.50179544
-0.89397731
-0.63090152
-0.67488758
-1.60577882
-0.53974112
-0.87354512
-0.18459083
-0.82651239
-0.84290674
-0.14004506
-0.98745920
0.37212232
-0.54580182
-0.55510498
-0.27283771
-0.03685568
-0.67387642
-0.43764280
0.42302146
-0.43576821
0.13420924
0.21829508
-0.04390682
0.36784660
0.04675703
-0.08247916
-0.19534038
0.08192680
0.50482729
0.28249919
0.06777211
0.04741101
-0.19630737
0.60245807
-0.23565054
-0.19834706
0.35073967
0.26586410
-0.29832920
-0.22974697
-0.27171475
-0.22207204
-0.32931363
-0.05714701
-0.09272050
-0.49835508
-0.13181897
0.63266250
0.03310798
0.08569179
-0.33271320
-0.43209759
0.54231260
-0.04898437
-0.38285134
-0.25891898
-0.26966328
0.57552154
0.10498714
0.09311835
0.13788905
0.06393514
-0.61710917
-0.10885836
0.23756469
0.35984622
0.19644381
-0.23672856
0.19784014
-0.22485981
-0.28192507
0.25360982
0.55551548
-0.00000599
0.39319758
0.41554251
0.05049041
0.30945236
0.39736970
-0.60090060
-0.20931653
-0.14574404
0.25992636
-0.13467887
-0.33892254
-0.11134416
-0.15246479
-0.00067039
0.20210408
-0.11980898
0.12464214
0.56343840
-0.31896353
0.19675173
-0.16474757
-0.09108376
0.33417606
0.44812658
0.06144654
-0.14599394
-0.13625619
0.60541587
-0.27863013
-0.19166634
-0.04992321
-0.42409361
0.49987340
0.46455691
-0.02673382
0.34074614
-0.05176391
-0.37556482
-0.56655075
0.21045272
-0.48144635
0.10885563
0.57598935
-0.28087708
0.45621883
-0.35481224
0.05781510
-0.38584393
-0.09521205
-0.29863997
-0.23037894
0.29228638
0.28659141
0.64424015
-0.11717171
-0.17252761
-0.81868940
-0.52174816
-0.10670663
0.05324251
0.21363966
-0.10429504
-0.21851876
-0.21999727
0.00869061
-0.10016169
-0.17748838
0.06309233
0.48742070
0.14297125
0.46372354
0.31143396
0.39074832
-0.35287776
-0.09881780
0.20681766
0.38233876
-0.00821112
0.06265993
-0.32910868
0.15260829
0.35263052
-0.13806820
0.04020229
0.10967751
-0.01532487
-0.30833474
0.42973790
-0.23086295
-0.26568402
0.51302028
-0.24536572
-0.06944657
0.44591223
-0.11414520
-0.23751431
0.48387180
0.00892500
-0.16981485
0.13627967
0.06769466
-0.68334191
0.46576002
-0.23616272
-0.00725080
-0.20396838
-0.07576496
-0.13152588
-0.33463954
0.12324482
0.34985801
0.12952172
0.20633199
0.16165817
-0.03772016
-0.21818363
-0.00036170
0.51925829
0.19748960
0.10028581
0.36395651
-0.05317850
0.38686584
0.00835360
-0.14976162
0.57797884
-0.36237167
0.51627798
-0.63006465
-0.57521672
-0.22185276
0.95536667
-0.37343933
0.15662455
-0.06110798
0.16883613
0.36749116
0.21278449
0.23012780
0.31088782
-0.27868428
0.34966433
-0.00157828
-0.32181888
-0.36189379
0.21649123
-0.03090537
0.35092223
-0.24999031
0.17884724
-0.41621917
-0.21692437
-0.21265545
-0.03506278
0.31134707
-0.09713754
0.16871943
-0.64157635
0.26066849
-0.12371054
0.27073057
-0.34587912
-0.15923241
-0.00629016
-0.23464761
-0.18571552
-0.33120183
0.11678036
-0.32765615
-0.66917453
-0.04576317
-0.75070933
0.39964481
0.05631570
0.25809156
0.50001216
-0.24036867
0.15819565
-0.06791117
-0.51188067
0.07301889
-0.08619585
0.65347548
-0.25936421
-0.14127078
0.16512248
0.70525368
0.13623346
0.68909846
-0.39688905
-0.32561222
-0.24009722
-0.11223338
-0.04965365
0.28603796
-0.36884812
-0.09599345
0.13132995
-0.01439433
-0.69880631
-0.24325508
-0.21971382
0.25784534
-0.09965676
-0.41798369
0.05982914
0.01866077
-0.36693920
-0.16638908
-0.47668402
0.63824639
-0.61611335
0.26578483
0.03126587
-0.26338370
-0.29465045
-0.11259543
0.22693619
-0.14588542
0.81011982
0.08415006
0.54458854
0.22748627
-0.12219949
0.02921457
-0.19113594
-0.00460793
0.33339716
-0.24470900
-0.27914037
0.58019277
0.15218426
-0.56135186
0.04963817
-0.06193044
-0.22032671
-0.47884977
-0.34733831
0.35810683
0.08818883
-0.37546879
0.12374798
-0.11307322
0.09014182
0.19466599
0.24864568
-0.09191052
0.52958116
-0.04218672
-0.12813280
0.42347497
-0.84030134
0.51539069
0.44539924
-0.09825780
0.63074643
0.63268869
-0.38945911
-0.00147022
0.00403516
0.56938504
0.78664717
-0.60797016
0.28284019
0.12558625
0.19157407
0.45931482
-0.00168942
-0.20504616
0.00618251
0.02398175
-0.43335074
0.19645729
0.36569577
-0.24615069
-0.11298898
0.06654374
0.12154724
0.69376140
0.02261336
0.25103101
-0.01665807
-0.35800279
-0.29405020
0.58247389
0.13098720
0.17809378
-0.16889384
0.24325359
0.23110046
0.14352073
0.45386970
0.10239895
-0.14349338
0.57239280
0.04562586
-0.31211111
-0.80508660
0.47932380
-0.14843843
-0.18658391
-0.18520674
0.08961007
0.09118129
0.52319333
0.64577772
-0.03117490
-0.34696688
0.07771456
0.19253602
-0.11543057
0.07166305
-0.04909884
-0.34451780
-0.23668027
-0.46055604
-0.08683493
0.36932229
0.43539856
-0.30627709
0.25753844
0.08280470
0.08059581
0.45316516
-0.01772499
0.11918578
-0.26265380
-0.52865138
0.20928784
0.05988986
-0.35231158
0.30964500
-0.33360280
0.11028404
-0.06948187
0.57958958
-0.46131694
0.16833263
0.56825748
0.21273775
0.01250643
-0.20528725
-0.33058898
-0.32726877
-0.32375757
0.33316782
0.33922969
-0.39605420
0.18447182
-0.20783624
0.64215838
0.41056078
0.10627146
-0.55981945
-0.16352788
-0.01580345
0.13375467
-0.17587282
-0.07000311
0.20715482
-0.09812298
0.72146605
0.02747931
-0.78004485
-0.09152234
-0.12402035
0.16612367
0.43600932
-0.55085720
-0.07855301
-0.04568076
0.31328235
-0.94971141
-0.00318108
0.43603026
0.32288188
0.11027333
-0.25273079
0.45006862
0.30430922
0.29138526
-0.19139482
-0.12608946
0.25833220
0.36500676
0.06021454
0.66462291
-0.14881487
-0.07721630
0.09296804
-0.21506255
0.10548065
-0.27998944
0.44099818
0.06265334
0.16761842
0.47340052
0.85795780
-0.68218532
0.39132835
0.05698720
0.29792646
-0.01513417
-0.16831309
-0.57081570
0.02959128
0.15834107
-0.18116820
0.27266991
0.49389905
-0.55332248
0.47430467
-0.37884579
-0.31485763
-0.04964238
-0.18330152
-0.18533372
0.00563001
-0.48283088
0.30397301
-0.08280330
-0.03226675
0.28063409
-0.11890104
0.14503924
0.56408303
-0.13653928
-0.67261619
-0.24986512
-0.41019786
0.07470121
-0.57143099
0.87817064
0.05838784
-0.04867275
0.21597018
0.24267960
0.10461076
0.32604945
0.41916041
0.67808831
0.04593530
-0.58326412
0.50259017
0.11732692
0.04383614
-0.12915999
0.60384969
-0.15285264
-0.09756673
-0.52749752
0.16002612
-0.42962923
-0.01058711
-0.15595083
0.01486290
-0.10410538
0.02928889
0.13728500
-0.12652845
0.50375338
-0.22957041
-0.25424670
0.25903795
-0.60703992
-0.35354436
0.31146413
-0.09410400
0.17566571
-0.30048881
0.13218580
0.27676707
0.38403614
0.75102469
0.15562325
0.47072376
0.19662583
-0.17929764
0.06953782
0.24577913
-0.01171048
0.05554301
-0.28049943
0.32575266
0.26857286
0.50060249
0.20365451
0.43926676
-0.21353856
-0.38334069
-0.26342505
-0.34374665
-0.44867235
0.39653085
-0.04824334
0.23182135
0.18990398
-0.08536482
-0.15715224
-0.10873239
-0.09898868
-0.15640658
-0.38221350
-0.48429977
-0.09055115
-0.23496379
0.00240936
0.20409174
-0.06735614
0.56830628
0.26779618
-0.15411169
-0.39386117
-0.40599183
-0.06504420
0.38300806
-0.59950565
-0.15238552
0.11656057
-0.46617060
-0.34967385
0.53564299
-0.52259012
-0.64921973
-0.24249590
-0.28035921
0.08367444
-0.02350043
0.16368026
0.07952311
0.09445639
0.22048280
-0.07237107
-0.38730592
-0.36165830
0.07570549
-0.16601072
0.06225970
-0.02232594
0.11504974
0.05267929
-0.60954058
-0.38711635
-0.56589068
0.03200996
-0.03382914
0.07011719
-0.22559454
0.24676127
0.44535796
0.22550473
0.16980475
-0.27812031
-0.35432885
-0.10274967
-0.35557914
0.14597654
0.52646669
-0.03152892
0.30087190
0.09699312
-0.63408509
-0.23973195
-0.43580448
0.26681242
-0.42506322
0.22520089
0.41113452
0.15087981
0.26147677
-0.09792657
0.44054645
0.20350145
0.14372312
-0.14742980
-0.53909482
-0.25354911
-0.41599711
0.37332110
-0.22933310
0.45424523
-0.02788011
-0.50342804
-0.35489624
0.29236305
0.79759797
0.14418700
-0.43481311
-0.69715770
-0.05480362
0.40591995
-0.30341525
0.17401175
-0.58211300
-0.23045742
0.38275537
-0.03421990
0.13047619
-0.22207923
0.62636459
0.32658341
-0.10644225
-0.08341791
0.44365937
0.15734156
0.56048172
0.10698513
0.50374946
-0.52840541
0.20392351
0.11407972
-0.37953118
-0.10584838
0.08442642
0.47107715
0.08099441
-0.27993058
0.40076384
-0.30019622
-0.29530273
-0.06333080
0.16496671
0.21929169
0.27774414
-0.19852188
-0.75232995
-0.14004069
-0.26060951
-0.16488148
-0.42107081
-0.39904481
0.11771985
-0.11977571
0.09017300
0.08495303
-0.18454756
-0.79050324
-0.01026071
-0.62369533
-0.50570679
0.21292010
-0.00691681
0.07268137
-0.52160264
-0.16915010
0.82350210
-0.13582046
0.67941928
-0.06315038
-0.11851965
0.71938654
-0.27317926
0.56828865
0.38399411
0.24559061
-0.23711704
-0.18159650
-0.15282923
-0.14328763
-0.34127209
0.41660547
-0.06680494
0.05768575
-0.18040489
0.64815438
0.20275084
0.08683222
-0.35014769
-0.08559314
-0.57825417
0.01900884
0.68342084
-0.15772883
0.26123787
-0.05647367
0.17727492
-0.29256087
0.13356564
-0.06276998
0.47024107
-0.09522202
0.03252446
-0.22770600
-0.50603191
-0.83164979
0.42518885
0.36567120
-0.32372058
0.02727379
-0.81222095
0.29527718
-0.15091664
-0.10061466
0.41706953
0.89888211
-0.14319676
0.21677886
-0.52592923
-0.31476764
-0.42834047
0.18951509
0.22970768
0.02467257
0.15472157
-0.10540194
-0.48873302
0.01605318
0.29372180
-0.01570061
0.14625236
0.24115729
0.01232849
0.42531091
-0.12535161
0.28908269
0.14299866
-0.01307288
0.20207787
0.12005704
0.29034304
0.45934682
-0.14433911
-0.61845623
0.17315441
0.23084087
-0.33797259
0.16326923
-0.25155733
-0.69615588
0.10517955
-0.43111106
-0.02065472
0.34968750
0.22019314
-0.22572689
-0.08838492
0.28158902
-0.20727168
0.25340583
-0.06480714
0.21998028
0.85727623
0.08329900
-0.50948708
-0.23038969
-0.18476969
0.25505317
-0.50072582
-0.09020238
0.28951478
0.22015815
-0.62242715
0.24508268
0.24365214
-0.16707747
-0.31881790
0.03696018
-0.33050778
-0.15503763
0.12487114
0.19654939
0.25746262
-0.01538343
-0.20835769
-0.13231043
-0.21335732
-0.01701605
0.27179702
0.16030823
0.28927163
-0.02886770
0.00731485
-0.36515575
-0.31804496
0.21123472
0.02396916
-0.06421888
0.11517814
0.25813274
0.12667817
-0.25561097
-0.26012767
-0.13132579
0.34370931
-0.53150711
-0.13358661
0.01243867
-0.29241464
-0.20931630
0.29483078
0.15713298
0.26951230
0.23075292
-0.07954419
-0.00257012
-0.12712120
0.04213836
0.29983065
-0.29750758
0.10984322
0.28507149
0.30593947
-0.19419169
-0.37647607
0.48360104
-0.27876180
0.14203601
0.07201505
-0.02835522
0.40528823
-0.04094442
-0.04231442
-0.44531923
0.03011002
0.33400196
0.35863624
-0.29623388
0.14757795
-0.22920148
0.09990344
0.23251885
-0.02859372
0.33645916
-0.41349751
0.10099700
0.32166182
0.44833233
0.52756175
-0.04354886
0.23819942
0.09294597
-0.30665640
-0.32278841
-0.04255920
0.18165737
0.08896742
0.24063286
0.04372732
0.60663835
0.90621204
0.04839317
-0.62575629
-0.36922904
-0.19862064
0.11923559
0.03725395
-0.55696173
-0.06998123
-0.17866433
-0.03846771
0.08101248
-0.05226606
0.57007638
-0.32635139
0.15911820
0.15583637
-0.04044367
-0.04573731
0.05719277
-0.11277514
0.33623179
-0.19947954
0.21588088
0.39473650
-0.08513693
-0.19715241
-0.20662814
-0.15214889
-0.25183723
-0.23962071
0.20110352
-0.14597959
-0.48229606
-0.24807053
-0.01361190
0.22596119
-0.11433406
-0.41750263
-0.16773090
-0.24750913
0.25331225
0.54875835
0.15530046
0.08306355
-0.41279298
-0.47193282
-0.10447363
0.10906705
0.28911947
-0.15025898
0.01283239
0.29878402
-0.13081793
0.19156050
0.15323964
-0.48295643
0.45128445
-0.38814273
-0.56866232
-0.17105755
-0.00257954
0.09621026
-0.12407480
-0.40265198
-0.25018771
-0.14257087
-0.12076023
0.11897414
0.35784620
0.05991442
-0.71089866
0.39659299
0.07654037
0.02871059
0.48929084
-0.47066047
0.04766494
0.35749915
-0.03569669
0.12366713
-0.11429251
0.09576644
-0.69594988
0.08845285
-0.37939433
-0.01997594
0.38112450
0.00721738
0.05448844
0.32978466
-0.23824262
0.29000336
-0.55077506
-0.77743169
-0.12219900
-0.54570983
-0.14458738
0.14721976
0.15382482
0.05966725
0.15524389
-0.11679886
0.16447951
0.17150535
0.29335236
-0.17623543
-0.09826290
0.01493502
-0.35354448
0.19529625
-0.19137646
0.14995442
-0.49937234
-0.02407640
-0.20932927
0.29991761
-0.12624998
-0.21473437
-0.33847692
-0.02516558
-0.24752537
0.21267534
-0.91015953
0.34841313
0.16522212
-0.21740496
-0.25988758
-0.28025329
0.50670241
0.12104373
0.09890290
0.12282522
0.56597346
-0.12641237
-0.02015431
0.66918253
0.44288538
-0.16837317
0.12826408
0.52721059
-0.43033894
0.14110657
0.18468759
-0.70281757
-0.24684783
-0.68261516
-0.09865354
0.12896135
0.02857424
-0.41839572
-0.45833360
-0.57198472
0.07102904
-0.51718227
0.24358178
0.26067622
-0.01584636
-0.42210551
-0.43127031
0.48993154
0.20709968
0.36527590
0.14714608
-0.11117606
-0.07504480
-0.11208199
0.12077182
0.00130381
0.53797140
0.25243383
0.59863763
0.22597954
-0.50152207
-0.16813515
0.01740765
-0.37887023
0.16647957
-0.11471775
-0.36963300
-0.26270637
-0.11047800
-0.08688062
0.13854627
-0.11729025
-0.18340415
-0.16711442
0.64034288
0.50715139
0.48920838
-0.09373011
0.27337464
0.29988231
-0.52035550
0.26915470
-0.04577053
-0.04255879
0.63398839
0.22244372
-0.42293984
-0.13814389
0.05613694
0.47014746
-0.39978922
-0.03658493
-0.21326866
0.37011695
0.17015081
0.27200174
-0.23633199
0.38565938
0.25240843
-0.38411598
-0.15136458
0.31988839
0.02559307
0.02450254
0.18715392
-0.27192627
-0.40011490
0.15028297
0.04516701
-0.04032211
-0.38252444
-0.98193295
-0.29824074
-0.37509577
-0.01960446
-0.49091283
-0.18677981
0.13000502
-0.16700786
-0.25455298
0.56464617
-0.17998000
-0.35634061
0.29406727
-0.00739130
-0.05154114
-0.15769166
0.11108117
-0.08242349
-0.16175181
0.35886781
-0.00383007
0.30524737
0.09874463
0.15103071
0.03480698
0.27375181
0.16574446
0.51336368
-0.61650972
-0.42209237
-0.30361972
0.43777670
-0.50262039
0.09130160
-0.08829673
0.30624755
0.01485387
-0.31391686
-0.39922060
-0.39064312
0.13493795
-0.51277723
-0.26650163
0.46552699
-0.33336789
-0.34196107
-0.21331640
-0.06494393
-0.03219509
-0.09434972
-0.07081829
0.09217358
-0.05303956
0.26358211
0.60458493
-0.37129902
0.31037875
-0.20631890
-0.34778650
0.30010852
0.47742933
0.39498570
-0.33462156
-0.06162472
-0.03830950
-0.37401904
0.47849421
-0.03547328
-0.13549749
-0.21867874
-0.20414943
0.41655967
-0.07700414
0.23382115
0.13167226
0.01747896
-0.12744301
0.22862177
-0.08360283
-0.67536311
0.12947404
-0.17201585
0.03901864
