0.37885384
0.20685666
0.28533980
0.33112760
-0.32701116
-0.19003616
0.05698267
-0.58881225
0.23752843
-0.16585294
-0.36688101
-0.09384439
0.51071682
0.16177725
0.04994188
0.02130727
0.13716091
-0.52109567
-0.23777607
0.44784303
0.20221106
-0.12072832
-0.00348482
0.16155296
-0.27825615
0.24106845
-0.71584537
-0.31170651
-0.67600754
-0.13605348
0.11475840
0.14935420
0.28864366
0.30900072
-0.12527543
-0.20427794
0.38438464
-0.18051316
0.30494222
-0.00472529
0.02428654
0.15964876
0.05360083
-0.02565685
-0.37746182
-0.02998511
-0.31812649
0.17675242
-0.45714679
0.10304713
0.15548003
0.26604986
-0.61553446
0.24163345
-0.09102865
0.21679014
-0.26722226
-0.27346474
-0.05972746
-0.05302502
0.34848242
0.23483143
-0.23532267
-0.40890507
-0.49006029
-0.00518354
-0.11008805
-0.27939111
-0.06237579
0.22297715
-0.29698844
-0.33299808
0.36896479
-0.35481809
0.09475756
-0.24212793
-0.36591043
-0.01219152
-0.11503763
0.07643066
-0.28572648
-0.09566480
0.47107961
-0.18196454
0.30488129
-0.22185499
-0.22075355
0.03943812
-0.29066449
-0.25706852
-0.27250955
-0.04241601
0.02430765
0.11942119
-0.02125499
-0.20754456
0.15934688
0.34502557
-0.16424874
-0.12185219
0.05763662
-0.04509325
-0.05086628
0.04923738
-0.02000908
-0.17657038
0.27103411
-0.27913278
-0.07474275
0.17616084
-0.46802807
-0.03995281
-0.12820780
-0.39236033
-0.20462480
-0.30138270
-0.11318744
0.01476509
0.05570054
0.26278739
0.00156771
-0.01106518
-0.22059471
-0.06957350
0.75368786
0.10991244
-0.06521266
-0.40744413
0.47066886
0.00661959
0.06962960
0.42967479
-0.02626555
-0.21099632
0.09322037
0.07432632
-0.26457646
0.16765979
0.55481618
0.26631249
0.20452256
0.15554440
-0.20055721
-0.00107685
0.09354256
0.12898545
-0.14046066
0.07601478
-0.08245951
-0.21532727
0.24219771
-0.74245610
0.34593810
-0.01358058
0.18520669
-0.53203579
-0.13274399
-0.31539998
-0.21139770
0.26157444
-0.18397863
0.06927911
-0.12306505
-0.21990946
-0.40792120
0.23092486
-0.11884471
-0.42468617
-0.02854101
-0.07233863
-0.54581643
0.02190842
-0.04742354
0.12053995
0.09322418
-0.16686959
0.27890033
0.39124352
0.28294343
0.30064755
-0.20896165
0.03791918
-0.61689202
-0.34536182
-0.15487389
0.27726342
0.04691103
0.15422704
-0.12633288
0.51118873
-0.07894092
0.20881727
-0.20285816
0.20576285
-0.02022679
-0.06160625
0.01684856
-0.18715108
-0.42696076
-0.31270998
0.01140321
-0.25937361
-0.19490016
-0.05973204
-0.57546430
-0.04040753
0.20461307
0.23333174
0.02917736
0.57495708
-0.03083858
0.36308580
-0.16098583
-0.05279089
0.14558711
-0.10050654
0.06972749
-0.12718191
0.25794385
-0.04903223
-0.01599709
0.06462727
-0.28981676
0.50812650
0.34737890
-0.00474117
-0.38604809
-0.14288108
0.25018023
0.14747427
0.09075102
-0.11954975
0.06253229
-0.64339648
0.01642285
0.25271164
-0.16924049
-0.13308369
0.03425204
-0.08682345
-0.84055791
0.13061843
0.26789029
0.25508389
-0.10569824
0.36220621
0.23395983
-0.20463803
-0.56706735
0.08187373
0.01686197
-0.29860751
-0.09351982
-0.38449245
-0.16802811
0.20950366
-0.17860322
-0.02423144
0.17486773
0.03730714
-0.28792931
-0.30818557
-0.14326099
-0.09492052
0.49176028
0.16149382
0.14889956
0.24674229
0.14996225
-0.23987482
-0.36989680
-0.49086049
-0.15636162
-0.01331554
0.13120961
-0.34896926
-0.09250994
-0.04115862
-0.12828285
0.47480108
-0.62807021
0.38213601
0.15611235
-0.65920553
-0.57335139
-0.13552880
0.38397916
0.23915355
0.06144122
-0.11626494
-0.08271446
0.15291272
0.16019727
-0.50532761
-0.02381463
-0.20912511
-0.15772872
-0.26953990
0.37449737
0.29624758
-0.04466901
-0.73194230
-0.03743734
0.25045057
-0.30582272
0.32167279
0.19111652
-0.12410720
-0.13406442
-0.47331486
0.33044006
-0.09412606
-0.28687576
0.49551047
-0.02123596
-0.07579309
0.33556986
0.73561458
0.11193873
0.17477483
0.14695217
0.18489604
-0.01902865
0.09251886
0.08700720
-0.00301247
-0.01090235
-0.01059146
0.29815340
0.21077874
-0.20304257
0.16971863
0.13318076
0.27663275
0.12330875
0.36047136
0.09133260
0.04903107
-0.34491401
0.33282182
-0.07856890
-0.05202238
-0.26202997
-0.08364691
0.00636336
0.35459867
-0.29036063
0.14167871
0.06861752
-0.07312244
0.47618723
-0.19376450
-0.18160187
-0.08475306
0.45804957
-0.31526444
-0.00624297
0.18725643
0.33923499
0.06832663
0.08936781
-0.55902728
-0.04720866
0.98158296
0.19551016
-0.13607418
-0.14180792
-0.19218174
0.04734950
-0.29332209
0.03862503
-0.07718980
0.11554733
-0.20429218
-0.30327327
-0.28800379
-0.19274793
-0.40299469
0.00586653
0.21892644
-0.15065673
-0.14539926
0.06955560
-0.30088264
-0.63834336
-0.05751660
-0.20203277
-0.00464730
-0.17059743
0.27015806
-0.23161137
0.25367128
0.02706499
0.27162548
-0.11946877
-0.39162590
-0.02709672
-0.01889600
0.14151041
0.19629118
-0.55299278
0.05031648
0.44020377
-0.41167767
-0.42809322
-0.17148949
0.09992446
-0.05291980
-0.16947870
0.04163619
0.21749537
-0.07001834
0.36600036
-0.09241331
0.12331378
0.08661450
-0.30731918
0.52105907
0.52052327
-0.22871678
-0.06334105
-0.46625598
0.09816295
0.12503338
-0.12290656
-0.28861049
0.28132266
0.01623190
-0.12360013
0.28099262
0.04286955
0.12115516
0.50646745
0.15715317
-0.10415068
0.08839336
-0.19316871
0.09816059
0.45205088
-0.14066051
0.15559621
0.26467006
-0.39738465
0.16360137
0.12380404
0.38757002
0.35415981
-0.40135151
-0.35737595
-0.20172306
-0.05937228
0.39572531
-0.17739948
0.05319935
-0.11902554
-0.39153147
-0.15909452
-0.06929009
0.07393252
-0.22814038
0.09885940
0.21463756
0.33489768
0.57490215
0.20382215
-0.13660184
-0.20146042
0.14272297
-0.13184456
-0.03472630
-0.55081639
0.60673568
0.25198697
-0.67667176
-0.43356619
-0.27677397
-0.22574602
0.15983069
-0.35018387
0.16900577
-0.24928209
0.09241980
0.09555960
0.30465286
0.11016320
0.17639791
0.10061078
-0.13886120
-0.13096984
-0.17313559
-0.45494087
0.29244276
0.13308809
0.20531413
-0.36422802
0.15967669
0.10793726
-0.44485854
0.09155528
-0.09239515
0.22700590
0.07826423
0.10895031
0.30623714
0.48957139
0.27760800
0.53754171
-0.23325688
0.33754737
-0.41570530
0.31289716
0.19138357
-0.13733809
0.24178677
-0.02854867
-0.56315774
-0.17459339
0.30952535
-0.06786804
-0.07579698
0.30412985
0.53128157
-0.03477586
0.19980557
-0.14196784
-0.02253010
-0.05000176
-0.17056762
0.09046150
0.19131301
-0.29449945
0.25885943
-0.25236799
-0.58615011
-0.25952288
0.50571542
-0.26482107
-0.04098324
0.15443754
-0.05010682
-0.04167750
-0.36300928
-0.06326710
0.33336293
-0.25409487
0.00512941
-0.20016372
-0.20592931
0.11876378
-0.17245148
-0.66982025
0.27671930
0.09535558
0.06034176
-0.17711537
0.03250550
-0.09603352
-0.15304088
0.28347990
-0.65369989
0.12672198
0.06252766
0.13034151
0.30367154
0.07058308
0.00351121
-0.14376887
-0.27641955
-0.59464394
-0.06022626
-0.36949862
-0.23649346
-0.37460493
0.20211439
0.45019637
0.18552330
0.21891509
-0.29507433
-0.70585878
-0.08643551
-0.07454708
-0.15253205
0.30634815
0.10713628
0.40543523
-0.50066160
0.02076339
0.06650614
0.16901703
-0.19024099
0.38526149
-0.07706563
-0.33612584
0.33303031
-0.24262811
0.30698482
0.19052246
0.31821436
0.45350110
0.44830235
-0.15799074
0.11543866
-0.02085661
-0.00302067
0.04207140
0.00803225
-0.06990100
0.15568048
0.54545054
-0.12469856
0.33784672
-0.02848415
0.04366920
-0.01478779
0.12793983
0.11885451
-0.12613607
0.04403794
0.20131156
-0.03330469
-0.57074269
-0.02651000
0.26286071
0.13525316
-0.26923450
0.04185698
0.28504370
-0.20166239
-0.02531890
-0.01506888
0.20197114
-0.03711461
0.04589437
0.08858570
0.41436565
0.05751388
0.23394716
0.34267647
-0.10156243
0.17920091
-0.14878144
-0.17690332
0.22283395
0.30579834
-0.50087824
-0.49529628
0.16092290
0.20005362
-0.59465185
-0.35609550
0.33832573
-0.36839216
-0.22322601
0.04054066
0.05141971
-0.00728950
0.21685886
-0.32827990
-0.10824654
0.07374237
-0.00038491
-0.16328929
-0.05874322
-0.05506230
-0.35287482
0.17411258
-0.47887031
0.10469181
0.25945855
0.33641468
0.32712317
0.13715258
-0.27391553
0.08515605
0.30517416
-0.10195394
0.00992500
-0.26486214
0.11642102
0.13479049
0.02525851
0.25432304
0.42203914
-0.32060016
-0.25546347
0.13839536
0.21189363
0.04770982
0.16820074
-0.03914090
0.04485626
0.54387137
0.35737567
0.03390224
0.25461382
0.44323702
0.56587008
0.35352592
0.37248860
-0.15965626
-0.12127148
0.27541933
0.30093547
-0.22731761
-0.00214191
0.00036715
-0.14112171
0.47659918
0.07875262
-0.09852430
-0.40122220
-0.49109122
0.04099433
0.13525288
0.11312151
-0.02901811
-0.11389462
0.04173808
0.39726892
0.07967255
-0.19734501
-0.27621109
0.01413145
0.15597364
-0.33844229
-0.04676280
-0.39383355
-0.40884037
-0.05648164
0.07691753
-0.05345050
-0.30254112
0.10312657
-0.10175484
-0.10544896
0.18220714
0.11371137
0.20351598
-0.04967673
0.87325206
0.20574954
-0.22815189
0.07617693
-0.03455968
0.04103129
-0.08387699
0.18877220
0.46162610
-0.19536634
0.07080579
-0.05220440
0.26943116
0.22452292
0.08779005
-0.10730343
-0.06454126
-0.25925244
0.16404258
0.30069112
-0.11630462
-0.28346752
0.03990807
0.23806671
0.73410191
0.51381267
-0.40815024
0.10363521
-0.39288776
0.17215147
0.10158626
0.38128116
0.11236427
-0.09415352
-0.28988439
-0.03972765
0.13162217
-0.43045019
-0.25424506
-0.03748552
-0.31844186
0.14822300
0.23380167
-0.03409885
0.04715838
-0.16477643
-0.25628721
0.11763278
-0.18028976
-0.21099032
0.09443632
-0.05940722
-0.32517311
0.05763457
-0.12704425
0.46872166
-0.07752922
-0.17174504
0.32279289
0.34143621
0.31968609
-0.33955188
-0.21075263
-0.47414689
0.13104709
0.09921531
-0.27006605
0.40970649
0.20664191
-0.12254489
-0.43501579
0.20329423
0.23037728
-0.48260780
-0.39211369
-0.28748497
-0.02454467
-0.22472370
-0.25339426
0.04246549
-0.06936669
0.11557343
-0.11697576
0.07386074
0.11453823
-0.07096187
-0.14837195
-0.14047601
0.10510778
-0.19220589
0.06563132
-0.32221315
0.10667730
-0.16658824
-0.32817017
0.13923010
-0.15979216
0.28885846
-0.04618071
0.07388307
-0.18686684
-0.19117334
-0.00757174
0.25918716
0.09572409
-0.14674742
-0.24551402
-0.05277663
-0.50955404
0.23774017
-0.10090782
0.11434072
-0.35025613
-0.26425551
0.62727112
-0.14922466
-0.01198833
0.06570375
0.01165496
-0.38034112
-0.11440489
0.66656508
-0.11350254
-0.24737270
0.04753907
-0.23910093
0.62354189
0.19940730
-0.02755942
0.35259220
0.21022488
-0.09865774
0.04134059
-0.11571173
0.22169000
-0.38623041
0.18206277
0.35558155
0.13572856
0.27271607
0.10726500
-0.37180983
0.16468285
-0.00694495
-0.00517361
0.08079334
-0.13522494
-0.17477949
-0.49069916
0.11007448
-0.00366692
0.03385378
0.34861487
-0.06693363
-0.40162857
0.58190645
-0.13454632
0.33168805
0.31865197
0.46737750
0.51930251
0.35700554
0.16790172
-0.28494221
0.65362615
0.31712703
0.55540094
-0.24862699
-0.42303976
0.01142231
0.11068246
0.10835123
0.56858033
0.00214492
0.43755203
0.44884078
-0.53313461
-0.06290055
0.22056003
0.07869203
-0.24511850
-0.18513370
-0.14989591
-0.21976306
-0.81125796
-0.10959548
-0.67527523
-0.14020601
-0.72785488
-0.76620691
-0.97872216
-0.23082729
-1.39868035
-0.82231420
-1.07802617
-0.69805911
-1.07849040
-1.12878433
-1.60722600
-1.04062158
-0.50383376
-0.96183913
-0.90576247
-0.18768118
-0.27773805
-0.20843410
-0.06826490
-0.47966629
0.09864967
0.37095301
0.53232817
0.51096658
0.60826910
1.16758218
0.68733228
1.20576239
1.46493317
1.21977126
1.08921316
1.40271233
1.44678260
1.76800603
1.44034593
1.28138977
1.18178106
0.85938094
0.86970366
1.08987798
0.32918085
0.39576756
0.50814606
-0.07555072
0.74701373
-0.58098419
-0.91815439
-0.53259035
-0.30385219
-0.48422398
-0.85465792
-0.91255454
-0.14965878
-0.77151012
-0.53288707
-0.91577701
-0.72576504
-1.08383905
-0.56109995
-0.53694086
-0.34165058
-0.45313900
-0.43884609
0.02247692
0.10902190
-0.41167286
0.14379392
-0.30379626
0.00335495
-0.31054747
-0.16917269
0.16982041
0.38597354
0.02703424
0.70067615
0.43784918
0.49344831
0.21680404
0.38614952
0.09998908
0.25478298
0.18512535
0.55722901
-0.20902280
0.05559100
0.14461485
0.14946407
0.67059164
-0.21608418
0.58320891
-0.06371483
-0.23262978
-0.04401838
0.24280639
0.03109842
-0.03691274
-0.25021936
-0.46649702
0.04228476
0.11879020
-0.01005850
-0.75892782
0.19347193
-0.29751989
0.21853609
0.30886151
-0.13527479
0.33436026
-0.37737777
0.11528674
-0.05591685
0.06405250
-0.05787325
0.23146115
0.25764446
-0.22890650
-0.16209750
0.47920208
-0.16134171
-0.23805333
0.06528549
-0.29766142
-0.38914027
0.04192449
0.23945635
0.23598651
0.13977481
0.20586024
-0.49474885
0.05757164
0.02956675
-0.09596278
-0.26659431
-0.07351449
-0.08121807
0.15631367
-0.28354353
-0.43072186
-0.10658815
-0.11642667
0.48859710
-0.16630849
0.56036097
0.03736796
-0.10232109
-0.22674575
-0.40343749
0.46701297
0.16143215
0.10516376
-0.00167557
-0.42971728
0.02436894
-0.07486442
-0.18110753
0.20011423
0.14819837
-0.03941872
0.37155388
-0.16841537
0.05974036
0.51330736
0.06709883
-0.00537202
0.22673757
0.17566384
-0.22672300
0.28255767
0.32744805
0.12321890
0.29978531
0.21762718
-0.30087455
-0.03452821
0.22555914
0.48452628
-0.09853338
-0.27847445
-0.09688380
-0.08193383
0.00666859
0.19614822
0.26318833
-0.24077519
0.22420645
0.14243539
0.28947308
-0.22673881
-0.13131582
-0.40010316
0.29249212
-0.07203700
-0.03514973
0.45658828
0.12562800
-0.28589634
-0.05945252
-0.05670624
0.03961961
0.05601339
0.24100640
-0.04752306
-0.21265784
-0.05438007
-0.40272671
0.36433163
0.42792722
-0.10524205
-0.35356008
0.06216977
-0.04608268
-0.58564383
-0.35005731
-0.16140674
0.51270454
-0.24690999
0.04803712
-0.40904641
-0.01041460
-0.00694487
-0.28720187
-0.20024469
-0.47276733
0.02182106
-0.23507335
-0.24812265
-0.21503649
-0.18065166
0.14361743
0.66072386
-0.01082521
-0.06468353
0.01529148
-0.29226135
0.13661018
-0.00162967
0.08447487
0.39575924
-0.33143808
0.04144438
0.67139434
0.23509047
-0.32238855
0.72729040
0.18290641
0.27918928
0.34818402
-0.43237007
-0.14750171
0.03165531
0.70485160
-0.06836698
-0.02987541
0.06039345
0.26785553
-0.00152576
-0.04350016
-0.19920225
-0.21125363
-0.23016926
-0.40211325
-0.22063144
-0.23853632
-0.40355392
-0.45528489
0.10075934
0.12045376
-0.18033218
0.04530914
-0.08337141
0.41095623
0.20201991
-0.00216501
-0.33889506
-0.29291477
0.35343306
0.04988834
-0.03542462
0.19548577
-0.19616023
0.21198356
0.17194700
0.17607944
-0.51295503
0.22143587
-0.03378160
0.41431771
-0.04511113
-0.75987038
0.17523583
0.17560547
-0.33619662
0.04793351
-0.28641749
-0.37174332
-0.27752094
-0.04225204
0.26811920
0.21829107
0.10239548
0.54267939
0.27595921
0.19593168
0.06856454
-0.16695833
-0.02083686
0.09496914
-0.41497091
-0.44492964
0.07959898
0.02367504
0.47451503
0.34139886
0.08981258
0.40338292
0.31284880
-0.07618528
-0.31058342
0.17324953
-0.04745493
-0.00204995
0.06972263
-0.02176727
-0.13658785
-0.15466687
0.05640623
-0.17931736
0.39979147
-0.29970996
0.13668282
0.57381159
-0.13167041
0.34108053
-0.11058843
0.23942454
-0.11478831
0.20860010
0.13224373
0.01425929
-0.24006185
-0.59746921
0.06640979
0.42164755
0.43422418
-0.12438306
-0.19328892
0.22686501
0.34913919
-0.49657939
-0.13369120
0.04651137
0.12639577
-0.61544694
0.40074927
-0.30486608
-0.01273818
-0.33707256
-0.19519622
0.12107721
0.36720227
-0.14219098
-0.57304106
0.12356773
0.02121412
-0.02642271
-0.25294140
-0.16591038
-0.49525925
0.03859857
-0.03121151
-0.00124301
-0.39113591
0.18416445
0.32075289
-0.17655903
-0.20002235
-0.09849129
-0.24279846
0.42379718
-0.22957451
0.37278483
-0.26963309
0.22280122
-0.21235120
0.07995031
0.39719015
0.02526954
0.03883905
0.20437478
-0.23810340
0.10754965
0.11843778
0.03369210
-0.03256167
0.09265023
0.02916820
0.37355688
-0.25732663
0.10680762
-0.06016615
0.10658930
0.25148616
-0.41360257
-0.28611932
0.02395548
-0.32240052
0.38766900
0.24457345
0.18529984
0.03702686
-0.13964765
-0.16585173
0.06353813
0.10439908
0.47034474
-0.01071973
-0.11636780
-0.08100694
-0.28180712
0.26334715
0.21244994
0.27261465
0.38706297
-0.26346988
-0.10865304
-0.02286926
0.40572934
-0.03727427
-0.12019371
0.42874597
0.35163577
-0.08115406
0.44062416
-0.51428213
0.32811971
-0.29739179
0.63910909
-0.29744250
-0.30950730
0.06485792
-0.07561980
-0.51173813
-0.19716508
-0.46012171
-0.53780643
0.51161471
-0.21346965
0.08608539
0.17530535
-0.34876778
0.18981156
0.19178703
-0.19561414
0.42362008
0.04165210
0.16471137
0.31065296
-0.01445487
-0.11369119
-0.30364241
0.00027564
0.18226282
-0.00636245
0.26129395
-0.40016594
0.13023067
0.41449703
0.04276677
-0.03746884
0.21596911
-0.18426498
0.44682725
-0.40518378
0.30099647
-0.30418103
0.34653526
-0.04677703
0.00280637
-0.09557732
0.47057284
0.31297835
0.22336679
0.32273845
-0.07721161
0.31905859
0.14161381
0.01647760
0.45878730
-0.08575713
-0.00369578
-0.28405860
0.04865847
-0.02310473
0.24350507
0.17402684
0.37621439
0.02298376
-0.10508123
0.00580710
-0.13796189
-0.24490585
0.18943981
0.15912083
-0.23235056
0.37882163
0.08575193
0.04120341
0.51391731
-0.06216293
-0.53478270
-0.17528831
0.10712814
-0.37796584
-0.00873384
0.21272467
-0.38790830
-0.19728566
0.06953678
0.19817135
-0.22415073
0.31142239
0.03091259
0.42245539
-0.02243578
-0.08104255
0.05706395
-0.28910021
-0.18459398
0.06644713
-0.05548828
-0.13890439
-0.33543543
0.00666983
-0.02468825
-0.31772924
-0.39844398
-0.11978351
0.23953222
-0.20984945
-0.12031174
-0.08326414
-0.12405834
0.33834365
0.09996816
0.14008282
-0.53109813
0.43201008
0.16216300
0.09607318
0.21150298
0.22619386
0.01919134
0.65490769
-0.40573956
0.12735467
0.18131498
0.09433568
-0.78171465
0.12594039
0.48912393
0.40487016
-0.21967703
-0.60587587
-0.48026907
-0.21185578
-0.43042748
-0.10945475
-0.22998448
-0.08349126
0.13906833
-0.02603907
-0.28861790
0.43603256
-0.19317972
-0.14636595
-0.03143518
0.20523783
0.13271220
0.18407271
0.02982059
0.08499938
0.03531090
-0.17595392
-0.34876454
-0.36498228
-0.24736289
-0.21793924
0.12511414
0.45806306
0.24532785
-0.38014384
-0.14961545
-0.22758506
0.38586895
-0.07210721
0.07507177
0.07945541
0.02500325
0.08006225
0.20801250
-0.53368181
-0.17665151
-0.35452341
0.14085292
0.24135505
-0.14763100
0.15916168
-0.50374918
0.38717487
0.69419038
-0.23344531
0.09608313
-0.09570933
-0.26031555
-0.29045569
-0.23761544
0.16803879
0.00123429
0.08373580
0.46555410
0.14684972
0.24009075
-0.44402681
-0.32623724
-0.16791148
0.02974940
-0.03263287
-0.23756551
0.20548496
0.02136632
-0.23488405
-0.08779443
-0.20598261
0.06815956
-0.10010431
0.51986576
-0.18317332
-0.30511820
-0.12270914
0.19755270
-0.03521280
0.07974444
0.25176325
0.05250789
0.42929562
-0.30187487
-0.23533956
-0.16492415
0.46126509
0.36819385
0.05130664
0.12286792
0.03061717
-0.42025960
-0.14311187
0.02002220
0.27205618
-0.10807384
0.13216930
0.02352954
0.44409998
0.21061978
-0.06957856
-0.16302452
-0.65759112
-0.11153310
-0.03317968
-0.16311750
0.45658328
-0.08377874
0.43298490
-0.18929276
-0.15165573
-0.15924281
-0.09429683
-0.46517883
-0.46759571
0.18441553
-0.04399637
-0.26788748
-0.39247708
-0.45513973
-0.09203974
0.63260790
0.36784819
0.06930808
0.38175328
-0.55059794
-0.02044010
-0.16795906
-0.40618501
-0.47287855
-0.34967969
-0.08665615
-0.04842689
-0.08667048
0.45603038
-0.55489239
-0.32685365
0.09122235
-0.34879377
-0.47597252
0.49762773
0.02806577
0.06218530
0.09358590
0.51250802
-0.15259146
-0.34159589
-0.14014055
0.20173837
-0.18992056
0.25646521
0.22469555
-0.53546803
-0.00761707
0.19414487
-0.30413183
0.19831964
-0.00482325
-0.37789853
-0.04145374
-0.31880643
0.32662923
0.09187230
-0.05717021
0.05674708
-0.13602960
0.35048834
-0.38802820
0.28870188
-0.38578431
-0.10569015
0.40134199
-0.09591748
-0.06157613
-0.12668583
-0.12163651
0.02424772
-0.16063090
0.60969720
-0.20976444
0.27929724
0.11766975
0.78022194
-0.02350427
0.27400467
0.14010731
0.20729025
-0.36385378
0.15283934
-0.09016112
-0.08228352
-0.17922846
-0.31820444
-0.02827984
-0.17394922
0.19702133
0.10032459
-0.14162621
0.06423941
0.18127108
0.12525843
0.37642773
-0.20410383
0.17446797
-0.44345796
-0.49355985
-0.17450225
0.20336574
-0.22022313
0.09086335
0.37575757
0.55373521
0.09360181
-0.29797412
-0.24723190
-0.29160097
-0.31965085
0.06930291
-0.07258200
-0.03487482
0.35925652
0.11448192
0.20265900
-0.28427800
-0.08245763
-0.07200688
0.28819182
0.14900561
-0.01250709
-0.43644274
-0.02003539
0.10184699
0.26910097
-0.61283225
0.12812327
0.24967854
-0.11920797
-0.05115708
0.16237170
0.10072394
0.00669871
-0.52287221
-0.40500958
0.31017576
-0.32346756
-0.23459395
0.14185950
0.05139190
-0.41232711
-0.39759979
0.02363537
0.02772632
-0.07907118
0.24607137
0.26495281
-0.01461943
-0.12940382
0.33013772
-0.07022353
-0.27487245
0.26391877
0.00306816
-0.07432584
0.16184497
-0.27476402
0.21394508
-0.11294289
-0.01527100
0.26763262
-0.17654759
0.08301132
0.11479738
0.22088733
0.36745834
-0.40591491
-0.34786644
0.26954585
-0.34588844
-0.28746089
0.38740981
-0.24917071
-0.18527618
0.00017031
-0.32552662
0.01685797
-0.16957571
-0.16940037
0.06379677
-0.01083304
0.27052249
-0.10234752
0.15003772
0.32174333
0.10209089
0.08671915
-0.42019210
0.00861243
-0.08819155
0.26973427
-0.28783745
-0.34455659
0.06856653
0.12582382
0.14181860
-0.26702958
0.03236086
-0.08832466
-0.27824087
-0.11354565
0.37560344
-0.19372161
-0.00780240
0.41536319
-0.25096461
0.04762255
0.55502107
0.16045042
0.23480978
0.44001167
0.12257581
0.10516928
-0.02538309
0.10257178
0.23834976
0.16702643
0.23755017
-0.46139425
-0.33402783
0.04200457
0.04267098
-0.47169642
-0.19197445
0.32626793
-0.05423554
0.09881748
0.39187687
-0.12512976
0.48339630
0.41963772
-0.21315023
-0.07558631
0.23923659
-0.19683544
-0.17417371
-0.18077627
0.32904759
-0.09744445
0.23276289
-0.35616761
-0.03855827
0.29658668
0.00136010
0.23189954
0.10875901
0.32910073
0.40560521
0.34167187
-0.45207042
0.09200136
0.01784238
0.04658920
0.09774330
-0.47271294
0.39967484
0.01507055
0.52719063
0.06023102
-0.28828264
0.17833829
-0.15758537
0.34790842
0.00496703
0.14320668
-0.15131195
-0.10256095
-0.51202275
0.10426338
-0.11503919
0.41967235
0.31790448
-0.09560395
0.53810388
-0.66383940
0.15303949
-0.07132605
0.42167145
-0.04368724
0.27306000
-0.23545527
-0.02043009
-0.41562517
0.39101302
0.06487383
-0.08385127
-0.80313898
0.35817555
0.08876579
0.14657120
-0.02701397
-0.24498682
0.18514134
-0.24267992
-0.07754803
0.10514859
-0.25615132
-0.08778925
0.49469000
0.13973360
0.13326547
0.08432314
0.20427127
-0.12672685
-0.42276705
-0.06647301
0.11457773
-0.09758249
0.00439198
0.01475713
-0.01572981
-0.27932235
-0.53421586
-0.06572037
0.71803099
0.20661978
0.15473749
-0.17954653
0.14301484
-0.50676520
-0.10939383
0.16015652
-0.18594233
0.18551387
0.28284732
-0.15920052
-0.12677880
-0.17523979
0.62259754
0.10441724
0.22105169
0.17556023
0.08143246
-0.25651000
-0.39938330
-0.03838232
0.00824866
-0.22706363
-0.19350537
0.36939733
-0.00627276
0.05413294
-0.17993036
0.24602732
0.40140807
-0.47117723
0.02522201
-0.34655420
-0.00906819
0.07871431
0.45385789
0.44928032
0.05101706
0.05129423
-0.11816085
-0.03082866
0.47973551
-0.04028787
0.07686899
0.01983774
-0.09501851
0.20574182
0.00728222
0.16990200
0.04204039
-0.18196173
0.26068370
0.26614216
0.07877047
0.09116924
0.23528351
0.04958838
-0.24493717
0.06490217
-0.39725450
0.08891092
-0.21983597
-0.26260495
0.26284042
-0.31503411
-0.41134669
0.50382397
-0.08389527
-0.36407656
-0.03952357
0.41834827
0.35446866
-0.12993147
-0.10244054
-0.03367420
-0.20156969
-0.22797524
0.15367634
-0.17932553
-0.29121950
-0.00307151
0.37364091
0.32167129
-0.35335281
0.09308331
-0.10349725
0.27595139
0.05697997
0.20643594
