0.00341106
-0.09138516
-0.15280827
0.30342309
0.05076769
0.04352470
-0.00638279
-0.13956057
-0.00632556
0.04622628
0.05396430
-0.10016573
0.06648757
-0.05913859
0.06342192
-0.01802653
-0.15179014
0.06538363
0.15510475
0.04100067
0.22387778
-0.00125224
-0.04106965
-0.01365686
-0.06947731
-0.07629181
-0.14753072
0.10059253
0.17054840
0.02275641
0.03007871
0.04271520
0.03351265
0.02733951
0.01380338
0.08300565
0.04665507
-0.04662065
-0.21131127
0.14969190
0.04621153
-0.24555057
-0.01252399
0.06998739
-0.01291737
-0.14029572
0.03683056
0.15268627
-0.01045679
0.08986442
0.04665321
0.06679726
0.16286119
-0.01969855
0.06664004
-0.18070142
0.21953159
-0.12586689
-0.09156214
-0.05062675
0.00697513
-0.13982585
0.06704138
0.02179751
-0.05368139
0.07470068
-0.06789469
-0.22598359
0.04309589
-0.03996776
0.00417348
-0.11397819
-0.19373471
-0.03620271
0.22939654
-0.00950596
0.14163091
-0.08021984
0.13913680
0.10644699
-0.11137468
-0.01014232
-0.02158193
-0.07262701
0.14644816
-0.05609846
-0.31011215
-0.03877829
0.02075045
0.00626228
-0.14258153
0.08550153
0.10661425
-0.09580764
0.07026912
-0.02582657
-0.07730964
0.09478002
0.08155028
0.12134799
0.16226716
0.03882678
0.06405139
-0.02940196
-0.02091931
-0.17961754
0.14254286
-0.13839588
-0.16534770
0.05600913
0.04917936
0.02381292
0.09957186
-0.02712962
0.02221341
-0.03539500
-0.15991725
-0.18670488
0.19863713
0.04483807
0.03567107
-0.12826152
0.01838142
0.04840981
-0.28864089
-0.19206926
-0.09424324
0.09237489
-0.19425527
-0.02058775
0.03329936
-0.19452867
0.07553419
0.01738122
-0.10506846
0.07062027
-0.05551574
0.18768715
-0.24902886
0.14010183
-0.03698515
0.17259816
0.01606802
0.01707029
0.19730345
-0.13162025
-0.10241246
-0.27117117
0.00413596
0.00526142
0.00418758
0.00799786
0.26888221
0.07631236
0.10071604
0.04101160
-0.04512769
0.07902781
-0.04337722
0.22055497
0.16972600
-0.05529874
0.11890842
0.16218150
0.06655521
0.08510492
-0.07729956
0.16675221
-0.06624097
0.02431824
-0.17354557
0.02086087
-0.02217598
0.02620086
0.03584444
0.12030600
0.06450026
0.09913051
0.02819312
-0.00823896
0.07895336
0.02569301
-0.15874173
0.04534731
-0.15652454
0.08351819
-0.00053148
-0.05085350
0.08713878
-0.30379359
0.05499893
0.07467173
-0.09870919
-0.04060109
0.05417524
-0.05347123
-0.11044175
-0.01268387
-0.06804583
0.02775014
0.00974319
-0.23115654
-0.02300322
-0.09912585
0.11487162
-0.11415052
0.01677817
0.04224051
0.06242418
0.18821787
0.09496494
-0.06769081
-0.06685680
0.10066348
0.03786479
0.05889820
-0.21812733
-0.05789465
-0.01487251
-0.06440999
-0.07143101
0.02702619
-0.02351001
-0.10799869
0.06583098
-0.03084447
0.10726054
0.22990578
-0.06795058
-0.05016397
0.14454811
-0.00863020
-0.03192246
-0.12667989
-0.03995592
-0.09108040
0.03418523
-0.00769419
-0.02984769
0.07844773
-0.06855073
-0.01249488
0.05029454
-0.16880565
0.13656222
0.03932703
0.05385786
-0.20637151
0.02559007
-0.00233297
0.07341236
0.11889593
-0.05797309
0.01061705
0.04903740
0.09165656
0.09256445
-0.01655807
0.21755581
0.13207604
0.18965017
0.25102116
-0.04873174
0.06188452
-0.00919601
0.03893596
0.15281792
-0.02830230
0.07413974
-0.05830329
0.16477672
0.11386837
-0.07380537
0.10852140
0.00222554
0.11258605
0.02783828
-0.00049433
0.20451014
-0.05728664
-0.01839710
-0.06644399
-0.01890244
0.11437546
-0.02453554
0.06944525
-0.05939140
0.12554633
-0.11756606
0.12231963
-0.12538466
0.16172104
-0.00921829
-0.15938843
-0.11134062
-0.15337852
0.03458283
0.12223504
-0.18569148
0.14043513
0.04355918
0.11445307
-0.05703152
-0.20891231
0.05513378
0.04152393
0.09254836
-0.01211050
0.05418951
0.06345549
0.10938917
0.02714463
0.11066259
-0.20638841
0.03434605
0.00967277
0.18492999
0.08159325
-0.03969005
0.05607350
0.02812258
0.08686743
0.22898021
0.02511670
-0.07016274
-0.11003374
0.11024506
0.02832369
-0.12083880
0.06674550
0.02150515
0.01055824
0.11226385
-0.00845471
-0.23059033
-0.14288930
0.36381168
0.20116403
-0.00190136
0.00408745
0.19561803
-0.14158107
-0.11755177
-0.13300286
0.19346645
-0.21066479
-0.02192890
0.07072132
-0.08320618
-0.08754018
-0.01659379
-0.08536789
-0.04271264
0.11748060
-0.07113829
0.05897228
-0.01404695
-0.08428363
-0.22169239
-0.13150485
-0.06567009
0.01496965
-0.18503955
-0.10271279
-0.03725982
-0.09903668
0.14548111
-0.02312058
-0.01433878
0.02250680
-0.07833430
0.00822158
0.04068934
-0.09040951
-0.16173325
-0.10654285
-0.00055781
0.04159982
0.07219564
0.10899829
0.13352186
-0.13905766
0.05895081
0.00272254
0.00284218
0.11951928
0.03966435
0.14034471
0.16292538
0.02417035
-0.05481813
-0.10739586
-0.14615578
0.01686930
-0.07596925
0.13092743
-0.03475706
0.17617053
-0.07413248
-0.04812126
-0.06171129
-0.06783223
-0.07191516
0.14824195
-0.10830428
0.22347810
0.08215523
-0.15666438
-0.05035920
0.12952376
0.06808427
0.09087485
0.00920623
0.05323725
0.01704164
0.04165459
-0.29753549
0.15800504
-0.10665557
-0.11225728
0.08721952
0.03847597
-0.08962491
0.00364158
0.01143892
0.01986070
-0.11569162
-0.10395798
-0.02150661
-0.13462028
0.03503195
-0.18279710
0.00563225
0.02750491
0.05563232
0.01195401
-0.19746062
0.02399640
0.08629156
-0.17782190
-0.01770684
-0.18362614
-0.22259019
0.03375082
0.38063767
-0.01300760
0.07917534
0.23016141
0.05925917
0.17892800
-0.11950456
0.20212823
-0.12063336
-0.05252407
0.09158408
0.00285144
-0.00347948
-0.00865064
-0.08198502
0.07367700
-0.02736330
-0.07156233
-0.05462726
-0.04998350
0.11011752
-0.11568036
-0.08751179
-0.06573969
-0.15855878
-0.06779035
0.06101022
0.00419723
0.02980755
0.07959308
0.05461407
0.18976606
-0.01809906
0.12311032
-0.07064813
0.13059041
-0.11399448
0.04419703
0.09584238
-0.03530936
-0.08984377
-0.07364649
-0.26219887
-0.20391753
0.05198491
-0.06955355
0.10522359
0.04159516
0.02154461
-0.30529411
-0.08109330
0.44729019
0.09327615
-0.11788535
0.21561038
0.17534901
0.11545120
0.05051017
0.03571046
0.02900098
-0.00413384
0.07172994
-0.20653225
-0.13545962
-0.04223462
-0.12605588
-0.06529597
-0.17036675
0.04667877
-0.01568128
-0.09815045
0.09632444
0.23621500
-0.16828331
-0.10110699
0.09130396
-0.10815958
-0.21689406
0.06263275
0.15789575
0.06028509
0.00207351
-0.22520923
-0.05975881
0.21007975
0.00251757
0.05728582
0.01106119
-0.09005155
-0.25952453
-0.02003635
-0.05215959
-0.03997443
-0.08306269
0.03642454
0.03321902
0.01391893
0.16985875
0.07915306
0.21729962
0.11039360
0.09196802
0.11308212
-0.04681570
-0.02489344
0.21892732
-0.17377692
0.08835544
0.03164697
0.12775207
-0.12933908
0.03771662
-0.22214418
0.24514332
0.07992077
0.18333566
-0.11416594
0.05690988
-0.03321124
-0.13411585
0.00392155
0.01854749
-0.00600711
0.02094751
0.08018619
-0.02727811
-0.03206503
-0.04739492
0.08124975
0.06260467
0.06223321
-0.03070377
-0.09423393
0.04787401
0.22143652
0.08280907
-0.13294345
0.02667803
0.09803335
0.25178699
0.00991990
0.01429911
0.16681660
0.19838127
0.11853596
0.02197191
0.11417347
0.04132996
-0.01422836
0.01034771
-0.10603665
0.04981574
0.00625006
0.23205653
-0.05308888
0.06412437
0.25138518
-0.02654738
0.02584126
0.15450356
0.16244693
0.19232907
0.04485587
0.06390366
-0.22883681
0.11205818
0.11913642
0.06172176
0.22517081
-0.11029233
-0.08497738
-0.12566524
-0.11013232
0.10579142
0.08256861
0.03686163
-0.04086373
0.08853137
0.04209944
-0.15872875
0.00210481
0.15913014
0.07379036
0.15293225
0.06478513
-0.17043696
0.27907863
0.00033259
0.22700177
-0.03855639
-0.19366508
0.22995564
0.04557703
-0.04990260
0.01100218
0.07572355
-0.04055004
0.07592336
-0.05433767
0.05702758
0.11637013
-0.04403324
-0.05128468
0.05102265
-0.08956853
0.16021279
-0.25759908
-0.06806354
-0.06448984
-0.01746201
-0.01525343
0.16365466
0.00256240
-0.22408378
0.06035452
-0.02325019
0.03063649
-0.14255553
-0.20187876
-0.03493792
-0.01816417
-0.03298336
0.01317162
0.01952328
-0.10819874
0.08743353
0.00333763
0.23446735
0.00861866
0.01563511
-0.14852531
0.25582839
0.05003411
-0.19513410
0.08994282
-0.02477608
-0.18978466
0.14284070
0.20048749
0.11676725
-0.09209599
0.12621714
-0.03337047
-0.06660977
0.09200596
0.07960300
-0.00392140
-0.04793909
-0.14747332
-0.05136058
0.15767988
0.06136759
-0.04889316
0.07641678
0.04986554
0.07139065
0.11930604
0.24302243
0.00904546
-0.17013394
0.09700519
0.09666645
0.18534226
0.07856538
0.23571965
0.08161187
-0.15295932
-0.04564881
0.22236585
0.23785644
-0.18397016
-0.09047624
0.02198963
-0.13179424
0.18112131
0.03576525
0.02013216
0.02405976
-0.06048494
0.12028707
0.10512196
-0.19957079
0.08833288
-0.04740644
0.02881753
0.00821221
0.09211780
-0.14653790
0.20358548
0.07038727
0.04757742
-0.00167087
-0.15850515
-0.14337158
0.11691059
0.19175502
0.05264218
-0.01046159
0.03070213
-0.18992637
-0.19724474
-0.18396001
0.10508003
-0.00899602
-0.04802538
0.03134552
-0.29611271
0.12969037
-0.05935149
0.05562611
-0.00347458
0.15299831
-0.27505990
0.01720633
0.04731054
0.18018510
0.20602035
-0.13937037
0.04276260
0.13096043
0.14109254
0.20980505
0.06418486
-0.21469885
0.17181587
-0.19710959
-0.03556841
0.31364049
0.12135569
-0.13729985
-0.12574052
0.08500920
0.15093300
0.05106664
0.12287642
-0.01487031
0.17189627
-0.10679648
-0.04927332
0.00302377
-0.04599479
0.22889815
0.09626375
-0.12518770
0.08185782
0.13027215
0.02535627
-0.03077649
-0.04210023
0.01731507
-0.00206930
0.06939948
0.02399046
0.13842221
-0.28289537
0.08970900
-0.04395599
0.01122060
0.05016776
0.02585310
-0.21365203
-0.09255273
0.13145547
-0.00569635
-0.16249025
-0.13507674
-0.24970258
0.20314974
0.00228121
-0.09698000
-0.17694217
-0.05930472
-0.01990218
0.08357747
0.10602295
0.02304833
0.17775194
0.02187966
0.15090894
0.01265319
0.28473455
0.04892104
-0.08926838
0.06362136
0.08811755
0.08908924
-0.08074560
-0.08634353
-0.23679422
0.00191724
-0.01779612
-0.15798757
-0.04619242
-0.03374622
0.18218053
0.02095348
0.08420878
0.01809775
0.32685279
-0.05701031
-0.02890436
-0.05044700
-0.02826510
0.00833486
0.15473772
-0.03018992
-0.04656797
-0.02522111
0.00379785
0.13328127
-0.18094937
0.09625401
0.08549627
0.14232887
-0.15288744
-0.15498875
-0.18430408
0.15318225
-0.07080837
-0.08255893
0.04662405
0.01423111
0.15815196
-0.02578955
0.04201341
0.09295608
0.10864464
-0.06122327
-0.01104990
-0.01533637
0.12424697
-0.12469623
0.01420298
0.00479314
0.08262340
0.18266033
0.18966576
0.19848688
0.02358942
0.18477862
-0.12398692
-0.07026328
0.10964828
-0.03436531
0.16330134
-0.05572258
0.03888437
-0.00108911
0.20441268
0.01052189
0.04738420
-0.00574824
-0.18161321
0.05636048
-0.07836989
0.00061689
0.10112492
0.06802674
-0.00488471
0.04163905
0.10264677
-0.06656429
0.17425856
-0.00916895
0.20412841
0.08343072
-0.06321477
0.11358764
0.08695809
0.13292639
-0.01715028
-0.09752107
0.03399374
-0.07167331
-0.18875936
-0.03956050
-0.05028048
0.27275942
0.08735533
0.18410621
0.03389896
-0.12535983
0.17135411
-0.17878606
0.02039460
-0.06141081
-0.02362178
-0.16184478
0.04820625
-0.01959205
0.05374868
0.16590981
0.01717049
0.21273012
-0.20085700
-0.02293042
0.00811736
-0.12456985
0.11639134
-0.12874257
-0.08567571
0.04121486
0.04286218
-0.01986819
0.00366303
-0.17431686
-0.05352924
0.01503285
-0.07585945
0.03448302
0.28289788
0.15574709
0.22023605
0.11788892
0.02758659
-0.16264377
-0.02563499
0.02804150
-0.16720471
-0.10610136
0.09642525
-0.06139991
0.00597232
-0.02495978
-0.16246476
0.05002546
0.04607736
-0.11933061
0.02366670
0.02710527
0.10604442
0.10684301
0.08105286
-0.10377704
0.07859794
-0.13688522
-0.06450579
0.26960219
0.02203035
-0.09137139
0.09786094
-0.06488736
0.02786752
0.02335676
-0.20054420
-0.04754328
0.02764777
0.14758293
-0.04355660
-0.06513768
-0.11084201
-0.06923265
-0.13254894
-0.00221398
0.18827283
0.01786384
-0.12376952
0.00734197
0.03910415
0.05491962
0.01534545
0.03611238
0.03756578
0.10671160
0.12382092
-0.05706018
-0.03020554
-0.10603875
0.29737623
-0.28515000
0.02562325
-0.14138143
-0.05246366
0.05755003
0.10621565
-0.09165659
0.04965757
-0.06508249
0.06725223
0.03340356
0.16012275
-0.09484619
0.14198093
-0.12823593
-0.06859401
0.15717663
0.08648264
-0.07022907
-0.01066019
0.20704936
0.03955401
-0.04671295
0.03428298
0.03070388
0.05684949
0.02497169
0.05397687
-0.05355205
-0.01094081
0.14164717
-0.04988035
0.04941676
0.04359340
0.19490229
-0.28161997
-0.12734763
0.00477338
0.06391305
-0.07909943
-0.07212589
0.09440240
-0.04295417
0.03513157
-0.01993911
0.11547578
0.13856664
-0.16315142
0.13497595
0.01871077
-0.04580166
-0.20328216
0.01417556
-0.00688931
0.03048951
-0.09791639
0.08318456
0.15488508
-0.08661604
-0.12520482
-0.09029386
0.02373792
-0.04629660
-0.00626270
0.06971588
0.13566420
-0.22405388
0.11204269
-0.00425665
-0.10234871
0.24826478
0.23090136
0.02759390
0.00661563
-0.23176916
0.14513214
0.12483359
0.05250407
0.10363497
0.21949276
0.06570678
-0.11566614
-0.03472439
0.09448671
0.21567642
-0.09759565
0.15226005
-0.08584727
0.02104312
0.03701702
-0.08201051
-0.10189111
-0.06087393
-0.06213091
-0.07941239
-0.08285683
-0.05830005
-0.01255800
0.09649932
-0.01130876
-0.01037827
0.01346833
-0.02806737
0.08365797
0.01184507
0.13585944
0.04473364
-0.05375796
-0.16845885
-0.18589295
0.15644491
0.06171700
0.01906681
-0.07015870
-0.13136705
0.05698222
0.15449760
-0.23460402
0.00376142
-0.06791370
0.21802473
-0.03533079
-0.04936711
0.02693837
-0.13351242
0.07832051
0.05365258
0.11921278
0.05602193
0.13836040
-0.10535812
0.14588367
-0.03963720
-0.04537339
-0.13899226
-0.13456137
0.10113637
-0.07830335
-0.17558709
-0.03465925
-0.05007642
-0.14971284
-0.06619890
-0.05490478
-0.26302542
0.01738077
-0.10471584
-0.17899117
0.05595259
0.00990298
-0.08170249
0.00774407
0.10931341
-0.05345078
0.20659788
-0.13330275
-0.12445581
-0.02954359
-0.21265257
0.00046118
-0.22524431
-0.08216510
0.15793259
-0.12931716
-0.10770136
0.06134665
-0.04539900
0.08175949
0.26319999
-0.06842354
0.19322424
0.08449465
0.13120037
-0.03841869
-0.06335985
-0.10495371
0.04548033
-0.03293856
0.01366988
-0.06988730
-0.20517562
-0.07190249
0.04459704
0.04920097
-0.01517547
0.14436816
0.05828431
0.13784026
0.22778421
0.16558207
0.04595306
-0.08158009
-0.06294175
0.14875958
-0.00761059
-0.01422496
-0.09947193
-0.14239460
0.10287714
0.21137298
-0.05885253
0.11391402
0.10992516
-0.03138157
0.12604990
0.10322906
-0.03899261
0.12391810
0.16939282
0.11055006
-0.07256184
-0.15703204
-0.14467188
-0.03641236
0.00516900
0.06146069
-0.07701213
-0.04681811
0.08428930
0.04738156
-0.05138359
0.13004620
-0.15282704
-0.05353353
0.19184383
-0.02031730
-0.16097245
0.02351109
0.03430032
0.17511773
0.27626878
0.14688182
-0.22473053
0.06562776
-0.21585679
-0.04421794
-0.02798920
0.07040972
0.09096094
0.08536302
-0.00394003
0.02273973
-0.00167988
0.23367954
0.02077767
-0.12227112
-0.05257787
0.08000373
-0.09366285
-0.11803970
-0.10969131
-0.02715246
-0.06199933
0.03766110
-0.05591869
-0.07995353
0.01119042
0.10678139
-0.02173841
-0.19618322
0.01274429
0.13246176
0.06967205
0.16847856
-0.18621152
-0.00934569
0.00738383
-0.08236744
-0.04266950
-0.01349433
0.02049553
0.10795921
0.15936917
-0.22759613
0.10218822
-0.11807386
-0.09586290
-0.15715689
0.06715660
-0.06739757
-0.08062049
0.03705025
0.00965315
-0.03353879
0.17652600
0.10044063
0.01811534
-0.01149787
0.05456298
-0.05014899
-0.09126908
0.09642133
-0.05323120
-0.12671517
0.03341229
-0.07232110
0.08627135
0.01787406
0.02559740
0.03552431
0.03874018
0.02507887
-0.10576593
0.11560860
-0.05260538
0.04006978
-0.02530973
0.06355180
0.01465960
-0.04365264
0.14477020
0.10857531
-0.10974478
-0.10043283
0.01092052
0.02981950
-0.27536346
0.18268222
0.11727476
-0.26206968
0.11752776
0.09183603
0.02424533
0.15506135
0.16747161
0.08744276
-0.05735152
0.05353719
0.00941751
-0.11033074
-0.13358328
0.07950986
0.03798964
0.07036677
-0.04164094
-0.14448210
-0.16648324
0.17155415
0.11935380
-0.00175324
-0.15258849
-0.03878307
-0.02344568
0.15850461
-0.01873647
-0.15881941
-0.15095401
-0.12071581
-0.09863700
-0.00091509
-0.01439189
-0.07093530
0.02298904
0.07026882
0.06188187
0.11997855
0.13719444
-0.05565764
-0.07643131
0.00489997
-0.02145323
0.09914358
0.28827808
0.27731428
0.00885540
0.07245350
-0.12063662
-0.18233273
-0.14012536
-0.05916167
-0.07713059
0.03940739
-0.08917069
-0.05067853
-0.00029094
0.08217533
0.10136814
0.15893282
-0.17287307
-0.09941559
-0.12384397
0.12675605
-0.08357552
-0.01738242
-0.23068470
0.06509935
-0.17908748
-0.24381444
0.03049112
0.00080178
-0.12293407
-0.08059467
-0.15870477
-0.23535036
-0.15712718
-0.31809646
-0.11448849
-0.14352248
-0.09784366
-0.07617690
-0.07079149
-0.02570432
0.04075399
-0.14477402
0.05323210
0.21226360
0.05272280
0.17090928
0.33316790
0.22306004
0.20389959
0.25042295
0.23025600
0.12535860
0.25411016
0.21382570
0.10914381
0.18450014
0.28680710
0.28505248
0.17661466
-0.05763692
0.44299791
0.37662640
0.11656405
-0.02166367
-0.08205578
-0.08698882
-0.05431426
-0.00238861
-0.15112655
-0.08544696
-0.26576373
-0.19369766
-0.16969840
-0.23076764
-0.07307938
-0.13766398
-0.40304771
0.05293391
-0.06201022
-0.38154341
-0.06561731
-0.16040242
-0.00608816
-0.09274922
-0.10762082
-0.13450752
-0.11183746
0.11379365
-0.01048418
-0.20880108
0.03663768
-0.06897252
-0.06908600
-0.02351358
0.11553894
0.00039083
-0.04938663
0.03182583
-0.02434796
0.01438558
0.12963006
0.28717505
0.05496509
-0.04882393
-0.00719444
0.13898128
0.02677460
-0.06580261
0.15736088
0.06922044
0.00452192
0.06532526
-0.02336771
-0.15435524
-0.27546353
-0.22835617
-0.29703073
-0.10066917
-0.02327587
0.07066497
-0.17260985
-0.05162848
-0.16183407
0.02183586
-0.01026767
0.02431985
0.00117164
-0.11135956
-0.06578685
-0.23782254
0.06876660
-0.19599829
-0.06812569
-0.12141490
-0.18184276
0.03682633
-0.02041557
-0.20775842
-0.11295017
-0.10581523
-0.09044331
-0.14800250
-0.13191689
-0.02585137
-0.04939252
-0.01425582
0.02153529
0.21550848
0.28876764
-0.08059396
0.28267453
-0.05711572
0.21216314
0.20677120
0.23995019
0.35343859
0.19484445
0.57568880
0.43812431
0.40063863
0.50528779
0.45580017
0.07054473
0.33161219
0.17533232
0.13496668
0.03669630
0.07047545
0.33584197
0.23463238
0.07237112
-0.03872777
-0.08827590
-0.13502018
-0.33665885
-0.49901962
-0.38424755
-0.46517683
-0.50262044
-0.45849294
-0.30273647
-0.18628576
-0.38080433
-0.49703076
-0.56742995
-0.72058321
-0.44755619
-0.51590876
-0.33037821
-0.45470680
-0.20325721
-0.07063517
-0.20397308
-0.07080617
-0.02812987
0.07137124
0.17351574
0.07764796
0.14756411
0.07914828
0.43872745
0.59427157
0.41679663
0.49380748
0.15428801
0.43797795
0.24118929
0.43471132
0.42505588
0.25591441
0.34032401
0.22286369
0.20281130
0.08540118
0.31511805
0.45365331
-0.21053495
0.09358631
-0.06487400
-0.04541492
-0.14511795
0.15155039
-0.00717000
-0.06947074
-0.04870406
-0.07629370
-0.02626618
-0.18122430
-0.03838322
-0.13046382
-0.12746066
-0.26960477
-0.12394049
-0.13611850
0.01474841
-0.21630215
0.00115548
0.06580094
0.00921953
-0.04638216
0.04520929
-0.01075013
-0.13504954
-0.05790510
-0.16083206
0.06604284
0.18162499
-0.20201764
-0.06914441
-0.07715864
0.09813035
-0.02481779
-0.01263521
0.06318973
-0.08485538
-0.11082377
-0.11396772
-0.13508262
-0.09096358
-0.07759620
-0.12505371
-0.21771878
0.01752099
0.16834875
0.13864823
0.04350446
-0.01803147
-0.07829849
-0.08063319
0.05788510
-0.06959526
0.19453818
-0.03899581
0.18618021
0.06125980
0.15624056
0.04876673
-0.10226152
0.06095292
0.03370799
0.20096571
0.10025090
-0.12850716
0.04161168
0.04686464
0.25091758
-0.12846536
-0.22527851
0.06272593
0.01653079
-0.07766267
0.02831713
0.03326320
-0.16952459
0.01958723
-0.21136290
0.05346299
-0.08063322
0.03431407
0.28818226
0.14504638
0.01428137
0.05309955
0.18394018
0.05529836
0.30281560
0.07093855
0.21658161
-0.22864968
-0.00534965
0.04057077
0.21249667
-0.02550590
0.05032873
0.00556804
-0.10639176
0.02770543
-0.02831593
0.17834301
0.17016278
-0.12527097
0.06638240
0.24288789
-0.30970994
-0.05024500
-0.03561898
-0.26056182
-0.16771827
-0.03728216
0.14791501
0.16921813
-0.06180521
-0.05278993
-0.06252859
-0.05108089
-0.00930403
-0.09592842
-0.10055944
-0.06428721
0.06703525
-0.35499355
-0.01784745
-0.15658529
0.06771153
0.03029000
-0.27614147
-0.13816260
0.05542585
0.11978990
0.08924935
-0.15702707
0.15147015
-0.01624646
-0.26080638
0.11180293
0.04922976
0.20752922
0.20694746
0.07546765
-0.08695513
-0.07426875
0.05121966
-0.00414313
-0.02845609
-0.05970356
-0.01632536
-0.00870075
-0.12608107
0.13443513
0.06211457
0.14999359
0.13209246
-0.20903838
0.11441656
-0.16422415
-0.10916705
0.00266206
0.05243459
-0.01686070
-0.21443994
-0.01739996
0.13657457
-0.05997349
-0.08983057
0.16946465
-0.03679843
-0.21228541
0.04484426
-0.14593028
0.27384839
-0.00832899
0.12289476
-0.06718430
-0.05530404
-0.11061874
0.11621041
0.01824814
0.03692126
0.04286837
-0.01122769
-0.03756245
-0.06313520
0.16267791
0.09942225
0.06722504
0.09883260
0.12749108
-0.15998737
0.04785349
0.11474316
0.01170204
-0.09804538
-0.28712388
0.06802569
-0.08182730
-0.24653337
0.17327958
-0.10014213
-0.05848164
-0.33051529
-0.09745471
0.17387587
-0.06445171
-0.18759222
-0.09925854
-0.16954941
0.02426566
0.07538666
-0.01097791
-0.03445117
-0.01672191
0.00464492
-0.06322124
0.08446035
-0.01143554
-0.07625369
-0.19629129
-0.03098130
0.05497932
-0.21430336
-0.10641854
-0.15995414
-0.07043819
0.13901473
0.06376565
-0.05713549
0.12881080
-0.01350498
-0.05142337
-0.24249211
0.09636342
-0.13150391
-0.10813136
0.15777763
0.10754488
-0.10196382
0.10915496
0.03492547
0.24695196
0.28866352
0.09292275
-0.03803976
-0.15418540
-0.12210319
-0.15287558
-0.03000327
0.02076478
-0.09143703
-0.05683530
0.09514780
-0.20737596
-0.14154821
-0.10243116
-0.01037683
0.02540995
0.12385613
-0.25685109
0.04455503
-0.09197686
0.16011538
0.07988825
-0.01675563
-0.10692857
0.14121333
0.09279674
-0.14567049
-0.01963013
-0.21278541
-0.12821136
0.03113010
-0.13976364
-0.11093701
-0.10793459
0.01167477
-0.05812278
-0.01137102
0.07088424
0.16528136
0.05952608
-0.05602425
0.02278703
0.04343007
0.03983323
-0.10237077
0.09745292
-0.02957973
-0.15102196
0.12872421
-0.09307112
0.11364895
-0.09932580
-0.07061921
-0.09657123
-0.01573494
-0.12816435
-0.04646144
-0.13223997
0.21243070
0.20605472
-0.09364873
-0.09251059
-0.00251278
0.11687602
-0.03519729
-0.01155584
-0.05142666
-0.13305201
0.02979678
0.18145415
0.21448938
0.11348705
-0.05371053
0.09505425
0.17751429
-0.05873966
0.11821467
0.16561733
0.21170383
-0.05788426
-0.18107969
0.00819527
-0.13030514
-0.08250278
0.16003331
0.18500169
-0.04960610
-0.01159829
-0.08589716
0.17526715
-0.01888500
-0.11861549
-0.00486207
0.01451602
-0.04336982
-0.02402336
0.13284305
-0.13629683
-0.03347898
-0.12957911
-0.49100639
-0.05528477
-0.00513399
-0.02861788
0.01565327
0.11168669
0.01201248
-0.12503468
-0.11747894
-0.04781446
-0.01589674
-0.16469298
-0.08576111
0.06430979
0.04974037
-0.01895129
-0.02096252
0.01426422
-0.10477080
-0.10549943
0.08038888
0.08276259
-0.15900286
-0.12690924
0.08617542
0.09631661
-0.07182660
0.07757746
0.01558472
0.21661052
-0.00765647
-0.13972610
-0.25086387
-0.20009303
-0.09510301
-0.13922241
-0.12182001
0.21084839
0.07928787
0.05458891
0.07831225
0.04338400
-0.18004394
0.25283310
-0.08040124
0.01700094
0.07267502
-0.11033409
0.20096805
0.01568058
0.12746053
-0.03054441
-0.03090211
-0.21249992
-0.12661902
0.18245177
-0.20000063
0.02232051
0.00156926
0.16173120
0.18975130
-0.11306479
0.12720470
-0.21564362
0.06711738
-0.03590114
-0.06957964
