0.12517794
-0.13103130
-0.08493132
-0.09799284
0.00755501
0.03775330
-0.00642964
0.02269367
-0.06404188
0.13414780
-0.04770245
-0.03769009
-0.02670492
0.07135322
0.07061609
-0.01657706
0.08928161
0.13559856
0.05631087
0.00611789
-0.10055040
0.00360027
0.05347427
-0.07174920
-0.06450286
-0.20945702
-0.06095506
0.03519445
0.11668626
-0.01965932
0.10733713
0.18521220
0.09986463
-0.00539392
-0.03265333
-0.08749631
-0.01539313
-0.08577249
-0.03891614
-0.00235373
0.04079899
0.03838079
0.00563121
0.03048310
-0.07537266
0.10166541
0.00444746
-0.05757459
-0.05622116
0.01836821
0.04591150
-0.08975741
0.14511104
-0.04543121
0.05868647
-0.07071602
0.09748014
0.17037684
0.00574063
-0.02913942
-0.12941786
0.19701976
-0.05701406
0.09941074
-0.01352107
-0.09512231
-0.03643821
0.10277898
-0.09837292
-0.07481082
0.00961683
-0.02366226
0.07037871
-0.11125523
0.03914153
0.02477453
-0.01639680
-0.05735892
0.00215121
-0.07199863
0.08932016
0.03192947
-0.04163379
-0.08913475
-0.21520728
0.03149699
-0.01035929
0.04071248
0.04058986
0.03453785
-0.05027413
-0.09933987
-0.06167391
0.08902871
-0.03285077
-0.10528440
0.05127215
-0.09788298
-0.10132042
0.02357232
0.14851872
-0.03622061
0.05351869
-0.02190178
-0.05587358
0.02819851
0.06338499
-0.02229042
0.03758438
0.15895637
0.12203694
-0.02611486
0.12619848
0.08755903
-0.07714655
-0.13907842
0.03527480
-0.00519548
0.09342395
-0.01918914
-0.01755671
0.09812791
-0.04529075
-0.06714363
0.05913757
-0.00334950
0.06335791
-0.16792843
0.05400275
0.03018630
0.06232323
-0.00542446
0.06644065
-0.05164873
-0.05755306
-0.08856879
-0.08410201
0.21124480
-0.01286802
0.11160037
0.05613688
0.19378386
0.09966700
0.13887442
0.02131810
-0.00185862
0.12428369
-0.06917612
-0.01750610
0.04797946
-0.01823981
-0.00945316
-0.11634767
-0.03958552
0.03204062
-0.01511990
-0.07261786
0.21249113
0.05576856
0.04943872
-0.01299279
-0.12468513
0.07003974
-0.05908948
0.03264541
0.10898587
0.28328836
0.09127155
0.10685710
-0.02661533
0.01897293
0.03555637
0.14887148
-0.06687764
-0.11149256
0.04215422
-0.12281216
0.03630158
0.11167232
-0.02180148
0.09800157
0.21309547
-0.12030973
-0.05810619
-0.10554796
-0.09341642
0.05228420
0.03589142
0.13773542
-0.04900832
0.01120861
-0.01545724
-0.00270825
-0.13687837
-0.07050507
-0.14061492
-0.09392621
-0.10634765
0.14652294
-0.06502352
-0.03647426
0.07287769
-0.09803538
0.04389102
0.01676178
0.03422321
-0.06053459
0.04748322
0.01866319
-0.02701966
0.02090811
-0.08931719
-0.08674225
-0.13039870
-0.00591379
0.06608155
0.01888318
0.04392950
0.05750833
-0.09450161
0.11642967
-0.03903217
-0.01390103
0.01217239
0.09680088
0.04872133
0.07455715
-0.04961443
0.00012087
0.01961613
0.07010004
0.00083253
-0.01151039
0.03420157
0.08464271
0.08668673
0.02777771
0.03006834
0.00128725
-0.14937851
-0.11156554
0.18021734
-0.07121859
0.02932389
0.02913160
0.01959215
-0.04621477
-0.10328507
0.30975700
-0.05672513
0.10854442
-0.00975794
-0.12305096
0.02367505
-0.11848029
0.00681623
-0.01366223
0.06244486
0.08905057
-0.02685253
-0.04140268
0.09011229
0.11930324
-0.14779855
-0.07959133
-0.09876280
0.00602756
-0.29884820
-0.01882075
0.12928821
0.02760474
-0.03772415
0.09171575
0.05070078
-0.07257898
-0.05671078
0.05652261
0.00839373
0.11148507
-0.03503351
0.03742981
0.08874814
-0.10814544
-0.08089697
0.05547787
0.02379788
-0.09138387
-0.18458646
-0.02627988
0.10145179
0.03602377
-0.06159127
0.02266568
0.03343028
-0.08343337
-0.03768657
0.18150169
-0.04554821
-0.01318642
-0.15443968
0.18977047
0.07317701
-0.00978986
0.08344903
-0.04643317
-0.06618162
-0.06562569
-0.20058604
-0.06096917
-0.14800887
-0.05876391
-0.04462873
0.05121020
0.05261098
-0.04768570
-0.03113712
-0.14814717
0.12839098
-0.20703236
-0.02285836
-0.01459739
-0.07385132
-0.01143634
0.10390461
0.02243922
-0.15074740
0.04586144
0.07923622
0.08062823
-0.06842086
-0.08384102
-0.14535501
-0.09519927
0.01458528
0.05288493
-0.05835040
-0.02979593
-0.02261702
-0.00949155
0.09234115
0.07970203
-0.10700393
0.14999871
-0.09349266
-0.09685643
-0.05286745
-0.02349267
0.03249600
-0.14237688
-0.20698809
-0.04553986
0.10039149
0.03119128
-0.10404264
-0.05401381
-0.04511098
-0.01029314
0.10299915
-0.00736854
0.04981238
-0.09686474
0.00191296
-0.22076082
-0.00141023
0.07513805
-0.08910237
-0.01154897
0.00667754
-0.13090576
-0.00498394
-0.00729596
-0.14209303
0.15735377
-0.04528563
-0.07907400
-0.11839604
0.02632687
-0.21045889
0.11427431
-0.07687875
0.01229846
-0.12869445
-0.07531692
0.20552673
-0.02466044
-0.00606156
-0.01583971
0.01134193
0.03121635
-0.00774184
-0.03110810
0.07216137
-0.01067924
0.10951387
0.05453131
0.08672918
0.13245758
-0.03989570
0.17817276
-0.01754013
-0.13297814
0.06779963
-0.18565124
0.00963305
-0.12700427
0.07050440
0.07903105
0.16311591
0.02591513
-0.10875971
-0.00224083
0.03021203
-0.00418802
0.06899885
-0.08771658
-0.05011472
-0.01533053
-0.09354777
0.10242270
0.18519924
0.02882747
0.09650196
0.06170801
-0.01531552
-0.00474875
0.06429382
-0.02754039
0.07209835
0.05474569
-0.10765319
0.12619515
-0.05456400
-0.07532351
-0.00999227
0.00211510
-0.00232187
-0.05651519
-0.02343023
0.00098396
-0.08145557
-0.12655503
0.11487780
0.12952660
-0.02868742
-0.18858967
-0.03830426
0.08431952
-0.04372611
0.00303741
-0.01941548
0.13125416
-0.00837856
0.03059952
0.05341240
-0.00776771
0.08467897
0.04188406
0.00705162
-0.03229156
0.12756689
-0.16176176
0.02809529
0.04696073
0.09634973
-0.01756905
-0.03440644
-0.00831955
-0.03011330
0.11183986
0.11047021
-0.04213426
-0.06523869
-0.07955455
-0.00399985
-0.17964408
-0.11677514
-0.08394102
-0.02017452
0.03415295
0.04413811
0.01336191
-0.04199450
0.07237185
0.00405213
-0.13007374
0.07377761
-0.11448227
-0.05504070
0.01589148
-0.01819055
0.08701640
0.07210836
-0.10321624
0.08914259
-0.06878717
-0.02605022
-0.01212580
0.02531829
-0.10931844
-0.21435892
0.03971508
0.16100243
-0.07652457
-0.17822456
0.04032990
0.09166330
-0.00832832
0.06264427
-0.14707421
-0.05129456
-0.06358334
-0.05512627
-0.07195336
0.10061370
0.02315918
-0.03223074
0.00372313
-0.06591021
0.01544160
0.12538856
-0.20092659
0.05145154
-0.10036850
0.06968893
0.03685075
-0.00650156
-0.07938726
-0.02580469
0.15186314
0.11624381
-0.06975159
0.06388512
-0.08697126
0.05983579
0.02428468
0.04095443
0.00438893
-0.10382377
-0.06041339
-0.14400507
0.04151621
-0.12886722
-0.06866351
0.01025356
-0.10724130
0.02426448
-0.00748940
-0.12275778
-0.07340397
0.06058142
0.05848474
-0.03216897
-0.06896085
0.14212608
-0.11592491
-0.02825269
0.00434700
-0.02848141
0.06280445
-0.04930365
-0.01792329
-0.11059045
0.00257656
0.11360148
0.02781239
0.04964747
-0.00737449
0.10237042
0.08836449
-0.10025896
0.07447995
0.07409665
-0.17685287
0.00631931
0.07601956
0.04714003
0.09377930
0.04310265
-0.02576579
0.08667289
-0.12909444
-0.20190718
0.12226056
-0.06017059
0.07265171
0.01900484
0.02651849
-0.11336677
-0.05622339
-0.19921822
-0.01713318
-0.01600185
-0.00958690
0.03536645
0.04136994
-0.04322355
0.04985535
-0.13818403
0.11680644
0.09714653
-0.01403479
0.11039832
-0.06737165
0.00890868
-0.13974493
0.02324072
0.02981208
0.01479874
0.10808415
0.04615762
0.15610869
0.02604708
0.07008485
-0.00991684
0.08104418
0.03136745
0.13107690
-0.06535715
0.06574769
-0.05495827
-0.06335173
-0.03948913
0.05196092
0.16271340
-0.06092247
-0.01279625
0.04343090
-0.02621665
0.05123793
-0.11494057
0.01422940
-0.06576224
-0.12716132
0.04987400
-0.00381043
0.14918104
0.00499516
-0.08288266
0.13787697
0.13203313
-0.00791845
-0.16637729
-0.07544700
0.07849537
-0.08001077
-0.02452870
0.02386852
-0.08495113
0.03030880
0.06360429
-0.09957209
-0.02218079
0.16448410
-0.10383523
-0.07725020
-0.07600922
-0.11283354
-0.13323603
0.10648903
-0.00259708
-0.12051114
0.12147344
-0.07922813
-0.02668437
0.12247658
0.01756062
-0.02172446
0.11861537
-0.01897086
-0.02092694
0.04311941
0.02837498
0.04258537
-0.04662401
-0.01141678
0.09138951
-0.06614647
0.00538681
0.22658516
0.19452427
0.09778697
-0.05543853
0.00053916
-0.15793649
-0.16667256
0.01099786
-0.00034928
0.06958234
0.11892779
0.02249695
-0.05724547
-0.02854108
0.02203143
-0.04724432
0.09262630
-0.19850444
-0.12901870
0.05891652
-0.05914596
0.00716459
0.20211058
0.05337729
0.08182595
-0.14787393
-0.05690540
0.02298193
0.17430201
-0.03013011
0.13170302
0.07566956
-0.01248023
-0.01436761
-0.03351689
-0.04075274
-0.03989204
-0.06478150
0.16408227
0.05326798
0.12284665
-0.01178868
-0.12687799
-0.10511993
0.06509540
-0.08333609
-0.05789518
0.00711041
0.02847479
0.02135127
-0.13035052
-0.03293537
0.11491469
-0.15951394
-0.15459112
0.12370297
0.07070436
0.10731534
0.08243912
0.11946943
0.09031234
0.05928023
-0.15463600
-0.12079320
-0.09152850
-0.06181619
-0.04608668
-0.00148553
-0.10284878
0.03600662
0.10244204
-0.18549009
0.10059941
-0.03365816
-0.05924997
0.00063051
-0.17787781
-0.05465673
-0.05117936
0.02330715
-0.00008931
-0.01204111
-0.07607625
0.04051417
0.00201932
-0.04753841
0.01086561
0.05810912
0.10950255
-0.07697271
-0.12292231
0.02434332
0.01499819
0.01732393
0.02999626
0.15069254
-0.01700227
0.10034236
0.15239484
-0.01600152
-0.01054530
-0.13507054
0.01984086
0.00679203
-0.04249540
-0.02419600
-0.02802013
-0.11464949
-0.00092750
0.04929571
-0.08456932
0.06814369
0.07604612
0.05606769
0.06783245
-0.05364260
-0.02274285
-0.07307387
0.13033864
0.05436246
-0.05249003
0.10591111
0.12571246
-0.00913857
0.02479835
-0.00566075
0.13088861
0.13766094
-0.02761704
-0.05931581
0.04598718
-0.05639284
-0.00804216
-0.02340874
0.05259478
-0.12347610
-0.05850391
0.00597376
0.21829864
-0.05136966
-0.07785929
0.07329204
-0.01410223
0.04046545
0.12838010
-0.06086516
-0.06872691
0.20361614
0.14025934
0.07720911
-0.10365156
0.02819105
0.02665024
0.10881728
-0.01636519
0.07096444
-0.04123526
0.00607405
-0.02368333
-0.01587382
-0.04559034
0.05941270
-0.06297810
-0.09811224
-0.01318281
0.08360257
-0.06818037
-0.01270421
-0.16426653
0.00016592
0.02816101
-0.09734243
-0.09946146
-0.15212615
0.13429494
-0.02124921
0.07217020
0.09607889
-0.10687198
-0.08371778
-0.01317123
-0.05439811
0.02440198
-0.02081724
-0.02035636
0.07938158
-0.03172018
-0.08554814
-0.01778985
0.01017027
-0.01463176
-0.15310463
-0.00608815
-0.01156436
0.02655041
0.06746587
-0.03728223
-0.07915844
-0.00764702
0.08140424
0.10487857
-0.05084983
-0.02674763
0.04740722
0.10952751
-0.11744603
0.06655995
-0.06402871
-0.04367084
-0.04341637
-0.05945269
-0.11230458
0.00185305
0.03685224
-0.08295340
0.02737916
0.04815099
0.22135994
0.01722068
0.03315181
0.01879274
-0.06604161
0.04882314
-0.04461572
-0.01829760
0.08236148
-0.02474052
0.08145289
0.01422519
-0.07202613
-0.09386624
0.07867592
-0.01117196
-0.09956538
-0.08215822
0.11544291
-0.17057284
-0.06345608
-0.03942823
0.06559427
-0.03583509
-0.15393470
-0.00518250
0.07443956
-0.03214381
-0.02028847
-0.03052911
0.14791607
0.01527702
0.05509114
0.02013267
-0.06740139
0.26603944
-0.10604078
0.01209584
0.09386290
-0.01794937
0.04823490
-0.04986407
-0.13533397
-0.05796391
0.18207872
0.05433373
0.01781074
-0.11364421
-0.07463815
0.05243184
0.04931901
0.02312162
-0.11049391
0.02909897
0.05962042
0.12012164
0.04302692
-0.11731981
0.10090761
0.02863929
-0.00713540
0.05184460
-0.07129027
0.12916380
0.00608236
-0.05964395
0.04128436
-0.05709539
-0.01084754
-0.04359699
-0.21458360
0.02262151
-0.01112623
0.10560614
-0.03564246
0.07012574
0.09991522
-0.08153478
0.09213745
-0.16462542
0.01694300
0.17923168
0.11369621
-0.20758199
0.05988587
0.05946487
0.06000806
-0.01085666
0.12359937
-0.19432622
0.02491895
-0.05554980
0.17701793
-0.12611751
-0.10956068
-0.06879642
0.05715516
-0.00177584
-0.01900137
-0.02739968
0.00359109
-0.07102982
-0.02024581
0.02420030
-0.08166094
-0.01481003
0.09357172
-0.13323555
-0.07682612
0.08199835
-0.11398964
-0.02561105
-0.09728398
-0.04516508
-0.01385118
-0.01678872
-0.00699224
-0.24813972
-0.13444662
0.04944806
0.02919225
0.17263001
-0.14870470
0.03367551
-0.11527092
0.03978731
0.04052392
-0.08262034
-0.14499490
0.01450280
-0.02160428
0.05857278
0.05755597
0.05288893
0.00171965
0.06597607
0.13186005
-0.17585717
0.06871967
-0.01868651
-0.07083623
-0.02862373
-0.03944487
-0.01666491
0.01947168
0.04670158
0.06378536
-0.03521313
0.06558379
-0.03408536
-0.07770393
0.00441063
0.01485838
0.07456520
-0.02305053
0.15253575
-0.13502878
-0.03796042
0.02445947
-0.11326332
-0.03884261
0.14715703
0.13888772
0.08565401
-0.14978278
0.07279676
-0.06711095
0.07528499
-0.08816115
-0.08869533
-0.15779947
-0.08561903
0.07842383
0.00092932
0.04464671
0.11132973
-0.13076296
-0.12761754
-0.15214997
0.09254824
-0.00516177
-0.03789771
0.17005066
0.10393612
-0.05823966
0.06754733
0.03275265
-0.06196269
0.01661238
0.07881058
0.03320170
0.06280408
0.13910695
0.02056593
-0.05981453
-0.01796673
0.02261112
0.07965697
-0.20845343
-0.03959273
0.11771527
-0.06691998
0.01395006
-0.06754497
-0.00530151
-0.04586003
-0.11377239
-0.11722404
-0.07647422
0.08352739
-0.06818923
-0.05134415
-0.03775901
0.08115934
-0.06684866
-0.05798446
-0.12031857
0.14504830
0.06864319
0.18699379
-0.04956140
0.04152770
-0.18456927
-0.04208332
-0.09666280
0.02392303
0.11977813
-0.02317802
-0.03589430
0.08103266
-0.01878319
0.12083106
-0.05508739
0.13824053
-0.11553837
-0.16772943
-0.07644140
-0.04942159
0.05681944
0.13557189
0.03678740
0.03657659
0.13557699
0.06330158
0.06376589
-0.15060976
-0.08470155
-0.08712831
0.04849018
-0.14238379
-0.01047160
-0.02729428
-0.01258379
-0.06912964
0.10366467
-0.09770099
0.14721503
0.05077631
0.14513210
0.06762184
0.04253161
-0.09710802
-0.07945343
0.02915977
0.00606718
-0.05348676
-0.03221455
-0.04930498
-0.01820916
0.07436945
-0.13389887
-0.13121950
0.08162025
-0.02458767
0.08305919
0.04083928
0.03183805
-0.11022296
0.11215016
-0.01131051
-0.07414070
0.04101076
0.07305931
0.08727773
0.00786467
-0.09735645
-0.14750306
-0.08583829
-0.00217596
0.04062276
0.13793957
0.00789784
0.06527482
0.32187449
0.07515440
-0.02356373
-0.10073333
-0.00773614
0.02637022
-0.10714273
0.13768257
0.04886207
-0.11657360
-0.26534238
0.17535425
0.09245284
-0.05584606
-0.01297748
0.09689659
0.12661508
0.04988198
-0.03242759
-0.03794631
-0.04198398
0.04265198
0.06846053
0.07325422
-0.13618103
0.03221623
0.08689190
-0.00570642
0.12948618
0.06133772
0.01924489
-0.14626183
-0.17338331
-0.05008079
0.08598797
0.17888817
-0.02364476
-0.11534226
0.06988101
-0.08027931
0.18503929
-0.04359715
-0.04172135
-0.00874985
0.02654790
0.04294727
0.08695064
-0.09835742
-0.02377256
0.07365812
-0.00612750
0.08360315
0.06942878
-0.06538162
-0.04923743
0.06657034
0.07558797
0.16346423
0.09758699
-0.01890084
-0.02583008
-0.01407846
-0.12462743
-0.00634619
-0.13899247
-0.04807767
-0.20389638
-0.11707141
-0.02759193
0.02102975
0.21182022
0.11135592
0.00757947
0.11255714
0.05053689
0.29357224
-0.03896421
-0.03972103
-0.00844662
0.04566905
0.00973856
0.04357437
-0.05243400
0.20357535
0.05144579
0.02197246
-0.09309886
-0.07586324
0.01123281
0.06691213
0.06238323
0.06239173
0.08520582
0.12019164
0.06301914
-0.10847221
-0.06967284
0.01447056
0.03233043
0.00148646
0.01940104
0.09678565
0.03070831
0.12534219
0.08191227
0.00177792
0.01534388
0.15422687
-0.09867341
0.11829570
0.18087459
-0.06813254
0.00354520
0.00626098
0.11888091
-0.00484884
-0.01686569
0.03892089
0.05344831
0.33404715
0.06930383
0.01029537
0.02121833
0.02148161
-0.11085653
0.04081295
-0.07040775
0.05032822
-0.05219458
0.01423411
0.01211720
-0.10367785
0.20565553
-0.00253940
0.16242405
0.00139625
0.04963852
0.03407120
0.04161269
0.13736391
-0.03466443
0.05554632
0.12628652
0.13516960
-0.07677981
0.07037989
-0.06054670
0.00409791
-0.05081096
0.05584866
-0.03417157
0.09396499
0.02715776
0.07898581
-0.04351026
-0.09596438
0.12005114
-0.12832465
-0.11721153
-0.04821256
0.05641732
-0.13401540
-0.07206590
0.03818432
-0.08342479
-0.05944955
-0.02309984
-0.08103367
-0.05719902
-0.19224550
0.04023856
0.02511565
0.04618273
0.02264598
-0.26346581
0.05875185
-0.10463525
-0.03397670
-0.03466816
-0.00063320
0.10818874
0.07281188
0.02778565
-0.05647281
0.08849936
-0.01150478
0.09491466
-0.01699739
0.05257420
-0.06040628
0.14619020
-0.05112057
0.05952983
0.07704141
0.01946253
-0.03033464
0.02089613
0.13097527
-0.01376282
0.13925688
0.08385133
0.06120719
-0.19443727
0.02939943
0.10949792
-0.12705916
0.05775521
0.00130645
0.01305867
0.04003680
0.01016234
-0.04602163
0.02710467
-0.00573585
-0.01454407
0.02419592
-0.07672209
-0.09398759
0.16585276
-0.02555208
-0.02370212
0.14169928
-0.08040182
0.14296884
0.12351916
-0.10784379
-0.03371086
-0.13396499
0.00418483
0.02210376
-0.03931225
0.05798433
0.14090694
-0.00290798
0.14219696
-0.08318953
0.08757143
0.12974019
-0.06564196
-0.03594433
0.16255356
0.03285265
-0.17921978
-0.01626453
0.01889124
0.11917096
0.05784523
-0.01672042
0.11888586
0.12654332
0.01350674
-0.06628409
0.01835168
0.00206298
-0.01978816
-0.04908158
0.17828496
0.21638981
-0.05984184
0.02340417
-0.13381705
0.11903801
-0.02709238
-0.10283249
-0.05020720
-0.02761371
0.10886660
0.07447432
0.28988739
-0.03714942
0.03544519
-0.21057932
0.02279670
-0.09589414
-0.04777192
-0.07760447
-0.06128461
0.05402655
-0.00238520
-0.22837794
-0.02451794
0.01917354
-0.09537812
0.02458182
-0.20263549
0.08347813
-0.01217939
-0.02458873
-0.08591514
0.07426346
-0.04774905
-0.01609279
-0.04774913
-0.14184579
-0.24972310
-0.07565723
0.00503090
0.03731286
-0.20630475
-0.05806064
-0.06612202
0.14318147
0.07531088
-0.18026393
-0.11329041
0.12878499
-0.07354962
0.01163416
0.03146674
-0.02988428
-0.04132160
-0.00768716
0.03201496
0.07685636
0.01972424
0.01023371
0.09230903
0.10810235
0.13591578
-0.02062096
-0.01827971
0.13598194
-0.10782686
-0.04490455
-0.01381130
0.11624593
-0.00298833
0.01116344
-0.08615690
-0.03357187
-0.11056501
-0.03632374
0.10883893
-0.06431844
-0.02511960
0.00521689
0.01089503
-0.14034742
-0.12770965
0.02691553
0.00067375
0.00656097
0.01901694
0.00522176
-0.14928429
0.09085168
-0.10543397
-0.05037257
0.00214435
0.12609804
0.04142126
-0.21486904
-0.02844249
0.09227017
-0.06884882
0.00495590
-0.11860808
0.10236010
0.03854665
0.12471658
0.04586637
-0.09477118
-0.23119052
-0.03670089
-0.04171963
0.01884594
0.01383796
0.12990045
-0.07937527
-0.00739269
-0.01985956
-0.11541143
-0.23603841
-0.26035405
-0.05480837
-0.24025249
-0.13016661
-0.07192488
-0.25052317
0.02366584
-0.02523761
-0.07336153
-0.08842685
0.05726260
-0.02391987
0.08775250
0.07786680
0.14832023
0.14927523
0.18691670
0.13340835
0.20302735
0.14508174
0.14123045
0.37575198
0.36278646
0.09300607
0.16283761
-0.09570051
0.12239606
0.26941544
0.21574147
0.10595521
0.14123655
0.04401052
0.14850565
0.05415612
0.05976229
-0.16604755
0.01526358
-0.03853136
-0.14890409
0.02884089
-0.21052450
-0.13052997
-0.15737866
-0.16095200
-0.08268349
-0.13017500
-0.26320855
-0.23174158
-0.15888833
-0.02584755
-0.20039050
-0.11350410
-0.05065240
-0.21194695
-0.10234805
-0.15755255
-0.02011656
-0.02414348
0.09955991
-0.05705497
-0.08018790
0.00997052
0.16162625
0.03983880
0.11192796
-0.06185775
-0.03832994
0.03332400
-0.11033695
0.08858577
-0.03536158
0.08480800
-0.02852361
-0.15637948
0.05869329
0.02361970
0.17097420
0.03430027
0.12074412
0.05168562
-0.04858126
0.11408446
0.15745197
-0.00561827
0.14820816
0.11766141
0.10372917
0.12196621
0.06232944
0.18838168
0.08983134
-0.03342829
0.09181839
0.04051611
0.14790557
0.12760405
0.00889048
0.13118105
0.11862811
-0.01040774
0.07806167
-0.00110578
0.15918714
0.02316943
0.08392723
0.04652322
0.03435044
0.13487309
0.18996417
-0.07359963
0.26155194
0.06380740
0.16561086
-0.00186180
0.09756012
0.05205963
0.04882884
0.23714965
-0.05071005
-0.00814541
-0.03754183
0.01711928
-0.19523627
-0.02597716
-0.36819739
-0.47324885
-0.22876029
-0.31801921
-0.24906251
-0.35929598
-0.37986321
-0.30972424
-0.38800283
-0.51688959
-0.31132326
-0.48288216
-0.37189943
-0.34387718
-0.28771856
-0.36938675
-0.33858277
-0.34710216
-0.14284813
-0.05656026
0.06810345
-0.03817933
0.17323868
0.17476969
0.16476124
0.18814617
0.36866858
0.31924899
0.28541612
0.43239018
0.35768832
0.36966779
0.28960363
0.21769810
0.23391346
0.34562297
0.20578824
0.20110175
0.27254914
0.11370903
0.27331019
0.04594638
0.11087638
-0.04100840
0.06690765
0.01072836
0.04727509
0.03851250
-0.09444117
-0.17641721
0.05588573
-0.08247566
-0.10899691
-0.05617907
0.02997645
-0.01621252
-0.06216356
-0.19263458
-0.21938699
-0.18177314
-0.19806355
-0.16688301
-0.03242553
-0.01280315
0.05109460
-0.09767742
-0.00633313
0.07541808
0.14197767
-0.03052551
0.04481314
0.02850155
-0.13821269
-0.07416738
0.03836795
-0.09843602
0.00544044
0.01339395
-0.10593479
0.08289249
-0.04349948
0.04111756
0.08280075
0.05072548
0.13520178
0.18312472
-0.20802782
0.08211213
0.07095050
0.12974563
0.05557216
0.01978089
0.04346784
0.18732280
-0.14245061
0.04360471
-0.12505123
-0.04202088
-0.04333445
0.08779155
0.12234869
-0.03042630
0.00113835
0.06506254
-0.01753803
0.12953543
0.11250987
-0.19264794
-0.15024565
-0.13592171
0.06157779
-0.06146065
-0.06648208
-0.05121845
-0.06140225
-0.01524407
0.05647643
0.04689729
-0.05532604
-0.11809785
-0.16467105
0.04029592
0.00009622
-0.25021664
0.04256545
0.02325330
-0.12815096
0.23076336
0.10387143
-0.00163352
0.00624911
0.14719247
-0.04936768
0.07263339
-0.08334690
0.02500251
-0.05874129
-0.06029628
0.01838679
-0.00231624
-0.03380441
0.03404460
0.10793262
0.02676307
-0.16236829
-0.08406784
0.07532028
-0.00328737
-0.09933380
-0.11928710
-0.07007040
-0.01814889
-0.13825918
0.02532697
-0.04500148
-0.04230946
0.01360044
-0.15152187
-0.15368134
-0.02665816
-0.11450384
-0.10750566
-0.03701283
0.16792054
-0.10777509
0.05952119
0.02016283
-0.10842061
0.04740022
0.13452357
0.04702252
-0.06296538
0.11161082
-0.03439792
0.02104362
0.04940880
-0.03212362
0.05417568
0.00417298
-0.11242950
0.03762543
0.04581747
-0.04387737
-0.06439239
0.12102295
-0.02630665
-0.04268215
0.11692908
0.04771640
-0.15973280
-0.04740649
-0.03955381
-0.01123863
0.04908967
-0.11848148
-0.17394445
-0.15467337
0.09748731
0.00045910
-0.10892250
-0.08320943
-0.02081471
-0.10109156
-0.12033305
0.00868365
0.10186088
0.07380482
-0.01224036
0.15720903
0.07788593
0.15507189
0.03778965
0.02729829
0.10338774
0.17718163
0.24361178
0.04316659
0.14073128
-0.02674388
0.21571208
-0.05158860
0.28214488
0.09564309
-0.00084048
-0.09416653
0.04997200
-0.06115495
-0.06393325
-0.08473936
-0.06425548
0.08539813
-0.13883313
-0.08273937
0.02880508
0.07524717
-0.07296292
-0.09822609
0.12043333
-0.02839477
-0.08812078
-0.27208586
0.13185163
-0.08132766
-0.16158677
0.05772074
0.14227918
0.06065149
-0.13324777
-0.03116371
-0.01443057
-0.11129199
-0.10226727
0.11985266
0.14767493
-0.03761827
-0.13615437
-0.17359957
0.01524663
-0.05320186
0.08787243
-0.10208126
0.12054119
-0.05171970
0.05548045
-0.00616898
0.17285767
-0.11985259
0.11951970
0.12044792
-0.06926532
-0.10979832
0.05869418
-0.15218219
-0.14291808
0.04855715
-0.12338745
-0.02088259
0.05666276
-0.07173893
0.14720146
-0.08183505
0.06989033
-0.12357311
0.21244975
-0.07735385
-0.02362124
-0.14161204
0.03559178
-0.07683207
-0.05271999
0.07970815
-0.13378266
-0.06429563
0.20219536
0.02173576
-0.04387635
-0.02203032
0.02166614
-0.08973275
-0.06841461
0.00852998
-0.10155219
0.01268299
0.03523330
-0.03089108
-0.13344673
-0.03152538
0.19063354
0.17894398
0.10260365
0.03620762
-0.04034660
-0.08803280
0.06842321
0.05600423
-0.18013421
