-0.03030475
0.05777098
-0.13619037
-0.09538229
0.07314033
-0.01465706
0.02737245
0.10628029
0.04989221
-0.05721993
-0.05651351
-0.13557871
0.17086608
-0.12669792
-0.12221789
-0.24599746
0.02720193
-0.08345472
-0.11810533
0.00479087
-0.04973897
-0.02244348
0.06845871
0.03339660
0.11059917
0.10122121
-0.09914738
-0.12866757
0.03009748
-0.00956773
-0.09821461
0.03115137
-0.02253373
-0.06533042
0.12705251
0.07076422
-0.04587356
-0.04028778
0.10816398
-0.00522308
-0.03372163
0.21247592
-0.07454572
-0.00620562
-0.03446966
0.12916213
0.00358302
-0.03755553
0.04667059
-0.14301525
0.00636251
0.09462555
-0.06645160
0.05157926
-0.14372770
-0.06008171
0.08392913
-0.06048772
0.06790650
-0.10544477
-0.02662696
0.15880677
-0.01823082
0.06911881
-0.04250704
-0.07654239
0.08792975
-0.14873646
0.10657019
-0.00460761
-0.12968818
0.07876764
0.19098031
0.02709827
0.02303631
0.07447027
-0.06694253
-0.06284105
-0.01495820
-0.00095217
0.11447429
-0.02378698
-0.17201501
-0.07515395
0.08339997
-0.07750172
0.11875707
-0.04558527
-0.04999575
-0.07602972
-0.14331887
0.02983615
0.06267525
0.03344976
-0.01774862
0.04435211
0.03398687
0.12513993
0.00901396
0.11059831
0.00628432
-0.08937854
-0.00488536
0.04516091
-0.02574687
0.17160115
0.06061155
0.00791041
-0.05578776
0.00528655
-0.04624874
0.03704299
-0.11322771
-0.03550295
0.01921146
0.05250446
0.06946286
0.10403099
0.00858337
0.06384454
-0.03254891
0.07038931
-0.05437632
-0.03614817
-0.04959030
0.03718232
-0.09800807
0.02322178
-0.08541520
0.01549031
0.01637569
0.16350817
0.01246866
-0.02326403
-0.02432888
-0.09318155
0.04520910
-0.07832395
-0.05041886
-0.03428049
0.09061524
0.07019956
-0.01033071
-0.00078520
0.02732826
0.00025504
0.10600743
0.01704625
0.07892142
0.06834873
-0.03498565
0.00291145
0.06310644
0.07629477
0.01307106
0.16618829
-0.01871046
-0.02569918
0.06688039
-0.07975240
-0.01513109
0.07027779
0.08710250
-0.12679792
-0.02610031
0.06992073
-0.11586880
-0.04015111
-0.31207104
0.17728875
0.01338572
0.08311364
-0.11174157
-0.00268744
0.01911729
-0.06918663
-0.11872900
0.02662624
0.01178537
0.06927465
-0.02626129
-0.11806210
0.03533073
-0.07960806
0.09001930
0.09018668
0.03248607
0.16017359
-0.00282184
-0.18236961
-0.07972470
0.08716754
0.02814598
-0.11610213
-0.11552336
-0.12719815
0.00854631
0.03806973
-0.07080224
-0.04553461
0.08922640
-0.05445265
-0.03474010
-0.05717804
0.02007671
-0.19216571
0.09204364
0.02995281
0.04669599
-0.07547387
-0.00482849
0.00348607
0.12293044
-0.20696473
0.20310781
-0.02325697
-0.13204884
0.06454705
-0.03917317
0.02422717
-0.07104167
-0.03665567
0.28343484
0.14132942
0.09510877
0.18466491
-0.02706006
-0.03125318
-0.05214802
0.05343440
0.13589274
0.03933160
0.01956524
-0.16490899
-0.04508586
0.01382354
0.06772001
-0.00101666
0.02966057
0.07469928
-0.08715838
0.00233107
-0.00121187
0.01218309
0.08909278
0.16569731
0.08308796
0.09860514
0.20325256
0.05708731
0.03570233
0.04144480
0.05401792
0.06489670
-0.01293041
-0.01130710
-0.06721720
0.00972899
-0.05391585
-0.21086547
-0.12834995
-0.01365305
0.08852025
0.03062629
0.12474680
-0.12361446
-0.05701562
0.03924070
-0.13068140
-0.04694942
0.01053849
0.12090625
-0.11715316
0.08069039
0.05674851
-0.07925653
0.05624183
-0.01650369
-0.03084483
0.02890650
0.16127572
-0.15051300
-0.04613819
0.04004317
-0.00819192
-0.04962314
0.04086537
-0.12009064
-0.00837020
-0.06033155
-0.07215744
0.06040616
0.06040935
0.03349227
0.04406606
-0.02799417
0.14230902
-0.02203612
-0.04740596
-0.04132722
-0.01569868
0.04691657
0.18973769
0.11474745
0.00752916
-0.07301855
-0.00114731
-0.02288489
-0.01147449
-0.07054179
0.05493965
0.01535848
-0.08302073
-0.04285529
-0.01036113
-0.11743078
-0.00058074
-0.20505319
0.05067717
-0.09069352
-0.05647556
-0.14181335
-0.17156833
0.02992115
0.00029233
0.15415536
-0.06938745
-0.10802170
-0.06825704
0.00573531
0.02359594
-0.02817326
-0.03491126
-0.00677262
0.00633232
0.03795772
0.04468816
0.11834090
-0.06934256
0.07486002
-0.05143297
-0.08044100
-0.13831498
0.16192135
0.09176248
-0.00670856
0.02273132
-0.18223549
0.07632155
-0.08152702
0.10527871
0.03017228
-0.05197695
0.02450764
0.05534318
0.10417520
-0.10029946
-0.04046203
0.02502070
0.04499662
0.04095293
0.10047212
0.05353869
-0.08969127
-0.03559701
0.15656653
-0.02001192
0.10853592
-0.12899652
0.03324565
0.12746457
0.06119737
0.06792540
0.07493298
-0.20441696
-0.13853528
-0.06093492
0.10981701
-0.03126366
0.02534118
-0.13672275
-0.02607988
0.09579248
-0.00870138
0.00227859
0.14450140
-0.05040391
-0.04498359
0.07729085
-0.07915335
-0.11679358
-0.15850571
-0.04335415
0.10946837
-0.00600811
0.04085942
-0.17021770
0.15463539
0.12078539
-0.03651974
-0.04206899
-0.03412368
-0.08271401
-0.03125842
0.15138769
-0.09237132
0.19410507
0.11557467
0.05878844
0.03101256
0.04444551
0.11967590
-0.10638044
-0.07588772
0.01171763
-0.08794405
0.17887276
0.04503332
0.03199819
-0.14504144
-0.04646804
0.04035784
0.01251103
0.03165674
0.01322489
0.01499028
-0.25024221
-0.21117385
0.15598915
-0.00545657
0.00085470
0.07149777
-0.04035628
0.05949879
0.15304705
-0.11217495
-0.11032044
0.08534939
-0.11566990
-0.03054329
0.09945127
0.05317222
-0.08534254
0.04790564
-0.04431559
-0.07464252
0.06482944
-0.00145978
-0.04046135
-0.03428010
-0.04904626
-0.11347870
0.06721685
-0.07182823
0.12686967
0.08622411
-0.01030103
0.02474223
0.01180122
0.06894553
0.09481548
0.00751237
-0.14604407
0.06605722
-0.05410012
0.12185535
-0.10245619
-0.07510792
-0.05401025
-0.01924781
0.06639164
0.01900377
0.00232343
-0.00716320
-0.06127953
-0.04834054
0.18514460
0.12198176
-0.06284426
-0.00943127
-0.07673864
-0.06935034
0.06033056
0.10460616
0.08339488
-0.07852456
0.01906339
0.09073042
-0.02417853
0.00315663
-0.11578698
0.06401199
0.05882177
0.01655997
0.07176545
-0.03241974
0.07034159
0.00938026
0.06366369
-0.06111628
0.00593185
-0.02453064
-0.16645438
-0.09235843
-0.00280745
0.00917306
0.06153673
-0.03118767
0.00085308
0.03886163
0.03841213
-0.03498927
-0.10713532
0.07996718
0.05221777
-0.12249816
0.01171035
0.01627417
-0.02781207
0.07024332
-0.11143109
-0.07752623
0.01968472
-0.01419074
0.06802809
0.08611240
-0.12440098
0.00658994
0.08178333
-0.03210046
0.09217146
0.02271406
-0.00007706
0.04087742
-0.00507998
0.04666250
0.02174322
-0.05506373
-0.06186762
0.10316087
-0.21325826
-0.11005550
0.03183992
0.00813279
-0.16816618
0.04743028
-0.04894125
-0.03713480
0.06607081
-0.01429922
-0.04591045
-0.14129799
0.28560447
-0.03891046
0.10307097
-0.04769049
0.13279768
-0.15187810
-0.04879459
0.00544894
-0.17690015
0.16871799
-0.01607014
-0.01085812
-0.16896119
-0.09984261
0.06260828
0.02217806
0.11284413
-0.00633758
-0.02873248
0.15765793
-0.08134128
-0.08025031
-0.13362020
-0.04001829
0.02028364
-0.17003352
-0.04339516
0.15627866
0.13680069
-0.11349859
0.12647737
0.07460269
0.10949119
0.02669548
0.04390438
0.06064392
0.01174160
0.08489890
0.06382357
-0.01364471
0.03380037
-0.03559668
-0.02346614
-0.09459705
0.05598357
-0.07810164
0.09000864
-0.01337767
-0.03184111
-0.01929463
-0.02835846
0.05434912
-0.15745809
0.03553970
0.00226509
0.04625938
-0.02110758
0.05349062
0.08274174
-0.05461685
-0.10259997
-0.10372331
0.09736362
-0.04985172
-0.14545839
0.08849779
0.21761456
0.03651999
0.12089938
0.08904281
0.09001261
0.02732916
0.02289224
-0.13736117
0.02391177
0.09586747
0.01721586
-0.12221650
-0.01769932
-0.00223290
-0.17528411
-0.05479062
-0.04075727
-0.04020033
-0.04274091
0.00217798
0.04986559
-0.07079471
-0.00904673
0.09395952
0.00432251
-0.05026950
-0.07730254
0.09626553
-0.04367193
0.11103692
-0.01771733
-0.04070334
-0.01529084
0.05819372
0.08195144
-0.01613918
-0.05241287
0.10054530
0.02035619
0.06268991
-0.05988312
0.00676428
-0.11762373
-0.03205913
0.06584403
0.06621137
-0.01994812
0.02721756
-0.08660193
0.04958840
-0.03551228
0.00429518
-0.12476840
-0.07547176
0.14038072
0.00697542
0.00924191
-0.03954510
0.01100522
-0.02864374
-0.03346860
-0.04813176
0.06926912
-0.06432044
-0.13229275
-0.02635479
0.08044553
-0.04463786
-0.00586770
0.00878400
0.11849660
0.04808777
0.13257546
0.08009027
0.02089250
-0.09543248
-0.05817990
-0.08528724
-0.07263914
-0.02290113
-0.06424875
0.01611181
0.02635561
-0.05297254
-0.07358611
0.13854197
-0.01923778
-0.04204432
0.00726036
0.02662655
-0.17373811
-0.04446173
0.03735385
0.01094841
-0.00485601
-0.12115171
-0.03642669
0.01399114
0.04528724
0.05071906
0.01452205
-0.04624385
0.08896859
0.11120723
0.05599521
-0.16158794
0.12113520
-0.02122761
0.15846730
0.03890787
-0.11827952
0.12921871
0.09430837
-0.06860597
-0.05897626
0.03163949
-0.13411404
0.03642534
0.04187496
-0.11991435
-0.12219626
0.02832939
-0.15833687
-0.09271646
-0.00495126
-0.16467895
0.02753746
0.18317577
-0.02905589
-0.08418514
-0.00679372
0.18576454
0.00992698
0.03504912
-0.02443512
-0.02333153
0.10909833
0.03123475
-0.01609642
0.13679180
0.02063374
-0.07584655
-0.07981055
-0.10994188
-0.10901568
-0.09885164
0.06526705
0.16575533
0.01135832
-0.02603061
-0.08661744
-0.01993575
-0.11017136
0.05057618
-0.11986966
0.14500394
0.16799895
-0.05350678
0.03001541
0.04539364
-0.03434449
0.11615233
0.02485597
-0.04290198
-0.03715145
-0.07450483
-0.02220683
0.07357671
-0.12250603
-0.04055776
-0.08766182
-0.09704014
0.04315088
0.03882648
0.00861898
-0.12772739
0.13800446
0.02536202
0.00085392
0.06762936
0.11134297
-0.06880034
-0.05197389
-0.10576316
-0.08516644
0.04118262
-0.06484382
-0.08762640
-0.10694137
-0.09066069
0.02508649
0.03408204
-0.07217840
0.07337257
0.11644406
-0.04796705
-0.05582477
-0.01732976
0.05135415
0.01115331
-0.13415227
0.00404861
0.11599306
-0.13329064
-0.04440478
0.02320742
-0.14166682
-0.06089600
-0.11209390
0.00383784
-0.01915495
-0.04024346
-0.19339473
-0.01955665
-0.09213952
0.02520318
0.04002318
-0.08360920
-0.00345489
-0.00410130
-0.00151430
-0.08251862
-0.03639858
0.02789239
-0.04146112
0.07645068
-0.12729082
-0.08161984
0.11772972
0.01037153
0.02583590
0.11793920
-0.05339232
0.04870383
0.10473252
-0.11567634
0.12513180
-0.06686918
-0.11106233
0.02314608
0.01472857
-0.05556900
-0.07262497
-0.00148641
-0.03780067
0.02013774
-0.10824494
0.03940991
0.06935629
0.10476742
-0.03615267
-0.05437877
-0.00798675
-0.09162764
-0.09295997
0.03489800
-0.06637348
-0.02352353
-0.07711540
-0.00778725
0.07670205
-0.16039671
-0.06104232
0.05767384
0.11508969
0.05128115
0.07777175
-0.10016445
0.03345812
0.10429232
0.09785543
0.11347990
-0.15213217
-0.08519405
0.13782092
-0.08560383
0.08647224
0.06652577
-0.03543602
0.07673280
0.05194916
0.08995081
-0.03474947
-0.15756433
0.05426560
0.04775905
-0.08844477
-0.08089325
-0.08467658
0.07031819
0.03575050
-0.17188708
-0.10163549
0.00753723
0.05013602
0.00687770
-0.11071347
-0.07854660
0.09499707
0.05925551
-0.01103327
0.01275634
-0.00312306
-0.16329309
-0.16582781
-0.07819299
0.19696198
-0.03876493
-0.00492923
-0.06852389
-0.15480082
0.03903177
-0.04046251
0.06817087
0.04472441
-0.06027661
0.00866741
0.00161961
-0.10746348
0.08440061
0.01569321
0.08890432
-0.02731380
-0.01416586
0.01820462
0.01673725
-0.06140934
-0.17086518
-0.12508507
-0.02989900
-0.06997411
0.00824027
0.05631640
-0.01163732
-0.00196774
0.02550777
0.02006599
0.05704759
0.08635871
0.01141141
-0.06520819
-0.05787813
-0.16742565
0.01914655
-0.04324427
0.12710202
-0.07596102
-0.07712663
0.11480630
0.06595536
-0.04944136
-0.00859744
0.11780385
0.06622810
-0.19647008
0.03305409
-0.15634094
0.06127502
0.09103322
-0.01330838
-0.13760425
0.02157378
0.01063283
-0.00857622
-0.01428463
-0.10864377
0.06467273
0.06325478
0.06164142
0.02547472
0.02903168
-0.19294498
0.01052570
0.27747387
0.00944157
0.00688469
-0.00614349
-0.01756994
0.00802969
0.07248132
0.07161454
-0.10382100
-0.10469760
0.12437697
0.00702919
-0.11264311
0.09394830
-0.04641254
-0.05213362
-0.06732077
0.10200888
-0.13396916
-0.05321485
0.12911826
0.03767908
0.19231352
0.09319297
-0.01833822
-0.00732252
-0.00328551
0.12827660
0.05080311
-0.00074766
-0.04020369
0.00507596
0.07410245
-0.04739227
0.01575780
-0.02758048
0.00403530
0.08511259
0.00948158
0.00639546
0.00160604
0.08161792
0.04497694
0.03537047
-0.01122603
-0.02448539
-0.11508433
-0.12418546
-0.16304523
-0.09745152
-0.01795023
0.16415865
-0.06044048
0.02642189
-0.08245073
0.01411906
0.01866808
-0.03329569
0.18322209
0.18622172
-0.05003158
0.01828413
0.05071290
-0.02915806
-0.01579910
-0.22883326
-0.17795921
0.08581304
-0.02121410
0.17122921
0.04795550
-0.05435826
0.06278489
-0.16260832
-0.01296225
-0.04995607
-0.22370942
-0.07620848
0.00422620
-0.06684947
0.08948396
-0.09636264
-0.14386048
0.08557896
0.05393109
-0.10753052
-0.12616499
-0.00514972
-0.08366740
0.07820689
-0.05798580
-0.11316708
-0.14531001
-0.01384177
0.02385103
-0.05105015
0.02456655
0.02758518
-0.07157641
-0.04541048
-0.10835885
0.01880320
-0.08400880
0.06371790
-0.05988857
0.00094041
0.06762329
-0.06364938
-0.06640649
-0.10929824
0.18419892
-0.11474288
0.13649155
0.06101036
0.04399720
0.04493472
-0.03281194
0.18181655
0.06301503
-0.09366442
-0.01388536
-0.06116010
-0.03609722
0.00284288
0.02445187
-0.00832044
-0.15887388
-0.00421887
0.03261289
0.11813576
-0.11651270
0.00749463
0.07187292
-0.04703278
-0.09788159
0.10337237
0.05988428
0.04989950
0.00696552
-0.02828438
-0.06857302
0.00591272
-0.03440258
-0.02214317
-0.01341131
0.06154638
-0.19167168
0.20177016
-0.07248353
0.01175471
-0.02657552
0.02839931
0.01740761
-0.03547375
-0.15853518
-0.03516265
0.01318187
-0.10261547
-0.08329315
0.00716273
0.03307894
0.04564030
0.13296377
-0.02627071
0.14650782
0.01418851
0.11379291
0.07100354
0.09303432
0.09308722
-0.06029943
0.00635701
0.07827196
-0.00513738
0.05237036
0.19526074
-0.13676006
-0.01745292
0.05543967
0.07268784
-0.01278361
0.03216289
0.01393723
0.17253562
0.02242024
0.01594293
-0.15523201
0.14318241
-0.16228988
0.00344347
0.09528192
0.00958377
0.05064477
0.01944331
-0.08019574
-0.05316972
-0.08234923
-0.13106737
0.04892991
-0.00915531
-0.05311857
0.03303775
-0.00786480
-0.09740476
-0.00649376
-0.13008628
0.10759131
-0.08753618
0.12251419
-0.05423019
-0.01736124
-0.06207911
-0.13301030
0.00295748
0.06929030
-0.04173087
0.03914688
0.08810894
-0.07187154
-0.07891171
-0.14177917
0.06460992
0.05558838
0.01699274
-0.11347614
0.03917790
-0.14389295
-0.01851661
-0.06104371
-0.03659773
0.03628102
-0.07374971
-0.02107788
0.17306017
-0.11180559
0.04014123
0.02798628
-0.15730149
0.08693323
-0.14482134
-0.03534927
-0.08941931
-0.00651091
0.05659474
-0.06627005
-0.03106719
-0.08095899
-0.01121371
0.00694485
0.08924292
0.04251463
-0.12761256
-0.19644712
0.07510465
-0.03917532
-0.02474855
0.04519696
-0.07522763
-0.02437809
0.08135241
-0.08002139
-0.04368698
-0.02017497
0.03335306
-0.06501607
-0.13488166
-0.11411388
-0.19144929
0.04811638
0.00439460
-0.04654236
0.08171510
-0.02918901
-0.19184565
0.03360503
0.04753381
0.10182377
0.00626629
-0.00209604
0.09875762
-0.17015170
-0.06493713
-0.07526959
0.09921344
-0.06535995
-0.03274998
-0.16721476
-0.07700567
-0.04617994
-0.03169741
0.01434006
-0.07562183
-0.18826957
-0.10442535
-0.09892303
0.00993069
-0.10129628
-0.01386152
-0.11412699
-0.01336418
0.10927325
-0.00922959
-0.00724720
-0.03869889
0.04356814
0.03487867
0.05387904
0.00003874
-0.01375744
0.16924440
0.08232722
0.06096446
0.11724876
0.00875398
-0.21892924
-0.00302558
0.04691729
-0.06194192
0.00939405
0.05895983
0.06398823
-0.01958393
0.03165425
-0.04552769
-0.01217636
-0.04714640
-0.03104204
-0.00527090
0.09591964
0.02974762
0.01934801
0.01011152
-0.07659798
0.08546807
-0.02242115
0.04865775
-0.08411536
0.06388386
-0.02525517
-0.16687845
0.13552482
-0.15730320
-0.00050684
0.05413555
0.12169533
-0.00574546
-0.00845071
-0.04073919
-0.21057379
-0.14363239
-0.04638255
-0.05608172
0.04419989
0.11991444
0.03274861
-0.05586061
-0.01752728
0.03589203
-0.08946596
-0.00642224
0.05364289
0.04539514
0.05480745
-0.13327472
0.14782562
0.06451350
-0.08214915
0.11279237
0.00933080
0.09174909
0.04618257
-0.06969015
0.09142939
0.14253394
-0.06300304
0.14327598
0.10783276
0.00945261
0.10497637
0.03454636
0.04953739
0.10194220
0.08280025
-0.08023967
0.06687235
-0.05199668
-0.02099358
0.00097244
0.04256451
-0.09288745
-0.19179805
0.07723007
-0.04090457
0.06074910
-0.06479481
0.04384073
-0.06471626
-0.06584002
-0.14457382
-0.03181469
0.00760060
-0.07356433
-0.07880686
-0.07887811
-0.04829898
0.09149187
-0.06323992
0.05570072
-0.20953672
0.10883121
0.02466316
-0.05160232
-0.10045834
-0.07329489
-0.00663640
0.04447183
-0.06559401
0.03135296
-0.06273784
0.11719781
0.08598648
-0.01502589
0.02941995
-0.15508418
-0.10637198
0.09145310
0.12567779
0.12048879
-0.03140525
-0.07427458
-0.02777072
0.04656084
0.09778300
-0.02269125
-0.09896883
0.18749065
0.06981732
-0.02622372
0.05765511
0.04295464
0.06397259
-0.14918945
0.07502577
0.06876065
-0.04902074
-0.01469865
-0.00147010
0.03322063
-0.00985713
-0.01357666
-0.05411690
0.08636701
-0.00368266
0.07345798
0.06340182
0.07348693
-0.04681415
0.03645330
0.11444644
-0.09661567
0.02097937
0.15374367
-0.00226371
0.06526673
0.11643198
0.09813040
0.12167040
0.00274090
0.11812623
0.00275142
0.04765983
0.18030730
-0.06701742
-0.02313062
0.06514944
0.06561283
0.05510560
-0.03745974
0.03790995
0.16515714
0.02158072
-0.03522223
0.03365730
0.10297834
0.08525418
-0.01851754
0.04149175
0.04551954
0.00980197
-0.10459639
0.14466031
-0.06566449
-0.05335674
-0.05113490
-0.00049909
-0.07616058
-0.04451404
-0.12279648
-0.04163555
-0.09103506
-0.12437980
-0.11910277
-0.10775744
-0.02336639
-0.08542248
-0.15327850
-0.02666893
0.16597036
0.00222512
0.02401104
0.07102569
0.02043882
-0.03345641
0.21053388
-0.03369788
0.02958311
-0.06487813
-0.01220054
-0.05844450
-0.06884229
-0.00447497
-0.09751236
-0.17268108
-0.02986799
-0.01585992
0.01194185
-0.05134631
0.13247514
0.13901733
0.01839307
-0.29151303
0.19213091
0.03729873
-0.01436084
-0.09955998
-0.12480412
0.11611076
-0.04721150
0.05966126
-0.01908969
-0.04726872
0.05333365
0.09084370
-0.09906419
-0.01175096
-0.12031159
-0.00307599
-0.10388421
0.18482271
-0.08346890
-0.01195649
-0.08462526
-0.10388662
0.11933927
0.08171268
-0.09529599
0.05772178
0.04906704
-0.00938176
0.16786435
-0.04156510
0.05193066
0.02172747
0.02543226
0.03742805
0.08066302
-0.13395090
0.05674158
-0.08488854
-0.08438152
-0.07897009
-0.02275793
0.04944388
-0.05980468
-0.12902317
-0.07756319
-0.02918947
0.05051939
0.01634439
-0.03729333
-0.01713397
0.10682721
-0.04532873
-0.03196070
0.07459270
0.00462315
-0.10302520
0.17443897
0.03957601
0.01770543
-0.02034520
-0.09319706
0.04541783
-0.08417209
-0.03198619
0.03411962
0.01138385
0.10665274
0.04958421
0.04743023
-0.01052260
-0.00046857
0.06694714
-0.01402822
-0.05278975
-0.00467442
-0.12141806
0.08061418
0.04980465
0.05261584
-0.04122629
-0.17594342
0.02601908
-0.04307698
0.09792646
-0.01393159
0.07565539
0.21152278
0.04694561
0.12029527
-0.16610565
0.05098361
0.11284464
-0.08346501
0.12247824
-0.17531805
0.08169535
0.05149346
-0.14387420
0.01583263
-0.02842867
0.06067465
-0.06202574
-0.16472765
-0.09411727
-0.07005900
-0.10229872
0.03062871
-0.10374253
-0.19126681
-0.12216434
0.00382464
0.00574971
-0.04261216
0.00993191
0.07738543
0.00617006
0.09111885
0.08959330
0.12323660
0.09164215
0.07143739
0.14822436
0.15488112
0.20368048
0.32569395
0.24117504
0.18736317
0.15863528
0.20551657
0.14502235
0.29139033
0.08118510
0.30336449
0.06006598
0.02800109
0.04553725
0.06538591
0.06190614
0.05607718
-0.13110075
-0.04682657
-0.08182124
0.05006990
-0.02091364
-0.09266751
-0.00001796
-0.04924716
-0.22979147
-0.09726038
-0.10263443
-0.13487237
-0.09403433
-0.12655086
-0.11885617
-0.22402138
-0.03038647
0.03503078
-0.22859428
-0.02338994
-0.01777581
-0.04080809
-0.07697719
-0.02298155
0.07711677
-0.06568378
0.09459931
0.20676133
0.13124086
0.05416927
0.14049557
0.02633139
0.01432031
0.09370327
0.06484748
0.07234864
0.10720568
0.08747330
-0.03357461
0.03800504
-0.02053484
-0.11920027
-0.01812671
0.11667708
0.10585212
0.04577666
-0.10597764
0.11849293
0.01043868
-0.12451073
0.07941811
-0.10160407
0.13420362
-0.17425856
-0.10504678
-0.12780505
-0.03721387
-0.05649009
0.07615463
0.10571320
0.03219542
0.09551974
0.07254631
-0.03333187
0.05620573
0.00279525
0.04092615
0.02593106
0.05032490
0.07640048
0.09290066
0.06176658
0.08242747
0.16117306
0.27373136
0.11054179
0.11964590
-0.00850661
0.06686169
0.15381138
0.10212008
-0.03333325
-0.08565792
-0.12438961
0.00236860
-0.01808018
-0.16770728
-0.35152235
-0.38529014
-0.21998091
-0.52307350
-0.38697425
-0.31909612
-0.39964585
-0.34304684
-0.36101669
-0.33893679
-0.32367850
-0.21390688
-0.27642570
-0.32126333
0.04267330
-0.02869747
0.00372843
-0.01122761
-0.02580037
0.08413549
0.12242607
0.35093015
0.28051480
0.48724691
0.41244318
0.45215364
0.49081769
0.44452128
0.40539324
0.43872991
0.36087204
0.32384663
0.10339254
0.29377115
0.24319065
0.22872942
0.28837593
-0.00399081
0.10918083
0.00040410
-0.01331173
0.02548034
-0.07999835
-0.07132024
0.00747072
-0.18714299
-0.06747709
-0.18260925
-0.21523554
-0.10732582
-0.08156345
-0.12560584
0.00498648
-0.18678721
-0.10809111
-0.09414877
-0.03699886
0.01328082
-0.11226851
0.03761871
0.02043528
0.10181609
-0.00325057
-0.11324190
-0.03512757
-0.17889102
0.07585011
0.22490834
-0.04912400
0.04182227
-0.15412069
0.04111183
0.09301641
-0.04364492
-0.02678387
0.04214584
0.03179022
-0.09000520
-0.03141362
-0.08904175
0.10571817
0.07293876
0.11183478
-0.07107302
0.06510467
-0.03502000
0.01764788
-0.12056702
0.10910450
0.05825573
0.09314363
0.04217909
0.06043299
0.19144791
-0.00772850
0.00193983
0.00858543
-0.12061397
-0.06903746
0.02617841
-0.10718762
-0.00051800
-0.08346558
-0.03848984
0.09107059
0.10617960
-0.05632733
-0.14584915
-0.05668563
0.11715616
-0.06615878
0.12214011
0.01769039
0.14032075
0.05451515
-0.14139676
0.03519218
-0.05486456
-0.08732575
0.08644214
-0.05279227
-0.19188964
-0.07299263
0.00105429
-0.10064559
-0.00079251
-0.01928826
-0.04159069
0.19299837
0.03658433
-0.06988979
-0.08989422
0.10475813
0.08777690
-0.03576615
0.01989934
0.08324832
-0.04581824
0.08461385
0.02976656
0.24583283
-0.14344470
-0.13620046
-0.00989608
0.02097165
0.10065684
-0.01741516
-0.01496858
-0.09273704
-0.10910751
-0.08171902
-0.09054300
0.05741589
0.04680213
0.03950963
0.07500967
0.05975490
-0.13221487
-0.03883146
0.13245545
0.02189534
-0.10891573
-0.16593739
-0.01189252
-0.03932166
0.06379935
0.03698655
-0.04785262
0.02505689
0.08228707
0.09334057
0.09009020
-0.05128245
-0.08314986
-0.00922648
-0.00371488
0.05782923
-0.13320716
-0.12885572
-0.00691214
-0.08568140
-0.11597311
-0.00301519
-0.06385437
-0.09769431
-0.08929365
-0.01904593
-0.04085871
0.06608447
-0.12459872
-0.02646181
-0.01470180
0.05666876
0.07962570
0.07316550
0.25853971
0.08648449
0.09756332
-0.01417279
0.23916020
0.23929000
0.08875484
0.12069166
0.16980913
0.06641491
0.24390653
0.06652770
0.10439851
0.20358729
0.14584798
0.06544642
0.09454360
0.00356140
-0.06176963
0.03192360
-0.15097728
0.03479366
-0.04547533
0.00367265
-0.07085660
-0.01401206
-0.19729428
-0.11214722
-0.15967007
-0.02492354
-0.15329051
-0.06403420
-0.07142078
-0.02407264
-0.11924779
0.01221229
-0.18343468
-0.04047985
-0.09300643
-0.09667377
0.11570418
0.05899405
-0.00642777
-0.02411363
0.09858812
0.15887481
-0.03442051
0.11364405
0.04311189
0.10414302
-0.04864644
-0.05549523
0.07291487
0.13028348
0.12388212
-0.08214682
0.11247121
0.01882313
