0.24929705
-0.16781860
0.04067643
0.00373173
0.34550630
0.54238368
0.24125707
0.11048422
-0.11952206
0.43687906
-0.09792232
0.55662712
0.02312843
0.91593502
0.01248224
-0.28465930
-0.25167468
-0.24841146
0.16273082
0.15506374
-0.24095718
-0.16288824
-0.75140674
0.08518527
0.41345998
-0.11784762
-0.12391834
0.16026608
-0.15501730
0.15951779
0.16062874
-0.23681079
0.09445581
0.25587078
-0.54863350
-0.01804219
0.05087566
0.14871521
0.54261234
0.15604880
-0.30403631
0.02474978
0.04519620
0.33943152
0.12169417
-0.18584653
0.11137948
0.03366186
-0.87834415
-0.23201458
0.27845742
-0.22407315
-0.28254531
-0.11758958
-0.25424276
-0.48829654
0.47361555
0.00017763
-0.07252660
-0.63928986
0.32677387
0.03602480
0.46898495
0.43610609
-0.12356585
-0.21693891
0.09450701
0.09560532
-0.03519164
-0.34657903
-0.03877610
-0.10506200
-0.11917577
-0.19094715
0.68556221
-0.13840692
-0.00324775
0.15416691
0.05280635
0.33364561
-0.77368953
-0.24206179
0.31550290
0.71097961
0.23457455
-0.14158978
0.22535410
0.41320637
-0.35845346
0.53308318
-0.01225426
-0.39216185
0.33014069
-0.04371342
0.14613756
0.50963011
-0.22559081
0.05674972
0.19831323
-0.06693032
0.45462997
0.63612332
0.31335416
-0.17585846
0.11905136
0.59043348
-0.03508671
0.32046016
-0.33750781
0.12252740
0.03416444
0.41077160
-0.08681511
-0.77613317
-0.40307459
0.03818531
-0.26477782
-0.05736017
-0.07768278
0.04708632
-0.03375540
0.23567784
-0.58272594
0.29912949
-0.09741069
-0.45355699
-0.08956273
0.56498209
-0.10134634
0.47261117
-0.09014345
0.08104771
0.45212740
-0.19573140
-0.06603672
-0.12959353
0.15016526
-0.02648788
-0.06752925
0.15384902
0.39196714
0.15844964
-0.48741905
-0.73292898
0.22495362
-0.37642023
0.20565065
0.21156945
0.17769778
0.12442780
-0.13300583
0.40775486
0.18346874
-0.05678407
0.35721864
0.53555178
0.71361911
-0.13012675
0.43233507
0.11035849
0.23715288
-0.27332384
-0.34656028
0.00730663
0.14990195
-0.11378753
0.30863379
0.25121336
-0.42762748
0.49822883
0.06928519
0.19448078
-0.05505093
-0.07778526
0.25893720
0.23655083
-0.34542496
0.40745533
-0.12302632
0.23599829
-0.42656469
0.06585870
-0.48649808
-0.29577777
0.38296193
0.28139899
-0.35503710
0.70695752
0.02718716
0.28130432
0.48920031
-0.20179652
-0.28458583
-0.69173877
0.25376798
-0.40785032
-0.15844371
-0.35142048
0.69375736
-0.43355816
0.19807299
0.32133078
-0.00134801
0.52964275
0.41937285
-0.43441527
-0.00880301
0.19993757
0.29553598
0.54344002
-0.52232985
-0.30336215
-0.00629961
-0.28566122
0.37188031
-0.10193838
0.26940133
0.00610197
-0.30882277
0.24748380
0.33616285
0.20641820
-0.18552539
0.31806813
0.39160293
0.12710491
-0.44504449
-0.36975474
-0.16153978
-0.13845770
0.09777866
0.58971966
0.04860175
-0.10233781
-0.01482736
-0.33306009
-0.19386681
0.60694726
-0.59932635
-0.17061560
-0.65601971
-0.14692506
0.05041500
-0.14025656
0.51904773
0.22132116
-0.47721023
-0.17362661
-0.21787710
-0.68828480
0.01478529
0.31937699
-0.55517580
0.00310795
-0.43572850
-0.20412113
-0.40593969
0.22798477
-0.13005894
0.12500115
0.07749665
0.34880155
0.17112010
0.32452641
-0.15416761
-0.42218656
-0.41175388
-0.43817567
0.08484985
0.53224852
0.00762271
-0.09446335
0.03850592
-0.35546545
-0.46243627
-0.14216892
-0.35743978
0.25310042
0.12893827
-0.34207485
-0.03139379
0.28538886
-0.30443956
-0.51714273
0.02255650
0.13915483
0.18411473
-0.31051213
-0.09641455
0.19218692
-0.19352433
-0.16193222
0.20885969
0.21191848
0.50430699
0.22296346
-0.41626480
-0.08392063
-0.16341793
-0.20291310
-0.20565917
-0.08846928
-0.18172173
-0.18346961
-0.10491445
-0.04463221
-0.28304344
0.14597449
0.39117618
-0.05808207
-0.30160005
-0.02737543
-0.62369950
0.49686860
0.05032713
0.23785930
0.49056046
-0.39253927
-0.40238997
0.56583118
-0.27473701
0.28546742
0.20778435
-0.27604406
-0.12876788
-0.10810644
0.09618706
0.47921311
-0.19429581
-0.05982186
-0.17892236
-0.16606381
0.14480869
-0.06236738
0.01430221
0.14939980
-0.18155841
0.51894062
-0.20552576
0.03587643
-0.13327162
0.33830811
0.03959668
-0.03223448
0.12734964
-0.29210156
0.28244340
-0.34485371
-0.54590088
0.20277363
0.47562914
-0.66641474
0.31644227
0.18540847
0.24047798
0.44566785
-0.38719024
-0.30097311
0.16471646
0.01813973
-0.41491064
0.53872893
0.12799166
0.00326093
-0.13709558
-0.48364618
-0.23696516
-0.12027906
0.12511396
0.59212120
-0.15998917
-0.10690481
0.25318089
-0.16723250
0.20317997
0.43409015
-0.18295904
-0.15415288
-0.26470570
-0.50927389
-0.07741034
-0.06896168
-0.46786698
0.06788006
-0.20969232
-0.06826095
0.53533499
-0.15028985
-0.21495475
0.11628677
0.56991838
-0.20910772
0.11008203
-0.38270211
-0.14924686
-0.03940005
-0.00006550
-0.16070835
-0.36509238
-0.22122497
-0.38089731
-0.62270179
-0.19005140
-0.47109548
-0.11697273
0.45459205
-0.01090335
0.45177198
0.20472343
0.20521725
0.00193943
-0.05795334
-0.37329530
0.42359896
-0.38911169
0.77355040
-0.15881397
-0.18538259
0.12168077
0.16392486
0.24324562
0.25649311
-0.22403102
0.10811233
0.06688486
0.08302870
0.26513618
-0.20723819
0.20279743
-0.24849453
0.07462924
-0.21300487
0.36716735
0.28846989
0.09565630
-0.57846877
0.16494541
-0.29160537
-0.10066190
0.56079966
0.12141999
0.15672436
-0.05305495
0.38257366
0.01296333
0.25700521
0.33524851
0.25582880
-0.05335442
0.10447297
0.24307092
-0.19244055
0.19708701
-0.14922943
-0.35804826
0.15079503
0.03868331
0.21911835
0.07315892
0.34663283
-0.38024449
0.12535009
-0.23337532
-0.58961974
0.34354910
0.23909618
-0.12156516
0.33212689
0.24484616
0.16393381
-0.49637183
0.03603831
0.10390117
0.04822168
-0.21371687
-0.40838097
-0.46827170
-0.48927104
0.59460173
0.27994797
0.41965572
-0.55272767
-0.39502251
0.16543314
0.18353513
-0.39733208
-0.37170452
0.09251935
0.06341764
0.22588664
0.03147534
0.41545107
-0.18350158
0.00714494
-0.10459754
-0.24090019
-0.28868100
0.34329963
-0.06253529
-0.03970821
-0.08068418
-0.49077422
-0.16904192
-0.23272831
-0.05860329
-0.27379412
-0.75083938
-0.45661820
0.00559954
0.48773141
0.23801844
0.03511483
0.18965049
0.16043704
-0.22522854
0.09318083
0.00862893
-0.10057293
0.27024810
0.18041621
-0.08459577
0.15872171
0.20157068
-0.04886126
-0.16225069
0.00014815
0.45423304
0.14420722
-0.50486409
-0.54417137
0.33213532
0.15603705
0.43741233
0.00671424
-0.25558727
0.05107015
-0.17096821
-0.70192377
0.11767937
-0.17919440
0.00528590
0.12428823
0.09382837
-0.08116585
-0.37842238
0.47709141
-0.13629883
-0.01065401
0.44124858
-0.20197149
-0.05526608
0.01546363
0.42167329
-0.00138061
0.22608030
-0.49917755
0.26427099
-0.36756685
-0.05163157
0.18981976
-0.66131348
-0.37778863
0.35479036
0.07771453
0.32416453
0.05559174
-0.51880756
0.10224994
0.11750354
0.28729674
-0.61175384
0.17168002
0.16663452
0.23884923
-0.04186914
0.59067189
0.02316406
-0.40531235
-0.48935425
-0.12712741
-0.24536269
0.22377570
-0.06736640
-0.07895354
-0.13411362
-0.24081013
-0.43377397
-0.58778943
0.34133015
-0.65578608
0.78763445
-0.48349196
-0.30265050
-0.32800634
-0.20609871
-0.04315020
-0.52366594
0.59138966
0.03932455
-0.31104213
0.49566309
0.22056556
-0.16821209
-0.67550991
-0.54171364
-0.03248822
-0.21379778
-0.02833816
0.40873023
0.20601878
-0.06419483
0.68601182
0.36282166
-0.70308158
0.05881321
-0.18100808
-0.68402170
-0.07235720
-0.24480478
0.51921480
0.46983942
0.38390051
-0.46634372
-0.06454729
-0.38952588
-0.33571585
-0.00688889
0.05017147
0.55430958
-0.17148017
0.17267854
0.23291200
-0.19942890
-0.01757804
-0.64826316
-0.01640091
0.03016402
0.18353465
0.11297123
0.22552809
-0.68081465
0.48006294
-0.15399303
0.03536888
-0.46211450
0.16780867
0.07245914
0.04062017
0.01760125
0.13882720
0.04602817
0.05600294
-0.08658568
0.07111983
-0.01599615
0.31225850
-0.15947713
-0.69133642
-0.03259349
0.08217091
-0.22323829
0.10876446
-0.28891231
0.34893485
-0.05648763
-0.44941344
-0.29888830
0.43627487
0.13638608
0.23266607
-0.04066748
0.04586156
-0.14368948
-0.50273893
0.13881454
-0.00174225
-0.00481939
0.27943153
-0.26428583
0.21497438
0.64111194
0.30095029
-0.48207912
-0.45759674
-0.27000943
-0.65549362
0.16927590
-0.35237040
-0.04900931
0.22923559
-0.42357698
0.13000890
-0.26370506
0.37553524
-0.00123070
0.15812021
-0.21657150
0.01429306
0.54475803
-0.07435264
-0.20712488
-0.29752918
0.07180982
-0.26499469
0.20807998
0.52024669
-0.26809506
0.24468761
-0.16944798
-0.07025268
-0.37205295
-0.46705637
-0.18656654
-0.15407192
0.08918774
-0.23237239
-0.06954694
0.02360720
-0.01881003
0.26351834
0.51234292
-0.33458845
-0.28023997
-0.03527319
-0.14106700
-0.28424740
-0.06491912
-0.15822080
0.11554090
0.11856462
0.40861072
-0.31904517
0.03023915
-0.17611460
0.13207619
0.21928749
-0.08283238
-0.41879382
-0.04178384
0.17822413
-0.05959293
-0.49402509
0.19126834
0.27277839
0.40863084
0.09185981
-0.35381539
-0.12343740
-0.03166596
-0.55888710
0.05611523
0.50222796
0.05932143
-0.51233368
-0.31419877
-0.08202951
-0.03498525
-0.00643042
-0.18060966
-0.02127664
0.49948474
-0.01973477
-0.48083442
0.26071588
-0.36448831
0.56379413
-0.08474393
-0.12290404
0.02258723
0.10169747
-0.29010062
-0.91545854
0.41735599
0.05088899
-0.33497492
-0.28996921
-0.05876082
0.35636926
-0.23076148
-0.00619164
1.06992683
0.03806812
0.61651031
0.31819704
-0.39807890
0.00957345
-0.13324630
0.26494478
0.13316081
0.26813054
0.33447039
-0.04909358
0.65827571
0.30493088
0.32783081
0.34156720
-0.22160090
0.18654180
0.32547963
0.20539796
0.77979171
0.53475499
0.05482008
0.32111969
0.02041969
0.34797345
0.38020900
-0.04738640
-0.10311337
-0.14629735
0.22433618
-0.00601294
0.41450774
0.16031819
0.21614671
-0.36204536
-0.07551919
0.37906260
-0.43755690
-0.22277363
-0.40334208
-1.35517834
-1.29065826
-1.14978470
-0.94614181
-1.74858821
-1.37541393
-1.81518293
-1.66875705
-1.13507130
-1.50863223
-1.31493592
-1.14209201
-1.29362241
-1.29557859
-1.51596970
-0.88406318
-0.31206243
-0.29511106
0.03923035
0.21340584
0.42026227
1.12330478
0.93993221
1.09151879
1.91864711
1.74442158
1.42701474
1.48748553
2.08725373
1.89911422
1.53336612
1.58676885
1.60058804
2.45194830
1.43821287
0.96920945
1.22033483
1.48562952
0.58262414
0.61346808
0.48991957
0.32189467
0.07369488
-0.50788664
-0.73303203
-0.55079430
-0.29773966
-0.58204849
-0.66718837
-1.48539872
-0.49888421
-0.81064270
-0.80668848
-0.85898787
-1.02233800
-0.90190143
-0.87205722
-0.41997044
-0.57378341
-0.37603669
-0.66130798
-0.96003610
-0.08506503
0.27186477
0.10596669
-0.37613359
-0.95788508
0.09182858
0.18260966
-0.13625991
-0.03289821
0.39796797
0.20477118
-0.00615307
-0.01303250
0.11272797
0.13064716
-0.12752883
0.03318448
-0.24832106
-0.10014683
0.11916825
0.00779128
-0.36787185
-0.52819579
0.06395260
0.37507808
0.47790709
0.12754325
0.28562074
0.37158468
-0.50560156
0.23934753
-0.38010235
0.13821121
-0.33038029
-0.28851839
0.81682219
-0.58487098
-0.31942538
-0.02692334
0.15256744
0.35393712
0.04511151
-0.05050293
0.52871115
0.03357056
0.96101792
0.15825616
-0.00086863
0.13074690
0.01996161
-0.63094718
0.02473003
-0.38568581
-0.18389258
0.38547073
0.00106230
-0.61897307
-0.30210589
0.00683994
0.28035090
-0.12862767
-0.03968881
-0.70739053
-0.09228196
0.10466633
-0.36264634
0.48879582
0.23323562
0.21193239
0.01998444
0.10343805
0.11259178
-0.10621896
-0.16822365
0.27618010
-0.52119338
-0.12270069
-0.35737649
0.47869323
-0.38329262
-0.08475241
-0.31660256
0.53496848
-0.20946722
-0.40172834
-0.08710090
-0.44412851
-0.18345230
0.26852259
0.12708363
-0.30180104
-0.25643466
0.00293262
-0.00294648
-0.17111816
0.22756704
0.23590408
0.00142199
0.20660870
0.07903298
-0.41780242
0.01844500
-0.14960797
-0.03638457
0.41302263
0.10508128
-0.31047512
0.40419933
0.01739376
-0.03287626
0.36426965
0.43447215
-0.28998941
-0.30738135
0.14499941
0.23119817
-0.06659475
-0.51946226
-0.01082674
0.02805909
0.38512343
0.19450217
0.19385318
-0.03434485
0.22937249
0.19522962
-0.02843379
-0.28398235
0.44080881
0.12758222
-0.17520640
-0.52657124
0.07385254
0.03415311
-0.60536690
-0.16136007
0.18031731
0.33268760
-0.19987693
-0.19702230
-0.35893842
-0.19035385
0.14293654
-0.34405094
-0.20478445
0.43239201
-0.30102393
0.22580099
-0.01218692
-0.16642604
-0.33279456
0.12608962
-0.68560989
0.12881684
-0.26990048
0.06582773
-0.49687634
-0.24961639
0.40505720
0.41847398
-0.00574528
-0.60573000
-0.46929485
0.19551585
0.14980441
0.15602922
0.40498843
-0.34767517
-0.47183577
0.06715836
-0.15654008
0.59770606
0.15704621
0.35123408
-0.10595140
-0.36624499
0.01815501
-0.13717346
0.45356452
-0.16054540
0.05657588
0.32390932
0.36899807
-0.15555111
-0.40869433
0.03214496
0.12681774
0.07065312
-0.36685300
-0.07889167
-0.09522776
-0.13762485
0.13284682
-0.16273967
0.06399152
-0.61938193
-0.30125071
0.06229395
0.46301648
-0.28964014
-0.06585470
0.56650118
0.36560766
-0.20318163
-0.05340753
0.31505789
0.30840993
-0.20049290
0.10811432
0.37287689
-0.09510187
0.77908245
0.21493051
0.28933825
0.12551886
0.22689532
-0.32617651
-0.01698256
0.25557230
-0.29406964
0.25610448
0.27329416
-0.31429243
-0.23435802
0.15502167
-0.43759856
-0.37007696
0.17814459
-0.39914263
-0.02781255
0.31249664
-0.58939260
-0.54362594
-0.15135494
-0.23386967
-0.40187576
0.07485067
-0.09986497
0.00709101
-0.14551495
0.01547608
-0.14509327
-0.23614662
-0.12631116
-0.16535357
-0.10680596
-0.47902878
0.41002643
0.06917771
0.15281655
-0.32109291
0.07821628
-0.51774588
-0.11133045
-0.81777626
-0.16219676
-0.19182000
-0.47099681
0.01376329
-0.54584004
-0.13578822
-0.32208826
0.23718012
-0.26381324
-0.10678795
-0.31851816
0.51764048
0.07366692
-0.03264575
0.49982614
-0.17228244
0.31693060
-0.02293525
0.20502213
0.33587916
0.17794927
-0.35952805
-0.56969830
0.33605819
-0.04988631
-0.56650116
0.22157270
0.51764639
-0.32930911
-0.43726935
-0.15032068
-0.14965345
0.18625025
-0.47232684
0.28859446
-0.09059297
0.00415683
0.19534438
-0.43649953
-0.66880395
-0.44231437
0.33156045
-0.20061232
0.14460098
0.36737119
-0.14111016
-0.54347871
-0.12650897
0.06233503
0.28153481
0.29190536
-0.02149206
0.06174406
-0.12723697
-0.04304089
-0.18630250
-0.38118402
0.10723595
0.33018594
0.79156642
0.03297040
0.02438753
-0.39739090
-0.40445048
-0.05921512
0.12412080
-0.34970141
-0.03673423
-0.06071985
0.04896318
-0.08841760
-0.14542197
0.11065536
0.42585280
0.19190159
0.27887631
-0.34403720
-0.21940558
0.48816620
-0.10428202
-0.04110538
0.28112166
-0.52402745
-0.02607754
-0.15173796
-0.31429438
-0.41007063
0.09238218
-0.50762552
-0.41159599
0.67408945
0.34503027
-0.15446091
-0.57876265
0.20380747
0.02599218
0.37157518
0.21476038
0.17097829
0.38884485
0.09391787
0.02454072
-0.27471926
0.47982737
0.26556253
-0.34475358
0.04295027
-0.00052755
0.42025842
0.10890685
0.18845459
0.17092189
0.03786425
0.15658969
0.32927072
0.15076580
-0.14125539
-0.08550611
0.09186220
-0.60625891
-0.01398238
-0.28654503
-0.16975909
-0.09281678
-0.00616924
-0.00431656
-0.29473761
0.36897632
-0.25411950
-0.12900513
-0.41492886
0.10198742
0.19695531
0.20038349
-0.11692346
0.30361218
-0.28202866
-0.01264858
0.40931291
-0.60225527
-0.08971557
-0.20227623
0.15702966
0.24961295
-0.42113397
-0.06128896
0.01171275
-0.40075426
0.38795229
-0.01107081
0.06769274
0.25026143
0.29596233
0.44455098
0.03853972
0.06871930
0.56018284
0.43717686
0.52476761
0.35022493
-0.44674923
-0.22290097
-0.01215704
0.30965922
0.20832602
0.07489921
0.19853952
0.13390159
-0.13285276
0.24684078
0.22928995
-0.05778025
-0.02024600
-0.21295266
0.42543112
0.21050838
-0.43688650
0.43096947
0.51453206
-0.14415423
0.24224817
0.04823316
-0.14560929
-0.12566274
-0.28737449
0.14389587
-0.65056525
-0.14411993
0.08613132
-0.38974578
0.13793727
-0.09176725
0.11354455
-0.11516632
-0.55857269
0.26058307
-0.44189212
-0.11543891
0.17729573
0.15304589
-0.14126010
0.15927566
0.42909821
-0.48359421
-0.14660412
0.55820208
0.14786106
-0.03145802
-0.03778854
0.25360862
0.21615175
0.06315795
-0.16707828
-0.22679506
0.35780610
-0.05684708
-0.38811956
-0.61313164
-0.84125394
0.44044597
-0.16335849
0.13696932
0.07606233
0.43747144
0.17778980
-0.09084621
0.08277531
0.09664244
-0.09808893
-0.64188262
-0.03303125
0.16803795
-0.02389655
-0.44144788
-0.52160241
0.33547893
-0.25052622
-0.43849085
0.40581920
-0.50723583
0.13814420
-0.17764871
-0.48850568
0.44459228
-0.21427389
0.25769392
-0.24269064
-0.08957366
-0.02529176
0.07342751
0.17802247
0.27731487
0.37277597
0.17125854
0.01874183
-0.19666470
0.22822804
-0.37457131
0.02650330
-0.50653478
-0.61350160
-0.09473759
0.22890413
0.01863511
-0.32310868
0.11098917
-0.55837901
-0.17577358
-0.00465158
-0.16619651
0.37979730
0.15337639
0.13315772
0.12474043
-0.10601944
-0.35513353
-0.77942926
-0.28633846
0.02371939
-0.01379459
-0.30843856
-0.49468475
0.06723955
0.19178077
0.43445518
-0.25700546
-0.20140823
0.06221873
0.20899247
-0.00492973
-0.37061668
0.22497084
0.32585025
-0.04460463
-0.04213685
0.21821269
-0.08477860
0.19568677
-0.08644256
0.28036260
0.15174001
-0.31755968
0.13294995
0.10233015
-0.32209789
-0.47557343
-0.36726944
-0.62817323
0.37896445
0.24332740
-0.03674452
-0.20656208
0.19715526
-0.01609728
-0.22852365
-0.30440382
0.17096530
0.47891140
0.15238751
-0.25532301
0.46701786
-0.13567660
0.13942580
0.23483451
0.10859662
0.07615884
0.24239272
-0.15968020
-0.32495182
-0.11897525
-0.50409115
-0.37708721
-0.00209582
0.23696226
-0.15263221
-0.72462094
0.02369972
0.45080948
0.21748332
0.44071773
0.35225101
-0.14276937
0.04848430
-0.28053314
0.01340259
-0.08243991
0.13623214
-0.14418197
-0.47285917
-0.13333507
0.23462674
-0.13664647
0.34554870
-0.59393191
0.40033936
0.11354293
0.32251346
0.32113205
0.65019766
-0.64663421
-0.31584534
0.05077312
0.46131363
-0.00548619
0.26522481
0.91878245
-0.15413067
-0.09874859
-0.02857534
0.16982799
-0.23503879
0.33850390
-0.40223333
0.09240712
-0.10115477
-0.09247558
-0.57811238
0.16233809
-0.70599373
-0.97917657
0.17511238
-0.05674191
0.09106436
0.17060115
0.53939202
0.13356906
0.48319050
-0.19751073
-0.36667332
-0.57086614
-0.19882850
-0.02601680
-0.73054595
-0.00710646
0.40851306
-0.27967962
0.47535760
-0.38054012
0.27021047
0.05729167
-0.37566904
-0.00099735
-0.01863781
-0.47669189
-0.04911978
-0.33732509
-0.23367590
0.49166359
0.10517316
-0.18692000
-0.23812770
0.13276138
-0.27885470
-0.21174382
-0.01749442
0.53633800
0.04554870
0.32277799
-0.11016134
0.54427344
0.34037000
-0.13283798
0.13064727
0.33239249
0.43778195
-0.48774385
-0.42089508
0.68632583
-0.31483245
0.59365691
-0.21431811
0.12679953
-0.50777210
0.21466540
0.10089518
-0.64527978
0.51988161
-0.17658141
0.06567332
0.14507422
0.25372109
0.14068985
0.07362896
-0.19369344
0.18332879
-0.18012241
-0.59159464
-0.23879773
0.40415036
0.19648753
0.17492756
0.02329106
0.68443766
-0.25292423
-0.03612725
-0.35511625
0.10356039
0.46518434
0.27640863
-0.22037540
-0.56999712
0.56802089
-0.01366843
-0.03678960
0.42605890
0.05491061
-0.03153732
0.47582479
-0.18336775
0.11182672
0.27802040
0.15683017
0.18242883
-0.36024830
-0.18798776
0.04751233
0.50541459
0.06432278
-0.02941934
-0.01380537
-0.34302774
-0.03789670
-0.15552933
0.37210950
-0.17880952
-0.40571205
-0.08426696
-0.24866710
0.11910566
-0.37304961
-0.19501652
0.35802373
0.12893797
-0.27830929
-0.03103412
-0.60650194
0.39598772
-0.23623569
0.15623564
-0.02120972
-0.22388786
-0.14263504
-0.02882759
-0.61005099
0.58793466
-0.08519558
-0.21450518
0.08812660
-0.46186523
0.54384808
0.24863484
-0.20765526
0.21788515
-0.25351569
0.17347636
0.46349579
-0.62941925
0.56191153
-0.19454851
-0.00515138
0.30615593
0.22551462
0.08374801
0.21389458
0.15531601
-0.16897605
-0.13590222
0.18403737
0.11855948
0.26729869
-0.35367259
0.17423050
0.35089390
0.29806275
0.04310949
0.34769721
0.03075014
0.07582009
0.09198335
-0.18793225
-0.68731210
-0.15539108
0.23869742
-0.43746964
0.17524403
0.01662981
-0.41800109
-0.65787309
-0.12978530
0.03062925
-0.08087827
0.12543103
0.48090238
-0.36671730
0.66179161
0.15884018
0.95147156
0.04663301
-0.06516210
-0.28880438
-0.40145109
0.40109193
-0.29656493
-0.05930265
-0.59994462
0.03424560
0.23314167
-0.29710745
0.45194951
-0.19431629
0.19537193
-0.16426096
-0.03804297
-0.30688896
0.32067069
-0.47144819
-0.10563782
-0.66254944
-0.04508124
-0.13060086
0.04296149
0.17060923
-0.08350843
0.21814600
0.15212519
-0.12662173
-0.32456426
-0.07287743
0.03959232
0.07645546
0.15442296
0.29522633
0.11255443
-0.00346562
0.23101409
0.22316443
-0.09425142
-0.35661945
-0.07708622
-0.18684750
0.74820028
0.04652562
0.30496660
-0.93819783
-0.00417329
0.35996918
0.59436410
-0.12611924
-0.06412287
0.21482697
-0.05449841
-0.09925647
-0.03458316
-0.09862636
-0.18424705
-0.32677489
-0.26048635
0.34387516
0.03058650
0.70487832
-0.19393926
0.26012688
0.09801995
0.57784239
0.16908424
-0.14795720
-0.13278350
-0.25830206
0.47424424
0.03819405
0.43713781
-0.04245035
-0.20074075
0.03667412
-0.20183886
0.17506160
0.59401574
0.10737675
-0.41703897
0.08844321
-0.16483491
0.02693354
0.22882064
0.28006541
-0.06021241
-0.16045000
-0.01482853
-0.05159098
-0.14607433
-0.21410392
0.53085208
-0.10823505
0.36988192
0.31147837
-0.10440751
-0.19254867
-0.11815305
-0.35212850
0.12572392
-0.39018142
-0.01644961
-0.34669295
0.09761576
0.84586633
0.23697052
-0.27378169
-0.65775238
0.03298447
-0.17318869
-0.18442049
-0.93933654
0.05257183
0.43839316
0.06605258
0.21990320
0.52420727
0.02690740
0.19724360
-0.27037063
-0.49997090
0.01896567
-0.68888618
-0.56716283
-0.06745559
-0.23452453
-0.04893308
0.22805373
0.44524664
0.05613960
0.26951194
0.67078412
-0.23007961
0.48437395
-0.26730770
-0.08829452
-0.33757179
-0.32105964
0.04421499
-0.67064417
0.12680696
-0.71958437
-0.30970553
-0.04908921
-0.09202593
-0.41496142
0.10205171
0.08199399
0.20355855
-0.03176975
0.08996810
-0.46127517
-0.41287033
-0.18100872
-0.28476666
-0.05404455
-0.35865094
0.36760911
0.04383743
0.34462354
0.68782013
0.11769122
0.26465877
0.42190997
-0.09734010
0.08093115
0.01594315
-0.10082109
0.57282783
-0.11379139
0.10457398
-0.73147961
-0.35394131
-0.11353955
0.47099339
-0.39551661
0.17521577
0.17814830
0.18445519
0.53009931
0.54302863
0.29765778
-0.04390727
0.46314552
-0.53481832
0.07868506
0.10551213
0.17363684
-0.27847272
0.09367769
-0.28123501
0.14586991
-0.34537634
-0.18912300
0.01118663
0.50941141
-0.09187999
0.11734366
-0.19376273
-0.16990087
-0.49177186
0.15188528
0.31518903
-0.07795988
0.05524660
-0.21610783
0.20654926
0.24169757
0.43477013
-0.48391818
-0.10321090
-0.35976062
0.37119637
-0.11810267
-0.14126603
-0.27213956
-0.30812228
0.79808830
0.62944487
0.21518076
-0.20725703
-0.63357977
0.62604324
0.51643950
-0.39694384
0.33813228
-0.09940227
0.21033148
-0.15515870
-0.15749043
0.14564874
0.07788006
0.61386190
0.13822354
-0.30304281
0.19657344
0.56924328
-0.07876306
0.08679149
0.10375649
-0.06649888
-0.11978278
0.18704147
0.33108831
-0.09234172
-0.10898704
0.03731221
-0.56064028
-0.07956709
0.09851877
0.07556447
0.16537258
0.13674348
-0.14187972
0.22020726
0.77909409
0.45434510
-0.18854289
-0.61595833
0.24083567
0.33525670
-0.24518153
0.15287694
-0.19326438
-0.19059436
0.14057338
-0.08176094
0.55530382
0.81896950
-0.26299512
-0.42947481
-0.03270309
-0.33173339
-0.00519813
-0.36909771
0.08600517
-0.07309702
-0.07880586
-0.39577827
-0.21547165
0.51807393
0.52942993
0.30507919
0.03415990
-0.33147798
-0.30876901
0.30279302
-0.07238627
0.16186965
0.08777402
0.28575939
0.14439113
0.19762301
-0.01512501
-0.03606879
0.55541231
0.01771419
-0.23073825
-0.52266666
-0.32529006
-0.32238732
0.22120262
0.41101443
-0.71359144
