-0.27185702
0.50171567
0.18345123
0.14399707
0.07151073
0.42410941
-0.02645746
0.09956848
-0.18431750
0.40964021
-0.32518075
0.16377063
0.12059478
0.24437130
-0.16906396
0.20254217
-0.48496443
0.30805481
0.32415357
-0.02375491
0.27898442
0.03356425
0.06405673
-0.20856983
-0.03904075
-0.03867147
-0.24761073
0.17096039
0.25300340
-0.20078834
-0.02147411
-0.21673257
0.45742564
0.03494043
-0.16334292
-0.32112217
0.25772046
-0.24708239
0.09085883
0.35112867
-0.22273798
0.04455605
-0.55486360
0.18350538
0.33608512
0.39118836
0.36010635
-0.48818461
-0.14358776
0.26351179
-0.53554828
-0.03136484
0.03018872
-0.28499178
-0.13816899
0.07050974
0.28037954
-0.12637889
0.45672019
0.40992523
-0.04337351
-0.25392454
-0.09217180
-0.57956511
0.40879950
0.12618384
-0.16952390
-0.19962308
0.06189071
-0.16389685
0.17397247
0.01863863
-0.26197942
-0.20395420
-0.06618270
-0.35215590
-0.05019690
-0.21986872
0.02054814
0.41210562
0.34176860
0.09982466
0.16934358
0.46175667
-0.23844039
0.29846188
-0.24272270
-0.35834274
0.28987263
0.27187037
0.16001482
0.42657284
0.43428254
0.53208134
-0.54673768
0.12188724
0.52741272
0.03595697
0.03922554
-0.11094102
0.33011469
-0.46854411
-0.06309104
0.30527980
-0.44115233
0.05232181
0.30594387
-0.22050018
0.24617775
-0.24834927
-0.26424636
-0.21730281
-0.30957649
0.16204710
0.57814839
-0.22321460
0.38780165
0.06134005
-0.23149416
0.04499833
-0.19896409
0.00131654
-0.29471727
0.93028675
-0.16186147
-0.25824315
-0.37954306
-0.06350226
-0.18822654
-0.32654378
-0.34540058
0.07784629
0.29813015
-0.14230815
0.12731804
0.27256235
-0.46517632
0.31678031
0.29491042
0.07867532
-0.17238831
-0.45392916
-0.29648702
-0.05371071
0.30150653
-0.30886861
-0.27047370
-0.05935175
0.07830721
-0.36423821
-0.16630119
0.65704356
-0.26923731
0.13042965
0.34382070
0.23136930
-0.62814750
-0.09522716
-0.23925919
0.04817194
0.09352486
-0.56335158
-0.00568454
0.12249343
0.23878128
-0.06206572
0.27096276
-0.25015058
-0.52586960
0.07794800
0.15548140
0.08895626
-0.48770311
0.15702915
0.14824919
-0.05855116
0.12416284
-0.02021225
0.06631347
-0.29289802
-0.05168892
-0.17528888
-0.08614537
-0.08554168
0.29148355
0.58858131
0.19383920
0.36287088
-0.16134077
0.30316371
-0.37605202
0.19067066
0.07272927
0.17204916
-0.10114630
-0.08575650
-0.01925202
-0.22470857
0.53956954
0.17092754
0.39899613
0.34819774
-0.69309786
-0.12962578
-0.19463695
-0.03547396
0.18615241
0.41800634
0.30542263
-0.69158227
-0.23003448
-0.37897620
0.01624721
-0.50703986
-0.09784592
0.13722140
0.24144717
0.38155628
-0.53713690
0.19737719
0.42678475
-0.20278604
-0.02024858
0.27121984
0.13441003
-0.16590280
0.10891778
0.01364464
-0.45317561
0.32068413
0.22901768
-0.10591338
0.35631459
0.08230947
0.00499842
-0.11221500
-0.32268794
0.04231801
0.41669190
-0.62648755
-0.48062603
-0.27739383
0.50979775
-0.21843749
0.15950168
0.25021128
-0.02478349
-0.18202209
0.17520406
-0.34275073
-0.12003998
-0.03582345
-0.19243735
-0.09804586
-0.07470874
-0.12832783
-0.30989948
0.43575863
0.21082295
0.10337002
0.07872486
-0.20997451
0.39829196
0.47708388
-0.17132560
0.31693363
-0.12348496
0.68787991
-0.37325208
-0.45344409
-0.44730675
0.02276575
-0.07016212
-0.37361479
0.89756986
0.60210218
0.16464945
-0.05789506
0.24349443
-0.27286983
-0.05040859
-0.15550603
0.02731506
0.10515495
0.39468022
-0.80159646
-0.36042481
-0.34646634
-0.28292621
-0.09840105
-0.58924595
0.37720340
0.32999928
0.19130663
-0.22404869
-0.44036857
-0.04314179
0.14968342
0.06203939
0.42422228
-0.11421866
0.39409388
-0.08146183
-0.23659396
-0.51300793
-0.23572830
0.01492625
0.07304056
0.01950669
-0.32207504
0.03444110
-0.09323700
0.02930172
-0.34671144
0.22369533
-0.11150452
0.42035956
-0.27477657
-0.09072654
0.49396076
-0.04050486
0.19553157
-0.57629044
0.36793512
0.17856653
-0.15904001
0.45227956
-0.11009531
-0.43923170
-0.08006858
0.28622497
-0.32601943
-0.24190682
0.44154330
0.02986074
0.15290128
-0.12451585
0.16818685
-0.20591944
-0.45570037
0.19053915
-0.51272137
-0.17434762
-0.18496488
0.03974101
-0.05835879
-0.34564018
0.15438060
0.00426810
-0.25985012
0.18501405
0.05408297
-0.13102277
0.17984000
-0.09981393
0.05075054
-0.23660637
0.17328452
0.13155081
0.04968999
-0.07157708
0.06789393
0.03063288
0.14217999
0.13245136
0.04767942
0.19744020
0.13828048
0.20289596
0.10099441
0.39046804
0.31537240
-0.06675122
0.13839863
-0.66695657
-0.03700379
0.32416055
0.22993764
0.21745247
0.13242591
-0.30800757
-0.05044312
0.44263068
0.17019068
0.33154646
-0.40529664
-0.38237497
0.03585090
0.20386966
0.07042663
-0.61624931
0.15042012
-0.23562110
-0.23170022
0.01990072
0.12008912
-0.38657943
-0.16153318
-0.18705467
-0.53610227
0.04897966
-0.37757476
0.16327560
-0.08140936
-0.15677891
0.07644285
-0.25106156
-0.19398262
-0.39682249
0.21180432
0.01010635
0.20543517
-0.21047887
-0.20017635
-0.02326443
-0.08095906
0.33979080
-0.21265971
0.52665310
0.22767342
0.78226108
-0.04053297
0.57977084
0.32858473
0.24325483
0.15251615
-0.57368577
0.36842164
-0.03610615
-0.55355559
-0.24390288
0.26109794
-0.02140975
-0.69864645
-0.18596633
-0.68979112
0.29207553
-0.18472606
0.21531323
0.23371820
0.26295745
-0.94676930
-0.28344010
0.56233850
-0.27603205
0.11508853
-0.29814944
0.65734293
0.01583883
-0.37946835
-0.47292505
-0.03873844
-0.22368972
-0.27191425
0.13790176
0.05758352
0.17067995
0.05217101
-0.59669636
0.15609959
0.15222914
0.09751102
-0.56405924
-0.29608695
-0.07508614
0.15729808
0.23963832
-0.63793077
-0.45968236
0.28045112
0.09697790
0.04461346
0.19695500
0.13172068
-0.35826605
0.33221795
0.20664477
-0.16468988
0.12627709
0.23349608
0.14569673
-0.00074183
-0.17707781
0.20999988
-0.19862553
0.17095805
-0.08373292
0.11880404
-0.04778223
-0.10247588
-0.05956252
0.04463214
-0.61636001
0.07800388
-0.25854764
-0.29265070
0.24867901
-0.49379518
-0.53041854
-0.15199365
0.00500528
0.24644609
-0.10791699
0.66170604
0.04004119
0.06148680
-0.06665344
0.01949234
-0.04171090
0.14024232
-0.29386463
-0.03328933
-0.15670053
0.02820985
0.08543913
0.14383910
0.02937159
-0.19079584
-0.32031054
-0.01033833
0.37757027
0.11366083
0.50723661
-0.54163351
0.33467317
-0.27882932
0.17594772
0.33713747
-0.01197483
0.28704998
-0.22060296
-0.00162101
-0.48634130
-0.45813141
0.37513271
0.32110130
0.12343078
-0.26388496
-0.18499401
0.26829894
0.33779962
-0.25841948
-0.44680424
-0.40755898
-0.21549468
0.37464532
0.17204192
0.29004320
0.23613915
0.40924151
-0.07406003
0.03986524
-0.22439753
0.50045966
-0.06806253
0.22171225
0.09064529
0.03355443
-0.35022596
0.10745667
-0.28957559
-0.30389129
0.28045626
0.06091488
-0.12578542
0.37409824
0.29931673
-0.23986633
-0.17095170
-0.02837459
-0.25612522
0.28682022
0.48755013
-0.23180995
0.06042180
0.31551694
0.06459307
0.12799174
0.19968215
0.20147156
-0.25316898
0.24438750
0.34751570
0.18262873
0.09499127
-0.23354090
0.05981275
-0.03834501
-0.18419410
-0.25952706
-0.08383937
0.18904736
0.05195811
0.19515304
0.10153746
-0.06470602
0.11860769
0.36827840
0.46828113
0.16175674
-0.38381286
0.19160643
-0.07065965
0.13306547
-0.10335732
-0.07848324
0.16662141
-0.30905375
0.16055184
0.07989808
-0.00820199
0.35351233
0.34872815
0.15395342
0.15889186
0.12695682
-0.44154378
0.39761465
-0.13831188
-0.02535313
0.33955771
0.06966614
-0.53054132
-0.12205621
-0.22861361
-0.14635135
-0.50777616
0.30070164
-0.66816852
0.20817806
0.18656465
-0.30371768
0.21044556
-0.40166344
0.04934080
-0.36202305
0.12308871
-0.14340859
0.48766443
0.01031915
-0.31874931
-0.01935352
0.18237394
-0.15459629
0.16333839
-0.48613610
-0.23981642
-0.29136958
0.37505153
0.06509215
-0.13162269
-0.23040435
-0.12245672
-0.35883545
0.18297003
-0.30641530
0.19237563
0.34771259
0.33746340
-0.36184237
0.02536907
0.32974364
-0.37221879
-0.22426447
0.54693332
-0.36590898
-0.05115060
-0.22853173
-0.07902247
-0.24615864
0.05332159
-0.07547439
-0.49534522
-0.24984262
-0.29454566
-0.06866055
0.21688663
0.10021153
0.09903448
-0.05251375
0.03955193
0.02594565
0.48700648
0.18666833
-0.02209750
-0.48886857
-0.08442532
-0.10522168
0.39110501
0.14804198
-0.38874812
0.08006279
0.52758936
0.26131570
0.12698636
0.20746839
0.49068077
0.32917711
0.22137677
-0.00911214
0.58828630
0.25376732
0.47279352
0.57675458
-0.01803584
0.06051656
0.26557434
-0.01277746
0.24343432
-0.02052949
0.29571709
0.84512476
0.15566685
0.12266295
0.04067686
-0.04614240
0.90495037
0.33046866
0.20745109
-0.01071625
0.08272297
-0.09055094
-0.13764366
-0.41128058
-0.21542239
-0.40485970
-0.70437171
-0.19769878
-0.77782135
-0.81060352
-1.08369880
-1.52602378
-1.22637231
-1.45282721
-1.55609174
-1.54469889
-0.89238743
-1.58652923
-0.90553533
-1.24895169
-0.96696600
-0.69130555
-0.57193610
-0.46819293
-0.24763143
-0.41738038
0.36090942
0.28736078
-0.01474941
0.65049253
1.09589848
1.27426784
1.21154192
1.42490850
1.39792183
0.97022179
1.19782741
1.33745675
1.71226465
1.69320518
1.52000651
1.93836253
1.37529360
0.93604459
1.10588262
0.66071866
0.67335303
-0.29522281
0.40412621
-0.20410369
-0.21799339
0.31771359
0.18236622
-0.04239087
-0.60017934
-1.29095366
-1.41055358
-0.66694778
-1.26182232
-0.59051352
-0.48453169
-0.32901782
-0.75482024
-0.78515790
-0.66240653
-0.32294630
-0.48587688
-0.37627727
-0.33091289
-0.23042776
0.48703470
-0.06829947
0.36462498
0.29412809
-0.30188238
-0.55023616
-0.30982342
0.15177847
0.09060032
0.14515606
-0.06976784
0.20342799
0.16411287
-0.10880830
0.25043241
0.28778707
-0.55201314
0.47337500
0.17723305
0.53319888
-0.43318578
-0.33426090
-0.85104466
0.23778178
0.12196038
-0.21576307
0.30923283
0.31390925
0.01645434
-0.29198295
0.09409517
-0.06604380
0.15103263
0.30869410
0.13636831
0.48647692
0.42970221
-0.04956812
0.09532935
-0.19399052
0.12945025
-0.21197585
-0.18168483
-0.01660793
-0.27938903
0.52831377
0.16908189
-0.38142653
0.34947545
0.02206908
0.08348458
-0.13085778
0.43783185
0.46615671
-0.66569765
0.01733964
-0.30133385
0.07527044
0.46614314
-0.21841416
0.27455122
-0.00579751
0.29534654
-0.08446485
-0.60336728
0.51843326
-0.25052211
0.21050930
-0.12340835
0.02701869
-0.37519632
-0.09208262
0.02095106
0.39132808
0.03147686
0.25412204
0.30643989
0.04120431
0.05213852
0.41818757
-0.10376772
-0.00018072
-0.20416884
-0.75525610
-0.07215961
0.00456392
-0.86074390
-0.08719566
0.23467326
-0.16529331
-0.48361423
0.23716405
0.17159712
-0.06475601
-0.01437700
0.24718896
-0.11302183
-0.27715936
-0.02932862
-0.02729949
0.73992304
0.26387060
0.08028664
-0.11402782
0.43248653
-0.08022709
-0.08529636
0.13364878
-0.18439748
0.32660355
-0.16784334
-0.32242745
-0.07348782
0.06566495
-0.05141740
-0.20312641
-0.22532642
0.12299709
-0.16272003
0.00265573
-0.08190355
-0.09300828
0.20584332
-0.23723411
0.68600021
-0.15556656
-0.22544877
0.13870093
0.00143262
1.06074537
0.24525492
0.16561057
0.21737824
-0.28948539
0.23365561
-0.20030504
0.31443660
-0.09900064
0.00308892
-0.12882642
-0.21943947
-0.16183698
-0.09219290
-0.00742940
0.11985205
-0.21309737
0.05270767
0.68459386
0.15323426
0.16252709
0.08731142
0.02130471
0.19884710
0.06955954
-0.20164722
0.57622599
0.70454610
0.08535349
0.29191874
0.37817228
-0.82756034
-0.07655694
-0.06294809
0.18507926
-0.01192849
0.71516319
0.18121151
0.00430906
-0.04259473
0.27762025
0.13604205
0.16790728
0.25253301
0.21733239
-0.19117536
0.23896797
0.30527719
0.03557445
0.21138392
0.41720750
-0.27929271
-0.36611920
-0.04470915
-0.37658088
-0.25368420
0.06625505
0.04554077
0.35242746
-0.26304883
0.48924491
-0.37461597
-0.06754966
0.19109647
0.41143183
-0.04214261
0.00507976
-0.28423067
-0.41737252
0.39094435
-0.14853233
-0.11689040
-0.57970004
0.19547901
0.18202185
0.12341724
-0.04419576
0.64784083
-0.28764236
0.33072343
0.19334723
0.01996459
0.23980867
-0.45642324
-0.18355994
0.37566857
-0.11322384
0.30602380
0.29209838
0.53164423
0.49571389
0.25956533
0.07559095
0.20498675
-0.36812525
0.18729509
-0.05549089
0.15056485
0.23902453
0.11716881
-0.23333381
0.13426803
-0.24910605
0.20331730
0.25482273
0.23680519
-0.50273680
-0.24227338
-0.10655682
0.19453640
-0.02603733
0.11235286
-0.16346852
0.25041139
-0.11065726
0.16226848
0.48483496
0.26141649
0.05903362
-0.05644341
0.17976442
0.10276382
0.35160870
0.32039415
-0.47556059
0.26293780
-0.04187650
-0.34153070
-0.02909870
0.03952065
-0.06454187
0.49299505
-0.31574867
0.13319520
0.44895419
0.22228795
0.60039746
-0.11144576
-0.13862718
-0.29328958
0.05878298
0.14541892
-0.21885094
0.84224946
-0.18733474
-0.58180856
0.16245023
-0.51295493
-0.11263919
0.17778116
0.17014159
-0.38986888
-0.09946695
-0.31730453
0.24081214
-0.06174495
0.12988549
0.19290678
-0.33337122
0.20708199
-0.24460257
-0.19294920
-0.09897773
0.14619414
0.23270929
0.41958972
-0.13877190
0.19673450
0.20552249
0.23974255
0.55905519
-0.16650778
0.04752564
0.00584157
0.12443917
0.38308959
0.26964224
-0.03876204
-0.05121688
-0.22374893
-0.13977199
-0.20743092
-0.32802466
0.12272009
-0.72355513
-0.49460069
0.19820042
-0.11249901
-0.01556564
0.18076854
-0.01331240
0.02936917
0.07318952
0.23166590
0.45047263
-0.30698345
-0.15526167
-0.00519246
-0.14648868
-0.11619038
0.31179592
0.43503630
-0.14002624
-0.39727437
0.41074701
-0.39748346
0.11323965
-0.45711086
0.15847520
0.05234618
0.08541106
-0.43767364
0.41867649
0.22943341
-0.11355744
0.50513390
0.55324426
0.31809421
0.15503355
-0.08649013
0.31153555
-0.11671805
0.18106264
0.06066331
0.25747067
-0.56851654
0.17131119
0.58451017
0.33425419
0.09435356
0.02026443
-0.46220755
-0.32681533
-0.27358848
0.24335644
0.00492396
0.01006234
-0.51041735
-0.17305735
-0.24340885
0.07075060
0.11525022
-0.25293142
-0.18127460
-0.09790338
0.10872948
-0.29953600
0.58561249
0.00105769
-0.06864045
-0.04589373
-0.32559625
0.09297792
0.17728491
-0.15424684
0.15496491
0.14340242
-0.86302234
0.43507923
-0.01228725
0.03421105
-0.16797236
-0.75439283
-0.20814226
-0.12008934
0.02106463
0.33884637
-0.36640798
0.03847834
0.13078184
-0.51626649
0.11834213
0.07690188
0.06310003
0.02095161
0.01137413
0.50992861
0.27563064
-0.04514410
0.48507178
-0.33964512
-0.27571082
0.01749443
-0.57592279
0.29980199
-0.14917803
-0.48944768
0.15727219
-0.37640596
0.17357447
0.28278856
0.36209520
0.38946820
-0.16507323
0.27056946
0.07396146
0.03838490
-0.01989704
0.10620501
0.01618028
0.59621158
0.19389159
-0.20306285
-0.17203463
-0.02379906
0.03471170
-0.08849370
0.05252766
-0.17406295
0.33362914
-0.74040399
0.19494837
-0.52284144
-0.15376141
0.11359011
0.34271228
0.12749183
-0.03674171
-0.00548150
0.10698313
-0.40489504
-0.32685698
0.58485405
-0.07969750
-0.15471701
0.01930324
0.31183894
0.30381485
-0.48076253
0.38255151
0.24040449
-0.32245421
0.43002366
0.26256490
0.10883284
-0.25692415
0.31243971
0.11113048
-0.63344857
-0.26443357
0.18018994
-0.48563857
-0.23154242
-0.58136258
-0.02122280
-0.06677039
-0.14537420
0.70307890
0.59686599
0.19926681
-0.00311949
0.21335755
0.14407907
-0.19314766
-0.10917836
-0.25088566
0.19246705
-0.04415897
-0.04399108
-0.09788171
-0.30194125
-0.18702534
0.17702998
0.31049463
0.07938199
-0.60965449
0.24684916
0.01544983
-0.26214235
0.01442213
-0.16909942
0.36998173
0.11902947
-0.07707319
0.28645386
-0.31288446
0.36172527
-0.16605037
0.24854796
0.30953332
0.22147130
-0.04902878
-0.15246801
0.51821774
-0.57899205
0.13911227
-0.06059236
0.05296666
-0.11188230
-0.21038478
-0.08644372
0.22208188
0.32276790
0.24724210
-0.35988721
-0.01753541
-0.10615159
-0.09012955
-0.11886630
0.77099339
-0.23770965
-0.06305444
0.14074023
-0.27339706
-0.09167707
-0.20922439
-0.18696815
-0.03196318
0.40818658
-0.39457779
0.11684392
-0.31768914
-0.20440676
0.46579504
0.17726343
0.13702645
-0.21692497
0.35401051
0.61383183
0.09827552
0.14226792
-0.04252912
-0.21388324
-0.24155111
0.33401022
-0.33996053
-0.35882842
-0.00066686
-0.50828983
0.31677598
-0.55285634
-0.34693330
0.27273424
-0.04718288
0.13834683
0.05697189
-0.09400925
-0.37960741
-0.04310610
-0.52171000
0.65326097
-0.09734441
0.04627810
-0.33567160
0.33355976
-0.81899118
0.14578759
0.05686266
-0.13026086
-0.25200615
-0.00071034
0.21570756
-0.30836699
0.17886844
0.19791115
0.22587514
-0.00667247
0.09139011
0.06877283
0.44020525
-0.19213010
-0.41410339
0.05803471
0.05311422
-0.37569680
0.46930591
0.12024704
0.09320977
0.05144855
0.37172894
-0.10408954
-0.53906604
0.15402569
-0.17241697
-0.44822539
-0.05584195
0.03730576
-0.39021028
0.10740905
0.05547806
0.13435962
0.08930890
0.40511336
0.17528546
-0.18089993
-0.04903491
-0.23747368
-0.27143969
-0.59129310
-0.44346415
0.17340854
0.20771432
-0.04207006
-0.44176459
0.13408224
0.00448745
0.17916002
0.24823566
0.43228899
-0.22057869
-0.39109319
0.64901402
-0.08345555
-0.13126803
0.36281498
-0.19682644
-0.36907891
-0.56537181
0.02918664
-0.23543635
0.79963550
0.34650627
0.07687814
0.44949344
-0.35914771
-0.16913256
0.15805474
-0.07580061
0.28596515
-0.34399904
0.08261905
0.26218829
-0.03267185
0.24982449
0.31557375
-0.04762211
-0.18884839
-0.57305700
0.24855056
0.13000308
0.03877916
-0.26196495
-0.01527804
0.47735961
0.20891055
0.10394524
0.13878831
0.40182815
0.35447079
0.07825377
0.17048606
-0.00515788
0.02932245
0.11268242
0.15213762
-0.62629241
0.21374381
0.07741901
-0.18471897
-0.10907604
-0.11186197
0.18436601
-0.03348677
0.09944270
-0.55694743
0.11665627
-0.36671497
0.07118182
-0.27218358
0.09883664
-0.13384037
-0.52310543
0.36835880
0.29543905
-0.44775636
-0.32362671
0.08009554
0.22899433
-0.23905769
-0.22527743
-0.68194020
-0.06361596
0.44318451
0.38907984
-0.02385820
-0.27629059
-0.11556901
-0.25338173
-0.36450707
0.14904818
-0.00931538
0.57709389
-0.13243692
-0.27731068
-0.15565987
-0.40316306
0.01645352
0.28389241
-0.19117586
-0.44658438
0.06860509
-0.04995565
-0.13496420
0.10644147
-0.00887492
-0.17190153
0.01666803
0.30671978
-0.08914276
-0.14202647
0.19779709
-0.31442711
-0.03867383
-0.18144367
0.39980961
-0.18862845
0.00781473
-0.34357529
-0.01480219
0.08927919
0.41162610
0.07932625
-0.21834777
0.01454079
0.07548923
0.02582491
0.30878886
0.50969317
-0.46352533
-0.59029547
0.51390837
0.11610844
0.19644687
0.10861841
0.08690703
-0.26599682
-0.47767780
0.15948940
-0.27457728
-0.39044671
-0.03729604
0.03808764
0.31191678
0.05165525
-0.06162415
-0.29328638
0.20787118
0.05139122
0.40331309
-0.21671328
-0.47685381
-0.31000467
-0.20422888
-0.11324569
-0.13458901
-0.15791152
0.16615633
-0.12467854
0.06273231
0.04910289
-0.09593103
0.39300737
-0.25487791
-0.37259564
-0.14345772
-0.11401028
0.02965644
-0.10527564
-0.32378940
-0.25107082
-0.02981659
-0.13474522
-0.04992267
0.15946810
-0.04943205
0.05475006
-0.10256534
0.27979591
-0.44518269
0.09211140
0.27744401
-0.00760215
0.17244669
-0.39075325
-0.00780892
-0.07060397
-0.04624864
-0.58044677
0.09509619
-0.17452202
0.03195440
-0.24991400
-0.42923790
-0.32349809
0.16424288
-0.05053493
0.24148295
-0.28159940
-0.13741241
0.10761954
-0.80045756
0.42251826
-0.02267980
0.36530507
-0.42675931
-0.24741683
0.40985072
-0.33875989
-0.09743708
0.29249388
0.04123480
-0.18668801
0.03895542
-0.24247068
0.46508804
-0.18235527
0.07872789
0.13587544
-0.49848392
0.13103615
-0.02136277
-0.22630573
0.03600100
0.25118802
-0.06378467
0.04260594
-0.55459994
-0.10523314
0.33118788
-0.25272058
-0.16793033
0.00689699
0.13664010
-0.05709042
0.05541381
0.06424633
-0.08228312
-0.51661731
0.42651091
0.16785702
-0.43836203
0.12549714
-0.25279020
0.00080172
0.13737676
0.16819813
-0.17213256
-0.34893162
0.37188294
-0.05603611
0.29601170
0.07974411
-0.22639988
-0.09578541
-0.00957307
-0.55290697
0.22322838
0.16008812
0.00771447
0.02266817
0.32145351
-0.08419879
0.08452150
0.20342914
-0.09574411
0.38067756
0.46832933
0.01843173
-0.10326556
-0.39653408
-0.25547390
-0.01218404
-0.01937302
0.16276381
0.67452436
0.33362106
0.13473492
-0.08691002
-0.40061393
-0.48434422
0.10952280
0.44453856
-0.20279929
-0.03848975
0.15406114
-0.48056810
-0.03365107
-0.29888543
-0.33448855
-0.63313529
-0.15879456
-0.16424837
0.00304148
0.03262790
-0.21493455
0.05016736
-0.42265476
0.50364688
-0.06268770
0.00661445
-0.20084067
-0.09778695
0.00939443
-0.14236709
0.22374761
-0.39509414
-0.12332808
-0.01338375
0.22254326
-0.13300361
0.15599738
-0.62977332
0.10953868
-0.50945915
-0.07304306
0.14005567
0.13483328
-0.06074582
0.36104453
-0.37867330
0.06073420
0.25855739
-0.03973097
0.06744267
0.27890974
0.26822004
-0.01225273
0.27449661
-0.21125417
-0.06780263
0.39998775
-0.36626550
-0.04442597
0.32387052
-0.19410155
-0.06420415
0.23944935
0.35686301
0.16376562
0.16794705
0.39888507
0.17576257
0.15621120
-0.11108811
-0.40682114
0.19269946
0.08647139
0.26616500
-0.31195701
-0.46864119
-0.05238041
0.64029495
0.19221918
0.04786787
-0.04580594
-0.10959651
-0.34359588
0.00796034
-0.22327330
0.17074638
-0.19801181
-0.05208728
0.50239288
0.14448557
0.12213138
-0.04553567
-0.10869272
-0.43564232
0.25560748
-0.12879941
0.20248313
-0.24801809
0.12457139
-0.16282287
-0.37124202
-0.06707935
-0.18636269
-0.16129433
0.09920402
0.12508963
0.23006368
-0.36450198
-0.01953402
-0.82736433
-0.12101043
0.20866403
0.43524338
0.37045776
0.00838308
0.31440070
0.27059724
-0.13712614
0.30389757
0.24837942
0.26507480
0.16321889
0.01803936
0.08664009
0.33948706
0.35397673
0.35476258
-0.05081877
-0.35392700
-0.20380468
-0.47612870
-0.02717732
-0.11296803
-0.01779759
0.15547328
-0.03419989
0.19670378
0.06302878
-0.59246941
-0.38011897
0.14254436
-0.06208907
0.46141607
-0.04084921
-0.20629362
-0.03941709
0.45331820
0.02252183
0.01197239
-0.05633199
-0.21485641
0.04369796
0.18703892
-0.21816739
-0.13124476
0.15510885
-0.27373558
0.07830215
0.14148350
-0.63037944
0.21502537
0.19173681
-0.41604232
-0.22278343
0.13320767
-0.11816444
-0.48356779
-0.01305197
0.05750492
0.42588455
-0.10134393
0.42034044
-0.49446644
-0.43082002
0.34858794
0.12384647
-0.01041459
0.59007805
0.11423294
0.29753191
-0.07334558
-0.06356359
-0.21512466
-0.15091773
-0.30875312
0.28561846
0.03991567
0.56971263
-0.39344580
0.27852132
-0.03616584
0.22956745
0.20051649
0.22328497
0.01771623
0.35327021
-0.50369364
0.24161198
0.13816760
0.09879937
-0.11164472
0.20046076
-0.15821070
-0.02988432
-0.05291245
-0.53620948
-0.04819761
-0.19067579
0.62748959
-0.30570494
0.30879139
0.24680637
-0.19776873
-0.00233309
0.55364501
-0.33618381
0.17431675
-0.28491712
-0.43999302
0.07092563
-0.20786629
0.04661408
0.16655389
-0.19368004
-0.06854949
0.15262141
-0.06966000
-0.30415457
-0.34725346
0.26742961
0.32831014
-0.41028812
-0.12189571
-0.67932784
0.45005359
-0.19447311
0.11415336
0.56330896
-0.03643229
-0.06479199
-0.30479162
-0.14404669
-0.22351223
0.13670121
0.43509762
-0.00598241
-0.11807760
-0.35489643
-0.10892944
-0.23844306
0.16466834
-0.17479476
-0.07883320
-0.23040743
0.06419171
-0.33057310
-0.04711654
-0.12354460
0.06170967
-0.30212848
-0.54104290
-0.21170408
0.04266981
-0.07724954
0.43747734
0.13263044
-0.29315038
0.73117660
-0.18947103
0.00116819
0.17595070
-0.02728838
0.27883653
0.03936927
-0.35342438
-0.31430440
0.05026074
0.12902128
0.63161990
-0.12347351
0.08170197
-0.35217451
0.18925975
-0.00937733
0.20947974
0.00791843
0.09623297
-0.11534943
0.49574678
0.28880123
-0.11918119
0.30070418
0.44902006
-0.38335948
0.13143763
0.29872106
-0.50781519
-0.19422687
-0.01445018
0.48088180
0.07503640
0.33188376
0.09764562
-0.08969764
0.03077881
-0.03285711
-0.46879779
0.03602460
-0.15251794
-0.02220729
0.81663013
0.04418360
0.06402464
-0.17150763
-0.27243362
-0.17580186
0.42217384
0.00229028
