-0.18635741
0.15310668
-0.28114849
-0.37092073
-0.54645304
0.12169595
0.04547101
-0.01253353
0.44746482
0.13056607
0.49901324
-0.17640367
0.09350321
0.07177558
-0.16139848
-0.01369539
-0.11515875
0.53983314
0.38601356
-0.10183517
-0.00451494
-0.42856233
-0.08532950
0.34899818
0.08746585
-0.20242408
0.01565842
-0.28038872
0.07542891
0.14726758
1.07954239
0.26443232
0.04719502
-0.15995550
-0.14192462
0.25295845
0.10146513
-0.01341883
0.74563229
0.02717784
-0.05677867
0.07937931
0.11362596
0.38939429
-0.03574895
0.03082099
-0.26054729
-0.20131490
-0.21600812
-0.00917817
0.47689227
-0.06885653
-0.19316515
-0.02387270
0.01296780
-0.11506708
0.26030736
-0.18763286
-0.19302629
-0.53685223
-0.23726553
-0.31111739
-0.01522979
-0.22675771
0.02103525
0.10735437
0.03636827
-0.16518631
-0.23194033
0.02250293
0.43672596
0.21523274
0.17325771
0.09827676
-0.27955366
0.46944474
0.59095047
0.07976561
0.13288741
0.29217299
0.05534356
-0.10941798
-0.01958262
0.00889889
0.08585797
-0.35186664
-0.01012711
0.20528780
-0.08264062
-0.09033683
-0.29057044
0.26798367
-0.52163767
0.36049430
-0.18843052
-0.09460193
0.15447733
0.49824179
-0.02187191
0.17181554
0.16741177
0.00564203
-0.06452945
0.16648098
-0.01430164
-0.32363755
-0.03017655
-0.26631566
0.10937924
-0.25036255
-0.35767691
-0.13377029
0.03703725
0.63849335
-0.09551874
-0.32850068
-0.06741394
0.12073176
0.60237503
-0.19260289
0.22219669
0.39483754
-0.13162357
-0.36674402
0.07021115
0.07737752
-0.18703618
-0.09218811
0.26302467
-0.18579534
0.40043084
-0.14162319
0.54793742
0.02271368
0.00395710
0.08666633
0.27049498
0.36145436
0.07304395
0.31728693
-0.18502831
0.13725202
0.37832562
-0.03913102
0.05886914
-0.02224901
0.31996391
0.28449582
-0.05736982
0.04074535
-0.03704145
-0.02209384
-0.00624307
0.29498559
0.18320452
-0.21316501
0.07101539
0.45234181
0.03861147
0.21958351
-0.12437703
-0.16406521
-0.42076413
-0.62567893
-0.39882225
0.15287461
0.52461689
0.38918545
0.34221456
0.10357095
0.21661317
0.17053758
0.42937871
0.18855402
-0.16139268
0.15008792
0.25052845
-0.13207996
-0.11752508
-0.12215729
0.43762625
-0.07563555
0.35384158
-0.17911487
0.23509827
0.00877925
0.05804706
0.21973163
0.04375853
0.78575611
0.45356419
0.06190696
-0.29799918
-0.72199321
-0.01651456
0.15726690
0.08065248
-0.25357528
0.01891442
0.17476185
0.52467433
-0.05014955
-0.25064523
-0.47747051
0.04699577
0.21834215
-0.02313886
0.05806480
0.09626710
0.30120843
0.27391993
-0.28214869
-0.29068368
0.25916100
0.17330210
-0.10098752
0.06673660
0.16075639
0.12099977
0.21429551
0.16721794
-0.17075808
0.07490656
0.24405839
0.25366132
0.04156697
-0.43541113
0.16529150
0.05043452
0.00091458
-0.12815642
-0.05485552
0.30504740
-0.27019626
-0.37615858
0.12788892
-0.20975936
-0.50523427
-0.01878874
0.07269326
0.17002298
0.04585350
-0.44601499
-0.32731749
-0.07833882
0.16048193
-0.10457496
0.27650275
-0.23924363
-0.16089902
0.46249097
-0.03863229
-0.05912505
0.07246637
-0.10498653
0.18525912
0.11436087
-0.08211049
0.19798390
-0.07004667
0.01454119
-0.40439375
-0.06186295
-0.00452918
-0.08814523
0.26779923
0.21831166
-0.10858552
0.06827969
-0.00765674
0.44578015
-0.09052791
0.04987182
0.41175683
0.04023896
0.14619347
-0.20206129
0.67918619
-0.11723017
-0.20382528
-0.17691912
-0.05292694
0.23752467
0.50996085
-0.42477116
0.97113636
-0.00531136
0.39342028
0.23087225
0.02177883
-0.15011075
0.52304464
0.21698775
0.47190713
0.22315532
0.15511189
-0.09103766
0.18035881
0.06898193
0.40899317
-0.32954420
0.21273938
0.03994032
0.17003851
-0.42482072
0.08392434
-0.20247734
-0.01272101
-0.61677925
0.03256906
-0.21348748
0.04226230
0.02483361
-0.28237427
0.61761419
-0.00545656
-0.40727957
-0.29381023
0.34568922
-0.05040947
-0.06134230
0.13551305
0.21687299
0.14801394
-0.47307405
-0.32561896
0.15342628
0.03215145
-0.28494677
-0.30398394
-0.21204753
-0.07795153
-0.50015553
-0.09191459
0.36299638
0.36190723
-0.52392439
0.52469141
-0.31727273
0.07506897
-0.12114657
-0.21353883
-0.01592564
0.17502811
-0.19371606
-0.37488045
-0.23111485
-0.26109371
0.42701984
-0.19366920
0.26015765
0.13480722
0.15203009
-0.28219830
0.46244046
-0.23817940
0.30523572
0.12145735
-0.42100330
0.26509213
0.10820922
-0.05956732
-0.09831675
0.03971608
-0.35392071
-0.18008983
0.01522968
-0.36036415
-0.29507902
-0.34438111
-0.15955408
-0.04064018
0.15191051
0.11734201
-0.08453376
0.21419149
0.28101678
0.11581788
-0.04073952
-0.35137408
0.35263686
0.01004729
-0.30565045
0.21452572
-0.19059165
0.23061906
-0.29384150
0.04293915
0.05059866
0.22059416
0.21819350
-0.22371839
-0.09646184
0.35475416
0.13787641
0.09285579
-0.20966059
-0.33156879
-0.12744589
-0.18641571
0.36547035
0.12251786
-0.30107292
0.28695684
-0.24752511
-0.21043075
0.62363335
0.44432164
0.28682877
0.07887473
0.22579724
-0.10527676
0.11333563
0.12520133
-0.24501218
-0.87669994
0.42853022
0.09739102
-0.40660836
-0.48756936
-0.20631259
-0.48772118
0.52945020
-0.06136668
-0.16628528
0.25952197
0.20559326
-0.30746040
-0.08142092
0.15503099
0.16315062
0.12267353
0.00438026
-0.05444770
0.14230878
-0.34189463
-0.04320011
-0.06840569
0.00989539
0.10404232
0.25131202
-0.54371295
0.35881461
-0.47884196
-0.26430465
0.10723537
-0.07608812
0.17848984
0.47440388
0.48086093
0.12109489
0.03426026
-0.47917468
-0.10826402
-0.19908525
-0.06551307
-0.08174467
0.24908590
0.05898857
0.55101890
-0.07272818
0.50725825
-0.43466726
-0.01958213
-0.14920660
-0.06993950
-0.19512900
-0.45588974
-0.28553493
-0.11493950
-0.19556910
0.04848022
0.11740796
-0.16076027
0.37840552
-0.06807720
-0.03120771
0.15573215
-0.03442734
-0.12559726
0.03729979
-0.20684459
-0.13438294
0.29121221
-0.40051442
0.20411835
0.26780233
-0.22638499
0.07260953
0.10243944
-0.06401053
-0.30870994
-0.24673270
0.17938033
0.05534451
-0.09133262
-0.17101931
0.13843760
0.24296693
-0.06212144
0.39111106
0.27743024
-0.11022739
0.14061302
0.18426881
-0.02026825
-0.20852721
-0.00503417
0.06825223
0.35908475
-0.00603264
0.31812180
-0.34499940
-0.10225278
-0.27039857
0.20633880
-0.28545820
-0.13464512
-0.02122847
-0.53314238
0.13818718
-0.36105549
0.20585774
-0.40265485
-0.13211029
0.14603582
-0.20684308
0.16031602
-0.56108239
0.22586445
-0.23645219
-0.02418949
-0.21903193
0.38067558
-0.05231366
-0.04965069
0.34230675
-0.27761559
0.23015121
0.02363280
0.52760240
0.25208245
-0.03812062
-0.35245955
0.14444342
-0.22269584
-0.10701572
-0.28256279
-0.25900987
-0.00800049
0.35663809
-0.51364489
0.11494880
0.63883077
0.35079299
-0.36897708
-0.70992670
0.45644532
0.28576737
-0.79563510
-0.14663334
-0.26045576
-0.18483980
-0.66471556
-0.07285066
0.00575962
-0.09941418
0.10040411
-0.38133075
0.14878959
-0.19852316
-0.11952841
0.04409260
-0.39168765
-0.04346243
0.12923726
0.38574948
-0.05660199
-0.13388173
-0.11544295
-0.07355565
0.04874283
0.14035621
0.26892993
-0.15286972
0.01259134
0.25066622
-0.34465549
0.03594285
-0.07703809
0.52667219
-0.41367513
0.37724692
0.03680248
-0.51025499
-0.63778562
0.10962137
-0.38925179
0.37744070
0.67987767
0.09463172
-0.40708957
-0.60509313
-0.14730928
-0.24594019
-0.16830949
0.39406493
0.22205107
-0.08139817
-0.02784054
0.17335005
0.13032077
0.05248905
0.25093956
-0.03906464
0.29787582
0.03387202
0.16542427
0.59105764
0.63152773
0.31167998
0.12812294
0.37088814
-0.10931616
-0.02375386
-0.05796230
-0.24652171
0.45038889
0.04350511
-0.67374058
-0.52515463
-0.71705437
-0.95313662
-1.05728695
-1.40754215
-1.07544984
-1.03574346
-0.86247944
-0.76505386
-1.26482675
-1.65410459
-1.70770265
-1.50303310
-1.39021829
-1.45384918
-1.08989396
-1.52916603
-1.12505037
-0.57834858
0.13385254
-0.31062671
0.27829196
0.46640876
0.48755626
0.68509430
1.24797212
1.31809504
1.54660537
1.19005570
1.17491975
1.69059269
1.53344595
1.56015655
2.24707808
1.30552944
1.56518206
1.21996500
1.56019798
0.90509419
1.19585990
0.72615558
1.20092636
0.56716146
0.66325438
-0.20368105
-0.61936391
-0.13829750
-0.27226426
0.30639808
-0.69682703
-0.65511255
0.29032656
-0.63391962
-0.65718500
-0.37672916
-0.71566185
-0.85946325
-0.86185088
-0.70216585
-0.29015800
-0.62824968
-0.34424045
-0.31797686
-0.55204504
-0.13348715
-0.27896032
0.45643160
-0.43206282
-0.20999492
0.06597341
-0.20120058
-0.43627971
-0.74354271
-0.87147901
-0.26588753
-0.19490387
0.24408116
0.53899938
0.13678088
-0.23201804
0.21715528
-0.12811229
0.50625711
0.19651921
0.10727373
0.37982890
-0.16963097
-0.11261817
0.10752588
0.29740151
-0.25986615
-0.02752843
0.16369923
0.10982299
0.20750005
0.12716360
-0.40081620
0.71969837
-0.36091241
-0.12358910
0.39607482
-0.68970121
-0.15826191
0.18805114
0.04137447
0.31913170
-0.25093842
-0.00028384
0.12574503
-0.38817676
-0.02345836
0.07741538
-0.08803638
-0.01542523
0.16369045
0.18886376
0.24894472
-0.34621613
-0.13185329
0.05742246
0.16700695
0.30527879
0.19369956
-0.34354516
-0.01501518
0.19082111
-0.14454108
0.18033470
-0.21601258
0.26274440
0.25024010
0.15714922
-0.03541528
0.45278222
0.23275974
0.01678999
0.18707317
0.02077628
0.08280880
0.41281979
0.12776979
-0.01480964
0.14633248
-0.06563682
0.23092825
-0.02196607
0.15029184
-0.23585076
-0.33800864
0.14767334
0.14929294
0.31200415
0.06828641
-0.02762732
0.36699081
0.10179485
0.15397160
-0.11095264
0.00201374
0.33155395
-0.39385379
-0.04563678
-0.04667675
-0.09388903
0.11835612
-0.39302336
0.03576196
0.34850948
0.22412650
0.14827596
-0.05120885
-0.31046689
-0.30295158
-0.21298464
-0.00159092
0.41757040
0.38445036
-0.19860112
-0.11005306
-0.39268675
0.54038971
-0.29305132
-0.08791058
0.03303971
-0.23450455
-0.13275856
-0.21551362
-0.31679886
-0.72576467
0.17956041
-0.14325388
0.29501732
-0.14838448
0.10291864
0.17204311
0.07299230
-0.09213330
-0.13256552
0.21982282
-0.02608855
0.42861709
-0.00282605
-0.04830850
-0.17969460
-0.17939577
-0.13214503
0.30944457
0.16215997
0.00094552
-0.13563623
0.12353074
0.07883616
-0.16349616
-0.13303599
-0.05298739
-0.15171555
0.02017066
0.29764279
-0.04587689
-0.07745283
-0.31213146
-0.15124761
-0.19576033
0.51570227
0.02040646
0.12040232
-0.13737101
-0.44489103
0.05283894
0.31905600
0.06847046
0.63762750
-0.05482474
0.21742007
0.24526810
0.06958091
0.13534629
0.03962228
0.19280376
0.15063387
0.40458082
-0.01428439
-0.14705292
-0.57209606
-0.42541324
0.14879410
-0.01516904
-0.07266571
0.17093665
0.01826111
0.17595262
-0.02467377
-0.03791354
-0.29587942
0.07719259
-0.33541974
0.13994840
0.13973789
0.26516235
0.02943422
0.04369710
-0.03977978
0.36015188
-0.19044892
-0.09096320
-0.15528037
0.08875834
0.17846623
0.10725248
0.24025314
-0.03814958
0.21734363
0.06681407
-0.02653638
0.15992974
0.23800779
-0.14316187
0.16596976
-0.25021074
-0.56506545
-0.23548857
-0.17261613
0.00078935
-0.27751194
-0.68230589
-0.09122044
-0.03152265
-0.14095496
-0.14082037
0.17630104
0.26044849
-0.02856210
0.38941025
-0.21723471
0.35236390
0.09080027
-0.05910297
-0.54580658
-0.24218534
-0.15896527
0.17902002
0.26738289
-0.05634649
-0.22338236
0.28924670
-0.19598873
0.37373930
0.39232247
-0.04879541
-0.17862361
0.48326920
-0.23370395
0.22154416
-0.28576737
-0.13004641
0.20407867
-0.08390649
0.33300777
0.12224936
0.66441035
0.15082519
0.47855356
0.06354232
0.04881889
-0.02133728
0.10714641
-0.21971331
0.15704177
0.26948010
0.13944461
-0.58617085
-0.51242441
-0.27088857
0.05590629
-0.05620586
-0.13867020
0.03415660
-0.12362223
-0.05223821
-0.04501042
0.09488252
-0.00841624
0.12954429
0.23604597
0.00058410
0.18478302
0.37363224
-0.31122228
-0.22567816
0.04887498
-0.05963434
0.05477910
0.16507782
0.40544046
0.10474367
-0.04478401
0.16044722
0.05247187
-0.00321970
0.04944047
0.39576445
0.28658540
-0.30480602
-0.27200957
0.05004610
0.30238561
0.36503622
-0.05328928
-0.11976844
-0.11243768
-0.14265540
-0.60604326
-0.09843549
-0.35818735
-0.22169000
-0.14396833
0.12730699
0.04308524
-0.36308724
-0.22785555
0.00605629
0.11506487
-0.33995487
0.29555108
-0.06737757
0.11763670
-0.12758524
0.17130949
0.35737708
0.55911614
-0.59172797
-0.28059271
-0.14007537
-0.22154516
0.38433272
-0.33610900
-0.66234715
-0.08990603
0.11247781
0.07234286
-0.03002963
0.42003122
0.82812527
0.51678807
-0.26639837
-0.23624311
0.04310312
0.20194545
-0.13593730
0.06284384
-0.03158778
-0.27953738
-0.21957950
-0.33067390
0.15551823
-0.13175433
0.29616372
0.17505428
0.01092786
0.20299015
0.46750653
-0.14977923
-0.19194337
0.48429621
0.13669873
-0.56119926
-0.11575187
0.34221045
0.22603244
-0.10933404
0.24735367
0.08704688
-0.15894363
-0.07124739
0.12525625
-0.02689779
-0.02434267
-0.16993313
-0.09838514
-0.44094968
-0.28260163
-0.25101605
-0.21022012
-0.23267059
-0.40333383
-0.28772281
0.03089781
0.27246819
-0.06650130
0.14228660
0.09546417
-0.21319046
-0.04655952
-0.20665214
0.20285038
0.39210888
-0.26003900
-0.37130960
0.41026134
-0.20151111
-0.30305928
-0.13026288
0.34665772
-0.44629009
-0.40148364
-0.36295015
0.24515236
0.32968614
0.12517803
0.15904568
-0.32745791
-0.51936535
-0.17884471
0.23889813
-0.14273170
0.34307800
0.40434219
-0.25205013
0.13813479
-0.12865720
-0.02662525
-0.14678925
-0.04946927
-0.26003452
-0.19647849
0.07652810
0.28876154
0.11986221
0.13531845
0.65078881
-0.28083026
0.23695941
0.23467841
-0.06137428
0.09356428
0.09625466
0.12701354
0.02958401
0.19545366
-0.55608955
-0.43789367
-0.13922774
0.07184290
-0.00605636
-0.06156043
0.14388293
-0.13831357
0.24807143
-0.12560154
-0.16846904
0.08916557
-0.16563401
-0.12850632
0.14519628
-0.19326688
-0.11635087
-0.25399875
-0.06013550
-0.00757147
-0.53261964
-0.11489371
0.14832470
0.04795993
0.16242601
-0.54740485
0.34852921
-0.56522141
0.12325548
0.04527344
-0.06427482
0.23833545
-0.14385045
-0.25917326
-0.03563126
0.19053769
-0.50254310
-0.24478088
0.11410289
0.06730367
0.25380091
-0.16248215
0.18210675
0.33255562
-0.26247579
-0.25947043
0.20918019
0.32815930
0.37673063
-0.18352268
-0.35489918
0.60953392
0.09424037
0.58641594
0.08576457
0.06791178
0.00362778
0.55125857
-0.22236994
0.26197183
-0.44267917
0.28109996
0.08311484
-0.24631503
0.45588801
0.06452749
-0.68879390
-0.26154706
0.17229364
-0.40437774
0.34663242
0.23020443
0.06372376
-0.52543880
0.18337352
0.02683995
0.04748747
-0.22967702
0.37613419
0.11241006
-0.09601825
0.10107758
-0.23957143
-0.13947560
0.06670464
0.03536259
0.01925012
-0.45886854
-0.05215705
-0.25875840
0.26483297
0.24430176
-0.31119765
-0.24787222
0.22998391
0.35176303
0.63065884
-0.12262444
-0.16617769
0.35281733
0.29746607
0.10266946
-0.04084932
-0.01530826
0.32421670
0.29457918
-0.45550596
0.10001464
0.10430309
0.20128484
-0.53468217
-0.37699447
-0.01308137
-0.23985725
-0.45258448
-0.14578713
0.23989262
0.08911482
0.32193478
-0.01190396
0.08807780
0.13913830
-0.24906205
-0.16115076
-0.18621231
0.00007972
-0.44040778
0.07193318
0.22970696
-0.66859343
-0.53839409
-0.02420403
0.06691703
0.08420346
-0.50018263
0.34266362
-0.37191639
-0.39095976
-0.37203486
-0.19259432
-0.23711107
0.32119970
0.32050927
0.04812186
0.14835377
0.32905679
-0.13352994
-0.00523968
0.33879170
-0.34936756
0.01008871
-0.01442201
-0.33487086
-0.22099326
0.00085507
0.06713004
0.21294834
0.03347519
-0.10102101
0.01702130
-0.38521024
0.32938862
-0.52493440
-0.23484560
-0.34858887
-0.07556289
0.39136664
0.33288198
-0.00229429
-0.35120313
0.08855838
0.36168526
-0.22052042
-0.35546631
0.19688390
-0.03187459
-0.27486136
0.04163578
0.23725943
0.12306417
-0.11960537
-0.35689891
0.01847113
0.09880723
-0.09734915
0.02117132
-0.22583021
0.23262593
-0.21049924
0.01231782
0.16497752
0.47998633
-0.43055454
-0.20726073
-0.59885790
0.26071844
0.03343539
-0.70854499
-0.15368001
0.29570512
0.13839650
-0.06712490
0.42488099
0.14069473
-0.45073284
0.49364885
0.63198584
0.19943509
0.30360029
0.26405653
0.13123583
-0.43119269
-0.16385704
0.28373169
-0.35830284
0.26700545
0.08218796
-0.19217142
0.23266891
0.26724725
-0.30451353
0.29210048
0.22445882
0.19455122
0.27354619
0.17748987
0.34749679
0.64337261
-0.30124457
-0.35302501
0.00752243
-0.30188524
-0.42592186
0.01690877
-0.41124004
-0.01040173
-0.50798906
0.35602404
-0.29106096
-0.04489521
0.16700935
0.27411069
-0.19590403
0.18803978
-0.03064541
0.58462010
0.03662764
0.12440343
0.13721773
-0.26263372
0.09350004
-0.08493281
0.02636171
-0.29778978
-0.15387728
0.38540618
-0.15261446
-0.10469780
-0.06513101
-0.70370739
-0.04091402
-0.58512016
-0.20042238
0.39411929
-0.34413213
0.69825600
-0.00223572
-0.29160740
-0.44502649
-0.26967417
-0.09000814
0.04641808
0.17273169
0.01072376
0.25929933
-0.62267817
0.30756694
-0.05231519
0.01130568
0.16224119
0.21911601
0.04351910
-0.02212488
-0.02709440
0.19059012
-0.25465245
0.21881877
-0.40380862
0.34945581
0.05651680
0.30739053
0.14378404
0.19131313
-0.33398521
0.32904636
0.38925164
-0.45838479
-0.21276139
-0.17281891
0.20674076
0.02495997
-0.26617096
-0.05636257
-0.05275563
0.16872569
0.04490562
0.10207496
0.24518345
0.05965803
0.51598498
0.16004104
-0.08961526
-0.03510539
-0.27592503
-0.19470875
-0.39000637
-0.02139582
0.05916009
0.12236233
-0.46877693
0.19485676
-0.08728161
0.47366898
-0.20114109
0.02098178
0.12738517
0.37370409
0.08395247
0.14864850
-0.40769524
-0.03286076
-0.10909036
-0.04867284
0.04284543
0.35461901
-0.06610774
0.17500011
0.04868031
-0.24461110
0.59400555
0.06727128
0.14452253
0.28667125
-0.12452528
-0.45599225
-0.25808488
0.19061279
-0.60507955
-0.09597843
-0.13331237
-0.09245264
-0.02615770
0.28134915
-0.20878874
-0.21851841
0.02106849
0.06507616
-0.33878742
0.42400353
-0.32418217
-0.00027560
-0.04135937
-0.09936735
0.20184256
0.29647897
-0.47825046
0.13059288
-0.21334274
-0.03499387
0.16112817
-0.21440881
-0.17497483
-0.20216300
0.05105036
0.84535198
-0.22392667
0.24806010
0.59883883
-0.50936328
0.08782467
0.03870701
-0.29143268
-0.02081199
0.01626857
0.33950742
-0.33124213
-0.26875121
-0.23955766
-0.04601759
-0.51293881
0.00784627
0.28326085
-0.61025828
-0.33161657
-0.18996170
0.10520853
-0.07293103
0.19746039
0.33367028
0.09460063
-0.23120849
-0.08499889
-0.02605587
-0.22183406
-0.18959970
-0.17796366
-0.00374531
-0.10546794
0.44146943
-0.03581714
0.03650957
0.38313100
-0.02180038
0.04123553
-0.35001391
0.15050844
-0.23744659
-0.19273007
-0.02098314
0.09574460
-0.22200426
0.21643245
0.02492041
-0.03518492
0.33548356
-0.12087820
-0.21749154
-0.11977789
-0.11614710
0.20880639
-0.43154933
0.20178609
0.07575895
-0.81062616
0.33714196
-0.22418957
-0.52589877
0.12579030
-0.36455283
0.30372423
-0.00587857
0.34771503
0.08196702
0.30475172
0.09762611
0.13409646
0.31946507
-0.09001787
-0.50532137
0.25339720
-0.04394491
-0.12328400
-0.08793529
0.12275796
-0.53820501
-0.24630348
0.09927104
0.39622598
-0.14680776
0.23083112
0.00374588
0.13212565
0.02439500
0.02001134
-0.13036791
-0.04683300
0.12162732
0.50221805
0.07166030
-0.18986438
0.09720053
0.51798030
-0.42773044
-0.58310811
0.18659634
0.27986737
-0.09305742
-0.02008499
-0.00043815
0.17701516
-0.04017715
0.04630633
-0.21618245
0.13772012
-0.02459118
0.12991587
0.06401426
-0.28727058
0.00894028
-0.36963026
-0.16843656
0.11084437
0.13757255
-0.16343932
0.30625691
0.00422095
0.24192694
-0.18521840
0.04875892
0.15511445
0.65209952
-0.10153251
-0.31251290
-0.45541351
-0.29508598
-0.49852644
-0.26094724
-0.00469319
0.28404018
-0.02625388
-0.03456416
0.20731847
0.39025029
0.06618211
-0.56774294
-0.35067443
-0.21925100
0.04929199
-0.05200984
0.16203310
0.02979142
-0.35789678
0.19612211
-0.63340582
0.47736902
0.11224174
0.02854374
-0.09734574
-0.38977050
0.02339902
-0.36463419
-0.04666074
-0.26022262
-0.01650134
0.45443392
0.22618219
-0.35109201
-0.34698002
-0.41544667
-0.13720414
0.06982104
0.04947925
0.47222956
-0.03505109
0.11720619
0.37054951
-0.01544371
-0.30384629
0.00245559
-0.22948539
0.18578062
-0.08898945
-0.13481420
0.16593113
-0.34087929
0.02479280
-0.27297999
0.01500564
0.08842618
-0.44146403
0.31963087
0.01719050
0.01114402
-0.35766580
-0.12464404
0.22687845
0.57827309
-0.10387238
-0.01417159
0.16552567
0.10671820
0.18011498
-0.29697706
0.01420079
0.01105746
-0.10017909
-0.14718751
0.09707357
0.13827068
0.06741091
-0.05784873
-0.10667361
0.48843532
0.08212174
0.13351297
-0.25979550
-0.23692242
0.67043573
-0.13618435
0.70506938
-0.02580475
0.19218713
-0.38994331
0.23098016
-0.19310823
0.62539067
0.13290129
-0.02794397
-0.17403003
-0.10555983
-0.17216592
0.45412508
-0.17709488
0.36350096
-0.17884512
0.40534553
0.27802581
-0.24352301
-0.65450503
0.07839449
0.08536969
0.35849501
-0.38671780
0.41604782
0.31440275
-0.10790877
-0.07789715
0.20339223
0.50473773
-0.19793674
-0.28782774
0.24734122
0.22005832
-0.33952707
-0.37629899
0.05979838
-0.37794248
-0.08522415
-0.23589664
0.02449617
-0.30615957
0.28282124
-0.71631349
0.05094130
0.49152774
0.03551944
-0.11422626
-0.54570748
0.37332592
-0.24736333
0.04073877
-0.60525143
-0.14413855
0.29833579
0.25309332
0.16012613
0.66461098
0.03722603
0.30213620
-0.12528290
-0.17989779
0.16243717
-0.15929490
-0.32436019
-0.23161824
0.24335268
0.07470720
-0.19963526
-0.06032570
-0.29434441
0.22216989
-0.06123206
0.16897542
-0.01813009
0.18644455
-0.13436780
0.09668427
0.20975231
0.30663120
-0.02387664
0.05452081
0.37970414
-0.11019495
0.08850133
-0.29276037
-0.29027475
-0.08420736
0.05486608
0.23567135
-0.16409605
-0.41022725
-0.38263905
0.17007672
-0.33321403
0.33426774
-0.22669987
0.35091985
0.08547955
-0.01718966
-0.53565546
-0.15682807
-0.52709658
-0.07414294
-0.52577619
-0.30671045
-0.24050509
-0.06986101
0.24032711
0.30397722
0.19632438
0.24454096
0.37356479
0.22940124
0.69199113
-0.02740287
0.16384853
0.11878040
-0.07707189
-0.09381902
0.09285674
-0.22128464
-0.26857602
0.19440559
0.35919673
0.31406356
0.12623777
-0.02158314
0.02594228
0.18030272
0.26964750
-0.66974995
0.27570092
0.03172572
-0.19352871
0.42328091
-0.15941162
0.27866498
0.30352194
0.12469921
0.14235418
-0.00009335
0.26537787
0.22656975
0.09029059
-0.10060276
0.06106532
0.10163371
-0.38305114
0.04349022
-0.25262957
-0.03782999
-0.34060199
0.04157860
0.38517663
-0.02486412
0.07465304
0.30963217
-0.33487688
-0.18860481
0.58180836
0.08349938
0.46282044
-0.59064234
-0.44129290
-0.14796927
-0.46977218
-0.02604388
-0.21076185
0.36780075
0.53829107
-0.15755182
-0.32733469
-0.10717960
0.09892682
-0.06059940
-0.38823379
-0.65942031
-0.24829727
-0.43688160
-0.37827474
-0.32474045
-0.01554297
0.35426552
0.38136849
0.15800597
-0.09648449
-0.16548639
-0.42652133
0.12706236
0.12847480
0.14048705
0.02678816
0.51539019
0.27317074
0.31246240
-0.12055067
-0.04194088
0.14070339
-0.02336354
-0.62332211
0.23312380
-0.10061122
0.32281730
0.29953875
-0.08805819
-0.13956198
0.17318991
0.27503719
0.06283715
0.30482772
0.19172979
-0.22338829
0.12611376
-0.62296745
-0.30932652
-0.39670794
0.31620775
0.14096433
0.09884448
0.14469898
0.11360605
0.58806622
0.07257868
-0.37643597
0.05589750
-0.07976142
0.28797629
-0.05060233
-0.02522156
-0.32404242
-0.01340466
0.15521114
0.26040099
0.39949303
-0.08841187
-0.23788497
0.06006897
0.29068536
-0.03337106
0.39162245
-0.21894327
-0.08542380
0.08308702
0.06505275
0.21455381
0.04943987
-0.07064652
0.06096740
0.30565228
-0.11118302
0.19795703
-0.36632824
-0.16581830
-0.14231231
0.43817979
-0.15807015
0.26719159
-0.08928364
-0.24777259
0.52772830
-0.56322113
0.28629013
0.31432822
0.34915374
0.05807270
-0.26175400
0.22676736
-0.19036160
0.28608587
-0.31908810
0.36526217
-0.38783394
-0.35553061
-0.22585344
-0.02566916
-0.09844056
-0.12074742
-0.07540838
-0.34048815
0.08574455
0.02231605
0.00991278
