-0.11266805
-0.07240368
-0.05270705
0.00648461
-0.50700095
0.02416734
0.06864275
-0.08409550
0.25454444
0.46943955
-0.58387432
0.11496740
0.03169106
-0.00640395
-0.01320709
-0.77763735
0.62538378
-0.27422065
-0.43774594
0.31966762
-0.12651887
0.38990694
0.02943029
0.10145733
0.35368038
0.15448018
-0.66640516
-0.00445857
0.11576976
0.08433291
-0.12328131
0.04827967
0.12250831
0.40412332
0.22365104
0.45511701
0.18499363
0.29549845
-0.47432134
0.25692319
0.26735493
-0.33028106
-0.03779668
0.41460646
0.08511785
-0.10296356
-0.34814558
0.49469657
0.18546964
-0.20603876
-0.02170259
-0.01597133
0.19336095
-0.11233477
0.00974954
-0.38591252
0.15618971
-0.07949471
0.35670743
0.22543513
-0.17909284
0.04943824
0.10934091
-0.35012709
-0.27731271
0.18808553
0.02989177
-0.16500967
-0.09614897
0.04986345
-0.13209666
0.51119812
-0.08569762
0.25741183
-0.31077098
-0.21035551
-0.22398832
0.02586691
-0.40111888
-0.13070468
0.19972460
0.18465600
-0.10367733
0.05884763
0.08277925
-0.43193682
0.06714164
-0.13499962
-0.12852357
0.58675106
0.32669283
-0.02237496
0.14690386
-0.13417084
0.02336229
-0.98544298
0.16551894
0.04518149
-0.40131264
-0.02646756
0.16909865
0.18443789
-0.27634955
-0.01067115
-0.17673559
-0.15664408
-0.22839038
0.00261787
0.07280784
-0.01873452
-0.14020775
-0.18530386
0.57712327
-0.36752513
0.21667774
0.27501356
0.14843707
0.41188748
-0.12566737
0.02199671
-0.21425022
0.14064757
0.36638916
-0.25283299
-0.24952121
-0.35546810
-0.66608755
0.13243814
0.07655709
0.33213632
-0.40940102
-0.09286169
-0.02798093
0.50611884
0.20711477
0.50997182
-0.03065348
-0.20539660
-0.31082810
0.07717061
-0.02871117
-0.23025842
0.41340415
-0.52147120
-0.27073722
0.29864816
0.24535029
-0.01259859
0.49464809
-0.16617026
0.13846586
0.06009024
-0.26518837
0.18930947
-0.07441641
0.39384395
-0.72478345
0.02747494
-0.03182037
0.29071580
0.26485270
-0.26744727
0.12217075
-0.53849516
0.04695529
-0.18798027
0.14029562
0.13530030
0.10838528
-0.08993062
-0.40111359
-0.21539691
0.56399070
0.19192387
-0.12648575
-0.18968311
-0.10323995
-0.44883775
0.04902208
-0.18649012
0.07073845
-0.24031992
-0.26094730
-0.03641298
-0.26509348
-0.34604432
-0.65055340
0.54765603
0.06678572
-0.32430169
0.15462036
0.22301279
0.37584959
-0.08414614
-0.06658886
0.18579499
0.00224049
-0.31110063
-0.34343225
-0.23539528
-0.14333325
0.48788305
-0.12848288
-0.37935126
0.42881542
0.01453161
-0.30795797
0.13737139
0.15217231
-0.23955324
-0.33458036
-0.28619811
-0.45377140
0.34418853
-0.17243754
0.09399326
-0.09278644
0.31153551
-0.41135048
-0.03326027
0.15170881
0.04056697
-0.36175163
0.02623180
-0.05649748
-0.10876159
0.23482860
0.14481830
-0.17592276
-0.02497752
-0.37850184
0.30107578
0.00071912
-0.04838663
0.04366050
0.20501358
0.04505719
-0.17756842
0.41406324
0.02012780
-0.13999581
-0.18896946
0.12912867
0.22679110
0.17674372
0.53513686
0.16396533
0.53756173
0.05132399
0.72017764
-0.00095714
0.03311931
0.00443588
-0.11960074
0.05780019
-0.26335552
0.32553111
0.33282008
-0.03928436
0.06160391
0.40429309
-0.01785193
0.26760201
-0.12239041
0.27589499
0.09139034
0.24131171
-0.04413653
0.20684270
-0.30328969
-0.06073350
-0.03999377
-0.18154956
0.08684380
0.11210097
-0.42555033
-0.16340939
0.18106019
0.31909516
-0.19941712
0.01095358
0.49550750
0.10783206
-0.59765178
0.25928847
-0.10544658
-0.51241863
-0.04764627
0.21495482
0.01609991
0.17394297
0.26589675
-0.21639434
-0.26709762
0.03207195
0.11437198
-0.36911241
0.29414787
0.39179904
0.01881031
0.17543816
-0.52210238
0.05386901
-0.20632496
-0.20131149
-0.17482657
0.10883787
-0.56600064
0.14920266
-0.62603615
0.81088165
-0.05636028
0.22973983
0.39360238
0.23718912
0.28069109
0.05026669
-0.44163715
0.16252292
0.04867501
0.39935246
-0.32631116
0.33900767
0.16741189
-0.27349481
0.05156652
-0.58719995
-0.20927940
-0.37511380
0.12074668
0.00697230
-0.47875351
0.33063748
-0.27329039
-0.32630056
-0.07201349
-0.02614189
0.18745999
0.46260775
-0.31196036
-0.03194125
-0.31913744
0.15294687
-0.00877922
0.27253973
0.20845735
-0.25884956
-0.36601193
0.16772366
-0.26928363
-0.19377017
0.15141302
-0.37015399
0.11113732
0.05217649
0.42000191
-0.17028483
-0.08311268
-0.11350738
0.07098728
0.59738896
0.24383123
-0.28010039
0.62435287
-0.09930722
0.36426935
-0.05565420
-0.41374407
0.04102466
0.31893270
-0.30082136
0.27583072
-0.11289372
0.15129461
0.03541615
0.05438814
0.18373184
-0.29971388
-0.38928741
0.48008291
-0.08185412
-0.19437558
0.32448382
-0.38835551
0.45160215
0.23062831
-0.03069830
-0.36771646
-0.30199726
-0.16785931
-0.27368685
0.25748450
-0.32061879
0.25520353
-0.16010123
-0.33789494
0.17162463
0.25546733
0.46631735
0.52908665
0.12565806
0.03513354
-0.48988644
0.06641277
-0.35876733
-0.24837792
0.04222152
-0.05739943
0.24177751
0.00725184
0.28869993
0.19606531
-0.29082026
-0.06768616
0.03161796
0.00603344
-0.29189505
-0.04564105
-0.34532023
0.07671356
-0.39099838
0.10799624
-0.04600772
-0.67646825
0.11200383
-0.14506970
0.24146786
0.40217024
0.09566773
0.23671052
0.19273563
0.28112637
-0.08614566
-0.05765496
0.18425675
0.04902649
-0.70799209
0.25894857
0.33387074
0.13244844
-0.09513998
-0.07482583
-0.74527339
-0.17309148
-0.23074206
-0.22845237
-0.32306839
0.10986125
-0.43826443
-0.08471560
0.30268469
0.36265583
0.03999249
0.02589007
0.05988660
0.06799443
0.16297825
-0.27488528
0.00224195
-0.50434011
0.04745591
0.20460642
-0.27558239
0.21592423
-0.16055654
-0.22839832
0.50575504
-0.02900091
-0.09841869
-0.01481489
-0.11919149
-0.05252739
0.24825054
0.19123381
-0.25399146
-0.03064162
-0.13042212
-0.36481872
-0.35998095
0.28407008
-0.79916952
0.11277421
0.06552855
0.07659462
-0.09660747
-0.03061558
0.60151204
-0.12103071
0.34916179
0.31626635
0.21136487
-0.06152123
-0.02098889
-0.03663145
0.10552825
-0.20192093
-0.30557700
0.45886077
-0.22997716
-0.00898447
-0.30382745
-0.92888753
0.09720355
-0.21633967
0.11260581
0.53679936
0.29747504
0.63710729
-0.61650813
-0.33262082
-0.19833705
0.19036834
0.46815532
-0.16813609
0.16841515
0.74579463
-0.01473633
0.28281191
0.15209421
0.13176784
-0.22250529
-0.18825164
0.14080665
-0.23554842
0.08718581
0.03395088
-0.21456809
0.07024619
-0.18812774
0.25856067
-0.11648886
0.11167309
0.34359808
-0.10992599
-0.55677773
0.33120364
0.36920312
0.75682458
0.23702914
-0.10884951
0.58765580
0.08524176
-0.28057650
0.11735103
0.05896096
0.31051453
-0.14390619
-0.18731996
0.02192784
0.22810902
0.04499666
0.27611862
0.42521670
-0.38923148
-0.14738330
-0.13389790
0.26032970
0.09457392
-0.30793996
-0.03122162
-0.58382315
-0.25777138
0.44433640
-0.62238640
0.25429554
0.08394299
-0.07796694
-0.01529735
-0.54684978
0.07167229
0.29051137
0.32000079
0.34853447
-0.00871641
0.11132836
0.23855255
0.39820366
0.00188893
0.01544038
-0.19899094
0.39825904
-0.05882104
0.01362381
0.00966684
-0.47257557
-0.23213871
-0.05878637
-0.00956051
-0.03623340
0.12993619
0.91572562
0.17874653
0.20304946
0.02114124
-0.11827450
-0.01057974
-0.04882078
0.04533880
-0.56221033
-0.15786558
0.03792757
0.07829196
0.35343234
-0.02211283
0.52188962
0.30470502
-0.60564122
-0.41840850
-0.49228788
-0.09362895
0.10653814
-0.19962335
0.34558011
-0.16683996
0.01450583
0.27373816
0.07358205
0.04171338
0.10022526
0.36069601
0.36582397
0.18877289
-0.03111537
0.35599284
-0.24020235
0.17707431
0.14017989
0.27426651
0.12650647
-0.18256405
0.44763033
0.33686041
0.59055981
0.61439512
0.12918116
-0.03434502
0.52298810
0.21145545
-0.20579127
-0.07898280
-0.18813904
0.06453384
-0.34007060
-0.46404412
-0.14954474
-0.26312333
-0.96060344
-1.09983901
-0.94480789
-1.23888182
-1.64046464
-1.00811727
-1.25389741
-1.41341968
-1.74556042
-1.55875186
-1.15593478
-1.35728397
-0.71726895
-0.68221613
-0.57572646
-0.35120885
-0.25976932
-0.08437917
-0.22500556
0.11963255
0.59565979
0.44005884
1.32051375
1.31441876
1.64824630
1.19426773
1.58490381
1.49517785
1.47876605
1.56607961
1.58670869
1.61144182
1.56211462
1.62538987
1.31907480
1.52973589
1.22532042
1.45891097
0.24437500
-0.14746043
0.28011664
0.50067677
0.02961902
0.18139882
-0.38495156
-0.16917247
-0.32519039
-0.20325445
-0.98084980
-0.94375230
-0.31158743
-0.67419658
-1.10118262
-0.83861892
-0.75669382
-1.18869711
-0.80765284
-0.51032677
-0.40992508
-0.85895334
-0.32646604
-0.47735420
0.18475471
-0.51837188
-0.19175354
-0.38843816
-0.07677211
-0.16754397
0.27533657
0.26894306
-0.15113495
-0.57322706
0.10858017
0.39197842
-0.15136783
-0.06380656
-0.04532841
0.41005038
0.48023008
0.36384332
0.18604652
-0.07290019
-0.31470105
0.65464095
0.24403803
-0.29709479
0.14655110
-0.17919489
0.14913269
-0.23853599
0.49225650
0.07772112
-0.09702138
-0.27819733
0.49050349
-0.29529613
-0.15953486
0.28069804
-0.28845101
-0.30178174
0.01040653
-0.21857754
-0.06882252
-0.19102411
-0.16770510
0.46200712
-0.01753604
0.29200236
0.22613028
0.60104166
0.10883280
0.41012820
-0.61064435
-0.21042273
0.05971138
0.18519984
0.00464243
0.28749738
-0.12426262
-0.03942853
0.24529223
0.02797367
0.02893824
0.07369181
0.10058177
0.17759363
0.18092579
0.23041352
0.39072358
0.21624490
-0.00336155
0.20336273
0.04144345
-0.09309553
0.16763855
0.05986863
0.00072525
0.04407004
0.14841841
0.12774153
0.41376525
-0.05964503
0.04285157
-0.07356204
-0.14187521
-0.04260322
-0.06355523
0.08034501
-0.08156947
-0.08020366
-0.24171791
0.08249035
0.58440399
-0.44112070
-0.16858135
-0.29277990
0.49648838
-0.29633404
-0.21365033
0.01561568
-0.49685026
0.24562194
0.19156457
0.16530067
-0.17578659
-0.57038419
-0.02188162
-0.26474754
0.17455157
-0.05880876
-0.11960884
0.52375726
-0.25208546
-0.02252974
-0.46414652
-0.22057766
0.20988733
-0.28176820
0.09126619
0.26747236
-0.26958721
0.38191457
-0.48843990
-0.18877826
-0.51329647
-0.21671212
0.01780814
0.64112562
-0.23294519
-0.47922365
-0.09121083
-0.20944270
0.31104777
0.07876722
-0.07483858
-0.08684372
0.30896570
-0.01402389
-0.17872234
-0.03640375
-0.19457116
0.32373210
-0.43407578
0.60112228
0.35727093
-0.15425594
-0.05353387
0.01577645
-0.18134469
-0.12672265
-0.38804210
0.17132446
0.00517620
0.04537950
-0.31671527
-0.05329834
0.13481598
0.20958174
-0.20037292
0.24853112
0.32084447
-0.32558561
-0.12909707
0.31613947
0.20736206
-0.31056182
0.13035094
0.68952386
0.19384757
0.16868539
-0.70312364
0.08613959
0.07421757
-0.15074692
-0.04415089
-0.05036986
-0.00629608
0.03438858
-0.09544938
0.29388186
0.08865138
-0.11158095
0.02861847
0.00574809
-0.21648421
-0.16413209
-0.05335375
-0.18473445
-0.02173926
-0.07562252
-0.20003010
-0.05332641
-0.29653419
0.31330277
0.49045956
0.11919241
-0.19059373
0.06931618
-0.22765014
0.09453778
-0.12799151
0.20983010
0.30843285
0.61702414
-0.10062307
0.27836917
0.29137446
-0.32277689
0.44509421
-0.36394444
-0.36986788
-0.46410804
-0.32202274
-0.10550573
-0.21449990
-0.47376051
0.35773128
-0.02522932
-0.24914841
0.29251060
0.03312441
0.15473630
-0.12111331
-0.24667895
-0.00372837
-0.21774456
0.13377271
-0.34627351
0.45337197
0.20534711
0.31473875
0.15880773
0.12003777
-0.16490416
-0.02358891
-0.08541284
0.32745969
0.23724119
0.11553536
0.30092647
0.00287578
0.26244748
-0.23312148
0.04437970
-0.04006756
-0.00264907
0.31056496
-0.23145519
-0.54582227
-0.26792570
-0.28437268
-0.30528154
0.17959558
-0.22201791
-0.19580874
0.01326110
-0.00755118
0.20665198
0.20611953
0.27257470
0.00786140
-0.15217525
0.18245590
0.23300009
0.47903817
-0.10138889
0.45860767
-0.35879454
0.10012362
-0.28991568
0.04267161
0.36337578
-0.38681262
0.35782935
0.02298608
-0.12611892
0.11423828
0.02063644
0.26468573
-0.34200891
0.56528501
-0.18807471
0.15869618
0.00232727
0.42828003
0.10007098
-0.18900278
0.10513274
-0.39878180
0.18634037
0.56957354
-0.08597865
0.14027983
-0.06515592
0.45031916
-0.46195371
-0.29080522
0.23743858
0.37089026
0.09924925
0.03506530
0.06043276
0.19425142
-0.22148121
0.07647858
0.28835216
-0.43799592
0.24751931
-0.48709981
-0.47447848
0.10482066
-0.34982038
-0.28364609
0.24947727
0.15795776
0.31150987
0.34680246
-0.15758954
0.07149168
-0.30502041
0.28114504
0.11450898
0.31188348
-0.58072403
0.07291501
0.25786927
0.10224546
0.36772846
0.14757787
-0.42203758
-0.38754296
0.27057708
0.36170893
0.22445616
0.13271521
-0.22791651
-0.10282490
0.12516199
-0.11416289
0.08815954
-0.05643777
0.34665519
0.16884686
0.20815149
0.02676769
-0.12181452
-0.37500804
-0.42394905
-0.35038695
-0.26021140
-0.17510642
0.49132237
0.62613773
-0.23663209
0.00168581
-0.35865879
-0.15920252
0.37686879
0.09461967
-0.08586162
-0.05398446
0.11112730
-0.25270101
-0.42737711
-0.22897344
0.17356775
-0.15671492
-0.08951187
-0.07462297
-0.23299752
0.21916436
0.29868515
0.01041021
-0.24399036
0.15229268
0.49221220
-0.19357569
0.05447945
0.23141147
-0.34847631
-0.22713590
-0.29896576
0.09049359
-0.22755853
-0.31364170
0.07376303
0.23440617
-0.00852350
-0.09855292
0.14598919
-0.02585791
-0.44187381
-0.39452914
0.13917413
0.27022748
-0.06652071
0.20259942
0.09132412
0.28200430
0.08742879
0.04420848
-0.08383645
-0.40489729
0.16238873
-0.00339070
-0.34941636
-0.17113996
-0.17703394
-0.13417803
-0.05935734
0.23583351
-0.54655313
0.15344805
-0.24215646
0.80277191
-0.11860590
-0.29399408
-0.09299663
-0.06356691
-0.16417706
-0.08699304
-0.21134004
0.01310464
0.01835492
0.03192353
0.15894240
-0.24847087
-0.13982793
0.34240449
0.31258103
-0.19929887
-0.40823500
0.18025037
0.01957895
-0.37769557
0.05786252
-0.13461726
0.34511373
0.02668009
-0.06470921
-0.26051542
-0.51004518
-0.28934539
-0.33763544
-0.22194369
0.16466119
-0.14817696
0.22970180
-0.16625703
-0.16036671
-0.18152701
0.16664220
-0.24319008
-0.22732045
-0.09982821
-0.06197253
-0.24374322
-0.13996009
-0.18726152
-0.54425285
-0.09596034
-0.55861627
0.30075063
-0.69959745
-0.22700666
-0.20981537
0.24934668
-0.45041113
0.31852895
-0.19549459
0.55796015
0.46649240
-0.08729264
-0.04444653
0.45087198
-0.08234599
0.03879062
-0.00318827
0.10771197
0.01965816
-0.22420050
0.28134879
0.13673599
0.31354251
0.13351800
-0.14438513
0.04247733
0.21076755
-0.04036816
-0.31797198
0.43785196
-0.11588647
-0.24279344
-0.27721966
-0.31031647
0.15411101
0.22398663
-0.30835330
-0.37881181
-0.38151803
-0.18795056
0.11333629
0.08505551
0.24166747
-0.15145413
0.07720763
0.15196774
-0.03617140
0.44538513
-0.18351949
-0.01273039
-0.13589783
-0.22689904
-0.21126204
0.15024019
0.25010788
0.20288320
0.13394412
0.31371148
-0.21116576
-0.00628445
0.18213039
0.33564880
-0.17694583
-0.29721651
-0.31825672
-0.21907558
-0.03797208
0.08649512
-0.31468052
0.25257194
0.08294851
0.56129282
0.21521756
-0.16711518
0.17888636
0.16775633
-0.14554402
-0.10806276
-0.23130074
0.18941939
-0.11273116
0.06321295
-0.01213709
0.08286229
-0.30313091
0.30090268
0.12897788
0.03197357
0.00509067
-0.10244466
0.27480997
0.21988975
0.10191891
-0.04700511
0.10021573
0.11101977
-0.40232944
0.08328722
0.23625520
-0.32158430
0.23247258
0.03325564
-0.50202685
-0.03421459
-0.04735107
-0.40179600
0.38862495
-0.24443134
0.44889947
0.29837545
0.50871290
0.12798725
0.06624490
-0.21448416
-0.50460817
0.13429242
0.02508064
-0.08447962
-0.05183653
0.21202717
-0.49659024
-0.02075302
0.10556152
-0.27456231
0.04619782
-0.32482875
-0.21730323
-0.17339581
0.19471622
-0.06036099
-0.02164244
-0.04496496
-0.07656519
0.49145379
0.14197812
-0.03242674
0.38154853
0.18863548
-0.15793178
-0.27982256
0.06785645
-0.29011003
-0.25388326
0.62778639
-0.51112909
0.17264109
0.04395043
-0.12439920
0.41364634
-0.05350666
-0.05567974
0.21457773
-0.29156382
-0.26437924
-0.12623971
-0.02379816
-0.32049088
-0.28826803
0.12494300
0.45272066
-0.37197737
-0.20274316
0.45654731
-0.76001596
-0.18237176
-0.07970119
0.27623673
0.17998261
0.15447471
-0.38193810
-0.13338061
0.06581194
-0.45385622
-0.03791858
0.03396708
0.07468114
-0.33972975
0.03540602
0.14294857
0.41247949
0.59332057
-0.00027112
-0.02546710
-0.16663088
-0.07663830
0.13975406
0.14614527
0.19538447
-0.09019299
0.03791691
-0.10066824
0.07524753
-0.12908495
0.19613139
0.29842724
0.17018280
0.15231477
-0.46286139
0.33800286
0.00843961
-0.05686503
-0.46849776
0.43334168
0.13187820
0.26456439
-0.08835190
-0.10558081
0.48431844
0.12568670
-0.03136356
0.06216391
0.17157043
0.37400788
0.21628141
0.33983191
-0.24214289
-0.01088777
0.20000277
0.26334454
-0.21890369
-0.63606252
-0.52146077
0.10749972
-0.32565866
0.29630224
0.75633055
-0.23938332
0.05823634
0.27181986
0.32574864
0.02103488
0.00849089
-0.20692802
0.02118751
0.00913364
-0.56969286
-0.11847203
0.06449075
-0.19505222
-0.08283607
-0.21407215
-0.38383693
-0.00983325
0.15559546
-0.19875125
-0.30675047
-0.46937876
-0.24203257
-0.25735033
-0.13465154
0.17506211
0.67494266
0.06686792
0.16542584
-0.32521340
-0.03701509
0.19063814
-0.01078674
0.05004681
-0.07889246
0.01657900
-0.15654224
0.28144293
-0.21646238
0.35510331
-0.15535132
0.11846168
0.15839993
0.52533172
-0.24302469
-0.09956281
0.39691371
-0.34250503
0.22032480
0.04158979
0.02087950
0.09377488
-0.43284510
-0.07696720
0.19108114
-0.36458326
-0.15986129
-0.07732956
-0.37180209
-0.03457256
0.06582603
-0.48608478
-0.21511319
0.02656106
0.00869848
-0.30466665
-0.06144183
0.02255605
-0.26091823
-0.18514657
-0.54747049
-0.20721017
-0.23386253
0.21221230
-0.28896014
0.27633877
0.32631176
-0.39407347
0.10152870
0.34445135
0.40451599
-0.23809546
0.53376783
-0.21166476
0.29437842
-0.03939414
-0.31291767
-0.11646012
0.29106141
0.23537718
-0.01212461
-0.30395489
-0.17541362
0.38251408
-0.13573144
-0.11022872
-0.43516862
0.49913223
0.01889198
0.43277310
-0.86378973
0.06017904
-0.49386703
0.72012189
-0.61230477
0.72193254
-0.27486384
0.50321762
0.06352475
-0.07667681
-0.14353440
0.02107434
0.02206866
0.16942194
0.35233580
0.14598627
0.03233636
-0.01941268
0.00886521
0.04444526
0.27473889
0.02985705
0.06598778
0.17220613
-0.42540589
0.20452310
-0.03876251
0.10556958
-0.25735290
0.50259547
0.44864160
0.21672204
0.00032571
0.22390559
0.06165364
-0.29908070
-0.45438669
0.12117417
-0.29946266
-0.39775679
0.13445050
-0.06246105
-0.02133446
0.06626831
0.02895694
-0.39827417
0.14452427
0.22195573
0.48360674
-0.34505056
0.29534707
-0.04073258
0.09950228
-0.39029513
0.09614051
0.32945389
-0.09287617
0.10689595
-0.22524224
0.17076403
0.41801301
-0.14063552
-0.16039127
0.27867674
0.52185957
-0.26426462
0.11183479
-0.09357080
0.19008912
-0.13990118
-0.31272692
0.06628841
0.25189432
0.38989280
0.46144309
-0.28789144
0.37050970
0.37569528
-0.08506830
0.62602639
0.09435215
0.00109269
-0.04660695
0.07227235
0.37229751
-0.13657908
-0.04054703
0.34888005
-0.01920569
-0.24329257
0.15179589
-0.25216049
0.00458294
0.26036408
-0.02141950
0.04546772
-0.33234545
-0.13210862
-0.32625383
-0.02463949
0.14098037
-0.47790899
0.02154032
0.19634980
-0.27926343
-0.04823181
-0.60291150
-0.20472526
0.08130372
0.41065875
0.03291657
-0.19641013
-0.30293350
-0.10431346
0.43426904
-0.14907585
-0.28272645
-0.05221384
0.32209003
-0.15506190
-0.17225078
0.27771472
0.18058551
-0.42967367
0.24766847
-0.09802818
-0.40795287
-0.15548889
-0.18109211
-0.18289614
0.22017331
0.20981532
0.15464468
-0.02710663
-0.17220534
-0.05865876
0.14841304
0.04091017
-0.32622519
-0.42057244
-0.16780107
-0.19153952
-0.27233065
0.14802877
0.12159302
0.14403094
0.10875953
-0.50365977
0.39329794
-0.38813140
0.45634818
0.11159252
-0.01045371
-0.17187349
-0.16993852
-0.29428118
0.02999208
0.19305423
0.29648811
-0.08813419
0.00770261
0.19546589
0.56267408
-0.36413766
0.02540886
0.29281991
-0.64303958
0.19377802
-0.02298027
-0.07237379
-0.16341839
0.05079524
-0.07548421
-0.05940469
-0.14431548
-0.05978276
0.00200340
-0.39291082
-0.00912294
-0.06192859
-0.01670410
-0.48697196
0.16662944
0.24826845
0.15839215
0.20740609
-0.22490863
-0.02685713
0.12517940
0.04621858
0.19277956
0.48976613
-0.51051752
0.12278022
-0.17133358
0.03369694
-0.54101932
0.01487598
-0.24221185
0.11396918
-0.07060311
-0.06956926
0.06643020
-0.12036218
-0.28349720
-0.16118893
-0.46684922
-0.20454677
0.30273041
0.04488464
0.22008551
0.22733344
-0.26207758
-0.03859480
-0.04513462
0.60352771
0.30892410
-0.20459017
-0.06681393
0.25849842
0.09270489
0.13213871
0.32091610
0.08492596
-0.44707587
0.33711885
-0.34866479
-0.37289827
-0.02144788
0.16134920
-0.32360820
-0.05224941
0.10353753
-0.17142884
-0.15943765
-0.35208652
0.10866238
-0.16257244
0.36928704
-0.33665647
-0.09360940
-0.30268836
0.08671275
-0.04964940
-0.07695875
0.14155058
0.62291543
0.34526638
0.26145179
-0.17712398
0.54322493
0.16360599
-0.14801842
0.37143693
-0.02383261
0.47388804
-0.12557923
-0.16320939
-0.10743504
0.07774648
-0.04442383
0.39527834
0.07091574
-0.13014229
0.48059694
0.54662976
0.19377857
0.01325587
0.18191936
-0.00839351
-0.19853168
-0.09078541
-0.37856924
0.01043224
0.15235164
-0.08830848
0.30300318
0.23267168
-0.15784814
0.08463854
0.22698080
-0.16504442
-0.01648291
0.24242440
-0.15746602
-0.22242172
-0.04974365
-0.02885659
0.02670268
0.11621011
-0.20875133
0.22415722
-0.02521198
-0.42509240
0.12129896
-0.05635965
0.27754712
0.33260652
0.04332936
-0.28671444
0.35544449
0.54403382
-0.29213955
-0.02569254
-0.34501994
-0.13785173
0.02030815
-0.20222559
0.22441270
-0.29448752
0.31903501
-0.07505926
0.09506594
0.04235423
0.05226708
0.05253902
0.14795258
-0.39107121
-0.02618725
0.36156658
-0.11551585
-0.34704569
0.08120089
0.42690717
-0.23505686
-0.32325284
0.59338751
0.27664802
-0.05482838
0.02436489
-0.22878266
-0.12136705
0.42214664
0.06510398
0.08588119
0.77032836
0.01754008
-0.35225460
-0.14749515
-0.05621269
0.09407430
0.07526792
-0.23302776
0.65705717
0.03793434
0.36951227
0.09593044
0.42113384
0.34117121
-0.17587604
0.40928125
-0.03913228
0.19330752
0.14996583
-0.40476737
-0.05642336
0.29942397
-0.15796289
0.06088593
0.14340626
-0.11659520
0.21344371
0.63259242
0.39035405
-0.77942954
0.27554105
0.02074734
0.24297201
0.14554131
0.15100153
0.42110109
0.06672354
-0.15210548
-0.22159799
0.11825865
-0.69262095
0.10119789
0.32242870
-0.31895984
-0.31591655
-0.48829023
0.14252444
-0.32871318
-0.21612639
0.09925812
0.00216721
0.37151844
0.40090242
0.23215253
-0.04735714
0.08508348
-0.18077582
0.52759175
0.19809407
0.54153549
-0.06814750
0.18267417
0.08890842
-0.41469080
0.10218586
0.13801587
0.43362299
0.24801824
-0.10101516
-0.19825522
0.36661761
0.01521355
0.25790303
0.33880644
0.41817123
-0.50134069
-0.12002318
-0.43095966
-0.10766100
0.13059096
-0.36464508
-0.05028627
0.03852712
0.63440063
0.09893432
0.29250678
0.67380666
0.05380629
0.05418229
0.17168475
0.36900104
0.11737011
0.22783201
0.50387245
0.30821219
-0.08968906
0.25777321
0.06432343
-0.37547391
-0.24189780
-0.10449891
0.17248466
0.02821770
0.71258378
0.34132421
-0.15225391
-0.01333457
-0.44790148
-0.26915017
0.06920184
0.35878294
-0.11193166
0.21453441
0.16051066
-0.18151674
0.06204867
-0.06811647
0.31012654
0.26830051
-0.26898690
0.05045598
0.14942264
-0.13086324
0.14866306
-0.13642162
0.36896451
0.05572480
-0.01114320
-0.06769742
0.16955079
-0.50895664
0.28529827
-0.02819651
-0.02688645
0.02077984
-0.38291181
0.21697815
-0.31374283
-0.21482825
0.18662726
-0.06257420
0.20342200
-0.39434631
-0.27449819
0.00832888
0.31838246
-0.26629472
-0.43411026
0.37137070
-0.62279265
0.23478837
0.23327339
0.18915108
0.04349352
-0.02096926
0.06267753
0.02843125
0.07753717
-0.12993778
-0.19360810
-0.08588817
0.02853931
-0.47721056
0.01141223
0.01261616
-0.65433775
0.34273333
0.40702517
0.42684160
-0.03020274
-0.12291554
0.09844370
0.15478036
-0.30228514
