0.06106882
-0.31200539
0.11337526
0.10424170
0.14307987
-0.32942726
0.15701759
-0.27026119
0.22669037
-0.12419630
0.31597789
0.63815957
-0.32298012
0.35364272
-0.16556687
-0.23592453
0.21946895
0.23994453
-0.13960145
0.10776894
0.38104362
0.05351579
0.20786233
-0.03646011
0.09220972
-0.06503780
-0.17831725
0.22996124
0.27408755
-0.36884421
-0.49092212
0.11813490
-0.30252910
-0.15273599
0.03973044
-0.18286329
0.23603933
0.32871988
-0.47108129
0.13758678
0.43524360
-0.12280836
-0.33814818
-0.10181924
-0.02228678
0.59548576
0.25788588
0.00514983
-0.07106497
0.01452101
-0.35608405
-0.26938271
-0.34653278
-0.20779241
-0.31113130
0.58946074
-0.09307333
0.18282097
-0.08155875
-0.22183206
-0.41767499
-0.16834084
-0.25281167
0.33225248
0.08139637
-0.19964604
-0.07365349
-0.24288640
-0.86501678
0.29315984
0.26400249
0.04718775
0.19237397
-0.45479477
-0.18345292
0.00649469
-0.35557718
0.34210915
0.38299028
0.14034834
0.19807898
-0.24813467
-0.02799494
0.02698044
0.16188923
-0.23110742
-0.43171422
0.11397607
-0.03924869
0.10104508
0.03649216
0.49342733
-0.17243286
0.25516213
0.02539646
-0.26691608
0.20540915
0.02094405
0.29515568
0.14739292
-0.10680655
-0.23216587
-0.22415358
0.33344734
0.02143607
0.17963923
0.10288531
-0.32965245
-0.23318599
0.36646399
-0.19389697
0.36455794
-0.38023007
-0.02543113
-0.67967968
0.01735415
-0.38945097
0.67044106
0.29614296
0.02085484
0.05600790
-0.45941655
0.50012669
0.44872211
-0.58528995
0.20742272
-0.32829389
0.29603796
0.42761668
0.53918168
-0.17826604
-0.09480988
-0.15131735
-0.42611657
0.26509983
0.06922518
0.22506091
0.14262297
-0.48840295
-0.01453809
-0.03729438
-0.03159387
-0.00232012
0.21447755
-0.26648716
0.19280656
0.11568527
0.12687150
-0.16087932
-0.03670918
0.05222788
0.08291726
-0.22810476
0.31022862
0.14022317
-0.52454646
-0.15619662
-0.42557523
0.14543258
0.19007375
0.42628715
-0.11291761
0.59389053
-0.60112219
0.14045043
0.14347554
-0.31856694
-0.42606148
0.28520007
0.00808662
-0.01897075
-0.40565820
0.22730707
-0.16407740
0.27028493
-0.16164886
-0.22030765
-0.05543978
0.54623205
-0.20551681
-0.12547351
-0.09891108
-0.58105537
-0.17085442
0.32143272
-0.44335877
-0.25961668
-0.11512498
0.01847656
0.24182148
-0.31187794
0.30563673
-0.00473757
-0.13822083
-0.49499022
0.14183855
0.39661819
0.28194814
-0.02553251
-0.48154119
-0.35887041
0.17458240
-0.04068649
-0.11813507
-0.30993574
0.20287071
0.32466142
0.90832843
0.28706277
-0.02497898
-0.06500896
-0.15242230
-0.19004147
-0.28898766
0.08853750
-0.10171063
0.18097419
-0.29472288
-0.07335430
0.23898780
0.06091165
0.45222479
0.09203720
0.18872086
-0.49032905
-0.08908797
0.43235220
0.15461436
-0.31727457
0.22739136
0.53609104
-0.27594772
-0.34219873
0.16913668
-0.15446050
0.22910984
-0.10665111
0.40579932
0.38276529
-0.00009927
-0.29702432
0.23334547
0.47451562
0.09599257
0.11258874
-0.62467915
-0.05281362
-0.18045963
-0.20939743
0.36302953
0.13925447
0.24301398
-0.40417291
-0.13412315
-0.00517338
-0.17149717
0.39394526
-0.10429241
0.69623152
-0.03035807
0.22456652
0.15961657
-0.00472685
0.06360965
0.12096847
0.09201599
-0.43516927
0.41963096
-0.13953254
0.39031998
-0.29416006
0.08625260
-0.40957147
0.26190430
-0.03577266
0.33332488
0.54763162
0.14259781
0.24150936
0.07215771
0.05057247
0.40573641
0.46148828
0.38487957
0.05322053
0.29712790
-0.05440095
-0.29140414
-0.21093921
-0.07334189
0.05331479
0.08304028
-0.06726693
-0.40287243
0.50134960
-0.06465648
0.16546287
0.03804815
0.01792885
-0.00382154
-0.35916211
-0.04230067
0.11079085
0.12373272
0.21608526
0.23512242
0.53415296
-0.10937656
-0.55201931
-0.31168429
-0.07805046
0.19542706
0.44232478
0.01486195
-0.30716867
-0.02857296
-0.06430620
0.16332212
0.32120969
-0.40360123
-0.07972103
-0.25088920
0.15182592
0.09188441
-0.02906456
0.30332268
-0.46012005
-0.29228044
-0.28770193
-0.05985776
0.15572839
-0.48550752
-0.28607276
-0.12357792
0.03986982
0.09683347
0.90381984
-0.06660320
-0.41239387
-0.23014506
-0.34258378
0.01621363
0.45496149
0.06812531
-0.24449062
-0.24160450
0.07745798
0.20798220
-0.49832494
-0.15949891
0.27798374
-0.50206969
-0.04226999
-0.29404142
-0.23832088
-0.01620402
0.19409915
-0.30590402
-0.18115833
0.28115293
-0.02123474
0.07042009
-0.09132053
-0.18232805
0.17395315
0.04142630
0.17892426
-0.19289235
0.35143026
-0.05286939
-0.14250046
0.14982895
0.37597734
0.04124446
0.42096067
-0.02547724
0.52234782
0.02973490
0.09745275
-0.13268561
0.08400234
-0.04141602
-0.16555572
0.10416752
0.47556280
-0.40016223
0.09456259
-0.09730252
-0.18455983
-0.32581497
-0.13485029
0.49537756
-0.06391390
0.51864620
-0.04014662
-0.07445582
0.01015579
-0.13387449
0.13083249
0.10545487
0.31499568
-0.07866418
-0.20724278
-0.28314999
-0.01680329
-0.08385065
0.33238409
-0.19414925
-0.28163596
0.26491839
0.24887763
-0.05793926
0.02153514
-0.33458203
-0.46420927
0.32065090
-0.22021629
-0.14581627
0.15229484
-0.13205162
-0.28392318
0.29555325
-0.18139479
0.37152783
-0.02451371
0.24240854
0.12422778
0.28152190
0.16260435
-0.16236061
-0.14428563
0.13651094
-0.15843334
0.12335810
-0.54493404
-0.05630267
0.16361288
-0.36914063
-0.14438460
0.38182723
0.18522047
0.09408928
0.00827052
0.54209716
-0.44405784
-0.04563209
0.23028426
0.30383348
-0.44499434
0.01213775
-0.24442524
0.16188432
-0.50265063
-0.13793807
0.12033262
-0.23517548
0.09860147
0.07379719
0.53697753
0.18954537
0.07835965
-0.09309815
-0.31284548
-0.28021321
0.45972096
-0.10139648
-0.09374936
0.12192016
0.12788409
0.35250641
0.14684922
0.50553530
-0.32655686
0.16349587
0.38648275
0.30159335
0.03978237
-0.22511375
0.01704000
-0.21878216
-0.45724387
-0.65948418
0.29114079
0.00833822
-0.01157766
0.16040131
0.12930571
-0.58651835
-0.31512369
0.44454250
0.13141930
-0.29683126
0.04983185
0.39231624
-0.03336260
-0.01757848
0.37061560
-0.31392185
-0.02323967
0.26251836
0.55368065
-0.32646575
-0.08017401
-0.03406659
0.37806757
-0.08284841
0.44360660
0.23552655
0.03805489
-0.14692568
-0.27656285
-0.06733272
-0.52667204
-0.05071265
0.44048580
0.21171660
0.08232052
-0.30770931
0.32910364
0.11747472
0.19257416
-0.16698967
0.12059849
-0.02746322
0.39271886
0.51040319
0.30120627
0.20313749
0.13610590
0.17717894
0.24982557
-0.04236173
-0.24214770
0.40636057
-0.08406568
0.32627030
-0.20861802
-0.23794984
0.05905786
0.32075534
-0.26415821
-0.23630726
-0.10929706
0.64392737
-0.21632786
0.19331769
0.40414153
-0.27503411
0.25119718
0.09381876
-0.26481610
0.40359570
0.12607830
-0.12146074
0.44415535
-0.34512085
0.03357304
0.21614724
-0.25216034
-0.26139605
-0.11547315
0.44519118
0.00863605
0.10633113
0.10077997
0.40794081
0.28906647
-0.53788167
-0.65350845
0.43439834
-0.38748786
-0.47314498
0.22532680
-0.14791413
-0.22205317
-0.35654033
-0.08859501
-0.17376056
-0.32717579
0.05126380
-0.37671637
0.42783374
-0.05875631
0.14597262
-0.08252551
-0.31398933
-0.22160386
0.18804403
0.02956038
-0.09045275
0.16901780
0.11278818
-0.38754327
0.10619847
0.31904862
-0.33916830
-0.14840790
-0.80489724
0.37516923
-0.22689120
0.02991573
0.21595833
0.15079568
0.49754314
0.25455467
0.19013574
-0.30869765
-0.07579161
0.12791539
0.49739855
-0.45895635
-0.15353811
0.12448471
-0.01441330
0.19222233
-0.38622901
0.55617057
0.03263552
0.11249904
0.52303167
-0.17675582
0.15850214
0.39674059
-0.03409148
0.02449531
0.34239630
0.16230223
0.11463130
0.49995167
0.19654133
-0.26686471
-0.44969340
-0.05282437
0.13061279
-0.02536583
0.19940728
0.48930108
-0.21891806
0.47364150
-0.14113730
-0.09738169
-0.11647318
0.30583364
0.23390357
0.11744613
-0.03724171
0.38922432
-0.15067109
-0.13828223
0.31744522
-0.47076794
0.22625587
0.11559809
-0.13769054
0.35601083
0.15497344
0.23297382
0.04517747
-0.01332165
0.19958592
0.21067492
0.09706762
-0.49638768
0.57054554
0.48770420
-0.32645645
0.47449715
0.35020763
0.87822935
0.45400243
-0.02373368
0.00587711
0.44833543
0.01422809
-0.06774247
0.28535795
-0.01839607
0.37208964
0.71897597
0.12088180
0.79736663
0.33853190
0.14265487
0.23347375
-0.11572248
0.03672876
-0.51845322
-0.65190450
0.32437519
-0.80224716
-0.91225595
-1.12780515
-0.98615741
-1.10246871
-0.96238063
-1.63645427
-1.37923790
-1.17000753
-1.72203607
-1.31259917
-1.25050096
-0.94986050
-1.02183229
-1.19161662
-1.03533006
-0.51497450
-0.28561439
0.06495386
-0.18395628
-0.00730382
0.74558000
0.71372609
0.98987321
1.05002706
1.44660158
1.23169146
1.45882965
1.64353657
1.77401947
2.18402802
1.76193299
1.39359368
1.99620464
1.22814816
1.86523225
0.81020469
1.53025084
0.62341252
0.63080259
0.34531096
0.45032078
0.63041772
-0.22161437
0.17873747
-0.65915354
-0.98203561
-0.27188408
-0.41943651
-0.41710424
-0.93961632
-0.92842396
-0.70714911
-0.87080078
-0.80296970
-0.87500307
-0.54669233
-0.40859709
-0.53110989
-0.59745787
-0.18540823
-0.02067404
-0.45647182
-0.19421740
-0.19168727
-0.07299256
-0.88463675
-0.13772366
-0.14082139
0.14298556
-0.28745498
0.08957728
-0.27981651
0.29373997
0.37835465
-0.03329936
0.34779105
-0.14121611
0.16430706
0.21563213
-0.54063064
-0.07008773
0.10955317
-0.05461253
-0.18254721
-0.15346693
-0.08310566
-0.03954203
0.06234333
0.39826534
0.16542666
-0.08092179
-0.08970446
-0.27705604
-0.13051682
0.13280901
0.11888286
-0.14971104
-0.05644929
0.15726948
0.20128882
0.10282153
-0.40156462
0.15170684
-0.01250520
-0.25516291
0.25101656
-0.44786512
-0.41929740
-0.01018570
-0.08551470
0.29346763
0.41714504
-0.04245953
-0.20451203
0.14095702
-0.21952577
0.20671932
-0.32504413
0.50343464
0.13060494
-0.04718633
-0.19306342
-0.00126589
-0.19316489
0.24310896
0.21930889
0.38020567
0.21814322
0.04920092
-0.25691052
-0.29996634
-0.11872969
0.19044973
0.40463539
0.05792244
-0.07078403
0.48191867
0.06011673
-0.41202276
-0.31750899
-0.07969224
0.04497334
-0.06926081
-0.03874286
0.06116922
-0.01886675
0.28582558
-0.18225849
-0.11381763
-0.04509578
0.04938907
0.10152470
-0.15028740
0.44625024
-0.02638593
0.13593203
0.10716457
-0.13443005
-0.32888087
0.20020512
0.13955190
0.27983866
-0.19516711
-0.03318179
-0.10274763
0.33096421
0.17809123
-0.24557429
-0.03562688
0.12333324
0.38488777
-0.08167356
0.37835744
0.07419969
0.18826164
0.36418736
0.03175562
0.02322708
-0.24433206
-0.40540093
0.06214740
-0.25249912
0.08333811
-0.15511094
0.02933927
-0.22732769
-0.00941875
0.41318294
-0.09932970
0.06556040
0.30263976
0.05954822
0.19608273
-0.39590432
0.37231240
-0.17950217
0.27467910
-0.04874968
0.20851310
0.00957627
0.35727931
-0.10139414
-0.10531726
0.07632262
0.07101081
0.28640346
0.16436103
-0.24628181
0.62711815
-0.22507598
-0.40003380
0.18400639
0.06563227
0.04909164
0.32322724
-0.25602169
0.42137569
0.12880039
0.00985552
0.12628368
0.06263967
0.28015948
0.03096307
0.08106516
-0.04135944
0.29617166
-0.21577109
-0.50976092
0.73097076
-0.37532073
-0.01934337
-0.08187111
-0.06437506
0.28196925
-0.21808016
0.43485515
0.05222207
-0.13629654
0.47871518
0.13045092
-0.09698375
0.16640066
0.09184635
0.37404485
-0.11700464
0.26166109
0.12370890
-0.38947915
-0.09691248
0.42151360
0.02120859
-0.03366896
0.23490650
-0.37514562
0.33871416
-0.02632783
-0.25126593
-0.14916915
-0.21793610
-0.07758690
0.24942959
0.22041243
0.30147167
0.10731045
-0.13288345
0.23914107
0.57975894
-0.42418117
-0.03461083
0.33020470
0.28746084
0.11312913
0.43669119
0.50129540
0.22377200
0.13178824
-0.05084365
-0.44647755
0.34033898
-0.09639353
-0.35599326
-0.01847653
-0.11029434
0.02644696
0.35816429
-0.09787886
-0.35558244
0.22077641
0.46217770
-0.04511021
-0.15786612
0.04426920
-0.26933708
-0.28790402
-0.13320112
0.29947091
-0.49078604
0.00320348
0.00219299
-0.04650934
0.05730677
-0.14648007
0.18331563
-0.17092430
0.15008782
-0.15332867
0.12544947
-0.41936677
-0.12975859
-0.20672253
0.08066046
-0.39427882
0.19013675
0.25330803
-0.20525223
-0.11324126
-0.01844096
-0.00117106
0.56079802
-0.14065341
0.31997758
0.19003422
-0.08052806
-0.11889493
0.61506887
0.34839807
-0.15533357
-0.43043702
0.47064516
0.22245706
0.38927017
0.23832515
0.68945127
0.10026181
0.38436104
0.46690435
0.19880636
0.12673592
-0.38339230
0.09909927
0.10956724
-0.43836691
0.02872030
0.19096598
0.13918689
-0.10670657
-0.37201193
-0.23312606
-0.12890515
-0.24460886
0.11371692
-0.03299150
0.05912349
0.14376502
0.40117656
0.08414155
-0.16708299
0.37026640
-0.31729987
0.00210727
0.36821721
-0.27062730
-0.01769330
0.41792331
0.41395035
0.12467939
-0.13838818
-0.29425969
-0.40817883
0.16234581
0.32235597
0.24628413
-0.02672748
0.13367842
0.26562396
0.27165133
0.37530468
0.00336966
0.13005886
-0.14988687
0.16666217
0.14655349
-0.11601981
-0.16140636
0.22172841
-0.48711111
-0.45813047
-0.24551426
0.33524264
-0.22621534
-0.57513835
0.19915158
-0.01198538
-0.46301181
0.55816646
0.27987804
0.91407108
-0.22735654
-0.00551284
-0.06881411
-0.20407282
-0.29745887
0.20961943
0.04455015
-0.61764331
-0.37509148
-0.22674671
0.14947249
0.13906424
0.03627823
0.23769219
0.06988980
0.07501633
0.25878799
-0.72438889
-0.20828688
0.14066960
0.25498455
0.11569368
0.01111841
0.46824860
-0.02949510
-0.04971247
0.22402804
0.13838878
-0.07516752
0.08358461
-0.06066462
-0.07434562
-0.06228594
0.15108924
-0.13647442
-0.00032119
-0.06195875
-0.21403005
0.58208998
0.25182418
0.43273567
0.11738933
-0.26141482
-0.05206839
0.49362645
-0.14907863
-0.22586101
0.06720461
-0.53726948
0.12035308
-0.02016932
-0.12920069
-0.52455361
-0.09390753
-0.05382195
0.08049709
0.21886423
0.14314762
-0.13896873
0.06048955
-0.14887351
0.03347792
-0.18400510
0.53870032
0.16483872
-0.53907006
0.29218293
-0.49810441
-0.09466029
0.10388701
-0.12248493
-0.01684615
0.03387278
-0.16820988
0.11656053
-0.00999737
-0.27328404
0.22322403
0.35866445
0.58026382
-0.16816340
0.26491726
0.18689582
0.54874870
0.38849319
-0.08625275
0.23450942
-0.10521039
0.18523895
-0.16643530
0.21693536
0.10123178
-0.03456470
0.07549061
-0.02585224
0.00900624
-0.20514567
-0.20539655
-0.00943645
0.06240466
0.12342447
-0.34367635
-0.11222840
-0.27203628
-0.07175460
0.62384750
0.15744964
-0.08733106
0.06277202
0.07838809
0.07132777
0.61563350
0.32605350
0.30710571
0.13379776
-0.14372371
0.12854756
-0.03779069
-0.01119570
-0.36751241
-0.17317965
0.16266544
-0.82816238
0.57198989
-0.13181018
-0.01360789
0.53493842
0.19380123
0.16478763
-0.67246683
0.08487707
-0.00061239
0.01000534
-0.30506349
0.17429852
-0.11706123
0.00026381
-0.05068701
0.38056867
0.16506664
0.32434096
-0.16508998
-0.23518271
0.08222308
0.07048646
0.28383725
-0.01588938
-0.36069347
0.28982721
-0.06974289
-0.03937613
-0.07027564
0.33060800
0.03231621
-0.05801557
0.44346440
0.27260690
-0.11440230
0.41613064
-0.20872650
-0.13579104
-0.11370611
-0.05274236
-0.22886749
0.17288643
0.42184966
-0.12518696
0.06345305
0.49020007
-0.35499365
0.47386154
-0.07688404
0.32055698
0.39858919
-0.19850463
-0.55148287
-0.01308770
0.21657207
-0.16658180
0.00855047
-0.20244826
-0.30522800
0.06765104
0.37734297
-0.03844310
-0.24247361
0.15295815
-0.23406169
-0.19921931
-0.18605251
0.52508945
0.24203298
0.00894402
-0.50416875
-0.19182406
-0.28621729
-0.46232353
0.41786427
0.06496731
0.16047629
0.51928298
0.14521282
-0.47097569
-0.44579522
0.41440294
-0.21663542
-0.07304798
-0.08115969
0.14378862
0.34111119
0.24075682
0.40060582
-0.15000817
0.07139004
-0.29136713
-0.08398289
-0.34392535
-0.11070649
0.19297620
-0.42578936
0.18946389
0.22224549
0.05366902
0.44308720
-0.06312824
0.02248932
-0.19461819
0.03396590
0.20503946
-0.28879969
-0.07148675
0.05640129
-0.25699650
0.08449964
0.05927339
-0.27520695
-0.20462743
0.14023605
-0.00587905
-0.59420769
0.32346604
0.04127086
0.07155030
-0.07999795
-0.06167136
0.19253630
0.10075355
-0.09228557
-0.24890518
-0.16235290
0.33560781
0.32088403
-0.11472543
0.28680817
-0.35732489
-0.43862568
-0.13853986
-0.29811336
0.05101723
-0.35637595
-0.09382100
0.22855054
0.15020948
-0.05392852
-0.35385904
0.08130654
-0.09015083
-0.21767983
0.22529034
-0.14068973
-0.10569669
0.63671601
-0.29686823
-0.37133431
0.03708341
0.14885655
-0.21328989
0.06822119
-0.64660047
-0.28473685
-0.04107743
-0.04119815
-0.42674986
-0.02520829
0.05495584
0.45146590
0.03756781
-0.01711526
0.13129415
0.46771583
0.61552506
-0.22751669
0.65124455
-0.30046646
0.13178091
-0.01385351
-0.28783979
0.12118815
0.12784096
0.28548818
-0.11609189
0.11070444
-0.03585134
-0.24254799
0.23109905
0.29431041
-0.10816407
-0.42931644
-0.00421949
-0.02182884
0.36182772
-0.00257028
-0.45558424
-0.15927549
0.27202190
0.09676757
-0.15466712
0.22224992
0.02107412
-0.23146408
-0.44389481
-0.03029395
0.18191751
-0.20485656
-0.18659754
-0.13933732
0.23256426
-0.44573552
-0.16827102
-0.10419992
-0.24646632
0.40760640
-0.35884968
0.09045210
-0.87473557
-0.33541587
0.76722804
0.09183756
-0.02821463
-0.04858259
-0.01751419
-0.02627206
-0.08511282
0.12380321
0.05128502
-0.29700636
0.07253554
-0.19662240
0.07234627
-0.23149579
0.21078670
0.36001864
0.03049928
0.19280896
-0.22546309
-0.10640831
-0.15871778
-0.08732328
0.20234654
0.00141115
-0.13734429
-0.60924094
-0.18195857
0.61284043
0.33380101
-0.36247613
0.14858812
0.20803090
-0.07048604
-0.19178693
-0.40678628
-0.12809385
-0.47063961
0.05229414
0.38694570
-0.06516412
0.26217512
-0.04918632
-0.07579337
-0.29022185
0.27799424
0.24927252
0.11234951
-0.00007417
0.01633935
0.08464605
0.47095902
0.53383095
-0.19638174
-0.07431991
0.23780779
0.46177143
0.09372238
-0.42409855
0.15461731
0.07122223
-0.09006275
-0.10331205
-0.11862549
-0.12800666
-0.07114236
0.07429443
-0.20309975
-0.35710986
0.13746297
-0.58598028
-0.15293470
-0.30737982
-0.05724269
-0.08280727
0.02981962
-0.40320729
0.00092536
-0.25978913
-0.67147802
0.08431551
-0.27752795
0.42010871
0.22896129
0.01215019
0.19501253
-0.14530404
0.15258248
0.13354492
-0.17637042
0.57848866
0.03373635
-0.10575727
0.40176658
-0.22580228
0.24637878
0.24446203
0.30045571
0.55381113
0.13932180
-0.57658389
-0.36870947
-0.36345430
0.40044113
0.09589998
0.18228872
0.13040523
0.03402907
-0.34085840
-0.04147526
-0.21381897
0.06532046
0.32424563
-0.06009018
-0.20484284
0.24138195
0.47030378
0.06164242
-0.40279471
-0.54046574
0.31115857
0.32326142
0.27210465
0.43071048
0.28228399
0.06636528
0.34222219
0.06151953
-0.04353268
-0.00418492
-0.08328792
-0.11971171
-0.12325813
-0.20551550
-0.15884119
0.11179487
0.23298997
0.46497609
0.01271171
-0.07004056
0.39540233
0.24863867
0.13344137
0.05284449
-0.45973770
0.21413589
-0.12475856
-0.73854295
-0.44248589
-0.12431822
-0.23827411
-0.01368044
-0.31612787
-0.60718206
-0.26143691
0.13669148
-0.02223475
0.13902720
-0.12447862
0.29092653
0.06522973
0.04661746
-0.40484520
-0.04512606
0.21745117
-0.12679120
0.05769355
0.15491502
-0.09426251
-0.39666777
-0.18554440
0.12713233
-0.10804271
0.17379731
0.23152302
-0.18592778
-0.18475973
-0.25972012
-0.25673230
0.22766176
-0.08727514
0.17018354
0.08594204
0.07789245
0.23698435
0.27827729
0.09521561
0.41027330
0.34918127
0.24672394
-0.08019445
-0.15832016
0.02708014
0.15113723
0.69094789
-0.07328346
0.60590121
0.12858763
0.04671591
-0.00151696
0.20132159
-0.15226428
0.42125537
-0.13693751
-0.32099990
-0.40465761
-0.19736256
-0.10251668
0.26950026
-0.34716927
-0.03115344
0.07678834
0.30959178
0.34149804
-0.28177140
-0.50974860
0.28627050
-0.20811400
0.46747377
0.04575097
0.45711948
0.38410144
0.13664606
-0.37129558
0.56311980
0.58960859
0.70617635
0.60075763
0.08453141
0.09602627
0.00156017
0.33801345
0.07787979
-0.22949511
-0.28527064
-0.17653364
-0.10195151
-0.01975921
-0.27931303
0.34841936
-0.30394334
-0.03972462
-0.13075527
-0.12899904
-0.01508902
-0.05462564
-0.13293410
0.02945452
-0.48751957
0.03007549
-0.04808644
0.23221999
0.05337190
0.34867366
-0.68619908
0.21698339
0.15029138
-0.26519663
0.37629951
-0.16855872
0.39847072
0.02388079
0.11595460
-0.01178442
-0.16873763
0.21415692
0.23522018
-0.22474168
0.48468830
-0.32427399
-0.34043348
0.29857226
-0.01648016
0.25567371
-0.37508205
0.46337756
0.12393366
-0.30403782
0.68359377
0.27877964
-0.46262947
0.26219348
0.55524995
0.45303091
0.08019465
0.36319207
0.06598595
-0.03322507
-0.03366960
0.22743962
0.22627742
-0.38594634
-0.10813921
0.42640900
-0.22722614
0.00955971
-0.01025334
-0.13719842
0.32609323
0.24087376
-0.03319862
0.58678157
0.16324956
-0.10908922
-0.20479223
0.25071325
0.12761871
-0.63668414
0.45543835
0.11172886
0.01251110
-0.31087115
-0.11935578
0.49819802
-0.09863217
0.13885540
-0.27228122
-0.51668923
0.18305229
0.41996221
0.28141431
0.00275977
-0.02807507
0.05628190
0.25297838
-0.16726968
-0.35775589
-0.32966339
0.31262645
-0.01049093
-0.07428179
0.06154207
0.00916265
-0.06867380
0.73000125
-0.28089926
-0.02970774
-0.05039447
0.00930505
0.25960699
0.46356730
-0.29147814
-0.04421452
0.11045822
-0.05986057
0.40725579
0.15649876
-0.16103385
0.04038955
0.22836884
0.00649514
0.36622256
-0.19232023
-0.06521686
0.27505603
0.26849541
-0.21123653
0.12273513
0.08763443
-0.76185185
-0.37832061
-0.02506732
0.20962826
-0.00645108
0.37601761
0.45367319
0.53998406
0.44137166
-0.43079313
-0.22006358
-0.02637196
0.01906279
-0.56748145
0.37306055
0.03102726
-0.42653917
-0.38158988
0.75447211
-0.09363778
-0.26260631
-0.20120756
0.22600174
0.46729900
0.14102062
0.12449566
-0.65583868
0.09719998
0.29002324
0.05493009
-0.23386578
0.28580998
0.03131217
-0.42053741
-0.32722582
-0.48243599
-0.22909224
0.10229708
-0.06464848
0.23845536
-0.05095002
-0.09075866
0.15800594
-0.24301075
0.53568696
-0.36012178
-0.37928721
-0.27526793
-0.35158011
0.29234500
0.44194827
0.11388101
0.22957185
-0.05221199
-0.05359301
-0.04922861
-0.09562934
0.12826507
-0.28570081
-0.30106245
0.29872513
0.16668433
0.05247670
-0.11706709
0.12881594
0.11373303
0.12051686
0.01504034
0.17321129
-0.53961325
0.32392876
-0.33207375
-0.26079678
0.27481167
-0.02054822
0.09403328
-0.12000368
-0.25360974
0.01744533
-0.55537461
-0.23217827
-0.24791455
0.24979860
-0.94970251
0.19034561
-0.36781326
0.32578416
-0.03510834
0.16122576
-0.38439514
-0.09852278
0.39561229
-0.04565365
0.13182278
-0.30373666
-0.24542333
-0.06810167
0.00905020
-0.42748942
-0.62348179
-0.37904926
0.17778883
0.08615838
-0.16986370
0.02587015
-0.07653214
-0.21350980
-0.03071215
-0.44148400
0.16772043
-0.10114534
-0.10907202
-0.01984663
0.05085960
0.36307635
-0.85536402
0.32541131
0.28487627
-0.32006362
-0.28294450
-0.03295555
-0.18426091
-0.38637452
-0.01617443
-0.09509144
0.21653417
0.15931812
-0.38021732
0.49700183
0.46089285
-0.20548619
-0.22602151
0.11419119
0.06925260
0.05953023
-0.01039154
-0.32428558
-0.57337907
-0.15780943
-0.10712369
0.24462363
0.07947768
0.26606402
-0.06468834
-0.05268528
-0.00856747
-0.15245865
0.13558411
0.30414279
0.09028235
0.46618487
0.07245085
0.33916927
-0.15120062
0.17587193
-0.18249640
-0.53287997
0.05319888
-0.26970595
-0.51061570
0.49882883
-0.00427474
0.18526150
-0.16413164
-0.11558191
-0.09666955
-0.27678064
-0.13795428
0.37528472
-0.09601156
0.04217245
0.19411811
-0.48283203
-0.39381785
0.14214214
0.02446731
-0.43839754
0.05288864
0.31880455
-0.10465790
-0.29298861
0.58332091
0.41716248
-0.38544117
0.48422278
0.16687787
-0.16637523
-0.08238549
0.20491232
-0.09180380
-0.29519584
0.40473163
-0.16144237
0.20189973
-0.07519061
0.06829412
0.07955345
0.33191777
-0.56673547
-0.33379402
0.24338776
-0.37307461
0.35520317
0.72747301
-0.40171554
0.36947889
0.45923672
-0.30406860
0.48627018
-0.29072725
0.05224770
-0.00416813
0.36697945
0.39813643
-0.33780523
-0.29420045
0.09410637
0.14029765
0.12299273
0.13449896
