-0.14069464
0.61585066
-0.25204606
-0.58914995
-0.37399001
-0.23138436
-0.00613967
-0.34527797
-0.35642041
0.41884649
-0.41615145
0.02989425
-0.01423675
-0.51531843
-0.26226958
0.05497553
0.03975177
-0.27720618
-0.28877329
-0.24474859
0.03889331
0.14691461
-0.34881056
-0.15831508
-0.28433858
0.17187148
0.03668158
0.05554715
0.23496871
0.46889243
0.03494511
-0.10110823
0.55298378
-0.58085636
-0.06791882
0.14889553
0.29578366
0.48392000
-0.20982424
0.40898866
-0.22994730
0.44224662
-0.13430554
-0.00250867
-0.26048312
0.02411355
0.32263928
0.24880421
-0.22534396
-0.10319465
-0.10430023
-0.10084067
0.04358733
-0.01105073
-0.07901061
0.25314251
0.67313912
-0.19028622
0.31619867
0.05785054
0.25221033
0.29911689
-0.19913396
-0.00920964
-0.08216040
0.14198766
-0.64098778
-0.41351198
-0.00432916
-0.16126626
0.52753962
-0.45757007
-0.07421881
0.55086561
-0.39483643
-0.05228879
-0.17755370
-0.59757669
0.05049752
0.05221505
-0.04694430
-0.31154190
0.23131287
-0.24742990
0.15691036
-0.36152794
0.25052337
-0.06021887
-0.53841307
0.74693665
0.35430778
0.36252454
-0.38902127
0.00698838
-0.16799737
-0.59548368
-0.03645740
0.55786428
-0.15051567
-0.18808592
-0.38746250
0.22342783
-0.55716035
0.05945845
-0.47951842
0.34559835
-0.03346393
-0.44944524
-0.05511969
-0.15209220
0.04585953
0.31302609
0.59701371
0.20569457
0.19790410
0.23448081
0.05729396
0.19687086
-0.08089236
0.11227934
-0.05520277
-0.12766236
-0.66948563
0.21155485
-0.00384995
-0.56402108
-0.12903089
0.11769869
0.07834026
-0.08804848
0.14085772
0.14229184
-0.18211020
0.38643003
-0.22056237
-0.14609604
-0.11389340
0.04470757
-0.52111227
0.22670449
0.04990223
0.17069153
-0.07189667
0.50875191
-0.14537033
-0.52279463
0.17270208
0.31604034
-0.11500957
-0.16968979
-0.71841603
-0.04315770
0.04221870
0.05627983
-0.19621910
0.31980315
-0.49195946
-0.49513382
0.08387963
0.30950055
-0.40643597
0.01696722
0.11621330
0.00685874
-0.07193777
-0.04477375
-0.07750745
-0.29704299
-0.51355754
-0.19581773
-0.34110445
0.12697312
-0.17637086
-0.09785947
-0.14776737
-0.08355581
-0.03182029
-0.23468626
0.08649092
0.03290349
0.04562952
-0.22120017
-0.16049383
-0.42953911
0.25887390
0.09784096
-0.07731864
-0.03035323
0.24322618
0.16715374
0.05415720
-0.08352551
0.12567493
-0.42857278
-0.45917962
0.50169595
0.13330020
0.41403178
-0.58978318
0.08857580
0.06155157
-0.22110295
-0.15015632
0.67846782
-0.18123895
-0.51881317
0.44805981
0.26262258
-0.08453557
0.05706256
0.12666525
-0.33609334
0.33395250
-0.52151392
-0.59003641
0.05269469
0.00850896
0.15377539
0.19484072
-0.45392342
-0.44358984
0.01114274
0.06727383
0.30081298
0.01995715
0.22957190
0.52807605
-0.01408243
-0.17828544
-0.19324679
-0.34754474
0.59927258
0.09794393
0.01724689
0.27937318
0.10029947
0.27363485
-0.00667286
0.51645193
-0.18973143
0.37713344
0.22337212
0.08878036
-0.27904216
-0.34372833
0.21807223
-0.46509188
-0.15958928
-0.18349826
0.05582566
-0.61308688
0.26086779
0.04117917
0.49167537
-0.08402510
0.20739813
0.21789727
-0.25039779
-0.03502566
0.20480039
-0.05848961
0.64343490
0.04804551
-0.15704057
-0.07262475
0.11457218
0.34081319
0.20684313
0.61904892
-0.50682216
0.36923033
0.37841793
0.27318455
-0.25907528
0.10283557
-0.12869713
0.20935086
-0.06432018
-0.51368757
-0.23946654
-0.01639340
0.12589095
-0.10546946
-0.17079652
0.33125069
0.57843936
0.37800814
0.08958299
0.15401077
-0.37131670
0.16018156
-0.04790740
0.41880658
0.45343343
-0.30685284
-0.53214653
0.13585199
0.23446621
0.03595611
-0.83585024
-0.01829079
-0.27058016
-0.27311541
0.52656051
-0.14560591
-0.32318199
0.16073817
0.66501681
0.09197171
-0.08222435
0.08696130
0.47513723
-0.46728188
-0.02930286
0.44323210
-0.18492039
0.54121757
-0.06599331
0.09159465
-0.52968041
0.50676783
-0.06485449
0.37004102
-0.32037603
-0.08587507
0.55945343
0.10080829
0.19255655
0.24763091
-0.26989397
0.11856345
-0.06813088
0.07968899
0.79337817
0.10966438
0.06869279
-0.19247705
0.05401457
0.30924192
0.32520330
0.66812610
0.20589935
-0.65739589
0.45198243
-0.12781178
-0.04754786
0.57945642
0.03320721
0.52069475
-0.29790183
0.24945344
-0.08723532
-0.09695748
0.09903051
0.16457517
-0.20231901
-0.40916675
-0.44116070
-0.61153534
0.16151918
-0.08416001
0.06536192
-0.32637959
-0.10682382
0.51281388
-0.34491836
0.20709272
0.19867929
0.21164754
-0.57188319
0.00753019
0.30109555
0.09890908
0.36196300
0.68240176
0.69221736
0.11913984
0.40829924
0.22655354
-0.11434742
0.22022679
0.51590071
0.62315968
0.10293265
-0.13896627
-0.11481259
-0.09132543
-0.28988227
-0.42255133
0.21399107
-0.02762335
-0.60209589
-0.47048732
-0.15986324
-0.10888395
-0.20927190
-1.14964838
0.10872527
-0.27124395
0.17943357
-0.56249525
-0.17874656
0.00448786
0.61593502
-0.11803715
-0.03094345
-0.39615055
0.33001328
-0.53108565
-0.29093160
0.06618985
0.43708396
0.38839554
-0.11407435
0.19144392
-0.36227532
-0.27851603
0.23700640
-0.03544803
-0.55099123
-0.60140447
-0.32413252
-0.04995226
0.00892719
-0.23794833
0.17556720
0.19264275
0.03026335
-0.01864473
-0.18580432
-0.05649710
0.50832031
0.03660074
-0.13972764
-0.01839791
-0.61176624
0.19548160
-0.11717313
0.20499915
-0.48264331
0.12314275
0.26771638
-0.38338103
0.33658105
0.46222237
-0.17957989
0.35785146
0.09308565
-0.03679361
-0.46787615
0.14693163
-0.38645907
0.08799841
-0.24714887
-0.54619276
-0.27538437
-0.12430388
0.07362741
-0.11986108
-0.46649058
0.25910272
-0.39116202
-0.08228602
0.14237581
0.09836104
0.03482136
0.01634732
0.13661114
0.21319712
-0.13733587
-0.32731836
0.35571877
-0.05740557
-0.43567971
0.29972635
-0.27313206
0.06358992
0.07920560
-0.08878612
0.23982772
0.33839362
0.15853544
0.06572183
-0.13909511
-0.26161589
-0.04371860
-0.44198518
-0.23384817
0.46196150
0.11425012
0.33332789
0.33940440
-0.35625669
0.43441525
0.13291513
0.16389882
-0.06368206
-0.14738130
0.07247798
0.09760798
0.25466069
0.23504836
0.11146381
0.00208828
-0.06899515
-0.59435972
-0.31416257
0.11187496
-0.12847276
0.17070774
0.59127897
0.05125537
-0.44220048
0.41673304
0.17267556
0.23680167
0.49538062
0.08306264
0.54127342
-0.08775076
0.48464888
0.23968446
-0.10816159
-0.19846227
0.66442092
-0.08642848
-0.24070924
0.10103340
0.27628118
0.45085048
0.09138509
-0.35845104
0.12631599
0.35075230
0.71396774
0.28021670
0.20713729
-0.21429571
-0.23391360
-0.24537260
0.06728779
0.08407480
0.80706669
-0.37457848
0.15223470
0.12894627
-0.63173442
-0.00487041
-0.11795590
-0.67885735
0.50921009
-0.14284331
0.66554960
0.04530972
-0.02946533
-0.26597907
0.07063191
0.21936186
0.18494458
0.71902517
0.13869416
0.44346666
0.46752946
0.29992918
0.04774901
0.42543532
0.21576256
0.30131000
-0.54822125
-0.10307415
0.05073216
0.53414658
0.28620977
-0.11856920
0.19703258
-0.46319902
-0.45843438
-0.69810579
0.17535782
0.10797481
-0.85691969
0.04070877
0.07959065
0.00300446
0.16191584
0.54500003
0.56862570
-0.41825266
-0.16324766
0.88909700
0.53836999
-0.15792566
-0.02940393
0.34999323
-0.00075221
-0.38711983
-0.11879434
0.30739359
0.37906689
-0.08534542
-0.15962297
-0.48261458
0.18955342
0.09161331
-0.05898437
-0.60392316
0.13670136
0.94221976
0.46243110
0.12230230
0.27791635
-0.38225108
0.05288622
0.08191370
-0.24558921
0.27904201
-0.19041512
0.29099875
-0.13523767
-0.31918186
-0.23075315
0.26726090
-0.47324875
0.10677390
-0.13820996
0.05200569
0.33817264
-0.45278507
-0.21358619
0.40054783
0.23743583
-0.24139428
-0.54348475
0.00891492
0.04724124
0.19371920
-0.30180274
0.06546802
-0.25274258
0.41571369
0.22302147
-0.27754303
-0.27794802
0.09926077
-0.10878007
-0.43124501
-0.11524258
0.25115209
-0.31346483
-0.05997342
-0.06032745
0.60159853
-0.40859230
0.25396814
0.54434769
0.08327428
0.68216165
-0.73709110
0.56017896
0.00737691
0.12422375
-0.37308842
-0.33072737
0.61418717
-0.24296748
-0.14995061
0.06884962
0.38945707
0.02018077
-0.05434810
0.12644913
-0.13081486
0.25135932
0.64557425
-0.36230128
-0.26667724
0.03759853
-0.75030025
-0.53516007
0.09489127
-0.52267449
-0.46569939
0.25948386
-0.56746547
0.30557384
0.31610015
-0.41388913
-0.48392781
-0.11355645
-0.30480701
0.18166058
0.39130410
0.03205939
0.44042732
-0.34349311
-0.10847466
0.03501807
0.23427081
-0.00407189
0.48867215
-0.02390480
-0.29696653
-0.44263595
0.03573891
0.10175739
0.57538268
-0.40672604
0.25750316
0.23533817
-0.17717276
-0.71857362
0.63124238
0.34166266
0.21750670
0.56351284
0.12055955
0.05542971
0.09310752
-0.01182951
0.42084329
0.22577508
-0.33004177
0.04582782
-0.30364475
-0.78044308
-0.20829934
0.03767640
-0.00283290
0.02052904
0.45087118
-0.12890716
-0.07436859
0.08337484
0.46522443
0.41605573
0.21055136
0.37065583
-0.53030833
0.23707822
0.14560422
-0.44315909
-0.30910928
-0.08914512
-0.19806753
-0.18121617
0.12788676
-0.21188798
-0.12059714
0.15058918
0.27455399
0.25255685
0.24388586
0.22853221
-0.41486061
-0.47630311
-0.14106513
-0.00247113
0.70749134
-0.60025097
0.38182978
-0.27945163
-0.08558088
0.21634677
-0.13259252
-0.12029964
-0.24249020
0.08672700
0.13903540
-0.28044665
-0.22866466
-0.32651681
0.52682058
0.36203226
-0.23091379
-0.08534928
0.38895024
0.26271392
0.43567781
-0.06596647
0.22720160
0.28545577
-0.15965542
0.10335507
-0.29746018
-0.10384998
0.02584667
-0.33382300
-0.76012301
-0.08081335
0.17613124
-0.15027825
-0.39605008
-0.32851211
0.22643755
0.27915428
0.16650439
-0.23208344
0.28194364
0.21165606
0.52488623
0.08358580
0.48874182
0.03997514
-0.05391521
0.08231061
0.16454279
-0.15918444
-0.06044185
-0.07227692
-0.27685326
0.05541620
0.02450734
-0.16876206
-0.19268518
0.31695650
-0.08395132
0.28507053
0.58009487
-0.02231400
0.46320800
0.53195984
0.03314896
0.18216035
-0.26832709
0.29252847
-0.06129539
-0.10034128
-0.45314017
0.32366283
-0.08536898
0.08712135
0.09324165
-0.08192304
-0.32053066
-0.12247993
0.09629944
-0.29380866
-0.35454981
0.60982565
-0.63676740
0.05572118
-0.15341799
0.36104887
0.01828193
-0.07656888
0.16794153
0.06783756
-0.51115994
-0.38042722
0.58014740
0.17980999
0.14012828
-0.49532327
-0.06317662
0.04155983
0.23654437
-0.07927337
0.52619303
0.30351064
0.56180687
0.49828584
-0.01269184
-0.17079016
-0.62014802
0.01274096
0.18899855
-0.11895524
-0.42592417
0.37049528
0.04491957
-0.06245892
0.73198901
0.74304057
-0.07624538
-0.12013072
-0.36568397
-0.15965619
-0.11012448
0.26971500
0.09443062
0.60164496
-0.05014007
0.10458635
0.08633207
0.03957682
-0.64773052
0.37743448
-0.37032566
-0.01859727
-0.03526555
-0.39418776
-0.74261911
0.44646690
-0.48427562
0.22065469
-0.30440958
0.23600227
-0.29603439
0.20098728
0.01450953
0.24196873
-0.26898478
-0.46290726
0.31303527
0.06751511
-0.45550982
-0.28419119
-0.30839608
0.10606312
-0.32920315
-0.03019267
-0.08515544
0.61468911
0.09250057
-0.68546462
0.37799150
-0.51862685
0.17126606
0.33334010
0.04810574
-0.54244231
0.03617087
0.00562123
0.29351962
-0.39809406
0.21526433
0.07137937
0.06693651
0.14385304
0.25084431
-0.12558343
-0.33027129
-0.60708483
0.06830682
0.41687867
0.15758403
-0.02864565
0.16974144
-0.11802146
-0.31990172
-0.48155482
0.20458418
-0.18114297
0.02046983
-0.00808638
0.25773815
0.49260917
-0.69231811
0.10293198
-0.53401248
-0.03377746
-0.40093224
-0.34046595
-0.12125294
-0.28909470
0.07025592
0.17128500
-0.18739143
0.04239249
0.42670484
0.00045776
-0.60954133
-0.07663547
-0.33921653
-0.30139092
-0.43379724
-0.36497270
0.40283756
-0.42833920
-0.25194612
0.00731983
-0.01769520
0.19783089
-0.26692926
-0.08654367
-0.25653751
0.00708824
-0.41418891
-0.03846669
0.10664849
-0.39674831
-0.37228580
-1.10091330
0.09232072
0.18069830
0.00042287
0.21748955
0.29677795
0.06638214
-0.31590250
0.08504072
0.41331364
0.00900372
0.58449129
-0.46314503
0.09753131
0.25551184
-0.33899055
-0.56066936
0.14542760
-0.13594792
0.02712036
0.23746737
-0.26163366
-0.45702780
-0.30686015
-0.28275004
0.05617112
-0.25572447
-0.07087180
-0.91426361
-0.89251990
-0.31902396
-0.38016727
-0.04073062
-0.61462082
-0.49909248
-0.56065648
-0.65678596
-0.65293341
-0.66997403
-0.01078767
-1.01246343
-0.64360405
-0.29695898
0.09060306
0.37376971
-0.13577686
0.19521181
-0.16364740
-0.09755822
-0.18471817
1.02945454
1.25224266
0.41944902
0.82323492
0.90530786
0.74607548
1.25685532
1.02271491
1.00599097
0.81699164
0.76867316
1.29310607
0.88335251
0.38078735
0.36786500
0.98395234
-0.12383290
-0.12106304
0.11194005
-0.63596231
0.29884154
-0.68889886
-0.72195690
0.19259149
-0.21360985
-0.27343686
-0.13996907
-0.91651235
-0.62545413
-0.33286923
-0.79881618
-0.85678528
-0.37068002
-0.40812136
-0.39446007
-1.05655149
-0.12250595
-0.39067992
-0.50548249
-0.33643317
-0.31580848
0.27261281
-0.04850507
-0.11760029
-0.56075197
0.01868917
0.45415673
-0.08740027
0.26111449
-0.02762133
-0.12328650
0.16452810
0.16248267
0.85187271
-0.64415854
0.78558624
0.41838176
-0.07679067
0.42314271
0.01300946
-0.28738929
-0.37731590
0.43969272
0.28265591
-0.14975926
0.50680545
-0.32238590
-0.23310384
-0.58541554
-0.36365050
-0.33290414
0.24029183
0.26211398
-0.01141036
0.43938066
0.13463913
-0.36280704
0.04123470
-0.05482745
0.12585606
0.10348134
-0.06732750
0.10962452
-0.58577093
0.72731557
-0.32922654
0.52706627
-0.00695522
0.20540351
0.00999751
0.46206181
-0.23185686
0.19618617
-0.22669425
-0.22299794
-0.13317909
0.15500320
-0.10622752
-0.13772760
0.00467238
-0.15178346
0.24064204
0.23712157
0.47565031
-0.01452119
0.13839433
-0.19528395
-0.42009678
-0.30944597
-0.09191450
0.23764323
-0.14216328
0.26805645
-0.10833637
0.09849315
0.07683977
0.30105315
0.04695729
-0.19942226
0.39218774
0.23025977
0.25790676
-0.11162888
0.06976408
-0.12290928
0.03286561
-0.36570981
-0.27722857
0.05859149
0.33853983
0.25086925
-0.27222043
-0.16956281
0.40124909
-0.22822416
-0.13983351
-0.01505701
-0.40042779
-0.27043269
-0.01257416
0.06396337
0.05138158
0.13096620
-0.33889583
0.20218994
-0.02099482
-0.53067948
-0.30336611
-0.11201501
0.27877344
-0.32080388
-0.72567973
-0.05006418
-0.14741351
-0.02408043
0.28696906
0.02218349
0.27182987
0.28133309
0.20279882
0.08349497
-0.04064539
-0.70825249
-0.24174516
0.42262715
0.10871485
-0.33346914
0.67179565
0.04409420
-0.35996410
0.18685948
0.12703879
-0.04498182
0.03059594
0.21553673
-0.20153383
0.14334639
0.28646984
-0.25460613
-0.05473470
-0.02336468
-0.20259736
-0.02257653
-0.12978698
0.50176123
0.11222631
-0.27460230
-0.18616903
0.36315550
0.25716731
-0.21493477
-0.53729619
0.15015112
-0.02039024
0.09630548
0.57517098
0.29892123
0.14566840
0.89560045
0.20861586
0.66405798
0.13162119
0.71045919
-0.44027993
0.06206082
0.21106100
0.55947572
-0.55714629
-0.04094874
-0.17055182
0.10339123
0.35137243
0.00885213
-0.07326593
-0.80160951
0.10333937
0.26900352
-0.97770270
-0.84448182
-0.33003571
-0.24102208
-0.44648089
-0.29091387
-0.67581548
-0.19247016
-0.04614070
-0.56223091
-0.18719326
-0.26409038
0.02137208
0.26164777
-0.19636469
-0.19131004
-0.48440869
0.24310444
0.03539654
0.56018759
0.69904200
0.24340080
0.42390841
0.45556672
0.34676906
-0.21279607
-0.46098279
0.01623754
0.44378533
-0.02099780
-0.34209286
0.16933523
-0.43407731
0.55226689
0.14969445
0.39055936
-0.07089303
0.28876253
-0.01549702
0.12702755
0.45310900
0.16268504
-0.11698955
0.70926047
-0.02608196
0.29514906
-0.03770580
0.15587802
0.15427490
0.24816842
0.04342078
-0.08427762
-0.36785168
-0.01617763
0.40242327
-0.31956520
0.30220871
0.30981888
-0.11353333
-0.02448437
-0.60557571
-0.21839571
0.06128513
0.23245976
-0.22010716
0.19616612
0.23204689
0.04557119
-0.17910672
-0.07843380
0.03825827
0.30202801
0.38557089
0.35559846
-0.17913682
-0.18359422
-0.37053141
-0.26925730
-0.58492376
0.02585372
-0.18977499
-0.32896099
-0.59869257
0.33628044
-0.23269118
0.12729614
-0.13436458
-0.13238032
-0.09416302
0.28317069
0.37824418
-0.17498461
-0.31896288
0.35335544
-0.04471774
0.14571231
0.18626449
-0.69834889
-0.22991301
-0.42068213
0.75064725
-0.60386789
0.34063879
0.25074398
-0.31082668
-0.13279390
0.08682006
-0.02109723
0.52121907
-0.08923025
-0.56165944
-0.15843161
0.02315235
0.15571534
-0.48755049
0.10740912
0.60644413
0.34730955
0.47179008
-0.05200496
-0.11081357
-0.02244812
0.35876766
-0.55161651
-0.69512686
0.13031230
-0.02412813
-0.07747255
0.09160892
0.31262923
-0.14790449
0.50413959
0.49989238
-0.35204083
-0.29173674
-0.32829343
0.15001164
-0.22593064
-0.27808498
-0.30400676
-0.78082420
0.21903095
-0.29638313
0.29638371
0.04981953
-0.15244659
-0.33678887
0.33939361
0.26633223
-0.00506066
-0.66482056
-0.51512978
-0.20956064
-0.17231251
0.48005310
-0.19460551
0.30340195
-0.29051033
-0.14381482
0.03309651
-0.43305307
0.04621806
-0.05127881
0.62691564
0.20362388
-0.17246962
0.02500289
-0.03572656
0.33222236
-0.17925171
-0.08002541
0.09062384
0.20279939
0.06080080
-0.35368256
0.20946046
0.09127236
0.06287529
0.29992037
-0.05141803
0.15686339
0.14534553
0.31130632
0.36982688
0.53604680
-0.16498942
-0.00209491
-0.32189477
-0.12455639
0.11130518
-0.27083370
-0.04835363
0.10829236
-0.25787718
-0.15717037
-0.31018319
-0.29415044
0.20735429
0.95900079
-0.24473683
0.00460693
0.18530822
0.09829513
-0.22402274
-0.01043102
0.34869045
0.71331120
-0.58029165
0.19249501
-0.05965527
-0.19364149
-0.10445410
0.26652381
0.00527786
0.40649184
0.41201371
-0.04608343
0.49362490
0.03590291
0.00270235
-0.08987152
-0.68745174
0.08485825
-0.11774616
-0.11318672
0.19804701
0.05419216
-0.40375562
0.08385218
0.02185829
0.08465821
-0.32992029
-0.23156852
0.00540081
0.13210546
-0.28869603
0.04008561
-0.01596453
-0.71992967
-0.17276787
0.03781626
-0.02327469
-0.19412899
0.23603931
-0.06415496
-0.39018426
-0.31711219
-0.04323922
0.30161114
0.40086034
0.43263919
0.30000719
-0.15678765
0.38164372
-0.48680944
0.31467819
-0.25939475
-0.13594492
0.88841969
0.04680323
-0.14546390
-0.03694746
0.18205380
-0.32398609
-0.10330422
-0.23028686
-0.12470914
-0.33986328
-0.19884550
-0.40242097
-0.59580367
0.60947111
0.02084795
0.05243757
-0.06601844
0.25191899
0.13020884
0.07190999
-0.38927815
-0.61834336
0.02466694
0.41514461
-0.11221001
0.13653574
-0.32017262
-0.33604428
-0.35718681
0.07355802
0.02511144
-0.45083652
-0.45646625
-0.24318382
-0.26532829
0.05772141
0.24400831
0.04715927
0.01807845
0.22400780
-0.16590657
0.81436684
0.10844747
-0.02144629
0.39588510
0.13906514
-0.50447953
0.33370894
0.39935046
0.65036555
0.26552489
-0.40723236
0.02194255
-0.09832691
-0.13162670
-0.21043623
0.18537953
0.01728258
-0.37012491
0.44230055
0.23595873
0.16511180
-0.01446497
-0.48284043
0.31038191
0.58340661
-0.33510655
-0.38668548
-0.19285428
-0.23367255
0.29982945
0.23417054
-0.13085347
0.07861709
-0.00511957
-0.21301302
0.19584373
-0.01635022
0.29916500
-0.13001232
-0.13026546
-0.06449204
-0.23782556
0.41774285
0.50945550
0.01395023
0.03636189
-0.05302541
-0.31388513
-0.32935174
0.18823910
-0.18053916
0.01119920
0.11064722
-0.25555434
0.38871582
-0.40431507
-0.17554751
0.29174994
-0.37867209
0.26392980
0.16078462
0.67867382
0.37399580
-0.56107642
-0.10870045
-0.23934787
0.43421952
0.05384891
-0.46555096
0.02165011
-0.15304004
-0.02882610
-0.25738160
-0.14922521
0.45071451
-0.22748279
0.75737732
0.00217401
-0.24034533
0.49405049
-0.51746901
0.41093441
0.10562772
0.23188691
-0.29382907
0.10075031
-0.13057306
-0.18658685
0.07873261
-0.17732911
-0.26211482
0.35386989
-0.18463706
0.27652027
-0.32747783
0.15446212
0.20473258
0.64713385
-0.03999791
0.25062902
-0.14235537
-0.25276220
0.06210854
0.17843382
0.08669426
-0.07077861
0.05607551
-0.14064468
0.02344904
0.33078248
-0.15491687
0.08835893
-0.13734244
0.06860764
0.63679427
-0.46703467
0.17800646
-0.02129507
-0.08499494
0.24260173
-0.14974132
0.26750626
-0.69330608
0.21252410
0.17586903
0.22089901
0.04536388
0.30409588
-0.16377724
0.08150616
-0.51397819
-0.27192203
-0.32337869
0.35647872
0.69582034
0.13850852
0.29350606
-0.26151354
-0.12106491
-0.46147130
0.08993630
0.67404381
-0.05810934
-0.31518286
-0.39600050
-0.21472399
-0.22930379
0.23819169
-0.22101768
0.18116434
0.18560771
0.12408912
0.80022620
-0.16265405
0.00139258
-0.39471562
-0.08354866
0.08695525
0.27637357
0.11245263
-0.11128783
0.70097909
-0.15511318
0.00946111
0.34401162
-0.14980820
-0.50398349
-0.42310339
-0.02556992
-0.27333114
0.06691787
0.22317430
0.17661274
0.53839951
0.44723033
-0.38384725
0.04632970
-0.26750096
0.57456959
0.39712364
-0.41197289
0.22421298
0.38268598
0.14998733
-0.30845151
0.28717090
0.68826322
-0.09684043
0.24401800
-0.36703858
0.49019382
-0.33782549
0.53043770
-0.07508251
-0.00229598
0.09450595
-0.45139251
0.10230529
-0.06628707
-0.43369029
0.17439020
-0.03242106
0.08486956
0.32882793
-0.38245172
0.04611053
0.31828680
-0.21453760
0.24678736
0.07644081
-0.30608410
-0.12120927
-0.27532619
-0.03634682
-0.13616262
-0.45706166
0.05963922
-0.16837329
0.20469657
-0.42525099
0.01100431
-0.08456252
-0.11191893
-0.39798704
-0.48632032
-0.00304488
0.03979225
0.45910446
0.03798591
-0.00075706
0.13134243
0.11520207
0.15665028
0.65363155
0.07548674
-0.21271524
0.01776043
0.59076671
0.10674422
0.09940886
-0.33421850
-0.06058805
-0.22485549
0.28580339
-0.37384601
-0.05188922
-0.39244637
0.14559439
0.47540336
-0.10921921
0.31739676
0.59092697
0.05146227
-0.04468062
0.15973246
-0.01189815
-0.54304789
0.20390573
-0.23292433
-0.35095101
0.72318435
-0.26584513
-0.43486986
-0.14173281
-0.51641128
0.24704932
-0.52087736
0.12600771
0.24324468
-0.54627376
-0.29882848
0.05416386
0.14687871
0.32663246
0.30374552
0.10290645
-0.32078068
0.36770832
0.37825418
0.12177967
0.05751266
0.26012809
-0.03131262
-0.55766921
-0.47025559
0.06555497
-0.06037627
-0.03632928
-0.53533342
0.08161518
0.20873928
0.17968679
0.19209618
-0.26934616
-0.31064754
0.05002002
-0.45843855
-0.02906833
0.13479232
0.58669953
-0.00328478
0.08979483
0.17997681
-0.26519947
-0.01482864
0.27365752
0.10815301
-0.50445783
-0.50540311
-0.19767854
-0.18851761
0.14966158
0.02301105
0.14611308
-0.02260621
0.04366916
0.25353408
-0.16542974
0.10313207
-0.29752054
-0.37526124
-0.44632888
0.09173787
-0.53871212
0.12087727
0.01522206
-0.30348320
-0.03459112
-0.36810631
0.44611307
0.41471503
0.18844469
0.21010026
-0.02895130
0.18321326
0.49736748
-0.14664320
-0.29723146
0.40482519
0.32926287
0.06608448
0.08081748
-0.25155284
-0.16620665
0.05469581
-0.55966034
0.30220970
-0.28914160
0.04158574
-0.32342270
-0.12894300
-0.47986494
-0.13189527
0.00157397
0.04743443
-0.01607428
0.45132321
-0.14199018
0.45994361
-0.09093762
-0.00583667
-0.05268086
0.09914858
0.16123198
0.13585997
-0.12511677
0.44665452
-0.27064044
-0.44657521
-0.02811484
-0.37500394
0.60978452
0.45702648
-0.01801393
0.25219840
-0.33103789
0.46682238
-0.33787238
-0.23228423
-0.55089541
0.50902769
0.10802736
-0.37567928
0.06389461
0.51095246
0.35577654
0.09061938
-0.23363279
-0.10541742
-0.28552286
-0.02586774
-0.49288476
0.36199994
0.25761479
0.74574131
-0.19988451
0.71731873
-0.18992135
-0.05649370
0.04682243
-0.30790608
-0.12332601
0.08894707
-0.94028630
0.25488146
-0.16081541
-0.22500760
0.55772467
-0.81061738
0.09642918
-0.25705271
-0.05774219
-0.57577686
-0.55032409
-0.05203499
-0.46198948
-0.49355516
0.09610053
0.21040647
-0.58050899
0.60490713
0.07908837
-0.04258314
-0.46763514
0.33374007
-0.52926490
0.22950975
-0.06970311
-0.64239401
-0.34976710
-0.02777061
0.01440502
-0.57979834
-0.09963188
0.20314261
0.34628419
-0.21323475
0.24610601
0.44948541
0.24417825
-0.54361300
-0.08817217
0.56498010
-0.48574639
0.45589131
0.02892483
0.24254181
0.54564032
-0.21296625
0.31617122
-0.70670660
0.04764539
-0.65742744
