0.40712072
0.02957451
-0.16814256
-0.09087880
0.41195219
-0.11148754
0.15945547
-0.27458553
0.32554601
0.23228574
-0.04664326
-0.41198193
0.27790090
0.37280002
0.10208630
0.09163997
0.23258856
0.18379132
-0.28560924
0.16952540
0.11334493
0.19650871
0.61745725
-0.24311551
-0.03021610
0.00769887
0.05109508
-0.31119379
0.05166025
0.34639240
0.18959258
-0.08975937
0.04288253
-0.20329307
0.42558196
-0.20669840
-0.08001494
0.13395954
-0.47907898
-0.04503468
-0.04505785
0.07860621
0.05107953
0.20557506
-0.52684258
0.06069211
0.00305400
0.03441018
-0.00153994
0.18374298
-0.04046632
-0.39989745
-0.09753122
-0.15526391
-0.20759774
-0.44013371
0.43702474
0.28208197
0.06954124
-0.50757835
-0.02721588
-0.16055539
-0.13443201
-0.29500732
-0.01482776
0.27715820
0.35424565
-0.32250520
-0.15705341
-0.57370618
-0.27189028
-0.12254007
0.17427946
-0.14754034
0.15253926
-0.31549632
-0.03479387
-0.08853916
0.32938421
-0.01695625
0.10496828
-0.03503107
0.05483334
0.19288173
0.09301830
0.61785183
0.00622580
0.03707676
-0.09025784
0.26589988
0.13987243
-0.62136645
0.37835326
-0.12552313
-0.38939234
0.40329955
0.02742135
0.64654125
0.24122315
0.04199740
0.53736796
-0.17737756
-0.10709330
0.09125118
0.16478199
-0.20574675
-0.23683182
-0.06569138
0.17565285
0.17315911
-0.26497475
-0.32105336
0.40338901
0.23133599
-0.14792268
0.13698450
0.28247476
0.25317577
0.09936072
-0.07673340
0.19725626
0.42839307
0.38916448
0.09884977
-0.04391502
-0.14882365
-0.26140967
0.45140202
-0.20337344
-0.04015110
-0.20473788
0.20735415
0.53189951
0.10349898
0.13111884
-0.12419178
-0.01483085
0.01086245
0.41616388
0.27655328
-0.13036658
-0.29316068
-0.28942342
0.18778864
0.05879364
-0.28537166
0.10020950
0.47978226
-0.00686287
-0.29750199
-0.67840589
-0.34935236
-0.12522189
0.18506983
-0.16235566
-0.13968661
0.02308197
0.18543479
-0.24293000
0.15616981
0.02351642
0.20404871
0.14263812
-0.24990861
0.31796515
0.19844406
-0.20522785
-0.06769275
-0.02338177
0.15245788
0.17736275
0.07897038
0.11420424
-0.49855361
0.10951503
-0.43399874
0.19137452
-0.05075017
0.03153459
0.00060484
0.18558795
0.26488238
0.09898918
0.22459274
-0.65097657
-0.07320470
-0.18820898
0.02428701
0.07150812
-0.34421027
0.07924234
0.29274182
-0.17065974
0.22028716
-0.16124793
-0.43940563
-0.09702489
-0.25142713
0.13637579
-0.31080020
0.15764223
0.26754411
0.07341182
0.16464124
0.61779018
-0.11020315
0.22531358
0.11362648
-0.05568510
-0.13847432
-0.00985987
0.06358118
-0.05568254
-0.28898183
0.02728806
0.02737641
0.25705326
-0.48211707
-0.01994693
0.22614451
0.13305695
0.15937952
0.01060103
-0.15721047
-0.06895012
0.35070896
0.35585248
-0.38302012
-0.03319466
-0.05838932
0.07229899
0.02788946
-0.06474047
-0.22917465
0.51225565
0.09061478
-0.17687011
-0.16100113
0.15910362
-0.19690137
0.06477109
0.05702687
-0.60403431
0.20858806
-0.15754407
-0.02906890
-0.16391687
-0.14713234
-0.32535047
-0.08110749
-0.17312210
-0.01274921
0.34268512
-0.12719118
-0.19068700
-0.15034111
-0.05057832
-0.45645006
-0.02083624
-0.22356169
-0.15499524
-0.28453552
0.08291559
-0.10335426
-0.36847948
-0.19499717
0.26593443
0.20471293
-0.18113947
0.20288734
-0.78126663
0.04295737
0.31683847
0.34284377
0.00380871
0.09467526
-0.18313203
-0.28051266
0.11592824
0.07172708
-0.46783180
0.00438079
-0.07503064
0.32252515
0.65135564
0.23836276
-0.00240922
-0.16538391
-0.23309213
-0.24923189
-0.21732036
0.09875929
-0.02494813
-0.02005344
0.10374003
-0.25102075
-0.07660216
-0.61724914
-0.33168361
-0.63487744
-0.18748174
0.03056996
0.11140165
0.34299090
-0.21960003
0.24727488
0.26989206
-0.10796594
-0.18882033
0.22433867
-0.01791483
-0.05216913
-0.13445094
-0.39921603
0.44034016
0.06241643
-0.01387922
0.23105351
0.15173414
0.46099005
-0.07726196
-0.18032382
0.01832380
-0.35035853
-0.06521828
0.21084649
0.17861596
-0.03508020
0.72938102
-0.06704769
0.43185317
-0.09095975
0.05507210
-0.18205084
-0.06513234
-0.22373449
0.26668114
-0.04246404
0.27452198
0.08739354
-0.15727672
-0.08861228
-0.61334583
0.35004793
-0.15970782
0.06458522
0.19694279
0.09142761
-0.32149114
0.21041005
-0.30722768
0.02688585
0.00352799
-0.09391667
0.34691189
-0.11314990
-0.27520209
-0.09025809
0.30457877
0.18271047
0.00013377
-0.18670243
-0.58173712
0.12190143
0.34110581
0.02482348
0.14483284
0.03333230
-0.54892454
0.06917398
0.05859956
-0.50933483
0.16203661
0.02926262
-0.08520485
0.32002185
-0.09570903
0.06517423
0.05490354
0.29429270
0.31006341
-0.19662750
0.09318475
0.13456484
-0.25885583
0.24984718
0.07047304
0.12448320
0.00101959
-0.68116217
0.33033651
0.06982738
-0.05876845
0.08236973
0.19346484
0.49015469
-0.50497904
-0.21540777
-0.03975497
-0.43659965
0.02884523
0.32115623
0.00667906
-0.25992452
-0.15930604
0.12828780
-0.18379923
-0.42867203
0.29956485
0.12846263
-0.02296045
0.03008844
0.07761515
0.57447631
-0.38033295
0.18705566
0.09266745
0.14525723
-0.15470473
-0.02106818
0.31732341
0.40880079
-0.32420408
0.54248775
-0.12169168
0.20892119
0.20472312
0.18793198
-0.49345611
0.63207748
-0.02350735
-0.10652093
-0.04225506
-0.03215205
-0.36185576
-0.10612428
0.10976483
0.36506589
-0.17417840
-0.08720588
0.26270224
0.06805121
0.02540725
-0.50643309
0.28196913
-0.12532236
-0.15342631
-0.04386114
-0.03993653
-0.15992500
0.02645581
-0.25211238
0.06533180
-0.25504658
-0.02222317
-0.03107480
0.03839775
0.12296596
0.13323973
-0.03228734
-0.21836588
0.37628174
-0.03904881
-0.31339637
0.14480926
0.20534648
-0.05815905
-0.10971754
0.28506398
-0.40145282
0.48940907
0.16004372
-0.04332749
0.86047709
-0.28940543
-0.06789017
-0.02630175
0.40572440
-0.38479360
0.05995864
0.02872325
0.59287961
-0.12074616
-0.32816197
0.07611554
0.24634297
-0.37824718
0.04403293
0.21007508
0.00970172
-0.03408509
-0.18014830
0.00933045
-0.11001749
0.14867159
0.22776891
0.28859584
-0.47597938
-0.59950909
-0.52996468
0.11223090
0.42686956
0.33220581
0.01894188
-0.01630928
0.02577478
0.11634091
-0.24165140
0.10446799
-0.38043882
-0.11346191
0.25083062
-0.01220591
-0.24799511
0.41455959
0.50885767
-0.00733294
-0.16073617
-0.44170742
-0.33296812
0.30202438
0.18795189
0.14120819
0.02171064
0.03375109
0.16153151
-0.11127934
0.26656157
0.02315284
-0.01946779
0.26890346
-0.07256414
0.07345152
-0.45462780
0.05846535
-0.26880093
-0.07864780
0.05996214
0.15698246
0.01965076
-0.19027428
-0.07527584
-0.55296040
-0.00685116
-0.01327424
0.21676615
0.02043596
-0.38846547
0.28445474
-0.29100652
-0.09693593
-0.50782729
0.12024971
-0.05507211
-0.31189090
0.41539216
0.24628412
-0.29882142
0.22090569
0.30292331
-0.09985845
0.34021100
-0.07235593
-0.15719459
-0.51168722
0.10094958
0.13330594
-0.04879905
0.02666298
0.21588197
0.18832544
-0.06296662
-0.20845960
-0.47638399
-0.31371114
0.05521160
0.02698216
-0.19285347
-0.08146154
0.01006136
-0.15972545
-0.48021463
0.17660341
0.00158635
0.34625133
0.42218766
0.30797864
0.02751075
-0.07360899
-0.18710174
-0.35365106
0.25124283
0.31202676
-0.49418880
-0.13289561
0.10290957
0.37641883
-0.04565713
0.12975425
-0.14417235
0.28262871
0.47486007
-0.51956522
0.10172557
0.16800838
0.38532494
0.21777946
0.42047556
0.39152487
0.09524136
0.15339127
-0.19586937
0.54930743
0.56784918
0.12094453
0.38881619
0.65644025
0.38170969
-0.13890461
0.32108119
0.66219263
0.28950099
-0.07412753
-0.05222005
-0.36548174
0.12030931
-0.01399103
-0.19439549
-0.72756180
-0.45984883
-0.54548977
-0.36890600
-0.52789642
-0.83433414
-1.15674006
-1.10906253
-1.43425795
-1.71422384
-1.54198010
-1.10140112
-1.26021587
-1.07531717
-1.41170194
-0.65637069
-0.41067928
-0.71208285
-0.31610047
-0.12875907
0.01231230
0.28319266
0.35046810
0.59434088
0.68300884
0.87423222
0.57370838
1.08570088
1.31768780
1.38209696
1.40077733
1.46007959
1.63346843
1.68403683
1.50581780
1.16817034
1.87287759
1.44499608
1.13089757
0.44218128
0.96141256
0.78638506
0.74783827
0.67639165
0.14027581
-0.52653414
0.09731970
-0.38352903
-0.39031758
-0.66525625
-0.46358289
-0.63676529
-0.75101588
-0.06756567
-0.86542834
-0.34798644
-0.44864525
-0.68202504
-0.75348888
-0.60529143
-0.39612812
-0.42571244
-0.75476877
-0.29335173
-0.51561172
0.03044106
-0.76413521
0.28254226
-0.18240768
0.07513621
0.01818900
-0.11136512
0.26990789
0.23067318
-0.21553265
-0.24235477
0.34064716
-0.09714492
0.25821716
0.36081473
-0.22872346
0.06001413
-0.22930256
-0.03880157
0.18930933
0.00108457
0.10941433
-0.22465455
0.31651291
-0.03914640
-0.28574434
0.29177175
0.10351102
0.09844498
0.19616549
0.10649954
-0.11097763
0.27633403
0.03237469
-0.00165173
0.08676107
0.39423068
-0.07229266
-0.23553229
-0.04709315
0.02023132
-0.23224072
0.07225035
0.06984501
0.13714957
0.03837958
0.15959453
-0.49263520
0.04192531
0.25707643
0.13244950
-0.23605728
-0.13818292
-0.00602682
-0.14329625
-0.25747388
-0.00664626
0.23283877
-0.40023992
-0.16787502
0.13278114
0.40825190
-0.10703734
-0.21736538
-0.11474332
-0.16746092
0.20375580
0.14258525
-0.10058744
-0.19239509
-0.30438333
-0.04566963
-0.17863533
-0.04737411
-0.12834266
-0.10200675
-0.26591612
0.19121149
-0.12451955
0.19726116
-0.05318046
-0.41566890
-0.04285890
-0.42850854
-0.05176072
0.20315125
0.21093041
0.19504432
0.31223238
-0.16673061
-0.03979904
-0.46291421
0.11728867
0.34265588
0.24654596
-0.25246737
-0.17461089
0.29339871
0.10653244
0.16277881
-0.08011457
-0.32022488
-0.13422548
-0.45896412
-0.19811962
-0.39591401
-0.05928023
0.22926952
0.11650323
0.14078142
-0.37588534
-0.10103670
-0.40675277
-0.14064045
0.15762021
0.07852640
-0.10441843
-0.41612728
0.09865401
-0.04986817
0.08199470
0.26231094
-0.54847100
-0.05880059
0.02723575
-0.03396575
0.07120297
0.00540586
0.05727405
-0.05859589
0.03883976
-0.01154135
0.15947815
0.19370004
0.04078112
-0.70332103
-0.49663696
-0.06263918
-0.28650704
0.06174595
0.11552578
0.06577098
-0.12389218
-0.38525377
0.12018846
-0.45971473
0.27909256
-0.06912582
0.18751340
0.22068618
-0.60525559
0.52779956
-0.03354861
-0.00106418
0.05693979
0.16725168
0.36269032
0.48162692
-0.23504652
-0.31586964
0.31787220
0.34135025
0.21260229
-0.17066221
0.21334673
0.02894893
0.01282364
0.14625934
-0.19600735
0.25354550
-0.10051005
-0.36770634
-0.14249168
-0.16228832
-0.39494567
-0.26699982
-0.34489807
-0.21290872
-0.04662051
0.01210941
0.09730960
0.21973396
0.14030924
0.07389353
-0.08705024
0.01450098
0.19072601
-0.36282651
0.42748945
0.27327678
0.30276153
0.17830869
-0.09153775
0.28761526
0.05725921
-0.54607674
0.28697887
0.18593272
-0.10007863
-0.37139338
-0.27355967
0.00485125
0.11085874
-0.18554097
-0.22457173
0.12729178
-0.24539256
0.43078202
-0.19119247
0.53352503
0.16101915
0.12275406
-0.57029777
0.20204624
-0.24832886
-0.07372670
-0.08794950
-0.07938438
0.39701336
-0.00774161
0.12253195
0.13674343
0.16082539
0.25803817
-0.06649252
-0.04088811
0.29745978
-0.00936119
-0.10464917
0.28031940
-0.17421928
-0.39436067
-0.29860796
-0.38735222
-0.14835040
-0.05875177
0.27802593
-0.01590410
0.15549859
0.04747827
0.02637823
0.05662365
-0.13343811
0.15314559
-0.28236395
0.37544787
-0.22588627
0.10016548
-0.13793077
-0.39295789
-0.00470400
0.40017753
0.06712153
0.18451464
0.29645511
0.06684588
-0.22731181
-0.56274777
0.11370023
0.17478243
0.11283941
-0.06756879
0.00934701
0.11048355
-0.64495239
0.03887253
-0.41364089
0.25869092
-0.13857907
-0.39392950
0.30129630
0.10821420
0.27816975
-0.49797742
-0.20925173
0.01507777
0.26459222
0.08776987
0.10634526
0.19588930
-0.00104808
0.08482488
-0.00204088
-0.37537922
-0.08054905
-0.19332836
-0.37513557
-0.29450521
0.10895634
0.26392675
0.31414082
0.16523069
-0.16821518
0.31449935
-0.34267057
0.14799408
0.15657075
-0.12917710
-0.06438947
-0.04745320
-0.24346004
0.38407695
0.05383998
0.14406421
0.59922367
-0.13851152
0.27588527
0.00079131
0.28686108
0.15082900
0.19675095
0.13900496
0.10517682
0.28221417
0.02836965
-0.35772799
0.13140669
-0.32427418
-0.25618504
0.54027198
-0.05365078
0.35222171
-0.19671960
-0.02980937
0.27219437
0.36541458
-0.39066921
0.16716931
-0.00131494
0.30222834
-0.03511872
-0.01084400
0.29811657
-0.08001853
-0.28595346
-0.27574102
0.16309919
-0.17506924
0.09246495
-0.37163098
-0.50679539
0.03159226
0.24073581
-0.06940829
0.41026061
-0.01026232
0.29282327
0.00818777
0.09165941
-0.02336187
0.33445879
-0.07937083
0.01344848
0.09401495
0.19753462
0.33132228
-0.62179822
0.00796387
0.28361535
0.39098524
-0.26366002
0.21552375
0.01718802
0.43783236
-0.42195094
0.00185000
-0.41546472
0.12488979
-0.41055152
-0.42307803
0.28270061
0.01478529
0.27826389
0.22907210
0.02557185
0.31754740
-0.09892923
0.05891209
0.29729627
-0.08088769
-0.44348823
0.00402723
0.00488152
0.11303206
0.61552647
0.26278153
-0.09175076
0.08365555
0.25483095
-0.07074617
-0.22014064
-0.00401268
-0.04625905
-0.26772417
0.32863160
-0.01343107
-0.16460072
0.29432674
-0.03117890
-0.17347252
-0.41285336
0.12126787
0.17570847
-0.14606428
0.23368899
-0.24293741
-0.13786841
-0.00998745
-0.11263375
0.12304927
-0.02412153
-0.20180466
-0.12226673
-0.08599557
-0.09860789
0.18881584
0.03556115
0.06371858
0.02122450
-0.10712534
-0.17351163
0.13800825
0.15516731
-0.17972528
-0.26883331
0.35934291
0.05128455
0.13813252
-0.27060907
-0.14284192
-0.11623920
-0.16578063
0.01898819
0.02427662
-0.01903619
0.15981254
0.34702460
-0.29525502
-0.20983423
0.12664844
-0.04507530
0.15896411
-0.39391215
0.09939360
-0.26044158
-0.03992604
-0.04056289
0.19503292
0.04004603
0.00864636
-0.26158940
0.32241902
-0.17455228
-0.29408933
0.18606186
0.07785474
0.40337898
0.18284038
-0.24748385
-0.14865926
0.58968860
-0.24720826
0.18016182
-0.42162314
-0.18578468
-0.31502083
-0.18127261
-0.15365228
0.34567708
-0.08000715
-0.15697867
0.07166557
0.24518952
-0.06020333
0.16888955
0.43282480
-0.19216526
0.02118001
-0.17755304
-0.53866070
-0.00978293
-0.33578164
-0.17350429
0.08661061
-0.22367738
0.38163592
0.04476298
-0.23685408
0.19877895
0.16786364
-0.07393627
0.08635345
0.02213167
-0.08750527
0.32607543
0.39260445
0.09853649
-0.13239644
0.04731535
0.01480982
-0.05580613
0.02739110
0.08489796
0.25557745
-0.38750722
0.21036396
0.30805259
0.45881279
-0.39082582
-0.06298280
0.01836307
0.18464500
-0.08746373
0.00067255
-0.07505206
0.16611721
-0.12335750
0.25868005
-0.31598784
-0.14155996
0.23797685
-0.27897708
-0.11946821
-0.13810043
-0.08503950
-0.48804115
-0.00102698
0.10447628
-0.41138718
-0.39013162
-0.28654669
-0.06246760
-0.11836849
0.18035519
0.06299578
-0.39560942
0.07621491
-0.00377477
0.07134839
-0.00146119
-0.06458128
-0.10551741
-0.00614571
0.18449973
-0.11040670
0.09443798
-0.15989000
-0.06937585
-0.26709038
0.01887999
0.09151734
-0.10168606
0.08867248
0.04423989
0.15020607
0.00698189
0.16073972
-0.64252172
-0.13233673
0.16240510
-0.20609467
-0.20742024
0.06864673
-0.14011148
-0.15440115
-0.17551448
0.54361099
-0.05337170
-0.68317751
0.01936364
0.51362146
0.13870886
-0.13053649
-0.15652871
0.62105481
-0.07801190
-0.17712445
-0.34120206
-0.26440364
-0.08147923
0.03816607
-0.08035783
0.20854631
-0.09138726
0.03660158
0.02194068
-0.19055011
0.23896733
-0.22953204
-0.30182432
-0.21333945
0.12076089
-0.09472111
0.04840483
-0.40123097
-0.21161713
-0.06462256
0.34551695
0.12809659
-0.59864673
-0.27291580
-0.06935862
0.32813959
-0.06987427
-0.08509387
-0.27657091
0.02086524
0.07789481
0.33188535
-0.22997712
0.30182061
-0.38585313
-0.22451816
-0.08256184
-0.00130243
-0.34807912
0.46917455
-0.21378319
-0.14501289
-0.07300922
-0.34110978
0.59146701
-0.03992037
0.37994123
-0.35164540
0.37791495
0.05474757
0.32201413
-0.14186460
-0.49889884
0.22498030
0.02547108
0.04759226
0.48097358
-0.18601924
-0.01159969
0.10888796
-0.23169549
-0.29513316
-0.13688558
-0.21713816
-0.13986008
0.53273113
0.31304258
0.26679266
0.21181937
-0.02983636
-0.26829146
-0.35022593
0.01573254
0.04791872
0.06696348
0.20218066
-0.35900560
0.19559640
-0.22534616
0.34439012
-0.08560779
0.05924892
-0.12205321
-0.14811976
-0.11577645
0.01567493
-0.10831904
0.51446847
-0.32449670
0.20950729
0.13616081
0.17446268
0.60105743
-0.14730322
-0.03370255
0.22073635
-0.10338147
0.38002710
0.02502570
0.24587316
-0.23622511
-0.18649810
0.02421823
-0.01312954
0.14113205
0.15170667
-0.35347302
0.32274930
-0.26218866
-0.13053813
-0.23970870
-0.01593840
0.23511698
0.03512672
0.14785613
0.00172764
-0.00231915
0.17686337
-0.19136802
0.11327914
0.01260436
0.09461971
-0.05105247
0.14479726
0.17707296
0.22260852
-0.02894941
-0.13454560
-0.16983513
0.23625764
-0.04071326
0.38296224
-0.00328604
0.08451735
-0.01161545
-0.04151329
-0.31079349
-0.46881303
0.11070278
-0.22784414
-0.09969585
-0.09069693
0.15217358
-0.16973030
-0.04728696
0.32679900
-0.31367698
0.31535135
-0.41535268
-0.02877605
0.10170552
0.48280229
-0.00750429
0.23749083
-0.08961910
0.10281495
-0.15202846
0.12450379
0.18676351
-0.11429671
-0.37733042
-0.44127889
0.04612626
-0.02548505
0.25348751
-0.00940836
-0.07668090
0.41738410
-0.07294967
0.13955064
-0.14786913
-0.11244088
-0.08085015
0.09454944
0.53392550
-0.03831004
-0.21569767
-0.00054638
-0.35351842
0.09651993
0.22377263
-0.05857250
-0.08126960
-0.26780308
-0.09531106
-0.17008258
-0.49287298
0.13696841
-0.45818898
0.14064086
-0.13353492
-0.09920915
0.09167241
-0.15866652
-0.36910025
0.34134976
-0.09552077
-0.39623635
-0.21228663
0.10445257
-0.00455045
0.55780779
-0.47099111
-0.15174072
0.16721122
0.34913005
0.09023199
0.38877857
0.53349140
0.37486711
0.31983734
0.08624591
-0.08584841
0.26324714
-0.17383345
0.05480131
0.12324760
0.29518239
-0.24639791
0.06162837
-0.10882610
-0.14394305
-0.59771846
-0.07086966
0.05378673
-0.30957150
0.00245238
0.00008523
-0.06168442
0.42941919
-0.14446381
-0.13743289
0.04691615
0.66238550
0.04031721
-0.35792273
-0.45777001
-0.10625788
-0.29345305
0.13022098
0.10540829
0.23982484
0.12165490
-0.34382873
0.36705387
0.24275064
0.38692447
-0.19003412
-0.15862989
0.17025323
-0.24818863
0.25680994
0.18640655
0.31881298
-0.27203255
0.10991326
-0.26686130
-0.54413159
-0.19448036
-0.52652603
-0.13046450
-0.14294085
0.10483256
0.21410639
-0.26138965
0.02656726
-0.08076307
-0.16317763
0.12034395
-0.11821109
-0.25386760
0.53558539
-0.38099571
0.09834837
-0.23138861
-0.02934887
-0.12990632
0.10602230
-0.18209491
-0.06982475
0.00342325
-0.14189202
0.25775272
-0.09591744
0.05100713
-0.48900276
0.16689825
-0.13973797
0.24670520
0.02325727
0.33727752
0.21786501
-0.05658751
0.09524098
0.13665802
0.17117153
0.15486878
-0.02819897
-0.18951811
-0.14518999
0.24879264
0.09959276
-0.24812927
-0.03368329
-0.02758158
0.00055191
-0.22395704
-0.01139703
-0.11147173
0.01191901
-0.13813939
-0.01816858
0.08096217
0.56476073
0.12243552
-0.13366468
0.14794524
0.15181894
0.11603997
0.21016669
0.09302789
0.17560097
-0.00954767
0.25472719
-0.22970625
0.08777199
-0.16335501
0.43394500
0.15042985
0.25296648
-0.47756421
0.00241264
0.25327967
-0.20312035
-0.19798922
-0.02177825
0.08200181
-0.15961628
0.03716374
-0.04586428
0.00008696
-0.16288409
-0.35401413
-0.23556880
0.10752963
-0.11292343
0.22711195
0.00810375
-0.11403693
0.00393313
0.29859965
-0.24006674
0.39030883
-0.04891805
-0.07365681
0.04472947
0.16166637
-0.06752829
0.07270296
0.10578185
-0.30117493
-0.07852653
0.22887874
0.02123789
-0.37488391
0.19260271
-0.06004683
-0.03831434
-0.44820587
-0.16023370
0.23555643
-0.21468600
0.04131461
0.60350294
-0.14816096
0.04701132
-0.17389904
0.16812107
-0.22134157
-0.15785473
0.33862722
-0.09149965
0.02354444
0.17805353
0.10125668
-0.02116794
-0.34480634
-0.03441611
0.25468595
0.40759967
0.23108797
0.01040976
0.02098996
0.51918502
-0.19978033
-0.14923494
0.21073425
-0.09753410
-0.23274109
-0.08490297
0.17824758
-0.06843140
0.07271396
-0.17081419
0.05131653
-0.13322765
0.38351046
0.10444809
-0.14581128
-0.24585201
-0.16403024
-0.25986030
0.08257066
-0.02227179
0.15759434
-0.09281011
-0.37257546
0.09879696
0.30938775
0.03326654
-0.03832509
0.04146851
0.21573404
-0.25640001
0.01891253
-0.35530534
0.24597627
0.40868976
-0.32998981
0.22971051
0.50441534
-0.12752537
-0.35476938
0.20969867
-0.27007991
-0.34893021
-0.01902552
-0.08661235
-0.08112801
0.04879203
-0.14484461
0.27284640
-0.04462778
0.04451122
0.38795162
-0.09902437
0.19796142
0.23345344
0.08962097
-0.06447799
0.42188822
0.51221357
0.09694169
0.20616107
0.29506919
0.01145319
0.11582018
-0.26193692
-0.13804079
-0.09538193
0.40464945
0.37088971
0.25009552
0.35808292
-0.17743506
0.17614056
0.19542424
-0.41600634
0.45741345
0.18123120
0.12234428
0.36077439
0.37146278
-0.17491355
0.41932516
-0.43027816
0.18076297
0.01693699
-0.26351860
-0.42048618
-0.05767116
0.29436990
0.13809951
0.03356681
-0.23675929
-0.30273349
0.26575740
-0.02376853
0.47130791
0.26531542
0.19025150
-0.04088247
0.13454402
0.22223017
0.15713106
0.14014495
0.16826027
-0.58448976
-0.01670693
-0.19390817
-0.27987675
-0.23178679
-0.14839488
-0.02709517
-0.15799087
0.07957068
0.50232066
-0.08141220
-0.25877475
-0.17699602
-0.32956683
-0.03976169
-0.08153470
-0.04968145
-0.13285112
0.18338103
-0.09746266
-0.24554836
-0.05892821
0.08079742
-0.07574188
0.58159523
0.18851354
0.23649342
0.09253179
-0.25547986
-0.04121410
0.39449496
0.25041429
0.16510112
-0.20591513
-0.24167081
-0.15034560
-0.29443963
0.12351978
0.22116516
0.22157598
0.49833432
-0.03743499
-0.06525540
-0.31560827
0.31248977
-0.11789603
0.17761442
0.20747285
-0.17230135
-0.01189448
0.29961734
0.06306647
-0.10476181
-0.07635595
0.00774611
-0.19936191
-0.12225650
0.22615328
-0.09352754
0.39585881
-0.32461431
0.00057919
0.51478133
0.10896831
0.16553181
0.17781333
0.44810397
-0.37207197
0.09717644
0.18033257
0.07036516
0.00290963
-0.09618926
-0.21841688
-0.17468621
-0.13299775
0.32961801
-0.16078629
0.27220299
0.06749203
0.09753539
0.34573739
0.31704993
-0.27286368
-0.04251897
0.08134123
0.09774724
0.28345645
0.05305430
-0.42443955
0.12344223
0.17222997
0.12108534
-0.04346131
0.08129658
0.54825095
0.07986281
-0.41424950
-0.01972949
0.14077575
-0.24748556
-0.32733570
-0.10763957
-0.01665914
-0.08118679
-0.08000904
0.06119039
0.04190153
0.08709371
0.09841623
-0.00343546
-0.00146008
-0.28165728
0.05679043
-0.04711437
-0.12187491
-0.25622500
0.19594187
-0.00620735
0.02334033
0.45563136
0.42956946
0.29705472
-0.15257342
0.10332265
-0.01558849
-0.31147952
0.22623481
0.14040782
0.01821677
0.18176320
-0.13885079
0.16016997
-0.02637210
0.31663554
-0.07900272
-0.10069178
-0.19545093
-0.23028701
-0.15370359
0.06752959
0.24647072
-0.02935722
0.33019477
-0.16152246
0.16688601
-0.18797274
0.40927527
-0.20268592
-0.31737144
-0.19225484
-0.10133370
0.03234673
0.33087204
0.03884504
0.32058093
-0.31138393
0.39480488
0.44426262
0.10302469
-0.35993727
-0.12575833
-0.16621974
0.20917501
0.03986210
-0.40551358
-0.32095469
0.23942488
0.20303494
-0.14241399
-0.28104292
0.23049552
-0.12974369
-0.08204356
0.28131298
-0.02763658
0.46599274
0.19126266
-0.16644245
-0.17070853
-0.22758421
0.07832045
-0.10637021
0.05497583
-0.13407296
-0.16634125
0.06441497
-0.19978039
0.15733673
-0.44915377
-0.15498270
0.07804736
-0.38147505
0.22114372
-0.00846779
-0.10694429
0.17615288
0.11278369
-0.12252622
-0.18614433
-0.16925684
0.10295399
0.27400565
0.13667949
-0.18573282
0.32348884
0.03878438
-0.12958179
0.53800591
0.16154922
0.34675635
0.35722083
0.20216825
0.21403989
0.02157028
0.15375923
0.19267397
0.03186424
-0.68078187
0.06700425
-0.14081230
0.21384907
0.36873004
-0.00849476
-0.14668827
0.17332667
-0.04692009
0.15155531
0.09753942
-0.00655970
-0.05491110
-0.15917168
0.20527518
-0.19880117
