0.07871727
-0.03804791
0.22366269
-0.10290028
0.01052173
-0.02143415
0.08097975
-0.00735570
0.03653668
-0.15050542
-0.06492383
0.07157625
-0.04436301
-0.01588209
-0.08333141
0.01025390
-0.01487885
0.06106635
0.03056980
-0.06952900
0.01507979
0.04952232
0.02359268
-0.07834588
0.14626186
0.02044851
-0.07613529
0.16497878
-0.10730514
0.01261607
-0.00317101
-0.11481880
-0.12425066
-0.26743113
0.13608059
0.03068336
-0.13596921
0.07956294
0.07254434
-0.02220895
-0.18334582
0.04264727
-0.11671175
0.02529021
0.10690480
-0.12679095
-0.01536999
0.10492874
-0.00825700
0.01621706
-0.05343220
0.01264298
-0.05120216
0.07486004
-0.12429192
0.08940723
0.00411568
0.00874207
-0.13019010
0.09091872
0.05187511
-0.03637333
0.03111771
0.00236604
-0.02223729
0.13360353
-0.05512472
0.02285239
-0.01050569
-0.05874977
-0.06447502
0.05755064
0.00790729
-0.14124016
0.04598053
0.05370310
-0.01411095
-0.03985276
-0.15367803
0.03560109
0.02925918
-0.04245039
0.05105989
-0.03706602
0.17979912
-0.10612826
-0.05775583
0.02802770
-0.16029166
0.12862059
0.00481847
-0.05006758
0.07568571
0.09299019
0.11218349
0.13576959
-0.02455981
0.05758628
-0.08775781
0.05224354
-0.05597556
0.00607795
0.00191174
-0.09592619
-0.05807282
0.05324998
-0.02771707
-0.00907459
0.01116973
0.00402164
0.15366941
0.01079495
-0.00419437
-0.02788608
0.03535003
-0.10282642
-0.00718159
-0.04496214
-0.08360131
-0.08755430
-0.02490324
-0.11636573
-0.02173289
0.09547248
0.02356659
-0.05777664
-0.11647155
0.02367423
-0.03060917
0.16187006
-0.26186728
-0.00681394
0.04459731
-0.06734587
-0.06043070
-0.03176949
0.11774296
0.05743370
-0.03504166
-0.06020553
-0.15593690
-0.01690772
-0.03554917
-0.01361438
-0.05362741
0.16738761
0.06429330
-0.04353453
-0.06377836
0.06187119
0.14331686
0.01593529
-0.06846580
0.01052243
-0.08426832
-0.03945722
0.03893192
0.10589494
-0.13312906
0.01967306
0.06041335
0.02801907
-0.12126648
0.04767208
0.04810642
0.13011074
-0.10039189
0.02619420
0.25844520
-0.06658215
0.07371960
-0.16424667
-0.04269727
0.10340713
0.07109421
-0.00982323
0.14300919
0.26341795
-0.06265230
0.13327554
0.00020107
0.02204411
-0.06528981
0.01305381
-0.04584835
0.06121887
-0.05025790
-0.06341049
0.00643736
0.18340900
0.11238804
0.09569274
0.00309406
0.06170360
-0.09093188
0.15011754
0.07640551
-0.05454615
0.08643584
0.04071417
0.15187588
0.00339249
0.07684476
0.30238267
-0.07000109
-0.20486221
-0.00705805
0.11524669
-0.03493845
0.03969144
0.10757973
-0.07630334
-0.02411661
-0.18807954
-0.04305310
0.01661724
-0.05351838
0.03899263
0.00172908
-0.05481932
0.05704155
-0.01544914
-0.08736087
0.04654458
0.13334344
0.00703260
0.04208144
0.11143051
-0.03787430
-0.08362813
-0.10817984
-0.15633974
-0.04308458
0.01315396
-0.16443714
0.07557445
-0.01455227
0.00665969
-0.10424850
0.07333055
-0.04852536
0.12155059
-0.00700200
-0.16169273
-0.10662831
-0.16724466
-0.02787978
-0.10112403
0.08498028
0.14743475
-0.00293707
0.02393672
0.02499461
0.03609279
0.08281788
0.09167714
-0.00563938
-0.03228768
-0.11334631
0.10388232
-0.00778173
-0.00840745
-0.03908177
-0.03249789
-0.15531590
0.03775257
-0.08257771
0.08359963
-0.11233172
-0.09467315
0.21260831
0.08021591
0.06150494
-0.11214970
-0.12578213
-0.06751426
-0.03653516
-0.05717524
0.00895711
-0.01361617
0.18091778
0.07056823
0.03825323
-0.18427579
0.10846435
0.07585084
0.05444768
-0.03798844
0.12896538
-0.01616591
-0.02645964
-0.11485573
0.10936893
0.04317114
-0.01233472
0.16567712
0.01989559
0.12199549
0.07451337
-0.09073566
-0.03822970
0.17590083
0.09041191
-0.05097709
0.10747270
0.09814699
-0.03842295
-0.07211659
-0.20063026
-0.10245286
0.14525534
-0.09557923
0.00427142
-0.07618605
-0.09080776
0.01348401
0.01938861
-0.08404345
0.02181047
0.04760594
-0.02322588
0.03083155
0.04012637
0.01832951
0.06349817
-0.00935267
-0.05037858
-0.02417199
-0.07676487
-0.07881626
-0.06273993
0.01026516
-0.09621702
0.03763053
0.15505453
-0.03922750
0.02818380
-0.00540965
0.07119817
0.11129397
-0.03967429
-0.05126796
-0.04456377
0.15372690
0.06504394
0.23226945
-0.14873747
-0.05447736
0.07604363
0.18569750
-0.13638703
0.03980365
-0.08038468
0.04545538
-0.08213280
-0.04412558
-0.03689778
0.05314490
-0.27946657
0.18415977
0.11524768
-0.10636208
-0.16805200
0.08808994
-0.10079708
0.04040890
-0.08813714
0.21883296
-0.05227753
0.16710227
-0.02521606
0.02651977
-0.04562243
0.06314707
0.31677493
0.07088508
-0.00925445
0.04106062
-0.14308548
-0.08143139
-0.03062953
-0.10340570
-0.14626182
-0.13576166
0.10246511
0.16467836
-0.07485048
0.03546409
-0.25264588
-0.03189210
-0.02248768
-0.05384346
-0.25352070
-0.00058626
0.05942920
0.22838620
0.01210241
0.03331606
0.03528724
0.18386731
0.04049577
-0.02618237
0.09588378
-0.06335805
0.15397426
0.10774201
-0.07302756
-0.09143657
-0.11303555
-0.16584770
0.14703765
-0.06999715
0.07667720
-0.09296273
-0.15553096
-0.04582630
0.18612818
-0.16244199
0.17932427
-0.00864170
-0.16097387
-0.24184763
-0.02801940
0.25052704
-0.00284786
0.00126782
-0.04515631
0.07933445
-0.04095731
0.09994125
-0.00073771
-0.07106919
0.10612305
0.07770035
0.07409160
0.07839239
-0.06139914
-0.11716411
0.24071112
0.09293541
-0.08073497
-0.08291511
-0.05044683
0.13019231
0.04635882
0.14745985
0.13171731
0.02528904
-0.01337923
-0.07091039
-0.12048099
-0.02728046
0.25999651
0.14211495
-0.05532385
-0.09550363
0.06543023
0.10199079
-0.05778725
-0.13301332
0.09580141
0.01041760
-0.06353607
-0.02233220
-0.03611142
0.00585557
-0.15034235
0.05245191
-0.12107579
-0.04528797
-0.02875214
-0.02976975
-0.07574636
0.00389856
-0.09399297
-0.15062971
-0.00642951
-0.12839028
-0.09749054
0.02220123
0.01719910
-0.01988013
0.08584415
0.05185381
0.10636235
-0.01435911
0.04382762
-0.00129342
-0.06464139
-0.00418798
-0.11197537
-0.07684233
-0.05729545
0.07895978
-0.13040466
-0.07000241
-0.18759474
-0.04139834
0.11665663
0.15458798
0.01237835
-0.07358694
0.00629169
0.20305221
-0.16810722
-0.16902035
0.10765736
0.02414084
0.06975440
-0.15437038
-0.03656572
0.15651247
0.10727240
-0.07822960
-0.14162600
0.03418898
-0.05997453
0.01007726
-0.04644008
-0.10501751
-0.02621160
0.05336372
0.05089882
-0.12373409
0.00290740
-0.10487455
0.09745757
0.01727436
-0.01052673
0.01743149
-0.02632169
0.07878601
-0.03424846
0.16469942
0.24751647
-0.34512617
-0.06509805
-0.09633330
-0.09577569
0.11173687
-0.10097097
-0.03833728
-0.05744931
0.04594732
-0.01992823
-0.17714022
0.07577705
-0.13160780
0.01128983
-0.16724236
0.11277336
-0.18627232
0.13149668
-0.06479981
-0.12930627
-0.02214563
-0.11487026
0.05436299
0.05472141
-0.01977544
0.12672030
0.14088254
-0.01758348
0.02208651
-0.03640024
0.21515986
-0.02528937
-0.04672425
-0.14218432
0.23252835
0.12269184
-0.02489333
-0.09485329
0.07520488
-0.03917129
-0.10267852
0.02543102
0.13490023
0.21542076
0.02193315
0.02092224
0.02851506
0.01276540
0.03782761
-0.02273257
0.01389569
-0.05988975
0.12840924
-0.10636045
-0.04671404
0.03095203
-0.17660653
0.08400192
-0.03444685
0.22834423
0.05810720
-0.07114732
-0.23326926
0.05204220
0.03938209
0.00070937
-0.00387451
0.10987988
0.01493418
0.12851559
0.06946589
-0.00431118
-0.03015680
0.02608078
0.04483590
-0.02075489
-0.00968595
0.02554328
0.04706688
-0.09507349
0.05390543
0.09213223
0.02181144
0.03420056
-0.10736740
0.16436537
0.04913987
-0.04449626
-0.10587047
0.06181952
-0.01260854
-0.04380922
0.03031910
-0.15950497
0.03118395
-0.02376829
0.00487497
0.00635404
0.17663015
-0.03264014
-0.17604325
-0.06979770
0.08426031
0.01978718
-0.01691052
0.08684495
0.01673483
0.12115000
0.22496770
-0.03874218
-0.06227236
0.00066596
-0.18640467
0.07186900
-0.07033959
-0.05307860
-0.00615035
0.05589863
0.18009446
0.05381520
-0.03771783
0.07708044
-0.13233509
0.01043894
-0.04413426
0.07046376
-0.11199340
-0.06632533
-0.11599119
0.01845619
-0.01530543
-0.16652044
0.19407977
0.00130243
-0.03351844
-0.18060082
-0.01059866
-0.10163712
-0.12511931
-0.04655493
0.12221728
-0.26538790
0.10263622
0.05715710
-0.01311934
-0.01561485
-0.00396928
-0.08503287
-0.11179427
-0.08221282
-0.05623290
0.03358302
0.04223974
0.02676713
0.03217462
-0.12559922
0.08365375
-0.00031906
0.10113478
0.03834448
-0.11909778
-0.01374112
-0.07221938
-0.08888443
-0.01029034
-0.04196032
0.02853366
-0.10505388
0.06310798
0.05856944
0.01044115
0.01774984
-0.01872467
0.06049308
-0.05843141
0.00778729
-0.12288234
-0.06105474
-0.33134757
0.05179913
0.18292205
-0.00176199
0.23084777
0.06284398
0.12027711
0.09660568
0.01843780
0.00956604
-0.01528715
-0.01413648
0.03935580
-0.00074078
-0.02014178
0.09842335
-0.06293880
-0.10849045
0.04201338
-0.10887854
0.05638517
-0.11442120
-0.03700967
0.12338751
-0.02567636
0.16960186
0.14572961
0.04969381
-0.05137226
0.02145905
0.10501530
0.09191049
0.02139440
-0.09639234
-0.00147770
-0.05682787
0.00267398
0.09647613
-0.12632165
-0.07058895
0.06073039
-0.14516730
-0.05128624
0.08152801
0.05968453
-0.02639871
-0.06545988
-0.00643316
0.18904459
-0.19432174
0.16096437
-0.02677076
0.03947862
0.11018298
0.00168439
0.14647732
-0.12795892
0.08950606
-0.03150607
-0.08041038
-0.02462270
-0.01726424
-0.05625905
-0.06372435
-0.01112540
-0.02247969
0.03407850
-0.00360708
-0.28899341
0.14400818
-0.05413618
0.00199704
-0.06466481
-0.04918249
0.04654866
-0.12595783
0.13604242
-0.09232589
-0.01372896
0.01103110
-0.05883656
-0.12257321
0.06660237
-0.02041288
-0.05551769
-0.01546519
0.05201187
0.08780770
0.14473459
0.12723230
-0.08114421
0.07159992
-0.00157788
-0.11647951
0.09380417
-0.04864365
-0.04928281
-0.11435825
0.00667121
-0.17120692
-0.20780904
0.07054903
-0.15950426
-0.04530704
-0.07373777
0.00714652
0.02346134
0.04450697
-0.25186326
0.06913757
0.01769575
0.05402588
0.09782984
-0.09591609
0.05881697
-0.03421632
-0.12417475
0.05739987
-0.09688135
-0.12512239
-0.02578826
-0.06247198
-0.23468633
-0.12245485
-0.03055395
-0.01975464
-0.00844240
0.07386067
0.00015220
-0.11040882
-0.04341187
0.15210415
0.05015109
-0.09920398
0.27115958
-0.01499849
-0.11271100
-0.09907743
-0.03439815
0.08202473
-0.03287328
-0.05880685
-0.01943001
-0.09248563
-0.07369187
-0.14175977
-0.23642679
0.03466864
-0.00406072
0.05415408
0.01426353
-0.03506915
-0.04274575
0.11044312
-0.11634474
0.05009430
-0.01600936
0.02861626
0.00127569
0.03630709
-0.13034915
-0.02302194
-0.03921928
0.14843094
-0.01301632
0.17767283
0.04868780
-0.10263433
0.16124495
-0.02864923
0.25812908
-0.10162093
0.17174427
-0.18653553
-0.13202861
0.12856863
0.07726179
0.09102740
-0.02572729
0.07867897
0.06209979
0.04977934
0.13934890
0.14211821
0.00939375
-0.02410867
-0.06557444
-0.10785997
-0.01013582
-0.09634480
-0.04980848
0.09448382
-0.07752805
0.01611800
-0.12420251
-0.04073650
-0.02109543
-0.03605109
-0.10699242
-0.04868050
-0.09435436
-0.21941859
0.01451693
0.11273032
-0.20474819
-0.02587850
0.05003159
-0.12504048
-0.00600920
-0.02090658
0.18224451
0.10422978
-0.25340766
0.08583984
0.02110845
0.13142140
-0.00380848
0.00567923
-0.09491368
0.05966395
-0.16430284
-0.04629409
-0.14672625
-0.01322136
-0.02125611
-0.21942084
0.08428914
0.17216270
0.05093077
-0.17547370
0.01209938
-0.00215089
0.07360936
-0.11623781
0.11422859
0.00597178
-0.00249900
0.20025075
-0.06165314
-0.06024274
0.23226634
0.01980305
-0.10089312
0.12095806
0.07416924
-0.05016939
0.12982776
-0.00196047
-0.00159283
0.02884459
-0.10417953
-0.07135871
-0.14984477
-0.22141687
-0.03585269
0.16584586
0.13771407
-0.03887480
0.11803102
0.04206080
-0.06054027
0.06548521
-0.12004091
0.04409225
-0.01807850
0.03585680
0.08905506
0.01184509
0.06069320
0.15454690
-0.05552261
-0.11823306
0.03453712
0.03037185
0.12060020
0.07853282
-0.10906634
-0.01377698
0.07473239
-0.22548376
-0.16617408
0.16679668
0.02427411
0.14860630
0.14192764
0.18953562
-0.00350854
0.12107793
-0.03579889
-0.06633121
0.01153128
0.07359057
0.03367474
-0.18072264
0.07756966
0.00729662
-0.06963974
0.06593330
0.12466257
-0.04996975
0.02460169
-0.02201316
0.02811712
0.10599227
0.03118849
0.01728829
-0.05826904
-0.05889213
-0.05131929
0.10827348
0.00398078
-0.10171648
-0.06617413
-0.17129272
0.05788674
0.01159301
0.01636163
-0.20993769
-0.04257466
-0.01722928
-0.00250246
-0.02314183
0.06605587
-0.20943975
-0.13786069
-0.00570120
0.01099029
-0.00885270
-0.01196095
0.10282385
0.01672106
-0.17288504
0.03647492
-0.15150791
-0.04907331
-0.08506574
-0.07866000
0.14867425
-0.02092255
0.01731609
0.02441934
-0.09550166
0.03865996
0.04767759
0.03781035
-0.09978059
-0.04608729
-0.09516517
0.01307009
0.13660407
0.03769185
0.16419345
-0.05728609
-0.03131644
-0.03195004
0.00861524
0.01701725
0.01216085
0.05957373
-0.12111215
-0.05093835
0.33139924
0.08451053
0.04196409
-0.03351835
0.09950737
0.18693996
-0.08243860
-0.00987990
-0.11800815
-0.12008697
0.16794897
-0.06581383
0.03176265
-0.08065367
-0.10663767
-0.05592606
-0.07011697
0.02603965
-0.09473125
-0.01850313
0.05722382
0.08551513
-0.04060313
-0.18353676
0.05774758
0.17139425
-0.06061551
0.04688205
0.08101947
0.05007961
0.05228609
0.04447551
0.02582782
0.03204665
0.02298875
-0.05030328
0.08723289
0.04872059
0.05169986
0.05806219
-0.11963493
0.06947332
0.18995561
-0.00086767
0.11452047
0.04445257
0.06587395
0.00460967
0.14802652
0.27625612
-0.18221229
-0.00803744
-0.20986616
-0.10296292
0.01703340
-0.05513776
-0.01467083
0.06704961
0.10922646
0.15429192
0.10761455
-0.05844067
0.03287542
-0.12037881
0.14497761
0.03734886
0.16557091
0.01892135
0.07686022
-0.09923755
-0.13230574
-0.08922104
-0.15097908
-0.13033750
-0.01813124
0.12087738
-0.04680482
-0.22397637
0.04704626
0.03853344
-0.10649358
0.04199487
-0.07863279
-0.01451315
0.07594506
-0.05074208
-0.13564932
0.03857202
-0.07883115
-0.08513078
0.07952742
0.00474774
0.00887689
0.01755579
0.02319992
0.07574879
-0.06140512
0.01538148
-0.06431951
0.13775543
-0.00554444
-0.06292503
-0.05135336
0.17165257
-0.04774950
-0.08013675
0.10173590
-0.08990180
-0.00445773
0.09684944
0.00404646
0.17083166
-0.07707057
0.12712059
-0.03090840
-0.14087985
0.04973604
-0.05197968
-0.13289743
0.03096617
0.02462372
-0.10561811
0.12923917
0.08780059
0.08151593
-0.09231462
-0.03968494
-0.19917643
0.00235722
0.11111826
0.07055996
0.04685821
-0.09517304
0.01439832
0.23656422
-0.06020728
0.00210104
0.09995929
-0.09191414
-0.05665304
-0.11419912
0.01323795
0.11751385
-0.02234027
-0.00080722
-0.02847338
-0.17099590
-0.21262844
-0.20370409
-0.21770930
-0.17487855
-0.21215216
-0.17301474
-0.16171898
-0.23667077
-0.31677147
-0.29457525
-0.17964529
-0.18311436
-0.29005928
-0.27427574
-0.22978276
-0.16644455
-0.22798141
0.00757589
-0.15287368
-0.03371131
-0.06342507
0.19937338
-0.01966684
0.20409358
0.04636554
0.14829941
0.46893728
0.58115115
0.40983944
0.53551137
0.37704444
0.41902917
0.48786225
0.47400854
0.27969912
0.46637630
0.37913451
0.53600370
0.38791130
0.31211175
0.31944843
0.15765507
-0.20285109
0.01661036
-0.24333089
-0.06421235
-0.15032698
-0.12367391
-0.22602005
-0.14025901
-0.20958166
-0.38021109
-0.38082063
-0.27557441
-0.53824248
-0.28735732
-0.27540864
-0.16771085
-0.38676989
-0.30605315
-0.21372663
-0.22001366
-0.20143393
-0.19795294
0.01784347
-0.01795441
-0.06514549
-0.14206091
-0.00011792
0.06238444
0.05504328
0.01508687
-0.09422083
0.02009851
0.00212429
0.04789120
-0.04973181
0.11843684
0.17468532
0.09830309
-0.00737352
-0.23563072
0.15281146
0.12379943
0.12006803
0.25713961
0.10872543
0.06193504
-0.01460222
0.00305398
-0.09473829
-0.06962697
-0.10294000
0.03287014
-0.02134809
-0.05046551
-0.08854699
0.15936622
-0.04886314
0.09005821
-0.04539085
0.00587091
0.14753232
-0.04691368
-0.19531781
0.01463178
-0.13302087
-0.06202343
-0.09506784
-0.03428398
0.07090058
-0.13706604
-0.07961751
-0.03906857
0.01983813
0.16729169
-0.01125458
0.17525549
0.06708193
0.00264507
0.06441740
-0.21258037
0.01891588
-0.01552388
-0.02540892
-0.04570104
-0.04269964
-0.02188035
0.10260308
-0.13590290
0.13347112
-0.10595271
-0.02966754
-0.01121227
-0.01793843
0.16793950
-0.16426308
0.19257290
-0.07256506
0.11921239
0.01613021
0.09825070
-0.24706224
-0.06315511
-0.02701865
-0.18913679
-0.08637039
-0.20607564
-0.06336615
-0.15172494
-0.15866707
0.10201671
-0.11411939
-0.07121542
-0.13661990
-0.05025968
-0.13312778
-0.19033998
0.01478474
0.11883492
0.18756499
0.22328292
-0.00266651
0.15902117
-0.04026692
0.19181881
0.35002370
0.19433987
0.35470649
0.41652386
0.25158815
0.49100450
0.21971312
0.37462710
0.27895420
0.39346121
0.12427915
0.36979782
0.10071366
0.20604594
0.20594319
-0.09081037
-0.13178811
-0.16753749
-0.03033098
-0.28561696
-0.46096823
-0.35685259
-0.42981739
-0.33012330
-0.60090206
-0.62321852
-0.61456410
-0.52119799
-0.61538817
-0.42124796
-0.30892082
-0.49878549
-0.27509875
-0.24670206
-0.27969079
-0.20939411
-0.07418064
-0.02131652
-0.03900580
0.09842979
0.07577620
0.15252607
0.15754436
0.24082168
0.36959689
0.47849192
0.41927762
0.41115753
0.33061148
0.30220786
0.22835170
0.37869681
0.14418464
0.13618059
0.09216204
0.10382219
0.20144351
0.11024763
0.08412699
0.03129041
0.11718931
0.03545751
-0.10024516
0.05604294
0.22691241
-0.02487020
-0.00264138
-0.02340607
0.11040424
-0.20900784
0.06903239
-0.21568746
0.01950213
0.19925494
-0.10946537
0.01022018
-0.12182027
0.18802358
-0.18172231
-0.17169098
-0.20919175
-0.02801518
0.12369460
0.05384686
0.01582880
-0.07426140
0.13900335
-0.06691049
-0.06440304
-0.24435563
-0.02722996
0.12365754
0.03442051
0.00630600
0.08013951
-0.01963741
-0.18104626
0.04123855
-0.07221086
0.01295791
-0.13627616
-0.10237817
0.03659767
-0.06007629
0.06824031
0.01252080
-0.07132869
0.13718303
0.07062786
0.12244308
0.13826590
-0.03884351
-0.09338734
-0.12737339
0.04526979
0.03050214
0.01729231
-0.20778412
-0.15700768
-0.04325766
0.20771121
0.03195509
0.05238585
0.00398524
-0.02763057
-0.05072354
0.05020704
-0.13477042
-0.12650209
-0.06826600
-0.09844659
0.07499550
0.07681970
-0.19179809
0.09549895
0.01483378
0.00151007
-0.02630583
0.03320858
-0.00618054
0.08551178
-0.17041029
0.08758292
-0.03148231
-0.09173026
-0.14279120
-0.05814523
-0.07385303
0.04424114
-0.08214675
-0.06099454
0.05808551
0.18514959
0.08898353
-0.02266176
-0.10425799
-0.20565578
0.04856698
0.14496689
-0.02066274
0.03702972
0.00042242
0.00439976
-0.07254087
0.22707671
0.06494924
0.06754106
-0.04567203
-0.16458190
-0.04488280
-0.05321993
0.03272223
0.00268815
0.11068909
-0.03830068
-0.12184915
-0.04540458
0.03276844
0.07228653
-0.10491434
-0.17427660
0.06317959
-0.04446471
-0.01658852
-0.01431769
-0.14049153
-0.03340940
0.11607687
-0.03022783
-0.09936897
-0.00765158
-0.01395254
0.04191173
0.12002707
-0.04191654
0.11851875
-0.05530014
-0.00635991
0.05682549
-0.02963945
-0.02653741
-0.02774577
0.13400953
-0.05050762
-0.21797727
0.22330416
0.00927109
-0.10918535
0.16600772
0.24459206
0.09828961
0.11706703
0.04893918
-0.01140729
0.07798886
-0.05420071
0.04275632
-0.15691147
0.04482043
0.14345646
-0.17179883
0.00294403
0.19397485
0.12838849
-0.11825188
-0.17655359
-0.13634493
-0.07860161
0.01329735
0.23135775
0.05791212
-0.07628244
-0.10440366
0.04791674
-0.17474935
-0.00515222
0.04868542
-0.00881775
0.00377547
0.19086753
-0.05374237
0.11774309
-0.00305120
0.01117205
0.07212952
0.02718092
0.13354533
0.18059721
0.16234455
0.07445579
0.01268238
-0.13119507
-0.09633213
-0.11156797
-0.11870913
0.17092495
0.15553747
0.04650432
-0.03328736
0.04701020
-0.20019500
-0.08553447
-0.09782858
-0.05810301
0.11793862
-0.13951323
0.03123157
-0.00622658
-0.12141578
-0.04240140
0.03160412
-0.03983371
0.24747547
0.05609873
0.07494321
-0.09969667
-0.17897363
0.07505157
0.08610510
-0.06418166
0.10403573
0.23245204
0.09826855
0.20328722
0.09543178
-0.09866340
0.03048752
0.04362215
-0.05388656
-0.05923807
0.03488854
-0.08766862
-0.14867338
-0.20929608
-0.22017422
-0.06972447
0.10838693
0.01592214
-0.05938723
-0.01219607
-0.04493129
-0.10004563
0.06682481
0.13237787
-0.05448979
0.02426298
0.00328793
-0.03866178
-0.06927619
-0.08913629
0.18913819
0.00756816
0.03258332
0.02265605
-0.01508843
0.01865843
-0.02071649
-0.02579852
-0.07008736
-0.01509068
-0.02227986
0.00714786
0.02096504
0.08173052
-0.14745384
-0.09296762
0.06441044
-0.23927007
0.07050873
0.03626128
-0.04259844
0.09406857
0.02803000
0.27842868
-0.02314952
-0.21695646
0.01831500
0.12151396
-0.06540714
0.14688393
-0.09198654
-0.05344478
-0.10840391
-0.27976744
-0.10524386
-0.14696974
-0.02878812
-0.15460081
-0.01398192
-0.21743674
0.06645870
-0.13045632
-0.03707391
-0.07977251
-0.09183573
0.00112268
0.12108088
0.01615927
-0.10454240
0.09121668
-0.06645581
-0.01003443
-0.03348482
-0.10392319
0.00369933
-0.10354473
0.18003436
0.02012413
0.06345951
-0.03247773
-0.14415609
-0.00815496
0.10973757
-0.12672999
0.11345426
0.02288722
-0.09355692
-0.02446623
-0.01925128
-0.04899913
0.12051187
0.08109730
0.17208681
-0.04620587
0.10465050
-0.01096600
0.15572586
-0.06724131
-0.05234207
0.03508024
-0.14067194
0.05843630
0.05843600
-0.08984044
0.11996175
-0.05030685
-0.00675221
-0.16093011
0.17216791
-0.05490754
0.15989028
-0.08223485
-0.05115900
0.19444023
0.10111080
-0.07101434
0.06037182
-0.03867149
0.10221553
-0.02458654
0.05642652
0.15465846
0.04498305
0.02738744
0.02533068
0.01355610
-0.02595379
0.05031465
0.04314788
-0.20178810
0.00078285
-0.21256045
0.10295102
0.04701899
0.02931271
-0.12327468
-0.09265859
0.24464971
0.05828516
-0.00461987
0.09826624
-0.10297543
-0.05433432
0.14133340
-0.17440178
0.00633779
-0.02144586
0.00141938
0.00835736
-0.07026256
-0.08285700
-0.16820849
0.05917112
-0.03299572
-0.24747632
-0.00301626
0.02007307
-0.01720617
-0.09012955
-0.03832525
0.04744411
0.08060938
0.02881464
0.10045858
-0.13061377
-0.04455958
0.00007715
0.02767535
0.01360393
0.01405774
0.12572892
-0.05957373
-0.08004861
-0.03328516
-0.01340425
0.00544811
-0.03591494
-0.01010941
-0.04169941
-0.14111566
0.10389123
0.05961485
0.00581951
0.10889091
-0.05559327
-0.02213355
-0.22943337
-0.08691932
-0.26169241
0.01414365
0.13328328
-0.13551740
-0.08433457
-0.04612565
-0.05962842
-0.05428542
0.01826611
0.01510225
0.03976651
-0.00438519
-0.03289591
0.04783555
-0.02287604
0.03112398
-0.20070470
-0.09831111
-0.04467063
-0.06954102
0.02495774
0.16404672
0.20941554
-0.09260499
0.08893595
-0.06725946
0.14855910
0.03036749
0.03778978
-0.01537120
0.17346195
0.04899958
-0.03509234
0.05013466
-0.17516123
-0.00792527
0.10092148
0.01989193
0.06763687
0.05800621
-0.04500392
0.03659455
-0.01281542
-0.01296465
-0.02212817
0.03129099
-0.08148185
0.07217651
0.05919252
0.22947978
-0.13597495
0.14568990
-0.13258748
-0.18111482
0.04644037
-0.02637977
0.16786277
-0.14719108
-0.02373652
0.07350940
-0.21723540
-0.16650806
0.06331094
0.07208828
-0.10308071
-0.02579682
-0.08345819
-0.22564979
-0.09225129
0.13054130
0.02706425
-0.10263187
-0.00990206
0.14599463
-0.03562052
-0.03813638
0.20418360
-0.26725241
0.14253432
-0.11042079
-0.03724213
0.08676275
0.07262587
0.02266229
-0.01714970
0.00653012
-0.10817742
-0.06498673
0.08259774
0.00127537
-0.06657686
0.02885930
0.01974635
0.05146409
0.09330899
0.06350409
-0.10335183
-0.08863868
0.24132477
0.06141684
0.00020653
-0.05786705
0.17446374
-0.01146136
0.09871930
0.07712124
-0.13765146
0.02817324
-0.18465452
-0.12349100
0.06993909
0.05609536
-0.02704624
-0.03914551
-0.00281653
0.19887818
0.10799291
0.03130139
-0.04139945
0.06611218
-0.01946043
0.04594214
-0.02045164
0.11024553
-0.08311524
-0.06432676
0.09921794
-0.10480072
0.05418289
-0.09079796
-0.00769581
-0.08634961
0.08638607
0.04374589
-0.04007224
-0.07290017
