0.14452394
0.04014790
0.21301255
-0.17964032
0.13626049
0.19321458
-0.27285003
-0.18845224
0.02900849
0.13823644
0.06934352
-0.44310175
-0.09126521
0.07605872
0.00040286
0.00790988
0.02152451
0.08847686
-0.08850070
0.00686688
0.21879619
-0.28211960
-0.02227187
0.28385721
-0.09985043
-0.08972458
-0.06229198
0.21115902
-0.19707091
-0.24140666
-0.43288953
-0.23067315
0.33598049
0.09414181
-0.02073823
-0.25045606
-0.30283395
-0.08411566
0.23005770
0.07450858
0.44912093
-0.12631315
0.10645545
-0.17807252
0.16595496
-0.30096162
0.09573041
0.07853983
0.00797888
0.20427891
0.76731552
-0.02108289
0.34740190
-0.29495154
0.46473840
0.12467416
0.19471104
-0.16263306
-0.45718885
0.30812015
0.49411354
0.19209702
0.09762212
0.10511709
-0.12585777
0.32930059
-0.10044076
0.12046762
-0.17227723
-0.31325517
-0.21275162
0.28917503
-0.10466051
-0.47639987
0.09149873
-0.05008398
0.28955408
0.13618051
-0.10759134
-0.08611551
0.13564520
-0.12701773
-0.32946727
-0.10661193
0.03381525
-0.13931939
0.00385539
0.01349574
0.45570749
0.14310586
0.09797428
0.03073923
0.33625268
0.06983384
-0.01093451
0.18087910
-0.05279065
0.10649023
0.08864228
0.08941515
-0.11408431
-0.11155172
0.31233651
-0.02667418
0.37208849
-0.17662050
-0.05545627
0.01223598
-0.06410414
-0.14415686
-0.02726046
-0.51121067
-0.37130861
-0.32385099
-0.09784324
0.19577888
-0.49691479
-0.16966888
-0.02813958
0.08602144
0.36460783
0.24665880
0.13038651
0.22629489
-0.16271335
0.20461593
0.28344327
0.06385005
0.27412954
-0.04413756
-0.02651110
0.03864015
-0.24133064
0.35382432
-0.09528591
-0.23451460
-0.00233492
0.28184617
-0.02029829
0.06468226
-0.33199870
0.36421791
0.16461126
-0.19232985
0.02990778
-0.22872735
0.30382078
0.10514218
0.07454881
-0.05596806
0.06459394
0.30175581
0.40352205
-0.17402952
-0.18405111
-0.12052829
0.19173511
-0.17803129
0.08138227
-0.01755982
-0.12097726
0.34306043
-0.38513317
0.00652039
-0.08774535
0.04600700
0.10827129
0.17029971
0.46072790
-0.11334610
0.23858564
0.08540440
0.17537589
0.15100829
-0.11742871
0.02475705
-0.23131282
0.04640477
-0.19251131
-0.09755436
0.29106110
0.11473294
-0.19103669
0.16464047
0.17703176
-0.12310350
0.23646367
-0.09500689
0.18730752
-0.07455446
0.05186942
0.06238646
-0.06929389
0.15375215
-0.13112194
0.11242599
0.02887176
0.17412827
0.32060271
0.22638701
-0.17887252
-0.16868612
-0.20142327
0.40227119
0.04972787
0.12309223
-0.17997570
0.28696719
0.02227221
0.14386034
0.31733639
0.13914924
0.26661751
-0.32513650
-0.21754658
0.15494481
0.05057063
0.01135792
0.03682550
0.19841714
-0.18711072
-0.36649824
-0.42762881
-0.30726839
-0.18521942
0.27808437
-0.35339779
-0.43587156
-0.09779643
-0.24629909
0.03318359
0.26453290
0.01381015
0.08201085
-0.04163520
0.04075026
-0.19295950
0.19425496
0.24774799
-0.08987895
0.16146443
0.14285939
0.07045531
-0.15770764
-0.43998875
-0.05579935
-0.06232367
-0.24452084
0.18402042
0.17970794
0.02010136
-0.23428516
0.29530782
0.37502336
0.69393975
-0.27118887
-0.09878780
0.26743766
0.00029274
0.07164361
-0.10809486
0.24702222
0.17277301
-0.31778677
-0.14176067
-0.10781458
-0.21276221
0.09957244
0.32364452
-0.46848810
-0.15566238
0.05895942
0.17562874
-0.00798149
0.06824977
-0.34283071
-0.29100000
0.51498560
0.40990128
-0.20167294
-0.02522851
0.05877876
-0.04695216
0.07045450
-0.34552738
0.17762038
-0.26932716
-0.10866053
0.08189818
0.51047110
-0.28980141
-0.37203984
-0.08532930
-0.51157513
-0.07855002
-0.15198147
0.20467069
-0.21992463
-0.35030247
0.09012401
-0.17627634
0.24442017
0.09948736
-0.14425103
-0.09236729
-0.30312514
0.12964731
0.06371915
0.12253838
0.02551925
-0.07696903
0.22617684
-0.08074902
-0.05384984
-0.00860222
-0.07794462
-0.10420324
-0.08071506
-0.04491040
0.18010604
0.33842412
-0.09714777
-0.05402083
0.18845022
-0.22342990
0.17033017
0.03152990
0.30735119
-0.23434272
0.32805295
-0.09748455
0.20501401
0.41970497
-0.25617383
0.04446120
0.10687162
-0.10907297
0.11431985
0.00502654
0.23628317
-0.37225687
-0.26633542
0.08860220
-0.01187341
-0.23210533
-0.18523665
-0.18773768
0.23952835
-0.02036433
0.15057515
-0.02445511
0.11054211
0.15031694
-0.16246801
-0.09870137
-0.07808789
0.32715480
0.10070216
0.11097881
-0.32276221
0.18538582
0.12092552
0.22738903
0.00297762
-0.43925962
-0.20273661
0.25645651
-0.21224395
-0.04149216
0.35740614
-0.22565721
0.25060113
-0.26072752
0.11720440
-0.06791814
-0.31318474
0.18294564
0.06213708
0.11041937
-0.05961487
-0.08242767
-0.15909574
-0.51792120
-0.19599964
-0.06885898
-0.07453778
0.35558259
0.09488569
0.16886688
0.15322441
0.04990711
0.36442106
0.05844039
-0.33166396
-0.04168705
0.31489817
0.46742235
0.23358998
-0.03516772
-0.06233856
-0.09099006
0.15146931
-0.48113791
0.29103894
0.33202215
-0.29072735
0.31426552
0.30344441
-0.11549783
-0.00482393
-0.23003899
-0.07598779
0.17174107
-0.09606150
-0.07483934
0.20955031
-0.05177208
0.15947042
0.47661892
0.28308628
0.43721953
-0.41153581
-0.19199300
-0.40610006
0.18191418
-0.32087494
-0.25476663
-0.02703628
0.16917999
0.34500084
-0.07213617
-0.09524304
-0.18597242
-0.45453174
0.02319449
-0.02743945
0.00029325
0.23231156
0.16848586
0.09016794
-0.12222569
0.02348223
-0.34629540
0.15375218
0.12674562
0.08443389
-0.05808119
0.04675593
0.05510551
-0.14192146
-0.05149648
-0.14969409
-0.20889626
0.13131938
0.12691064
0.33423726
-0.08687059
0.01669354
-0.13512595
-0.20361859
-0.36880347
-0.25290551
-0.41162356
0.13512891
-0.02040178
-0.28136011
-0.04213811
-0.15161480
0.46456140
-0.26338296
0.02554527
-0.57225403
-0.42334360
-0.18080486
0.29161951
-0.18618817
-0.20001700
0.03316941
0.05438293
-0.24044413
-0.30313935
0.20451607
-0.15979338
-0.01195815
0.14591991
-0.26127331
-0.34363159
-0.09430706
0.24411135
-0.20034921
0.16849260
-0.35491098
-0.28349426
-0.00173940
-0.46283567
0.18539352
0.07235675
0.33663057
-0.18946501
0.27284481
0.04807301
-0.10145442
-0.47390166
0.14031741
-0.13320094
-0.24823768
0.14384047
-0.01897483
0.12680278
0.07059894
0.05603435
-0.30935756
0.02342961
-0.11470277
-0.27953986
-0.26111108
0.53435668
-0.12368153
0.31364528
0.00304974
-0.33530344
-0.05444826
-0.01059198
-0.30688467
0.00042160
0.05667781
-0.46373824
-0.17216036
0.13947958
0.03036622
0.06220840
-0.00747462
-0.21556557
-0.00972173
-0.13983502
0.04365553
-0.19555634
-0.21660143
0.05886979
-0.15317590
0.10456401
-0.03978538
-0.18527688
0.26754675
-0.25571599
0.12121877
-0.21109159
0.21294431
0.02732366
0.23124892
-0.19172014
-0.03646777
0.04237194
-0.23172562
-0.23840190
-0.28477405
-0.20500072
0.18469251
0.35319398
0.10459637
0.01799829
-0.37651656
0.27531670
0.26477218
0.07231413
-0.14565681
-0.16184635
0.14964196
0.03191421
0.05400726
-0.21390244
-0.12337380
0.05448806
0.00424237
0.08728753
0.21073579
-0.00527478
-0.17888959
-0.24619772
-0.03988480
-0.07206730
-0.33458922
0.04892950
-0.31949561
-0.01308876
0.02553958
-0.05887883
-0.30901262
0.21927980
-0.01233388
-0.14651661
-0.10158091
0.15808604
0.05952282
-0.22829103
0.27303136
0.21898250
-0.11711305
0.49803739
-0.11193943
0.35567922
0.24546480
0.11511522
-0.53701661
0.25195009
-0.34240987
-0.26569426
-0.06118705
0.53209481
-0.00733403
-0.26517680
0.00722363
-0.01235055
0.13948961
0.15294418
0.23215425
-0.16632193
0.01010173
0.46178813
-0.16828940
-0.00413606
-0.39838714
0.14287835
-0.07580363
0.21388937
-0.01953557
-0.20666440
-0.06786695
-0.38337564
-0.13141443
0.22188214
-0.39026014
-0.18277694
0.15988669
-0.34908526
-0.03480248
0.28508487
0.15985856
0.22451587
0.20012130
-0.29318788
0.20357476
0.43136144
0.15994674
-0.13996079
0.55868514
-0.00295920
0.23418174
0.26453103
0.08464098
-0.06395359
0.05212258
1.06101390
0.06725682
0.34609672
0.23742890
0.44550817
0.20391600
0.08361443
-0.07457767
0.63000757
-0.22508332
-0.34123759
-0.49758671
-0.28031403
0.02865538
-0.37002221
-0.58695607
-0.90159837
-0.98308309
-0.72154720
-1.08765753
-1.39789380
-0.91749648
-1.83739544
-1.20079589
-1.34096782
-1.51966404
-1.27153500
-1.02862320
-0.83570991
-1.21078716
-0.65642923
-0.62002924
-0.49127174
-0.18280557
-0.12984896
0.22110145
0.84652672
1.12496587
1.17962975
1.07833065
1.53596777
1.28619455
1.43946049
1.46864080
1.50540799
1.31118793
2.08705591
1.42001462
1.18908047
1.29768577
1.46455518
0.92838989
0.97499479
0.77405975
0.65998489
0.35135697
0.13433523
-0.37849263
-0.18232146
-0.30306763
-0.33245393
-0.81206510
-0.59918961
-0.64972362
-0.72711490
-0.44721280
-0.70227074
-0.87663253
-0.94386256
-0.36478383
-0.57520129
-0.23913412
-0.52939861
-0.32369348
-0.65429988
-0.37597798
-0.77195754
-0.39330340
0.09315903
-0.03453415
0.05743036
-0.23520482
-0.14098732
-0.04326255
-0.09655597
-0.26723956
-0.14254957
-0.17316124
-0.07554556
-0.16712190
0.27735254
0.18657889
-0.37740719
-0.03500017
-0.26769537
-0.32289530
-0.05584184
0.01509059
0.16399818
0.14584286
0.16492437
0.12156087
-0.02529041
-0.06210341
-0.01242144
0.44555590
0.33103126
0.13085663
0.33259458
-0.08156914
-0.20402219
0.36279730
-0.15715729
0.13775821
-0.26497272
0.10879727
0.27761816
0.07451305
-0.08298240
-0.06525822
-0.30865822
-0.00452887
0.02461782
0.17159926
-0.03661858
0.48972746
0.13099337
-0.14094905
-0.21863058
-0.17401574
0.07277145
-0.01083994
0.26762447
-0.22082290
-0.07934109
-0.21789308
-0.23307111
0.12958697
0.02655612
-0.05349951
0.02324946
-0.13136495
0.22575230
-0.11746829
0.07956488
-0.31564911
0.27930889
0.17814262
0.07424554
0.09337849
-0.08748460
-0.24443418
-0.51084045
-0.14690522
-0.17791322
0.10577094
0.16529648
-0.24515858
0.00063731
0.13935596
-0.08161600
0.01898391
-0.06808944
0.24877188
-0.09230271
0.65908639
0.50014754
-0.23251656
0.36903843
0.13255162
-0.37025524
-0.33962101
-0.37883221
0.17260256
0.51314601
-0.15695932
-0.13151746
0.22343245
-0.43667597
-0.07631108
-0.04275524
-0.00247319
-0.27084227
0.26975663
0.31474330
0.04412087
-0.10883761
-0.41245854
0.04372493
0.12448778
0.21347520
-0.05891934
0.03502891
0.22505516
-0.15308777
0.02832776
-0.13855191
0.14976031
0.09814239
0.03354374
-0.28786853
-0.42787447
-0.03750598
0.36546089
-0.28933913
-0.26860107
0.03210841
0.42180088
0.00043012
-0.13657972
-0.13747300
-0.16793447
-0.13608890
0.07778846
0.21140356
0.07740363
0.11380846
0.28744708
0.05494168
-0.13319221
-0.08242327
0.12835872
0.25765925
-0.12599024
0.14142416
-0.04854133
-0.10890212
-0.27834277
-0.24629626
0.01992066
-0.19352386
-0.22972269
-0.26209673
-0.01308096
0.14600856
-0.06740630
-0.20277186
-0.24803651
-0.25734899
0.07241571
0.32185989
-0.01708948
0.23019903
-0.21610283
-0.10860874
0.33616935
-0.08215213
-0.23538711
0.15518143
0.25198126
-0.09039299
0.20461536
0.25738106
0.03980759
-0.01670955
-0.02780063
0.04784375
0.24456450
0.09306391
0.26654053
0.27145013
0.10579378
-0.26727904
-0.14870763
-0.36128735
0.14827667
-0.04649249
-0.19905374
-0.15587151
-0.02157812
-0.34806053
-0.05170345
-0.11017684
-0.26392719
-0.20817087
0.21163855
0.12223802
-0.04731869
0.00997762
0.13556365
0.20188257
0.25885798
-0.07908267
-0.01901927
-0.17235619
0.05263743
0.41770824
-0.04678233
-0.07394231
-0.22778123
0.15705852
0.26100804
-0.06375042
-0.03369172
-0.05737191
0.01985843
0.26995821
0.17081159
0.09847706
0.30006513
0.24146056
-0.08866805
0.24374444
-0.11908806
-0.14295704
0.20842226
-0.09256285
-0.15892638
0.16290915
0.35107933
-0.07838379
0.01934273
0.05683245
0.21275382
0.17403689
0.27877423
-0.07707471
-0.04870392
-0.20379908
0.04396640
0.08410542
-0.02364108
0.29981916
0.22091383
-0.01962019
0.22090827
-0.03192576
0.62301028
-0.04839901
0.05354903
-0.59127444
-0.18642490
0.19779314
0.10899349
-0.24165660
0.16510272
-0.13318628
-0.28289615
-0.09935386
-0.52062911
0.14424414
0.04992731
-0.20767076
-0.11735512
-0.36474592
0.08721973
0.51121428
0.30729338
-0.33338765
0.24269444
-0.25459101
-0.22328275
-0.39959605
0.07184537
-0.15714137
0.25843669
0.15580699
-0.18881547
0.20450674
0.07732588
0.26551281
-0.27428537
0.00986810
0.09228457
0.12641416
-0.01866807
-0.10071488
0.05311978
0.22683302
0.04428683
-0.26343310
-0.20303177
-0.09641228
-0.29380371
0.06850805
-0.32218524
0.03966661
0.11370873
-0.27989253
0.22374586
-0.25756467
-0.23606720
-0.28845201
0.31355284
0.36809544
-0.24607590
0.36441256
-0.01011732
-0.21824914
0.15918710
-0.36362612
0.29256109
-0.07759089
-0.17221623
0.37166474
0.31933845
0.26250978
-0.22341068
0.03968899
0.03431644
-0.06695477
0.03943824
-0.06672189
0.14557308
0.25811202
-0.08518135
0.03566478
0.05970981
0.24128715
-0.26274705
-0.17575617
-0.08492485
0.40138881
-0.45447787
-0.19931790
0.19800075
-0.05671338
-0.12977847
0.31868881
-0.07806078
-0.04014384
0.16870683
0.24129257
0.25606585
-0.11506537
0.11329828
-0.04456981
-0.06341518
0.24746037
-0.14508921
-0.48860589
0.16618460
0.01051699
-0.19352534
0.06660440
0.15903274
-0.07528113
0.09174547
-0.05098407
0.03396354
0.22848410
-0.29196069
0.03586703
0.02855081
0.15674526
-0.17660056
-0.18663142
-0.34996608
-0.00939613
-0.17603973
-0.02899952
0.18768336
-0.18146069
0.17600225
0.21468589
0.21800999
-0.02695467
-0.25199558
-0.03853048
-0.18074652
0.05571889
-0.03066417
-0.40236051
0.28013909
0.04055497
0.23520742
-0.01317500
-0.16366138
-0.06838982
-0.10327226
0.19925068
0.40691342
-0.04456391
-0.19956629
-0.18569867
0.13619263
0.13535477
0.02978682
0.14677874
0.11336743
-0.11227266
0.05673468
-0.00061979
-0.29021786
0.01096368
0.25089288
0.49075561
-0.38530573
-0.16245698
0.24198900
-0.09176997
0.24029643
-0.11251599
0.11438838
0.11146758
0.03429153
-0.14514783
0.06330844
0.14406196
0.00757860
0.24343639
0.13202156
0.39390593
0.17745987
0.01628995
-0.01425042
-0.00377908
0.23491833
-0.27249906
-0.24043551
0.07434996
0.20031422
0.03130648
0.34945736
0.03242891
0.12518978
0.00803941
0.03025052
0.03185519
-0.36872523
-0.02391700
-0.10703101
-0.10077202
-0.42974961
0.17898877
0.16873644
-0.02862580
0.09341685
-0.18879320
0.03003283
-0.20860330
0.11883649
0.00507918
0.14337618
0.30063617
-0.33628077
-0.10312390
-0.09645122
0.09717498
-0.23802870
-0.17114259
0.62306289
-0.47843901
-0.40986763
0.27642520
-0.09212616
-0.12594840
-0.25982169
0.18325010
-0.09967042
-0.13289244
-0.48045239
-0.26967356
-0.30555249
-0.10728274
-0.03718751
0.13260516
0.22122113
0.11037930
0.05263546
-0.40855246
-0.24133604
0.26107295
0.13117431
-0.09699449
0.06591697
-0.05441529
0.08843887
0.44998715
0.37221602
-0.00981316
0.07306428
0.12156657
0.09002978
0.24294237
0.26195822
0.34280002
-0.18020828
0.11000573
-0.33885067
0.12150897
-0.09406764
-0.01721487
-0.15479996
-0.01093541
0.25596564
-0.12541146
-0.02477373
-0.32428511
0.16212386
-0.16886462
-0.22818860
-0.32361121
0.05968765
0.22738825
0.15186938
0.15740583
-0.03095651
-0.02555480
0.47693223
-0.29614629
0.03928205
-0.07804110
0.18426802
0.22808580
0.15054771
0.02311367
-0.05677536
-0.42975123
-0.09591798
-0.30192527
0.07476400
-0.43716164
-0.33976676
0.20169933
0.34722457
-0.02024755
0.47987348
-0.54744966
-0.08402372
0.22981548
-0.07438305
-0.11861497
0.35548104
0.07597547
-0.01176026
0.19943456
-0.03727723
-0.17990441
0.03130198
0.16945164
0.12962443
0.18416867
0.28227533
0.05064901
0.12027914
0.17143922
-0.17568478
-0.68145333
-0.18647611
0.22352692
0.13816840
-0.27546031
-0.27277190
-0.01250307
-0.21534363
0.14454967
0.10524164
0.14575578
-0.01827964
0.08290977
-0.28162359
-0.04444794
-0.13073615
-0.45772487
0.03963101
0.14817681
0.27680607
0.10356582
0.08274369
0.17942304
-0.01913324
0.08234606
-0.01328379
0.22747263
0.31746046
-0.27862942
-0.17647053
0.24342015
0.36177350
-0.23100170
0.22419964
0.27466506
0.12252954
0.07019790
0.05604096
0.19307840
0.22848427
-0.00258814
0.00680251
-0.12283979
-0.21589762
-0.46447351
-0.09151383
0.04257192
0.02760954
-0.25277588
-0.06291323
0.06448333
0.28815012
-0.14413173
-0.55270665
-0.22401311
-0.12164859
-0.12763701
-0.25945997
-0.09100666
0.24413994
-0.10573080
0.18761323
0.11436625
0.21313952
-0.25126582
0.11870862
-0.22702044
0.03142087
-0.06012743
-0.00933218
0.00862762
-0.01230848
-0.49186331
-0.02164424
0.05504788
-0.12906165
-0.30080712
0.05894932
-0.15262561
0.32018400
0.16101759
-0.27140993
-0.31923052
0.01110855
-0.16553261
0.04495604
0.04438026
-0.20227707
0.23954913
0.05214288
-0.19373575
-0.07815601
-0.18817559
0.03032101
-0.10026413
0.15949933
-0.01108812
0.01192238
0.18650853
-0.08306054
-0.41024007
-0.54727223
0.38412264
-0.02798444
0.04387294
0.06092040
-0.04846654
-0.22004601
0.14075927
-0.05268179
0.23914594
-0.11928049
0.61197343
0.15054796
0.01392950
-0.02222630
0.07463086
0.18848080
-0.32134854
-0.33552642
0.04994685
0.04032912
-0.40850020
0.03277018
0.10928644
-0.13509294
0.13305048
-0.04185705
-0.50194292
-0.42267450
0.16376966
0.24759510
0.33789644
0.08000018
-0.06538547
0.16048157
-0.36407698
0.06914615
0.04072820
0.08677050
0.25805288
0.06018399
-0.11077077
0.00084344
-0.00489219
0.39251085
0.33436460
0.23671830
0.31073666
0.05854594
0.19841694
0.08731976
0.11219080
0.02293404
-0.35801072
-0.08853815
0.29457427
-0.27865748
0.12760753
0.02943294
-0.10044270
0.23702628
0.21770936
-0.07107045
-0.22200100
-0.43699183
-0.18800190
0.10377401
-0.29741502
0.42005377
-0.03206253
-0.28778368
-0.34260351
-0.12315379
-0.23108958
-0.00359429
0.14828331
0.12894425
0.35264422
0.38706280
0.11960496
-0.28404356
-0.07833956
0.42751478
0.29931143
-0.03241890
-0.35186006
0.07710428
0.18760350
0.24769669
0.08937620
0.14395128
-0.23114885
-0.37598455
0.23735098
0.06826923
0.06492401
0.56675016
0.13450320
0.16423176
-0.16736602
-0.15552729
-0.05843752
-0.23484802
0.09538179
-0.01361948
0.19881917
-0.14381960
-0.43241035
-0.03609181
-0.30897084
0.07923318
0.50992835
0.18301743
-0.21455470
-0.01672465
-0.05126109
-0.21635366
-0.25343815
-0.22571291
0.28729844
0.02617776
0.30908436
0.09935683
-0.12365330
-0.10923644
-0.17906195
-0.09588380
-0.21976810
-0.36123811
0.31875387
-0.20792886
0.24377523
0.27702169
0.10853944
0.33962401
0.50125414
-0.38903430
-0.03710557
0.22707497
-0.09575108
-0.05858423
0.32907195
-0.12608382
-0.13484499
-0.05924096
-0.28432453
-0.07453087
0.07933794
0.23457474
0.10023424
0.28208973
-0.16461660
-0.18023753
-0.03775889
0.17429587
0.30240036
0.37657583
-0.14932232
0.04038639
-0.26590431
-0.22346786
0.01319821
0.03512497
-0.19905868
0.29581533
0.17080443
0.07000466
0.17907365
-0.01130493
-0.10058817
0.19239237
0.11951385
-0.30164117
0.31418833
0.35674529
0.09279920
0.05378553
-0.10375561
-0.11955616
0.04449531
0.23212026
-0.06443836
-0.23230943
0.31200484
0.17991965
0.03025497
-0.20958147
0.06093513
0.07237909
0.19147014
0.00018812
-0.05742757
0.05188029
0.05779878
0.36553293
0.40570657
0.05627058
-0.19914241
-0.04951198
0.46292818
-0.32175114
0.08044556
-0.25886830
-0.10943069
0.21208112
0.20676454
0.06131811
0.14500752
0.13857005
0.17976244
-0.13769524
0.33278074
0.17368240
0.10948661
0.01703217
0.13058821
0.19305670
-0.21554683
0.01287047
0.04195206
-0.46196962
-0.16187560
-0.03672675
0.06340120
-0.24538661
-0.12589611
-0.38415240
-0.22565245
0.30663219
-0.04400588
0.47816514
-0.15167074
-0.33709383
0.21978695
0.15616816
0.05242162
0.20510606
0.15719676
-0.06070915
-0.10493019
0.19494271
0.41504195
-0.08422133
-0.50822954
-0.06027870
-0.18253538
-0.15287690
0.07374239
-0.28081607
-0.09914560
0.05125459
-0.28870418
-0.39818380
0.07210017
0.15575965
-0.31665952
0.01049037
-0.06932720
0.23462728
0.36087224
-0.12381386
-0.22336364
0.27712575
0.14608653
0.20004270
-0.08040770
0.29717242
-0.19519710
0.32828656
-0.25128214
0.19362436
-0.11973151
-0.04679076
-0.32839780
-0.54300083
0.28700454
-0.29534699
0.03605797
0.05030500
0.17833767
-0.14303370
0.16708127
0.27654700
0.13922093
0.02774028
-0.20357698
0.23918225
-0.02067935
-0.14859780
-0.07818234
0.00113355
0.13795709
-0.03528151
0.31926404
0.05052384
0.22847255
-0.48514663
0.35570144
-0.33402993
0.00392237
0.19615004
-0.31421662
-0.02319515
-0.27470448
-0.21704447
0.07210599
-0.49526988
0.18060594
-0.04194458
0.13408512
-0.12239501
-0.05226438
0.02652966
0.37416963
-0.01255157
0.06754517
0.05943868
-0.13056361
0.29615392
0.04361374
-0.02000539
0.27644652
-0.08960238
-0.24299932
-0.02542914
-0.08217451
0.34128456
0.05781025
-0.12464903
-0.11875355
0.11853923
0.32777417
0.00931851
-0.02352017
0.05670395
-0.04682815
0.22565857
0.24846004
0.08467036
-0.25971837
0.40905267
-0.09809849
-0.16685958
-0.02651217
-0.19741000
-0.05555912
-0.02988837
-0.36657622
0.25127948
-0.05410813
0.51646925
0.35710459
-0.48564103
0.06006412
-0.13854234
0.23195487
-0.04204388
0.06024308
0.09781289
-0.42245062
-0.00254743
-0.05814741
-0.11284511
-0.01755807
0.19299659
0.06112745
-0.15223008
-0.07640343
0.04346176
0.01183465
-0.01030605
0.03358964
-0.01354428
0.01760391
0.10809285
-0.20829799
-0.30932756
-0.32165944
-0.15695555
0.31223548
-0.17531196
-0.11532354
-0.05963677
-0.16028642
0.11121691
-0.18729254
-0.13108598
0.26318802
0.05912570
0.10737883
-0.03378319
0.18833199
-0.11668249
0.04049007
0.26527700
-0.02204062
-0.27328380
0.07321593
-0.28416732
-0.28094230
0.04583361
-0.14440980
-0.01890685
-0.15397511
0.06870103
-0.18215624
-0.00153157
-0.15706409
0.48876314
0.21318162
0.04001461
0.30156595
0.07079129
-0.18697116
0.19323407
-0.05730404
-0.08406667
-0.19583433
-0.10366249
0.41882112
0.04259319
-0.32331979
0.32549646
-0.00100811
-0.19642503
-0.23198490
-0.13856722
0.17079217
0.18991366
0.41423041
0.08402266
-0.12327268
-0.05559298
-0.19351166
-0.18779543
0.14336750
0.49662844
0.09322929
0.26105959
0.12669650
0.36201215
-0.19087364
0.27788260
0.21726896
0.00603547
0.00469436
-0.37471669
-0.39404318
-0.13191365
-0.05541734
0.33778321
0.23910868
-0.07350139
0.12374334
0.04393633
0.07260831
0.23117165
-0.12785962
0.07611721
0.17893523
-0.15190508
-0.34213197
0.05781313
0.09295511
0.18264064
-0.38260596
-0.58559283
0.25101626
0.46885431
-0.35890119
-0.01025516
0.50506982
0.12528435
0.23084624
-0.12958101
0.02232989
0.16180245
0.19230760
-0.15972434
-0.29505279
0.00357587
0.40890896
0.43990665
-0.26798668
0.22240716
-0.17889321
0.00930791
0.00884615
0.16255585
-0.08356459
0.24070419
-0.04354810
0.02910678
0.21504049
0.16008269
-0.07193371
0.24223342
-0.02015272
-0.22217251
-0.16250613
0.01071402
-0.47960063
-0.18979392
-0.24254446
-0.03773183
-0.17719576
0.27102805
-0.43787628
0.16640760
0.14677427
-0.10036155
0.04957998
0.13099933
0.32103788
0.24883309
0.15941178
0.02950681
-0.09777347
-0.11286270
0.20887259
0.03955200
0.01982292
0.42407079
0.09888286
0.22802908
0.10919294
-0.25244681
0.08011497
-0.03739301
-0.20544240
-0.04746138
0.06362381
0.22475444
-0.30515266
0.15706506
0.10895818
0.01227465
-0.10274209
-0.02860828
-0.10037518
0.21816700
0.22624011
0.21895135
-0.17134044
0.15104075
0.11194673
0.22733624
0.16673664
-0.10899248
-0.08239198
-0.23222392
-0.12934419
0.10496994
0.05157129
0.18088447
0.02162035
0.02979496
0.04669839
-0.13853025
0.12622232
-0.27605219
-0.29555662
0.01037476
-0.21507263
0.01101061
0.22285335
0.01327873
-0.03832130
-0.18282866
-0.19401884
0.18030347
0.32963692
-0.11842787
-0.18608117
-0.23015998
-0.01510700
0.27549392
-0.33805060
0.18153466
-0.11821322
-0.04989778
0.18455485
0.14168943
-0.25139396
0.66321140
-0.06761508
-0.22519744
-0.18224002
0.16111415
0.18908792
-0.08952339
-0.23052667
0.32583716
-0.02460712
0.02567439
0.29979443
-0.05610421
0.19288666
-0.37285056
-0.02546253
-0.41875830
-0.05454806
0.41600405
-0.08149148
-0.07226727
0.16115401
0.08537173
-0.26479307
-0.08868898
0.17261934
