0.14320610
0.42485522
0.07071859
0.39183507
-0.28489899
-0.11160630
-0.24473790
0.10127065
0.09529349
0.00805515
0.06586100
0.15326041
-0.14975819
-0.01783672
0.10235252
0.14569171
0.13959488
-0.06013848
0.07215259
-0.05552158
-0.12830110
0.31669616
-0.20263252
-0.00106519
-0.20712282
-0.11208673
0.26635805
-0.11837413
-0.04224752
0.16275106
-0.32138709
-0.22340391
-0.06535606
-0.17129763
-0.18496317
0.18964544
0.01095386
-0.18197410
0.01436353
-0.10156949
0.36328963
-0.15455962
-0.26348792
0.25405732
0.12216695
0.57390000
0.03219932
-0.08511231
0.17754185
-0.03835023
0.02866562
-0.10740770
-0.54715636
-0.06389120
-0.16500627
0.48341437
-0.14405348
-0.46655160
0.13693767
-0.17524250
0.14977870
0.09356065
0.26314590
-0.25355661
-0.22456335
0.10939774
0.15651102
-0.11086685
-0.02142259
0.23488416
-0.02012985
-0.19751474
0.16934186
-0.18426972
-0.11034418
0.06689369
-0.15737069
0.14821040
0.15457707
0.05981062
-0.11542633
-0.33135381
-0.07972199
0.26217551
0.01461363
0.02948776
0.19918713
0.06887534
-0.11143278
-0.00336266
-0.18804985
-0.26842366
0.06744618
-0.14465376
-0.12894848
-0.01464083
-0.48512192
0.18323657
0.07642094
-0.08412186
-0.28258674
-0.48441964
0.01341068
0.20068230
-0.01032158
-0.00913800
-0.21073234
-0.15067927
0.11665019
0.20825545
0.30920505
0.09614817
0.05784788
-0.11551577
-0.01372797
-0.17142967
-0.10282047
0.22805073
-0.25333269
0.23573428
-0.17486840
-0.00473584
-0.13650427
-0.24656781
0.10971208
0.31034226
0.31186620
0.18298370
-0.18675340
0.13736503
-0.08117075
0.12210498
-0.21955473
-0.20059315
0.03662802
-0.22216395
-0.22617036
0.27768145
0.07343920
-0.61018748
0.23246990
-0.06187402
0.33180208
-0.19073078
-0.11695107
0.02278349
0.21728945
0.01361406
0.08447353
0.29044864
-0.36924734
0.08338209
-0.01694965
-0.30299332
0.03745521
-0.19198024
-0.19116408
0.02724832
-0.30576123
-0.11129154
0.10060843
-0.27826009
0.27486986
0.35784838
-0.19683617
-0.10711107
0.08092886
-0.15030475
0.04102742
-0.34696956
-0.12095758
0.17926268
0.02691683
0.23531127
-0.08585666
0.27670589
-0.30672788
-0.37037611
-0.41915037
-0.22742218
0.42967096
-0.28287819
-0.13713423
-0.07975201
0.29899287
0.07982244
-0.20907330
0.12984970
-0.06794050
-0.11140804
0.05794576
-0.65920391
0.00497795
-0.27256540
-0.29989422
-0.33112245
-0.09653501
-0.20319609
-0.02585252
-0.07998267
-0.07057682
0.10254247
-0.06113384
-0.00507556
-0.11499762
-0.05311147
-0.21552802
-0.43531685
-0.11387719
-0.06144774
0.37792332
-0.17341128
0.07232858
-0.19187337
-0.07685923
-0.27392240
-0.28404636
-0.18583119
0.38234166
0.18321908
0.46200636
0.16851260
-0.24708920
0.02142951
0.14627978
0.04437672
-0.42599498
-0.07114492
0.15037067
0.26751590
-0.14214001
-0.03237858
-0.03767329
0.20808126
-0.06212428
-0.13336210
0.07606289
0.11370379
-0.07842794
0.01154510
-0.17174393
-0.12759773
-0.16596207
0.11128035
0.35390483
-0.05177786
0.26858357
-0.28910126
-0.12020850
-0.08092682
0.20570624
0.32891507
0.59734616
-0.28249058
0.13247585
0.05979896
0.00013515
0.04807719
-0.13203586
0.04306117
0.04486421
0.02344425
0.23364452
0.09279603
-0.01524166
-0.32841791
-0.06890760
0.01047402
0.66261886
0.09549586
-0.11634542
-0.09306758
-0.34427509
-0.00783499
0.24880943
-0.32185844
-0.40654847
-0.38153361
0.18881158
0.00377108
0.04559482
0.10554189
-0.14665373
0.24180020
-0.29322845
0.21451687
-0.06006681
-0.39443691
0.18661702
0.12379389
0.05817238
-0.48212617
-0.11474244
-0.03100096
0.34102730
-0.20027026
-0.38439027
0.10641133
0.28387404
-0.37776964
0.09483975
0.07469900
0.11176992
-0.30228525
-0.14485686
0.29256321
-0.42642513
-0.02327872
-0.12939107
-0.14213573
0.09548017
0.01598390
0.14820917
0.07006632
-0.02746461
-0.25458026
-0.42342602
0.03290399
0.00916674
0.04346716
0.43384251
0.00148846
0.16642948
-0.01848091
-0.04086857
-0.01165966
0.00440175
0.11565364
0.40600484
0.03199262
-0.33185905
-0.17036443
-0.29842747
-0.31260791
-0.42589180
0.01436212
0.19212619
0.02605325
0.17646819
0.29495879
0.25379548
0.25874369
0.13786286
-0.36270080
0.05794319
-0.22706631
0.13084920
-0.02792146
-0.15433938
-0.00252330
-0.21437424
-0.36143002
0.17518950
0.07895430
0.06636098
0.30219844
0.13920699
0.31611135
-0.07238509
-0.16312428
-0.01133871
-0.43022735
0.10386343
-0.06881492
0.06138036
0.02047771
-0.16628885
0.22010204
-0.02732411
-0.12650301
-0.01842061
0.01396692
0.01899955
-0.19188240
0.00476438
0.37691673
-0.18611777
0.45882977
-0.13425401
-0.40690125
-0.07990504
-0.14981606
0.09367933
0.24746587
0.06748927
0.02094343
0.02611225
-0.38873053
-0.11743465
-0.00544338
0.08761675
-0.11034503
-0.10512219
0.43504854
-0.27056324
0.09743086
0.04202357
0.36148452
-0.15521110
0.21537150
-0.01634893
-0.07987658
-0.64435189
-0.35463340
-0.34965995
-0.01231081
0.18635690
-0.31250413
0.14837342
-0.23544957
0.07944609
0.04334614
-0.12509126
0.25141783
0.08951826
0.20942924
-0.28661499
-0.37938866
0.02506261
0.23998755
0.17751265
-0.24139480
-0.29623884
0.13768312
0.04634467
-0.50759018
0.10870657
-0.05063564
0.10622905
0.42592471
-0.28557379
-0.27378478
0.25946160
0.08406612
0.10246489
0.13763165
0.18324559
-0.17068576
0.31576310
0.40722498
-0.00134662
-0.45021446
-0.04311404
-0.12671338
-0.28304144
0.33141707
-0.16226793
0.07102459
0.22270606
0.11673067
0.08437592
0.04579105
-0.11816935
0.06310986
0.08265262
-0.23266346
0.21154852
0.16949163
0.27183391
0.13933804
0.40820720
-0.12503286
-0.03309982
-0.24682025
-0.31912526
0.02622848
-0.22134343
-0.04259537
0.08876320
-0.07880865
0.04829589
0.07896733
-0.08735463
-0.07559987
-0.05811668
0.32252026
0.00458051
0.30627409
-0.21247068
-0.01093981
0.24811275
0.28810700
-0.02941790
0.24232081
-0.30524074
0.21742690
-0.34423480
0.17123317
-0.50021294
0.02312330
-0.01818004
0.09615873
0.01260418
0.25602443
-0.26234565
-0.09661973
0.06107586
-0.00462971
0.21567759
-0.31618148
-0.05541592
0.52943730
-0.00477688
-0.23397839
-0.08491263
0.27276396
-0.18756107
-0.12583230
-0.24511551
0.26461180
-0.08584481
-0.13901476
0.26704354
0.00029776
-0.11902937
0.22016577
-0.01183065
-0.09208733
-0.07671346
0.23449774
-0.17737122
0.07985603
-0.18077840
0.23629935
0.17692068
-0.26404887
0.00449986
-0.32139661
0.00979800
0.43154244
0.21193405
-0.06131073
-0.45765967
0.44679458
-0.26891346
0.02853164
0.40301323
0.11340102
-0.02966791
-0.31271215
-0.06915572
0.03073674
0.23498550
0.36615942
0.08406430
-0.23951872
0.02641597
0.31557251
-0.18143722
0.08323989
-0.14465256
-0.19313121
-0.12872457
0.27933171
-0.12302476
0.14099640
0.20299596
-0.21419247
-0.12307263
0.02518466
0.18131803
0.38807035
-0.24428120
-0.00612541
-0.21762536
0.13414408
-0.14804284
-0.01977770
-0.28854544
-0.17853184
-0.09188038
0.10028572
-0.00374180
0.07298755
0.65607757
0.24122384
-0.21437800
0.33707998
0.10078371
-0.26410521
0.37840569
-0.14932980
-0.42662287
0.11394758
-0.09974880
0.47940744
-0.10490835
0.26377012
0.05915251
0.07687035
-0.33361479
-0.48328169
0.14107476
-0.16958818
-0.26065310
-0.06789552
0.01719388
-0.28612874
-0.01396234
-0.17845960
-0.12802815
0.25154715
0.15840023
-0.07561358
-0.36293730
-0.28750593
0.36515036
-0.27897383
-0.16244742
0.16558766
-0.16140792
-0.07373357
0.40449424
-0.01677478
0.03343628
0.06476983
-0.06134402
-0.15319724
-0.40227322
0.27224033
0.01253266
-0.05376072
0.33175352
0.26022119
-0.03149859
0.29026032
0.46586527
0.10605319
0.20902410
0.39092971
0.26112743
0.34206094
0.18780779
0.53338327
0.07248769
-0.10983041
0.22232748
-0.21694720
0.22852226
-0.09750645
-0.11843266
-0.39015784
-0.00631508
-0.32309953
-0.26215335
-0.23293585
-0.41867488
-1.24661853
-0.89504227
-1.29266714
-0.91122315
-1.25275554
-0.81328426
-1.11498425
-1.38733045
-1.14084488
-1.35897389
-0.93470692
-1.11153846
-1.41436487
-1.10644767
-0.64579504
-0.12468467
0.15934517
0.22380268
0.02048536
0.37825052
0.83600486
0.89352265
1.05402072
1.66764723
1.30764184
1.58689936
1.58250136
1.25710055
1.70700621
1.47190549
1.83884966
1.84418223
2.10302450
1.11444213
1.18514732
0.75614692
0.81587968
1.05282911
0.28895491
0.72488822
0.48548614
0.32930280
0.06446894
-0.48712250
-0.74215682
-0.68546974
-0.39458473
-0.82464656
-0.79011472
-0.48212642
-0.59785871
-0.69549123
-0.72617936
-0.92416676
-0.67420183
-0.60041141
-0.35624884
-0.77686108
-0.31459885
-0.05405334
-0.24418666
-0.30642113
-0.43153767
-0.19630285
-0.50068448
-0.18673439
-0.05974377
-0.40631395
-0.02273399
-0.05341314
0.13952367
-0.22978066
-0.42940949
-0.18275858
-0.16578490
-0.09954360
0.29432089
0.49653304
-0.24993224
-0.32223377
-0.21822082
-0.18135931
0.32035772
-0.02925518
0.19427604
-0.13347831
-0.12581715
0.30808671
-0.05266075
-0.46903107
-0.24511269
-0.19486133
0.24515167
0.09526539
-0.14655229
-0.09486524
0.18189184
-0.46271786
0.01895520
0.01066152
0.63992342
-0.35719540
-0.06249479
-0.12311722
0.04531907
-0.17060723
0.13500530
0.27804997
0.12541901
-0.16392291
0.00160645
0.03640306
-0.16263484
0.01833099
-0.06634296
-0.24406117
-0.31795164
0.23828650
0.08844749
-0.20428488
0.00371797
0.07256210
0.05705670
0.09084626
0.52980486
0.34873560
-0.10570652
-0.04976290
0.29460614
-0.20658038
0.22220230
-0.08556400
-0.04915051
0.57057417
0.27633595
-0.37608288
0.41764702
0.06266945
-0.43971778
0.43091489
-0.41688482
0.35118043
-0.38092065
0.20568108
0.09922356
0.11171292
0.35171678
0.19482203
-0.44190149
-0.20900654
-0.14613472
0.21728786
0.00686711
0.14042425
0.32609261
0.04476908
-0.16731386
-0.06205500
-0.23847906
0.27781852
-0.25641650
0.13048837
0.18976825
-0.42310184
-0.36519036
-0.32872908
-0.34310763
-0.18446318
-0.19429752
0.11384245
-0.10223708
0.16075436
-0.43832796
0.19129876
-0.22903951
0.31154159
-0.34548783
0.19837050
0.24909910
0.14099421
0.14951368
0.01155481
-0.21132004
0.07965020
0.20189002
-0.22058438
0.14432773
-0.15945918
-0.01073542
-0.16210154
0.23148667
-0.17328816
-0.13022825
-0.06899888
0.03743535
-0.27481611
-0.03574722
0.19016673
0.02372843
0.12559564
0.11307564
-0.03893611
-0.32257203
-0.23514904
-0.25268670
0.01297963
-0.07561323
-0.03870959
-0.22926018
-0.16567796
0.25881948
-0.17074339
-0.15686759
0.18117176
-0.31553780
-0.29456177
0.16624551
-0.03341837
0.27437004
0.29750162
0.11857757
0.16905917
0.21059466
-0.30324718
-0.27688846
0.09025668
0.12572312
-0.44217318
0.03920057
-0.09453131
-0.16973105
0.21814327
0.16670599
-0.00310450
0.08211546
0.27941288
-0.13274466
-0.06487399
-0.10024986
-0.08096357
-0.05318609
0.17379331
-0.13485222
0.04302911
-0.10172208
0.06384061
-0.07795392
-0.15300035
-0.05299608
0.09806758
-0.18452928
-0.30465286
0.03624433
-0.03179298
-0.14248859
-0.18422901
0.38496848
-0.13514895
0.28060537
0.31685392
0.06752723
-0.28055214
-0.12155642
-0.39093317
-0.37367331
-0.22280577
0.46406221
0.02161739
-0.06547129
-0.12706014
0.11168929
-0.12352945
-0.00354379
-0.49692780
0.02645045
-0.13543621
-0.22414422
0.50051565
-0.00260993
-0.03745063
-0.02267099
-0.06835581
0.05935663
0.24335650
0.15220477
-0.36111414
-0.06628060
0.14047270
0.18118336
-0.13763610
0.05688455
-0.20434380
-0.15549236
-0.47494286
0.39219517
-0.10433686
-0.28920628
-0.06246675
0.00434991
0.15936910
-0.22561312
0.28168336
0.04403366
-0.12141412
-0.37670688
0.10263071
-0.37995185
0.18535377
0.00420101
0.08332324
-0.29574967
0.24919475
0.11755843
0.05068848
-0.03345744
-0.56108606
-0.45985859
0.25459530
-0.29331814
0.14701220
0.22263142
-0.22125378
0.11452000
0.11506003
-0.06887141
0.14260282
-0.00607837
-0.00582915
0.42761521
-0.03692241
-0.25406368
0.01174000
0.04515326
-0.02741663
-0.14508336
0.12465235
0.31108495
0.30728311
0.17423316
-0.03793235
-0.04874987
-0.03537381
0.36468657
-0.10383377
0.12161218
-0.13911203
0.09145639
-0.00439746
0.20819579
0.01865824
0.00469008
-0.12461123
-0.21228601
-0.11975360
-0.23537885
0.33471084
-0.19139316
-0.00810826
-0.34155405
-0.08457872
-0.19694942
-0.36783815
0.04250154
-0.01304215
-0.21086548
-0.22973105
-0.04943902
-0.29409117
0.01685634
0.09960920
0.15165048
0.19923690
0.00420684
-0.20398594
-0.19854716
-0.05710344
-0.12815229
-0.35012902
-0.27760946
-0.01830145
-0.03387508
0.14014678
0.11058340
0.40313951
-0.12425063
0.03870170
-0.24659320
-0.21184800
0.08848086
-0.35750804
-0.07921748
0.32691757
-0.41804183
-0.24071696
0.57015898
0.10825748
0.02818667
0.03806366
0.15170802
0.00820000
-0.20847706
-0.09332274
0.32138552
-0.24795686
0.08999846
0.15382157
0.12055957
0.26529270
-0.31134401
-0.08815259
0.29583043
-0.19326690
0.52143510
0.44746732
-0.21194823
0.17022085
0.11304101
-0.21065835
0.30046804
-0.18882399
0.06287054
-0.27010522
0.34043973
0.00836024
-0.10181961
0.10558994
0.06781137
-0.18657318
0.12996797
0.00566810
-0.06554614
-0.44541295
-0.13850988
-0.07270668
0.19887593
-0.10638186
-0.31112783
0.18075762
-0.46987724
-0.25043616
0.15485311
0.11703488
0.21226754
0.33254691
0.17463971
0.12551836
0.25591251
0.05078537
-0.15024503
0.19467699
-0.05165742
0.10597214
-0.18795693
0.18000107
-0.14819239
-0.37569370
0.08646097
0.24141010
-0.29295312
-0.24998794
0.03955326
-0.12830956
-0.12915249
0.26315413
-0.15065549
-0.11069343
-0.34086028
-0.13624596
0.44513291
-0.49684593
0.31107371
-0.18659292
-0.38254424
-0.08188761
-0.22404407
-0.33501862
-0.01795241
0.02111735
0.25801030
0.13071497
-0.18190681
-0.01406681
0.01302692
0.02588735
0.03343784
0.04043941
0.01581390
0.07629678
0.00512664
0.05739967
0.38687721
0.23798833
-0.15092612
0.14712075
0.26342887
-0.43112324
0.09051105
-0.10632886
0.19874022
-0.36114986
0.18335270
-0.38343231
-0.22966298
-0.23058229
0.38395708
-0.02997567
0.24229744
-0.06108835
-0.17400821
0.10984569
0.05769239
0.07799315
0.25281444
0.12395938
-0.34142381
-0.33190993
0.05224349
-0.16706758
-0.31942012
-0.10137503
0.06544877
0.18091753
0.08242894
0.10463478
0.17293331
0.15146398
0.23801721
-0.28990797
0.02450026
-0.11245622
0.28457599
0.24822320
0.00742536
0.09409824
0.20281143
0.04483463
0.09811524
-0.32053375
-0.09597032
0.21458890
0.32768329
-0.07548149
0.07175509
-0.16092220
-0.33972618
0.05368409
-0.09236512
-0.23595012
0.14647105
0.09240333
-0.17285124
0.21965863
-0.11362744
-0.11366530
-0.08402018
-0.08978052
-0.27902865
0.16363614
-0.06870731
-0.29532953
-0.15147796
0.02812702
0.12940054
0.00298905
0.27366674
-0.13604096
0.05465529
0.13996002
-0.27210273
0.27162098
-0.13767424
0.27348382
0.43826588
-0.30795190
-0.09930564
-0.17637296
-0.19296688
-0.12714928
0.18633579
-0.17553825
-0.00473256
0.05900833
-0.00469905
0.13080897
-0.07989547
-0.11578539
0.22275059
0.29545789
0.20951559
0.25759631
-0.27447050
-0.17056194
-0.32989188
-0.20731749
-0.05029758
0.13762300
0.18710833
-0.26841678
-0.13507843
0.27595428
-0.19443543
0.30153797
0.15827360
-0.58341787
-0.02835222
-0.27438137
0.14818603
0.09605380
-0.18681808
0.31266966
0.04537041
0.17807069
0.32686957
-0.29788662
0.18477917
-0.10731006
-0.22820863
0.22878970
0.27281518
0.13711126
0.02403505
0.05904618
-0.24104619
0.15423831
0.05064127
0.20844024
-0.33194375
0.07260878
-0.28065640
-0.24542303
0.41427598
-0.10739979
-0.01545098
-0.35629690
0.13673701
-0.14167624
-0.03994082
-0.49337906
-0.07455939
-0.00287114
0.27241147
-0.68012496
-0.11117096
-0.09013782
0.31920834
-0.14363555
0.03863872
-0.37546963
-0.05856177
0.41161628
0.17247372
0.18541061
-0.27228907
0.34292074
0.08927984
-0.09143739
0.17840245
-0.13588090
-0.13727682
0.14730253
-0.17297060
-0.50846383
-0.12720840
0.02317177
0.07532240
0.07904965
-0.08802655
0.63706466
0.11604778
0.19468379
0.26163490
-0.09733246
0.08320666
0.22492993
0.29528871
-0.00867344
-0.04162639
-0.22871520
-0.02316760
0.20027614
-0.03363810
0.05515836
0.35961282
-0.29368530
-0.28845404
-0.01665644
0.43968970
0.21789327
0.15262882
0.14322184
-0.35208497
0.01263833
-0.07977545
-0.00589708
-0.05916346
-0.30481470
0.11372620
0.35138990
0.43226346
0.04570899
-0.16289951
0.15492594
-0.05335655
0.36715727
-0.28573305
0.07758970
0.32124109
0.16402105
-0.01703700
0.11627889
-0.03013105
-0.29389086
-0.11828985
0.03074783
-0.03198850
-0.12652333
-0.05870824
-0.12989569
-0.31700748
-0.11647315
0.09639467
-0.19683235
0.22200034
-0.05672858
0.24727958
0.42578060
0.08051713
0.00151729
-0.00118180
-0.01500123
-0.05455170
-0.05259612
0.07637479
-0.11361467
-0.24528491
-0.08515380
0.01537935
-0.15152539
-0.02706174
0.06032696
-0.01243357
0.28523626
-0.13158329
0.17369137
-0.59100827
-0.00510375
0.09315859
0.06933883
-0.16404445
-0.10822691
-0.22381536
-0.18244141
-0.24316590
-0.06614937
-0.26564957
0.02108277
0.11967893
0.25668641
-0.02427199
-0.37965856
0.10224349
0.17758551
-0.06615030
0.13963400
-0.01324451
0.18056679
-0.16921561
0.12974922
-0.32253061
0.10951695
-0.16962441
-0.01470207
0.05955920
-0.18018884
-0.11530589
-0.66478309
-0.24389707
0.20468323
-0.14187714
0.38338410
-0.13339705
0.27830369
0.12203625
-0.08756788
-0.22326584
-0.11568743
0.14032441
-0.03265431
-0.16584638
-0.08845275
0.10772424
-0.04797550
0.00730398
0.27275578
-0.22664120
-0.22359071
0.15943594
-0.04254556
-0.08922572
0.08681153
-0.36146630
-0.18016940
-0.32477716
0.28147627
0.13447443
-0.47888631
0.36509445
-0.01553670
0.36547125
0.35546256
-0.13930047
-0.39798537
-0.06428588
0.14862462
0.21815603
-0.19705931
0.04081277
-0.03904746
-0.09325051
0.38817526
0.16128271
0.33433203
-0.02699113
-0.20561777
-0.01697682
-0.04230177
0.00400933
0.05829097
-0.37881815
-0.00195738
-0.23285508
0.02494328
0.09231225
0.03767366
0.06148412
-0.17774815
-0.12863678
0.05468387
0.36934809
-0.00697635
0.05030289
-0.05978456
-0.34073491
-0.02658442
-0.16941777
-0.02591321
-0.09199952
0.06190533
0.13965015
0.50734071
-0.23062576
-0.04529891
-0.01671647
0.25069298
0.05839294
-0.17740874
-0.08541625
-0.16605939
-0.23714989
-0.07057964
-0.23746890
0.05707944
-0.30972564
-0.07240972
-0.12449798
-0.29701293
0.02818308
-0.18014921
0.24199281
0.16800283
-0.11602162
-0.09352706
0.10415288
-0.14539842
0.11232030
-0.05732629
-0.03854659
-0.35319840
0.29979303
-0.01405261
-0.12094351
-0.11870068
-0.15070398
-0.40245871
-0.39122297
-0.29279956
0.07435358
0.15833104
-0.11461235
0.16056774
-0.00987162
0.21576355
-0.05573662
-0.26447435
0.02909678
-0.30625230
0.06384363
-0.51706602
0.32522893
0.31541749
0.39278037
0.07880528
-0.19528978
0.10198324
-0.16957020
0.05887544
-0.19135353
0.30995541
-0.23077912
0.57364029
-0.00576855
-0.39833710
-0.17096744
0.15867362
-0.02394228
0.22896892
0.03869903
0.05548670
0.05353815
-0.09255850
0.13906779
0.20978355
-0.00229030
-0.44830765
-0.02028531
0.13609167
0.36336563
0.26295874
-0.25138974
0.44451054
0.25749822
-0.45961842
0.12854626
0.20018690
-0.13587091
0.11987046
0.12270609
-0.25236632
-0.01379469
0.17734669
-0.26685047
-0.04517355
-0.27239274
-0.04399063
-0.00570486
-0.09265947
-0.38103675
-0.20250423
0.29016314
-0.11652047
-0.07135040
-0.24330960
-0.35042862
0.07044609
-0.29155258
-0.01358555
-0.10770574
0.03132901
-0.24156279
-0.07010508
-0.09263945
0.08330638
-0.19390114
-0.12130371
-0.04749823
-0.15016965
0.11469816
-0.19385306
0.21722351
-0.09120352
0.32231888
-0.00690776
0.36803497
-0.00505975
-0.19617714
-0.12710457
-0.28668425
-0.08944194
-0.34479528
-0.10990036
0.53214145
-0.13143116
-0.21516931
0.10363053
-0.23544983
0.07565255
0.16742477
0.01972298
-0.07297256
-0.32971606
0.08533926
-0.16949819
0.24603445
-0.25544104
0.22142199
0.14918792
-0.11800413
-0.37946708
-0.13440025
-0.15776295
0.08541404
0.01928708
0.20032485
-0.08849619
-0.27593945
-0.10597478
-0.22062438
0.07047343
-0.15225294
-0.05976192
-0.36158900
0.22593010
-0.19934187
0.14968402
-0.14944046
0.13991359
0.04390285
-0.32082865
-0.17821558
0.26768935
-0.21243182
0.08545855
0.23615577
0.30063650
0.08026211
0.16087169
-0.06907754
0.09789507
0.38849469
-0.20591389
0.24021196
-0.14030043
-0.12823935
-0.12559235
-0.06521248
0.00258619
-0.06854939
0.30621457
0.11830478
-0.20514745
0.25790288
-0.02694364
-0.02303955
-0.14069647
0.23932022
0.15370830
0.16398657
0.30301354
-0.11815653
-0.14558864
-0.10554257
0.21141086
-0.06216775
0.13781112
-0.29020734
0.34172989
-0.13219603
0.01528044
-0.25810667
0.07386927
0.11127753
0.12602786
-0.23206200
0.16262099
0.27874142
0.43001631
-0.30794655
-0.17234289
-0.20254919
-0.24814564
0.02803834
-0.19472246
-0.07689929
-0.53473391
-0.25881180
-0.09622026
-0.03801588
0.04131602
-0.12176389
0.25064685
-0.00113697
0.04997902
-0.22273979
0.00434715
-0.10312840
-0.36105041
-0.19241047
0.17265370
-0.31402448
-0.22874132
-0.03926707
-0.27060201
-0.27370738
-0.12983105
-0.11169319
-0.16641594
-0.31468153
-0.27868292
0.15410381
0.10856214
0.12856168
0.13418582
0.05792546
-0.01122012
0.09618425
0.14340543
-0.01749244
-0.02528753
-0.32633367
0.18607496
0.32692770
0.02155989
-0.32860165
-0.23096456
-0.11274285
0.00642151
0.15065330
0.23521360
-0.08208329
0.04940694
0.12776890
0.32461915
-0.04890960
0.01574251
-0.22040891
-0.13490151
0.14237383
-0.17885013
-0.32080572
0.02399271
-0.49870295
0.09281639
0.04577409
0.27536557
-0.19327552
-0.13514370
-0.00644034
-0.17918171
-0.17910389
-0.07161582
0.22982216
0.42522164
-0.10303286
-0.28819236
-0.02816221
0.29955845
-0.35113571
-0.11970827
-0.21649037
-0.09465110
-0.04231209
0.10120276
0.20321202
-0.19645066
-0.17110535
-0.01295776
0.03074332
-0.09181124
0.43266335
0.31395509
0.37034617
-0.08509298
0.02054427
0.17107015
0.31986099
-0.26741526
-0.13710548
0.10843020
-0.43508674
0.43351694
-0.30020944
-0.27568792
-0.05845895
0.05890535
-0.28241062
0.32132412
0.23685144
0.03627941
-0.05829746
0.43484828
0.05499931
0.23968689
-0.08204531
0.02429391
0.05152418
0.07927917
-0.05571269
0.28733733
0.10437783
0.01402127
-0.06276580
0.32765813
0.04310633
0.46739452
0.29588493
-0.09402965
0.09744846
0.07049667
0.44132365
-0.24422395
-0.01571459
0.19021956
-0.06254572
0.22492853
-0.10007019
0.43825778
0.26479996
0.35096547
0.03771461
0.07590016
0.23141642
0.01979162
0.15938339
-0.13916679
0.04204102
-0.08760842
0.10824375
-0.10683867
-0.24512800
-0.13210886
0.44883076
0.03549517
0.23610564
-0.06774393
-0.02879904
-0.09653890
0.18864383
-0.19190859
0.41114607
-0.16476267
0.01293137
-0.01275100
0.06797680
-0.38236011
-0.07851827
-0.06041936
-0.11633818
0.22871607
0.07257295
0.32798939
0.24868161
0.22060078
-0.02116782
0.13048945
0.39923907
0.15535807
-0.31201766
0.02847555
0.15292178
0.07293304
-0.16477234
-0.32103470
-0.03387608
-0.12497273
0.31598944
-0.12195120
-0.00636571
-0.07031179
0.03091983
0.16224318
-0.35214266
-0.09409504
0.39772203
0.28749404
-0.50324258
-0.25821188
0.03145048
-0.20918470
0.07405294
0.15071104
-0.21421693
-0.06101934
0.02820214
-0.01747251
-0.19804978
-0.15156948
-0.09603645
-0.11327549
0.02875635
0.23221117
0.24889942
-0.07322643
-0.06074971
-0.10183494
-0.05286526
-0.27046580
-0.06637088
0.04984128
0.15132824
-0.27485849
-0.03586223
-0.07005578
-0.06832158
-0.18412759
-0.06343630
-0.33612050
0.05192846
0.03031124
0.29535731
0.09669234
0.27405704
-0.23538024
-0.23564627
-0.22827772
-0.14552355
0.27643545
0.34116943
0.13272451
0.19885987
-0.45789011
-0.21214818
0.15341531
-0.06748837
-0.01626713
0.32753863
0.35544545
-0.13525762
-0.04795913
0.11788904
-0.40518301
0.24685411
0.15895503
0.13102271
0.33296344
-0.19437736
-0.28373176
0.11593768
-0.04386327
0.00714400
0.25904283
0.09125338
0.04905766
-0.01582837
0.23374934
-0.12969057
-0.39611184
-0.25547522
0.11018863
-0.23891972
0.16165035
0.07704494
0.33377788
-0.10143222
-0.05186022
-0.02631668
0.05896601
0.04890157
-0.15404141
-0.09008977
-0.38965458
-0.31495176
0.13862596
-0.28086702
0.01092456
