-0.09583258
0.10341079
-0.01335679
-0.24925842
0.04724044
0.04765137
-0.09742486
-0.01404363
0.03251361
0.12758102
-0.12642168
-0.13196531
-0.02013256
-0.00502970
-0.02778947
0.22925874
-0.03072906
-0.00837680
0.09993946
-0.03373805
0.06245933
0.04664470
0.06201347
-0.10592129
-0.15109922
-0.10284983
0.09811465
-0.00873544
0.07871266
0.04368578
0.02088216
-0.08709060
-0.06608418
0.03960302
0.00570462
-0.01627536
-0.15073134
0.00147851
0.20554597
0.10495881
-0.02390412
-0.08776403
-0.08674163
0.09778999
0.01151573
-0.06835654
0.25061681
0.04009476
0.13637428
0.06888965
-0.19729595
-0.11496232
0.07687948
-0.04900492
0.00514823
-0.03474280
-0.07028287
-0.01802416
0.03927851
0.08608140
-0.12903428
0.06647551
0.06720697
0.09399341
-0.09041151
0.09774786
0.02985698
0.13996426
0.01077617
0.08209772
-0.04048408
-0.02442908
-0.09525567
-0.12455547
-0.08736113
0.11694098
0.12665445
-0.05082976
0.01299261
0.09054962
-0.03601166
0.06357452
0.02339257
0.04228296
-0.08555329
-0.07036919
-0.01949063
0.11493076
0.02506543
-0.23177874
0.12741547
0.10622292
-0.05238227
-0.00977105
0.04344356
-0.04994443
-0.00390884
0.04987169
0.00028076
0.07079450
-0.10952243
0.14077012
0.09261809
0.00724467
-0.08610043
0.03814546
-0.05125824
-0.02885391
-0.14242494
0.05487859
-0.00677271
0.01527394
-0.05159766
-0.06070350
-0.01190805
-0.01679060
0.01304235
0.03763723
-0.11017399
0.01097031
-0.03885445
0.14932051
0.04743925
0.12185611
-0.07642435
0.23609042
-0.06193329
-0.04098688
0.00553744
0.07330162
-0.05083220
0.05930119
-0.02191047
0.01357160
0.09925034
0.19519889
-0.01944233
-0.00837242
-0.03075164
-0.12448556
0.00322992
-0.08532247
-0.13449350
-0.02593031
-0.00751109
-0.07475516
0.06295392
-0.12022921
0.16181816
-0.02811205
-0.12283814
0.19318710
0.10776712
-0.08453604
-0.08412458
0.00557064
0.10592465
-0.19810791
0.07098818
0.09800607
0.03528077
0.03240250
0.08007129
-0.00138361
0.23342150
0.00145002
-0.18585384
0.04237853
0.04226068
0.14033855
-0.00625835
0.21377970
0.14576750
-0.01580735
0.13823184
0.02472245
0.11757582
-0.06587034
-0.03008768
-0.01045783
-0.02104669
-0.02618197
-0.01042091
0.02806821
-0.12422114
-0.12128767
0.19225594
-0.18927783
0.01380515
-0.06141997
0.11586210
-0.06496528
0.07491402
-0.16405636
-0.17696198
-0.08714597
0.07731531
0.07938282
0.04928806
0.16141833
0.00075442
-0.00773342
-0.09369725
-0.00176236
-0.00765662
-0.05465839
0.11016132
-0.18649311
0.04627072
-0.04807398
-0.01064710
0.11607164
0.16973786
0.10444606
0.15781854
-0.07915726
0.09386815
-0.14856645
0.03240863
-0.11749278
0.04078349
0.12247824
-0.07791280
0.06047160
-0.07286323
-0.02486955
0.01342301
-0.08027789
0.10421287
0.08259795
0.01393340
-0.10458424
0.01128965
-0.06392892
-0.12837652
-0.09094430
-0.16353191
0.03772743
-0.00142028
-0.13953268
0.05155892
-0.05186821
-0.02503636
0.18713468
-0.09810901
-0.16167532
-0.16085971
-0.10573014
-0.05397060
0.10857756
0.03667884
-0.05926174
-0.06758230
0.00782214
0.06371376
0.00580413
-0.06665412
0.11131521
-0.07923982
0.03932475
0.16718548
-0.22984455
-0.07655841
-0.02391281
0.13850286
-0.02283091
0.04788864
0.23727620
-0.14287156
-0.06826842
-0.15573633
-0.07749148
0.04062018
0.04478921
-0.02159610
-0.02745161
-0.09473832
-0.02018493
-0.08656062
-0.19506409
-0.01936307
0.04761771
0.09125140
-0.00941324
0.11159071
-0.05064913
-0.00168822
0.09752930
-0.05223755
-0.04750189
-0.10870261
-0.02583463
-0.10767086
0.04656645
0.13890307
-0.01174721
-0.03956169
0.07188312
-0.01378147
0.08644250
0.06085466
0.20477504
-0.08459157
-0.10932543
0.01583818
-0.05827261
0.03973775
-0.16928712
0.00315443
-0.01915100
0.09746650
0.05337408
0.08073749
0.18609495
-0.12852677
-0.05378158
-0.21965308
0.10833357
0.03500514
-0.02192848
-0.04881519
0.04717355
-0.14295422
0.01793283
0.01201363
0.13417266
-0.10855629
-0.10333460
-0.08569027
-0.06342133
0.03428419
-0.01670969
0.07726589
-0.07582489
0.05929989
-0.04044485
-0.05753208
-0.10667344
0.02171573
0.10369479
-0.13135376
-0.06452328
0.10486189
-0.10189968
0.10144917
0.04367538
-0.02008531
-0.01774086
0.07764540
0.00083624
-0.07977699
0.00748838
-0.10421783
0.06148643
0.12342206
0.00593817
-0.08280185
0.05065801
-0.08190496
0.13026101
-0.00880729
-0.09228831
-0.00110153
0.02869564
-0.00031293
0.01764509
0.04774185
0.04006483
-0.01898017
0.01284805
0.13064576
-0.04917352
-0.05344645
-0.02780765
0.04655993
0.00211893
-0.05744101
-0.18681148
-0.07503349
0.14136431
-0.07195844
-0.01278596
0.05250003
0.02654419
0.09743139
0.08517030
-0.03491943
0.32194476
0.01816977
-0.12766100
-0.09267493
0.01792356
-0.00461434
-0.02550134
0.14783871
0.03873403
0.13027856
0.15974593
0.03021326
-0.10386095
0.01936055
-0.01039413
-0.01206481
0.03395966
0.03369682
-0.05507664
-0.15364165
-0.04505669
-0.12407821
0.08342748
-0.08831372
-0.06159307
-0.11354030
-0.11140633
-0.12975854
-0.11949562
-0.19964696
-0.01183412
-0.09227766
-0.05873684
0.03077942
-0.04364044
-0.13073686
0.00259766
-0.06580176
0.02833000
-0.04681343
0.15177747
-0.00205241
-0.05704705
0.00090418
0.02880054
-0.01848593
0.08703510
-0.01590100
-0.03330830
-0.13542380
-0.09125166
-0.11611331
-0.06277164
0.17402959
0.16741916
-0.07096718
0.04141476
0.03829006
0.00162265
-0.00465149
-0.22394635
0.20565747
-0.06579002
-0.08374421
-0.04944749
-0.05538057
0.05859539
0.16922327
0.04258202
-0.06625997
-0.06894445
0.07207629
-0.04233126
0.00743299
0.07194925
-0.17047278
0.01058666
0.00963174
-0.01400984
-0.05149474
0.03117871
0.03968310
0.08545084
0.03416213
-0.07730686
0.00772557
-0.07834490
-0.05860075
0.01814058
0.07413190
-0.14936970
0.03154181
0.18316592
0.16471057
0.02143737
-0.01339108
-0.10372977
-0.02981525
-0.01194509
-0.03397419
-0.00896345
0.01483163
-0.06270332
0.11182709
-0.06388440
-0.09841374
0.02885103
0.13858487
-0.01389774
-0.10514539
0.00512713
0.12488769
0.01573989
0.10792348
-0.06945250
0.05857148
0.01837899
0.14856723
-0.07734114
0.02843323
-0.03931770
-0.00946633
0.07850902
0.17389025
-0.08448874
0.03256872
0.09171565
-0.21630605
0.01542120
-0.18711670
0.07565730
-0.05745680
0.02609745
-0.07951473
0.11447488
-0.02547980
-0.06379682
-0.17679885
0.24448841
-0.06677089
0.06473728
-0.10759924
0.08492977
0.03378430
-0.02783536
0.08018924
-0.13421339
0.09452089
0.07145008
-0.09154097
-0.04560634
0.02288722
-0.22444529
-0.01865748
-0.12171602
-0.08632373
0.04101150
0.04498249
-0.17202891
-0.02558928
0.26178676
-0.00332525
-0.12185253
-0.03135616
-0.00799477
-0.13821196
0.02121079
-0.09756038
0.02429363
0.04776034
0.02351044
0.05794677
0.03213095
-0.03096693
-0.05473015
-0.08454984
-0.10168474
-0.02473931
0.10411603
-0.02401069
-0.07646154
0.09632603
-0.01745479
-0.03529056
0.06593421
-0.15788154
-0.05224090
-0.02429610
-0.01920342
0.03310756
-0.00017809
-0.06532259
0.06669801
-0.02997629
0.07879179
-0.15395966
0.04229174
-0.13005281
0.06134105
-0.04373850
-0.02695782
0.10781943
0.13708551
-0.13687305
0.02906799
-0.01127489
-0.00136603
-0.07217300
0.01391275
-0.01851990
0.16988040
-0.02704076
0.09366216
-0.06320289
0.09652377
-0.01638831
0.11269905
0.02275458
0.18650741
0.02050956
0.03390573
0.18923580
0.14399038
-0.02060206
-0.13274062
0.02902102
-0.02888781
0.00876108
0.03734394
0.01024850
0.09589376
0.08081489
-0.10747821
-0.15793389
0.00987984
0.06448026
-0.03038079
0.04103935
0.09435190
-0.01911909
0.10090625
0.08122462
0.02667930
-0.06300745
-0.17184200
0.04345027
-0.06965275
0.09898676
0.06176819
0.04636501
0.04684047
-0.02583625
-0.06785093
0.05878738
-0.06899513
-0.04891233
0.01384605
-0.02356212
0.04602923
0.04092171
-0.02062418
-0.06371913
0.05047493
-0.09782535
0.02058152
0.05356989
0.07847264
0.17978641
0.00080236
-0.07092590
-0.09603291
-0.05147698
-0.04342958
0.10117111
-0.15106963
-0.05582388
0.18225645
0.09568722
0.05743595
0.00000042
-0.01350836
-0.18500325
0.15398504
0.02205056
-0.01830016
0.07373163
-0.01481066
0.20854659
0.04004073
0.01794967
-0.12308544
-0.02410932
0.02284710
-0.04675574
0.03015542
-0.08387295
0.07740982
-0.20714813
0.02849808
0.06524359
-0.11782800
0.03146203
0.02838477
0.07913320
0.17882966
0.00884807
0.11894052
-0.05165851
0.05815368
-0.11625814
0.11580869
-0.08727378
-0.10026862
0.13873586
-0.01812577
-0.26980794
-0.04172808
-0.02370447
-0.12606977
0.18433807
0.09301159
-0.00417191
0.08612205
0.00860964
-0.07670074
0.04915584
0.02991848
0.03857387
-0.06098715
0.01347438
-0.00577740
0.04111409
-0.15960355
-0.11813349
-0.11984363
0.08638931
0.15513377
-0.01327402
-0.06392293
-0.07188541
-0.01782406
-0.05280625
-0.01140798
-0.06608820
-0.06225575
0.05808607
0.05430141
0.02209507
0.14013481
0.14292197
0.02874169
-0.03545813
-0.11694943
-0.15380234
-0.08253116
-0.08069343
0.00888288
0.22690807
-0.07501094
0.01030197
0.18241471
0.01780171
-0.01080535
0.04855892
-0.11209009
0.01994987
-0.00006535
-0.17105813
-0.01822242
-0.12138074
0.02698887
-0.17676315
0.02554729
-0.01551258
0.01629189
0.10822560
-0.13601335
0.14562212
0.11767125
-0.05384425
-0.04840446
-0.06725058
-0.18553803
-0.03921217
0.08495242
0.07101784
0.00259354
-0.07391531
0.13330479
0.13174471
0.01454342
-0.04149967
0.05352761
-0.11881088
-0.07763611
0.06075132
-0.03815970
-0.07470700
-0.13266430
0.08198785
0.14553625
0.01898817
0.02926746
-0.06073074
-0.07304273
-0.01577566
0.13293897
-0.08172637
0.12540124
0.04503608
-0.10119826
-0.07631544
0.06018319
-0.00768097
0.07434843
0.04177253
0.05532892
-0.17298338
-0.04457670
-0.12214243
0.07851958
-0.02426791
-0.04044728
-0.17889063
-0.00676405
0.03842576
0.04043099
0.00017370
-0.08384037
-0.03366060
-0.10618033
0.05226375
-0.01601813
-0.12675227
-0.15948683
0.06176142
0.00561950
0.11440045
-0.02317378
0.06430915
-0.03382888
0.06505339
0.10614953
0.05820547
0.10547966
0.08221185
0.02609393
0.01490994
0.06298639
0.01842802
-0.09748338
0.08179876
0.15810595
-0.07383604
0.09249767
0.03014913
0.05475834
-0.06522089
-0.00163348
0.05908536
-0.09346020
-0.05550584
0.16268643
0.13091112
0.09502332
-0.05439598
0.17037990
-0.07497859
0.04993531
0.03919156
-0.03361178
-0.13117605
0.04052287
-0.08934787
-0.00324544
0.08628998
0.28715425
-0.00039970
0.00304972
-0.05911838
-0.01083287
0.06623823
0.05907342
0.02872950
-0.06187046
-0.17896210
-0.06823314
0.09816173
0.08972492
0.00616660
-0.11097158
0.19460663
0.05038025
0.09077698
0.15741721
0.01723717
0.18111004
-0.08513535
0.03423119
0.02860003
-0.16674895
0.03734124
0.10492561
-0.01324188
0.03302910
0.03435642
-0.03507865
0.02046045
-0.03426950
-0.00781376
0.12067747
0.07588480
0.10781119
0.07474789
-0.06304241
0.14182517
0.18204558
0.01723246
0.00869335
0.19550330
0.03358232
-0.17856492
0.02738629
-0.01951365
-0.14137726
-0.04881785
-0.11277763
-0.07056706
0.06347456
-0.00322909
0.12397552
-0.06065637
-0.00022460
0.02194834
0.07378169
0.00768511
-0.11798843
0.12710133
-0.04924555
-0.06429777
0.10502721
-0.04302633
-0.06129812
-0.00363851
0.02200402
-0.01195690
-0.19316620
0.06258736
0.00174955
-0.00953955
-0.00112010
0.16166344
-0.06671428
0.03207209
0.24074717
0.12827525
0.03696317
-0.06229436
0.02958392
-0.00357868
-0.03540710
-0.04542927
-0.22553542
0.13948796
-0.00132387
0.05697007
0.00593242
-0.15300121
-0.02782808
-0.05572854
-0.19072681
-0.08257046
-0.01059844
0.04335522
-0.04353634
0.20462143
0.03675175
0.07172634
0.04361740
0.04313214
0.00210683
0.09430321
-0.03280062
-0.09474181
0.06063355
-0.05908533
0.18405938
0.15119615
0.02889750
0.21285096
-0.22928310
0.03508450
-0.01578799
0.06325427
0.04139323
0.04405055
0.07941838
0.03984461
0.08676976
-0.07748430
0.00511866
0.11698579
0.17315370
-0.01779436
-0.20116664
0.09261547
0.10429100
-0.01576810
0.00884330
0.10630081
0.00580367
0.06588482
0.10860276
0.00967407
-0.03773475
-0.03996807
0.15813508
0.05364263
0.09161960
-0.11563555
0.03503418
-0.06284249
-0.11910184
-0.10987252
-0.06864579
0.13038755
-0.10712208
0.08685367
0.09072268
0.08412141
-0.03707204
-0.12706003
0.00487212
0.21764575
0.01642967
0.08057558
0.09418861
0.00679830
0.06814017
-0.11553684
0.11118396
-0.14782810
-0.07330697
0.01391016
-0.03771115
0.08216052
-0.17010789
0.06466351
-0.13024913
0.11305012
-0.12024603
-0.06450608
0.09223212
0.13887456
0.03411671
-0.10154542
0.14752000
0.06861018
-0.07576864
-0.00460152
0.04876300
0.09561788
-0.12125553
0.09204323
0.05925876
-0.06878827
0.01373887
0.16299163
-0.19664564
-0.06513467
0.02584241
-0.14567211
0.03563121
-0.00766753
0.01510575
-0.18567659
-0.03733870
0.04303361
0.00079216
0.06330650
-0.09897204
0.13219630
-0.03235884
0.14734386
-0.00904923
-0.04833002
0.02308580
0.07996753
0.06666201
-0.00888120
-0.06488122
0.07988354
0.07070428
0.00803674
0.08309800
0.05045263
0.19258508
-0.12695711
-0.03474921
-0.07266711
-0.11738348
0.05556001
0.01136821
-0.03450956
0.10492888
-0.02231619
0.23470685
-0.02583204
-0.12675409
0.13792992
0.01490934
0.08792236
0.11986683
0.06554343
-0.02975154
0.04705384
0.01002408
0.02843051
-0.02829851
0.04581525
-0.13648430
-0.04882595
0.00720148
-0.02521474
-0.12622009
-0.16959304
0.00861506
-0.10802881
-0.06279696
0.01507916
-0.18298988
-0.02338186
0.16901165
0.15055928
-0.05432104
-0.09310562
-0.00146742
0.05122236
0.02132960
0.10313246
0.03130590
0.12479368
0.11125453
0.14007093
0.13545376
0.17059235
0.15642460
0.02891512
0.11974494
0.21519091
0.11058160
-0.00142651
0.20189550
0.04866229
0.01792236
0.11160497
0.21841547
0.03138648
-0.02784863
-0.09495984
-0.02429736
0.08217709
0.00040889
-0.00742122
-0.15342421
-0.10661754
-0.07568576
-0.10946690
-0.10403214
-0.24243028
-0.24117861
-0.32800359
-0.29073921
-0.27593682
-0.29870022
-0.36004121
-0.14878482
-0.29251807
-0.29303354
-0.10305820
-0.16702542
-0.41607399
-0.28254836
0.03040917
-0.06252293
-0.07088992
0.01202227
0.13475458
0.14494751
0.32448035
0.49986734
0.55878775
0.44111822
0.48096410
0.56812279
0.70409081
0.49741195
0.59277837
0.61543862
0.40501996
0.66068739
0.54135803
0.34231015
0.51993276
0.52090791
0.38902458
0.16616784
0.17178987
0.08000342
0.10744376
-0.09087749
-0.08850089
-0.22522722
-0.34356243
-0.12519317
-0.19177603
-0.11983631
-0.39666926
-0.28386774
-0.24228178
-0.49490690
-0.25799047
-0.44034391
-0.31576742
-0.25248378
-0.33168945
-0.17081248
-0.25983434
-0.18165646
-0.22654040
0.04326788
-0.07922511
-0.09920068
-0.13203413
-0.01796502
-0.02512926
-0.06806095
0.06523721
-0.04531499
-0.07768027
0.01038244
0.09166541
0.10570377
0.10287287
0.02970255
0.08649415
0.06824252
0.11522452
0.16188568
-0.08164000
-0.05491155
0.11500867
-0.09047253
0.21516333
0.11282404
0.11157653
-0.04195585
0.05059584
-0.04667445
0.18038980
-0.00848246
-0.03056386
0.09296869
-0.17077508
-0.06579490
0.03070408
0.17882044
-0.04155386
0.05520319
0.09615964
0.05332854
-0.09452162
0.01248703
0.04348489
0.01220078
-0.00877861
0.06649036
0.01331360
0.07822232
-0.05291288
0.07917795
-0.01951490
-0.07917013
0.27317886
-0.03051289
-0.22225982
-0.00404814
0.08986943
-0.06917303
0.01157021
-0.02162845
-0.09665078
-0.04566687
-0.12126242
0.04528689
0.02164827
-0.03621531
0.02285988
-0.06999976
-0.01150734
-0.04751652
0.17484535
-0.12561188
0.05021078
-0.02953790
0.14840651
-0.02371294
-0.09549433
0.00752870
-0.09565685
-0.12144484
-0.11430301
0.09560549
0.03188093
-0.07749708
0.06420214
-0.03086865
0.06530673
0.01727245
-0.01160954
0.02971168
-0.12121882
0.09712145
0.04553984
-0.27195262
-0.12261674
-0.19447045
-0.09168939
-0.09074961
-0.02633476
-0.19888745
-0.06053019
0.03011759
-0.04897012
-0.05461543
0.00579096
0.00966973
0.00018721
0.08123738
0.18618844
0.09044627
0.03284646
0.01224600
0.14853506
-0.04522801
0.14308887
0.23261570
0.18026263
0.19172223
0.32929894
0.22933452
0.19138578
0.25891797
0.36511749
0.20004662
0.22886856
0.22181181
0.24512369
0.27254435
0.13611319
0.08939510
0.07257258
0.02647411
-0.05764879
-0.21039532
-0.10237706
-0.18476624
-0.29917263
-0.26816106
-0.28706923
-0.43132973
-0.24457737
-0.41002418
-0.42942781
-0.42552571
-0.42252539
-0.47964855
-0.16979482
-0.36896519
-0.22193700
-0.25402512
-0.03660195
-0.05283327
-0.06419673
-0.20372972
-0.05713952
0.00397620
-0.01097488
0.16968658
0.11514807
0.15939764
0.12628617
0.26653098
0.18977452
0.11189379
0.35146058
0.32084215
0.31905933
0.22681797
0.23365521
0.12333053
-0.04719441
-0.01395626
0.12209079
0.04728874
0.16987378
0.08711738
-0.05670599
0.24897802
-0.05978716
0.12308537
-0.13719988
0.05443858
0.09778853
0.00847354
-0.02414260
0.16663691
-0.07334238
0.06237719
-0.04237246
-0.00817596
0.03256432
0.05943980
-0.09996757
-0.01229061
-0.08443892
-0.04679158
0.01902961
0.01618699
0.13515467
-0.00388199
-0.09714267
0.02286490
-0.05894170
0.18218247
0.06975732
-0.10850186
-0.02619794
-0.03928151
0.00761255
0.10481559
0.09607354
0.05288473
0.02476771
0.00070970
-0.03308623
-0.10054611
-0.06139964
-0.06810593
-0.23625130
0.03304983
0.12779478
0.10090250
-0.05979273
0.06471135
-0.04197027
-0.08117042
0.07060443
0.05194899
-0.00540676
0.00203914
-0.06637238
-0.08722499
0.01666029
-0.02407513
-0.07430408
-0.14318659
-0.02929929
-0.00650630
0.02848819
0.06201532
-0.02915939
-0.15019030
0.06657482
0.07782493
-0.18955226
-0.06114074
-0.00552630
0.02899245
-0.12706642
0.00341046
-0.07348748
-0.03932468
0.06853609
-0.06584909
-0.10121477
-0.00886540
0.07195848
0.08722645
-0.09825723
0.03317885
-0.07514865
0.14590398
0.03963858
-0.07922314
0.11483810
0.02194284
-0.01357256
-0.03898413
0.00520004
-0.07412209
-0.05575788
-0.04389402
-0.05632898
0.01971341
-0.00138773
0.11458805
0.29528948
-0.11774408
-0.04589909
-0.05673799
-0.01138810
-0.03974327
0.02303989
0.00456063
0.01326341
-0.06234136
-0.03138737
0.01840600
0.24994874
0.10162188
0.05113235
0.01177987
-0.07703280
-0.01823775
0.01041503
0.00535580
-0.00052182
0.02460173
0.06880241
-0.04470346
0.02979134
-0.13159805
0.09587386
0.20697727
0.00676789
-0.19553593
0.05478317
0.03364903
-0.16565341
-0.07441504
-0.02865079
-0.06861214
-0.08527659
0.01001715
0.06540216
-0.13799136
-0.10632371
-0.11258649
0.00873724
0.01958762
0.04151677
-0.11797403
0.12551941
-0.03920380
-0.05548919
0.18706372
0.02832956
-0.04688879
0.12688416
0.09520608
0.06522936
0.01141781
-0.00095004
-0.01840942
0.02903758
0.15342125
-0.01053479
0.08110922
-0.12853851
-0.02892165
0.08175313
-0.14349980
-0.00706321
-0.14277360
0.16613664
-0.00745793
-0.06780792
-0.08625062
-0.06551744
0.02306795
-0.02897418
0.03146526
-0.05099424
0.17252991
0.07609205
0.06440990
-0.04020559
-0.16196329
-0.09409581
-0.03212257
0.02259066
0.03580680
-0.04571228
-0.10605336
0.04558474
0.00106679
-0.03229061
-0.05030601
0.09864072
0.08239443
0.06281416
0.08326752
-0.01465383
-0.10274452
0.03567201
-0.23384134
-0.01288089
0.01192583
0.11063416
-0.03851944
-0.11852248
0.04740714
-0.05298502
0.02401759
-0.06647256
-0.22914504
0.05726222
0.09037407
0.08948300
0.01450664
0.13094668
0.09585556
-0.02645698
0.02390484
-0.18471911
-0.16413850
0.06649803
0.16758719
0.04158628
0.03144374
-0.00179712
-0.12122311
-0.00980058
0.06899058
0.14959870
0.00677036
-0.12043243
0.09617578
0.08192442
-0.26537883
0.15419456
0.14433954
0.02989001
0.04737067
0.14733532
0.05104026
-0.15564686
-0.00755964
0.04262444
0.07620613
0.13987174
-0.01844627
0.02006524
0.14347457
0.00345729
0.00760023
-0.07869022
-0.10304570
0.05130336
-0.01206008
-0.02876151
0.12852338
-0.03065914
0.09971793
0.11437317
0.00349768
0.10648772
-0.16144874
0.00240279
0.06079269
0.08324297
-0.06506756
0.04416292
-0.17796171
0.02125202
-0.04442179
0.03488892
-0.05808952
-0.09774504
-0.02669909
-0.04345462
-0.01387843
-0.03474770
-0.03239565
0.00352324
-0.07018664
-0.03944791
-0.00384316
-0.00784591
0.13041543
-0.10124948
-0.14309338
-0.05947530
-0.01283850
-0.01049238
0.11845445
-0.02336856
-0.08655325
-0.03875400
0.05973044
0.10348469
0.13961291
0.17490534
0.16757248
-0.06088748
-0.11820086
-0.03616405
-0.06614596
-0.01366482
0.11817089
0.08061009
0.04455770
-0.12084201
0.05823502
-0.04253142
0.09520524
-0.04400725
0.04221857
-0.12887157
-0.05504336
0.09637107
0.07124912
-0.10779079
-0.07133479
0.07283083
-0.15607513
0.15895455
0.04859745
-0.09929648
-0.02632325
-0.08715636
-0.20125860
0.06191392
0.07912233
0.19505960
-0.02569123
0.15343595
0.03761352
0.04995123
-0.08361566
0.19618113
-0.10061742
0.05913079
0.11279172
-0.12761295
-0.01338080
-0.04281482
0.05180854
-0.13458690
0.04555240
-0.00781237
0.16461478
0.06614157
0.11935368
0.10923321
-0.05137100
0.03711277
-0.00412781
-0.10025158
-0.06667369
0.12771876
-0.20818120
-0.02144480
-0.08718557
0.01225905
-0.08441042
0.06197886
-0.07755019
0.02425996
-0.03803085
-0.00377591
-0.03614839
0.04023329
-0.11593750
0.06631371
0.12543799
0.04002394
0.09343538
0.10757008
-0.05002959
-0.06215137
-0.03218420
0.04901808
0.13493310
0.05058587
-0.10943709
0.01245065
0.00564571
0.04390012
-0.02143124
-0.14543819
0.06544873
-0.12559279
0.03019140
0.03090687
0.08361596
-0.05328974
-0.01008182
-0.03966699
0.10451846
0.03922410
0.00485004
-0.13977661
0.00598325
-0.04273850
0.10333266
0.08173673
0.08181595
0.00860525
0.21391374
-0.07972315
0.08248316
0.07489528
-0.03455903
0.00275555
0.00326993
-0.17363866
-0.03906964
-0.07323779
-0.14219843
-0.00427666
-0.05848808
-0.03930318
-0.08934364
-0.12539502
0.01016905
-0.09414455
0.01971227
0.10028587
0.02606239
-0.01356751
-0.01347862
0.19203783
0.02517652
0.00706252
-0.02996301
-0.01208607
-0.14130194
-0.04802415
-0.20702612
-0.00506127
0.08543392
0.00719168
0.17494361
-0.11667930
0.23455083
-0.08320680
-0.09275686
-0.11926135
-0.11102648
-0.11145332
0.04499441
0.16813319
-0.07105854
0.01786080
-0.05812798
0.11675241
-0.07091827
-0.06568814
0.00698491
0.11368527
-0.06004201
-0.00470766
-0.10718503
-0.14267723
-0.13616059
0.08081750
-0.10033261
-0.11001268
-0.11244787
-0.03319291
-0.00150319
-0.00361035
-0.18381445
0.05060369
-0.08460482
0.04139050
-0.02292473
0.04897754
0.05501929
-0.07519802
0.01455608
-0.01658392
-0.20497509
-0.04824825
0.10016137
-0.02914752
-0.02631122
-0.02055412
0.05007170
0.06914954
-0.24690412
-0.02814819
-0.02709229
-0.07714586
-0.10072985
-0.04671637
-0.26770420
-0.18193398
-0.08614635
0.02167760
0.03451961
-0.03398623
-0.01791114
-0.05808123
0.08027353
-0.07504323
-0.14333560
-0.09138415
0.01328405
0.08389581
-0.01825604
-0.04602931
-0.00769645
-0.07528583
-0.08896477
0.01780618
0.06516490
-0.07210721
0.06534955
0.23317131
0.02465369
-0.02745593
0.20556706
-0.10634400
0.08566164
-0.03028148
0.23203387
-0.01377808
0.07751963
0.04464433
-0.01373724
-0.04409385
-0.05714401
0.09642889
-0.04371554
0.01144522
-0.20354615
0.24628015
-0.01637647
-0.01529653
0.02805256
-0.00097835
-0.01030551
-0.10061477
-0.09595528
-0.18969631
0.00976122
-0.02130079
0.10788106
0.06054066
-0.00673554
-0.00417627
-0.19374787
0.00541869
0.00822885
-0.08768715
0.08181176
-0.05776591
-0.06211526
-0.04076047
0.04702435
-0.05795990
-0.07153165
0.14789683
0.10029026
0.08819686
0.22245621
0.12834004
0.05167610
0.07138398
-0.00493659
0.03364503
0.07018536
0.17051945
0.08296942
-0.11318048
-0.04816938
0.05948919
-0.03639522
0.00078757
0.03086490
-0.01525271
0.05361777
-0.05339134
0.05504214
0.03756089
0.04573371
0.04151649
0.06958283
-0.07970412
-0.00295392
-0.05289267
0.04407143
-0.03764033
0.04058182
-0.04030977
-0.12107010
0.06688978
0.10146470
-0.02577583
0.10024288
0.03718640
-0.25456610
-0.20148892
-0.08632626
-0.03735301
-0.05452386
0.11731661
0.00377148
-0.00057374
-0.01997698
0.01638934
