0.00254597
-0.03136147
-0.15241172
0.11326817
0.02923379
-0.00578730
0.00354176
-0.05076809
-0.10965033
0.00005956
0.01136578
0.00628572
-0.08145224
0.09634476
-0.03398497
0.01196583
-0.01485017
-0.01140395
-0.07361934
0.10493661
-0.08086010
-0.04340698
0.05855800
0.00263742
-0.00123650
0.04449622
-0.12011204
0.03608020
-0.09482572
0.05932426
0.01220522
0.01245088
0.00421829
-0.03775945
0.08001068
-0.12948546
-0.08971557
0.03414328
-0.06657867
0.02054075
0.00335453
-0.03742695
-0.03300114
-0.00708591
-0.03836198
0.07958093
-0.03468271
-0.08143786
-0.08327403
0.04677682
0.06704471
0.00818521
-0.04533510
-0.03297988
-0.05438346
-0.02895178
-0.04927957
-0.01648419
-0.01565249
-0.00447761
0.04963091
-0.02545263
0.10475367
0.01619924
-0.01384856
-0.12281005
-0.03884998
-0.03815013
-0.03020244
0.01577258
0.01926606
-0.05111068
0.03044516
-0.05913860
-0.08250629
-0.04906844
0.03996303
0.11452283
-0.05712897
0.02966996
-0.04070534
-0.02661737
0.05798050
-0.04475273
0.03129683
0.08250402
0.00416133
-0.07758316
-0.05790932
0.01324149
0.00162192
0.05158117
-0.01305152
-0.06524549
0.01460550
-0.00577043
-0.10258890
-0.06398432
-0.05073105
0.01693010
0.00352295
-0.03080215
-0.03246433
-0.04870497
0.00514184
0.00429962
-0.03315253
0.00049761
-0.07588590
-0.02229171
-0.10563325
0.05047137
0.01661873
0.04282394
0.00751621
0.00133534
0.21002524
-0.12952589
-0.06330617
0.05670772
-0.00876270
-0.01463669
-0.05938678
-0.04609611
-0.00657983
0.06684817
-0.07426240
0.01310502
-0.03031880
-0.03663835
-0.07147198
-0.07627205
-0.04879918
0.04498431
-0.03715822
-0.01864915
0.07680852
-0.03128149
0.10871994
0.04993310
-0.10295494
0.07441531
0.12376268
0.03870057
-0.01936775
-0.04150748
-0.00064614
-0.01158395
0.02381123
-0.02936284
0.05652657
-0.00569724
-0.04059362
0.00211333
-0.02833955
-0.04402195
0.07290787
-0.02342199
0.00631665
-0.16641815
0.02232240
0.05713021
0.07886579
-0.07570854
0.01641380
-0.07068785
0.06313130
0.05188796
0.03405956
0.15101231
0.01486882
-0.06989561
0.01413475
0.03923781
0.13398151
-0.06826488
-0.10180709
-0.03250602
0.01864032
0.03331188
-0.02157168
0.06627913
-0.07369371
0.06277584
0.01247427
-0.03193303
-0.06085798
0.05243114
-0.02315017
0.04972446
-0.01358879
0.04495980
0.08629152
-0.03540015
-0.05484241
-0.08581997
-0.05119770
0.03485216
0.10247112
0.06817309
0.03354570
0.02695861
-0.01279907
0.01100152
-0.07421245
0.06410270
-0.01818814
-0.06243769
-0.01614969
0.02065507
0.03166645
-0.00298997
0.01225512
0.05683029
0.02453793
-0.07037155
-0.05441023
0.02398481
-0.00007019
-0.10196704
-0.05259244
-0.00169245
0.09011638
0.06783583
0.02740166
-0.02396841
0.00340378
0.01737068
-0.05940946
0.06715822
0.04539797
0.01178747
-0.01555907
0.06494351
0.12466434
0.02306882
-0.03911634
-0.03013692
0.01646798
-0.00288602
-0.02267926
-0.06440745
0.05451752
-0.09941029
0.02416536
-0.04732327
0.02347603
-0.04069372
-0.05762542
0.02075258
0.03743526
0.02473547
0.01129159
-0.09671052
-0.03241441
-0.00070578
-0.02454365
0.00431269
0.10358501
-0.03977658
-0.00802583
-0.06578625
0.02964674
0.06450700
0.07272681
-0.10135354
0.03072271
0.07715311
-0.07365443
-0.05351157
-0.06684225
0.03283913
0.04317050
0.06945668
-0.11265278
0.02792656
0.00035111
0.01803490
-0.02367054
-0.03344146
0.02908801
0.01003102
0.01344012
0.01173152
-0.14452028
0.00600075
-0.05490214
0.09362273
0.03661110
-0.08054779
0.00150686
0.00803352
0.03900485
-0.02375032
-0.01918804
0.04514789
0.06327538
0.00165575
0.04926719
-0.07537368
-0.07823960
0.04420584
-0.05851268
0.10636481
-0.09701309
0.01678469
-0.00987772
-0.02805242
-0.00444960
0.05505932
-0.05086415
0.11819751
-0.02564231
-0.01736419
0.01135247
0.01004297
-0.04554578
-0.14340857
-0.02733134
-0.11784927
0.16873740
-0.07318579
0.03306877
0.04270403
-0.13929705
-0.10388742
-0.04021626
0.09820720
-0.05288351
0.03821775
-0.08351752
0.05130217
-0.01620435
-0.03587930
0.00742641
-0.02963240
0.03044329
-0.01769749
-0.00683975
-0.05544678
-0.08874131
-0.11185097
0.10276532
0.03446135
-0.09466871
0.11589726
-0.02619072
-0.08856585
-0.02371871
0.08865345
0.06425224
0.03755381
-0.01264045
0.03730421
0.00340058
0.00982074
-0.00583851
-0.01373312
0.03308213
-0.03226781
0.03319536
-0.12465422
-0.06167693
0.04087941
0.04808583
0.11053141
0.05911413
0.04557380
-0.08679021
-0.03730392
0.00785147
0.10101121
0.02760554
0.07047400
0.00405776
-0.10340608
0.08496227
-0.06266017
0.08081381
-0.01795001
-0.03769570
-0.01997801
-0.01656392
0.09654257
0.06404128
0.04982652
0.01981097
0.17033060
0.06399675
0.01926217
-0.08199608
0.07211776
-0.02553491
-0.08412257
-0.05851472
-0.02818325
0.06910372
0.01147675
0.00913359
0.03155704
0.01575382
0.05471873
-0.12988449
0.05398851
-0.04532599
-0.03873267
-0.01768450
0.04277179
0.04079331
-0.00059247
0.07289813
-0.04015045
-0.01437672
-0.00068718
-0.01299564
-0.07378851
-0.06866363
-0.09903753
-0.11067196
0.03473194
-0.01871360
-0.02666260
0.06105154
-0.06375406
-0.01136027
0.03024551
-0.03352709
-0.00674284
-0.01583129
-0.00536822
0.07128266
0.05388456
0.02683898
-0.00039281
-0.07722505
-0.02472984
0.11112611
0.02445067
-0.07573293
0.04798542
-0.01195625
0.07139539
-0.06117130
0.01330764
0.07857925
0.04241147
-0.06096529
-0.07235611
0.04334499
0.04760204
0.05834428
-0.03845934
-0.04163680
0.03762294
-0.03350328
-0.01302836
0.07627548
-0.03513865
0.07403433
-0.03532594
0.00108139
0.03756239
-0.01983688
0.08510528
0.06554529
0.02352510
-0.00345299
0.01677434
-0.02363758
0.04720948
0.04247599
-0.18724610
0.04781134
-0.01019222
-0.05943727
-0.04195590
-0.06895727
-0.05055993
-0.01012016
0.05187275
0.05897466
-0.05325066
0.09735084
-0.02296601
-0.07946142
0.04437247
0.01213244
-0.06989921
-0.07783825
0.00164436
0.05768212
-0.04042260
-0.02866730
0.06804270
0.11263747
-0.03662007
0.02181837
-0.02054799
-0.13236245
-0.07592264
-0.03137548
0.02758828
-0.01084144
-0.06610658
-0.08302322
-0.01050204
-0.00653661
0.05660336
-0.10013012
-0.01611377
-0.00144826
0.02940665
-0.06827834
-0.00067165
-0.02441494
-0.05416701
-0.04794164
0.04142790
0.02698170
0.04712052
0.00311331
0.04237895
0.03503091
0.01613413
-0.03725689
0.09810696
0.00633341
-0.02897165
0.07602549
0.02658728
0.02416117
-0.03661034
0.00633075
0.08509346
0.05839706
0.04728665
-0.05291929
-0.01531872
-0.00539995
-0.05473779
0.03133902
-0.08897012
-0.02420882
0.00259421
-0.00269757
-0.07733802
-0.02568704
0.02468932
-0.00246054
-0.11143760
-0.01413751
0.04862396
-0.10819448
-0.11647320
-0.01947345
-0.00503286
0.00852360
0.03027227
-0.02760250
0.03729077
-0.08392711
-0.03287389
-0.03793837
-0.01769593
-0.02927982
-0.01081034
0.03301467
-0.10339325
-0.04093132
0.00575543
-0.04173184
-0.01507190
-0.01453082
-0.02679874
0.06747331
-0.04390183
0.01750824
-0.01127069
-0.09303473
0.09736130
0.07499607
-0.01428473
-0.03911368
0.11769058
0.06916555
-0.01443860
0.02930041
0.01801115
-0.00559211
0.08875770
-0.02083064
0.05600762
0.03341584
-0.09784961
0.02094362
-0.02091419
0.05398013
-0.02323685
-0.00697649
0.07079845
0.02535335
-0.04821832
-0.04394064
-0.05119170
-0.05358193
0.07965108
-0.02650961
0.04461423
-0.01407748
-0.01236217
0.03173998
0.06234969
0.02515694
0.01754469
-0.05003278
-0.01641271
0.09006316
0.00931819
-0.03837140
-0.01717180
-0.05943301
0.05950618
-0.03012163
0.05196079
-0.11726345
0.05556941
0.00622569
-0.03556284
-0.05209810
0.01009253
0.01455187
0.00869312
0.07674031
0.06563876
-0.03325053
0.01282489
0.00279958
-0.09720750
0.06780116
0.00982482
0.04437920
-0.03114736
0.03986927
-0.04965954
-0.08631651
0.05416056
-0.01836263
-0.09385227
-0.03128055
0.08004719
0.02521762
0.00764271
0.03493468
0.01146273
0.03801553
0.06430107
-0.04671289
0.06875261
-0.02139965
0.03346220
-0.01633169
0.00893554
0.05379219
0.00930052
-0.04080802
0.06596058
0.02963297
-0.00220845
-0.12022501
0.07279316
0.07458646
-0.02032967
-0.08422773
-0.02250444
0.04509043
-0.02748658
-0.01785984
0.00865840
0.06602144
0.03669469
0.13033297
0.01266210
-0.05718313
-0.04185183
0.00482145
0.02314347
-0.09743615
-0.06979914
-0.07472459
-0.00099819
-0.07484652
0.01753678
0.06019028
0.04522061
-0.06829097
-0.09510230
0.07465709
0.02393957
0.04180138
0.02770818
-0.02860896
-0.03353814
-0.01143617
-0.08342302
0.02654799
0.01554330
0.05482299
-0.00168208
-0.07511615
0.02929942
-0.06182477
0.05715005
-0.02002380
-0.02475472
0.07797807
-0.07765710
0.01496709
0.01958382
0.00911248
0.03791519
-0.02258407
-0.01954937
-0.05310221
0.01741167
-0.10799947
-0.10421208
-0.01129029
0.05498020
-0.01075853
-0.00435511
-0.12070477
-0.00684398
0.01727204
-0.05775634
0.09423102
-0.08059797
-0.01081035
-0.10308460
-0.03866833
-0.05487513
-0.02477785
0.08608056
0.01705515
0.03532492
-0.04728159
-0.03593583
-0.01512815
-0.09630891
-0.05842916
0.04872733
0.00259365
-0.02192079
0.04185212
0.14031909
0.03656472
-0.04808417
0.03768314
0.04263096
-0.08290050
0.08890522
-0.06071341
0.03088864
-0.03955529
-0.10129403
-0.04660608
0.00447683
-0.01644916
-0.00246121
0.10220259
0.01416525
0.03648507
0.10578929
-0.07414468
0.03970254
0.04564715
-0.00216799
-0.05734963
-0.02193772
-0.00699698
0.05700826
0.00856042
-0.10571510
-0.00647761
0.00254597
-0.02590990
-0.01078299
-0.07169783
0.09451101
-0.03374451
-0.07986460
0.01057897
-0.01486129
-0.00559834
-0.02474737
0.01920260
0.06646774
0.01846494
-0.01479327
-0.02309521
-0.00869115
-0.06888684
-0.04945150
-0.02936746
-0.07371029
0.06546657
0.00695414
0.02033947
-0.00625143
0.08631790
0.02805774
-0.02247847
-0.07619616
0.02061172
-0.02974105
0.05693264
-0.03472428
-0.13326356
0.05705511
0.04562351
0.01559126
-0.04713564
0.01178300
0.07641216
-0.02969142
-0.02998250
0.04529052
0.09906548
-0.01586118
0.00914345
-0.06390601
0.00476064
-0.03026916
0.06177588
-0.02946489
0.02448392
-0.04677369
-0.07284361
-0.03726862
0.01164107
0.01365637
0.00820566
0.04986756
-0.03643835
0.03961220
0.00560091
0.01280797
-0.01117852
-0.04418688
-0.02838212
-0.06003132
-0.10640586
0.05014114
-0.01515337
0.01417397
-0.03399846
0.03889966
0.04403378
-0.01604087
-0.00809670
0.04514537
-0.01839533
-0.01929412
0.10133033
0.04397877
0.05013733
-0.05257338
-0.07448294
-0.09998648
0.03998027
-0.06418724
0.03905678
0.14136326
0.02383940
-0.04971683
0.09883144
-0.03284604
0.04214319
0.07423530
-0.00926555
-0.02899805
-0.03571375
0.00933212
-0.11345170
-0.01447798
0.06405906
0.00293613
0.00230930
-0.00052825
0.04263293
0.03589648
-0.02468069
-0.01003674
-0.01349311
0.06614764
0.02878816
0.00747180
0.10106554
-0.02130072
0.04475599
-0.01282237
0.01981907
-0.07141510
0.00372653
0.06885467
0.00306760
0.02490303
0.07139750
-0.16611235
0.00684160
0.03564889
-0.03581592
-0.03537209
-0.05092979
0.03665502
0.03843695
0.01331312
-0.13611323
0.07844373
0.04717500
0.01688955
0.05083584
0.02073420
-0.07530319
0.10272672
-0.03690004
0.02280767
0.00334265
-0.02014446
-0.01229383
-0.02051896
0.05562549
-0.01485952
-0.00765857
0.04787279
0.05496796
-0.09058723
-0.09323118
0.10376057
0.03312270
0.07140793
-0.00260765
-0.01674693
0.06421357
-0.00311383
0.02164989
0.12372350
0.08561406
0.03146645
0.01104942
0.00582032
0.03289172
-0.01118867
-0.01172438
0.05323186
-0.02986583
-0.01726690
0.03358636
-0.02400767
-0.07958452
-0.00652233
0.03718936
0.02109594
0.02096018
-0.02939418
0.07636095
-0.00041031
-0.02270706
-0.03616870
-0.02377134
-0.01121055
0.01567615
0.00954607
0.04010842
-0.03162405
-0.04622314
-0.03986689
0.00493858
-0.05416821
0.02292329
0.00050534
0.00750153
0.00556015
-0.00068114
-0.04837131
-0.06999570
-0.04097763
0.05821249
-0.02599293
-0.06787352
-0.01719834
0.05224343
0.04571524
-0.03530679
-0.12249356
0.04933576
0.00334672
-0.02444094
-0.03134244
0.01608498
0.10059631
-0.03727953
-0.08623310
0.08037077
0.00860130
0.00707517
0.05461687
-0.00172021
-0.04350826
0.04673764
0.04873250
0.03233012
-0.01306201
0.02036844
-0.06828856
0.00159663
0.03969827
0.10182239
0.07737382
-0.06585572
0.00437010
0.08962562
-0.02100182
0.04647855
-0.05796984
0.07166744
-0.01354337
0.05111177
0.03487793
-0.10911773
0.08624531
0.02539961
-0.07053300
0.06413062
-0.08280049
-0.00251087
-0.05665875
0.03825689
0.03303657
0.02254237
0.07887612
0.00118742
0.03470240
0.01990676
0.05936424
-0.01789198
0.00616198
0.04067722
-0.03162075
-0.00128227
0.01151687
-0.08846335
0.01923047
-0.01008080
-0.08660578
-0.03104237
0.13385078
0.07743189
0.03666884
0.01709662
-0.02531835
-0.01790489
0.02080479
0.07655269
-0.10357228
-0.03207254
-0.02141993
0.10478968
0.05399812
-0.04686378
-0.10164266
0.02543215
-0.00804543
0.06529793
0.12816102
-0.05828966
-0.00964615
-0.11315713
0.07566940
0.00702789
-0.06673072
-0.12058081
-0.01955302
-0.02769114
0.02439512
-0.04359608
-0.07659888
0.15086353
0.03752224
-0.04993007
-0.00113561
-0.10242895
0.01278028
-0.02083416
-0.04913302
0.01914587
-0.04101101
-0.03191184
-0.01747411
-0.00514483
0.04953859
0.03475065
0.00039486
-0.02056908
-0.00418509
-0.02919658
-0.00795383
-0.02994763
0.06320441
0.04975415
-0.09968160
-0.11357805
0.09143212
0.04661152
-0.12534249
0.02924886
0.06005581
-0.03216265
-0.05328753
-0.14623438
-0.04367739
0.03500721
-0.08120841
-0.02011628
-0.01701870
-0.04629854
-0.01696665
0.02657294
0.02856133
0.06287118
-0.01186728
-0.00363123
-0.07810516
0.01751869
-0.07508219
0.13232804
-0.04461260
-0.06655914
-0.02685136
0.11051449
-0.07694899
-0.04443721
-0.00469555
0.07100253
-0.04450889
0.03976260
-0.07462033
0.01984841
0.02057403
-0.07384324
-0.01103530
0.01042906
0.07949981
0.00693234
0.09505867
-0.03248818
0.03722541
0.02559530
0.02854544
0.06431902
-0.13290684
0.01616221
-0.05052306
-0.01875640
0.01645967
0.05146389
-0.01832125
-0.05298682
-0.02504018
0.05707586
-0.04841763
-0.00197642
0.15277344
-0.01059217
-0.11772308
0.09251589
0.08030287
-0.00021077
-0.00796482
-0.04175538
0.01458780
0.02576109
0.01214491
0.05269581
0.00660363
-0.13987994
0.02071011
0.03685727
0.07632823
0.07421592
-0.06864630
-0.12003956
0.02084062
-0.07486532
-0.03517149
0.05958317
-0.01595759
0.09169320
-0.08626943
-0.00791513
0.01330102
-0.06526351
0.02669890
-0.01658186
0.01001343
-0.02487747
0.02055483
-0.05548336
-0.02696545
-0.04928226
0.03063899
-0.02412410
-0.02368919
0.01198525
-0.02744020
-0.07654055
0.10553736
-0.13112850
-0.03088301
-0.00600716
0.08608665
0.09572156
-0.00031126
-0.05992021
0.06641916
0.08705376
-0.03906199
0.10067044
-0.04677539
-0.04124663
0.00387620
-0.03938667
0.02994094
-0.03087501
-0.12190567
0.07710358
0.02158226
-0.05748387
-0.07365585
0.02352727
0.07986907
-0.01039359
-0.08850303
-0.00670886
0.02843414
0.01158671
-0.02077719
0.00861565
0.00604902
0.03540731
-0.01309315
0.04239728
-0.00349391
0.02616070
-0.00059987
-0.11051546
-0.02198916
-0.06686360
0.03432216
-0.03116561
0.03719829
-0.00722286
0.02291523
0.01608213
0.01693400
-0.05519979
0.03910933
0.01343400
0.01223081
-0.00853151
0.02580644
0.03118761
0.14031257
-0.06694716
0.01167290
0.04967331
-0.00049071
0.04589211
-0.03009698
0.03540501
-0.05215423
0.06844812
0.02267589
-0.05118214
0.02794073
-0.03183309
0.02362273
0.06983433
-0.06192300
-0.00054055
0.16841391
-0.08253381
-0.02795093
-0.02003909
-0.04931658
0.08836019
-0.00719970
-0.05370912
0.02656532
0.03656877
0.05541874
0.03904677
-0.02618493
-0.01302169
-0.01960584
-0.03801234
-0.00278111
0.02869848
-0.03392139
0.07471930
0.04193707
0.10464175
-0.08834327
0.02734394
-0.04022639
0.07931973
-0.02331492
0.01893010
-0.05768796
-0.01041232
0.03135061
-0.00427693
-0.02546606
-0.01124857
0.02646915
-0.06735013
0.00431278
-0.05587487
-0.11600087
0.02929650
0.01421549
-0.00529343
0.01825726
0.03866855
-0.11656916
0.01689679
0.03222069
-0.02197794
-0.01056670
0.00654472
-0.06135877
0.05750400
0.06086059
0.03488398
0.00324594
0.11562370
0.08270961
-0.07112633
0.02276302
0.03237990
0.00334562
0.01987734
0.02631291
-0.07684909
-0.05043670
0.04701407
-0.01225699
0.03003785
-0.03676461
-0.00395470
-0.09407375
-0.02149716
-0.09817463
-0.00714779
-0.01935879
-0.01376462
-0.03749700
0.00474759
0.03095707
-0.01262441
-0.02440326
-0.03507789
-0.02237366
-0.02513112
0.03247593
0.08897052
0.02160400
-0.05009827
0.01249244
0.02033074
0.02119558
0.01227725
0.10141356
-0.00986889
-0.00971785
0.01123800
-0.01797928
0.03299864
-0.01004917
-0.00529668
-0.00960279
-0.09013600
-0.03819381
-0.05344789
0.02247892
-0.08760282
0.03597575
-0.02395928
0.06981633
-0.04459329
-0.01593893
0.01828429
-0.01778383
-0.00282604
0.07133803
0.05806916
-0.00644120
-0.04515539
0.11058324
0.04826832
0.00200771
0.00719890
0.00610909
0.05196807
0.00164665
0.00317356
-0.01937069
-0.07324226
0.01828585
0.06212264
0.16421332
-0.11197225
0.10224409
0.04056629
-0.06478287
0.11833073
0.02145720
-0.01470332
-0.00001639
-0.06935414
-0.01323022
0.07613395
0.14341982
-0.04103696
0.05941123
-0.01699122
-0.08970368
0.03883498
-0.02489855
0.08418170
-0.04903567
0.03231344
-0.05041036
-0.01216543
0.07155616
0.08337749
0.09796352
-0.01680805
-0.02433633
0.00095198
-0.04280221
0.00368700
-0.04195580
0.07916475
0.02398936
0.05465383
-0.03426792
0.02093102
-0.06261065
0.02753646
0.08465982
-0.05350803
-0.03641430
0.02634175
-0.08251306
0.15682274
-0.02115351
0.06550601
-0.04617178
-0.03424657
-0.00704416
0.04603122
-0.12116735
-0.04100170
-0.02078539
0.00580474
-0.05670460
-0.05118453
0.04433227
-0.10274829
0.01697008
0.04531850
0.05137729
0.00182914
-0.03741595
-0.09460435
-0.09628562
0.04725818
0.03424856
-0.03446444
-0.04243816
0.08681154
0.02513037
0.04771566
0.01652586
-0.01478392
-0.15227630
-0.06407033
0.00703163
0.01448813
-0.02392872
-0.01251910
0.10433452
0.05905268
-0.10807798
-0.03797621
0.00252473
-0.02043838
-0.00981030
-0.12747390
0.06546469
0.02249842
-0.08096794
-0.05601844
-0.03098732
-0.02255408
0.02605649
-0.05919631
-0.09430900
0.07208548
0.04163945
0.09731741
0.00394798
-0.01634511
-0.08271731
0.04039162
0.10990811
0.06539584
0.00270382
0.05846915
-0.06828947
-0.02951702
-0.05640591
-0.03246382
-0.11917124
0.03088369
-0.00351598
0.01281812
-0.03736771
-0.05950762
-0.00197088
0.03341408
0.04925484
-0.05874585
-0.05420204
-0.01962613
-0.01145453
0.05034477
0.10748904
0.18926521
0.04821817
-0.06691190
0.00636416
0.02111565
0.00342722
-0.01950559
0.05184365
0.01581660
-0.04543157
-0.02152049
-0.06803023
-0.09380213
-0.01909010
0.08428405
-0.07730709
-0.01086175
0.06320540
-0.08583852
-0.02506338
-0.04366697
0.00838800
0.05354504
0.03352738
-0.03615301
-0.10722878
0.06023201
0.00645570
-0.10354840
-0.07892320
-0.00720751
0.05008694
-0.08121945
0.05660235
-0.00042196
0.00248493
0.00870659
0.01883275
0.05706007
0.12858489
-0.00286602
0.01488670
0.14792799
-0.00127444
-0.05429845
-0.03202771
-0.08556944
0.04398932
-0.08714672
-0.09115639
-0.07631421
0.04554251
0.05047429
0.04899972
0.04486505
-0.04501640
-0.01120505
-0.07665833
-0.03553092
0.00612871
-0.08954442
-0.03435198
-0.02106046
0.03592591
-0.01613007
-0.06830752
-0.00657283
0.05626528
0.01524547
0.00538140
0.08333675
0.01365666
0.01413609
0.00064394
-0.05524800
0.00018593
-0.00526696
-0.00799464
0.10452888
0.08661845
-0.01113095
-0.06068422
0.00964508
-0.03978418
0.04147909
-0.02063754
-0.00357137
0.02156358
-0.04456170
0.07386554
-0.08302693
-0.07394399
0.02166600
0.12140374
-0.00429129
0.08529144
0.00009238
-0.08272487
0.06339705
0.11353623
-0.05688236
-0.10350404
-0.02808558
-0.04517856
0.02663725
-0.02777013
-0.06772500
-0.12456682
0.05861388
-0.05154775
-0.13710894
-0.04405288
-0.12679914
-0.10217440
-0.07720954
-0.06352980
-0.05906793
0.03791849
-0.08399297
-0.09720847
-0.02317143
0.06430007
-0.12352054
-0.19546600
-0.18221143
-0.07103564
0.06968506
-0.10173296
-0.01474498
0.02249171
0.06349629
-0.03079641
0.05867490
0.10475948
0.18300284
0.11397303
0.09171494
0.14722370
0.15338800
0.21550218
0.08992731
0.16418478
0.16841186
0.20959269
0.21956779
0.12709028
0.24797441
0.19039152
0.05966273
0.12014282
0.10923168
0.13591443
-0.02738322
0.05575590
-0.06111748
-0.09294601
-0.05112544
-0.06222712
-0.02326471
-0.01284462
-0.03910251
-0.13506873
-0.15828179
-0.09295252
-0.09231947
-0.15519225
-0.07005308
-0.05652700
0.00142929
0.03655498
-0.01190542
-0.16160072
-0.10374949
0.00046509
-0.03583880
0.03049155
0.05039566
0.08104874
-0.03105357
0.08045050
-0.00382220
0.03388571
-0.03736416
0.07874825
0.04220913
0.03773209
0.01302916
-0.00943993
-0.13079655
-0.00948722
-0.02114898
-0.07966243
0.04821145
-0.07380524
-0.03198082
-0.02671396
-0.01938153
-0.01146174
-0.13716562
-0.07764465
0.06744371
-0.09327770
0.01887278
-0.03625506
-0.05700179
0.01141507
-0.00100300
0.03417344
0.08781079
0.10842644
-0.00878335
0.15102701
0.15502067
0.03491666
0.15951598
-0.00931752
0.09165274
0.04720208
0.21274374
0.14485720
0.09383272
0.17103750
0.14249694
-0.04731988
0.06481269
0.03881677
0.08670004
-0.04972646
-0.01206087
-0.08154928
0.04808450
-0.11929333
-0.13196468
-0.23470021
-0.16719978
-0.16904873
-0.29489508
-0.31742522
-0.36236771
-0.34412775
-0.27798127
-0.28865021
-0.27512098
-0.28254672
-0.29111990
-0.22815453
-0.26860142
-0.24869177
-0.14058081
-0.10616046
0.03020773
0.04708663
0.01764661
0.01596643
0.12720626
0.29345668
0.17620232
0.21344561
0.15587031
0.43071186
0.38270458
0.39382478
0.29083517
0.34750794
0.34263022
0.32822483
0.23311697
0.25019327
0.20722498
0.17176811
0.09835533
0.13178290
0.09489282
0.14659048
-0.03268361
0.08704386
0.02194988
0.03215561
-0.02905237
-0.11303669
-0.15718921
-0.07300901
-0.13501828
-0.04802290
-0.13989845
-0.10938682
-0.02725177
-0.18373935
0.01474947
-0.16520698
-0.09791498
-0.05381437
-0.13301670
-0.19292789
-0.09816884
-0.03661565
-0.03519230
0.01712650
-0.01842456
0.00312417
0.03046527
-0.08619602
0.01988250
-0.01656388
-0.02370408
-0.09953989
-0.02177855
0.03832735
-0.06122543
-0.07486961
-0.04704210
-0.00402896
0.02017225
0.00153574
-0.05321193
-0.12840523
0.02295530
0.04397789
-0.04542778
-0.00079531
-0.01022801
-0.00608574
0.01687301
0.00619268
0.01913518
0.00465749
-0.06389972
-0.01469802
-0.02945419
-0.06400500
0.09181391
-0.03907457
0.05488202
0.03159914
0.04950975
-0.01005017
-0.06082102
-0.04829514
-0.06584516
0.00517266
0.02457186
-0.01055150
-0.03431776
-0.00379538
0.06280223
-0.09230932
-0.01450161
0.02756617
-0.03570115
-0.09420941
-0.07806404
-0.11143106
-0.00394408
0.06917805
-0.04930084
0.01540005
-0.11778444
0.04643524
0.09963674
0.01765765
0.03237786
0.01030291
-0.01135148
-0.04560216
0.01613309
0.01254948
0.04540028
0.07954419
0.00362285
-0.06950899
0.03231457
0.04405344
0.00326989
-0.00495281
-0.04339897
0.04183434
-0.04171098
0.01286546
-0.08206926
0.07076333
-0.06593698
0.00869159
0.06298558
-0.06521563
0.00068521
-0.00144234
-0.00277281
-0.12098701
0.06145748
0.09793586
0.02988453
0.00492639
0.07726977
-0.05865148
-0.01033860
-0.04342314
0.03424485
-0.03172571
-0.06335584
-0.01692611
0.02011387
-0.07514349
-0.01547774
-0.02070786
0.03325976
-0.03661245
-0.06650534
-0.12540901
-0.08379486
-0.12291910
-0.07355995
-0.15763666
-0.06381075
-0.05600014
-0.02807944
-0.00221592
-0.07141039
-0.06924995
-0.10226965
-0.16956257
-0.13796564
-0.06758178
0.03384932
-0.02676338
0.09720836
0.03324509
0.14057850
0.19282434
0.22958990
0.08925749
0.14690375
0.09726132
0.04387467
0.20946853
0.07813912
0.18566778
0.09913247
0.04974097
-0.04941316
0.11683844
0.04951816
0.02938354
0.04427028
0.07823914
0.11103416
0.04144685
-0.02591420
-0.03169745
-0.01326830
-0.14105709
-0.12792228
-0.01386403
-0.09981089
