0.21745563
-0.27650146
-0.00134896
0.01174328
0.05278375
-0.17302672
-0.02388765
0.06377927
0.12612094
0.05330132
0.18493221
-0.03802003
0.05746649
-0.02570696
0.07096633
0.06079634
-0.08676160
-0.14290000
0.03882700
0.14855142
0.01573573
-0.01087085
0.00093894
-0.06909285
0.06951685
-0.08630713
0.13098647
-0.02496687
0.26108360
-0.07178695
-0.03070544
0.02439156
0.06172116
0.14447951
-0.05593143
-0.30105770
0.08558267
-0.10196857
-0.10346023
0.15638117
0.06171613
-0.21516353
0.02666533
-0.09119485
0.06665437
0.17340467
-0.08419417
0.14857865
-0.09370728
0.03392302
-0.00943683
-0.04721212
0.04182120
0.10183161
0.09828393
-0.15033132
0.09076451
-0.01322758
0.11677820
-0.01056633
-0.13148620
0.04632714
-0.03798936
0.08789827
0.09702322
-0.06176672
-0.03641063
0.11268366
0.12428549
0.17830113
0.01387268
-0.11319184
0.07382008
0.05518353
-0.22217076
-0.12989382
0.00585252
0.10646330
0.01075890
-0.15730866
-0.05188166
-0.09647116
0.04267753
-0.00206006
0.19510397
0.07305191
0.14106621
-0.05456419
-0.19255630
0.11879619
-0.01448042
-0.10878426
0.03114190
-0.17650880
0.23406521
0.11451199
-0.03934304
0.08630111
-0.14371184
0.12248388
0.11688840
-0.03187739
0.09407063
0.11960251
0.03410751
0.08974751
0.03361244
-0.01187263
-0.01743269
0.07760215
-0.10604975
0.14191571
-0.10073438
-0.03668582
-0.02453160
-0.04768393
0.04339207
0.00222490
0.31423408
-0.01330842
0.02192374
0.00377968
-0.21604959
0.03074507
-0.03056690
0.02934419
-0.20060947
0.16521541
-0.05674169
-0.11849794
-0.15510654
0.16095631
0.00659677
0.10365134
-0.10788788
0.14488706
0.10916701
0.08001235
0.05197086
0.26306760
0.00269954
0.08953590
-0.03257091
-0.16115006
0.08696117
0.09871992
0.20708320
-0.02421811
0.08960303
-0.06569370
-0.03725853
-0.11727944
-0.10934904
0.01511834
-0.20710263
0.21197800
0.06323112
0.03978935
-0.15095006
0.12878346
0.24321405
-0.01525167
0.21575031
-0.12576249
0.07363715
-0.06164147
-0.01392705
0.02627069
-0.01919424
0.20601018
-0.08073352
-0.06665944
0.01535611
0.01440811
-0.08256420
0.27885225
-0.02608939
0.17070722
0.15801971
0.02371688
0.22693518
-0.10968746
-0.14289951
-0.02930282
0.11395276
0.05967342
-0.10181581
0.09289622
-0.15386162
0.08381842
0.01185923
-0.04715558
-0.08107725
0.17031068
-0.01080973
-0.03799883
0.02713820
-0.06144435
0.03625194
-0.17938014
-0.18892769
-0.04599298
-0.08858108
0.23453475
-0.05732619
0.02696901
0.03448748
-0.13782450
-0.24771692
-0.06970869
0.02694554
-0.14108542
0.01370918
-0.03719960
0.13047130
0.01735038
0.15321944
0.07912051
-0.01545357
-0.05687597
-0.08914366
0.17382775
-0.19331649
-0.08701713
0.11127306
-0.06027869
0.08502968
0.00913225
0.01700476
0.03597773
-0.19520747
0.00808605
0.03541717
-0.05916400
-0.01527650
0.12273828
-0.18890969
0.10138669
-0.03250835
-0.09041885
-0.03567916
-0.08896212
-0.18677018
-0.06784938
-0.00219396
-0.27008275
0.13749401
-0.09150731
0.05439136
-0.04513423
0.05062960
0.29810340
-0.03709543
0.03469350
-0.05002677
-0.04153228
-0.06510256
-0.19370166
0.05594633
0.03064942
0.15479443
-0.03545670
-0.07748031
-0.00205238
-0.21321683
0.22636670
-0.02195375
-0.01956722
0.04873261
0.01100204
-0.15807686
0.16523879
-0.09268727
0.15341527
-0.09476584
-0.03583855
0.02765042
0.11493604
0.08597072
0.01058571
-0.00822407
0.15331251
-0.02974630
-0.09224320
-0.09460758
0.05222490
0.24657142
0.09922986
-0.01666990
0.12902358
-0.13665089
0.14366536
0.02080728
-0.06106722
-0.07856970
0.25567535
-0.01344354
-0.02854870
0.06285414
0.25479800
-0.04360665
-0.03368914
0.18582024
0.08039682
-0.13429817
-0.13995101
-0.06465900
-0.00247141
0.27898296
-0.08290652
-0.15838461
0.19634735
0.07249045
0.09290988
0.20537859
-0.18408927
-0.19747409
0.04007072
0.13406750
0.15839782
-0.23847367
0.23120980
0.19947527
0.01784421
0.02757648
-0.09890018
-0.04568847
0.01213233
0.32237647
-0.09417245
-0.18800626
0.02260284
-0.11160417
-0.00566878
-0.00313181
0.06063921
-0.01946578
-0.05751082
-0.29004164
0.11857869
-0.02934746
0.24102511
-0.10991582
-0.09019064
-0.05905352
-0.00255119
0.11675096
-0.07605985
0.10030828
0.15897449
0.15016081
0.07922293
0.19361853
0.12218968
-0.05474148
0.00959376
-0.08199118
0.01862596
0.01917750
0.09867302
0.04531053
0.10566061
0.06120594
0.06686681
0.01391361
-0.13997240
-0.25328312
-0.10476831
0.11919785
0.06243938
-0.08232824
0.09394154
0.18889991
0.01085756
-0.06395579
-0.05591379
-0.06006288
-0.02731793
-0.00699409
0.04824270
0.17951214
0.12429396
-0.12831215
-0.09789457
-0.16597094
0.01053346
0.00306112
0.02181348
-0.02497589
0.17113585
-0.16478347
-0.09082278
-0.04582321
-0.00208547
-0.08962264
-0.06212688
-0.05350057
0.02895770
-0.02183068
-0.10133984
-0.16694763
0.00094743
0.07064437
-0.05952840
-0.01805587
-0.03525385
0.09546149
-0.14098328
-0.00697988
0.02850624
-0.09515312
-0.03849180
-0.09340672
0.20214784
-0.10863480
0.16041657
0.12293253
-0.06482276
-0.00207716
-0.02630242
0.08006939
0.02998245
-0.21398467
-0.04014172
-0.13318362
-0.09501424
0.16256310
0.24805372
-0.12746201
-0.03035942
0.19975776
0.07265716
0.08531390
0.06027252
-0.02739056
-0.01518083
-0.25624723
0.04817888
-0.16615967
0.05405947
-0.07375745
-0.07870160
0.02296866
0.17801009
0.01995471
-0.14108942
-0.00460882
-0.04055005
0.02881553
-0.00874556
-0.20478214
-0.11523608
-0.02605244
0.05376908
0.10452250
-0.06436978
0.00096075
0.20901271
-0.05369578
0.12225286
-0.02044037
-0.03381255
-0.08179441
0.04985345
0.00301776
-0.16919189
-0.10533098
0.00405343
0.11808699
-0.09063193
0.05951686
0.17216161
-0.25394168
-0.10269057
0.15717529
0.16290899
0.03503407
-0.14988522
0.21661880
-0.33794856
-0.08181817
0.30230750
0.00274726
0.02301221
0.20895986
0.16009404
-0.03368108
0.07960142
-0.06508069
-0.02986882
-0.15499064
0.00953647
0.06141045
0.15495224
0.06918467
0.07751563
-0.05731112
0.09869457
-0.23093687
-0.23427704
-0.19149422
-0.11485940
-0.02684517
-0.05755988
-0.10826271
-0.06550186
-0.16424253
0.03424824
-0.17624564
-0.02197801
-0.10684062
0.25029559
0.01593471
-0.21582590
0.25715850
0.12509884
-0.09612929
-0.07840428
-0.01685503
-0.09821026
-0.16326041
0.10842027
0.01655154
-0.03076484
0.02998350
-0.03827741
0.01911114
0.01710272
0.03988352
0.12539270
-0.17694552
0.04330500
-0.07215509
-0.19183919
-0.01054951
-0.11571616
0.09178444
0.06590517
0.12255083
-0.17828267
0.20449924
-0.25961260
0.06167303
0.11229439
0.04057674
-0.12034301
0.07972497
0.25345375
0.01184016
0.08873313
-0.03405241
0.08978001
-0.23579734
0.10989997
-0.03887945
0.07899011
0.10540208
-0.07851847
0.21506189
0.08284454
0.02793963
0.09777385
-0.05165980
-0.06732184
0.14979666
-0.05716871
-0.06497291
-0.00425594
-0.07785940
-0.24185586
0.01322333
0.07748555
-0.11300936
-0.17705520
-0.02489765
0.26178220
-0.22742614
0.04581107
0.00226593
-0.16090574
-0.11795314
-0.15592922
0.06566421
-0.03237228
-0.08785487
0.01929348
-0.06479470
0.23926453
0.11475902
0.13215936
-0.06928569
0.12400768
0.08230193
0.15358443
-0.09703155
0.04640469
0.03661834
0.11654452
-0.13487775
0.13044842
-0.22961792
-0.13509565
0.13043907
-0.05995121
0.03777120
0.09147229
0.03177827
0.12794751
0.05498339
-0.15287977
-0.11543746
0.10831252
-0.03392263
-0.13692162
-0.08670700
0.00905009
-0.02883325
0.01838696
0.01145051
-0.03715064
-0.00629819
0.07886877
0.09892149
-0.00784247
0.08476864
-0.01284491
0.16782787
-0.08331575
-0.15633592
0.24327783
0.04030209
0.02729307
0.03091914
0.04561976
-0.05943046
-0.06895548
-0.08210795
-0.05619151
-0.11638499
0.03129808
0.11851338
0.03372375
0.06488342
0.26740423
0.12708089
0.32651830
0.15512739
0.12622076
0.27121201
0.02989976
0.02964294
-0.02174447
-0.09270887
-0.05816987
0.19493569
-0.09773143
-0.06518036
0.07719013
-0.11140824
0.14607191
0.08570735
-0.07704266
0.02315640
-0.06436545
0.10490451
-0.02478067
-0.14262491
0.00514975
0.21953504
0.07328698
0.07297778
0.06731605
0.01283633
0.18492049
-0.01796521
0.06659385
0.08913974
-0.04185488
0.02838536
0.05655793
0.21676232
0.00996937
0.13146611
-0.09845049
0.04306775
-0.09360064
-0.10699609
-0.11875540
-0.05067011
-0.25632498
0.14964213
0.14198210
-0.30349564
0.13466472
0.07637818
0.10951374
-0.17424720
-0.05616913
0.07964778
-0.06038472
-0.00598826
-0.22108752
-0.12401863
0.14969331
-0.11994373
0.18771955
0.04333229
0.09814889
-0.24527528
0.00119599
-0.02696278
-0.03654496
-0.08909013
0.22532018
-0.16352695
-0.09925767
-0.00380735
0.11078765
-0.08569026
-0.18459776
0.03947275
-0.05596463
-0.15951789
0.04066825
-0.21563828
0.02545987
0.16351005
-0.01709373
0.13229727
0.04258167
-0.03959504
-0.16021746
-0.08057656
-0.01126960
-0.04138224
0.03154557
0.04293880
0.11068882
-0.09423703
0.14912500
0.09561142
0.00014303
-0.07521177
-0.13439708
-0.03925570
0.03838772
0.07563723
0.09666297
0.02238037
-0.05333324
0.05311259
0.04610319
0.26362976
0.15318335
-0.12469620
-0.11093635
0.01925168
0.07922059
-0.00367398
0.25108022
0.05456788
-0.00643448
-0.24268292
0.01756702
-0.00122421
0.07438743
0.27687582
-0.16644809
0.19597810
-0.01959927
0.11686599
0.06895188
-0.06561773
0.33919681
0.02344858
0.00805444
0.20812814
-0.00255177
0.15363265
0.09418146
-0.18675668
0.08068774
0.05513172
-0.10450272
0.12846053
0.02974865
-0.09679180
-0.06513539
-0.11434614
-0.02420681
0.07665615
-0.07532205
0.18904380
0.27537698
0.07803895
-0.14607568
-0.03020981
0.02768670
0.01903246
-0.06481071
0.05693203
-0.08783325
-0.00489254
0.05032742
0.05978538
-0.06817012
0.23102345
-0.13134764
-0.33022113
0.12822121
0.17939384
-0.06402543
0.02542118
-0.11906054
0.07740501
-0.03347211
0.03653866
-0.14066593
0.12707074
-0.10167486
0.08883786
0.06552146
-0.12434596
0.09978095
-0.02921494
-0.13591527
0.10426615
-0.04137787
-0.07855900
-0.04616581
0.09670967
-0.05463511
-0.06094644
-0.01069969
-0.23334708
-0.31050119
-0.14789204
-0.04778814
-0.15779317
-0.10476642
-0.17325905
0.22442694
-0.04792556
-0.03434568
0.12474593
-0.02611631
0.10420665
0.02801025
-0.07384827
-0.01535128
0.00271969
0.13712333
-0.03332794
-0.06993718
-0.01691772
0.03690881
0.02468940
0.03119675
0.03183296
0.08809923
0.16408489
-0.08960969
-0.21906513
-0.01720909
-0.02884765
-0.00246338
-0.00912633
0.23611854
-0.06840082
0.14522481
-0.11595741
-0.20677143
0.24813164
0.25160561
0.18862954
0.10496511
0.11415453
-0.10645975
-0.07768686
-0.03795112
-0.11268368
-0.16935038
-0.03860663
-0.01213343
0.03603093
0.13422932
-0.04802471
-0.06803971
0.09917022
0.05704065
0.04168123
-0.00777083
-0.19496950
-0.07599306
-0.02453322
0.05349740
-0.01263508
-0.07974794
0.04742379
-0.12794242
0.04727186
-0.07941904
-0.02821491
-0.12382675
0.05056133
0.05709373
0.17403844
-0.06169521
-0.09517896
-0.03519142
0.03257041
-0.00960890
0.00315287
0.14188854
0.01515497
0.19007597
0.03358297
0.09047061
-0.11325423
-0.07293721
-0.10957768
-0.00711238
-0.03470159
0.06034278
0.03446758
-0.04539042
0.06498554
0.09976585
0.06116609
0.01337015
0.03421543
0.08080197
0.15909206
-0.08852068
0.14659434
-0.17737986
0.36925326
0.00150129
0.08657987
-0.02005479
0.00578152
0.02088249
0.03873024
0.12952702
0.17936358
-0.00561941
0.34662644
-0.00891624
0.02490633
0.00639778
0.21812956
0.22931184
0.12644933
0.06768086
0.25558048
0.10078480
0.30578505
0.10957745
0.07141192
0.02037372
0.07589099
-0.10738999
0.16555099
0.05803672
0.21968574
0.09250747
0.13123575
-0.00329975
0.12746422
0.13636637
0.02600327
0.09423297
0.13185757
0.15821065
0.09354724
-0.13244290
-0.29281938
0.10314350
-0.02985006
-0.11458898
-0.05663613
0.02150360
-0.07763291
-0.04939020
-0.01226258
0.01782637
-0.12439741
-0.00564272
0.11270263
-0.31010657
0.06920106
-0.01717618
-0.01714649
0.01854263
-0.22843283
-0.02998601
0.17429511
-0.22609214
-0.03427409
-0.07886092
-0.08853682
-0.01751497
-0.08671584
-0.20286905
-0.19225444
-0.56041994
-0.28077993
-0.60239914
-0.37971968
-0.33497575
-0.40801145
-0.62883699
-0.67909599
-0.62849531
-0.70031576
-0.48014255
-0.39829739
-0.45886445
-0.35962752
-0.15120143
-0.37654616
-0.10144251
0.11936613
0.23120248
0.39938190
0.51672445
0.50995806
0.63516702
0.79915591
0.86740938
0.80249858
0.80317450
0.97556130
0.98038023
1.00824360
0.84910107
0.87631291
0.91581901
0.96628370
0.71589513
0.70790477
0.72970538
0.56227680
0.57155944
0.30755539
0.18894137
0.07248085
-0.11938203
-0.30669872
-0.20647701
-0.28986672
-0.25367861
-0.34084808
-0.48557131
-0.58744884
-0.57017003
-0.63538032
-0.44874854
-0.60177421
-0.52963982
-0.57732992
-0.67530412
-0.42816348
-0.44447043
-0.37596127
-0.28334555
-0.19769526
-0.36815396
-0.26257077
0.02386700
-0.16158774
-0.07670325
0.18844334
-0.02375358
-0.13343534
-0.04101444
-0.33680176
-0.00598362
0.01827758
-0.01216749
0.15202584
-0.03767847
0.05162667
0.11323216
0.10197293
0.02160019
-0.06173977
0.02683989
-0.12295736
0.03357539
0.07792338
0.17224206
0.06422304
-0.01974295
0.07561205
0.20913206
0.20389136
0.13915886
0.09541649
-0.05273442
0.20697161
-0.04591731
0.06534425
0.09463451
0.07371169
0.02541539
-0.08650191
0.07624468
-0.07555470
-0.06412803
-0.12089877
-0.07651495
-0.02421550
0.01017184
-0.11999240
0.08102330
0.05452485
0.01103961
-0.00463787
-0.08338385
-0.02404220
-0.14895818
-0.00266416
-0.09349502
-0.02874010
0.00778101
0.02365715
-0.08257969
-0.00515846
-0.08462993
0.03811472
0.27122171
-0.09016651
-0.02235221
0.02307925
0.23929190
0.12954177
-0.09502066
-0.09920390
-0.09168351
-0.02377435
0.11878296
-0.06924183
0.21101912
-0.12613997
-0.15689690
0.13747984
-0.23595913
-0.00937860
-0.16829223
0.01844818
-0.19911579
0.02087554
-0.12357902
-0.08636657
-0.09772622
0.07392270
0.09314777
0.09683451
-0.08986050
0.05503822
-0.16862889
0.03389959
-0.02868826
0.16468019
-0.14265334
-0.14131671
0.08733199
-0.08502225
-0.00633050
-0.01671641
-0.01588037
-0.07825826
0.09042110
-0.08818167
-0.11030440
-0.13694300
-0.13724531
0.05331347
0.13447550
0.10757717
-0.18356944
-0.15650394
0.11663764
0.13031621
0.15269644
0.06504386
0.06753200
0.25523187
0.12224463
0.12819137
0.07135518
0.03070242
-0.10154056
-0.02606088
0.10091974
0.03972083
-0.01993674
-0.14757081
0.11559963
0.11534655
-0.00662662
-0.05795243
-0.03296874
0.12910076
0.14796738
-0.07729971
-0.02998847
0.10244568
-0.14894181
0.02698157
-0.01997078
-0.10906432
-0.16219831
0.19823973
0.05626537
0.09244967
0.17419448
0.02287885
0.06400753
0.19391016
0.14149744
0.12762164
0.23573615
0.38450938
0.22782308
0.28295735
0.00807617
0.19520591
0.09052497
0.07740555
0.16312388
0.02176032
0.04770534
-0.18792383
0.26281004
-0.15764257
0.04420048
-0.07324663
-0.19445989
-0.21330879
-0.24299821
-0.26761849
-0.21499292
-0.23381780
-0.17108472
-0.27164420
-0.14026298
-0.46009634
-0.21368478
-0.05987238
-0.03246076
-0.52918236
0.05186463
-0.23017739
0.00972365
-0.03169687
-0.06138350
-0.17273698
0.21951334
-0.04223593
0.25531528
-0.02532923
0.07776705
-0.02338472
0.01591901
0.39537027
0.11992503
0.13508724
0.07812611
0.25111552
0.15751168
0.11225060
0.15752132
0.16293786
0.06655780
-0.01699691
0.09316117
0.15185286
-0.03850264
-0.00771030
0.12904331
0.04402453
-0.01185816
0.16664702
0.00470649
-0.09645607
0.10592511
-0.01444228
-0.11189959
0.12974033
-0.17088728
-0.17784952
0.06297327
0.16713141
-0.15998866
0.01651676
0.13796015
-0.12422603
-0.09957200
-0.00262151
-0.05325607
0.04237257
-0.19296370
0.02441866
0.06559805
0.05817239
0.02712055
0.03112195
-0.10952648
0.07936034
-0.07245752
-0.07733404
-0.03572796
0.03225701
-0.02175652
-0.07990400
-0.00691513
0.02965359
0.10925910
0.18539424
0.11998223
0.21031849
0.12593379
-0.18515371
-0.08214233
-0.02713643
0.03409956
-0.01827115
-0.10307148
-0.17205921
-0.16063966
0.18344063
-0.14150308
-0.03813920
0.02719171
0.09143325
0.09426803
0.04743927
0.14488730
0.05636263
0.16194774
0.11617503
-0.02516154
-0.11929546
0.18298786
0.03949003
0.09741169
0.13415226
-0.10859838
-0.14751959
-0.01896158
-0.13031993
-0.08552814
-0.03044220
0.08315043
0.00450770
0.00328689
-0.07833724
0.09955432
-0.07285874
0.14241235
-0.20934514
0.20569486
0.06224112
0.00877788
0.10875484
0.12468157
0.07448460
-0.15999722
0.02922417
0.12623677
-0.02278691
-0.12618978
0.03170952
0.06311787
-0.03530360
0.05147743
-0.12834024
-0.02969843
0.14012703
-0.14120824
-0.11528341
-0.07017345
-0.06157037
-0.15297098
0.17289214
0.02174256
-0.07973244
0.10789959
-0.12057693
-0.04935590
0.08216262
-0.04968138
-0.10489340
-0.02599164
0.03333773
0.14343024
-0.16782119
-0.13180490
0.09220895
0.03967157
0.10114381
0.03726959
0.14720236
0.01603285
0.08560319
0.02418087
-0.05384298
-0.01351711
-0.24644178
0.18699696
0.16647890
0.01824973
-0.10944072
0.14424495
-0.00745024
0.02692121
-0.03433689
0.10576760
-0.03467284
-0.03176533
0.02045497
0.05980647
-0.11243331
-0.04813551
0.00906781
-0.08222543
0.16212923
0.02603977
-0.18432008
-0.03673070
-0.04407033
0.04463984
0.06103125
0.08638404
0.01454990
0.03065328
0.04615573
-0.19900875
0.18766715
-0.01496220
0.14781610
0.13501757
0.16743360
0.05459163
0.11955598
0.01233093
0.01689974
-0.02216842
-0.02430105
0.09859299
0.08392680
-0.18203472
0.23819312
-0.25944336
-0.06804638
-0.02110042
0.19332241
-0.23935674
0.02106357
-0.02571142
-0.04562211
-0.01123718
0.10344603
-0.04751960
-0.03044184
0.09087638
0.30850666
-0.07863928
-0.10441987
0.08198918
-0.00026674
-0.06918803
0.09411886
-0.04158275
0.07815868
0.23840634
0.08105674
-0.11311239
0.17114492
0.07931824
-0.04181183
0.01595388
0.15223089
0.01656632
0.16759672
-0.09679298
0.04093312
0.04481076
0.06213726
-0.07181592
0.11725058
0.07681499
-0.11547034
0.19843850
0.00305971
-0.13905020
0.02182400
0.03563991
0.05196218
0.04215173
0.14378863
0.07065533
-0.10120379
0.05565155
-0.03013004
-0.02677006
0.08538706
-0.09143889
0.20819513
0.02275122
-0.07219303
-0.22712406
0.05750006
0.12219520
-0.03805599
-0.20459737
-0.15229679
-0.05629998
0.19974901
-0.29632671
0.02783992
0.01618122
0.03209625
0.18426133
0.17972016
-0.05040103
0.17665459
-0.17964988
0.03623781
-0.07816649
-0.05576840
-0.05443545
0.02231532
0.15327696
-0.07496331
0.05769770
-0.04871560
-0.02398048
0.02148440
0.11640948
-0.28960264
0.02160471
-0.02133764
-0.04776966
0.13305866
-0.09192081
-0.05211012
-0.12060457
-0.00579959
-0.01845244
-0.09511691
-0.05176462
0.00580446
0.13899996
0.09079579
-0.06473309
0.25776047
0.05088211
-0.02637915
-0.15546564
0.03833983
-0.08266447
0.05909511
0.04718049
-0.04926083
0.05556631
0.07954998
0.04418940
0.15692576
0.02627085
-0.01232141
0.13486570
-0.03742365
0.18131016
-0.04525777
-0.08534367
-0.11009256
-0.10561860
-0.16394409
-0.04409991
-0.03609383
0.07418254
0.07279359
0.11112636
0.05903581
-0.27154905
-0.00812414
0.08155111
0.10191625
0.07476862
0.04615216
0.02110420
-0.15265262
-0.11184677
-0.09536188
0.12600545
0.06323161
-0.06366514
-0.04217040
0.17678077
-0.05791991
-0.13432252
-0.04178670
0.03367715
0.03916565
0.09690114
0.00651815
0.10281002
-0.03041806
0.24562641
0.22567832
0.02949841
0.12951397
-0.01129777
-0.03795374
-0.26203393
-0.22238702
0.09805299
-0.03785524
-0.09839436
-0.23081578
0.10679688
0.03124623
-0.01009392
-0.01853144
0.02241620
0.05421702
-0.00440245
0.06719908
-0.01675558
-0.01136870
0.01324608
0.28384064
0.15657054
0.02452094
0.03353721
0.09566528
0.05994979
-0.01208427
0.22409368
-0.01267684
-0.00891700
0.03819250
-0.05170591
0.07171044
-0.02517966
-0.12975940
-0.07499592
0.12424608
0.02854444
0.08020223
0.04367115
-0.08714329
0.11705613
0.22591287
-0.05817138
-0.02058662
-0.02770785
-0.10294435
-0.08366979
0.00126136
-0.17638727
-0.09352999
-0.10485476
0.03951917
-0.02739920
-0.26849962
-0.01418911
0.01244220
-0.02329343
-0.06113066
0.19605461
0.07025020
-0.29549614
-0.07143175
0.09586495
-0.09691776
-0.08577105
-0.06402359
0.15858872
0.03596050
-0.04799095
0.00510508
-0.06996653
0.17888333
-0.09102753
-0.18959775
0.10872068
-0.03852395
-0.08307969
0.06853676
-0.05787135
0.10714324
0.02728871
-0.15034321
-0.16899786
-0.03559209
-0.14780527
-0.19060127
-0.15275293
0.04946908
0.04269642
-0.03743330
0.05781908
-0.11869249
0.03020247
-0.07931563
-0.12779287
0.00273262
-0.04468729
-0.03898183
-0.00131999
0.07861033
-0.06884267
-0.07630027
-0.12673239
-0.06516600
-0.02604728
-0.09027019
0.12334374
-0.25879385
-0.03590211
-0.22468485
-0.16730714
0.14110077
-0.15546104
-0.09110215
-0.21737775
0.08887668
-0.02563391
-0.06331661
0.04227067
0.08815827
0.13119619
-0.08575155
0.05330980
0.16116930
0.00032473
0.07467336
-0.01872960
0.03225884
-0.07264823
-0.06980489
0.19800693
0.04914890
0.08054705
-0.04487451
0.03566225
0.00747612
0.15912851
-0.13852435
-0.08813058
0.00343568
-0.08595584
0.00109188
0.02844164
0.06600534
-0.20502009
-0.10205865
-0.08787068
-0.06604666
0.06507700
0.09294253
-0.13021923
0.00037212
-0.16309091
0.13590386
-0.08313245
-0.08834543
0.12905431
-0.01572650
0.05245184
-0.07176319
0.06435401
0.06984805
0.01289036
0.11593582
0.01819379
-0.02786075
-0.13733035
0.03518284
-0.15630312
0.02231136
0.00992411
-0.18899934
0.10910527
-0.01495156
-0.21245649
-0.16329303
-0.07731709
-0.13077769
0.02586635
0.12162664
-0.23368168
0.08403929
-0.06979588
0.09046614
-0.13683841
-0.01188670
-0.24276142
-0.13211883
-0.04490571
0.09052357
-0.06120314
-0.11485510
-0.19885776
0.02535061
-0.03009906
0.17292782
-0.07499797
0.12344144
0.03305564
-0.05692723
-0.10208178
0.03127209
-0.05703689
-0.20497662
0.17858975
0.29870201
-0.11305294
0.05353749
-0.16452481
-0.09606569
0.02673670
0.08193774
0.16818683
0.09661999
0.05679720
-0.08728534
-0.07644746
0.18759421
-0.15520929
-0.01834710
0.00594558
0.21692437
0.14652120
-0.08113171
-0.08007067
0.11793122
0.19234903
0.16957768
0.01070195
-0.08806875
0.35627789
-0.02725212
0.02252255
0.12633138
-0.31293704
0.12708767
0.15309785
-0.01995210
-0.17219766
0.21890667
0.05292846
0.10557010
0.23137156
0.00420045
0.04559973
0.04916621
0.01156548
-0.07795513
0.02642660
0.09531338
-0.06926173
-0.10412244
-0.09447400
-0.06718727
0.00395831
0.10022148
0.14309997
-0.08196622
0.12787981
0.08416097
0.13154552
0.15639362
0.01712126
0.04053878
0.06221437
-0.04043862
-0.07790933
0.11180955
0.01343340
0.19583364
0.15708842
0.07820966
0.08679505
-0.08520617
0.02410305
-0.07952453
0.05869477
0.01128110
-0.15692644
-0.11553874
-0.00635306
0.01197675
0.05691757
-0.15439113
-0.01103490
0.11621734
-0.02113640
0.21598763
-0.02291668
-0.07700485
-0.01925095
-0.03751317
0.26159730
-0.22165219
0.07078341
-0.00061017
-0.07890471
-0.08637722
0.06850209
0.14900164
-0.15435567
0.07983277
-0.24416476
-0.00199132
-0.11442510
-0.10221790
0.08828917
-0.14614150
0.16359521
-0.09660883
0.00257099
0.17887898
-0.00069096
-0.04903173
-0.10502774
-0.10536096
0.09983505
-0.17826718
-0.12643030
0.02746917
0.04030381
0.01881824
0.08326054
0.07104187
-0.09122770
-0.28425764
0.02828176
0.04014333
0.08979528
0.03036704
0.27185316
-0.13162978
0.19267787
0.00997812
0.13149444
0.18298483
0.11546821
0.00845377
-0.08971995
0.02797664
0.01020016
0.07950501
0.04961546
-0.19433983
-0.12665039
-0.07112291
0.20445388
0.11800037
-0.13351619
-0.09183753
0.13189248
0.02624086
-0.03735774
0.09067676
-0.01517187
0.11818228
-0.05850707
-0.05434818
0.14253860
0.03457921
0.03611098
0.11736275
-0.06211047
0.20308933
0.06535300
0.09445629
-0.14730389
-0.00642257
0.02820919
-0.08257162
-0.22689295
-0.11705848
0.10900073
-0.02738421
-0.00069204
0.04500693
-0.08434332
-0.04074087
-0.03975258
0.10821627
0.00738759
-0.14074285
-0.00905999
-0.16841744
0.04352899
-0.01344437
