0.49194457
-0.15088581
-0.08316251
0.02542406
0.21702548
-0.09089256
0.21739357
-0.12754108
0.31853133
-0.28344263
-0.05626845
0.03965135
0.12093156
-0.13573796
0.15764907
0.22738477
0.21988223
-0.15930192
0.31679631
0.07807558
-0.41301128
-0.13624313
-0.35901717
0.16495859
0.05019744
-0.21434045
-0.01241173
-0.08835723
-0.17684146
-0.13093149
-0.59240813
0.00415875
0.08422099
-0.45736483
-0.06716290
0.39933067
-0.05487895
-0.10219699
-0.09550635
0.05266152
-0.00445848
0.24381532
0.19429667
0.36420800
0.14106218
0.13949901
-0.03810442
0.19692300
0.22297464
0.16278194
0.22984349
-0.24828718
-0.04352951
0.13341981
-0.31921419
-0.04053842
0.19231802
0.06440814
-0.13010989
-0.14638623
0.20604499
-0.03672344
0.11673509
0.01519665
0.40444337
0.04598876
-0.04896768
-0.24605070
-0.19331311
0.24950085
-0.26797139
0.52063808
0.14055671
-0.09552715
0.17876799
-0.00032463
0.31420713
0.02832509
-0.08963367
-0.32030966
-0.06169030
-0.06621733
0.12937525
-0.26310485
0.04228476
0.27011455
-0.07769626
-0.28179666
0.26845328
0.05009474
-0.34853204
0.20706004
-0.02215516
0.18094483
0.06795824
0.22018876
-0.21722292
0.03934567
-0.04950518
-0.05375871
-0.57720573
0.20128314
-0.04147693
0.01543835
-0.02376553
-0.17047633
0.15755307
-0.17200991
0.25389881
0.01883933
0.00125858
-0.13427740
0.09263414
-0.06392351
0.11650015
0.07268457
0.01983089
0.17893373
0.10304650
0.40463028
0.02033783
-0.09174477
0.10958967
0.16579463
-0.17396954
-0.19553891
-0.03601919
0.04063484
-0.53877547
0.42991180
-0.06225537
0.23868557
-0.30798384
0.18745153
-0.15512585
-0.19354908
0.29700946
-0.12615440
-0.17336002
0.36613512
0.20915992
0.19106651
0.24276299
-0.12942851
-0.09813701
0.01477001
0.20011906
0.06425908
0.14510152
0.41187292
-0.06150870
-0.08474051
0.05069052
0.31368079
-0.15142268
0.24444174
-0.11010624
-0.27572326
0.04895154
0.04229179
0.03388503
0.06814508
-0.24722829
0.09645669
0.04269151
-0.09533045
-0.16042708
0.19400704
0.31648906
-0.14934172
0.11763382
0.06148055
-0.04729257
0.14584356
-0.02200395
-0.01815734
-0.43517321
-0.17372795
-0.09673789
-0.24183161
0.04387050
-0.08961454
-0.38769391
-0.18243169
0.45718087
-0.06479124
-0.11852575
0.38956608
0.02595288
0.18194140
-0.14283848
0.04125087
-0.06207528
-0.07519677
-0.02454049
0.21066812
-0.25960328
-0.18636723
0.00440384
-0.30573824
-0.04070839
0.20543814
-0.15129886
-0.08317126
-0.58602922
0.46674994
0.11601894
0.13797622
-0.19946236
0.22854167
0.05222805
0.13354421
-0.21455249
0.25626107
0.01951527
-0.03590537
-0.00946528
-0.01508852
0.31422532
-0.19827800
-0.23979162
0.02370959
0.12049486
0.09126072
-0.04993813
0.02463850
0.36554514
-0.20511305
-0.07393338
-0.01004743
-0.29999332
-0.11088799
-0.19774759
0.26690484
-0.12829832
0.37530690
-0.19847170
0.26343135
-0.28415740
-0.22213966
-0.13889521
0.28583950
-0.15433327
0.26942176
0.22873735
0.09719545
0.06754581
-0.20178578
0.18402980
-0.29674014
-0.25952666
-0.38042642
0.17810436
-0.17858300
0.14887267
0.25892001
-0.49855107
0.50799405
-0.11805379
0.09745589
0.00475546
0.17180468
-0.62425055
0.21011865
0.45659645
-0.18373407
0.14415852
0.39434938
0.19346921
-0.26821685
0.29699142
-0.24002116
-0.11619664
0.10685801
-0.08499436
0.01877814
0.41046707
-0.19133556
-0.26580185
0.07831676
0.12451240
0.39244324
-0.04999303
-0.13646803
0.23470227
0.14585671
-0.01306858
-0.03621565
-0.09032987
0.13882549
-0.14272403
-0.00867391
-0.26585113
0.20109511
0.04678458
0.06598017
0.34003180
-0.22426776
-0.04261202
-0.00167339
0.03885770
-0.06570408
0.22418271
-0.25043427
0.21891099
0.04712043
0.53412066
0.05817489
-0.11051782
-0.00457975
-0.38515438
0.01723072
0.07766735
0.27141133
-0.05319322
0.15192389
-0.07111228
0.51430264
0.12540287
0.37320747
-0.10456355
0.18789131
-0.12876206
-0.42431978
0.00444171
-0.02387092
0.12462353
0.18372074
-0.18419598
-0.45476924
-0.20354656
-0.05152290
0.39623083
0.21483751
0.33199693
0.03312407
-0.11071260
-0.32823932
0.12423171
-0.17366977
0.21570797
-0.08159121
0.22086794
0.14422447
-0.08423512
0.46646965
0.06208053
0.19272750
-0.23813762
-0.01652921
-0.11884368
0.13610687
-0.09927136
0.00383232
-0.06648309
-0.17224567
-0.34978922
0.16784805
-0.11205385
-0.49838390
0.27548802
0.17693264
-0.24897824
-0.03629356
-0.01700794
0.06837979
0.00543741
0.05294455
-0.07430384
-0.40023867
0.00311192
0.20229879
0.10874001
-0.06623463
0.02144588
0.60538686
0.09075681
0.05745692
-0.23147070
0.03252901
0.17929347
0.03090309
-0.08771707
-0.29150485
0.39018639
0.16795352
-0.06808894
-0.16249198
0.13157027
-0.16695485
0.12870483
-0.03942663
0.10033688
-0.20092522
0.16849273
0.47673098
-0.29619086
0.09783884
0.27598219
0.04432975
-0.17715595
-0.07391170
0.08611356
0.02567340
0.18644167
0.04244690
0.13795379
0.18150499
0.01428478
-0.10340450
0.11612507
-0.51562277
0.48004668
-0.14735992
0.20033292
-0.15888340
0.04149685
0.19529018
0.09675824
-0.16392910
-0.27304002
-0.10676354
-0.02051931
-0.31145577
0.26511409
-0.15837617
0.22883202
0.16208771
0.05970052
0.21837737
0.14510850
-0.15121724
-0.08734589
-0.13293317
0.01755500
-0.01820257
0.06776832
0.12942152
-0.20139983
-0.10637081
0.12612675
-0.09372231
0.32026903
0.18981754
0.23711883
-0.09308075
-0.18585278
0.08801311
0.06180491
-0.39577038
-0.09957163
0.31994795
-0.12840261
0.27209427
-0.19280815
-0.01441154
-0.11066699
-0.34022297
-0.00055081
-0.22712666
-0.44684046
0.06028495
0.05332561
0.22856446
0.20004129
0.08636466
0.09957751
0.52958093
-0.49772555
-0.17720108
-0.25189020
0.07755666
-0.12866852
0.24239247
0.12947785
0.17875088
0.31919076
0.48905281
-0.01027639
-0.12722312
-0.03364850
-0.26360602
-0.10778645
-0.21286028
0.21622581
-0.18634853
-0.41233665
0.15668646
0.21108459
0.39392894
0.07466861
-0.19528014
0.43158971
-0.06806330
-0.25725448
0.05240018
0.09889830
-0.10863306
0.20934105
0.07780315
0.30401544
0.30511540
-0.07697592
0.02812111
-0.21891344
0.16982202
0.20623231
-0.20705947
0.16320982
-0.17598518
-0.21852831
0.22405299
0.03799078
0.07989192
0.04085164
-0.36900615
-0.08563432
0.00304284
0.01475617
0.32365285
0.28123175
-0.11777025
-0.05314619
0.31060167
-0.37356973
-0.10194648
-0.02785119
0.21863460
0.10064886
0.03890547
-0.05732004
0.12657851
-0.23347662
0.31827423
-0.09128923
-0.65927729
-0.40846171
-0.22447468
0.19695261
0.11084055
0.22787875
0.53364553
0.10810575
0.00734383
0.01885556
0.02925853
0.29911665
0.38905876
0.02608738
0.10473379
0.08062141
0.43739482
0.51521209
0.19330159
-0.23722874
-0.11286614
0.29273514
-0.43201542
-0.11430780
-0.18471835
0.06036432
0.10592239
0.10790841
0.44929074
-0.00934953
0.20782381
-0.09245409
0.13928966
0.14182813
-0.05637769
-0.37476779
-0.01502780
-0.51992721
0.00703061
-0.09620250
0.22205730
-0.09021220
0.19126082
-0.22629077
0.51292111
-0.01939725
0.27961238
0.05163736
-0.14020820
-0.47844947
0.25784862
0.28102673
-0.22963287
-0.06700351
-0.15532711
-0.20028634
-0.11210636
-0.04283043
-0.15068186
0.11292074
-0.00703413
0.12090755
0.12214315
-0.09630132
-0.01377728
0.17346939
-0.17798984
0.09737182
-0.04305982
0.09466070
0.14113038
0.07673060
-0.12905824
-0.11570146
0.08326171
-0.27932109
0.10430060
-0.00784401
-0.06310858
-0.05113245
0.01848153
-0.25996686
0.14022378
0.04211840
0.41997797
-0.18323166
0.33843337
0.06042460
-0.22707042
0.11193088
-0.35701608
-0.14521991
-0.08697907
-0.14891725
-0.20608611
-0.03888751
0.29011492
-0.12779914
0.23001890
0.01865511
-0.17972046
-0.25723982
-0.13313645
0.05497654
0.19360484
-0.13944678
0.30390509
-0.06797341
0.30939942
-0.17172862
0.19116950
-0.00114175
-0.01400671
0.39234181
-0.21708581
-0.05692096
-0.13473934
0.01857554
-0.17420476
0.19653838
-0.02229043
0.00319087
0.18814800
-0.06498954
0.29243985
-0.03530168
0.19558950
-0.05715467
0.30190423
-0.05086462
0.00396339
0.06835839
-0.12909983
0.46047747
-0.03544066
-0.25463872
0.15698435
0.45565013
0.04359899
-0.38667059
0.10271191
0.04459155
-0.51017254
-0.13669455
0.29854161
0.43839944
0.05461854
-0.08138483
-0.35227023
-0.49437692
0.12636761
0.30830230
0.18530643
-0.18519196
-0.18044808
0.10123375
-0.17751448
-0.21927186
0.01940493
-0.28377380
-0.01834809
-0.31443843
-0.12900043
-0.28996512
0.06759397
0.30051557
0.25087865
-0.19706515
-0.09220749
0.67495442
0.20420191
-0.19676304
0.01754847
-0.06655797
0.23886951
-0.06648870
0.10947326
0.24788281
0.51490817
-0.33721037
0.34534416
0.02565421
-0.00745298
-0.02335180
0.31001147
-0.05884109
0.06587080
0.02200406
0.02813641
-0.07428385
-0.10538805
-0.05743511
0.16407382
0.02710271
-0.49994734
0.05429624
0.48729531
0.23635430
-0.08908083
0.06645893
-0.05703183
0.14014306
-0.15817211
0.35456088
0.03621385
-0.11244870
0.20063511
-0.04386647
0.06782327
-0.29269179
-0.01140982
-0.13731524
-0.02770953
0.02075244
-0.18792205
0.08549802
-0.21645502
0.13902155
-0.04908647
0.25146941
-0.12012286
0.23019392
-0.24246757
-0.33270333
-0.20785794
0.56978438
0.06037771
0.01494585
-0.06334442
-0.12746111
-0.02306138
0.05590617
-0.20489758
0.20723261
-0.20422971
0.01833268
-0.11425285
0.16261935
0.19459496
0.02974874
-0.03399996
-0.14035413
0.11521901
-0.03949967
-0.11654392
0.01422590
-0.00248920
-0.22336076
0.26379156
-0.42768585
-0.11212091
-0.10800700
-0.19699344
0.12556446
-0.09725820
0.08265136
-0.00890958
-0.16801099
-0.19878691
0.30535623
0.32805705
-0.19728437
0.21460139
-0.38376336
-0.29875878
0.03663889
0.10846213
-0.25020744
0.16337600
-0.09682109
-0.53393669
-0.24113154
0.12956717
0.52258517
-0.09704020
0.02504820
0.29594630
0.27786464
0.13904747
-0.11947729
0.27307607
0.07510745
0.50277862
0.34896219
0.31674224
0.37916315
0.08518733
0.33732388
0.17946943
0.33596501
-0.29457941
-0.08175861
0.09262928
0.04616913
0.13026107
0.15028494
0.10274516
0.35027879
0.29960211
-0.61470384
-0.32303877
-0.37283198
-0.32618839
-0.40901771
-0.81463455
-0.74915219
-0.81192028
-1.15175777
-1.31166618
-1.11780377
-1.62183157
-1.32401699
-1.26763982
-1.60254595
-1.45665484
-1.30553058
-1.50107034
-1.01470051
-0.53771017
-0.95743842
-0.03739456
-0.05012084
-0.34590905
0.28962150
0.64181315
0.56695053
0.73147837
1.47295706
1.56359076
1.56298212
1.80972202
1.82516786
2.21533388
1.44693809
1.50118109
2.10180286
1.85114992
1.74190761
1.46498986
1.47422445
1.20258991
0.79013740
0.67641148
0.75049201
-0.21116233
0.07629341
0.01794918
-0.19938454
-0.61852949
-0.53320554
-0.46621805
-0.71571907
-0.67720119
-1.05948811
-0.55369681
-1.10755348
-0.92819050
-0.37761081
-0.92131650
-1.03323561
-0.46167285
-0.60616325
-0.63160836
-0.33897428
-0.69177305
-0.07914084
-0.93014510
-0.08525270
-0.22074503
-0.01547366
-0.07897130
-0.26863907
-0.26792532
-0.21701706
0.35025748
0.03749566
0.14128585
-0.19074593
0.19269010
-0.05489243
0.68194912
0.54613804
0.68075070
0.19369777
0.44406486
0.24281403
0.17018097
-0.01947020
-0.08631573
0.26794632
0.13491058
-0.05109863
0.13233949
0.27692650
0.30523608
0.39717005
-0.23489763
0.01917263
-0.36990700
0.01641735
0.00641639
-0.33608368
0.32200942
0.33955021
0.00093828
-0.09456909
-0.23650037
-0.18677236
-0.16401043
0.02221650
0.00606908
-0.00066237
0.11267482
0.12119388
0.30322635
-0.12854504
0.25333435
0.16830792
-0.06828260
0.16533440
0.25832762
0.72557975
-0.48006966
0.11323517
-0.18606827
0.44518641
-0.08426523
-0.08401934
-0.47917245
0.16594847
0.07934136
-0.16462918
-0.03556190
-0.19150341
-0.47478149
0.26955874
-0.35971335
-0.08100833
0.11305897
-0.12380647
0.12966858
-0.00291755
-0.09633715
0.19772887
0.02302243
0.15198442
0.12005092
-0.13107600
-0.15172649
-0.15587362
-0.17013682
0.16027794
0.20591273
0.34461363
0.17839045
0.13188363
0.40178833
0.16170807
0.05478272
0.15130567
-0.14813673
0.14496953
0.05606713
0.23307450
0.29894547
0.42027182
0.10361085
-0.03252855
0.31450298
-0.14790903
0.00991701
-0.19935999
0.02146661
0.24650022
0.06867242
0.05119271
0.05501892
-0.08889562
-0.18753595
0.02395730
0.15785208
0.06540959
0.09228523
-0.15464434
0.25409812
-0.35244219
-0.14977191
0.28779621
0.44895605
0.16069881
-0.32308772
-0.11786846
0.22573203
-0.00206667
0.21353121
-0.23108633
-0.15904123
0.21656514
-0.06885760
-0.09329607
0.14270398
-0.02388273
0.14068844
-0.03719201
0.51029972
0.09738606
0.33279969
-0.28740998
-0.09278888
0.09569741
-0.17566605
0.00865159
0.23338077
-0.20347168
0.19015728
0.09000237
-0.55448177
-0.43272983
0.07896823
-0.21169714
0.09230853
0.27630465
0.18992591
-0.19556729
-0.00108703
0.24757673
-0.07601871
0.17189702
-0.20757569
0.09830922
-0.15676293
0.05831493
-0.20631874
0.14554776
0.03861764
-0.16621298
0.04743085
0.25092190
-0.13871677
0.01278216
0.06824570
-0.04997365
0.05710217
-0.39616014
-0.02394559
-0.15980336
0.10666242
-0.62295090
0.03341726
-0.17269574
0.12860702
-0.13081646
-0.15720957
-0.09179935
0.23770602
-0.58145996
-0.12772315
0.10277604
-0.01627415
-0.12047334
0.21491786
0.19634391
0.05117215
-0.11819629
0.13638055
0.07408152
0.36046248
0.10285724
0.18283848
-0.08117207
0.28220542
0.43350288
0.15400901
0.38995646
-0.07578296
0.04680687
-0.04451026
-0.00593723
-0.11972732
0.46036835
0.02534442
-0.20306538
0.06868534
-0.07002090
-0.27033126
0.08708195
0.19928171
-0.52290472
-0.30112983
-0.13512381
0.08147491
0.15367186
0.02098555
-0.29057689
-0.20761303
-0.00849931
0.04127165
-0.23653924
-0.04830731
0.14912374
-0.37308999
-0.14217342
-0.29432504
-0.26339465
0.12265240
-0.17223279
-0.14838598
0.02908963
-0.15425705
0.11657963
0.54798825
0.24655741
-0.14958394
0.11107029
-0.22824922
-0.26321559
0.28108694
0.26671376
-0.04571634
0.05007495
0.03604857
-0.21220400
0.31105871
0.14384986
-0.16989793
0.25744464
0.07987668
-0.00839903
0.02782088
0.22970848
0.37284848
-0.13561567
-0.45681536
-0.21793568
0.10814027
-0.01229254
-0.55577824
-0.12544252
0.11227679
-0.08473365
-0.10863390
0.15023242
0.06055112
-0.13812835
0.30109359
-0.25529285
-0.30150936
-0.11772887
0.00454555
-0.19725505
0.13924053
-0.06823306
0.07736783
0.13865335
-0.07803667
-0.01244489
0.14258867
0.03889368
0.10379287
0.28779043
0.73835791
-0.08087793
0.05829699
-0.20859816
-0.25198102
0.60849666
0.10279865
-0.38684259
-0.06338982
0.45425637
-0.31047726
-0.11585899
-0.05780991
-0.04682535
0.04567324
-0.25727323
-0.16115617
-0.55933911
-0.35514948
-0.14618130
-0.22546091
0.15818518
-0.06018654
0.24727107
0.12382109
0.08750653
0.21997503
0.04184996
0.34142989
0.04936543
-0.12759210
-0.19498902
-0.53490914
0.12156328
-0.09221321
-0.32861863
-0.03525483
-0.25192730
0.04477427
-0.48909898
-0.15345617
-0.09036042
0.00358269
-0.28978154
-0.18472521
0.11771883
-0.07583134
0.02689967
0.17699012
-0.03268923
0.01042659
0.03728387
-0.34874295
0.12933103
-0.17473218
0.06136289
-0.43976065
-0.40642702
-0.06927766
-0.11940481
0.20791323
-0.01502875
0.04877717
0.10199576
0.53408633
0.15781177
0.21821713
0.00362947
0.10472562
-0.32253139
0.04492924
-0.29504623
0.03701433
-0.20298932
0.12822479
0.07317314
-0.04959695
-0.27429706
-0.30175163
0.34349687
-0.11303331
-0.10110693
0.15142799
-0.37162744
0.05210479
-0.09525307
0.23235430
-0.31073464
0.21882263
0.12923042
-0.07264588
-0.02299818
0.22784530
-0.19913441
0.10111773
-0.01424647
-0.16567916
0.29919412
0.06419921
0.38751223
-0.00087350
0.07120518
-0.16715761
-0.03007079
0.21120392
0.12894477
-0.03131420
-0.34862282
0.09064094
-0.14182832
0.12517666
-0.26491731
0.02221299
0.06797926
-0.23417696
0.07512203
-0.15228916
-0.33307424
0.23611157
0.18232465
-0.12706924
-0.08476308
-0.14947199
0.17288174
0.28881888
0.02033172
-0.34721973
-0.13146612
-0.05285996
0.12077230
-0.41126319
0.01083171
0.39753067
-0.17575241
-0.14513210
-0.26252132
-0.14462408
-0.16089516
0.14411823
0.00115550
0.02900617
-0.38796618
-0.08559203
0.12926157
0.34475170
-0.31697151
-0.08673556
0.15150973
-0.31946576
-0.34111506
-0.52525680
0.11138237
-0.20387651
0.32422617
0.06542144
0.34688465
-0.27215524
-0.03465878
-0.38165402
0.05783538
0.15721632
-0.24269203
-0.26841625
0.13030231
0.17954194
-0.45916990
0.03429867
0.03943138
-0.06917769
-0.07150962
-0.15512235
0.11036704
0.49500784
0.06331182
-0.57313756
0.03889694
-0.06216154
0.32435426
-0.28950253
0.25933773
0.54041506
-0.47676362
-0.06839131
0.13759350
0.19177155
-0.27113309
0.33889074
-0.21475363
0.12052508
0.39628629
0.15845289
-0.01389071
-0.13644753
0.16583021
0.30543434
0.43646544
0.11823919
-0.25021880
0.18676002
-0.42289936
-0.08387608
0.29541919
0.16546654
0.00546283
-0.14712421
-0.00533532
-0.04922978
-0.34681820
0.10925274
0.28147913
0.11070947
0.53249448
-0.07738404
0.01209349
-0.24135944
0.15213503
-0.17079728
-0.24471123
-0.12570458
-0.02824475
-0.08882999
0.12694335
-0.14955503
0.11044181
-0.12028909
-0.26676940
0.27727841
-0.10048661
0.17584253
0.11439912
0.18887924
-0.19815891
-0.03963496
-0.26653147
0.10500207
0.11594236
0.28668724
0.40325676
0.08116907
-0.11912094
-0.13122866
0.26702759
0.10376869
-0.31993225
0.11171258
-0.32914417
0.15999067
-0.17322693
-0.46281203
0.06102297
-0.05050463
-0.00497333
-0.34881152
0.09029023
0.10330567
-0.20473699
-0.16958609
-0.66797966
-0.08754306
0.11285727
0.03694349
0.01609208
-0.25206090
-0.08881363
0.42172882
-0.06361379
-0.14341224
-0.13314160
0.11801912
0.06912735
-0.17251280
-0.24289867
0.02496378
0.06842626
-0.02318836
0.12415028
0.33090988
0.29784107
0.13939307
0.05415114
-0.16461258
-0.25861398
0.27341186
-0.07250562
-0.13088546
-0.22726604
-0.15899888
0.00137888
0.30972159
0.05588399
0.24999789
0.04104671
0.17419223
0.02829431
-0.13576940
-0.39302594
-0.04172554
0.15287304
0.39331023
-0.32485358
-0.28381815
-0.36233725
0.31160116
-0.22655166
-0.15078276
0.39725121
-0.13327191
-0.26665909
-0.07259991
-0.14069242
0.17088760
-0.23810034
-0.12356458
0.15991944
0.00116843
-0.39998256
0.28637776
0.16115906
-0.33483088
0.26180509
0.20267199
-0.11686389
0.10954887
0.10112529
-0.11314460
0.08897643
0.24276914
-0.06397069
0.15364864
-0.56119965
-0.17094382
-0.36819415
-0.36288000
-0.17220302
0.10740749
-0.06824273
0.05633801
-0.04002691
-0.35354025
-0.11359389
-0.10664067
-0.33279771
-0.07440294
-0.23910844
-0.05158048
-0.26678664
0.27656907
-0.21215240
-0.20480213
0.19234049
0.25323531
0.21680129
-0.20377239
0.21315665
-0.33883873
-0.29320550
0.11677213
0.23871245
0.34083989
0.05775400
0.14077181
0.03129235
0.04634989
-0.13930180
0.02837324
0.12785857
-0.01532228
0.05609509
-0.04547461
0.18151286
-0.09941441
0.38678329
-0.14983796
0.14271341
0.04339390
0.18936147
0.20097049
0.15138409
-0.02933531
0.03879619
-0.30871862
0.28999926
-0.18125082
0.28479174
-0.14306581
-0.34628439
0.02236902
-0.27506266
0.28753191
-0.37574690
0.21578154
-0.10212669
0.16067429
-0.09202409
0.32119994
0.19483916
0.11323943
-0.22417500
0.04486662
-0.10149903
-0.43590752
0.00734494
-0.33725715
0.00492079
0.40527246
0.34152070
-0.15117895
-0.08846614
0.12955909
-0.44832079
-0.11306941
-0.03380537
0.43023174
-0.03826595
-0.17735558
-0.14648230
-0.07794236
-0.03431169
0.27818671
-0.12365215
0.21628620
-0.16831668
-0.37223160
0.23159128
-0.45651334
0.01842003
-0.23890114
-0.04309254
-0.29828666
-0.17383987
0.22101843
-0.17154982
0.17481202
-0.20736348
-0.15210981
-0.13339998
0.05303962
0.33920747
-0.11944812
-0.12993875
-0.16306746
0.40171871
0.01420168
-0.05893056
-0.06203932
0.19061524
0.25559656
-0.19955282
0.52812742
0.33289469
0.07927655
0.24115209
-0.04573457
0.33102327
-0.30165372
-0.33015333
-0.17990347
-0.25009184
-0.07049590
-0.01840360
-0.24272337
-0.09084454
0.12359009
0.07762396
-0.20393185
0.40421710
-0.22129691
0.05918530
0.27672046
0.10963968
-0.15262883
0.30797003
0.22995075
0.19587300
-0.18244095
-0.61162761
0.47995161
-0.24220486
0.54574626
0.22703980
0.02893862
-0.50837533
-0.40993665
-0.14957275
-0.09527771
0.20628633
-0.03841397
0.10784379
0.03184039
-0.02537820
0.21442278
0.02517369
-0.16158783
0.07926039
-0.03318466
0.10166714
0.18501194
0.26120751
-0.40134806
-0.06496342
0.15738151
-0.38966908
-0.11419771
-0.12752426
0.17566529
0.02931437
-0.60202080
-0.10885955
0.15295514
-0.31470601
0.05346507
0.18075897
-0.17015847
-0.05484321
-0.08261596
-0.34954458
-0.23292637
0.01825803
0.16905719
-0.39659111
0.38793181
-0.04885562
0.27447694
-0.12271079
0.26118916
-0.19215865
-0.29739487
0.12330677
-0.23779699
-0.09219866
-0.20679361
-0.03929572
0.09692471
-0.06099228
0.13277935
0.02492568
-0.25203748
0.21391534
-0.28600992
-0.04769313
-0.17775120
-0.19711665
0.20412581
0.09864647
-0.05030685
-0.14562842
-0.11405927
0.34657437
-0.16399380
0.17907596
0.01599778
-0.01363428
0.07028251
0.01664636
0.08221252
-0.34930365
0.31096006
-0.20686556
-0.16509574
-0.06927929
0.18235532
0.34939056
0.45371488
0.17117376
0.14480476
-0.02213615
-0.03841009
-0.27574822
0.29521416
0.47520835
0.17545997
-0.16742482
0.22319951
0.14074983
-0.01706408
-0.06442324
-0.32506766
0.28955748
0.38813121
0.24330786
0.08592012
0.26481270
0.18026747
-0.14671335
0.09341743
-0.31717561
-0.16015504
-0.31004395
0.05090235
0.13628748
0.37293378
-0.14398855
0.19230299
0.07414549
0.28926814
-0.01486814
-0.23092271
0.26617313
0.13369113
0.24632382
-0.04736411
-0.21250038
0.12737838
0.12120829
0.06081879
-0.00061989
0.20442777
-0.28895479
0.13079508
-0.10284521
0.11416869
-0.18812297
0.03949679
-0.12169211
-0.11730858
0.03993627
0.09173775
0.11300914
0.08226445
-0.12362529
-0.06572202
0.21769710
0.15860254
0.01325459
-0.17538350
0.19646538
0.26418527
-0.19073180
-0.20534360
-0.03190520
-0.18022419
0.07351970
-0.20326976
-0.44171315
0.15981218
0.04213653
0.06063915
-0.28247096
-0.18228483
-0.07557325
0.02500297
-0.08345379
-0.30676249
0.16711203
-0.03004507
0.08444296
-0.20642639
-0.27205935
0.03385421
-0.44564077
-0.06303048
-0.11491486
0.08523548
0.16294809
-0.07506701
-0.22538539
-0.00898909
0.16579724
0.14351750
0.24365523
0.09353727
0.32290652
-0.26065773
0.10636725
-0.06939455
-0.15617015
-0.26435708
0.14879735
-0.27770533
0.09170265
-0.55287939
0.00371035
-0.23818006
-0.07998134
0.48338669
-0.48795967
-0.01625740
-0.10585969
-0.45019220
0.27885523
0.30442909
0.03350669
-0.45419613
0.00747002
0.27629507
-0.20677354
0.00042734
0.15431522
-0.42540376
0.24281024
-0.18149067
-0.16704227
0.08609795
-0.06415238
0.02067661
0.21358897
-0.00896577
0.09255074
0.11062161
0.02728036
0.13432903
-0.11444840
0.24858605
-0.33376872
0.06848134
-0.04846420
0.06487741
0.12475498
0.00010567
0.27304485
0.34302762
-0.05055595
0.40870860
-0.03411357
-0.29846273
0.20359412
0.17512203
0.01780736
0.05507201
0.33202808
-0.04283491
0.13173852
0.23284575
-0.08908713
-0.03842509
0.34725660
-0.25510109
0.00112086
0.06226569
0.01739638
-0.33356382
-0.32162797
0.21846808
-0.04468437
0.01187183
0.19106001
0.45679769
-0.19638837
-0.04708942
-0.07221401
0.18369250
-0.24808093
0.16142094
-0.04455419
0.01800837
0.34602439
0.29205565
0.12603681
-0.40193894
-0.16585178
-0.45667652
0.14009532
-0.24613169
-0.01832728
-0.33033776
0.13408079
-0.32430484
0.27935941
-0.11421414
-0.06324212
-0.02257738
-0.21621074
-0.09974680
-0.11118639
-0.21673303
-0.39502320
0.03103209
-0.12580240
-0.19463050
-0.23576356
0.03480908
-0.36487925
0.29192809
-0.03996025
-0.24768558
-0.29614526
0.08890308
0.14484251
-0.20027844
0.43218110
-0.50139939
0.16405221
-0.14082181
0.09035931
0.48572243
0.20699011
-0.30672738
-0.21758945
0.14329327
0.03523358
0.02641962
-0.28140046
-0.05124879
0.25228317
-0.15361585
0.24255963
0.27842039
0.10577617
0.05811197
0.07668763
-0.20841086
0.02383147
0.09878799
0.41257152
0.04636933
0.40779776
