-0.26377863
0.16838858
0.16896872
-0.51599024
-0.06951661
-0.01708280
0.09567313
-0.18030261
-0.10450678
0.01556394
0.22850382
-0.14409016
0.14403941
0.09755584
-0.30124407
0.01037316
0.07933488
0.25587575
-0.11799670
-0.24298467
-0.23401191
0.10055124
0.03418862
-0.07448183
0.05406783
-0.14898130
0.05616783
0.08721107
-0.07705799
-0.34292613
-0.25559440
-0.03783274
0.16749464
-0.08513017
-0.05801153
0.08809795
0.01913072
0.14771539
0.02908294
-0.12055392
0.01762963
-0.10579111
-0.11308353
0.04344236
0.04816999
-0.04014352
0.01531596
0.19138332
0.03113961
0.01465932
0.24326972
0.18720672
0.23800651
-0.30336958
0.09377821
-0.07496941
-0.11348824
0.07824226
-0.12686974
0.39339429
0.23498866
-0.07575920
0.03364613
0.01095621
0.19161905
0.10994726
-0.05960942
0.01465603
0.08778850
0.25228453
0.27833583
0.00667770
-0.09532790
0.14352215
0.23003244
-0.19382299
0.00888198
0.09874273
-0.42878182
0.35291319
0.24458541
0.22985071
-0.10497696
-0.08874520
-0.17995228
-0.05006089
0.06878284
-0.12572542
-0.13748854
-0.00050378
-0.07473743
-0.10386485
0.31252854
0.03672591
-0.03297799
0.06273042
0.11110428
0.25659448
-0.17676423
-0.05448765
0.27037484
0.08988384
-0.16108662
0.04636104
0.00421629
0.27601183
-0.32946444
-0.03488678
-0.12374659
-0.00511452
-0.15191054
0.04136146
-0.13937437
0.21449488
-0.10429921
0.13208715
0.17492895
-0.09834577
0.02143697
0.30673057
-0.14377753
0.00454550
0.19274442
0.40588003
0.30442893
-0.19215176
0.15773456
-0.29419099
0.07601162
0.17000785
-0.13478592
0.01949114
0.10476833
-0.24158463
-0.01890118
0.19062816
-0.19850848
0.23743300
0.10243511
-0.00641368
0.25499043
0.33196128
0.09067107
-0.27534669
-0.14396485
0.20926199
-0.03795924
-0.04723776
-0.19687385
0.29447207
-0.19250573
-0.24279334
-0.04825602
0.26582173
0.10603291
-0.01708964
-0.23857268
0.20540692
0.14690946
0.03202945
0.27695688
0.00221497
0.14590312
0.04404223
0.01934736
-0.10336948
-0.08919670
-0.20779410
0.12386896
0.01199021
0.31439646
-0.30892686
0.19306005
-0.01224111
0.21138522
-0.21670948
-0.02844314
0.09257312
-0.15497241
0.00653460
0.05523357
-0.12044593
0.24573296
-0.02325754
-0.00498102
-0.06879496
-0.25126305
0.01624986
-0.06009807
-0.19660945
0.05904428
0.01923276
-0.00516526
0.19735160
-0.26531268
0.16424836
0.15803350
-0.25853396
0.33311849
-0.14982794
-0.14579685
0.31517428
0.38836437
-0.04563360
0.13576242
0.34492799
0.11989026
-0.01173957
-0.03732030
-0.35562056
-0.12302891
-0.01654461
0.04382832
0.06857530
0.23488002
-0.08082412
-0.38673556
-0.13607922
0.17414521
-0.21315022
-0.14851079
0.13526515
0.01330914
0.01120031
0.21059581
0.06135724
-0.16559664
0.13284340
0.17851736
0.22056510
0.24683014
-0.02443840
0.11957978
0.01507434
-0.34997857
-0.07363175
-0.11347065
0.16265185
-0.08396392
0.00583123
-0.23140489
-0.03334734
-0.24715845
-0.11226634
0.05533590
0.11229830
0.15082824
-0.09484697
-0.16882353
-0.26203992
0.25554032
0.06998753
-0.06562144
-0.12507324
-0.28196641
-0.11472360
-0.18685421
-0.07631192
0.10327890
0.01078327
0.08960082
0.03111841
-0.08454673
0.15141195
-0.20955719
0.07194962
-0.08723430
0.10644541
0.03172076
0.14154795
0.15587255
0.08415917
0.00245135
0.02561064
0.03816413
0.08975472
-0.17904503
0.30543754
0.02025212
0.01826210
-0.36423367
0.11261633
-0.13919592
0.05561527
-0.03105648
-0.29958221
0.13742338
-0.19016363
-0.13809068
-0.00244609
0.02214643
-0.00518166
-0.18482980
0.01701981
-0.29884426
-0.12082561
-0.00977086
0.08912208
-0.29994699
-0.20052203
-0.30442566
-0.05332463
-0.07586403
0.10772107
0.11768622
-0.17965446
-0.16325720
-0.09584262
0.01896286
0.00731598
-0.02942452
0.16167734
0.12899844
0.38969162
-0.13875019
-0.09582192
0.05974760
-0.15575571
-0.12644308
0.05747095
-0.06117354
0.15699356
0.02907256
0.12060979
-0.02611861
0.04076620
-0.07694520
-0.08420494
0.27342741
-0.18639664
-0.02985324
0.08022646
0.09282705
0.00244684
0.05091976
-0.29414227
0.23163767
-0.17029797
-0.00527456
-0.03771261
-0.11824197
0.18181562
-0.03339128
-0.21572250
0.12788460
0.09273490
-0.00667306
0.20330164
0.09777656
-0.04079095
-0.19341062
-0.08153104
-0.00127819
0.21916698
0.04317445
-0.14990019
-0.13859203
-0.20805827
-0.11387736
-0.09885443
-0.07565851
-0.07763388
0.36591913
-0.16309784
-0.08268607
-0.00957665
-0.02436753
0.15060045
-0.01488364
-0.13282439
0.13589870
0.28015550
-0.00773096
-0.05495927
-0.38277529
-0.02220391
-0.18883336
-0.12861504
0.30634887
0.00074372
-0.05976071
-0.10175993
0.48937671
-0.20485166
-0.20721974
0.38647344
-0.20632027
-0.22195525
-0.25570331
0.17544156
-0.03379801
-0.07062430
0.32674953
-0.05507528
-0.17747655
0.04772622
-0.10544835
0.01642132
-0.16332557
0.20174344
0.23265244
0.04507190
0.08910978
0.03104961
0.34941088
-0.30088315
0.03636140
0.21425098
0.05444178
-0.05866690
0.16009521
-0.02363431
-0.19494377
0.25698348
0.11445221
0.13021337
0.07005032
-0.22781318
-0.05689799
0.27575311
0.31661054
0.33654908
0.01809205
-0.13163505
-0.06951892
-0.03266780
-0.10827886
-0.14352751
0.04806722
-0.04199270
0.29492000
0.16090952
0.23329024
0.28862190
0.14521781
-0.27704544
-0.08310104
0.03076436
-0.27685341
0.04625108
-0.24773282
-0.04291529
-0.05887974
0.19901578
-0.06511564
0.00306437
-0.04968396
0.10864457
0.03708848
0.03778088
0.23865530
0.14631937
-0.15108916
-0.00460390
0.24240873
-0.08909115
0.03581274
-0.03193856
0.22105944
-0.19552352
-0.02855994
0.06452726
-0.10242395
0.19836361
0.19434753
0.10074100
0.23860206
0.05353368
-0.03199636
-0.04641397
0.00089922
-0.11862666
-0.09525258
0.20017485
-0.29693484
0.13378748
0.02881355
-0.17270613
0.23769450
0.29044022
-0.15512731
-0.17696466
-0.20929700
0.48834436
-0.03629371
-0.00998621
0.07268172
0.17589192
-0.11693129
0.02903680
-0.10429407
-0.15840941
-0.26204837
-0.04714997
0.16599457
-0.02374949
0.22308664
0.14724003
-0.06725950
-0.18261378
0.03593725
0.09034796
-0.16519470
0.08927904
-0.08752343
-0.02138617
-0.12403919
0.18516717
0.19283729
0.08850242
-0.02708100
0.05124139
0.01998794
0.00289139
-0.09838111
0.19318496
-0.12589918
-0.06796173
-0.04486618
0.53802644
-0.04648331
0.09936706
0.03077732
0.11113911
0.09960774
0.07879416
0.14076350
0.52390447
0.04019732
0.05481433
-0.11985935
0.05434047
0.19259362
0.07855825
-0.23141050
-0.15024440
0.05103972
-0.01101148
-0.04219750
0.14992000
-0.15694075
-0.28036587
-0.00294031
0.06354240
0.16296610
-0.13379524
-0.20773816
0.08001352
-0.06322021
-0.40771698
-0.16400913
0.03647486
0.10830057
-0.07988631
-0.20220669
0.00085339
0.10667117
-0.14962655
0.13955650
0.19303920
-0.23585592
0.18328911
0.13441857
0.00920563
0.00060329
0.13269568
0.02986391
0.25784803
-0.00180903
-0.33904425
-0.04699051
0.23853161
-0.32271569
-0.12244529
-0.22425677
0.07503679
-0.17233082
-0.01743909
-0.14039555
0.27315483
0.00567987
0.14058239
-0.21195277
-0.11525690
0.02908260
0.07802882
-0.01310949
-0.13301655
-0.10413934
-0.20871691
0.28271146
0.00109422
-0.16903057
0.01183198
0.19737683
0.19525576
0.10706446
0.01933990
0.14499459
0.16411244
0.18370188
-0.17630703
-0.04025076
-0.24240054
0.34349952
-0.30885408
0.05991938
0.13081597
0.18779914
0.11895687
0.15081622
-0.09976374
-0.15771006
0.01455630
-0.03343687
-0.04529959
0.10943081
0.17670880
-0.12620511
-0.34747806
-0.05740112
-0.00095098
0.00959515
0.39528960
0.04964731
-0.15170655
-0.10142949
-0.20218004
0.26659118
0.06285501
-0.06085916
-0.15357439
-0.07563899
-0.03249495
0.24830361
-0.02739413
-0.13707850
-0.06904363
-0.08663637
0.03456644
-0.12611624
0.12410347
-0.09273031
-0.05879160
-0.02621910
-0.00179078
-0.06593690
0.26025268
0.05898776
0.19288844
0.10687506
0.11159958
-0.14696846
-0.19298759
-0.10891981
-0.00621214
-0.08100164
-0.13757751
0.04536702
-0.22307294
0.09050623
-0.19900724
-0.02929536
0.06792083
-0.22969215
0.08703175
0.17103348
0.06691327
-0.29654507
-0.13140601
-0.00862106
0.15440300
0.17745062
-0.15879694
-0.09273770
-0.13328562
0.12624590
-0.08528962
0.19747274
-0.17453863
-0.00361844
-0.20083131
0.05233910
0.24960505
-0.18540505
0.08787508
-0.15932072
-0.22620034
0.14918473
0.06959898
-0.04522824
0.10659575
0.06240741
0.15475367
-0.01241814
0.01104363
-0.05173436
-0.09249091
0.23174160
-0.01431847
0.06673603
0.04705670
-0.16331326
-0.01559292
-0.13982262
0.19934938
-0.00679256
-0.25069563
0.02373198
-0.06832078
0.04448334
0.09273217
-0.02393973
-0.01629977
0.01924207
0.07905959
-0.02989389
0.39909079
-0.00987356
-0.05715281
0.18646691
-0.22442403
0.00861800
-0.05334351
-0.03099121
-0.01844899
-0.13272753
0.05773357
-0.01762986
0.19701673
-0.29587888
0.02106383
0.03808221
-0.12713139
0.03662762
-0.26023283
-0.07605174
-0.20347559
0.11158718
0.30215699
-0.10434769
-0.23593530
0.02474431
0.09647416
-0.33124024
-0.11477742
-0.09594070
0.05957119
0.32249431
0.12086058
-0.01618134
-0.11016771
0.19814220
0.09220639
0.06623395
0.00102819
0.13637327
0.42018529
0.27154060
0.26717836
-0.00937709
-0.09887358
-0.03484459
0.09504480
0.14427581
0.12872776
-0.16091219
-0.26014290
-0.00913417
-0.09892902
-0.00446291
0.07380349
-0.16172221
-0.05046432
-0.24119999
-0.03023444
-0.02458580
-0.27089786
-0.02391710
-0.15555166
0.20865533
0.20134271
0.10841880
-0.21005606
-0.19502580
0.49379486
0.04888676
-0.20320153
-0.11438946
-0.11198586
0.06248306
-0.12367459
-0.01974713
-0.17440327
0.09217449
0.05709374
-0.13556164
-0.00818664
0.01289607
0.16806470
-0.17995615
-0.18748836
-0.14702854
-0.00224460
0.02689781
0.17077679
0.09284355
0.25802421
0.01735845
-0.25101436
0.02708820
-0.00756003
0.07029722
0.05846922
-0.13175537
0.02802318
0.07077627
0.14998667
0.10191059
-0.10929784
-0.35559063
-0.18009282
-0.10273234
0.08886169
0.06486727
0.05191213
-0.00446583
-0.00479714
0.09050806
-0.25791062
0.05896631
0.17836394
0.04100146
0.14195773
0.07211552
0.00943532
0.14823312
-0.14199406
0.05907679
0.17557430
0.16183360
-0.03971904
0.02026171
0.27200216
0.17121752
0.24774985
0.15864034
0.08538712
0.12123007
-0.07228627
0.00100217
-0.17444194
0.29332283
-0.07742159
0.01722771
0.30709543
0.15560377
0.03582448
-0.06745964
0.30963864
-0.05369132
0.01374499
-0.15135946
0.16724775
-0.10646566
-0.07268261
0.30029753
-0.01374713
0.31924237
-0.03528581
-0.01138206
0.03170216
0.16625638
0.11708868
-0.06531271
0.18085650
-0.10136088
-0.22946372
0.08407837
0.19806619
-0.09912810
0.17233174
0.07029766
0.03351360
-0.08709607
-0.22452609
0.26241909
0.09504290
0.27350889
-0.03311991
-0.26672320
-0.05437896
0.15271986
-0.10566100
-0.05611976
0.16420337
-0.01924207
-0.14736984
-0.07437596
-0.16869124
0.08453046
-0.08120438
0.04287846
-0.09245415
0.30408498
0.06154329
-0.03326440
0.10313902
0.14134608
0.24455690
0.23758828
-0.29392577
-0.03632871
-0.02541366
0.00181805
0.02959967
0.09290841
-0.17970141
0.00115559
-0.01992951
-0.00122343
-0.05256507
-0.19459150
-0.08653225
-0.15944904
0.02459181
-0.11778047
-0.09641364
-0.14352065
0.06054274
-0.15550795
-0.29289915
0.03525826
0.07773629
0.00193740
0.16268546
0.09567234
0.04970769
0.09090612
-0.12066077
-0.06032131
0.06785674
0.03007014
-0.01514085
0.06268707
-0.02137034
-0.05979784
0.19165362
0.04575021
-0.05259262
-0.41586814
-0.13612475
0.04039256
0.07081993
-0.22420578
0.08593904
0.10948549
-0.40616215
-0.08333001
0.14110671
-0.07199949
0.02185747
-0.01235229
0.12853926
-0.17630699
-0.09133694
0.07584217
-0.29187669
-0.02574092
-0.20255690
0.00839398
-0.43798371
0.23414010
0.14550012
0.09197436
0.10485394
0.04337040
-0.03819200
-0.20341931
0.11167624
-0.22750344
0.08439323
0.03216846
-0.12811941
-0.05011025
0.02770973
-0.09335456
0.15578412
-0.12399026
-0.11840129
-0.08092520
0.17315714
-0.04086255
-0.18672805
-0.16127832
0.13322558
0.11034686
0.14622334
-0.14477943
-0.01445175
-0.01414352
0.06397797
0.02210111
-0.23933026
-0.08051217
-0.30197721
0.16475530
-0.09652556
-0.00111573
0.16327279
0.10740671
-0.13033093
-0.26649732
-0.08781577
0.27600365
-0.15825250
-0.11842778
0.04514281
0.05712030
-0.06510487
-0.02900370
-0.07184495
-0.16021525
-0.10676150
0.45902727
0.20366594
-0.04752933
-0.22919639
0.10997762
-0.24512968
0.01423367
-0.31282429
-0.13619393
0.09831673
0.01734408
0.01783981
0.02398115
-0.07787671
0.17505421
0.06232549
-0.01697855
-0.01625169
-0.01781605
0.05603819
0.17816359
-0.04570177
-0.13757091
-0.09845278
-0.26206914
-0.07781166
-0.02885558
-0.11196446
-0.10128310
-0.42017571
-0.08208972
-0.19733244
0.01315271
-0.08823849
0.08444598
0.03179344
-0.17157668
0.02078056
-0.13186393
0.01614027
-0.08343142
-0.16387741
-0.05137529
-0.32322058
0.35749652
0.24117348
-0.21079347
0.00487412
0.11475232
0.06546396
0.18335040
-0.13623840
-0.20432936
-0.08738342
-0.10279081
0.03451624
0.08371581
-0.13248762
0.06034721
0.01254719
-0.04059681
0.13750599
-0.15470117
-0.05610129
0.10850823
-0.08729128
-0.07788375
-0.12830938
0.25933901
-0.20322627
-0.25981039
0.00113187
0.05977333
-0.23419312
0.28203154
-0.05365349
0.08071322
-0.19947886
0.15378433
0.29993945
-0.42238753
0.02836517
-0.01357166
0.13536177
0.05241059
-0.09567330
-0.21507069
0.29247037
-0.11421367
0.12323982
0.13313817
0.01277350
0.13773296
0.01848244
-0.03449890
-0.16725292
0.12943560
0.31151973
0.15554582
-0.11873479
-0.12299663
-0.05316578
-0.22769484
-0.13645195
-0.14623118
-0.25473042
0.23969270
-0.15515232
-0.01932492
-0.20552091
-0.01119482
0.28628756
-0.05435035
0.20196789
0.36501646
-0.06840495
-0.01757451
-0.00422284
0.10553439
-0.06971133
0.00140177
-0.11074584
0.08045467
-0.06763379
0.06887868
-0.11770517
-0.07934688
-0.03721401
0.11680044
0.03615667
0.20901949
-0.02440898
-0.24842597
-0.16112903
-0.03273191
0.13540636
-0.10877420
-0.06521670
0.21754510
-0.23555774
0.03365416
-0.03454631
0.00682291
0.03233792
-0.02402159
-0.17126279
0.02296776
0.08939062
-0.19892522
0.08700956
-0.09483669
-0.06754055
-0.20026524
-0.20352778
0.16433648
-0.02967019
-0.01458226
-0.08821015
-0.05380342
0.06535771
-0.09134518
0.14557722
0.06632108
-0.10443740
-0.26851788
-0.36696469
0.10952028
0.08932694
-0.11871328
-0.05018373
-0.26106495
0.07331649
0.13712176
0.09527716
0.11902288
-0.38650339
0.04767990
0.06496012
0.03478345
-0.19116720
0.19483422
-0.01194189
0.13011662
0.40010865
0.00445256
0.26619031
-0.11118355
-0.06078104
-0.05429291
-0.14058441
0.14611557
0.01547631
-0.36678006
-0.03865376
-0.17562152
-0.00834279
0.03933748
0.01205566
-0.02727521
0.09079514
-0.00375124
-0.05458546
-0.25243112
-0.24505218
-0.18612495
0.23361875
-0.40799333
-0.08822143
0.02953493
-0.05283705
0.04116910
-0.18736996
-0.07295526
-0.18466327
0.06358191
0.09772434
0.19023085
0.03533595
-0.02912741
-0.12526100
0.01248735
-0.11867673
0.09292872
0.03338260
-0.07852257
0.15135713
0.14999177
0.19651885
-0.13254973
-0.07018018
-0.06302056
0.24934962
0.21550658
-0.02245634
-0.09006326
0.08290890
0.24344469
-0.03411603
0.11562878
-0.03517217
-0.24026263
0.22661688
0.09348304
0.09474219
0.39020147
0.01125693
0.05780079
-0.18813602
-0.07702701
0.24887596
-0.19501189
-0.16008955
0.19862980
-0.06182038
0.04869133
-0.17280556
-0.08073895
0.22662391
-0.18867136
-0.16648882
-0.02574296
0.14152632
0.00793558
0.03571271
0.03640874
-0.03264658
-0.08740191
-0.10442096
0.08730235
-0.19797314
-0.10471782
-0.12488031
0.04945339
-0.00200548
0.17281362
-0.06871001
-0.03444725
-0.04101164
-0.02985648
-0.05721728
0.34598625
0.13045426
-0.41061459
-0.19663134
-0.12511772
-0.16473061
0.05544427
-0.13634204
-0.08425971
-0.15709441
-0.08107794
0.08084345
0.04695768
0.03322258
0.16142454
-0.01639207
-0.28489240
0.16691589
-0.10830070
0.23369376
0.08216800
0.06154166
0.26067390
0.23972520
0.21989393
0.00703807
0.21097567
-0.02929449
0.00370815
-0.17505409
0.22903041
0.09546779
0.42102878
-0.07782121
0.25630414
-0.11370188
-0.24619873
0.00906491
0.06153618
0.07428680
-0.13043931
-0.42486126
0.03276253
-0.03703369
-0.13352185
0.09418567
0.13850733
-0.07949228
-0.03064384
0.15685766
0.01483771
-0.09775325
0.05065786
0.00372470
0.08367806
-0.08485589
-0.41772590
0.18872628
0.15830413
-0.19044584
0.24049045
0.23590509
-0.18444386
0.01215327
-0.17191633
-0.00941346
-0.21531986
-0.07105614
0.03691171
0.13629794
0.02427078
0.15803381
0.02165067
-0.09395050
-0.16880596
-0.06581028
-0.07771205
0.08538693
-0.09343602
0.30641620
-0.03700184
-0.17380780
0.04944248
-0.18872290
0.04633192
-0.24747475
-0.05568668
-0.06605832
-0.11704705
0.09423838
0.08893893
-0.24101934
-0.16300058
-0.26330506
-0.31099346
-0.03072320
-0.00715853
-0.15820596
-0.04160724
-0.19515222
0.15796291
-0.08745518
-0.23808699
0.22224086
-0.34525630
0.10371079
-0.04880995
-0.09892119
0.19794988
0.07562810
0.21226601
0.20400392
0.01501027
0.06250726
0.32410480
-0.16866839
0.28550273
0.01142202
0.02241653
0.17491869
-0.00673834
-0.06307168
-0.16435099
0.17590730
-0.05943142
0.26296872
0.40085173
-0.08912137
-0.14931239
0.34216693
0.11507741
0.09480577
-0.10299972
0.10676985
0.01141604
0.02292652
0.23022022
-0.19258256
0.16017869
-0.08693142
0.09149405
0.14856416
-0.20090604
0.10187632
0.22138370
-0.19819234
-0.01895456
0.11305232
-0.27580228
-0.13658216
-0.02766914
-0.11724798
0.21197983
-0.01913516
-0.04069569
-0.23262870
-0.00177898
-0.04000850
-0.05882474
-0.03461803
0.08518577
0.23323155
0.29927516
0.11559508
-0.01724935
0.08750410
-0.00156412
0.03036798
-0.23480820
0.18821113
-0.28272524
0.13162349
-0.22632476
0.21761968
0.07460806
0.09100564
-0.02992572
0.24972226
-0.12537301
-0.14439343
0.19223325
-0.03603184
-0.02109378
0.09865185
0.04850938
-0.12006088
-0.04655086
-0.33339561
-0.02824835
-0.00347714
0.08761185
-0.21417517
0.00346361
0.06496249
0.11345171
-0.02991524
-0.08485569
-0.24415664
-0.04113849
-0.01886693
0.03840652
-0.08441173
0.14000438
0.20959030
0.07431491
-0.15134219
-0.06120461
0.25655653
0.05020599
0.09927101
-0.00100373
0.00022007
0.21203674
-0.15110865
-0.18410146
0.02398781
-0.25140462
0.08414399
-0.02405022
-0.05144702
0.12318266
0.07440395
-0.01828176
0.25063715
-0.07072985
0.03964610
0.25606917
-0.38318169
-0.07027504
-0.39290447
-0.26379580
-0.00237267
0.12915112
0.16926788
0.15435199
-0.00397452
-0.22967467
0.19566385
-0.02900773
0.17556912
-0.09759664
0.10015829
0.27399623
0.08229215
0.07918724
0.07659494
-0.05444064
0.22116650
0.04406098
0.15549289
0.03215727
-0.16597672
-0.19937378
0.08183487
0.10178270
-0.01207842
-0.30823046
-0.16835850
-0.13047009
-0.11452113
-0.19583385
-0.03402511
0.02117901
-0.25143712
-0.08582917
0.04368901
-0.28065084
-0.08901186
-0.45041860
-0.01061651
-0.06545292
-0.02505589
-0.35453753
-0.16137668
0.01962922
0.15424621
-0.24902681
-0.12820558
0.05786860
0.11206342
0.19386540
0.17463009
0.24084118
0.12222946
0.25213524
0.02778722
-0.01351980
0.40199136
0.10458844
0.01853042
-0.04669914
-0.04536509
0.10650841
0.20623510
-0.11478421
-0.00072305
-0.07462106
0.11774133
0.00639497
-0.27684336
0.07715544
-0.08507610
0.03312943
-0.10130990
-0.06259409
-0.28033107
-0.19805158
-0.12631291
-0.11247319
-0.07822409
-0.34383525
-0.08948520
-0.05266037
-0.23318802
-0.04397156
-0.05518358
0.07294300
0.00013016
-0.26383420
-0.07568929
-0.14543948
-0.34635394
0.21430670
0.01234320
-0.04521089
-0.36301789
-0.11896894
0.26405351
-0.02237700
-0.08088082
-0.08919223
-0.10767397
-0.04161649
-0.01411408
0.19964200
-0.07256893
0.02882722
0.14261495
0.16039433
0.03400982
-0.06322764
0.02875009
0.13818943
0.14637985
0.06579683
0.29038639
0.07966766
0.13049907
0.16836367
0.12628841
0.27956182
-0.11216209
0.05076512
0.12802811
-0.09422166
0.05108424
0.06356409
0.01701203
0.21350246
0.17255533
0.19603096
-0.09451187
-0.30646479
0.18260886
-0.03174570
0.05167874
-0.01598538
0.11236333
0.13549672
-0.08886950
-0.10756217
0.02619976
0.07899027
0.07683812
-0.16929969
0.12623979
-0.03983073
0.16184673
0.04747402
-0.19433814
-0.09015127
-0.09377527
-0.19266680
-0.24002340
0.17479838
0.05534530
-0.23559419
-0.23462002
-0.41849069
-0.37127081
-0.50254385
-0.06250283
-0.26963420
-0.52674627
-0.33353516
-0.65591485
-0.62814467
-0.52977649
-0.32567631
-0.34195929
-0.31885203
-0.11413886
-0.15317436
-0.04721118
0.28994120
0.12846551
0.15000888
0.00404896
0.04221898
0.10441544
0.16142760
0.25252483
0.40007017
0.32322055
0.36107594
0.45292257
0.36905806
0.32309789
0.25886594
0.22358310
0.03797764
0.41945357
0.14660748
0.22477749
0.36418094
0.11127690
-0.08931248
-0.07695418
0.31495006
0.01522048
0.10923049
0.18456729
0.24479090
-0.19476722
-0.05455395
0.00242181
0.18959849
-0.38935376
-0.32138431
-0.13697541
-0.24977157
-0.19678058
-0.23030133
-0.18548827
-0.19067509
-0.10738261
-0.06014969
-0.02456932
0.02242158
-0.19694531
0.06713786
-0.05063436
-0.04177092
-0.08510053
0.00108612
0.32492645
-0.26031833
0.02678746
0.21023030
-0.24876940
-0.02996449
-0.07471456
0.24448771
0.04403857
-0.00366219
0.10289975
-0.04154972
-0.01554558
0.14166883
-0.22660048
-0.04441341
-0.34329135
0.03732837
-0.03193975
0.07186263
-0.10901814
0.01341882
-0.30185812
-0.41232261
0.07279467
-0.15492404
0.03275115
-0.17459708
0.04196917
-0.15983121
-0.04557942
0.22955537
0.07217191
-0.02308584
0.19669504
0.06157529
0.00437034
-0.15600727
0.26512283
-0.14825937
0.31266683
-0.02248641
0.03614306
-0.06191251
-0.06187974
0.20127723
0.16822415
-0.15582805
-0.17069813
-0.18174556
0.11638089
-0.14151936
0.08173335
-0.08281128
0.13301425
-0.26810450
0.06110066
-0.20497014
-0.08263636
0.08168556
-0.13654706
0.15193863
-0.12470382
-0.23677522
-0.31479059
-0.08354754
0.09822195
0.04651809
0.14727635
-0.13107021
-0.20488000
0.09100538
0.12872826
0.15163999
-0.25743946
-0.01090080
0.22880111
0.02531983
0.24745157
-0.03743473
0.04421279
0.07368216
0.19861779
-0.00959737
-0.02905522
0.12756284
0.11292288
0.04854598
-0.09807627
0.06693800
-0.17582455
-0.01335565
-0.15937560
-0.21932422
-0.20348104
0.09465571
-0.04692780
0.07109714
0.02793409
0.10968417
-0.03438308
-0.18989353
-0.06791821
0.40979431
-0.11741756
0.13916109
0.08745726
0.36585081
-0.14165031
-0.16832905
0.38027164
0.19440956
-0.10631633
-0.18455283
0.02851230
0.23536572
-0.27695134
0.12762526
-0.00758018
-0.26605438
0.08900927
-0.08149125
-0.45331927
0.11415355
0.02216923
0.00146532
-0.00197763
-0.07418484
0.08048019
-0.14317258
-0.01130771
-0.37964618
-0.08871820
0.05555268
-0.02199832
0.05940502
-0.13238841
-0.16164037
-0.07001996
-0.13720041
-0.16001079
0.02282694
0.13553934
-0.24265872
-0.01393966
-0.19330362
0.02660568
-0.07875674
0.17666256
-0.02104624
-0.04580416
-0.20335014
0.01092787
0.11934846
-0.05704916
-0.10430511
0.05435735
-0.18222777
-0.03232737
-0.06796030
0.10989881
-0.21021747
-0.02812076
-0.19737450
-0.25969590
0.14664308
0.00425135
-0.25014697
-0.22492178
-0.62934675
-0.22454920
0.01376900
-0.23044322
-0.09799743
0.07551131
0.03356862
0.10692532
0.00962990
0.02572654
0.22621792
-0.17134981
0.17085201
0.26609621
-0.03427027
-0.09599078
-0.33787105
0.10328286
0.02394385
-0.01144645
0.18925245
-0.08040890
0.08115281
-0.22435655
-0.05561090
0.24959479
0.13257235
0.06164386
0.10209715
0.02222290
-0.05987389
-0.30927646
0.11611146
-0.15167920
0.02872805
0.03405593
-0.02123422
-0.00484014
0.10419547
-0.04353777
0.21099861
0.10260911
0.06727461
0.15702384
-0.17915450
0.30752012
-0.06350161
-0.04737693
0.22022081
0.05770425
0.07513253
0.11091619
0.45728301
-0.11508262
-0.20073984
0.04478976
0.38095320
0.06487287
0.15017980
0.15409847
-0.03318914
0.07627909
-0.22266315
-0.05282707
0.21411586
0.09068534
0.04310295
0.04025928
0.17117875
-0.04539850
0.14048349
0.05116896
0.02272176
