-0.06766074
0.15086745
-0.10547046
0.00372177
0.11161164
-0.07982475
-0.00035816
-0.02874750
-0.03441543
-0.16502661
0.00578775
0.04997153
-0.00367328
-0.01156969
-0.06648960
0.00987808
-0.06679277
-0.02532352
0.00985091
-0.04170170
-0.06765020
-0.08180084
0.00834203
-0.07188050
-0.03551899
0.08696880
0.08531039
0.03195580
0.02592993
-0.04500258
-0.02908692
-0.03022686
-0.01264309
0.06164902
-0.08091757
0.11051089
0.11311393
-0.01278454
-0.20708686
-0.02881300
-0.04245794
-0.11672220
-0.06021305
-0.10174697
0.07460218
-0.00980926
0.10575647
0.08403400
-0.04052859
0.16644757
-0.15487841
-0.02120943
-0.00691742
-0.00780076
0.01202681
-0.08907309
0.04922633
-0.11066238
0.01071223
-0.07548228
0.04714272
-0.07541868
0.01079762
-0.07182993
-0.16316792
0.01279340
0.04050987
0.05183417
-0.10723487
-0.02514602
-0.03376708
0.05179446
0.14422810
0.01552260
-0.00599604
-0.11539574
0.01805576
-0.02380955
0.06008643
-0.12203150
-0.05811941
0.00960828
-0.03069236
0.06892564
0.01149991
0.02813106
-0.14752298
0.05443695
0.01534913
0.10683319
0.03796290
0.02617490
-0.10264124
0.04924494
-0.02430486
-0.00280769
-0.06273268
-0.06313579
0.06440694
-0.05523036
-0.09367885
0.02204539
-0.15531865
-0.00812165
-0.08124958
0.09119976
0.09168008
-0.12826586
-0.11528204
-0.06278400
0.00843547
-0.00721245
-0.02326666
-0.01769417
0.04324034
-0.05370569
0.02512828
-0.12927097
-0.05065633
-0.07991023
-0.03916178
0.06442215
0.02082240
-0.14373076
-0.12205717
0.11005128
0.15174774
-0.02687674
0.01296605
-0.08238328
-0.07341106
0.04451912
0.04555526
0.06706232
-0.00267953
-0.04074157
-0.03784873
0.02543864
-0.04468089
0.10712656
-0.02102995
-0.03029131
-0.03896356
0.07497949
-0.00303217
-0.01740866
0.00094150
0.03523869
-0.04338318
0.00373896
0.01360111
-0.07850304
0.01872007
0.04212098
0.00855138
-0.07723796
-0.11605697
-0.02188565
0.02912590
0.04113985
0.06079284
0.01861510
0.12626094
0.01196703
0.02177722
0.18203128
-0.00503463
0.04640266
0.02860918
-0.00255410
-0.04613747
-0.07959537
0.00232340
-0.01715205
-0.01408557
-0.12678719
-0.04572359
-0.04068235
-0.02500268
-0.02557719
0.03528057
0.03157760
0.09507668
0.03140135
-0.08087955
-0.03938425
-0.00010326
0.02037740
-0.02146681
-0.05288289
-0.04550788
0.03887166
-0.00381213
-0.06221944
0.01552047
-0.03957520
-0.06678846
-0.03717749
0.01608371
-0.11009237
-0.05037648
-0.00006795
0.04480744
-0.02498930
0.01384319
-0.03960633
-0.06735931
-0.03377654
0.07846077
-0.01922578
-0.03218222
-0.12169638
0.04041385
-0.06615804
0.04394906
-0.05808485
0.03431060
0.17883126
0.02997020
-0.01830365
0.01922573
0.08670904
-0.01061881
0.02178960
-0.14886533
0.02155096
-0.07481578
0.02963666
-0.06484264
0.00849143
-0.01676519
0.00135122
-0.05604970
0.11266627
0.01057240
-0.04084695
-0.01331696
-0.08311799
-0.00978273
-0.16253510
0.03934554
0.03630939
0.09275567
0.03445363
0.01551424
0.07834114
0.00576599
0.00324286
-0.11441548
0.09974510
0.14151796
-0.14144012
-0.14836422
0.00831216
-0.04932290
-0.01387677
0.04352167
0.06145874
-0.14361806
0.05466823
-0.06289220
-0.13836637
0.11477707
-0.06566589
0.07214962
-0.07974397
0.06001706
0.03922836
0.02956621
-0.01668592
0.07992368
-0.05932378
0.05811132
0.05832895
-0.01780803
0.11677104
-0.11105863
-0.08531411
0.06883947
-0.01448393
0.05203125
0.01142488
-0.00013343
0.01081169
0.15077715
-0.09201077
-0.07115075
-0.00980145
-0.05984405
0.02841399
0.03621012
-0.00832641
0.02428797
0.04203674
0.12088490
-0.01237053
0.06298189
-0.06510432
-0.04379821
-0.03946574
-0.08427648
-0.01389854
-0.02602943
0.02219147
-0.04413802
0.02692381
0.02276267
-0.00608280
0.15601735
-0.08343434
0.00704104
0.01086163
0.05359895
-0.05488347
0.21811981
-0.01110436
0.03266025
-0.00738604
0.01922763
0.07750837
0.09492991
0.07052310
0.06224676
0.17753226
0.02556156
-0.11554505
0.01501197
0.01278734
0.02237893
-0.19000006
-0.13873952
0.06421915
-0.01743351
0.05442245
-0.08882709
0.02155110
-0.08144524
-0.13571850
0.01570723
-0.12835209
-0.00228260
-0.03374024
-0.04431572
-0.05006966
-0.02959247
-0.00337600
-0.07347564
0.00664721
-0.03350157
-0.05489487
0.04706778
0.07511090
0.02760703
-0.03051677
-0.11825478
-0.01842956
0.10395191
0.03463245
0.05393224
0.07797832
0.12632180
-0.14938912
-0.03001634
0.02000635
0.04861436
0.00042350
-0.00675195
0.04092538
0.03133711
0.07937467
0.00973965
-0.02824772
-0.03809680
-0.02342550
0.06711386
-0.01980770
-0.05112137
0.08961953
0.08886656
0.01268118
-0.00567241
0.10110619
0.01507226
-0.12077992
0.02182978
0.06096381
-0.07029079
0.09157097
0.05290582
0.06281454
0.08652221
0.08789235
0.03778716
-0.00295941
-0.08365087
0.02444459
0.04687928
-0.05284282
0.04711054
0.05376236
-0.03602289
-0.13205565
0.15872565
-0.04695463
-0.06267172
-0.02580635
0.03190947
0.05337396
0.01663053
0.00721166
-0.00677554
0.02573919
-0.00952528
-0.01934851
0.02134562
-0.08384319
-0.05855629
0.06766282
-0.10814911
-0.02756754
0.04393587
0.03201690
-0.02416276
0.00916810
-0.08530211
-0.03056227
-0.13992609
-0.02780725
0.00752564
-0.00961159
-0.04048438
-0.05204958
-0.05997235
0.16348918
0.02910323
0.02265367
-0.02597733
0.06161461
0.07838510
0.01792802
-0.08449731
0.11873888
-0.00918690
0.03948747
-0.02901840
-0.03183381
0.10279759
0.01403010
-0.11126713
-0.05884265
-0.02002351
-0.04158155
0.03651333
-0.07377549
-0.03211894
0.02692328
0.07720332
0.10882245
0.06912162
0.01279201
0.02903541
0.02356374
-0.03954944
-0.03266705
-0.11756004
-0.03011199
0.14463839
-0.07628024
-0.10942979
0.02032237
-0.01707249
-0.00737883
-0.05186711
0.10270923
0.03423178
0.16843614
0.02313676
-0.14589621
-0.18561782
-0.05558168
0.07166358
-0.09328816
-0.08973504
-0.07472113
0.02003033
-0.13268298
0.00342018
0.06486653
-0.08025908
-0.01952469
0.09627284
-0.00503314
-0.03344166
0.09489284
0.02037345
0.04385411
0.03718360
0.13159012
0.01184432
0.05363759
-0.08140304
0.02526675
0.13762292
-0.02002445
0.02111206
0.08591798
-0.03136132
0.00104519
-0.08894136
-0.10626437
-0.03735190
-0.05057319
-0.04447644
-0.15002825
0.03071987
0.03782653
-0.03887060
0.06098781
-0.05214709
0.01637819
-0.04129173
0.02490984
0.06556984
-0.02389859
-0.02431465
0.03421138
0.00693350
0.09073169
-0.03497197
-0.14183527
-0.00037345
-0.05668871
0.04986149
0.10109174
-0.09733285
0.01845426
-0.02301535
-0.04532323
0.11407318
0.02530167
0.02130526
0.02279830
-0.05250213
-0.04110427
-0.02362226
0.02190564
0.11258739
0.05581069
-0.08966949
-0.08928783
-0.03722385
0.01055801
-0.15430176
0.05400899
-0.04991285
-0.03027639
-0.10639299
0.01271035
-0.01431651
-0.13349394
-0.11522493
0.07262840
0.00473722
-0.00272362
-0.01650949
-0.03399678
-0.02672907
-0.07735207
0.00181382
0.10802778
-0.09943195
-0.04362383
0.10049506
-0.09088489
-0.09281157
-0.04123768
0.06199597
0.04211212
-0.09550749
0.10122663
0.00739802
0.08446461
-0.09900352
0.08839728
0.01046139
-0.03014550
0.02496988
-0.06807110
0.04025517
-0.00328371
0.16489524
0.01634891
0.05880015
-0.00956817
-0.03496623
-0.17920844
-0.01428513
0.00702408
-0.01425622
0.03744419
-0.00348971
0.01009478
-0.12088901
0.06484521
0.01853363
-0.06228768
-0.04444518
0.08973085
-0.01194068
-0.04735970
-0.12983868
0.01200437
0.03812659
0.02044382
0.02435696
-0.01893782
-0.00424252
-0.02107012
0.07443915
-0.02786902
-0.08100586
0.01603758
0.16034700
0.02899493
-0.08895951
-0.08657134
0.05901524
0.09540671
0.08809900
0.00832527
-0.01926480
-0.00286021
0.09931133
-0.04756139
-0.07776298
0.01638585
0.05824332
0.08316475
0.05175434
0.06075397
-0.04091626
-0.04132672
-0.02666676
0.08114781
-0.16327668
0.01094954
0.17426189
0.13109335
-0.01332164
0.09000109
0.01607726
0.07236805
-0.04363455
0.14111534
0.01483723
-0.02898502
0.02978395
0.04329899
-0.03710091
0.03610793
-0.11932451
0.01256822
-0.06781158
-0.02660418
0.05564068
-0.01223548
-0.03542289
0.13131890
0.01335066
0.10430403
0.00332709
0.02095851
0.09419424
0.07265097
-0.01591581
-0.10420241
-0.03350769
0.05930886
-0.01974998
0.03012128
-0.02903338
-0.06292228
0.13310970
-0.04433727
-0.05634101
0.05770363
0.02321146
0.11444902
-0.03676740
-0.01894774
-0.12441039
0.01189397
-0.03473035
0.14471434
-0.04876264
0.02828518
-0.01098270
-0.00403353
-0.03915143
-0.04911285
0.05092074
0.00557320
0.05095255
0.01189817
0.02333124
-0.02237922
-0.02480156
0.04448207
0.03285532
0.02762049
0.04904150
-0.15743417
0.08467956
0.09676165
0.14178641
0.01273590
0.03166375
0.00551517
-0.08787404
0.09139827
-0.01124328
-0.06918702
-0.10440577
0.02405443
0.01206135
-0.07359190
-0.05515815
0.08622701
0.01248392
0.04157922
0.05717058
-0.01858069
-0.02803766
-0.00588268
0.02277377
-0.11806596
0.05686129
-0.03324417
-0.03004520
0.03650208
-0.07987850
0.00684156
0.08676786
-0.05411196
-0.02134730
-0.01248478
0.00063137
0.06564564
0.09323543
0.01657322
-0.18312059
-0.02194224
-0.06725598
0.06928173
0.09535358
-0.01060004
0.06020920
0.10828882
-0.02020178
-0.10000948
0.02987491
-0.07335381
0.09654490
-0.07353250
0.03501758
0.04928828
0.10219943
-0.11499359
-0.06927161
0.05607628
0.02358533
-0.04620872
0.10431890
0.02692972
0.11159245
-0.02698240
0.11549331
-0.02573289
0.00964485
0.01192604
0.01036224
-0.07043068
0.01706817
0.06538235
0.01581980
0.06593632
0.02952434
-0.04942788
0.06023386
0.01623918
-0.13037266
0.07932191
0.07392687
-0.07839237
0.00422057
-0.05235228
-0.02091297
-0.04601762
-0.01491824
0.11139497
-0.01470686
0.12993760
-0.03216983
-0.00215881
0.03113662
-0.03669408
0.03044937
0.01137143
0.02024797
-0.00050828
-0.04234711
-0.00227310
0.03626173
-0.04528093
-0.03011401
-0.01383601
-0.02329483
-0.05243790
-0.13222766
-0.09626304
0.07465638
-0.11257572
0.10342198
-0.02180994
-0.06014708
-0.02541029
-0.01925231
0.12632174
0.07148873
0.12817929
-0.02255142
-0.00298269
0.00719121
-0.02372494
-0.05577409
0.14495218
0.01520735
0.06379474
0.06354272
0.05889197
-0.10389803
-0.09771215
0.04491524
-0.00593069
0.08509688
-0.01780600
-0.02073140
0.11414302
0.11269630
-0.04262389
-0.00491384
-0.03803622
0.02869278
0.04695112
-0.05577527
-0.02374295
-0.04705063
0.06286111
-0.03842118
0.16729129
0.02758758
-0.00736767
-0.05722951
-0.02017277
0.01897058
-0.06040658
-0.04002623
0.05460176
-0.02469858
-0.18779751
0.04849852
0.04518337
0.02807757
0.17404890
-0.01598792
0.03023816
-0.04380198
0.02199010
-0.03016335
0.06471064
-0.05244107
0.04260963
0.11114970
-0.02084930
0.06752352
-0.03940975
-0.04927035
-0.10005810
-0.02999817
0.01384460
-0.17339965
0.02622293
-0.10389751
0.01415360
-0.05975350
0.01787593
-0.03511565
0.00660838
-0.12695801
0.03906257
0.05115500
0.11930649
0.04198077
0.08201052
0.08668480
-0.13963662
0.00183330
0.03109071
-0.13674466
-0.00803977
-0.01287868
-0.03673574
-0.06312013
0.04543449
-0.13165027
0.05603141
-0.07685570
0.01857382
0.04018309
0.00727562
-0.04934108
0.03019414
0.07196914
0.00452791
-0.03370192
0.08955044
-0.02032427
0.01197010
-0.04119414
0.05507654
0.06934162
0.06129020
0.03946508
-0.04024379
0.06700317
0.04932091
-0.07535705
0.03031262
-0.01423739
0.02221598
-0.06216575
-0.06655178
0.07944483
-0.00173257
0.02502424
-0.14879836
0.06185147
0.05215626
0.09758047
-0.06079243
0.00197295
0.05085398
-0.08563510
0.08776978
0.05400227
-0.00232358
-0.00085578
0.01764417
0.02791415
0.17850815
-0.04153452
-0.08323164
-0.08788464
-0.00075615
0.00428586
-0.04231615
0.01305404
-0.04118759
-0.02590434
0.10253887
-0.04036983
0.00812945
-0.01886751
-0.04356944
0.10064203
0.07080873
0.01430718
-0.07209471
0.11668871
-0.02003962
0.05125372
-0.02373506
-0.03262270
-0.10001181
0.08309423
-0.08084433
-0.13011172
-0.00557031
-0.08596801
0.05292094
-0.08698451
-0.04400090
-0.00256056
0.01021597
-0.06471155
-0.00052069
-0.02106354
-0.09645559
0.03982412
-0.11681251
-0.06081811
-0.05382403
-0.00008934
-0.00264788
0.02202377
-0.14798999
-0.07488025
0.04558793
0.02138320
-0.13062254
-0.03080810
-0.14117076
0.05443130
-0.03767657
-0.05170475
-0.00947674
-0.07252408
0.09604726
0.01967623
0.14617400
0.06738941
-0.06702814
-0.05613937
0.05619311
-0.03000915
0.04918486
-0.02712797
-0.06809539
0.10055229
-0.16830582
0.02662657
0.07859805
-0.05066406
0.00169233
0.05075933
0.00450285
-0.09927263
0.08716826
0.04371148
0.05676218
0.04369863
-0.00279536
0.02044356
0.08776961
0.03450200
0.05492598
0.01259662
0.03439973
-0.07001874
0.03518706
0.10296390
0.00729023
0.03396552
-0.01690498
-0.08061359
-0.16049589
-0.09857106
0.07388839
-0.10275724
-0.09712137
0.00677512
0.07752178
0.03215932
-0.03343723
0.03974389
0.04851991
-0.00360322
0.03995125
-0.05036469
0.01913441
0.09924449
0.00285898
0.16589546
-0.06959286
0.14846089
0.03227771
0.01385248
0.23208705
-0.03069516
0.10741660
0.04412504
0.07692508
-0.02882062
0.04807430
-0.06349110
-0.06639819
0.03027213
-0.00001154
0.02687256
-0.10903623
-0.00003564
-0.10114027
-0.08324258
-0.05505992
0.01417202
0.05218446
0.02912654
-0.13178973
0.06802835
0.07503884
-0.05699754
-0.01059494
0.02639602
0.10955496
0.11132245
0.01352075
-0.09057987
-0.03117638
0.02616623
0.00626861
-0.01959788
-0.04269171
-0.07570253
-0.02703225
-0.06420343
-0.02963598
0.10176821
0.04691248
-0.18265863
-0.00793901
0.07578955
-0.04405035
-0.04398608
0.10026839
0.00199725
0.08086973
-0.09228764
0.04996104
-0.02968894
0.10032741
0.04807523
0.07495019
0.04179049
0.01261329
-0.02378659
-0.00177032
-0.09391592
-0.08112670
-0.03760773
-0.09836116
0.07532980
-0.11739252
0.00898152
-0.03894007
-0.04439253
0.01079857
-0.02875922
0.02290780
0.05337134
-0.09846939
-0.10521356
-0.14490941
-0.03696084
0.10103029
0.02461229
0.04220761
-0.08439090
0.05074411
-0.02551177
-0.08483530
-0.04553816
0.03145251
-0.08773143
0.05827570
-0.11216552
-0.00962298
0.02118606
-0.06699550
-0.09228432
-0.13941672
0.01947527
-0.00784453
-0.04061167
0.06738441
-0.00824442
-0.03168180
0.06997103
0.10912981
-0.02549996
-0.09965492
0.03693679
0.00590905
0.04019411
0.14220864
0.04956368
0.06549488
-0.09089339
-0.01799193
-0.03453509
-0.08206788
-0.03162302
0.03604908
-0.00036901
-0.04575477
0.08848811
-0.09623610
0.00950924
-0.01260280
0.02612062
-0.01715450
0.00981908
0.01788121
0.00188435
0.07360847
-0.06868475
-0.02543740
-0.05374333
0.06999996
-0.06791999
0.02262587
0.05130717
0.02292693
0.15025836
0.07475084
-0.06052141
-0.11129984
-0.03123812
-0.08878793
-0.09382770
-0.00682826
0.07663951
0.15028375
0.08644261
0.01330549
0.08425422
0.05763903
0.00804486
-0.02064619
0.04185719
-0.07111267
-0.03378963
-0.04950669
-0.09838930
0.04606824
0.01394553
-0.08122274
-0.07933430
0.00705099
-0.03437553
0.06214664
0.00068810
0.08455440
-0.14933636
0.06652896
-0.07946945
-0.05342519
-0.10120267
0.06779943
0.08906233
-0.06558176
0.01871634
-0.01208760
0.11819879
0.05096102
-0.09056020
0.09073779
0.12553766
-0.07178817
0.01958323
-0.05665038
-0.12247560
0.00928697
0.11880113
-0.05726045
-0.03241554
-0.00755980
0.06087353
0.08221523
0.02470954
-0.03469805
-0.04155247
-0.07271062
0.11379597
0.02736765
0.03236720
0.05279134
0.03682573
0.09804708
0.00748365
0.22613668
0.06822296
-0.07650843
0.01306986
-0.00836103
-0.00218886
0.09600170
0.03715090
-0.04737155
0.08919719
0.04670154
-0.04809710
-0.06333125
0.06822448
0.04995741
-0.06626022
-0.05170368
0.01213265
-0.06061338
-0.06420342
0.02592407
-0.08387623
-0.09392539
-0.04762726
-0.09291587
-0.10170529
-0.07380452
-0.03353545
-0.01655173
0.01723524
-0.08095247
-0.01360631
-0.04354714
0.20807572
0.08697831
0.03222380
0.08547192
0.03607307
-0.02262093
0.00280592
0.04235601
0.01893763
0.01676175
0.15420453
0.00157138
0.01545808
0.03601269
-0.11231162
-0.04965620
0.10966105
-0.03942725
-0.08147788
0.07220349
0.15426233
0.02602291
-0.16189543
0.05756395
0.03300394
0.03514833
-0.09415238
0.06151418
-0.06854951
-0.04088197
0.01697155
-0.09338107
0.05485110
-0.00441389
0.06957258
-0.09402046
0.04099517
0.09623014
0.01581276
-0.06646810
0.04134881
0.04836642
-0.04279068
0.07259632
-0.05594999
-0.04842584
-0.10059862
-0.02957385
0.00660780
0.00116060
-0.10371869
0.07991201
0.03208796
-0.00161357
-0.06119857
-0.03233536
0.04877248
-0.04173234
0.03502492
-0.05944624
0.01973557
-0.00151172
0.17973696
-0.10038623
-0.07746558
-0.05845070
0.13104260
-0.06912860
0.04507009
0.04124095
0.07349585
-0.00031847
0.02554621
0.11763934
-0.01664205
-0.09923123
-0.03532586
0.03077890
-0.01285799
0.00190783
0.03728518
-0.03765137
-0.05966626
-0.15030851
0.01231926
-0.01841360
0.00068946
-0.07758710
0.02766919
0.04429213
-0.18047570
-0.03381114
0.01456447
-0.06404930
0.01789484
0.10805165
0.08154431
0.04160409
0.04283793
0.10433932
-0.01392986
-0.10815667
0.06999101
0.02524099
0.00968780
0.04143411
0.02675511
0.02940160
-0.05464114
0.03659285
0.01782104
-0.09173083
-0.16140329
-0.11126985
-0.17686162
-0.22344300
-0.08390569
-0.22287481
-0.11662829
-0.10706603
-0.15698131
-0.17403559
-0.06505217
-0.09062695
-0.09515497
-0.22842511
-0.17501608
-0.01885563
-0.04590116
-0.05359891
0.04579882
-0.03013246
0.19467748
0.03636575
0.24256261
0.03522872
0.16219666
0.26362765
0.12701493
0.35166289
0.32365575
0.21857221
0.24008137
0.21344558
0.22861461
0.23637275
0.20717491
0.29515872
0.25771928
0.13413429
0.03070469
0.16542223
-0.01848339
0.09560476
0.08897123
0.03654520
-0.06319281
-0.07339161
-0.01983640
-0.13925348
0.00628397
-0.14478616
-0.18793408
-0.23201817
-0.11121328
-0.26668151
-0.29510607
-0.11639944
-0.16633060
-0.10887248
-0.18838534
-0.27004782
-0.08673227
-0.08033583
-0.09137743
-0.10250206
-0.11505271
-0.03612047
-0.00818090
0.03607130
-0.02340451
-0.00959901
-0.04176197
-0.10241954
0.03021412
-0.02144760
0.09145502
0.04656336
0.02880341
-0.01941172
-0.04133512
0.10738490
-0.02013511
-0.02114423
-0.01150076
0.11070480
-0.01317290
0.07413675
0.04578229
0.04110720
0.12113391
0.00652127
0.04627737
-0.09486003
-0.12925870
-0.05219494
-0.11722496
-0.02144254
0.08368624
-0.04117991
-0.01416420
-0.04680605
0.06369856
-0.03276362
-0.06200973
-0.12076565
-0.28001049
-0.00958392
-0.25905863
-0.03137793
-0.04742991
-0.09213909
-0.13999352
0.04385236
-0.10240502
-0.00238263
0.00760528
-0.00434582
-0.03464468
-0.02380393
0.05929933
-0.00386222
0.13902062
0.16475003
0.16970625
0.22680435
0.17495207
0.23619877
0.33430057
0.19473803
0.23123826
0.22139164
0.30899406
0.27631702
0.23001502
0.39627696
0.08789747
0.21682911
0.31586626
0.21084667
0.19673990
0.26834525
0.13447937
0.05201421
0.00821781
0.06606597
-0.07891786
-0.14895590
-0.12720484
-0.12628190
-0.37090055
-0.35046863
-0.38260467
-0.53811034
-0.38678085
-0.54065605
-0.40745852
-0.45915877
-0.61180105
-0.56116259
-0.53586167
-0.50722922
-0.44578391
-0.43296250
-0.35309035
-0.24933021
-0.27859125
-0.30500502
-0.15126394
0.06918928
0.02740587
0.07743550
0.09050437
0.35079741
0.18920496
0.39860863
0.33076076
0.39935970
0.40269508
0.44841985
0.37035116
0.47963005
0.34162548
0.44038506
0.39859546
0.29301952
0.35012676
0.30779472
0.27474802
0.23753208
-0.03489022
0.13825150
0.01925497
0.18452746
0.10292763
-0.08504582
-0.13940679
-0.03025078
-0.00788373
-0.15153422
-0.09403885
-0.11691447
0.05886218
-0.09249452
-0.03183317
-0.19308250
-0.08045178
-0.14271985
-0.07297919
-0.03733190
-0.12057966
0.02319085
-0.11859420
-0.03139965
0.06982158
0.01000939
-0.03835250
-0.08193146
0.02685837
-0.05217654
0.03608125
-0.13064079
0.02042008
-0.12768911
0.00759826
0.01503921
0.00048540
0.02237263
0.06396670
-0.02394706
0.00250708
-0.00411029
-0.04315720
-0.06936613
-0.04607647
-0.09606165
-0.02164257
-0.04925894
-0.12210834
-0.06701548
-0.10209325
-0.06443748
0.01861876
0.02017960
-0.00626556
-0.08896013
0.13695817
0.08860563
-0.02479496
-0.06142843
-0.08568392
0.02699721
-0.06284264
0.10096074
-0.06617725
0.01395139
-0.04617970
0.24624912
-0.05700609
0.09746201
0.02348236
0.05461311
-0.03653300
-0.03249667
0.13268505
-0.07726124
0.11741880
-0.02026357
-0.04855089
0.02314634
0.10128807
-0.02614454
-0.00581626
-0.14222981
0.02804861
-0.02561381
-0.05927926
0.06009141
-0.04605591
0.06402010
-0.07323381
0.09256935
-0.04082236
0.02334431
0.09874518
-0.00015130
0.13073869
-0.06301707
-0.00216977
0.12962313
-0.02859695
0.02036790
-0.01576294
-0.03618447
-0.13440730
-0.03153761
-0.06683503
-0.08880323
-0.06363936
0.12972997
0.03732666
-0.05592441
-0.05022322
0.02011460
0.03123202
0.12550046
-0.06204288
0.09794279
-0.07451725
-0.04997985
-0.05259793
0.00187611
-0.08169022
-0.00222378
0.03723409
-0.03484125
0.03445183
-0.01290293
0.01720328
-0.03268883
0.05422726
-0.03668173
-0.04671886
0.08631201
-0.00498178
-0.00034646
0.13572866
-0.06426230
-0.01290916
0.08612633
-0.02446244
-0.02102447
-0.03258025
-0.02483418
0.10040559
-0.04619485
0.06851266
0.19318553
0.06864560
-0.02555198
-0.03707890
0.01679620
0.10144665
0.14287041
0.00562207
-0.05459606
0.18722462
0.07226712
-0.01618547
0.09061955
0.09001922
0.07077164
0.06921560
0.06127246
-0.00255540
0.01303125
-0.13868775
0.02934322
-0.04390473
0.07384452
-0.13293991
0.05922190
0.10184935
-0.04768457
0.02512153
-0.09012813
-0.08021926
-0.16885476
0.13805782
-0.08676793
0.04691630
-0.05858126
-0.03294777
-0.02398321
0.08542046
-0.06563753
0.06987654
0.07018122
0.05850089
-0.03049762
0.11896474
-0.00345173
0.03713306
0.10860663
-0.09689318
0.12225294
0.20897660
0.06294607
0.07364528
0.17012526
-0.06084106
0.02553221
0.14618691
-0.00252666
0.03822547
-0.17076183
0.00091989
-0.10189366
-0.22959587
-0.02122796
-0.04203367
-0.05349287
-0.01526032
-0.06795473
-0.12053106
-0.14206734
-0.07665101
0.04021146
0.13484063
-0.10745819
0.02206789
-0.06945927
-0.01216800
-0.04174764
-0.00874670
-0.09582757
0.01350114
-0.07368818
0.16869685
-0.01174764
-0.09757916
-0.05894210
0.05671405
-0.06296432
-0.06798438
-0.02910540
-0.09031670
-0.06977621
-0.03424133
0.10683904
-0.00270790
0.11171573
0.09665974
-0.01455463
0.03547819
-0.05676582
0.04731698
0.02970521
-0.02746961
-0.02827343
0.00167454
0.20537571
-0.12359472
0.06514171
0.12115793
-0.05087541
-0.07611264
0.11408898
0.03246815
-0.09115639
-0.03123953
-0.12077401
-0.01516731
-0.07120099
0.00699331
-0.00701350
0.10459039
-0.01588479
-0.17478020
-0.05122349
-0.00468552
-0.04851052
-0.12677489
0.03345198
0.03717649
-0.01396467
0.00309366
0.02628998
0.17082441
0.02864173
0.03755904
0.02611119
-0.05468887
0.01184329
-0.01444201
0.14013042
-0.00487572
0.10876094
-0.12832500
-0.00489731
-0.02730384
0.09464708
0.06706665
-0.07799699
-0.13347088
-0.01170688
-0.06345451
-0.05323420
0.08506972
0.01703586
-0.05386458
0.01867677
-0.01877494
-0.01506866
-0.12718078
-0.07630290
-0.04984087
-0.08872803
0.08482035
0.08613634
-0.09917871
0.16498638
0.03853610
-0.03502122
-0.10487946
0.11691213
0.06317865
-0.16459713
0.01484549
-0.09003591
0.00748610
0.00841434
0.01106494
-0.02390774
0.09919203
0.03374009
-0.07429417
-0.01125835
-0.02536155
-0.09361029
0.05647843
-0.09076721
0.06701123
-0.10803701
0.04467522
0.09492609
-0.03648016
0.02269488
-0.23540289
0.08741784
0.15134364
-0.05991417
-0.10689520
0.02689807
0.05939170
-0.01176378
-0.05024645
0.05302132
-0.04831248
-0.01471022
-0.00542173
0.03209864
0.01837354
-0.11508187
0.00081232
0.05737417
0.11853952
-0.04673106
0.02779402
-0.03605817
0.10037473
0.02244781
-0.05753465
0.08487199
-0.18739941
-0.14247701
-0.03703291
0.03482944
-0.08261089
-0.15772977
-0.05028268
0.07574544
-0.06949211
-0.01652586
-0.14030759
-0.09309160
0.05628219
-0.03701657
0.05953319
-0.08264111
0.02634205
-0.12976355
-0.02996808
0.04541706
0.20769920
0.00691066
-0.03217643
-0.07209079
-0.02580853
