-0.32856650
-0.21561239
-0.11115299
-0.32875653
-0.04952801
0.07929425
-0.24171684
0.05461459
0.26601851
-0.13115977
0.13905217
0.05714852
-0.18282059
-0.16108015
0.18355721
0.45835785
-0.06000681
-0.21358840
-0.07898304
0.23692313
0.04397815
-0.05763166
-0.12019321
-0.18061802
0.21088135
-0.19564205
0.41144213
0.19461219
0.13255341
0.03187515
0.03893460
0.27428746
0.23514833
-0.23491728
-0.05489635
-0.27564784
0.20755508
-0.39277932
-0.04778744
-0.15205865
-0.04803533
-0.19933360
-0.24652965
-0.17546196
0.04018601
-0.10568825
0.08466366
0.23400553
0.05400593
0.03724797
-0.29257836
0.64327623
-0.26488093
-0.20914878
0.20485927
0.18587612
0.38064175
0.09734652
-0.16308578
0.11661079
-0.28350360
-0.55354494
-0.01144394
0.06984039
-0.20456631
0.21571930
0.64886539
-0.42163901
0.00058639
0.55968252
-0.10110340
0.23675753
-0.06279148
0.18722367
-0.04132617
-0.11509759
-0.01403916
0.52192150
-0.01584886
-0.11836306
-0.19664282
-0.04279881
-0.05577157
0.33376964
0.21015770
0.22931537
-0.25738490
0.13255937
-0.24708238
-0.05193477
-0.04531149
0.25357608
0.28884406
-0.09866826
0.26766509
-0.33204570
-0.11212734
0.05850104
-0.13127999
-0.04922726
0.14851071
0.23290865
-0.04575685
0.11296800
0.30578637
-0.03356140
-0.01829222
-0.13866653
-0.32083528
0.27766074
-0.06344214
0.01902328
0.04010168
0.21621788
0.04778664
0.20917446
-0.28221810
-0.19632314
-0.07506203
0.25241181
0.14133713
-0.05989703
0.13933631
0.11079451
0.14122069
-0.36465490
0.09440584
-0.30084535
-0.08965309
-0.13906576
-0.00876542
0.09073153
0.11577673
-0.05146382
-0.18866064
-0.33315958
-0.02989137
-0.23708783
-0.40813862
-0.20295493
0.08777191
-0.11338903
0.38616989
-0.00894046
-0.26977255
0.24130365
-0.54213731
0.14507599
-0.09579740
-0.22427341
0.07067343
-0.20001553
0.08234552
0.18131249
-0.16065978
0.06370983
-0.27153898
0.03938530
-0.13148886
-0.02676108
0.18883756
0.12000494
-0.48969456
-0.12255137
0.31634031
-0.06345661
-0.06563306
-0.11303875
0.05399521
-0.33292030
0.34923355
-0.06905871
0.22226993
0.11118074
0.14009109
0.14592333
0.01034163
-0.14946880
0.02309156
0.06070656
0.16073629
-0.19202398
-0.03261370
0.04457427
0.14527595
0.31265382
0.16079316
-0.29712450
-0.03536376
-0.10955016
-0.01201023
0.01093103
-0.14517862
0.43089035
-0.32354952
0.18125508
0.35032749
0.15669262
-0.16565415
0.11233725
-0.10653353
-0.19620913
-0.05323189
0.28961016
-0.41929883
0.12611097
0.32281871
0.31770017
-0.47773500
0.02536045
-0.55026227
-0.12531243
-0.07244023
0.38966068
0.26063682
0.09507044
-0.04452693
0.03624353
0.33829388
0.10424176
-0.06278053
0.23993445
0.07784059
-0.70668182
-0.24866255
-0.25138135
-0.15743279
0.16397028
0.02459004
0.18438674
-0.16084399
-0.10019983
0.27437539
0.05041928
0.05091197
0.35414964
-0.27259808
-0.32003844
0.11465378
-0.11554512
0.05188081
0.08527525
0.00225049
0.08157217
0.15184106
0.68674811
-0.20762075
0.06143461
0.09303949
0.04572813
0.41163940
-0.00475441
0.26449189
-0.23212956
0.31473962
-0.13955400
0.16069991
0.15597035
0.08677890
-0.17867721
-0.12344863
0.28830221
0.34036428
-0.41502553
-0.06816054
0.27600739
0.18338987
-0.33203357
0.18403598
0.01565191
0.30232640
0.64178912
0.00482073
0.11377097
0.42635738
0.27560310
0.10740995
-0.38152615
-0.13436452
0.33622121
-0.47103594
0.19307994
0.10280039
0.30364160
0.24468675
-0.24339960
-0.14538343
-0.00639556
0.12646162
0.12736102
-0.00532652
-0.23508469
0.20927904
0.21332727
-0.01505871
0.05757751
-0.37267364
-0.26458661
-0.00196244
-0.01372982
0.06770711
0.05437673
-0.22473103
-0.29803600
-0.30601129
0.18516983
0.30222136
0.55485297
0.04887704
-0.06856587
-0.23609053
-0.03937520
-0.18419622
-0.19509267
-0.12123354
-0.62748359
0.29272710
-0.02492551
0.30632331
-0.02054497
-0.19703873
0.10044171
-0.00362255
0.12839263
0.14882732
-0.21939390
0.23186806
-0.18727352
-0.18826702
-0.26979685
-0.36930068
-0.28139142
-0.14020236
-0.03434054
0.46237407
0.07833030
-0.16839758
0.03276289
-0.09475335
0.19789115
0.07594071
-0.18247595
-0.13633802
-0.36934009
0.11510746
-0.13008237
-0.00256738
-0.11761766
-0.01529977
0.09126340
-0.02136841
-0.11802444
-0.07956139
0.24688231
0.05211200
0.10502530
-0.07553794
-0.06819462
0.05881051
-0.33931324
0.07768091
-0.14655438
0.04469582
-0.12459426
0.13767452
-0.04913186
0.04803568
0.01181195
0.07566023
0.26298391
0.03855439
-0.14308572
-0.11577013
-0.30772063
0.18069473
0.07195291
0.06925257
-0.12455767
0.35179537
0.01762500
0.25452957
0.13926003
-0.23650119
-0.42809875
0.00373805
0.01920573
0.02428231
-0.02691077
-0.03283851
0.13895487
0.09094342
-0.06358865
-0.16619113
-0.08102834
0.35535904
0.11028274
-0.07504666
0.20193496
0.11417164
-0.16792592
-0.00026313
-0.15350071
-0.09097048
-0.21676134
0.24454503
-0.48154443
0.03701903
-0.00489904
0.39074275
0.14207627
-0.24733564
0.14294322
-0.23717435
0.32647034
-0.08118314
0.01758967
-0.09522325
-0.15708206
0.26058384
-0.36795585
-0.23047272
0.32866894
0.16944940
-0.01381316
0.20864912
0.13194666
-0.08563680
0.15986168
-0.01234270
-0.07384048
0.11040175
-0.09395027
0.06077415
-0.00153890
0.13880789
0.03869109
0.27794972
-0.00603071
0.30012029
-0.18608930
-0.02277210
-0.45372272
0.00034718
-0.32792175
-0.20963272
-0.55922549
-0.05778822
0.24734589
-0.20231260
0.00834390
-0.14884018
-0.05109875
0.07241959
0.01227430
0.41429831
0.45498491
-0.22563841
-0.18184907
0.17250866
-0.25428316
0.07779387
-0.14231883
0.33152207
-0.33873839
0.29161980
0.02062570
-0.24751323
-0.13685007
0.18417660
-0.19767147
-0.24434589
0.00450648
0.20913708
0.32802334
-0.13235473
-0.25024827
-0.22432501
-0.06301688
0.16917346
-0.11987655
-0.28437080
-0.00047879
-0.04864176
0.40775310
-0.27481397
-0.06186902
0.11757393
-0.45242629
0.05182130
-0.01782605
-0.18164328
-0.14519633
0.56761822
0.09635242
-0.45411582
-0.20064957
0.08739820
0.00798267
0.35201376
0.12327235
0.01250782
-0.23459604
0.22243942
0.26593078
-0.03769866
0.05895012
-0.08549654
-0.30678269
0.20873704
0.07620565
-0.09474562
-0.06651342
0.36567220
0.00322334
0.26116200
0.13286549
0.20957676
-0.00845792
-0.15309622
-0.27006922
-0.11744690
-0.08392880
0.02715740
-0.21509055
0.09470337
0.05740405
-0.04682694
-0.10750433
0.12792241
-0.13812010
-0.05736408
0.12421859
0.03696415
0.06235082
0.01504069
-0.08443127
-0.02554930
-0.32730585
0.01800373
0.00055046
0.01291617
-0.03978188
-0.15893952
-0.12785009
-0.05972274
-0.08460859
-0.03983690
-0.13618178
0.34053197
-0.02163653
-0.29522062
0.19853614
0.30977836
0.15598758
0.15336259
-0.11292542
0.18312602
-0.32773365
0.14000175
-0.01829828
0.26639281
0.20798678
-0.02367166
-0.05401409
0.23664861
0.17991095
-0.27179452
0.03116149
0.02125663
-0.13895248
0.08264599
-0.00481820
-0.00758090
0.11806192
-0.46893119
0.00980998
0.04604953
-0.03227754
-0.19454064
-0.06663357
-0.41900815
0.32027187
0.05178049
-0.12869919
-0.04512494
-0.39944896
-0.21613790
-0.12949222
-0.02252068
0.01941985
-0.05550142
0.19076398
0.29997793
0.26354811
0.09925736
-0.20006356
-0.17371884
0.05720556
0.17170817
0.38343657
0.13429407
0.37248196
0.28151822
-0.33062064
-0.29307177
0.01521589
0.27395402
0.07928158
-0.24591869
0.40148281
0.37514931
0.04750774
-0.19874850
0.32863098
-0.24342450
-0.20787216
0.23962867
0.04682381
0.04086406
0.02743532
-0.24134429
0.13599558
-0.04870183
-0.09180272
0.07463104
0.11628440
0.07848976
-0.01443305
-0.34830896
-0.04737265
0.07497343
-0.05295953
0.06645191
0.10874954
0.00150250
-0.04948090
0.29408561
0.29945964
-0.06868280
-0.16133480
0.00300932
-0.17603478
0.02582704
0.34265295
0.43029453
-0.58143066
-0.01363177
0.43309608
-0.42765384
0.12333299
-0.20556866
-0.10894689
0.09024269
-0.10431654
-0.14324693
-0.04231019
0.08073417
0.01164814
0.04507463
0.11296867
-0.15902427
-0.18933586
-0.06191602
-0.08945799
-0.23832144
-0.04069825
-0.10184966
-0.10403379
-0.07070290
0.20482640
-0.50099525
0.00042465
0.06947945
-0.10676177
-0.46123456
-0.12130886
0.12409200
-0.18746561
-0.18327790
0.02900908
-0.10825983
0.07580128
0.33375725
0.07509813
0.17800068
0.15697494
0.01217410
-0.03465807
0.16479978
0.03068575
0.35844542
-0.06497411
0.11025161
0.32126708
-0.19349295
0.32526126
0.07502604
-0.30685403
0.15198081
0.08065094
0.01273664
-0.02659379
-0.13392770
0.27393430
-0.39624506
0.06098713
0.19801851
0.04859924
0.02452913
0.65719210
-0.00756661
0.22845038
0.15902708
0.16511840
0.23855621
-0.25446545
0.05717498
0.01538095
0.72741120
-0.08308794
-0.21347274
0.00795044
-0.21121003
-0.17824078
-0.08776421
0.00907292
-0.23450849
-0.05688715
-0.31758894
-0.14608146
-0.02351730
-0.03475122
-0.23058223
-0.13804931
0.01987200
-0.01800851
-0.25585365
-0.01932068
-0.03449974
-0.07698187
0.19419991
-0.18718555
-0.00437862
0.15738654
-0.25705189
-0.12798124
0.12902061
-0.00677687
0.06484500
0.22621203
0.31296413
-0.31115234
-0.14286152
0.10933229
0.15971918
0.14333697
0.09971873
0.13910255
-0.10321461
0.20815246
-0.10127245
-0.42126192
0.16567666
0.04403274
0.18883675
-0.29612947
-0.26810945
-0.23389421
-0.06117785
0.01587308
-0.27573591
-0.04217335
0.49139232
-0.30331192
-0.04579550
-0.07468490
0.10496840
-0.14965127
0.27555234
-0.32714969
0.17160749
0.21028162
0.21403670
-0.17252212
0.39503406
0.06574267
0.36877169
0.31573053
-0.31124256
-0.10808572
0.40128539
-0.04170261
-0.09287144
0.06982845
0.08448337
-0.09937169
-0.28046249
0.11983002
0.08840033
-0.17666344
-0.25078283
0.03906296
0.42829426
-0.00644128
-0.16539255
0.09659314
-0.21250717
0.08075422
-0.25064834
-0.09314207
-0.25539369
-0.08936497
-0.33895962
0.01734739
0.21955175
-0.13594045
0.02288689
-0.26019045
-0.04215299
-0.19263439
-0.34123826
-0.07276956
-0.29180001
0.07330372
-0.15005433
0.08076561
-0.11645618
0.04328947
-0.02862743
0.07385950
-0.27641374
-0.05017504
-0.08008192
-0.37303943
-0.20110545
-0.35777435
0.15062269
-0.37130029
-0.07455745
-0.21605907
-0.14152452
-0.02729623
0.36552577
0.01837523
-0.27741460
-0.12089333
-0.23245174
0.16562612
0.02683041
0.11172967
-0.16062085
0.04927994
0.13478050
0.02611659
-0.37536077
-0.12985278
0.17675352
0.34465331
-0.09899575
-0.11083107
-0.21008215
-0.17683332
-0.08966767
0.01478320
0.33832473
0.15376016
-0.02323003
0.26327580
-0.38609995
-0.21046589
-0.11890789
-0.28803109
-0.16179553
0.19101586
-0.24937204
-0.50918965
0.38180532
-0.26810922
0.26827835
-0.22713837
0.21349078
0.06777204
-0.44676238
-0.05415275
0.13004308
0.01185574
0.08951144
-0.01571746
0.07393685
-0.28825677
0.11491722
0.04005159
0.06741561
0.04369539
0.10045936
0.03614836
0.10644947
-0.47788487
-0.11692352
-0.19199442
-0.26675946
-0.18897987
0.17900715
0.12531720
-0.25741792
-0.03781492
-0.14494190
-0.15476321
0.16472168
0.13536022
-0.10760090
-0.35389266
0.44399954
-0.03581692
0.30660369
0.02184558
0.16344000
-0.33491707
-0.00266953
-0.62740506
0.02470697
0.21496174
-0.08101079
-0.11690070
0.47818855
-0.02622922
0.15287991
-0.05934810
0.45755461
-0.38137183
0.52274056
-0.21991490
0.05576375
-0.19825473
0.03291235
0.03426969
-0.02519182
0.09402300
-0.33446159
-0.61787840
0.26463609
-0.10296529
-0.07266888
-0.08407466
-0.23453992
0.19239670
-0.25364346
0.13865777
0.22827573
-0.41422969
0.23444504
0.16711072
-0.10793941
0.07494284
0.15855743
0.09255683
-0.20027695
0.03027990
0.43664337
-0.03742548
0.35642640
-0.02455545
0.22784372
-0.04823286
-0.00453232
-0.18359379
0.00624509
-0.02987840
-0.07850176
0.11979827
0.27936785
0.12149167
0.03805696
0.18428817
0.30922622
0.14981809
-0.21000418
-0.01840083
0.15858621
0.15798636
-0.04026540
0.06388365
-0.24300363
-0.22607739
-0.18759859
-0.12749288
0.15888369
-0.40926760
0.72375854
0.44807709
-0.10373144
-0.13668943
-0.38251105
0.01466818
-0.08686428
-0.41416601
0.27590893
-0.05766139
-0.14991381
-0.03310225
-0.24017274
0.19621576
-0.14040850
-0.48789588
0.20087775
-0.19260944
0.13798827
-0.14098604
-0.12745064
-0.11845849
0.01552413
0.20773418
0.24511662
0.35101100
0.26313131
-0.03225276
0.06271735
0.19162322
0.04162906
0.08174312
0.12637171
0.13554031
-0.16396700
-0.15833339
0.07938454
0.18235177
0.00401502
0.00297598
0.23709432
0.10941342
0.35546417
0.68896570
-0.39651062
0.08328953
-0.15382127
-0.12776996
-0.29759490
-0.02306100
0.01821853
-0.06547578
0.45211265
0.14554782
0.10512626
0.28739836
-0.16216918
0.03666738
-0.11075423
0.36362325
-0.14264199
0.04653332
0.10972819
-0.39359349
0.24571619
-0.11123931
-0.06228459
0.33572838
0.37999076
-0.15002889
0.14923792
0.47920088
-0.02697187
-0.09115096
-0.44230747
-0.42200082
0.24053121
-0.00777854
0.02891520
0.18693370
-0.14532162
0.07012537
0.03020293
-0.14845750
-0.17543556
0.08490198
-0.20417858
0.36250192
0.05973960
0.27921033
-0.09625034
-0.11787004
0.21806943
0.25083080
0.11130770
-0.10523898
-0.00999097
-0.22493115
0.06397750
0.04264820
0.05363625
-0.16410459
0.26333769
0.16095208
-0.00202644
-0.05736501
0.23016573
0.05845953
0.15131887
0.47186271
-0.07261625
0.08969720
0.76193713
-0.32665718
0.19243374
0.10507004
-0.24920392
-0.25467420
-0.05140625
-0.44630087
-0.47841345
-0.10438100
-0.45874821
-0.04102193
-0.38988040
-0.41189673
0.10591116
-0.32782063
-0.32996990
-0.21077026
-0.41274561
-0.24272349
-0.40518814
-0.16804717
-0.25192726
-0.24168627
-0.22258495
0.19124699
-0.27220292
-0.12478225
0.24590759
0.01167127
-0.02946352
0.61801906
0.63726454
0.27057579
0.45308220
0.52371773
0.68678280
0.75343302
0.56225321
0.90070029
0.19857122
0.52557041
0.81978113
0.79960722
0.56900122
0.01555381
0.41974321
0.09028955
0.45495191
-0.01020879
-0.10143495
-0.05837501
-0.02659895
0.18238793
-0.04456748
-0.20849547
-0.48863354
-0.32042239
-0.83729128
-0.27660580
-0.48200148
-0.67869480
-0.70351665
-0.33813797
-0.25856642
-0.43207919
0.06589954
-0.48115510
-0.46353399
-0.45481705
-0.23481100
0.14483669
-0.14518629
0.13129705
-0.02080544
0.04379717
0.31235519
-0.17634421
0.19596307
-0.06239527
-0.18729067
-0.19218977
0.67225868
0.16107195
-0.21237573
0.08116166
-0.22484475
0.04866146
-0.30457109
0.24384430
0.20867992
0.49231107
0.05716708
-0.20808353
0.04706641
0.04485744
0.19227865
0.37188308
-0.25794290
-0.27644990
-0.02437340
0.23423662
-0.01431854
-0.23466262
0.05878488
-0.30652060
0.04377307
-0.61271342
-0.08888221
-0.20107617
-0.05466020
-0.08263460
0.23482240
0.27177980
0.15554611
0.16817118
0.17489162
-0.08942532
0.13810513
0.26623589
-0.02283876
0.23599172
0.49945995
0.30944575
0.07644419
0.20817056
0.00781959
-0.14811731
-0.00574169
-0.12158839
-0.12983481
-0.10721448
0.23338861
0.19901337
0.02046022
-0.08770093
-0.05764857
0.26894823
-0.06964555
-0.03269219
-0.14560964
0.06385432
0.29148369
-0.44071625
0.11177291
-0.07426263
-0.15389991
-0.04599730
-0.01173444
-0.01456000
0.14805458
-0.31956049
-0.12755677
-0.18019770
-0.14090844
0.09138617
-0.16715021
0.07109481
-0.12666414
0.29376385
-0.25265165
-0.14639433
0.35825479
-0.21610588
-0.32736890
0.15526265
0.16192032
-0.29233633
-0.38498917
0.08557360
0.22893748
0.14989549
0.32022168
0.10246588
0.15437851
-0.14681202
0.10427955
0.18938069
-0.09533934
0.28354228
-0.00898318
0.29529667
0.17407056
0.12560766
0.06153298
-0.09338574
0.10541312
0.40214493
0.13572143
-0.10769993
-0.19882668
-0.22957129
0.23291511
-0.27704743
0.34937715
0.25300187
0.15411181
0.27188713
0.03827739
0.79683918
-0.01885318
0.60345838
0.23421351
0.38800797
0.34465731
0.40894125
0.41542947
0.03683454
0.13432726
0.19060046
-0.21442055
-0.12835829
-0.19663542
0.15990626
0.07762003
0.02512973
-0.53351619
0.23533684
0.16400705
0.04580847
-0.33448223
-0.48598262
-0.71278316
-0.40589642
0.25176214
0.02259765
-0.22194410
-0.41096748
-0.37895873
-0.37919218
-0.53446070
0.33033660
0.20781344
-0.25075892
-0.59879498
-0.25613935
-0.12381027
-0.05557576
-0.22227171
-0.00211986
0.08857258
0.38056598
0.22590770
-0.06530575
0.03324982
-0.03511490
0.11041418
0.04443034
0.34202610
0.16379411
0.36276837
0.37677087
0.08992503
0.31247934
-0.24545910
-0.00619146
-0.04310840
0.15458527
-0.34009369
0.27174225
-0.56836114
0.18398035
0.00221931
-0.17082470
-0.16884031
-0.45505752
-0.28900154
-0.33457863
-0.26650463
0.00674496
0.02904180
0.05720895
-0.22986112
0.25203081
0.07726635
0.03988617
-0.13534026
-0.10944271
-0.14921068
0.38813180
-0.26023398
-0.11941593
-0.03581893
-0.04485284
0.35460716
-0.29788394
0.11367275
0.01012479
-0.07662282
-0.13619234
-0.26977464
0.17852602
-0.32928138
-0.39672933
-0.19451961
-0.15150547
-0.14732818
-0.15009235
0.44089582
-0.05741925
-0.20356905
-0.05431373
0.25939859
0.13168660
0.19904387
0.05150222
0.05413874
0.03344845
0.12112863
-0.13605066
0.02135615
-0.00078362
-0.00426758
0.04443055
0.24591042
0.07380241
-0.14581127
0.09836517
-0.04565549
0.06911775
0.36556392
-0.62260029
-0.63426787
-0.04337261
-0.29712270
0.04577188
0.18708441
0.11135966
0.02671801
-0.16033195
-0.36923622
-0.10764930
0.16506220
0.32452386
0.31428463
-0.21691870
0.00520381
0.15250000
0.35528175
0.14657770
0.38983410
-0.07971505
0.27745934
-0.02285060
-0.01188553
0.09007500
-0.07115063
0.23186116
0.00102104
0.07329948
0.36035880
-0.07816652
0.50031205
0.07375543
0.13071884
-0.11190289
-0.14779400
-0.01343412
-0.06479923
0.15875573
-0.18639674
0.39129009
-0.16935926
-0.12031717
-0.32118310
-0.15082024
-0.24727369
-0.04611662
0.20511191
0.27429459
0.18011223
-0.21318971
-0.14631423
-0.12111252
0.14408495
0.14501355
0.10274366
-0.13194297
0.22314325
-0.32916979
0.20173399
-0.30154541
0.15495741
-0.01737764
-0.02509015
0.10948162
-0.28342471
0.40779143
0.01925191
0.12500616
0.09986730
0.17392777
0.33021733
-0.17125807
-0.13489936
0.16924955
0.48363076
0.30190252
0.06589859
-0.15352209
-0.01999009
-0.12297187
0.15972946
-0.08790155
-0.15783085
-0.03919080
-0.06388257
-0.10077646
0.02326332
0.18757766
-0.01053787
-0.16382123
0.16547823
0.12037680
0.16018989
0.15898322
0.08877348
0.13396901
-0.27079268
0.29718235
0.16883526
0.07906771
-0.05261491
0.18886609
0.35567174
0.27677853
-0.08677416
0.13418297
0.15288588
0.00897106
0.30961428
0.19592952
0.10117401
-0.20867484
0.19879349
0.28754942
-0.57415762
-0.06190433
-0.45136829
-0.14409261
-0.18228348
0.01880908
-0.04580299
-0.14363849
-0.23159985
0.23947774
0.31246691
-0.00632161
0.10187988
0.21831164
0.12075959
0.12465573
-0.04938181
-0.24021050
0.11205064
-0.05664329
-0.10355245
-0.52938597
-0.11604896
-0.10531897
-0.04956536
0.00605888
0.07156649
-0.07069179
-0.07659559
-0.24991378
-0.32273684
-0.13388119
-0.10938366
0.20284420
0.19804508
-0.11574458
-0.13873895
0.06787105
-0.16883246
-0.05877705
0.24889629
-0.57059434
-0.23895665
0.47444887
-0.02062985
-0.05832147
-0.21888104
-0.17531530
-0.00222233
0.20282195
0.21267160
0.31738330
0.06219022
-0.16852782
0.12379781
0.10636231
0.09783042
-0.04117007
-0.01917099
-0.10085385
0.32059530
-0.53301952
0.20118092
-0.11138633
0.24168193
-0.19395083
-0.27133715
-0.08452822
0.14163412
-0.26142966
-0.05807764
-0.04121054
-0.00709015
-0.21492306
-0.01254800
-0.03048965
0.52082924
0.09689709
0.07781633
0.42065395
-0.18376289
-0.12003733
-0.06123561
-0.10800333
-0.25572784
-0.05591445
0.05783802
-0.17412662
0.36049772
0.01225801
0.12155106
0.26833334
-0.16676580
-0.24599350
0.02497563
0.01385637
-0.36697026
-0.09263437
-0.19927922
0.19558316
-0.17463148
0.16825901
0.03122094
-0.02515715
-0.08467211
-0.40163524
-0.30856581
-0.08037592
-0.00240410
-0.06792605
-0.00567693
0.28606443
0.06499255
-0.03129943
-0.09601986
-0.27011853
0.13192732
0.26206356
0.10772791
0.17855354
0.11620563
0.02943324
-0.15525744
0.19852963
0.06152989
-0.28728653
-0.13833239
0.27533339
0.30545283
0.20931041
0.02108334
0.07114444
0.13083353
0.09591409
0.03499538
-0.54119316
-0.14619444
0.07461123
-0.11816355
0.41308963
0.09420522
-0.13693433
-0.22680574
-0.28993170
-0.12936341
-0.05654481
-0.27221484
-0.40543622
0.33880417
0.03036532
-0.02906015
-0.02445107
-0.30878682
-0.48758582
0.26235615
-0.11068105
-0.09799974
-0.46007515
0.33713342
-0.27864133
0.00213444
-0.03020732
-0.43812241
-0.03760412
0.00559375
0.07843924
-0.16457114
0.13404904
0.07296587
-0.04910964
-0.67990219
-0.40948610
0.10993521
-0.34827854
0.18850223
0.16977424
-0.15537594
0.43225588
-0.33075531
-0.29174923
-0.42904771
-0.35026632
0.66851033
-0.00766862
0.19207133
-0.00012226
0.22651103
0.06338196
-0.21754843
-0.02917991
-0.23860736
-0.02529963
-0.13938727
-0.18277890
-0.12787913
0.27918620
-0.04961265
-0.17535499
0.29679848
-0.19446816
0.32798725
-0.35262899
-0.05282091
-0.02907333
0.03942656
0.86703377
-0.24161640
-0.17751156
0.24211279
0.17463179
-0.07955211
0.37388935
-0.02920797
-0.27995761
0.10476068
-0.06271339
-0.20958681
0.10346236
0.03300587
-0.01119065
-0.37670947
-0.15300101
-0.10413679
0.21490058
-0.32546892
0.14463741
-0.21886241
-0.34330957
-0.20774376
-0.01952107
0.18634354
-0.05967839
-0.04208392
0.39381425
0.11244731
0.05321138
0.00348629
-0.33783702
-0.06675770
-0.20428016
0.12252241
0.45638311
0.10844486
0.10897326
0.12243167
-0.04193659
0.18782929
0.21546271
-0.45950371
0.13756787
-0.14999031
0.05227552
0.23757136
0.35047812
-0.32112615
0.14351992
-0.04278293
0.18657971
-0.47048405
-0.01061061
-0.07081539
-0.14054579
-0.43900607
-0.16062957
0.01283656
-0.40555574
-0.24199667
-0.07616553
0.30499638
-0.11659808
0.01259330
-0.09901554
0.16352396
-0.48981347
0.07735773
-0.09489131
-0.04010240
0.13656993
-0.19825771
0.25606394
-0.03865304
-0.29617996
0.10989944
-0.02220917
-0.15333037
0.15841184
-0.14007908
0.19963655
0.15566252
0.01898034
0.04597048
-0.05170507
-0.20464893
0.47100026
0.07895629
0.09375713
0.10181257
0.01121180
0.03737510
0.14753584
-0.42446122
0.08134955
-0.21464280
0.21529441
-0.24704447
0.04970571
0.29577017
-0.29927730
-0.04823115
-0.01013227
0.19685708
-0.18766214
-0.22882239
-0.02452377
0.21014701
-0.05004099
0.06803091
-0.26386791
0.15652634
0.10794323
-0.14380107
0.48757145
0.11992761
-0.17816500
-0.18264269
-0.18344036
0.01975374
-0.04881447
-0.48555759
-0.21118417
0.02108145
-0.10612165
-0.03839947
-0.37820965
-0.10166869
0.10432742
-0.29957832
-0.06197910
-0.18574215
0.25045146
0.34857580
0.35249282
0.15311236
-0.10058648
-0.48141448
0.23263709
0.13724918
-0.09318337
-0.07860202
0.14272697
-0.02646706
-0.02183555
0.08944620
-0.16477626
-0.03126581
-0.07023341
-0.01368209
0.22195285
0.14613066
0.14171694
-0.43581159
-0.11469736
-0.00669504
0.17459039
-0.06068982
-0.31530758
-0.17129383
-0.33445087
0.07286531
-0.02927409
0.04413288
0.00443358
0.04318085
-0.13242159
0.38805215
0.16075439
-0.20287271
0.08712952
-0.11527801
-0.06148490
-0.05677712
0.30328156
-0.11986982
0.11941597
0.17833174
-0.64230988
-0.19936396
0.43271921
0.29480006
0.49656914
-0.23067198
0.00726801
0.03979684
-0.28440542
-0.11179841
0.01702581
-0.01906599
-0.60240008
0.06233056
-0.28157096
-0.05396034
-0.22001407
-0.24418581
-0.07105854
-0.03212207
-0.19635919
-0.13463054
-0.24909664
0.18384065
0.02701338
-0.13563727
-0.05674030
-0.02048019
0.47085172
-0.23580998
-0.20297208
0.19873079
0.30410298
-0.19657521
-0.02779752
0.07784844
-0.63476455
-0.04483827
-0.21452146
0.45194497
0.03982289
0.10649214
0.10535467
-0.03494950
0.19248123
0.06269415
-0.12583797
-0.17086192
0.10107180
-0.05890631
-0.20165711
-0.01217673
0.10280215
-0.11165200
-0.01825959
0.22595482
-0.38519841
0.07903183
-0.26787373
-0.13090294
0.28583977
-0.37016786
0.43370152
0.03862746
0.09116328
0.53715379
0.22385445
0.12412518
0.21136224
0.10020104
-0.35180395
0.17226442
0.22338795
-0.20991988
-0.05506091
0.19810372
0.13756820
-0.12037462
-0.13469756
-0.30187629
