-0.44018432
-0.18830180
0.58816337
-0.20928483
0.21202331
0.56047109
0.48584427
0.89960965
0.46225151
-0.33170051
-1.16646359
-0.52126614
-0.05610504
0.85711745
0.55785503
0.21565396
-0.20456893
-0.90189277
0.55948714
0.35086268
0.46372040
-1.00214555
0.72828820
-0.25754287
0.04587158
-0.03393005
-0.71613723
0.62204155
-0.66661947
0.16009127
-0.29136729
-0.03028597
0.45906885
0.07207176
-0.09000597
0.28557792
-0.20660566
0.81637786
0.40448019
-0.54290494
-0.01267291
0.23273600
-0.20957084
-1.13690961
0.06889725
0.42514735
-0.26226621
0.53721377
-0.14250356
0.41271993
0.44613993
0.47724911
0.58287926
0.30980193
-0.65820418
-0.27447224
0.00619590
-0.43095552
0.11859563
-0.76462040
-0.71452041
-0.45787753
-0.41022675
-0.14108577
0.23655654
0.34232021
-0.60567101
0.06827194
-0.86625989
0.62218434
0.31188620
-0.25435695
0.15188235
-0.88125408
0.30384604
-0.16052936
-0.72830857
-1.31097929
0.49643485
-0.30222636
0.90815008
0.76935702
-0.21634998
0.45035886
-0.44388146
0.46944129
-0.22696339
-0.18449021
0.36818487
0.24404188
-0.13785041
-0.00812730
-0.48325422
0.09840894
0.46032573
-0.12066554
0.19336778
0.97788433
0.64069967
-0.02248191
0.39767758
0.14026147
0.12535453
-0.63691114
0.79707008
0.67785225
-0.83513097
-0.02562190
-0.36248910
0.67534665
0.74777812
0.13425932
0.96508097
-0.50617996
0.15997236
0.20995106
0.39011694
0.23289112
-0.75658528
0.19758250
0.17141021
-0.62973408
0.16581696
0.23334292
-0.53592616
0.66245461
-0.09839194
-0.23853599
-0.67300660
0.40378877
-0.01977281
-1.09227454
-0.15770566
-0.25811174
-0.19411224
0.63018020
-0.38351773
0.08169536
0.55858268
-0.34499261
-0.69653467
-0.17018435
-0.04898012
0.59195384
0.16932368
-0.65676032
-0.03027951
-0.32668746
-0.56270470
0.07634985
-0.63183742
-0.09413406
1.07540986
0.45247617
-0.30669753
0.21952362
-0.86838302
-0.19194955
-0.65881074
0.21466249
-0.63297006
0.68997432
-0.25670845
0.19734780
0.70117874
-0.01275457
-0.88277324
0.15654834
0.72091191
-0.32159894
-0.68470119
0.14560458
-0.25656075
-0.28383252
-0.64481932
0.10592813
0.11974661
-1.03186528
-0.36783631
-0.44098375
-0.33755076
0.37508407
-0.13628256
-0.11152152
-0.31791058
0.02431148
-0.31679401
-0.87789156
0.39396174
0.55732639
0.06263124
-0.21428310
-0.68879589
0.72522872
-0.89059094
0.01420134
-0.13228820
0.34834278
-0.92557711
0.45659255
-0.26201435
0.18081026
-0.39568566
-0.01656488
-0.07645967
-0.47602188
0.08996989
-0.15304334
0.12508170
-0.16130425
-0.85791076
0.20056360
0.69402765
1.36097718
0.10171057
0.67585930
0.05571009
-0.49054461
0.04039493
-0.35724782
-0.29547181
0.83395471
0.56116974
-0.07895804
0.57507977
0.97973011
0.16964572
0.23733914
-1.00498547
0.06819542
0.51795106
0.09915363
-0.08233322
0.09732289
0.42415619
0.89621693
-1.01012339
0.08650656
0.39670302
-0.14227700
-0.79891882
0.16845387
0.53382688
-0.05306623
0.44887383
0.20893022
0.56419607
0.61675393
-0.34926704
-0.32707208
0.43440487
-0.14425785
-0.47459313
0.04799244
0.12663056
0.78802766
0.61440922
-0.18393004
-0.11254542
0.23002813
0.38043772
0.82755047
-1.11841491
1.57167928
0.05570769
0.14320856
0.95359712
-0.53710435
-0.26832990
0.03672865
-0.04781416
-0.25866548
0.22862848
0.27626324
-0.15956461
0.35039392
-0.74621905
-0.15414711
0.55027121
0.72629631
-0.24444863
0.20034347
0.55884566
0.24156607
0.62650658
-0.36640082
-0.16842498
-0.31658687
0.48821565
-1.03099949
-0.29567149
0.29028011
0.57075537
0.25808374
-0.17900931
-0.06696931
-0.09606228
-0.45819415
0.32887001
-0.93902892
-0.63275632
-0.45994948
0.76634164
1.50887905
0.10130355
-0.03976334
0.09257738
0.45062104
-0.23739392
0.68678268
-0.27706735
-0.15034495
0.67967187
0.21856389
0.11539729
-0.66333798
-0.39149723
-0.03186909
-0.43166532
-0.14690626
0.21542167
-0.59466440
0.64797831
-0.02866442
-0.01900328
-0.14311618
-0.76978949
-0.18694102
0.27284366
-0.25436463
0.13161530
-1.17332918
0.23734698
0.08665583
1.35792273
0.01468209
1.12036378
-0.61432180
-0.24041175
0.05784047
0.25997785
-0.18935189
-0.47805724
0.79968188
0.09504558
-0.04630330
-0.03215145
-0.15711664
-0.47181975
0.26209578
0.07378713
-0.24951227
-0.00865109
-1.00158092
0.36295598
0.07213108
-0.76848322
0.78882854
0.42413360
-0.36169954
0.36638940
0.05736187
0.19046203
0.12480319
-0.18397988
-0.23940382
0.57847017
-0.08126329
0.03657437
0.36275574
-0.15455224
0.00901815
0.81450423
-0.61267139
0.85796036
-0.47985857
-0.01121494
0.06512603
-0.51413136
-0.10405585
-0.21278318
-0.00655260
0.19618611
-0.40925115
-0.19423751
0.38396897
-0.41492649
0.64903388
0.00255281
-0.92980221
0.27341515
-0.34625410
-0.05815002
-0.63164802
-0.63912297
-0.00946834
-0.89500994
0.28867918
-0.18487884
-0.23452561
-0.10660190
-0.13602292
0.41122045
-0.16174754
0.05419489
-0.02322533
0.19666261
-0.41227733
0.15247773
-0.23809350
0.71083867
-1.37731848
0.60364295
-0.18215533
0.12209546
0.33761263
0.17131305
0.84833952
1.11092432
0.05084403
0.28738990
-0.68128812
-0.60608546
0.32044263
0.18783302
0.18106241
0.54885365
-0.20093714
-0.14402410
0.17742327
-0.15934655
-0.52132211
-0.06183224
-1.17414813
-0.12316897
-0.71475504
-0.80098032
-0.97096219
0.87481868
0.11271919
-0.26792501
-0.08884120
0.27279420
0.26439287
-0.37472509
-0.26069352
-0.23810033
-0.53964734
-0.13188931
0.10311447
-0.22236132
-0.57378852
-0.70015603
0.85828726
-0.21324330
-0.06681622
-0.42938102
0.92949738
0.00321226
-0.69984508
-0.18777583
0.50817002
-0.10514747
0.23601337
-0.56451907
-0.59497892
0.47584487
-0.59891665
0.33678404
-0.69963298
0.51485391
-1.11519369
-1.47935581
-0.48185101
-0.06171464
-0.49994399
-0.15432219
0.51327940
-0.14544917
-0.02326750
0.39076218
-0.78338753
-0.03754544
-0.56753278
0.65177541
-0.18369902
-0.76516020
-0.57758431
-0.29929446
-0.26246296
-0.81106732
0.09539295
-0.23056889
-0.25196773
-0.12734462
-0.44218953
-0.08737977
-0.14259144
0.46914530
-0.42596224
-0.06695124
-0.19575307
0.06787975
0.62827717
0.30536668
-0.86430530
-0.16076429
-0.34816213
-0.98356931
0.16077309
0.54416558
-0.27863459
0.59970376
-0.28049118
-0.65801623
-0.09514394
0.21884592
0.23271773
0.64929294
-0.16564637
0.14185238
0.36864028
0.78890801
-0.18681752
0.70253605
0.99431594
0.08987111
-0.02779367
-0.77970769
0.63012106
-0.33025449
-0.17721607
0.02589432
-0.58815123
-0.51690032
-0.45175542
0.58368881
0.56934075
-0.35210428
-0.33880969
0.80335150
-0.13519223
-0.42894320
0.69075063
0.76429820
0.49742687
-0.25728906
-0.38888311
0.17253452
-0.92444711
-0.52150864
-0.47044421
0.13675507
0.78933431
0.03633344
0.99168860
-0.10117062
0.11005923
0.28398674
-0.55796480
-0.29619901
-1.39546909
-0.50248458
-0.18041633
-0.41594847
-0.67484499
-0.26958146
-0.27813578
-0.05475629
-0.18249822
-0.18735405
-0.29034595
-0.11493137
0.18822647
-0.00729469
0.41235179
-0.25875487
0.10776225
0.63205889
-0.31714016
-0.40841538
0.21093226
-0.12569072
0.18674008
0.23293530
0.04750291
-0.76053799
-0.20861822
-0.24548002
0.15580609
-0.23934301
0.78185471
-0.18024760
0.63519811
-0.14010138
-0.04265986
-0.37606987
0.20369876
0.15470869
-0.13940424
0.08490880
-0.96926234
-0.52574070
0.55543721
0.47002297
0.11099248
0.26104272
0.94426413
-0.35109597
0.04294721
-0.41649169
-0.23433545
0.73574383
-0.16383939
-0.44801494
-0.07770875
-0.52084489
0.12799297
-0.04735486
-0.22090525
-0.25176703
0.56606862
-0.21006065
0.69262556
-0.38220592
-0.98702060
0.06652197
-0.70347309
0.03317320
-0.86837091
0.36271020
-0.50168496
-0.76184246
-0.35472450
-0.02616357
-0.20322315
0.15121243
0.23484746
0.43578645
0.25455751
0.74053256
-0.46049026
0.69157173
0.30969845
0.33817520
-0.25421725
-0.12873441
0.53117559
-0.37729494
0.46007942
0.13944103
-0.40913648
-0.37411920
-0.93341386
-0.28595148
-0.50630943
0.54891902
-0.55777028
-0.10374134
-0.28837684
-0.02352459
-0.60256069
-0.76654099
-0.30339630
0.42525861
0.15221924
0.15629362
-1.54015245
0.93783352
-0.40897930
0.44563184
0.19367250
0.43927795
0.58318286
-0.17365397
0.09235053
-0.35288398
-0.61823978
0.12940413
0.80225707
0.90098930
1.07808211
-0.65729112
0.09747385
-0.14128913
0.28930306
-0.18118127
-0.87143809
0.03613595
-0.23320957
0.85254469
-0.14552315
1.13355140
0.02415570
1.03328977
0.24996286
0.29446696
-0.46034479
0.68388621
0.38598999
0.16950164
-0.03410478
0.02497706
-0.39772479
-0.21808976
0.82614621
0.10273859
-1.22719201
-0.15958550
-0.45326161
-0.75186968
-0.70761542
-0.28542578
-1.49029517
-1.30788902
-0.44101120
-1.01357380
-1.28930198
-1.28065642
-0.97175015
-1.93567510
-0.93265865
-1.32526207
-0.54381529
-0.86256546
-0.81712586
-0.60060451
-1.15060837
-0.90649869
-0.07303133
-0.80226389
0.35522144
-0.20527991
0.67335024
1.52554250
0.59489884
1.81846075
1.57242539
1.01384467
1.08727682
0.83751179
1.49890122
2.56225795
1.15981160
1.63045091
1.39949449
2.00002442
1.02311595
0.56609176
1.26251621
1.32354159
-0.00117795
0.03837980
0.15879652
-0.72293913
-0.29299854
-0.13735450
0.58202428
-0.56411688
-1.65490868
-1.29588287
-1.11861157
-1.74867463
-0.69318181
-1.44987443
-0.50967004
-0.47548770
-1.01295480
-1.01230726
-1.22414342
-0.48187105
-1.33037163
-0.15246449
0.03085960
0.38852284
-0.98219529
0.35355756
0.16224880
0.05262333
-0.49195675
-0.48119789
-0.79356139
0.55792652
0.28799768
0.27147733
-0.24502796
0.60712742
0.86035935
-1.06069763
0.54055900
0.77523462
-0.68083936
0.37764230
-0.41267690
-0.02355404
0.11347479
0.28773509
0.32876726
-0.21316437
0.26999835
-0.37823228
-0.42747208
0.26338867
0.31495159
0.11617366
-0.29113461
0.28243790
0.25816721
0.27106150
0.71460289
0.42484514
-0.54083434
0.67062166
0.88807596
0.09401516
-0.26143715
-0.44158405
-0.47363553
-0.44971251
0.28249579
-1.18578038
-0.74873500
0.39769503
0.94321061
-0.11496003
-0.28091003
-0.25361970
-0.28938040
-0.72542314
0.03851429
0.35904371
0.11372188
-0.27943662
0.69906646
0.50380858
0.16796676
-0.34443687
-0.54762602
0.12637587
-0.57294902
0.11572861
0.32006228
0.46603155
-0.26550809
0.11644561
-0.61055144
-0.07474539
-0.60129226
-0.16519399
-0.62482268
-0.44262178
-0.61782607
-0.72559979
-0.39953497
-0.30802860
1.12515812
0.09018718
-0.09811839
-0.18764406
-0.09772349
-0.25390877
-0.58530860
-0.22154465
0.02463863
-0.53660324
0.53619592
0.14442042
-0.30154264
0.44711822
0.86815071
0.09898594
0.24865868
-0.09141663
-0.67174494
0.16673313
0.53823116
-0.20094300
0.84738037
0.36319265
0.27659549
-0.28711880
-0.09271229
-0.03506539
-0.60647788
-0.18901381
-0.42446309
0.09126231
-0.00637369
0.60679993
0.39702754
0.25177805
-0.65029993
-0.56496771
-0.16017003
0.23147842
-0.48318368
0.44692780
0.31334893
0.53993000
-0.24638954
0.59138242
-0.27753785
-0.34430221
-0.02314636
0.30608312
0.12453951
0.13621454
-0.35646360
-0.02273229
0.22015972
0.51400990
0.22039598
0.02398272
0.25929871
-0.86446485
-0.23666543
-0.02906927
0.18283149
-0.07978326
0.17782145
-0.34681765
-0.47248063
1.14492422
0.49334048
-0.38747501
0.04798688
0.48070391
0.50137148
0.24351546
0.45342749
-0.87811076
-0.26227355
0.05017918
0.00612038
-0.52312059
-1.27598385
0.51765171
0.14635813
-0.61524061
0.10747505
-0.56522615
-0.49488844
0.59804070
-0.47025197
0.28118495
-0.41857411
0.10432374
0.21473685
0.15220105
0.09676365
0.56813876
0.47948038
-0.11255872
0.28154034
-0.07897521
-0.21556001
0.44051445
0.92253137
-0.54114554
-0.41017925
0.46093478
1.03072801
-0.86598216
0.40555610
-0.17486451
0.23035814
0.43246050
-0.28838866
-0.06764749
-0.36412172
-0.66688966
-1.10300654
0.33323326
0.64655482
-0.64000712
0.10919706
0.01694405
0.71185565
0.35427448
-0.95364584
-0.39021985
-0.32850732
-0.84755879
0.10038753
-0.56941262
0.44916442
-0.92605542
0.20292770
-0.10530710
0.17992633
-0.75978210
-0.11868950
-0.54788541
0.21184599
0.22918480
0.72263481
-0.33325948
-0.35182843
0.08669960
-0.40686995
-0.17442701
-0.15018218
0.57188389
0.70472827
0.30450083
-0.10196928
-0.54843616
-0.28915519
-0.19833547
-0.30338154
0.47376881
0.42474020
-0.53576469
-0.47024390
0.48260938
-0.49725627
-0.86581157
-0.30308147
-0.14089323
0.12561207
-0.38725326
0.25816877
0.54989862
-0.86310510
-0.31110191
0.10457499
-0.11411257
0.26655120
-0.57033505
-0.70997378
-0.85641958
-1.02756373
0.61589717
-0.04314246
-0.52245118
0.25736917
0.91323409
-0.00111410
0.35639821
-0.05140408
-0.65666848
-0.20831147
-0.39493792
-0.65944570
-0.27870281
-0.58399073
-0.36997256
0.05947447
1.19630981
0.04837895
-0.32253903
-1.08588521
0.18584411
0.30611440
0.43638545
0.06712589
-0.04907104
1.09334782
0.69242692
0.86770396
-0.69499769
-0.71071441
-0.32405828
0.73724172
-0.08619677
0.13763775
0.02043084
-0.08122257
0.35785803
-0.33813259
-0.19177405
0.65086525
0.19099208
0.82002538
0.42403749
0.08330566
0.57607280
-0.48549923
1.37265110
-0.00346224
0.90294940
-0.01137913
0.11175600
0.36154298
0.58027143
-0.15231626
-0.21802916
-0.29163305
-0.75123548
-0.10466041
-0.25277394
0.13223381
-0.14466659
0.37275811
-0.05953985
0.55867786
0.38024495
-0.01968041
-0.15862244
0.22855614
0.39701671
0.08038888
-0.23884548
0.35158469
0.64010062
0.14942407
-0.47074516
-0.23230651
0.42580092
0.42353808
-0.91810900
-0.19487145
0.34657945
0.49015561
-0.01680859
0.09461031
-0.07254593
0.85842798
0.06090182
0.30866220
0.17883306
-0.51400395
-0.19030980
0.29268502
0.08817211
0.70651411
-0.33962702
0.69725396
-0.15191516
0.11507038
-0.18172194
-0.60239915
-1.55856788
-0.29818510
0.88419335
-0.30079427
-0.11745959
-0.33726706
0.04426649
-0.67909705
-0.00240438
0.59475643
-1.16789541
-0.15103663
0.15070836
0.13557704
-0.30319613
0.22550757
-0.28882963
-0.51953351
0.47004185
-0.06230274
-0.16798285
1.27166291
0.87624096
-0.01299392
-0.11593470
0.52782081
-0.35898361
-0.20473432
0.10332770
0.93160132
-0.41971745
-0.30336018
-0.48171788
-0.17555670
0.11277208
0.08586384
-0.27759310
-0.03379885
0.42474604
0.46159743
0.42773968
0.86413715
-0.09372260
0.55268434
0.46012592
0.43056001
0.53832297
0.68632685
0.53683822
0.23859474
-0.35643098
0.36192272
-0.31349260
-0.43847736
-0.91122161
0.02729444
-0.46295629
-0.00120045
0.01922242
-0.32306664
0.12978010
0.08635092
-0.21609611
-0.22764327
-0.48265528
0.15799007
0.78048266
-0.19550944
0.03602261
-0.24702798
-0.06094380
0.46511715
0.18472471
0.13517611
-0.62835840
0.01498899
0.44765017
0.11834854
1.36412842
-0.01736256
-0.27209698
-0.28375106
0.12728300
-0.36699015
0.02633957
0.53548543
0.25724501
-1.10151377
0.18190191
0.14125866
-0.17609058
-0.12120473
-0.99095210
-0.38509233
-0.71565262
-0.18073965
0.67851478
0.01682976
0.98346711
-0.64152113
0.27735131
-0.62406508
-0.29051202
0.17311233
0.20110603
0.40035041
0.67639202
-0.00002958
-0.05169666
0.02884353
-0.19529739
-0.23309721
-0.38629077
0.62872747
-0.00571943
0.65413473
0.08064912
-0.69727330
0.12378615
-0.94655608
-0.29031091
0.15981140
0.74424760
0.46566442
-0.32620327
-0.26909400
-0.64413865
0.74832931
-0.00819629
-0.70212760
-0.74078447
0.50120572
0.46319377
0.35205801
-0.86948229
0.02788886
0.05548833
-1.01879815
0.15797576
-0.59433406
-0.13574603
0.55451641
-0.51578982
-0.02009648
-0.49295947
-0.18332785
0.61812074
0.73847113
-0.06859591
0.96693383
0.14963396
0.07629746
0.41435834
-0.26137578
-0.78691177
0.44034127
1.27797737
-0.04790936
0.12925433
0.50144342
-0.46022041
-0.13719589
0.05922433
-0.29298308
0.34815958
-0.30700172
1.03337598
-0.46750659
-0.26083238
0.74529722
0.31564411
-0.50896278
0.78496390
1.34451313
-0.27588568
0.55173426
0.21576477
0.85865778
-0.17927909
-0.50986056
0.51030035
-0.55636978
0.43255540
-0.12399496
0.25387189
-0.76387912
0.47457805
-0.39048501
0.17748793
0.06347512
-0.18166966
-0.58582988
0.16421796
-0.55344731
-0.34115471
-0.78880893
-0.01689394
-0.21988685
0.12114420
-0.28171825
-0.47508940
-0.03207345
0.91975058
-0.40364114
-0.72474999
0.42126173
-0.01024075
0.54582867
-0.24496874
-0.34667013
-0.07953658
-0.14822059
-0.08030252
0.57116689
0.60131993
0.46386558
0.17719961
0.03314504
-0.79756608
0.33705566
-0.61090747
-0.53219196
-0.51647201
-0.45876701
0.53482432
-0.00318614
-0.49756055
-0.92095670
-0.05725596
-0.41601498
-0.71614827
-0.45596231
0.27613576
-0.48301063
-0.14470619
0.02360765
0.25834027
0.73536799
-0.48760534
-0.08534433
0.37155473
1.17964707
-0.31173763
0.12716306
-0.63755802
-0.15331681
0.33873517
-0.22306431
-0.19730155
-0.01252216
0.68690379
0.51862759
-0.01059325
0.05611943
0.41782798
-0.65753112
0.39653527
-0.05441600
-0.45835845
0.36923662
0.40267827
0.20502523
0.47038323
-0.21644176
-0.17286431
-0.45806715
0.18486374
0.58651069
-0.88455320
1.18334249
0.33994113
0.10062398
0.16986780
-0.24883308
0.29432005
-1.45005861
-0.18700316
-0.42653760
0.06877911
-0.58995589
-1.06183008
-0.53739782
0.36234904
0.05361744
-0.12548369
-0.49063079
0.36387926
-0.39157846
0.02940488
-0.21746455
0.15088549
-0.02949294
0.59014799
-0.67749706
-0.24815144
0.55601022
-0.02006898
0.37054045
0.67683225
-1.08811832
-0.29764946
0.21333678
0.51527626
0.48654368
0.62127036
-0.18040022
0.54263970
-0.03596648
-0.67278596
-0.42302144
-0.62818955
-0.44869811
-0.73885407
0.09623211
0.99290796
0.43833007
0.16048889
-1.20294508
0.22375038
-0.79643361
0.17687622
-0.62592040
-0.00719426
-0.13086433
0.51308630
-0.02434540
0.40885537
-0.00611914
0.20074958
1.00294157
-0.48846740
-1.02468613
0.02608014
-0.28141747
0.30483994
0.35625751
-0.10853307
-0.30018066
0.03607713
0.35315956
-0.41372678
-0.04013626
1.28851533
-0.74158279
-0.55412064
0.01248383
-0.57462891
0.10195557
0.12869985
-0.21334520
-0.38276133
0.22474818
0.01414040
0.09250463
-0.48077126
0.47056324
-0.73255823
1.44880146
-0.21714252
-0.48895974
0.26848095
-1.11783669
0.98863210
-0.35503032
-0.03395650
0.89223751
-0.73355779
0.54227366
0.76312356
-0.23428167
0.58809087
0.98463111
0.34352136
-0.09664349
-0.24744042
-0.14684723
0.57521060
0.13566940
-0.72226771
-0.27549929
-0.63197211
-0.03712943
1.33108697
0.48265279
0.07465213
-0.66776850
-0.04005199
-0.31851054
0.09550148
-0.16291732
-0.61284322
0.24089827
0.64487614
1.43685292
-1.22131501
0.09799825
0.37069626
0.31209587
-0.02782253
0.33321538
-0.77508860
-0.17744145
-0.06455097
-0.48914763
-0.59032160
-0.17923235
0.04068394
0.19766971
0.90835153
-0.13818716
-0.36199507
0.37929845
0.66544837
0.15270802
-0.33293722
-0.40212567
-0.12578673
-0.16870362
0.51476477
-0.12571430
-0.67331258
-0.44251421
-0.17438311
0.23669098
-1.39435223
0.02778210
0.54963447
-0.26747090
-0.19508001
0.01391402
-0.35020962
-0.41003647
-0.37588057
0.17047681
0.95350632
-0.53395904
0.50095838
-0.12276783
0.16502981
-0.37321527
-0.41147443
-0.06474801
-0.63981684
-0.17924124
-0.84180029
-0.72658197
-0.69650805
0.60591359
-0.72940032
-0.29148206
0.34709445
0.22223318
0.87076048
0.19708229
-0.24027602
-0.05354439
0.06555775
-0.34172055
0.08216819
-0.44017964
0.54624104
-1.22329134
1.09219625
0.21948984
-0.13632599
0.13384602
-0.17928872
-0.01392530
-0.38570985
-0.45201072
-0.44605033
-0.18350628
0.00188929
0.39155135
0.04750247
-0.07701718
-0.87124829
0.07072075
-0.59049365
-0.55289481
0.02782197
-0.77587014
-0.22067361
-0.71080017
0.23686260
0.23110654
-0.03338246
-0.77330748
0.46199659
0.04609862
-0.18890278
-0.20367189
-0.30996919
0.07379172
-0.02049897
0.61009250
0.36969294
-0.41339149
-0.47004205
0.40074263
-0.14128317
-0.29653308
0.20830888
0.45033390
-0.82647598
-0.45753800
-0.07942043
0.38158412
-0.18904714
0.62719113
-0.03540863
0.35729525
-0.73123260
-0.30381123
0.73025757
0.24543840
0.26454753
0.43785095
-0.49633265
0.48103888
0.14234177
0.23503317
-0.78680400
0.51686491
-0.36572669
-0.43642306
0.23640766
-0.22690965
-0.54860253
0.04494228
0.45586887
0.53856712
-1.05894866
0.38519123
-0.09989981
0.33327106
-0.54305689
0.03890494
-0.03080536
0.13991300
0.14353171
-0.17839792
-0.26332271
-0.75060425
-0.40961364
0.18769417
0.86881730
0.86068390
-0.49625807
-0.26441307
1.43848623
0.18890396
-0.50036453
-0.49708431
0.34840105
0.35777031
0.05306984
0.37705803
0.90858416
0.14123292
-0.04126353
0.95585716
-0.84668270
-0.40864573
0.03040061
0.16632310
-0.29571539
-0.00594940
0.25335228
-0.20698316
-0.11481498
-0.40844448
0.26426183
-0.75146191
0.26991981
0.63891753
0.93550962
-0.26926523
-0.09084635
0.11575630
-0.30237504
-0.80914685
0.49115631
0.40175465
0.39107885
0.10978614
-1.08364180
0.13942347
0.58310125
-0.10549399
0.34669475
0.12871987
-0.28198845
-0.44175620
-0.13362999
0.86739751
0.26123275
-0.19326422
0.84039832
0.15382269
-0.04822676
-0.67905778
-0.05016676
-0.61748036
-0.55526543
-0.17967423
0.63885506
-0.26473245
0.48815479
0.07247326
0.30209818
-0.76505592
-0.68263774
-0.48200289
1.35804462
-0.25902101
0.19544647
0.12662689
0.13519090
0.87489127
-0.85365093
-0.17463300
-0.56488499
0.28810969
0.62591895
-0.37095869
0.37287173
-0.58043912
-0.09615521
-0.22326936
0.04690000
-0.25308631
-0.30808427
-0.20554968
-0.00024436
-0.42621438
-1.83828817
0.88037032
0.21266238
0.05064586
-0.05110703
-1.15427097
0.72955367
-0.33825071
0.44347953
-0.48287863
-0.09150148
0.24277025
-0.44234321
-0.37697932
0.65690548
-0.22179451
-0.20814738
-0.32208331
-0.67044756
-0.79413633
0.28399832
-0.54018566
-0.63454473
-0.63144609
0.33602857
-0.28019666
0.76867264
0.06812503
-0.55632112
-0.31303292
-1.09756765
0.55919262
0.79470536
0.92026110
-0.10824800
0.39925071
0.16938437
-0.09145414
0.24119403
-0.22895917
0.20658914
-0.18580716
-0.30998287
0.52888478
-0.30319471
0.34949287
0.98458955
-0.00770851
0.26638158
-0.19028865
-0.21805591
-0.14662619
-0.21118985
0.63749339
0.30013978
0.07785037
-0.31969751
-0.08986654
0.18176390
0.68981063
0.69192738
-0.55788802
0.49222411
-0.05308472
0.77356388
-0.48503141
-0.36192054
-0.42484534
-1.12980868
0.50729939
-0.83500049
0.53121364
-0.06386830
0.66948643
-1.01956501
-0.40598300
-0.92425909
0.14731101
-0.27005736
-0.20979423
-0.47531810
-0.01457855
0.92030048
-0.03533447
0.37682642
-0.09609548
-0.15620903
0.30201860
-0.17345489
-0.32461054
0.42086806
0.86002670
0.00964972
-0.64857603
-0.01547901
-0.24993674
-0.25075354
-0.54731333
0.35039483
-0.30800933
1.53547672
1.43411051
0.09883706
0.09114312
0.45370282
0.25996966
1.29587601
0.17225001
0.20438707
0.00059394
-0.16276834
0.62758127
0.02222070
0.05408902
-0.11880581
0.13571704
-0.65543574
0.79445883
0.06778843
0.65062705
-0.12342779
0.38922247
0.27087507
0.44023272
-0.91505285
0.16361652
-0.48889376
0.46554687
-0.38914873
-0.73246051
0.88261951
-0.47933521
-0.76749323
0.00801135
0.30393451
-0.13481652
1.20630336
-0.37965597
-0.29573593
-0.20119977
-0.22410747
0.08663613
0.27744293
-0.35426231
-0.15547374
0.87565487
-0.82687859
0.11675264
0.46996465
-0.36026922
-0.12784444
-0.87843248
-0.03484446
0.52133728
0.59570016
-0.09597138
0.20644607
0.16685184
0.90654972
-0.40173648
0.70890885
-0.17741501
0.86412887
0.15697828
0.01351176
-0.58839207
-0.88893168
1.04529334
1.15939529
0.29340591
0.06886001
0.44457370
0.20070965
-0.46188705
0.52091998
0.95341043
0.06705399
-1.04633270
0.30192172
-0.31023652
0.54743335
-0.57872511
0.34454614
-1.44637235
0.08143501
-0.40983123
0.57131353
-0.40902534
0.46489097
-0.22353577
-0.97357502
1.01511349
1.23255421
-0.51344111
0.35101220
-0.43951939
-0.38226957
-0.34618021
1.06879615
-0.22406697
0.17214818
-0.09705505
-0.20761423
-1.08401259
0.03630528
0.55739949
0.79388132
0.62192291
0.58115512
-0.56443522
-1.13620075
-0.40723714
-0.21283082
0.16376778
-0.84305831
0.62897355
0.64474392
0.19599832
-0.05464309
-0.45441352
0.59452835
-0.41892351
0.33182136
-0.31926278
-0.13642510
0.61605371
-0.39498960
-0.13938851
-0.68778440
-0.15938498
0.26360678
0.13833637
-0.30825514
