0.03141406
0.25013809
-0.25047838
0.23083742
-0.13107778
-0.16805542
0.07004933
-0.23310736
0.14730103
-0.27113844
0.10026617
-0.10465281
0.18195658
0.12269728
0.01976731
0.18839240
0.03497490
0.12915090
-0.14976782
0.09132510
0.13638671
0.14515439
-0.39719790
-0.26991335
0.05243008
-0.12441714
0.05848520
-0.21288620
0.07995436
-0.28713092
-0.14065111
-0.00469595
-0.00720114
-0.12339906
0.16766706
-0.35288390
-0.05157859
-0.08920935
0.12532199
0.10585229
0.05713608
-0.37084660
0.27730754
-0.27339070
0.02251293
0.00820158
0.24782600
0.25999810
-0.12058471
-0.25743251
0.03657500
0.10181368
-0.39295875
-0.10999626
-0.30623253
0.18311999
-0.00281039
-0.02499686
-0.43357590
0.00922664
0.05992712
-0.05171614
0.04727899
-0.12052728
0.51900892
-0.10848930
0.02999201
-0.10126792
0.19646293
0.30278933
0.02922965
-0.21925058
0.32267744
-0.03393196
0.23477652
0.18853195
-0.35772449
-0.11048037
-0.00870988
-0.06583546
0.06461421
0.47226771
-0.32929068
-0.04429388
0.10809619
0.09675899
-0.25679947
-0.15436067
0.15303038
-0.41253829
-0.00416349
0.16144973
0.25506485
-0.06244801
0.40985170
0.03503124
-0.04172172
0.05456702
-0.12556072
-0.15438687
0.01464840
0.06052648
0.18423967
0.57648084
0.11472898
-0.12993261
0.00873789
0.09066929
-0.14307004
0.00348851
-0.08922303
-0.20753896
-0.29888701
-0.09066467
-0.11502361
-0.16660173
0.06841932
0.06449723
-0.20007405
0.03235052
0.17745302
-0.39166168
-0.12224955
-0.07795171
-0.09780148
0.06984681
0.16732676
-0.28126064
0.03363557
-0.00538372
-0.22800840
0.13845323
0.09872758
-0.64214604
0.38242324
0.05823746
0.23608883
0.17573146
-0.19371867
-0.07853351
0.23869758
-0.31728521
-0.18879543
-0.41290849
0.14161385
0.05961926
0.10553750
-0.13190755
0.08412242
0.26561442
-0.35742902
0.26279019
-0.04325507
-0.07022602
0.04507791
0.05030275
0.03593515
0.04632577
0.23960357
-0.37103472
0.01906027
-0.13609596
-0.07852249
-0.13299706
-0.16808761
-0.23402446
-0.07750411
-0.16493874
0.14269613
-0.09901817
-0.26714685
-0.10589180
-0.19879575
0.09637770
-0.05966519
0.18704823
-0.46185444
-0.38973733
-0.40569024
0.01452966
0.10446547
0.17570858
-0.13364302
-0.07627159
-0.03716891
-0.04517004
0.00098198
-0.05255565
0.16131368
-0.05801627
-0.15946150
-0.08624875
-0.10990793
-0.06299129
-0.06155670
-0.18668081
-0.11035919
-0.06289726
0.12308035
-0.05697418
0.19820266
-0.18514546
-0.18588532
-0.15728852
-0.08486213
0.27721692
0.20490807
-0.13402917
-0.06632309
0.03208929
0.07901152
0.13779141
0.06730526
0.11054275
0.05565412
0.27687736
-0.17199393
-0.03856520
-0.21382969
0.00267353
0.25720457
-0.08304334
-0.29328428
0.00868985
0.05789846
-0.26084316
0.09802991
-0.14796301
-0.23987965
-0.12802224
0.23454549
0.30034816
0.00085435
0.44499710
0.01379676
-0.12989197
-0.29633954
0.04787554
-0.02449284
0.09630800
0.10445116
0.11295874
-0.25525536
-0.00226211
0.19571712
-0.12161867
-0.09272085
0.29895633
-0.26275086
-0.18476146
-0.32449490
0.33152660
-0.02389707
0.07357687
0.26854056
0.17397142
-0.13040647
0.00701596
-0.11264447
0.02544426
0.42887449
0.21058676
0.05220221
0.24449148
-0.31363280
0.17734855
-0.21746459
0.00156514
-0.31646303
0.02604953
-0.13165143
0.16142063
0.07149871
0.16314754
0.43443973
0.10447350
-0.31247256
-0.02545298
-0.45113835
-0.00000071
0.05559443
-0.28363401
-0.08477135
-0.02942918
-0.28751314
-0.19170814
-0.27142715
0.00848022
-0.06147292
-0.14758240
0.11813556
-0.00974452
0.08733722
-0.33033920
0.40147011
0.13496776
0.05632222
0.28383659
0.30470098
0.11046737
0.00866785
-0.17957702
-0.21361820
-0.10337868
0.14313602
0.23978023
-0.39114412
0.13016860
0.07287068
0.11675069
0.22510350
-0.49378255
-0.39675113
0.12350288
0.13626829
-0.11308681
0.18055249
-0.21963968
0.06138900
-0.18921737
0.00642205
-0.26543926
-0.00167162
0.20808514
-0.43938798
0.07502688
0.03584776
0.23830604
0.24058498
-0.21551578
-0.00029755
0.32425319
-0.26949176
-0.06912460
-0.27632308
-0.01539616
-0.14632589
-0.05688094
0.07027791
-0.04312728
0.16469247
-0.33321501
0.06274060
0.10081248
-0.22120401
-0.18619124
0.07838586
0.00992922
0.12514852
0.21916784
-0.42644050
0.09010322
-0.00964643
-0.09756287
-0.31427459
-0.34206041
-0.12770739
0.03052733
0.14066530
0.06482486
0.32029077
-0.12540872
-0.00092012
0.03428167
-0.08216798
-0.33115006
0.07992916
0.42418582
-0.07328374
-0.30772035
0.13679358
0.22698667
0.12679908
-0.21786618
-0.20644304
-0.27376754
-0.04154104
0.00701990
0.14337845
-0.15450073
0.03235446
-0.32450725
0.18457568
-0.18919580
-0.15101074
0.00726683
0.29150782
-0.03034220
-0.00971122
0.15508255
-0.06303469
-0.11312353
0.60084860
-0.19791667
-0.06071558
0.03118767
-0.14790622
-0.06711192
0.29504160
0.03704421
0.09404039
-0.00489412
0.11619593
0.20805293
-0.14406367
0.12895450
0.38935657
0.23835359
0.11255018
-0.23850041
0.08499326
0.08307310
-0.02570298
0.28669758
0.16663321
-0.11446699
0.17994312
0.06248920
0.20983935
-0.17015431
0.04186069
0.10768099
-0.08936011
-0.09567047
0.11202889
-0.25830016
-0.05586538
-0.14794571
0.28002622
-0.14079668
-0.36324216
0.13785291
-0.08236671
-0.11983567
-0.07170288
-0.28515483
-0.18454253
-0.06014574
0.04304434
-0.20945059
0.37710431
-0.21216773
-0.08638490
0.09759512
0.19125350
0.19791176
-0.25106713
-0.30110210
-0.01449368
0.29958865
0.06612077
0.07169273
-0.19271861
0.32421670
-0.23506497
-0.04030594
-0.20510423
-0.38889369
-0.12597783
-0.19320506
-0.00292584
0.05566721
0.04263738
-0.23551617
0.24201245
-0.03601271
-0.35559797
-0.02462818
-0.13285955
-0.31920450
-0.24270825
-0.14757887
-0.19017174
0.16026695
0.07714302
0.32564742
-0.27749633
0.04462827
0.10253892
0.08517761
0.21237195
0.22439923
-0.02566818
0.06827765
0.02972417
-0.05841002
0.01803529
0.11671414
-0.01163419
-0.35573990
0.13818112
0.31757680
0.02376691
0.02579508
0.19010613
-0.14128721
-0.12879194
-0.25260442
-0.33718751
-0.20757498
0.23268625
0.24286026
-0.02773474
0.49725199
0.10647985
0.21420422
0.03532742
0.21446715
0.08366472
0.13634840
0.15146950
-0.16021802
0.15155836
0.06903381
0.28299016
-0.27415666
0.44681549
-0.02483474
0.28731208
-0.14617487
0.10801161
0.07881955
0.21188626
0.06887002
0.19003621
0.14113409
0.01968120
0.11325392
0.35289860
0.26780959
0.21593476
-0.11707554
0.11524544
-0.02352822
-0.03655916
-0.25440698
-0.00663672
0.40134480
-0.05289372
-0.31293790
-0.22854205
0.26127626
0.30414297
0.09842936
0.10189654
0.12859430
-0.12242550
0.24351622
0.14616448
0.33122000
-0.20451991
-0.04141770
0.02603718
-0.10210032
-0.02087190
-0.26609133
0.28420408
0.16662188
-0.42559335
-0.17198382
-0.10782368
-0.07412338
-0.42029110
-0.34768161
0.14261522
0.08159612
0.06081061
-0.03140562
0.16056610
0.18891770
0.07250287
-0.03780118
-0.01242046
0.48809171
0.06756515
0.06201247
0.08407007
-0.26697879
-0.08745114
0.13755575
0.21533677
-0.08295046
0.12096823
-0.05350607
-0.14879691
-0.02738440
-0.04554348
-0.14804506
0.48872354
-0.09763446
0.30661519
0.18520327
0.08790887
0.26223635
0.06545637
-0.16698461
-0.31684603
-0.03943606
0.25694470
0.05634656
-0.22952743
-0.17455426
0.00836088
-0.03020925
-0.31144751
0.00437423
0.32999060
-0.08821107
-0.02694627
-0.04239745
-0.27784852
-0.06572734
-0.12893996
-0.23484936
-0.04569946
0.09062926
-0.38436223
-0.21469064
0.00646519
-0.34439645
0.50382350
0.04630498
0.10999345
0.07568831
0.04833020
-0.01419217
-0.08391749
0.00616465
0.41990288
-0.07608832
0.19344108
0.40969963
0.18686900
-0.37063396
0.36440275
-0.18564003
0.12015341
0.10147203
-0.03108732
-0.07879421
0.21863688
-0.12787444
-0.17344788
-0.00369497
0.30371744
0.26218612
-0.19477714
-0.27631555
0.05572198
-0.13490225
-0.24188131
-0.07498854
-0.30147262
-0.15045495
0.43765437
-0.23602730
-0.20145577
0.12838701
0.27411310
-0.03742840
-0.25691479
0.13245618
0.07627142
0.11356867
-0.19048252
-0.27157134
0.20849363
0.12630704
0.00956281
-0.01169312
0.11167676
-0.07064397
0.14821480
-0.08852745
-0.08791513
-0.29967796
-0.05430369
0.11168511
-0.19306742
-0.17507823
0.16093518
0.07384323
0.24036256
0.06627934
-0.07258032
-0.06110445
-0.37913332
0.04304911
0.01347911
-0.18615805
-0.39929478
0.00010756
0.32254379
-0.02498985
-0.16420986
-0.18353272
-0.07676732
-0.13912315
-0.10632172
-0.04188304
-0.11675319
-0.24218313
-0.06990989
0.16161380
-0.10227594
-0.18747885
0.13495996
0.02365137
-0.22544923
-0.26021170
-0.05764556
0.11562769
-0.29834258
-0.02221490
-0.30200475
0.16329018
0.00907638
0.13034962
-0.13967659
-0.30824173
-0.13085002
-0.12729395
-0.51202281
-0.18877965
0.14369456
0.03852362
-0.37208100
-0.01543766
-0.10111533
0.20709427
-0.00237217
0.15956268
0.25220677
-0.05375301
0.20076507
-0.04780926
0.35143622
-0.65085722
-0.30276348
-0.31957582
-0.43400944
0.13070354
-0.22117438
0.21247169
0.21246132
-0.14132036
0.04111701
0.15954890
-0.06524034
0.28262558
0.02897935
-0.03468778
-0.06233087
-0.07206389
-0.27888463
0.07068615
0.16385598
-0.12826714
0.23736550
-0.12195306
-0.24416702
-0.31050834
0.08937176
-0.30931126
-0.23589795
0.18461944
0.01700789
0.26921981
-0.33941192
0.37276193
0.36098388
-0.02832860
0.07132924
-0.21985808
-0.17650949
0.24330484
-0.45935236
-0.15874065
-0.10977546
-0.46815485
0.29925346
-0.10042149
0.16585871
0.23781285
-0.27315684
0.20460181
0.10285084
-0.26144711
0.00887113
0.13026076
-0.05100619
0.15180489
0.46116393
0.03774012
0.09043331
0.20321270
-0.10215641
-0.03026874
0.25593507
0.23276455
-0.06863103
-0.02804436
0.14463090
-0.07801724
0.31998810
-0.16495950
0.06754264
0.29314837
-0.12383734
0.35370342
0.06786023
0.10224266
-0.05734855
0.29552899
0.07289939
-0.26475711
-0.04849845
-0.16727035
0.31419924
-0.13242322
0.25597392
-0.20326666
0.21687008
0.12672997
0.24647821
0.17726673
-0.20527667
-0.01687745
0.04031631
-0.05934130
0.12758762
-0.31111865
-0.03099207
-0.05949286
0.15055542
-0.29696878
0.56698602
-0.10449424
-0.14147607
-0.19272181
0.03394936
-0.18656297
-0.33679181
0.46130425
0.12996057
0.18705516
0.25305167
0.31253041
0.15519294
0.36153313
0.00720387
-0.13931059
-0.22518228
-0.09792500
-0.35770981
-0.27108442
-0.00934394
-0.06381945
0.09138045
-0.13439502
-0.27173819
-0.20792243
-0.05264803
0.34278683
0.04588188
0.04552983
-0.04992543
0.10098228
-0.09341433
0.04511617
-0.04242934
-0.26045789
-0.28032883
-0.20297990
0.11905960
0.05647205
-0.05691394
0.01573224
0.01263726
0.40018872
-0.12462676
0.00831094
-0.36972380
-0.16798159
0.04568165
0.28146774
-0.30136419
0.24293648
0.14144857
0.21222033
0.10811340
-0.23337871
-0.00448046
-0.04930129
0.07131818
-0.08561302
-0.14903422
0.05638345
0.18948732
0.09101151
-0.13941484
-0.44889858
0.15253366
-0.35238906
0.35027624
-0.31410802
-0.39142296
-0.05988250
-0.14880553
-0.09612772
-0.18181072
0.12073503
0.10853462
0.00813889
-0.30620586
0.06776932
-0.38327168
0.13435394
-0.19484427
-0.02207901
0.01161831
-0.05273756
0.19778922
0.18077691
0.10804732
0.00436699
0.39065368
-0.03009787
0.11464344
-0.16800513
0.02279759
-0.02158011
-0.00789290
-0.13067102
0.25034920
0.33480884
0.57694868
-0.09965011
-0.22990004
0.13905582
-0.07645948
0.01305288
0.00004135
0.21413482
0.17682746
0.22953614
-0.06317968
-0.08403944
0.11701138
0.04572864
-0.30057556
-0.22056915
0.19504010
-0.22348227
-0.24294624
-0.10956275
0.04313057
0.20916387
-0.10701399
-0.03509323
0.10803023
0.01027755
-0.00068810
0.32347988
-0.17061451
-0.08292400
-0.09556358
0.19176547
-0.22348896
0.30018721
-0.09986487
0.30474120
-0.10281096
0.29173030
0.10376868
0.13414573
0.04248186
0.19779259
-0.00047005
-0.17196068
-0.26068599
0.05214976
-0.30158684
-0.23921315
0.15352980
-0.27294182
0.16505237
-0.24152621
0.13117298
0.05267171
0.16821611
-0.18294374
-0.13541344
-0.12960100
-0.08007525
-0.12244100
0.43472975
-0.23445996
0.25113069
-0.15664252
-0.24747324
-0.35785501
-0.09839492
0.28903722
-0.05306654
-0.19083845
0.07310830
-0.20995452
0.01052385
-0.09756613
-0.08456454
-0.01133129
0.25139386
0.11488169
0.28231716
-0.04828678
-0.04222118
0.21545446
0.36053006
0.00506683
0.28238550
-0.12211057
0.33756689
0.09875778
-0.20601312
-0.09427707
-0.14665746
-0.05400995
-0.11303552
0.17485849
0.20515409
-0.16202323
-0.07424253
-0.08671031
-0.14298971
-0.12135663
-0.18133749
0.27294958
0.13026032
0.10661000
0.12281632
-0.17877501
0.01121452
-0.36072573
0.10980462
0.19131151
0.02044587
0.02543274
0.19027663
0.02474150
-0.18110674
-0.06853449
0.09801951
0.00069679
-0.41549109
0.41147283
-0.25627416
0.27212714
0.28213081
-0.26547137
0.08626234
-0.17831138
0.11884887
-0.36330790
-0.07904009
-0.21633750
-0.12289466
-0.06025597
-0.15938088
-0.08875897
0.34732083
-0.12906055
-0.02259148
0.42158670
-0.22751797
-0.14410409
-0.24091580
0.38627831
0.17053791
-0.28821110
-0.00097407
0.02561741
0.07659624
0.22752210
0.13927207
0.09750014
0.37701110
0.06050906
-0.04098522
-0.17799323
-0.18743198
-0.12923356
-0.13027962
0.00197365
0.17969623
0.00029767
-0.36659802
0.19200956
-0.01585901
0.26218384
-0.06448354
0.07802976
0.14390739
0.22163606
-0.13828778
0.16588610
0.11737729
0.03180569
0.12141192
0.40062240
0.06267805
0.00646993
-0.04374502
-0.24380240
0.12603119
0.20066803
0.11265328
-0.09340239
-0.04918139
-0.41924676
0.24370017
-0.22230812
-0.09789120
0.11008327
-0.07435954
0.00534389
-0.24499102
0.26932861
0.03347661
-0.06460964
0.15775099
0.15869211
0.10972723
0.41766393
-0.03090747
-0.12507943
0.10597988
0.34364125
0.05583360
0.03231337
-0.03819665
0.05670760
0.11256343
-0.08784201
-0.11693170
-0.19264440
0.16806887
-0.30936625
-0.15882540
-0.00239853
0.31286163
0.28031494
0.16014528
-0.01527032
-0.02677162
0.02038716
0.16611909
-0.10688711
0.40405919
0.20795707
0.13805939
-0.08431770
0.16639304
-0.04379261
0.01288102
0.18059698
-0.39838969
0.11589489
-0.10218422
-0.14896190
0.33563446
0.05406849
-0.08785409
0.07044663
-0.12386202
-0.04196001
-0.16352595
-0.28300073
-0.19431483
0.16304809
-0.15378257
-0.18149950
0.15820878
-0.01571180
0.00071181
0.12939469
-0.43674657
0.12598024
0.20375094
0.14905490
-0.10029856
-0.39798837
0.14256010
-0.14723366
-0.17153053
0.23851066
-0.02966958
0.13115738
0.30058184
0.09229132
0.06652293
0.30652238
0.03406257
0.21458051
-0.06187551
0.32371201
-0.09513412
0.07506307
0.26844263
0.18823511
0.15551491
0.30611998
0.01409960
0.12637829
-0.23253146
-0.00652681
-0.03173269
-0.38861352
0.48386557
0.21029267
0.10001040
-0.05193222
-0.30324827
0.07432159
0.14009708
-0.07418298
0.32266781
0.01339362
0.12537258
-0.17605821
-0.27647038
0.15499956
-0.27403572
0.00323941
0.20948423
-0.03950230
0.29837408
-0.00162592
-0.20093683
0.28111045
0.30386792
-0.22680066
-0.06804157
0.31808859
-0.12837193
0.21230356
0.18912818
-0.10932957
0.40295272
-0.16447191
0.04035183
-0.42223530
-0.23192015
0.03366009
-0.04805047
-0.07556358
0.16229336
-0.04080938
0.13321471
0.22301344
-0.15155961
-0.45240132
0.19595066
-0.26288056
-0.39686027
-0.17051399
-0.65911677
-0.28919295
-0.31433911
-0.03446863
-0.53091405
-0.02855866
-0.04705157
-0.18179547
-0.16352726
0.05400803
0.08935660
0.24991313
-0.31781860
0.28563198
-0.02509804
0.49529638
0.14478830
0.43376043
0.15839579
0.22099062
0.61951412
0.35345844
0.36071653
0.52738420
0.34730766
0.40584336
-0.09824220
0.74848429
0.22999241
0.11752649
0.12428242
0.09364942
-0.17072573
0.21298571
0.05982531
-0.29311061
-0.28723370
-0.24224736
-0.12535498
-0.01461203
-0.20787144
-0.58776607
-0.28057475
-0.01397732
-0.19710886
-0.59596126
-0.16109300
-0.25418561
-0.58726454
-0.04767060
-0.51982628
-0.08150775
-0.06329450
-0.09617587
-0.34409599
-0.02432126
-0.21859275
-0.16124625
0.41846242
0.10283340
-0.16673976
-0.04647911
-0.14452887
0.33774347
0.12366849
0.23157716
-0.05464610
0.02940897
0.50844778
0.31430062
-0.19980708
-0.07293176
-0.14839006
0.45741822
-0.28341031
-0.21715338
0.10458280
-0.00027874
0.07210898
0.04155026
-0.36407549
0.50563403
-0.11176736
0.24159865
-0.31142381
0.23943038
-0.02119148
-0.12694055
0.00455612
0.00343311
-0.19650532
0.19327965
-0.29639790
0.00697012
0.29994119
0.10727425
-0.02472112
-0.31493927
-0.02395082
0.18768173
0.34162125
-0.12404830
0.14199120
0.25692103
0.02694896
-0.16636957
0.04762167
-0.27356539
-0.10145014
0.06076094
0.14568705
0.14598567
-0.20210697
0.43229702
0.02845430
0.23690313
0.19350976
-0.00496846
0.05451610
0.33699928
0.06014854
-0.23227787
-0.12484450
-0.26260215
0.00758576
0.38089027
-0.05557708
0.06370549
0.17617667
0.26176776
0.31308765
-0.24100600
-0.40915997
-0.08605038
-0.01845781
-0.16580706
0.27952411
0.12668774
-0.04759944
0.17320166
0.12882901
-0.01891327
0.20827440
0.22222482
0.08075600
0.04447653
0.42301249
0.22300290
0.14438876
0.30089571
0.35720455
0.15213338
0.17132665
0.23870423
0.09685625
0.45275886
0.65581081
0.40164024
0.03710483
0.24577550
0.10453039
0.25276203
-0.05234938
0.15448838
0.22659022
-0.12097654
0.00298188
-0.35129811
-0.40055388
-0.23535234
-0.29790734
-0.46277969
-0.54111464
-0.81583230
-0.24609350
-0.78512106
-0.56363357
-0.63164627
-0.49505589
-0.84312553
-0.39323931
-0.24807246
-0.59598082
-0.31807998
-0.31042493
-0.26681775
-0.01329803
0.08816653
-0.06740914
0.36749836
0.03649443
0.31025850
0.43427394
0.25305199
0.39681621
0.44198388
0.46927428
0.38101117
0.59452794
0.67494270
0.25974270
0.09179767
0.07472552
0.25130879
0.11344947
-0.10117068
-0.14955735
-0.10800560
0.30322931
0.20055694
-0.10351579
-0.16875291
0.14651657
0.12090614
0.12666339
-0.12102247
0.18465433
-0.41088785
-0.04387079
-0.12371922
-0.20646666
-0.27306770
-0.13001199
-0.24396456
0.11976608
0.11970726
0.07118224
-0.29023903
0.27056792
0.11406857
-0.08796473
-0.03732240
0.27719565
-0.15684306
-0.05056071
-0.00339520
-0.33250066
-0.02940404
0.41959715
0.28809570
-0.25732433
-0.28014008
-0.25798735
0.00684209
0.02873857
0.11424268
0.13365226
-0.26445109
-0.37923675
-0.08170655
0.11482159
-0.00150082
0.09386881
0.03853409
-0.07542354
-0.06792145
-0.04619329
0.14391027
0.21726291
0.03714773
0.33231387
-0.10239300
-0.03695250
0.27763966
0.36458078
-0.03574041
0.23556858
0.36271844
0.05872479
-0.20341262
-0.26538553
0.15372139
-0.17533466
-0.24789495
0.08192204
0.04796491
0.41663427
-0.25422708
0.26986753
-0.62926704
0.13670149
0.06264417
-0.42959383
0.07832886
0.18726786
-0.08617617
0.09036909
0.25432300
0.00389796
0.38172743
0.27870113
-0.13059240
0.04768501
0.02254469
0.17431434
0.21033692
-0.35514044
-0.18670443
-0.11435646
-0.23907715
0.01294771
0.08764456
-0.07848675
-0.07550017
0.20193594
-0.13040445
0.23654016
0.14666025
0.03568929
-0.19488653
0.00956067
-0.06553502
0.35619390
0.06227527
0.28400817
0.29164749
0.22680669
0.17095351
-0.00245368
-0.44826898
0.16578019
0.16363779
-0.04056244
-0.05449671
0.12444645
0.08736354
-0.14335210
-0.30631623
0.06868819
0.13763007
0.24237066
-0.32428318
-0.28712091
0.18247494
0.14091676
-0.00226898
-0.03472776
-0.11856567
0.10944034
-0.03095705
-0.09847155
0.22659031
0.03621287
0.02455228
-0.13875688
-0.02803983
-0.38412186
0.37452778
0.04996032
0.08366199
0.17119453
0.09594379
-0.08667762
0.05596478
0.13707849
-0.06381386
0.17480940
0.01978003
0.23962433
-0.22970097
0.04075078
0.05275872
-0.24706168
-0.01932600
-0.13512334
-0.30735453
0.36956797
-0.19592310
0.30939833
0.26234711
0.16360715
0.09505865
-0.32978246
-0.03273951
0.23585486
0.21229345
0.35438653
0.00171548
0.27413084
0.06476601
-0.15581861
-0.09205086
-0.10751206
0.10813263
-0.19954638
-0.04630413
0.19161397
-0.14710915
-0.47082682
-0.07248064
0.11822857
0.08481547
0.04562776
0.05201330
-0.01020952
0.02480974
-0.08687098
-0.28213056
0.06600134
0.21831588
0.05573228
-0.11458545
-0.06511616
-0.56478484
0.00593368
0.01816426
-0.17445670
-0.24647543
-0.24067575
0.10108702
-0.02338715
0.12599744
-0.43388381
0.42183455
0.14709968
-0.03896253
-0.21655853
-0.13660752
0.07739388
-0.20096836
0.25346497
-0.12735404
-0.21495676
-0.03970109
-0.03144002
0.11062102
-0.33235403
-0.26009096
0.09276638
0.15813823
0.14406763
0.23973902
-0.01663502
0.21307336
-0.38044287
0.04150633
-0.35684789
-0.22708482
0.09146376
-0.09981671
-0.04752069
-0.20489066
-0.00676925
-0.55589648
-0.12575141
0.10727936
0.13506531
0.21498777
0.07524993
0.04517574
-0.12832414
0.27726454
-0.23096561
-0.03202751
-0.22230749
-0.23734496
-0.40391395
0.20070430
-0.19152626
-0.09898217
-0.37981743
0.21364060
0.06988038
-0.18589251
-0.27008548
0.02836194
0.00579331
0.15377506
0.17262162
0.29425045
0.03452977
0.05995978
0.19743198
0.02963166
-0.14841891
-0.00721025
-0.47224359
0.06802642
-0.18726987
0.01948588
-0.27289624
-0.12384490
0.11203964
-0.38336392
-0.11604869
0.08706254
-0.03284202
0.00906387
-0.13798589
-0.22606724
0.03198273
0.05926018
-0.07636083
-0.27047266
-0.31027983
-0.30264998
-0.13511436
0.13997128
-0.31733977
-0.21611546
0.47039354
-0.28633713
-0.01819588
0.08672089
0.06657048
-0.11870097
-0.24434184
-0.03359395
-0.06241011
0.01046876
0.12097500
0.15133735
-0.15153332
-0.05594768
-0.14229188
0.21940428
-0.31942144
-0.25462065
-0.14179618
-0.30035288
0.17546125
0.10663340
0.06826439
0.31327900
0.32520784
-0.26778075
0.04106843
-0.12498125
0.14202476
0.12149767
0.03639765
0.14182975
0.26716810
-0.10276150
-0.16888878
0.21827211
0.00657079
-0.04260981
0.10244266
0.35175205
-0.02967760
-0.12990177
-0.16499565
-0.14931432
0.32395181
0.24724860
-0.27542692
-0.11028007
-0.09860564
-0.05988987
0.20697836
0.04212055
0.15829950
-0.03576772
0.05636998
0.42443301
0.08265206
-0.10085786
-0.21953789
0.10024648
0.01107933
0.15969997
-0.25284550
0.06421884
0.07928071
-0.32359127
-0.12262041
0.05137335
-0.32757094
0.19349659
0.00204807
0.13884074
0.24523166
-0.03887203
0.33534396
0.14746185
-0.09540925
0.07182999
0.15317468
0.04131972
0.09423976
0.04831039
-0.16561422
-0.04750467
0.24331298
0.31541649
-0.07613473
0.00185572
-0.30468245
0.11004347
-0.16921448
-0.12908595
0.02316595
0.03613087
0.19905392
-0.09841473
-0.21582459
0.02076972
-0.19229323
-0.18394299
-0.31771991
0.36597168
-0.00812566
0.08991965
-0.01768766
-0.00276238
-0.23765120
-0.20692225
-0.06903938
0.03372008
0.05177222
0.08857644
0.23300800
0.22783148
-0.09075720
-0.03453992
-0.11695814
0.28561024
0.08000783
-0.01416997
-0.24135984
-0.22668711
0.12100437
-0.00403660
0.12997634
-0.15017880
-0.08137198
0.04753335
-0.03553020
-0.33866305
0.33908336
-0.30456418
-0.08617968
0.18449880
-0.10110501
0.13756097
-0.04631947
-0.40279661
0.27372593
-0.01717425
0.16161655
0.06032941
-0.03281825
-0.25702317
0.05850462
0.03045815
0.18743781
-0.00648414
0.23607907
0.49938218
0.05537207
-0.31581942
-0.08711818
0.23213515
0.14116622
0.08505624
-0.19047129
-0.39938788
-0.61496182
0.02860245
-0.26150076
0.14910288
0.34402040
-0.12668483
-0.09456076
0.25176018
0.04597784
0.33238789
0.04523016
0.34774784
0.05434971
0.08624983
0.27731638
-0.29096870
-0.07503505
-0.08466291
-0.08379531
-0.25773195
-0.04240730
-0.16926440
-0.00693021
0.01830057
-0.01705906
0.08624062
-0.04241098
-0.08395624
0.13588517
0.08037285
0.14340227
0.19378080
-0.10662859
0.31654810
-0.01735844
0.09404319
-0.11301301
0.15473663
-0.04322144
-0.12593250
0.05549014
-0.19326974
-0.13825073
-0.19971210
0.37060275
0.18507919
-0.13624055
0.06346101
0.19275977
-0.25372781
-0.12624270
-0.22353568
0.02637358
0.06603597
-0.09854124
0.13662825
0.17393908
-0.12749180
0.32581970
0.14302256
-0.22458457
0.07892002
-0.27123414
-0.21242112
-0.20274711
-0.10799067
0.00441589
0.20084161
0.18602032
0.04706509
0.05692948
-0.12881394
0.06513939
-0.45310685
-0.04291246
0.30852890
0.05439671
