-0.28961895
-0.28193531
-0.16902628
-0.28441090
0.46737213
-0.01655422
-0.55758602
0.01498622
-0.21291773
0.50055774
-0.44678533
-0.16630637
-0.43096050
-0.45959492
-0.09213756
-0.64974785
-0.38122450
0.09740282
0.19045429
0.12685789
-0.17145863
0.23561390
-0.08391997
-0.77915007
0.24410215
0.35623055
0.49929671
0.37080051
0.54117687
0.41765011
-0.00994830
-0.29401880
0.60139503
-0.23857190
-0.14795485
0.13751365
-0.14123006
0.23793171
1.04910433
0.03372329
0.04018791
0.09488415
0.12108392
0.15966025
0.15998392
0.68441438
0.25363799
-0.25559197
0.30574945
-0.56432295
0.31904153
0.20927430
0.29915207
0.23385261
0.33436349
0.07591799
-0.57703581
-0.06795951
0.33276594
0.13175884
-1.16760439
-0.14091971
-0.52900886
0.06324948
0.18658716
0.24200689
0.76064512
0.43106805
0.27531323
0.28035275
0.24603772
0.58274326
-0.14063407
0.67586237
0.34845318
-0.62656710
0.17428973
0.83493239
-0.07964515
0.28537432
0.69024512
-0.74684759
0.32666432
0.73644996
0.42373072
0.07003639
-0.13707253
0.40472697
-0.83989631
-0.12843258
-0.41524749
0.07660707
-0.38251119
-0.71176656
-0.04749899
-0.57687125
-0.15445018
0.41130920
-0.33288864
-0.21826117
-0.74470845
-0.13084223
0.11956310
0.04190334
0.16422256
0.08427884
0.11918483
0.37990710
0.50076291
-0.15125975
-0.41606645
-0.48490386
-0.29844055
-0.62310757
-0.17346952
0.03331950
-0.01484628
0.26670324
0.23726849
-0.20871697
0.77899903
-0.10771276
0.32354549
-0.10954067
0.34305724
-0.28110025
0.26859261
-0.17244401
-0.76731022
-0.48758632
0.41043545
-0.13300631
-0.22662008
-0.26842910
-0.50560992
-0.09801131
0.26005947
-0.05414401
-0.17215505
-0.07368061
0.16973113
-0.44690180
-0.11568393
-0.29201533
-0.20987944
0.00359898
0.20013337
-0.02084384
-0.60124476
0.00266147
0.38187928
-0.68276394
0.33290751
-0.53905534
0.54166436
0.28865567
-0.45344284
-0.27971993
-0.01613958
-0.14777404
0.47893064
-0.07995941
-0.14968803
-0.83734693
0.34544447
-0.48190071
-0.29257542
-0.54913343
-0.59820771
-0.25370690
0.44644407
0.14064754
-0.23743823
0.35058010
-0.45213863
-0.64499321
0.40421561
-0.22078701
-0.78765356
0.42512660
0.03065217
0.16882505
0.21661959
-0.16125144
-0.16798153
0.07520331
0.52076348
-0.09279002
0.03538815
0.25420861
-0.06815702
0.51179998
-0.63770306
0.28580819
-0.49461392
0.10559883
0.39026354
0.25616993
-0.46113862
0.25681932
-0.33352723
-0.22604294
-0.00790725
0.18087875
-0.26943490
0.40130328
0.30727788
-0.24045714
-0.24951490
0.92809220
-0.10294864
-0.39450688
0.08320768
0.32207070
-0.39429120
-0.03577042
0.34509801
0.73402239
-0.62545829
-0.22200296
0.48480327
-0.31467465
0.07245347
-0.08307815
0.11122661
0.01092884
-0.31551315
0.58238769
-0.25583896
0.40453398
0.06598903
0.47558237
0.45327953
0.33649393
0.88672259
1.11444116
-0.19517835
0.01934962
-0.16268308
0.31047102
-0.24689385
0.40595155
0.03354950
0.43315370
-0.24819333
0.24177055
0.50654009
-0.43920581
0.12575565
-0.14873209
0.12818473
0.70713968
0.40729573
-0.86905981
-0.17240926
-0.06929850
0.00890228
-0.33506246
-0.07602309
0.98077605
0.02118339
0.20905736
-0.18851759
-0.01480634
-0.12097072
0.41532617
0.35363128
-0.24952227
0.36102110
-1.21774853
-0.33664379
-0.07562493
-1.01730392
0.46594796
-0.33437224
0.54086501
-0.15033245
0.26437744
0.31303297
-0.32001722
-0.15911128
0.08328436
-0.06683741
-0.46933665
-0.34390655
0.29343148
0.25402547
0.24215163
0.35565741
-0.17355662
0.38989310
-0.53105439
0.00998971
0.09242945
-0.34446214
0.15911098
0.32623563
0.27238235
0.20284139
1.16510404
0.08819055
0.59209008
-0.14959148
-0.27733530
-0.12240901
-0.21385241
-0.33401463
-0.15281800
-0.43045055
0.73671887
0.00385549
-0.36286278
-0.16287392
-0.27092312
0.13562228
-0.10709220
0.67752452
0.29846338
-0.04580180
-0.15770174
0.42238224
-0.18135893
0.25931809
-0.46730696
0.53155405
-0.46470028
0.00258182
0.85610529
-0.36345871
-0.52177559
0.26944696
-0.15213899
0.07030213
-0.17735938
0.02519157
0.06503801
-0.59452404
0.30760554
-0.13454085
0.03732236
0.07279744
0.67501628
-0.03123805
-0.28794074
0.42414110
-0.21657834
-0.20486867
0.01556744
-0.16823269
0.09097380
-0.55246633
-0.44462125
0.20002277
0.57883784
-0.28108894
0.00538708
0.11766756
0.22082003
-0.46543566
0.21404912
-0.00823123
0.04859118
-0.62129665
0.16989974
0.48142577
0.03145999
0.29952449
-0.56172328
0.37088562
-0.11980903
0.05504356
0.60133069
-0.36323478
-0.20492701
-0.50905088
0.15884568
-0.01744100
0.51421808
-0.09505372
0.08324933
0.27893579
-0.61747963
0.04424227
0.02913402
-0.14404957
-0.22157814
-0.28007772
-0.01624073
0.24192150
0.28276330
0.34590384
-0.37465261
0.49508807
-0.26621914
-1.25000309
-0.62953287
-0.47530468
-0.23002584
-0.31205321
0.19956389
0.47138267
0.14611477
0.19308820
-0.01110650
0.44816097
0.28054545
-0.12959197
0.51712381
0.39828201
-0.01847615
-0.63709119
-0.54340749
-0.41116560
-0.48624843
-0.15537625
-0.45285306
-0.12029623
0.28171807
-0.08285911
-0.00519770
-0.54861242
-0.44590494
-0.02442964
-0.45494085
0.98645700
0.17915057
0.32161095
0.02819037
0.29182731
0.36030574
-0.45804533
0.02305373
0.27489711
0.01638304
0.33751994
-0.29396724
-0.45747653
0.84006801
0.23540875
-0.41091376
-0.10790972
-0.23622870
-0.28280622
0.05375183
-0.14773017
0.12188353
0.16119096
1.09424330
-0.24435317
-0.94263689
-0.45685426
-0.02887009
0.13861406
0.46500581
0.12115265
0.36791345
0.12349508
0.08089226
-0.27221239
-0.19553489
0.85045206
0.79284233
0.18043727
0.05424113
-0.13537282
0.12620180
0.57361956
0.24016568
-0.00436257
-0.18117326
-0.30694767
-0.87037809
-0.57069846
0.19097069
-0.08966907
-0.25797321
0.33539578
-0.00575061
0.22586594
0.11282294
0.07594945
-0.57042184
-0.88512669
-0.21964693
-0.12861865
-0.44086814
0.21204424
-0.18395037
-0.33416471
0.03326775
-0.40939910
0.09691239
0.50502687
0.40503687
-0.36023426
-0.10851129
0.01012647
-0.09213173
0.27713600
0.29990235
-0.61609329
0.58014860
0.02310651
-0.08598218
0.42908414
0.02328524
-0.33368358
0.49087345
-0.49754740
0.10358891
0.35439251
-0.10153967
-0.02577965
0.22014934
-0.45121482
0.05092712
-0.63488999
-0.38141661
0.12834541
-0.62220173
-0.23536949
-0.20783149
-0.08266891
0.13426964
-0.36214230
0.69236801
0.49978341
-0.10963687
0.39811758
0.40189498
0.39129262
0.37018380
0.01852675
0.12764771
-0.11573066
0.07459218
0.23241398
0.23967545
-0.30894950
0.39516472
-0.28727804
-0.67898010
-0.73124975
-0.44817535
0.08277709
-0.03477065
-0.12242363
0.23366426
0.44558469
-0.04634520
0.56483877
0.37247921
0.33700561
-0.45410038
-0.30985432
-0.07131944
-0.32428966
0.93733445
-0.13698987
0.47088886
0.12504320
0.06529004
0.66008020
0.11614672
-0.00102238
-0.77933943
-0.15851959
-0.39369451
-0.44869159
0.35411284
-0.20404479
0.45632614
-0.78416991
0.06252170
-0.40911412
0.03156765
0.38111082
-0.21083013
-0.54682263
-0.24943485
0.06319781
-0.44964434
-0.43922769
-0.06518842
0.34984971
-0.53430342
-0.74732909
-0.20512548
-0.22758722
-0.12412386
-0.46877293
0.20595653
0.03063854
0.21860438
0.50861390
0.18710884
0.21669708
-0.54000337
-0.02638756
-0.07193387
-0.20637278
0.17922595
-0.27666610
-0.11006732
0.42322467
0.57033210
0.24784980
-0.18853995
-0.82254960
-0.27141377
0.38091172
-0.63622026
-0.30514498
-0.29813775
-0.37163231
0.34276555
-0.61050314
-0.10228112
0.28137745
0.14360057
-0.29544351
0.41841773
-0.24598604
0.13994234
-0.09734906
-0.07895129
-0.26524079
-0.35716718
-0.15994465
-0.82789892
0.07054950
0.00184395
-0.97699429
0.07017755
-0.01730796
-0.02399346
0.08491660
-1.11956256
0.58673995
0.81475792
-0.25225805
0.24696300
0.75728743
-0.32450137
0.37158978
-0.74543868
0.52163584
-0.03236218
-0.10338788
0.93367166
0.56040572
0.14180028
0.66146982
0.60308146
-0.23544751
0.58255411
-0.08570824
0.00137308
-0.32269343
0.11394171
0.74697585
-0.10357275
0.17423698
0.35251557
0.57443477
0.22443605
-0.27426679
0.22810733
0.36672004
-0.30395867
0.35319101
-0.14003545
0.22150689
0.20645943
0.39986175
0.19223123
-0.14257845
0.07822352
-0.47714099
-0.75359399
-1.50243143
-0.94612327
-0.39281191
-0.61867073
-1.00048113
-1.03266646
-1.12398868
-0.90299284
-0.95909691
-1.11069707
-1.46361402
-1.03411100
-1.04949776
-0.84793831
-1.44541924
-0.72196069
-0.90259892
-0.83975360
-0.43346865
-0.21415634
-0.73876674
0.14781860
1.21905044
0.50560265
0.93403351
0.31609345
0.85229361
1.50680785
1.18388270
1.36890309
2.38820315
1.97292775
1.68007046
1.91495085
1.89254290
1.27236929
0.68221955
2.18422799
0.77152690
0.43573980
1.31349846
-0.09123156
0.62066273
-0.25402132
0.00178448
-0.07987413
0.56002373
-0.03359448
-0.53844013
-1.02805891
-0.23582232
-0.58548486
-0.32887665
-0.75820254
-0.64540272
-1.36082729
0.08467239
-0.28369418
-1.24003070
-0.24835241
-1.10551157
-1.00329540
-0.81319374
-0.36890848
-0.59560500
-0.57890427
-0.37098461
-0.25013732
-0.11538389
-0.47313596
-0.06354936
0.44698127
0.36850049
0.33388110
-0.37928366
0.17651095
0.03082623
-0.18456352
0.27472457
-0.14677261
0.24931078
-0.03121302
-0.18914314
0.33441940
-0.50878944
0.09187492
0.25378948
-0.18555934
0.13893601
0.44171448
0.02821913
0.04447672
0.13135003
-0.43849467
0.34381991
0.10757561
-0.32784144
-0.57188843
-0.24821835
0.04415025
0.51946038
0.28730883
-0.64020362
0.47497218
0.45523877
-0.08270373
0.03029565
0.79698362
0.46976708
0.35059917
0.67696217
0.66578146
-0.12012669
0.84554882
-0.44658078
-0.16320418
0.18698264
0.26861166
-0.01866303
-0.09125932
0.67746562
-0.84096985
0.16888511
0.59863925
0.15417177
-0.27527188
-0.10030071
0.31649494
0.74200784
-0.25298062
0.20635818
-0.62803240
-0.49626741
-0.03659018
-0.19764512
0.45398858
-0.33928609
0.52748089
-0.28818406
0.28555514
-0.08237214
-0.26767322
0.77093583
0.13166669
0.07900832
-0.57177522
-0.11149905
0.56904175
-0.19986186
-0.47808416
0.18820659
0.64004631
-0.66028955
0.57016171
0.87750495
0.53904317
-0.16924171
0.27785243
-0.37460622
-0.04029206
-0.06418463
0.35480102
0.24856593
0.27452822
-0.05182118
-0.29480326
-0.39384255
0.54993004
0.01514148
-0.22125678
0.06789981
0.05867753
0.39305869
-0.57010667
0.08795358
0.41783902
0.06993175
-0.09883891
-0.54226436
0.19883788
0.13783188
0.49460776
-0.32812942
0.72749871
0.07965255
-0.55469600
-0.05022256
0.71043472
-0.42047308
0.18085113
0.63189134
0.08469773
-0.24498499
-0.25386741
0.12253428
-0.37700085
0.27124189
-0.03459297
0.56942987
-0.02624149
0.24146356
-0.28395640
-0.56114322
0.58408953
-0.19420082
-0.74268184
-0.12353559
0.28007118
-0.18692261
0.23801744
-0.58119233
0.19139318
0.13819657
0.43506199
-0.57995154
0.01734804
-0.48697308
-0.23504503
-0.15275881
-0.15436752
0.00170267
0.00340814
0.06168742
0.05882247
-0.13601522
-0.10230007
0.01199808
0.28904611
0.04923012
0.14432204
0.53298007
-0.17073238
0.02959206
0.33318890
-0.20016791
-0.31236996
-0.10398046
0.82583923
0.07040855
-0.36947842
0.12291106
0.34407069
-0.50995693
-0.00417226
-0.55126051
-0.06754457
0.27976628
-0.36609373
-1.25485121
0.14766031
-0.32031053
0.62311679
0.27062255
0.09325268
-0.38085689
-0.55838300
-0.38198016
-1.04986506
0.29337962
0.14623744
-0.05564988
0.23312988
-0.18235743
-0.61447496
-0.64973192
-0.40175584
0.22078678
0.24065430
0.43374116
-0.34751061
0.52749775
-0.38741083
0.02822285
0.52973286
0.01734876
-0.64756252
0.92305938
-0.36817204
-1.02823287
0.15863633
0.22713110
-0.19743172
-0.56262872
-0.33642702
-0.26220419
-0.17696812
0.14104850
0.42031376
-0.20154784
0.10551320
0.17129899
0.56683470
0.45718360
-0.57713310
0.21934388
-0.01405532
-0.00186213
0.14981233
0.67465177
-0.35729667
-0.24362243
0.26183782
-0.46317991
0.62669696
0.11102335
0.03088781
0.41576239
-0.46302635
0.01265036
-0.11565329
-0.01463298
0.19946013
-0.35340925
-0.30968434
-0.08487580
-0.39567666
0.34064058
0.38349842
1.12091554
0.45996533
0.27696253
0.87571836
0.12729458
-0.34376823
-0.06506888
-0.39795770
-0.72066043
0.06330589
0.42255211
0.14937877
-0.12824089
-0.23420333
-0.46105685
-0.44376652
0.83557491
0.41833558
0.02512666
0.16184810
0.01759197
0.03109547
0.63138038
-0.64955864
0.47118108
-0.22929125
0.42797019
0.02597134
-0.21806167
-0.06114860
-0.05792636
-0.28629983
-0.15022810
-0.67494870
0.05617106
0.61627272
-0.31719110
-0.39319451
-0.04361694
-0.65326857
0.05171280
-0.34289080
-0.26251279
0.16551921
-0.06832387
0.57966114
0.00145205
-0.37853772
0.96220559
-0.58078001
0.29955026
-0.39844051
-0.24164410
0.36143051
-0.04852392
-0.02048420
0.07107440
0.09694047
0.50454401
0.60997887
-0.10469009
-0.39787220
0.03924764
-0.04176200
0.12081440
0.19593780
0.35395499
-0.11607256
0.05648327
-0.73122193
0.15584868
-0.08179442
0.35293661
0.08116845
-0.49013095
0.01618069
0.19637495
-0.05294932
-0.33824397
0.13877115
-0.04632483
-0.51222719
0.37795353
0.04112460
-0.20775589
-0.24408917
-1.04222694
-0.40181958
-0.44156677
-0.06871614
-0.38962656
-0.08128031
-0.04484060
-0.20174826
0.47563822
-0.54382209
0.67519688
-0.59719029
0.24247067
-0.47709146
-0.24070875
-0.15024168
-0.15688515
0.08317612
0.49725932
0.22428287
-0.43734911
-0.49836913
0.83936337
-0.07466477
-0.34991303
0.02189120
0.73710836
-0.16779603
-0.03106721
0.12162176
-0.45059697
0.19647702
0.38876018
0.80571373
-0.19368323
0.15062474
0.61559018
0.32400997
-0.16877933
0.33340395
0.11065453
0.14479202
-0.79206492
0.07409975
0.41378471
0.45286149
0.41111027
0.36509503
-0.02744949
-0.18341551
0.63373928
-0.35300941
0.06025472
-0.32759311
0.01539468
-0.47737993
-0.81776526
0.05245178
-0.72330413
0.50628847
-0.33526538
-0.63529708
1.06400602
0.08069325
0.35311377
0.43900532
-0.29453167
-0.09677211
0.21018986
-0.25964483
-0.25419452
0.17438273
0.09296805
0.49606571
-0.12127526
-0.43148520
-0.30258985
0.79715032
-0.36166181
0.61248354
-0.16119356
-0.53882002
-0.23724692
-0.36591359
0.47947907
0.00388287
-0.17195066
0.26794108
-0.20350457
-0.45007903
-0.20476541
0.04759256
-0.12189779
-0.22328499
-0.18473165
-0.42193535
0.13726483
-0.35802499
-0.51236969
-0.52039299
0.10138670
0.35729758
0.26190736
-0.47806269
0.07263735
-0.40415904
-0.41395201
-0.50476820
0.01217474
-0.69063329
0.08282755
0.19318971
-0.10657857
-0.82060356
0.76576936
-0.08461646
-0.53970041
-0.44973680
0.14515355
0.26945963
0.27607961
-0.27992575
0.21741478
0.10130468
0.32061726
-0.27107027
-0.24261338
0.17024936
-0.19038528
0.32769347
-0.03768472
-0.16261019
-0.26603603
-0.67117855
0.02156618
-0.92860025
0.03249545
-0.28546570
-0.07600095
0.57703307
-0.15835247
-0.83943164
0.12059455
-0.13548890
0.02474010
-0.27982205
-0.08791922
0.00394975
-0.57718497
0.42916595
-0.15874307
-0.49824986
0.47820389
-0.67145776
0.19686277
0.05797092
0.30737005
-0.49770156
-0.45827452
-0.56869381
-0.09863348
-0.26865758
-0.17998700
0.41438950
-0.12139587
0.05532519
-0.06800935
0.42236681
-0.28018105
0.35541077
-0.03516929
0.60863674
0.12565452
-0.43183378
0.32135869
0.22313499
0.18231643
0.04852839
0.14799378
0.08964388
-0.10364253
-0.71363761
0.19927855
0.00017598
0.29615124
0.17798047
0.18853615
0.10856674
-0.50438654
-0.34764119
-0.52229650
0.22625043
-0.20962400
0.39374476
0.44143966
0.01694124
1.06754188
0.30405077
0.21730377
0.70445210
0.49398783
-0.13403976
-0.36596244
-0.79534274
-0.41486762
0.51278216
-0.50414922
0.61327892
-0.79938584
-0.16224982
-0.39348201
-0.21131397
-0.64897931
-0.43500539
0.57555738
-0.35805439
0.12046326
0.09455211
0.09419561
-0.45784999
0.03890165
-0.08847448
0.19785937
0.03975239
0.13457581
-0.11773315
0.16118871
0.17627548
0.57111240
0.08380040
-0.31168830
0.49074238
-0.02440498
0.06290224
0.47612657
0.47282733
-0.43098313
-0.16742191
0.30336758
-0.22999656
0.50468636
-0.35552084
-0.47412659
0.23160486
0.25046480
-0.42374077
0.08778321
0.40563852
-0.37296014
-0.54002445
-0.22397255
0.06109113
0.10515538
0.63884596
-0.16464510
0.45188261
-0.16445427
-0.08518920
0.01951215
-0.30550321
-0.06304894
0.68515827
0.50534489
-0.39748593
-0.23609993
-0.29732365
-0.05024713
-0.73139164
-0.40552346
0.26849648
-0.31389815
-0.09279067
0.25311710
-0.16755201
-0.19575225
0.02755533
-0.21117260
-0.29601066
0.04766534
-0.58104596
0.12987165
-0.08836354
0.02061911
-0.42423104
0.46279643
-0.17027060
0.23362198
-0.23817706
0.27761345
0.22020706
0.18505224
0.22320164
-0.09477582
-0.67310144
-0.00197887
-0.07455570
0.44530128
0.24886537
-0.44674267
-0.20884092
0.37238336
0.22399432
0.26128146
0.24058477
-0.54420293
-0.82569507
-0.32560578
0.19359123
-0.43294276
-0.54128726
-0.25476833
0.48144108
0.38916423
0.29032241
0.26042871
-0.08221745
0.70332385
-0.04704744
-0.16116970
-0.43725108
-0.38913189
0.26444836
-0.17038803
-0.40016593
-0.33543525
-0.16685885
-0.35902515
-0.46130674
-0.00223785
-0.27971007
0.10891089
-0.07186629
-0.08597621
-0.81624978
0.28632467
-0.70059680
-0.12919640
-0.23079895
-0.05014228
0.15209766
0.17816376
0.34075935
0.71615500
0.09100583
0.22668932
0.07928163
-0.04363547
0.28834422
0.38217295
0.64804269
0.53158391
-0.28117696
0.02654509
0.24251810
0.17358848
-0.58649676
0.01344381
0.45333578
-0.10758708
0.30364660
-0.04238981
-0.22921544
0.21217321
-0.19955846
-0.46350658
-0.17386261
0.43464666
0.05680438
-0.01995124
-0.43635698
-0.04196378
-0.22697482
0.82032821
0.84605260
-0.03642377
-0.33849995
0.53006691
-0.16883260
0.04846465
-0.36143507
-0.69229937
0.14832471
-0.08432682
-0.66795847
0.42007720
0.50125806
-0.06787573
-0.51793723
0.13625606
-0.16533234
0.29456437
0.23831976
0.27920315
-0.71659686
-0.35202643
0.08855048
-0.83806747
-0.65165478
1.07146900
0.24203878
0.37856498
-0.46181789
0.16533269
0.66284590
-0.17511617
0.06386013
0.59672174
0.25039389
-0.07952908
0.01552174
-0.17538419
0.05374592
0.24130379
-0.06324654
0.11438119
0.08131117
-0.64115989
0.89941652
0.71336831
0.05935922
-0.47248713
0.65009862
0.07439045
0.24653478
-0.33058136
-0.05344489
-0.18202942
-0.10059636
0.00832896
-0.37665775
0.14040503
-0.30892805
0.19176209
-0.56561881
-0.56425834
0.57739039
-0.55810506
-0.20229957
0.19220054
-0.63457138
0.06657846
0.06332239
-0.03751426
0.12219266
0.20715299
0.46982493
-1.07619374
0.28540901
-0.74481161
-0.22152400
0.25886504
-0.49996346
-0.36105526
0.10463892
-0.10227068
0.31576275
0.66801804
0.95648202
-0.43455056
-0.09122240
-0.47879822
0.33189923
0.23582032
-0.40370373
-0.33919244
0.48159861
0.08016084
-0.83952442
0.27165654
0.53285580
0.08378455
0.12720354
0.05045312
-0.03973102
0.70242897
0.29329778
-0.57335804
-0.53602709
-0.03901126
0.85023020
-0.05179263
-0.17402673
0.42199471
-0.27540017
-0.90720892
-0.19971442
-0.26687459
0.07494478
0.39172780
0.12988494
0.38016028
0.00029679
0.08023563
-0.46538525
0.36233026
-0.20558607
0.12409844
0.27153545
0.16091714
-0.55812016
0.60842678
-0.46876392
-0.11147342
0.26411137
-0.22650611
-0.16368932
0.10511870
-0.44693639
0.02522349
-0.18368903
0.19701825
-0.31656700
-0.49078243
0.42964972
0.72159691
-0.30517317
-0.01274387
-0.02767186
0.31177907
0.65757313
0.20211285
-0.79120779
-0.27103785
0.03999259
0.96860344
0.20531731
0.30888281
-0.44854932
-0.21113252
-0.50156367
-0.59077417
-0.75292730
-0.26979505
-0.56244452
-0.32311237
0.31639197
-0.33966232
-0.75181670
-0.12093684
-0.43436256
-0.22858865
-0.24784736
0.39318303
-0.15403439
-0.37267558
0.47027708
0.65925962
0.15037458
-0.44177181
-0.46343520
-0.12164694
-0.91340920
0.59248940
0.18488680
-0.24168330
-0.44545262
-0.23206850
-0.38053227
0.20863414
-0.16322066
-0.18109342
0.07588731
-0.36854357
-0.28480396
-0.67438542
-0.30424607
-0.75439908
-0.95657837
-0.79754644
0.06932834
0.17184165
0.10508181
0.11691522
0.62144869
-0.48016838
0.31581443
0.06770786
0.21155594
0.34649176
-0.17725534
0.35990077
0.43512959
-0.08358799
0.31482254
-0.43281726
0.19195622
0.52068451
0.55848710
-0.14216195
-0.23417074
-0.46275471
-0.03995529
-0.01144829
0.20482106
0.47581913
0.14258908
-0.09632163
0.09554086
-0.44069608
0.19812942
-0.41416135
0.25882634
0.15559770
-0.25140684
-0.60928641
0.70947896
0.09298673
0.11658659
-0.22655850
0.47799067
0.46604870
-0.05537232
-0.05944138
0.83863360
-0.08913009
0.00193225
0.13411286
0.18376584
-0.24885209
0.41061535
-0.25996330
0.21457835
0.66179903
-0.03021126
0.23911216
0.47918191
0.56668390
0.41150022
0.30625808
0.25757507
0.08660658
0.01142523
0.30493687
0.02270344
-0.21128963
-0.68931490
-0.31960702
-0.53185834
0.17140406
0.10838460
0.13420937
-1.03091829
0.04809563
-0.08332603
0.53790974
0.07728111
0.01251909
0.11867012
0.03242779
-0.18558543
-0.23994742
0.22799212
-0.31858079
0.67550028
0.08870949
-0.66246524
-0.00774847
-0.38191357
0.30059789
-0.61269293
-0.38709705
-0.58839590
-0.38113047
0.12981639
0.45048038
-0.17817707
-0.28416829
-0.35584250
-0.33506397
0.02512768
-0.12652766
-0.74699488
-0.07569185
0.43085871
-0.25664752
0.13123682
-0.00368254
-0.43383849
0.25034432
-0.04661787
-0.18203458
0.29668932
0.27586014
0.20944487
0.06270718
-0.39058904
0.25227421
0.01435758
0.06393140
-0.48093085
-0.19391864
0.09755386
0.20110778
0.57330629
-0.08962836
-0.25722474
0.19077980
0.74078536
-0.29967423
-0.15458679
0.00715771
0.34832868
0.49480515
0.07950457
0.34816915
0.04660965
0.31338649
-0.40207111
-0.39505272
0.00474887
-0.46071577
-0.46258933
-0.34691483
-0.08741516
-0.09194018
0.17935268
-0.12920560
-0.18860965
0.23161258
0.05819983
0.18185609
-0.33978149
0.80283084
0.27665721
-0.07428624
-0.52085092
-0.03596431
-0.70139789
0.54813481
0.13136913
-0.46889226
-0.23222868
-0.00476362
-0.17818858
0.25207208
0.06555354
-0.77593724
-0.68978541
0.30039594
0.05125322
-0.23157815
0.21054977
0.24631455
1.11422977
0.19245009
-0.11990832
0.29622192
0.26917386
0.31526265
0.39024913
-0.52738400
-0.20432238
-0.38005619
-0.68585390
0.30662709
0.39322572
-0.36320595
-0.16668136
-0.12900596
-0.36521244
-0.40675947
0.49270589
0.45941894
-0.60485504
-0.77492763
-0.00900059
-0.64881265
0.03821365
0.36352315
-0.39742624
-0.63842290
-0.19398267
0.07408752
-0.00774079
0.39949315
0.49336177
0.07973585
-0.16887415
-0.01896043
0.57871786
-0.36780564
0.19579503
-0.28839478
0.10963361
-0.05231444
-0.48678413
-0.18405564
0.11609107
0.12918536
0.57477974
0.24273851
0.20765092
-0.58360245
-0.03710476
-0.02060525
0.13182661
0.64330033
0.36638898
-0.38355531
-0.63232465
-0.34353363
0.14779221
-0.18821963
-0.54333305
-0.12492701
-0.38071103
-0.18148254
0.13792613
0.39995857
-0.01734613
-0.09365734
-0.07940943
-0.28117670
0.58068526
-0.11360035
0.00882513
0.03286913
0.36737274
-0.12790489
-0.90311895
0.04262830
0.64185570
-0.01164633
-0.14441214
0.43159730
-0.25027504
0.35547466
0.01766704
0.80653851
0.25875706
-0.48512374
-0.08678684
0.49712630
-0.47741037
0.67122289
0.59610340
0.41571009
0.43229839
0.57819229
0.49833216
0.35491997
-0.07886813
-0.62438888
-0.58805551
0.03197673
0.36187773
-0.18333785
0.07597086
0.63787787
0.31431071
0.55517497
0.09381095
-0.46971445
-0.11238456
-0.47440624
0.26120461
0.65966868
-0.56002333
-0.06843680
-0.03643258
-0.07548214
0.11176387
-0.07639214
0.07152853
-0.17157019
-0.61022005
-0.92557693
-0.32710395
-0.53417100
-0.62610462
-0.07115143
-0.06590835
0.54494228
-0.39572637
0.91721993
-0.37263126
-0.88988013
-0.05046643
0.18009829
-0.05981831
0.01181746
-0.00254554
0.66454716
-0.94406089
0.75624900
0.00477640
-0.45643863
-0.53141559
-0.01742747
0.35792502
-0.73972317
0.26372830
0.44965944
-0.07248053
0.13946157
0.55126471
-0.14602774
0.55981876
-0.34649988
0.18405373
-0.12538770
0.20135331
0.83720057
-0.66965581
-0.16602154
-0.52382268
0.29820900
-0.79470849
0.39825957
0.71935044
0.00885727
-0.20575839
0.22173322
-0.12192661
0.35558937
0.04554140
-0.47962471
