-0.05004155
0.06873914
0.08392146
0.00579681
-0.24875542
0.04267092
-0.07065301
-0.21896853
0.27843285
0.14913774
-0.29683117
0.08457546
0.25771904
-0.20710794
-0.07580921
-0.00452102
0.08764543
0.06250228
0.09813567
0.23666895
0.04681656
-0.06557841
-0.07411390
-0.14469648
-0.09729018
-0.05539204
0.11336783
-0.14142193
-0.21505934
0.07886758
-0.23743028
-0.27920848
0.14998104
0.02185868
0.18929135
0.04427180
0.06383862
-0.02303418
0.22040114
0.00046511
-0.32670766
-0.26224482
-0.17439501
0.10635272
-0.26228065
-0.03444887
0.01216717
0.26921443
-0.00221582
-0.12775095
-0.14679310
0.00086158
0.03269647
0.10183533
0.35201605
0.31402767
0.06100158
-0.09200129
0.08902675
-0.06335465
0.48068073
0.18282142
-0.27652742
0.09576207
0.02007950
-0.26229466
0.21906383
-0.07797161
0.05363984
0.03842546
0.25904124
-0.08226844
0.34015888
0.28585556
0.02692678
0.04569181
-0.30930508
-0.24130498
-0.07490751
-0.03729644
0.05413705
0.06797508
0.25476354
-0.01135551
0.27716295
-0.09423783
0.04577627
0.08075697
-0.09069949
0.09328700
-0.23152831
0.12613138
-0.12068399
-0.00378210
0.47434679
-0.14519599
-0.32362377
0.26560435
-0.20492909
-0.09393922
0.04335906
-0.19304574
-0.09392259
-0.11454774
-0.07600576
-0.07484413
-0.08146950
-0.08777653
0.03384866
0.09189347
-0.03927840
0.33807678
0.17278624
0.42889629
0.09012669
-0.30037655
-0.21020475
0.07597669
-0.21635166
0.14939091
0.10226206
-0.30755274
0.20034397
0.00059417
0.13064505
0.20212996
-0.09285681
0.03675152
-0.01704719
0.21306881
0.05521363
-0.11294634
0.10826951
-0.11840571
-0.43668030
-0.11538325
0.06241880
-0.03924486
-0.01943746
-0.06444784
-0.15069666
-0.03819261
-0.10906563
-0.05128949
-0.39855100
-0.08176773
-0.06425233
0.03301373
-0.03840867
-0.11396967
0.24519573
0.03506759
-0.09117254
0.17224633
0.20523004
0.20278282
-0.03922662
-0.35504030
-0.09535903
0.07231457
-0.09940468
-0.15054685
0.03489242
-0.02392624
0.00926782
0.42612998
-0.25592354
-0.33105453
-0.03206546
0.07233326
-0.08937271
0.42141528
-0.00394859
0.29332745
-0.45332631
-0.13628555
0.56402271
-0.04373557
0.28122967
-0.22765744
-0.00850777
0.05246335
-0.18735118
0.02620670
-0.09722676
0.10337199
0.24745789
-0.04095703
-0.20097177
-0.19623635
-0.32832835
0.01517566
-0.10803188
-0.28532981
0.34119989
-0.00030167
0.11119313
-0.00675623
-0.03194573
-0.02163947
-0.22511716
-0.05417846
0.02135713
0.13591237
0.09291778
0.04351764
-0.30665842
-0.09597032
-0.08388299
0.19081482
0.32086182
0.05046589
-0.01825663
0.03285736
0.12113891
-0.04629288
0.18669802
-0.12638410
0.07699626
-0.03600643
-0.15323083
-0.04902164
0.09652574
-0.17967895
0.19670030
0.14979306
-0.20711817
0.11032125
-0.13368669
0.17282144
0.09630721
-0.34222066
-0.19880972
-0.16421757
-0.08848078
-0.00013370
-0.27674572
0.14099834
-0.03597946
0.22706440
0.08482678
-0.46858241
0.09461883
0.07523663
0.03455934
0.03175167
0.05560625
-0.11226951
-0.15456744
-0.20564563
-0.30931241
0.11113084
-0.53728994
-0.08271132
-0.30546769
0.12217106
0.02337591
-0.13604438
-0.23541692
-0.05873771
-0.17562735
0.08356605
0.19927654
-0.26472952
-0.04954692
-0.00169070
0.21144962
-0.15443077
-0.06031150
0.13777841
0.18986722
0.03407064
0.09118586
0.34722821
-0.07427112
-0.28766489
0.26107029
0.19610130
-0.11839886
-0.07282440
-0.30600137
-0.29404102
-0.31160904
-0.15762146
0.16359617
0.11964813
0.04340687
-0.09945505
-0.13801261
-0.11713759
-0.18542138
0.01887558
0.22862698
-0.08479358
0.52980261
0.20709129
-0.07290823
-0.09878653
-0.09107491
-0.11132217
-0.22188277
0.08259382
0.02118171
0.34697323
0.24127583
0.09276646
-0.00110225
-0.09518716
0.20598530
0.35429157
0.30488540
-0.10709608
0.02895815
0.02945371
-0.04259242
0.13497264
0.15652717
-0.10972206
0.16943763
0.08694036
0.09331386
-0.10891922
0.12886712
0.10804829
0.16528641
-0.14688977
0.35928404
0.17514967
-0.03860937
-0.02124810
0.06820560
-0.00574063
-0.21452960
0.27886982
-0.30027703
0.24114193
0.13849007
0.13538896
0.07633705
-0.37900723
0.01317386
-0.00288433
0.00523801
0.29422863
0.10776819
0.05790501
0.05207069
0.14822704
0.04134828
0.01038640
0.15517194
-0.08920449
0.08511019
0.11629867
0.12609785
0.27554890
-0.01926927
-0.51247766
0.03049493
-0.21030513
0.18246628
0.36241456
-0.26190421
-0.10073845
-0.01543811
-0.17108678
-0.19187637
0.20892900
-0.06290193
0.15635297
-0.11864999
-0.03136885
-0.03738424
-0.17831956
0.07160288
-0.01355231
0.16431940
0.13733934
0.16344644
-0.28185963
0.25406089
0.35776763
0.09483066
0.10696532
-0.17315144
0.25968964
0.36777503
0.28547191
-0.08406794
-0.09894599
-0.16454340
0.06638030
0.00698248
-0.28840658
-0.13633643
0.40921950
0.03924402
0.43056649
-0.08452633
0.01582049
-0.17995579
-0.09092771
-0.18881253
0.26706963
0.07429214
0.19170286
0.09463778
-0.43487247
0.02503518
-0.33792418
-0.27846011
-0.13399827
0.11364614
0.21278450
0.38752332
-0.41644097
-0.11871315
0.15763504
-0.59663356
0.16308683
0.03660795
-0.15900144
-0.01823623
0.23910121
-0.28414259
0.14499095
0.40617055
-0.42287282
-0.08868114
0.26308429
0.23605564
-0.05371886
0.26399489
-0.01090937
0.25149052
-0.17848077
-0.10354054
0.09396862
0.25313769
-0.05274150
0.02484341
-0.22410806
-0.12136161
0.06458986
-0.23923610
-0.04732647
0.31741222
-0.35218213
-0.32482345
-0.23468002
-0.18605660
0.00909902
0.55207707
-0.00475371
-0.04005287
-0.08930229
0.13159131
0.22147496
-0.03906223
-0.05951998
0.19641542
-0.08638523
-0.11619327
0.43727390
0.01390338
-0.09516190
0.05221999
0.09183222
0.31634765
-0.44112628
0.06215114
-0.36970785
0.21589025
0.01031130
-0.03272833
-0.07794723
0.37555820
-0.06640778
0.14348043
-0.13258949
-0.14938750
-0.02140708
0.01497142
0.11309656
-0.19133451
0.03484709
-0.01353260
-0.23486093
-0.15063133
-0.09654884
0.21090288
-0.36183069
0.11251020
0.28155505
0.29610915
0.21797320
0.25216449
-0.04417260
0.29882074
-0.12049677
-0.23703019
-0.36727312
-0.08994560
0.14537554
0.10838008
-0.32171317
0.29590118
0.14674364
0.02659257
0.13238045
0.00414930
-0.10586916
0.26241727
-0.03087108
0.21105357
0.01520018
0.08563966
-0.14368874
0.18293396
0.01365858
0.12465333
0.20249231
0.29178298
0.13003734
-0.17828691
0.18775422
0.01214922
-0.15731714
-0.19364632
0.25945071
-0.00346781
-0.29374457
-0.31331451
0.08861262
-0.21156876
0.11222759
0.36874838
0.28387982
-0.01978078
-0.19231721
0.05191806
-0.23401180
-0.20291377
-0.05815956
0.11513129
0.22662581
0.01882663
-0.13528724
0.00079987
0.12972773
-0.22351477
-0.05258230
0.10001372
-0.05178107
-0.22004765
0.06546192
-0.03528944
0.27097564
0.34001827
0.40230707
0.14729782
0.26098506
-0.31286654
-0.32391761
0.31451148
-0.41465207
0.25036520
0.31423652
0.19046872
0.02614870
0.07043735
0.09243032
-0.12987535
-0.11200615
-0.00191509
0.19922151
0.15532171
-0.14053621
0.16059355
0.00417596
0.01914246
0.00857963
0.39812686
-0.15974395
-0.12060506
0.09689020
0.11984151
-0.00171168
0.16653483
-0.02548105
-0.39666082
0.40314123
0.12809881
0.08896987
0.03628659
-0.25279815
0.46807894
-0.08847537
0.06600947
0.05466314
-0.23962374
-0.01422002
-0.21286115
0.01207676
0.06634609
-0.04428514
0.12984794
-0.09828731
0.16512748
0.34412119
0.05955135
-0.33666390
0.11676211
-0.24553119
0.40638884
0.04579667
0.19523303
0.72612100
0.07042812
0.03603978
0.10969202
-0.21475453
0.04118287
0.12342168
0.18697840
-0.39749166
0.07305999
-0.03182049
0.06741613
-0.21141286
-0.06264842
-0.06184431
0.07725958
0.14672802
-0.12282247
-0.06975007
0.01309554
-0.12090379
0.12891432
0.05261513
0.04712142
0.17743745
0.04490539
0.02589569
0.01038304
-0.03101164
0.24044592
0.02588007
0.34515503
0.09814072
-0.16990997
-0.03420120
-0.03906503
0.02050777
-0.27878691
0.08854926
0.23500252
-0.12184213
0.21782373
0.30052273
-0.30081672
0.08757237
-0.24870358
-0.14923184
-0.22534202
0.20283934
0.01912098
0.06498487
-0.24890606
-0.23100317
-0.32153967
0.14561529
0.22724883
0.00986309
-0.01219161
-0.10690128
-0.03490637
-0.46766961
0.13874327
-0.15375032
-0.09330748
-0.28567659
0.11491543
0.07860117
0.27557799
0.15823158
0.01961111
0.02651542
0.20736417
0.49568317
0.12623438
-0.04820845
0.43096067
-0.47455012
-0.07783053
0.14511913
-0.35858766
0.07091486
0.08538866
0.04190677
-0.09691146
0.19367678
0.04593046
0.05615842
0.25816818
0.02239754
0.13434117
-0.10077751
0.06871966
0.13031878
0.09956973
-0.12851085
0.05231670
-0.17779855
0.05395975
-0.17783274
0.00191221
-0.10434490
0.19636298
0.23827628
-0.07290538
-0.02008131
-0.17523102
-0.01140208
-0.00289552
0.25965506
-0.07034134
-0.12164169
-0.06355682
-0.32273805
0.16983284
0.07445888
0.06093634
-0.40641041
0.03762171
-0.16863063
0.10739881
-0.20853469
-0.18376840
-0.06761437
-0.04408215
-0.14651506
0.22026803
-0.34947895
0.06199204
-0.29047086
0.00676811
-0.41437276
-0.15813927
-0.43720291
-0.03595271
0.07147358
-0.00695131
-0.11531039
-0.20739657
-0.08054697
0.12142683
-0.14315473
-0.03940999
-0.19774165
0.24654186
0.14552655
-0.09883820
-0.06019421
0.02967411
0.17379643
0.09830243
0.18459743
-0.30151516
-0.07713523
-0.29589487
-0.02421598
-0.01571958
0.30982865
0.12186872
0.23037195
-0.20167981
0.32800887
-0.17626802
-0.32937978
-0.47126841
0.04619928
-0.22407114
-0.21677769
-0.23997612
0.15835483
0.29865098
-0.12860589
-0.49888888
0.04963539
0.05748609
0.18320740
-0.25108909
-0.14745587
-0.19023056
0.04631376
-0.11473728
0.18310909
0.15533189
-0.15696701
0.04475535
-0.10298686
0.13648989
-0.00640794
-0.14668612
0.09296988
-0.07663399
0.32640916
0.52191658
-0.14530579
0.14053111
0.13245502
-0.17113725
0.07686843
-0.13474000
0.19018310
0.31858439
-0.01193479
0.17106235
-0.30242115
0.10612091
-0.00605541
-0.01873614
-0.08453288
-0.44788990
0.08325735
-0.08063991
0.18172722
0.20690775
-0.09342390
0.08443969
0.13634516
0.07827494
0.43631657
0.00310679
0.11086304
-0.37184557
-0.08933544
-0.09049985
-0.16123924
-0.52603394
0.22279525
0.13052335
-0.14012760
-0.10251771
-0.30374496
0.22252325
0.07047535
-0.10806907
0.16672109
-0.05491470
-0.00989377
-0.13535421
0.01527726
-0.27778459
-0.05678224
-0.15589730
0.02775371
0.16580895
0.07991669
-0.18022660
-0.06336198
0.30714145
0.00144686
-0.19380108
-0.13634367
0.02911063
-0.02505679
-0.02660172
-0.17831159
0.43275763
-0.01259795
0.03002311
-0.04585460
0.13897242
-0.20539069
-0.18491234
-0.24065272
0.03582561
0.07177588
-0.00544037
0.32640544
0.21457161
0.15619845
-0.00978114
0.11444740
0.06044031
0.16906082
0.00525243
0.22104859
-0.11694529
0.22164288
0.09588421
-0.01824364
-0.24756396
0.06902484
-0.25927166
0.10788222
-0.15359768
-0.01606786
-0.11248139
0.18880141
-0.21255192
-0.11359873
0.24692366
-0.29909580
0.09906992
-0.15687715
0.09289559
0.36882928
-0.00674416
-0.05734894
0.36470588
-0.00209654
0.19548999
0.17576336
-0.00181514
-0.07928519
0.08734139
-0.01174348
-0.01051826
-0.01633563
-0.28426412
0.03470235
-0.20345857
-0.25772918
0.26226835
-0.12912175
-0.24648449
0.11697166
-0.26139279
-0.15295329
-0.05027630
-0.09389123
-0.23405783
-0.09305232
-0.27821037
-0.20873975
0.15345203
-0.07857042
-0.36658037
-0.11308520
0.68790948
-0.04433795
0.13665731
0.20010738
0.28849870
0.22747121
0.29928706
-0.09363137
-0.08617500
0.38487115
-0.23223666
0.55533783
0.09983657
0.02220913
0.34783560
-0.02536123
0.06539555
-0.04633943
-0.00462383
0.07740676
0.21253632
0.01159965
-0.00060582
0.13193812
-0.09730628
0.12792556
0.20364935
0.02368909
-0.05898319
0.11806857
-0.08467292
0.11457452
0.11927642
-0.14393157
-0.19232340
0.26068090
0.30920587
0.00784008
0.36836205
-0.27090878
-0.01065857
-0.34818397
0.21571140
0.00600025
-0.16302705
0.29103887
0.07563343
0.00189235
-0.10380099
0.10411475
0.00700226
-0.14018992
0.00720155
0.08658156
0.14616358
0.17233181
0.14051395
-0.12847767
-0.21628589
0.47865106
-0.16045010
0.14550801
0.08071401
0.01278903
0.09121843
0.19337988
0.07713979
-0.12836298
0.10014019
0.11338811
0.20838046
0.52110797
0.08391821
0.27668426
0.21160619
0.04207987
-0.17604035
0.04006371
0.29156301
0.14229529
-0.19510865
-0.00335896
-0.14574251
-0.08064874
-0.00482873
0.13637465
0.22721430
-0.03228500
0.11329745
-0.07542428
-0.27442372
-0.32408468
0.10449753
-0.04322743
-0.09294398
-0.04193252
-0.08387523
-0.13271916
-0.02941293
0.04963055
-0.02296427
-0.02848306
-0.17471586
-0.02965422
0.20106284
-0.29076103
-0.25257183
0.42845139
-0.31328831
-0.01842007
-0.01044509
0.25137905
0.36890543
0.00123278
0.17404690
0.15080812
0.02142650
0.26230369
-0.17928671
0.06846192
0.01569407
-0.35309128
-0.08189815
-0.29948787
-0.11028527
-0.20639659
-0.12355977
-0.31747811
-0.37843062
-0.51339112
-0.23908608
-0.43878627
-0.41485161
-0.33082952
-0.66613221
-0.56644196
-0.73717120
-0.19402399
-0.40962765
-0.31882618
0.10211483
0.09114897
-0.05516200
0.08174484
0.39257342
0.51919946
0.63167335
0.38978296
0.35150380
0.81422372
0.58328874
0.61682283
0.59873323
0.68660050
0.78619544
1.01075805
1.11535361
0.70726220
0.85186460
0.44100179
0.26625830
0.47751337
0.08910169
0.25835881
0.14390854
0.19742014
-0.06652334
0.23865446
-0.15439846
-0.51871077
-0.37056234
-0.38130259
-0.33750089
-0.37649053
-0.57006618
-0.46524442
-0.56320379
-0.47395076
-0.63937668
-0.51477698
-0.57880835
-0.59200736
-0.69240427
-0.42395582
-0.31052681
-0.01050967
-0.02434370
0.00287222
-0.21213576
-0.41096854
-0.02078122
0.17741821
-0.18490417
-0.04646969
-0.09532721
-0.08041342
0.13305291
0.12161543
0.07081980
-0.10523910
0.29062139
-0.11029326
0.23181521
-0.14583462
-0.24199728
-0.11504491
0.27571974
0.17944134
0.22351322
0.25046263
0.17720506
0.25003903
-0.15815666
-0.16226042
0.20654879
0.12651120
-0.05036817
0.18001103
0.34443356
0.08751193
0.28060979
0.16271344
0.08148507
0.29546741
0.08490839
-0.22215146
-0.19558193
0.19924311
0.23552827
-0.05438777
-0.30235841
-0.20587527
0.12236122
-0.00981806
0.12001901
-0.15888022
-0.21778356
-0.14694305
0.02902921
0.32403898
-0.37680994
0.23635076
-0.04089092
0.06990715
-0.28213847
-0.04274884
-0.22720781
0.22528622
-0.11511473
-0.11922907
-0.04354970
0.62813274
-0.05053425
0.31301222
0.15861121
-0.04421487
-0.28965512
-0.06437300
0.26871235
0.25260147
-0.14817277
-0.00753294
-0.42363641
-0.32336310
0.07913365
-0.05685307
-0.01479880
-0.22989102
0.12218882
0.21141011
0.17972321
-0.02056367
0.13864168
-0.01313126
-0.08090778
0.22157847
0.20471267
-0.18888669
-0.04860069
-0.08840287
-0.13384086
0.18604775
0.01609283
0.26217676
-0.07714730
-0.01032493
-0.35483193
0.13100357
0.07168531
-0.20475673
0.31510863
-0.08066666
0.35509451
-0.02115112
-0.04492472
-0.08943667
-0.04060011
-0.14673735
0.00557297
0.02887884
-0.10710401
-0.36569459
0.20935878
-0.14531376
0.25239848
-0.44237070
-0.13394035
-0.33483952
0.14818013
0.19505532
-0.12885601
-0.41242852
0.05784321
-0.10566070
0.17069333
-0.08768801
-0.03114457
-0.29873710
0.13467192
-0.15367141
0.22553600
0.14074927
0.18249145
0.02103370
0.36944436
-0.01340219
0.70797208
0.19706149
0.11567169
0.02666048
0.38809043
0.10931889
0.41091794
0.24884193
0.21294172
0.03719177
0.12856586
-0.05984932
0.06096022
-0.12312746
-0.08353524
-0.20306271
-0.03658271
-0.04081509
0.18491610
-0.21247024
-0.44792586
-0.25111736
-0.39841488
-0.45877799
-0.16597787
-0.14759429
-0.42328566
-0.33902250
-0.33718347
-0.37646855
-0.19595812
-0.33907861
-0.05773065
-0.07627898
0.08657439
0.08374868
0.05809431
-0.10478375
0.12025231
0.11679876
0.30813499
0.03443836
0.00355959
0.50697948
-0.02914136
0.16738495
0.31647364
0.13266666
-0.02116553
-0.35156749
0.12282921
0.20242482
-0.12761671
0.04896280
0.23418204
-0.00175983
0.21118157
0.35260565
0.04478701
-0.02676253
0.23500605
0.05122038
-0.22814661
0.24876212
0.32713391
-0.01691755
0.21972081
-0.08273393
0.04746147
-0.05415378
-0.02327845
0.12951682
-0.22803769
-0.13324155
0.00219137
-0.03690861
-0.28325179
0.33442457
-0.03680425
-0.02726381
-0.38719003
-0.40554354
-0.49813318
-0.30311826
0.20998384
-0.02064297
0.15002673
0.04862592
0.13913073
-0.41997004
0.29287492
0.03770121
-0.01258449
0.30980252
-0.15624076
-0.21193277
-0.09024004
0.34933299
0.12895532
-0.30312408
-0.07079951
0.27515334
0.07656845
0.01568154
-0.03714275
0.02393793
0.13361608
0.02066474
0.33021630
0.05052371
0.17918953
-0.03507355
-0.19100561
0.03065306
0.04162516
0.15039793
0.12624910
0.13043698
0.27884842
-0.21111481
-0.11974657
0.00948191
-0.02815705
-0.08128884
-0.03209718
0.02184549
0.12229821
0.13333201
0.00420966
-0.25538572
0.08811951
0.07911494
0.02214093
0.19523647
-0.09234833
-0.08839646
0.10760852
-0.16567374
0.06481177
-0.20322335
0.06153369
-0.05912320
0.18267929
0.00148477
-0.12173888
-0.09863320
0.23442380
-0.39193890
-0.12941186
-0.05744774
0.14004333
0.25686193
0.16074439
-0.27976320
0.13004986
0.18214531
-0.20972462
-0.02200222
0.16189201
-0.45158458
-0.07418093
0.30592802
-0.07070891
0.15564676
0.03076071
0.37462690
-0.24320109
0.00389816
-0.00849025
0.08617838
-0.04382437
-0.20708474
0.03966966
-0.23871474
0.09663905
-0.04966410
-0.15651877
0.01490599
0.06221831
0.15385606
-0.11607269
0.16457846
0.08959554
0.15488346
0.05272192
-0.17915669
-0.13461532
0.00991836
-0.02854239
0.25140268
0.30581194
-0.21629431
0.04430706
0.23611742
0.09628661
0.13223170
-0.02251000
-0.31120147
-0.06978930
-0.10644696
0.07005155
0.13512807
0.27994740
-0.08412850
-0.30617215
-0.06452591
0.13492654
-0.04842163
0.31729576
0.21001394
-0.12093195
-0.14186946
-0.25485493
-0.23615063
-0.10962328
0.14812200
-0.28274560
0.15011103
-0.41000649
0.54707470
0.00243593
-0.18420742
0.17635072
0.05215972
0.02121089
-0.09981250
0.02815503
-0.15091915
-0.17828239
0.26118750
0.10583443
-0.00307718
0.29955561
0.11610012
-0.23511566
0.34338968
0.10476553
-0.01540087
0.08228220
0.55333967
-0.15533923
-0.37922719
0.32641069
0.06969219
-0.11944917
-0.10690762
-0.26885403
-0.05333860
-0.26602622
0.13090295
0.26065421
0.07485411
0.31055864
-0.34665647
-0.09609657
-0.00492655
-0.08452827
0.22032213
0.00063933
-0.48383964
-0.16432694
-0.11754608
0.04449812
0.25350180
0.12520474
-0.08251548
0.02277176
-0.03488047
0.25090978
-0.27428231
0.26943581
-0.26163836
0.17491201
0.09352293
0.28875111
0.40437343
-0.08924349
0.18753529
0.20730273
0.01347899
0.22932403
-0.06132411
-0.20278812
0.03454933
0.31634191
-0.04337015
-0.03393629
0.07696013
-0.22723016
-0.32520955
0.15689776
0.18664169
0.14853108
-0.18896671
0.09656334
0.12955782
-0.03140285
-0.20684904
-0.24039869
-0.07235718
0.10040595
0.09593482
0.18760219
0.01409240
0.12177627
-0.11738570
0.13222882
0.16700636
-0.44511570
-0.12422494
-0.06086383
0.14993508
0.02403750
0.01675320
-0.16685361
-0.33286415
-0.04034730
0.10494422
0.01741086
0.01696913
0.23833885
0.27524871
0.12272184
-0.38196657
-0.23705540
0.09479150
-0.07671026
-0.23347397
-0.08887307
-0.00656369
-0.42056359
0.36149631
-0.05930078
0.05341029
0.32599850
-0.15608152
0.12910058
-0.17404059
0.42929997
0.31997617
-0.22007584
-0.06824212
-0.06246666
0.06819289
-0.30577584
-0.02222905
-0.10659243
0.21217647
0.20151951
-0.09129881
0.11126827
-0.01708010
-0.38787840
-0.24773484
-0.35076600
-0.14810794
0.13629579
-0.40335012
-0.03017742
-0.31452846
-0.14773203
-0.41149688
0.01647458
-0.04454764
-0.33854614
-0.21870822
0.11324663
-0.06239146
-0.08245884
0.39042008
-0.02817385
-0.13107322
0.11831307
0.25600545
-0.07013183
-0.07654932
-0.15777238
0.14995897
-0.42193415
0.17997016
-0.08616832
0.00451689
-0.24508637
0.02154110
-0.12956221
-0.14033687
-0.20891560
0.03901119
-0.09124438
-0.08724867
0.21101359
-0.21161308
0.31578813
-0.04728497
-0.35956752
-0.03455594
-0.07717678
0.00609377
0.13254517
-0.23310484
0.13120532
0.35756454
0.06447902
-0.19881520
0.04653112
0.00333430
0.16794049
-0.05880009
0.31674794
-0.00840751
0.11651188
0.27597747
-0.12329319
0.10439516
0.19119288
0.18420974
-0.15517057
0.03259115
0.07092105
0.09226789
-0.07313639
0.03694698
0.24062166
-0.18167288
-0.23734147
-0.19561997
0.20269822
-0.44286764
0.28439147
0.23359587
0.15436751
0.08302806
-0.16051852
-0.00610487
0.03206837
0.26834898
0.32630467
-0.07785043
-0.05587636
0.01999942
0.02265760
-0.14900798
0.16832333
0.13564693
0.01955727
-0.26862797
0.02841295
0.07953971
-0.08154862
-0.06594916
0.06733323
0.06949781
-0.13544974
0.02884399
0.03847847
-0.04632441
0.17834089
0.39068672
-0.13140461
-0.21523640
-0.11119938
0.03555069
0.04811968
0.10489244
-0.07090117
0.05329507
0.07500472
0.06697915
-0.05889909
-0.03395674
-0.00570663
-0.31042773
-0.00365891
-0.25430734
0.14162199
0.02878119
0.06736441
-0.08151712
-0.10202133
0.09216964
-0.03476765
-0.22783762
0.01189719
0.13530900
0.07878307
0.11233962
0.14701474
-0.01712848
0.00047443
0.47071064
-0.19381964
0.34251332
-0.29712884
0.21802357
0.31602967
0.05292756
-0.19148438
-0.01958871
0.08675298
-0.05364326
-0.00355844
-0.38973083
-0.26365653
0.59854657
0.33199903
-0.02375180
0.30921346
-0.03493669
0.35681420
0.33033577
-0.13523139
0.01617780
0.10710653
0.21057130
0.03627790
-0.26320398
0.25511880
0.00370865
-0.05026528
0.12825278
0.02618996
-0.00107989
-0.18014659
0.16688278
0.09896988
0.25967437
-0.04333150
-0.03680436
0.23923050
0.06370393
0.30667316
-0.18181942
0.00515881
0.04815982
-0.09504531
0.05197623
0.06167210
0.07750102
-0.01585772
-0.26048642
-0.08978203
-0.28269175
0.46577492
0.16205312
-0.07359675
-0.15416136
-0.27482987
0.26610267
0.27832237
0.03245165
-0.00937312
-0.09384329
-0.24609080
0.10005735
0.16284231
-0.02407233
-0.30834299
0.04230826
0.20093624
0.16420018
0.05110376
-0.20963541
0.19891572
0.11886556
0.11146062
-0.12691553
-0.40394999
-0.33534608
-0.13943016
0.32348621
0.11151387
0.03285461
-0.08196857
0.18954557
0.06230262
-0.27100216
-0.08342277
-0.21690051
-0.10579722
-0.07104138
0.11079717
-0.06081650
0.08943896
0.10150010
0.09234536
-0.10219611
-0.21011088
-0.15615149
0.11134202
-0.01803612
-0.12565189
0.15252750
-0.17394525
0.07534513
0.08511259
0.11787475
0.04331029
0.11281193
0.25303892
0.39132143
-0.02851808
0.28091950
-0.46546302
0.22354255
-0.09505769
0.07270313
0.08184383
0.12087411
-0.17612871
-0.07914024
-0.20703730
-0.23784537
0.17831483
-0.00483983
-0.11812709
0.28080205
-0.09484903
0.27359190
-0.39399734
0.02875101
0.50067276
-0.00313214
0.09060281
0.21177539
0.01155682
0.08980710
0.16920824
-0.06650073
-0.20830184
-0.04802229
0.00622353
0.14672238
0.06389358
-0.44687644
0.07423497
-0.10712504
-0.33390377
-0.18530751
-0.03649560
0.12420670
0.38121386
0.12468602
-0.25388582
0.23527461
0.01813604
0.26484315
0.11518274
0.02075087
0.10481820
-0.12162791
0.32230067
0.03410431
0.17733115
-0.05735972
0.23553926
0.09062374
0.11892385
0.06757164
-0.03975998
0.20702022
0.10550963
-0.02491310
0.00304299
-0.14921502
-0.07904945
0.22237164
-0.11446913
-0.19919848
0.02434190
-0.15633434
-0.25092565
0.02629531
0.33261991
0.04526164
0.11536013
0.21498329
0.16016636
-0.00435627
0.12204001
-0.03923059
-0.32379426
0.19289679
-0.28957851
0.20263390
-0.02613774
-0.12292656
0.00788730
0.20717414
-0.04980982
-0.04056949
0.24656281
0.14982335
-0.12638118
-0.22919376
0.10294396
0.01564283
0.09339304
-0.12565033
0.15529114
0.15249535
0.05464559
0.44537172
-0.30855914
-0.14991538
-0.11542660
-0.06840715
0.00212061
-0.02900176
0.05499315
-0.12067834
0.04366650
0.16593569
-0.43368485
-0.15202015
-0.09917094
-0.12973916
0.10646571
-0.05603439
-0.03409646
-0.04076342
-0.23526937
0.07769334
-0.21395066
0.00935787
-0.03640264
0.16778857
-0.07097352
0.07609361
0.12473103
-0.00961864
-0.14546138
-0.16709386
-0.20686752
