-0.35338776
-0.26629535
-0.01994113
0.16160448
-0.07328977
0.02092573
-0.05832192
0.05345579
0.13407294
0.02442963
-0.04087378
0.12807021
-0.01179909
0.06080438
0.09532534
-0.28269625
0.16233422
0.10720911
-0.04479179
-0.36309675
-0.11847890
-0.06034168
0.19149228
-0.11670942
-0.12805268
-0.20445375
0.05750051
0.16855640
0.08465633
0.01524426
-0.10967737
0.12503234
-0.22974136
0.01760806
0.04273632
-0.23120231
-0.15590239
0.02147585
0.13618207
0.35662738
-0.11826586
0.22154872
-0.05696663
0.15246058
0.07067556
0.14102284
-0.15444426
-0.13687853
-0.18982560
0.11457923
-0.07628097
-0.00025728
0.09767238
-0.03063677
-0.03973908
0.00732778
0.10425002
-0.00876153
-0.02882417
-0.16280132
-0.11049383
0.19462024
0.13438656
-0.07990228
0.17383577
-0.26033031
0.08133590
-0.16580384
-0.15996082
0.30641802
-0.04930852
0.13192669
0.00915420
0.07095835
-0.04505675
-0.15485670
0.08656849
-0.29849007
-0.08996744
-0.03764481
0.14367721
0.21046401
-0.04275479
0.09534577
0.04003659
-0.01875012
-0.05698911
0.16619048
0.01249748
0.13188962
-0.11339655
0.03106655
0.11785399
0.26433252
0.18173140
-0.07047349
0.14816542
-0.31109129
-0.20796480
0.21242426
-0.24606000
-0.10785296
0.21216164
-0.07558543
0.11546668
0.04778717
0.30106547
-0.16679087
0.15108861
-0.19707971
0.14680841
0.29455389
0.03642802
-0.00813878
0.03552166
0.05474193
-0.17798411
0.41559425
0.08744459
-0.03339747
0.01397799
0.11582132
0.31531710
-0.03069422
-0.29385684
0.03315090
0.01981338
-0.14023739
0.28101417
0.16876211
-0.19884264
-0.03860611
-0.01043445
-0.14255565
0.11949497
0.05443393
-0.01920126
-0.06495362
0.22078114
-0.09203856
-0.01701346
-0.00481709
0.42342822
-0.05367614
0.13954165
0.08750805
-0.06900200
0.13464309
0.03742509
-0.07479959
0.05678147
-0.15870128
0.08363747
0.00376163
0.00825366
-0.12088946
0.31610826
-0.03004791
-0.01180101
-0.28417001
-0.05660943
0.14989300
0.10586316
-0.23205691
0.10756406
0.31210311
0.21268332
-0.12344795
0.07468361
0.12052371
0.02490765
-0.13933493
-0.34314318
-0.05360594
-0.18653176
-0.26792824
0.22162605
0.20568457
0.21012705
0.19406010
0.01290387
-0.08787638
0.11138542
0.02512002
0.01772192
-0.18401833
-0.19245495
0.04232120
0.11525358
-0.04889787
-0.14307190
-0.09339409
-0.28470063
0.17825751
0.01481589
-0.03255390
-0.05891145
-0.04490552
0.17129540
-0.03275197
-0.19896092
-0.01121179
0.02986048
0.11719156
0.15250812
0.10677577
-0.26456057
-0.01152332
0.16435743
-0.04325337
-0.11069134
0.08614292
0.15333437
-0.46274325
-0.07703980
0.19043030
0.07353297
0.13385169
-0.03574308
-0.27040137
-0.00437425
0.05195481
-0.01146132
-0.00114867
-0.17445672
-0.16359382
-0.16259202
-0.08799071
-0.04163366
-0.01077465
0.19546159
-0.20941647
-0.02135280
-0.02706036
0.16444426
-0.12567038
-0.03281456
-0.01991010
-0.03420178
0.14891350
0.12861466
-0.01644406
-0.23677869
-0.02405631
0.10589053
0.04685475
-0.26897553
-0.33942506
0.17764540
-0.25283712
-0.09640638
-0.06342075
-0.25504648
-0.16031060
-0.17718687
0.06297418
-0.23009477
-0.22209492
-0.08337649
-0.09513416
0.29988445
-0.15264572
0.09896765
-0.03814428
-0.22837106
0.20507776
0.09889686
-0.14576883
-0.33657211
0.05777356
0.08952388
0.10686508
0.21442049
-0.22120811
0.24190790
0.10973342
-0.01880575
-0.01015640
-0.05098256
-0.06499575
-0.16789470
-0.18458939
0.05669066
-0.30473121
0.08739740
0.12857827
0.00714001
0.26448984
0.09854967
0.14718550
-0.16586057
-0.20386756
0.20372690
0.11707301
-0.02569058
0.05708029
0.26743166
0.02491720
0.15035579
-0.01229497
0.24602281
-0.03978777
0.06825713
0.23218095
-0.08144683
-0.27236578
0.05549671
-0.00817315
0.12159136
0.09209560
0.01630073
0.23015316
-0.11541435
-0.35303994
-0.25243839
0.02465856
-0.17313531
-0.06613645
-0.10573500
-0.15487863
-0.12953128
-0.16720997
-0.11160078
0.00749181
-0.00334785
-0.18191139
-0.21926921
-0.03006784
0.18615920
-0.08934021
-0.17643597
-0.22603914
-0.07793493
0.14134917
0.08432295
0.04529271
0.02470717
-0.18941332
-0.03156070
-0.11476221
-0.14417174
0.05368807
-0.15706481
-0.21105294
-0.10791213
0.00525097
0.07641288
-0.12102444
0.14130637
0.19490961
0.26625742
0.07798333
-0.10989866
0.14947328
-0.03030165
0.41377618
0.02832916
0.02894435
0.14326600
0.25890906
-0.17570618
-0.06095626
0.04133321
-0.06444201
-0.06905066
0.04452428
0.10025264
-0.10320244
0.16007502
0.18733793
-0.24573198
0.01460617
-0.01154942
-0.04426169
-0.14897165
-0.31573811
-0.02781439
-0.04271078
-0.19210663
0.01577433
0.11467705
-0.33881741
0.06994506
0.12327164
-0.18377456
-0.25676503
-0.40926123
0.13239508
-0.05007086
0.15536936
-0.11671120
0.07070601
0.12840279
-0.32344051
-0.12859823
-0.26168052
0.05376442
0.18668307
-0.32461302
0.11602711
0.08941921
0.19573311
0.27092654
0.07724216
0.05859210
0.14459984
0.19833632
0.03045319
0.35049601
0.25968025
0.03712239
-0.28875069
0.09615758
-0.05173384
-0.03245990
-0.21888419
0.02466103
0.20288761
-0.08973046
-0.27544640
-0.20325148
0.13822726
-0.00943467
-0.00979672
-0.20351835
0.06099531
0.26733164
-0.31704761
0.03948402
-0.06483429
-0.14256206
-0.08547329
-0.01771497
0.00175950
0.13691412
-0.10492196
0.04965525
-0.16312418
0.10340336
-0.18793490
0.20333037
-0.09540018
0.06470246
-0.21933105
-0.12218205
-0.01437078
0.26577725
-0.07866913
0.24258596
-0.15406220
-0.41758165
-0.06359273
-0.12003675
-0.02449645
-0.25981515
-0.10428354
-0.08431921
-0.07474876
0.28125550
-0.05224428
0.25094887
-0.02682409
0.13606566
0.08167293
0.12639227
-0.00364694
0.21464704
-0.14630818
0.02141382
-0.00183136
-0.24719533
-0.25708854
0.03354023
-0.19714610
-0.00965560
0.21150103
-0.09179710
0.03891286
-0.09674786
-0.03971042
0.09433139
-0.16319832
0.04752011
0.07781997
0.11792790
-0.14305952
-0.04629541
-0.06050033
0.08912937
0.06048673
-0.03214370
0.22577539
-0.03702247
0.23176294
-0.09193129
-0.23189177
0.02770801
-0.04603538
-0.02813542
0.36771198
-0.10526331
0.04878204
-0.02463378
0.25815040
0.41916984
0.13134817
0.08507772
0.05502387
-0.29011950
-0.02918932
-0.13553073
0.25014052
0.44224648
0.00220088
0.22105643
0.09719744
-0.00184124
-0.01673752
-0.15215681
-0.35906658
0.10987120
0.10069814
0.01395818
0.14375688
0.03881522
0.25952633
-0.02231452
-0.37801689
0.02430376
-0.22560543
0.04555446
-0.08195803
0.13286021
0.18805712
-0.17978685
0.16535554
0.20057991
-0.05974403
-0.11668293
-0.06606491
0.12091042
0.01286172
0.07959944
0.17010833
-0.05464391
-0.03797723
-0.15182897
0.06406645
0.13456565
0.01862220
-0.14793355
0.09288039
0.12696391
0.13669664
-0.11443027
0.09711336
0.08462234
-0.20564258
-0.34824947
-0.09400799
-0.39534637
0.19058642
0.23435605
0.13886550
-0.00297694
0.05340542
-0.22348395
0.01485951
-0.08721264
-0.26051959
-0.15004724
-0.12425098
0.28616079
0.03833976
0.34277269
-0.10142476
0.01208981
0.03893096
0.11430316
-0.04205849
0.34166546
-0.14869434
-0.04836373
-0.10596772
-0.19435915
-0.13480143
-0.06647309
0.08945768
0.18841854
0.19193284
-0.08190297
-0.15145014
0.12128474
0.14651008
0.18793311
0.22521639
0.12173896
-0.10050685
0.11639812
0.00045070
0.10388793
-0.15464684
0.08148591
0.14662338
0.08555489
-0.06218287
-0.03582836
-0.25072147
0.10232861
-0.14076909
0.39339842
0.15229367
-0.10209691
-0.12108602
-0.10742423
-0.20167595
0.16050757
0.10521511
-0.07485642
-0.10705970
0.08973668
0.19347590
0.28059829
0.00204391
-0.20185647
0.10878414
0.02353596
0.09320678
-0.02672176
-0.00230335
-0.00585817
0.11025037
0.10083185
-0.26151818
0.11502993
0.00542904
0.18303442
-0.19209130
-0.07413101
0.05218870
0.11664276
-0.14627137
0.28551648
0.28217487
-0.00035170
-0.11523720
-0.17561623
-0.02991926
-0.20008243
0.06234786
-0.18656367
0.10560841
-0.04219985
0.07780024
0.07014281
-0.11689055
-0.08957212
-0.16365014
-0.02212133
-0.02143508
-0.14761058
0.14665545
0.23893006
0.02169523
0.00322125
-0.06087228
0.12010744
-0.20736280
-0.15101882
-0.08185178
0.20865560
0.03874960
-0.12639045
-0.15609946
0.18656205
-0.02376395
0.05400124
-0.04399221
0.04309689
0.12382665
-0.20502575
-0.22084094
-0.15754254
0.26187470
-0.32233727
-0.06320302
-0.25086363
-0.14100285
-0.16177499
0.11665752
0.24049434
0.12576441
-0.08232675
-0.14951086
-0.11234334
-0.01894339
-0.23064387
0.10785294
0.28182533
0.14287588
-0.27622060
-0.26634580
0.08265825
-0.02880168
0.27071555
-0.01397911
-0.00219218
0.11266384
-0.04240979
-0.23037936
-0.20429937
-0.29184845
-0.20269293
0.04721614
-0.05818993
-0.05395281
-0.13257091
-0.16144691
0.11716194
0.07751581
-0.10373047
0.08890169
-0.00505659
0.03074082
0.04425700
0.08647916
0.28473525
-0.20953524
0.09793711
0.13681767
-0.07600316
0.00055199
-0.17856621
-0.05195409
-0.28081015
0.00983940
-0.35135639
-0.01951738
0.06043240
0.12400116
0.09044162
0.18777862
0.16132877
-0.02541317
0.16322653
-0.01604955
0.03231151
-0.23555611
-0.19385026
0.17401515
0.04723311
-0.05771831
-0.20433718
0.07510193
-0.05838883
0.05536485
-0.17229584
-0.06844059
-0.29003702
-0.01436282
-0.09574252
-0.13616363
0.18013419
0.16116362
0.02656307
0.15333025
0.03745056
-0.02799798
0.42391516
0.30925665
0.02391925
0.10995212
0.06896334
0.12313774
-0.22372256
-0.07411893
-0.17104257
-0.00269019
0.31452343
0.01202688
-0.11967614
0.02597614
-0.00991799
-0.21059692
0.11218403
-0.06605237
0.28020342
0.06998382
-0.04720648
0.04737383
-0.22840991
-0.15599711
0.34359009
-0.05905176
0.15059246
0.02862404
0.16428399
-0.11889164
-0.07752085
-0.29093758
0.01353921
-0.05398096
0.07380232
-0.20996053
0.06644410
0.15307674
-0.06401364
-0.06645203
-0.01281642
-0.23621488
-0.13392685
-0.06167934
0.02219870
-0.09424766
0.17636320
0.23576808
-0.06983839
0.15080758
-0.12213406
0.19622170
0.08520521
-0.16639412
0.18555983
0.28716576
0.08831898
-0.21648192
-0.19155223
0.03294627
-0.06949014
-0.01364079
0.05598993
-0.02357092
-0.09908046
0.16014328
-0.18344856
0.04322499
-0.08393734
-0.36031487
-0.17218806
0.12926562
0.10271837
-0.16878665
0.21137484
0.13209967
0.26386392
-0.15796047
-0.04316616
0.00831880
-0.20377446
-0.07653048
-0.06793458
-0.13642692
0.15622819
-0.07808842
0.05827235
-0.14502069
0.02519707
-0.16518420
-0.41011900
-0.07781612
0.09626205
-0.08841124
0.03694099
0.33088725
-0.07530699
0.02813524
0.25256585
0.10517482
0.27663173
0.28041733
-0.05016158
0.04996814
-0.01380041
-0.08951325
0.19495548
0.13435230
-0.08682924
-0.04269536
0.33651206
-0.00376726
0.10616512
0.05299197
0.00296121
-0.11911225
0.20184867
-0.42865891
0.06256679
-0.33387775
0.05352002
-0.07775005
-0.11484028
0.06514426
0.20562770
-0.11036668
0.09692115
-0.04340005
-0.30343827
0.25165803
0.03238975
0.05271734
-0.25126620
-0.24501560
-0.11349602
-0.01781504
0.00091504
-0.19263165
0.14883706
0.09455246
0.13416000
-0.00481922
-0.12437361
-0.43484628
-0.23200929
-0.01873572
-0.01665943
-0.13071882
-0.18698638
-0.07272382
0.03996936
0.08220817
-0.03080844
-0.11216496
0.21621749
0.09726277
-0.00565678
-0.12290580
0.15226682
0.35229740
-0.04218820
-0.36387068
-0.00385229
0.23464311
0.23546420
0.04619633
0.17670774
0.29922156
0.17222331
-0.12457084
0.04481128
-0.14857130
-0.23098256
-0.02882559
0.14071820
-0.05822082
0.11457003
0.07834773
-0.37602255
0.10023408
0.05987735
-0.06655027
-0.00777460
0.20783012
0.14644874
0.22315270
-0.10261277
-0.21276498
0.24083852
0.29240586
0.01893116
-0.14557591
0.08029939
0.17543472
-0.23576740
-0.26956429
0.24544037
-0.06611240
0.15430233
-0.21602203
0.09379463
-0.22200887
-0.03602944
-0.57991397
0.02481261
0.11645730
-0.19887902
0.00410632
0.37183646
-0.62923699
0.17223219
-0.03413117
0.11240322
0.04584712
-0.00549655
-0.01460120
-0.06944115
0.01276848
0.00879790
0.22124243
-0.00536572
-0.11028587
0.11184117
0.08321182
0.03696511
0.30232060
0.02351049
0.36911462
0.17779447
0.11934434
-0.03203277
0.01471269
0.11810774
0.26486674
0.01230937
-0.18131613
0.37532929
0.11760962
0.05206067
-0.09860407
-0.14253093
0.17584858
0.12078070
-0.18376162
0.09300888
0.18977039
0.00245010
0.03121626
-0.43120947
-0.14070105
0.11025557
-0.17881913
0.24076502
-0.21294876
0.14095921
-0.26389066
-0.09985487
0.09153211
0.26608130
-0.17591444
0.24255624
-0.16982455
0.04675517
0.28321743
0.02781877
-0.17990561
0.15223926
0.08630310
0.20152357
0.23201025
0.05875977
0.02664546
-0.00292576
-0.01957368
0.06317894
0.18793956
0.20825367
-0.15525609
0.09260384
-0.22940600
-0.06740936
0.42000296
-0.00225067
0.33243002
0.06878383
-0.04893472
0.23026341
-0.01748766
0.16718821
-0.10271328
-0.02526451
-0.20054746
-0.02552658
0.17214669
0.06915014
0.01604061
-0.14379218
0.28333039
0.08286268
-0.01026018
0.34851399
0.27137134
0.18179412
-0.05388632
0.06200445
0.20022679
0.12677129
0.00632831
0.20495125
0.02436368
-0.23308081
-0.19356997
0.31388318
0.02443275
-0.06950829
0.35660700
0.34710954
0.12195240
0.03431046
0.14247124
-0.20578588
0.09022441
-0.12595148
-0.10744932
-0.04403250
-0.04009343
0.16259867
-0.12129263
-0.15933736
-0.23191239
-0.09483045
-0.15548570
-0.05103058
-0.15435226
0.17547084
-0.02504030
-0.08887411
-0.10526597
-0.17400969
-0.04665865
-0.14618327
0.08078436
-0.04367568
0.08844985
0.00127810
0.02797995
0.29437124
0.10188185
-0.11533747
0.07378248
0.01785876
-0.06340157
-0.09014008
-0.12544389
0.15214975
0.15801647
0.24669607
0.11170268
0.11624672
0.40589766
0.29215446
0.10495446
0.20357195
0.29344090
0.03758394
-0.06779518
0.06040817
0.04125789
0.03292267
0.50913844
0.10086715
0.21814771
0.01338108
0.11690667
-0.43422485
0.12917137
0.01561263
-0.19508223
-0.13569083
-0.20936683
-0.12302993
-0.26126907
0.02816763
-0.31098396
-0.32945277
-0.27953676
-0.17492428
-0.29917741
-0.29497725
-0.45961427
-0.44982606
-0.65376410
-0.41204896
-0.37445176
-0.38192371
-0.32323442
-0.00884916
-0.00992341
-0.16774557
-0.32871154
-0.08726539
0.13136740
-0.09976123
0.30844270
0.36217458
0.23627736
0.57446273
0.28270117
0.54775483
0.12131586
0.53350280
0.93489554
0.34014106
0.51996800
0.55675581
0.44840196
0.52666192
0.59888365
0.15813016
0.27713092
-0.01186657
0.11181504
0.27122419
0.18564186
0.25358376
-0.20727907
-0.09401198
-0.10802298
-0.26195499
-0.33819008
-0.61622087
-0.48425930
-0.38741625
-0.03766180
-0.47249622
-0.21162829
0.14747522
-0.35494495
-0.26040260
-0.38274650
-0.60148402
-0.06458871
-0.14754583
-0.13048298
-0.12563711
-0.27004116
-0.41135545
-0.03768542
0.08088659
0.29054118
-0.16420621
0.37276497
-0.01667709
0.12596516
0.05151525
0.14218368
0.16875654
0.02978621
0.25315298
0.03223105
0.28852467
-0.07324994
0.41767321
0.13210783
0.24882507
-0.09845153
0.11935930
-0.09164728
-0.01391359
-0.08553413
0.11815015
-0.12233616
0.12964617
0.24538765
-0.01882642
-0.27521136
-0.08977025
0.09560044
0.13934750
0.09602628
0.52248533
0.08227296
-0.15957135
-0.04868653
-0.17095586
-0.24460314
0.02387440
0.07787289
-0.14624612
0.08114921
-0.20332868
-0.17955285
-0.25976114
0.07064077
-0.00629063
-0.01772578
0.04155917
0.10829755
-0.06684448
-0.07146609
0.06188342
0.16671424
-0.03958335
0.01284495
0.16188753
-0.14943862
0.05754354
-0.06504803
0.11649678
0.00487333
-0.11719866
0.23934057
-0.17823281
-0.04135663
0.17921246
0.13844955
-0.04794473
0.01241158
0.02021296
-0.28631741
0.36934773
-0.02004950
0.13707523
-0.12752533
-0.10140335
-0.24387248
-0.07651819
0.08371977
0.11780462
-0.04925036
0.15192584
-0.03924292
-0.23539595
-0.27280734
0.12921473
0.00089319
-0.02765623
-0.20396789
-0.19229075
-0.11521128
-0.12532111
0.00520039
-0.24431656
-0.28580418
-0.16475559
0.07001513
0.03091504
-0.03701901
-0.20702501
-0.16038314
-0.01798672
-0.05099230
0.14736158
0.14808275
0.05256329
-0.03705655
0.07654135
-0.23256852
0.16416865
-0.17189298
-0.00984204
0.49676660
0.49309153
0.13172540
0.32529259
0.11887542
0.10999102
0.53425095
0.07059289
0.21776616
0.17837642
0.35055501
0.41294075
0.45271985
0.04443565
0.12265097
0.02494357
0.21618910
-0.03263946
0.25171737
-0.06743084
-0.24470620
-0.48752288
-0.20343671
-0.26579346
-0.21469791
-0.24792879
-0.58471170
-0.16132553
-0.51963988
-0.32510846
-0.45914172
-0.82350273
-0.44160179
-0.38044611
-0.19264058
-0.46180447
0.07455617
-0.26510966
-0.02839255
0.00819576
0.08740583
-0.12544044
0.35151816
-0.02514890
0.43938539
0.24657473
0.22940567
-0.04792863
0.36316962
0.17221495
0.48745201
0.25326211
0.21998695
0.18170220
0.39156257
0.01249705
0.28224786
-0.05252865
0.09076562
0.10107169
0.13624748
0.17061797
0.14616739
0.02615978
-0.08468703
0.17454813
-0.26832058
-0.20969176
-0.19784125
-0.09411520
-0.09495569
-0.04437977
-0.22115109
0.26055883
-0.19842191
-0.16077038
-0.20837411
-0.10013317
-0.09897412
-0.00235935
-0.08389313
-0.03283451
0.22333548
-0.13934342
0.00115255
0.18889485
-0.02457454
0.05698258
-0.01078842
-0.18792879
0.16259452
0.08787400
-0.36755887
0.17716931
0.22275766
-0.08244242
0.21039919
0.11258636
0.05620746
-0.01251331
0.13553916
0.05400775
-0.03724018
-0.07500723
0.01317755
-0.17840119
-0.17279962
0.00914553
0.10738175
-0.18473997
0.12931411
0.14299341
0.06415905
-0.14396021
0.08864866
-0.47831613
0.24924298
-0.26227713
-0.07892485
-0.17064962
0.08934499
0.38998224
-0.09886617
-0.17654065
-0.15067105
-0.24540254
0.10180799
0.05683906
0.01859615
-0.32516141
-0.07650956
0.08242166
-0.40046222
-0.21304007
0.05686029
-0.08452258
0.06534346
-0.08231750
0.03902235
-0.26636878
0.05733789
-0.00814130
0.02937938
-0.28386957
0.01031290
0.34713810
0.18657488
0.06355616
0.03427424
-0.13090476
-0.04688489
-0.05906915
0.09360957
-0.15583032
-0.19374126
-0.05316823
0.07330960
-0.07805297
0.03963137
0.32290187
-0.05012519
0.03682149
0.03830196
0.14235927
0.13249203
0.02796140
0.13825289
0.02354610
0.10086202
0.14723647
0.02533540
0.08778112
-0.00343480
-0.10692078
0.07879048
-0.08312855
-0.29207314
-0.29724069
-0.27332682
-0.12679332
0.23486337
-0.24449270
-0.06864091
-0.09074184
-0.16717340
-0.04029730
-0.29759222
-0.11602718
0.21486717
0.16887314
0.07912901
-0.20294304
-0.06150907
-0.04300321
-0.09750060
-0.11528737
0.32772406
0.02976328
0.01205974
0.08014353
-0.42427140
0.05249665
0.03847898
0.13071279
-0.20000079
-0.06430931
0.35116241
0.09174255
-0.26956165
0.01147087
0.15685622
-0.16133577
-0.16840562
0.26539771
-0.11702506
0.01064843
0.03363646
0.04635531
0.04977600
-0.03727100
-0.22834674
0.14184878
-0.31474824
-0.01289878
0.02848246
-0.10126176
0.18460934
-0.08980161
-0.09128305
-0.08150962
0.04634446
-0.15375769
-0.08814484
-0.09745761
0.09744688
-0.05458699
0.28472265
-0.06022015
-0.08040396
-0.08863272
-0.26529689
-0.32106676
-0.01102906
0.01936724
-0.01511107
-0.05960955
0.22328963
0.07706245
-0.03354981
0.12820818
-0.04670551
-0.20815060
-0.15711090
0.19927939
0.21464549
-0.02491137
-0.09884132
0.24299844
-0.22754549
-0.00008142
0.03549064
0.23677313
-0.04208280
-0.13987841
0.16384550
-0.25050877
-0.03515374
0.08323572
0.06469335
0.24037957
0.01440371
-0.41136602
0.48028820
-0.03573758
0.05042502
-0.14884043
0.03766596
-0.13237224
-0.05396545
-0.06079151
-0.12670173
-0.00400542
-0.03365750
-0.05277423
0.32857144
0.01884199
-0.16208657
-0.00947957
0.46805855
-0.29244923
0.18748949
0.23733686
-0.24308841
-0.20614722
0.11723555
-0.05738714
-0.18719056
0.17199285
-0.04471454
0.02388021
-0.24096817
0.06606649
0.20463604
-0.01756096
0.01292819
0.00475460
0.12460761
-0.03342164
-0.09663500
0.10140408
0.08632028
-0.04670070
0.02650765
0.15786853
-0.31026575
-0.24486766
-0.00425195
0.12001685
0.04061736
0.14990175
0.32466240
0.35291350
-0.02698685
0.37504387
-0.05064034
-0.16876318
0.17044693
0.42801501
-0.00133654
0.12536265
0.06294423
0.03138245
-0.16933684
0.14791124
-0.21903068
0.19198412
0.03396936
0.16797227
0.38269644
-0.06490048
-0.02310021
0.39611844
-0.15258452
-0.24629284
-0.05121318
-0.21638253
0.09889399
0.00039756
-0.15102540
-0.16919610
-0.08113329
-0.04112665
-0.14345671
-0.12997020
-0.15857971
-0.16726265
0.19334309
0.04139257
0.19419792
-0.03228798
-0.02527520
-0.05153940
-0.17877834
-0.24387228
0.00114043
-0.09553013
0.05891201
0.30687800
0.11767498
0.19112002
0.17527880
0.01559629
0.19385678
0.02986419
-0.07574867
0.25673146
0.35899265
-0.20135682
0.00010312
0.05768836
-0.11599413
0.03023938
0.10573040
-0.14097901
-0.31851731
-0.08056489
-0.28046608
-0.38479896
0.17775133
-0.25611514
0.09067890
0.07439937
0.05261434
0.12938839
0.06057033
0.05965991
0.01964924
0.02785730
0.26944815
-0.02154203
0.11819621
0.20015320
-0.08411336
-0.01141393
-0.19577232
0.01711900
0.28951830
-0.13779450
-0.11661164
0.12460746
-0.03191840
-0.13852062
-0.16711474
0.32706141
0.08065870
-0.09802370
-0.11005250
0.24576293
0.22854441
0.03139493
-0.29753721
0.13833789
-0.03482328
0.19428661
-0.11927435
0.09429515
-0.17280156
-0.23998573
-0.21198728
-0.21529031
-0.21110787
-0.11782609
-0.04218056
-0.12701053
-0.00919949
-0.11901379
0.04785173
0.06334172
0.11917392
-0.20471090
-0.34724426
0.00054942
-0.13757086
0.14659509
-0.06149692
0.33733643
0.00945312
0.21141629
-0.02435237
0.01168717
0.12610020
0.04043168
0.19973888
-0.04965101
-0.06130767
-0.12127719
0.05439879
-0.26041195
0.47553019
-0.05376037
0.00478868
0.32000450
0.28394125
0.13510518
-0.17803257
0.00867208
0.01275342
-0.16642715
0.19014779
0.16668772
0.05449981
0.05189046
-0.09502397
0.44725901
0.11598441
0.13943366
0.01085447
0.29377948
0.03963015
-0.08204743
-0.03456544
-0.08485335
-0.14051313
0.12422132
-0.09111361
0.05101918
0.07009498
0.20205985
-0.19985704
0.35086981
0.20072621
0.01284036
0.11559237
-0.24900318
0.04456674
-0.03960607
-0.02368968
0.06131450
-0.06337228
0.14822898
0.10763322
-0.16340854
-0.34239459
0.05749244
0.22247697
-0.06636054
0.16715547
0.05726686
-0.29590062
-0.12863531
0.15218526
-0.19578686
-0.08262385
0.11660063
0.26914868
0.02453562
0.09488428
-0.15110738
-0.22384070
-0.10240060
-0.27194357
-0.06506372
-0.15401120
-0.23682490
-0.24534099
-0.10527654
0.15370666
0.10144967
0.13947822
0.11684959
0.11366141
0.13990894
-0.20860141
-0.04632294
0.09159834
0.41177027
-0.09450641
0.05795390
-0.13657855
-0.00595352
0.14427582
-0.07922645
0.05977581
0.10082375
-0.17318185
-0.31829581
-0.14167219
-0.32058246
0.22595681
-0.02754360
-0.14117149
-0.12419163
0.01728785
0.01174570
0.05281016
-0.03319020
-0.27120218
0.08104322
0.23407828
-0.04604077
0.09491492
0.04485406
-0.20229467
0.03196528
-0.20606957
0.01329872
-0.15669280
0.08000897
0.13798512
-0.04028329
0.01796366
0.15896253
-0.06279102
-0.30057658
0.04633127
0.03342283
0.21281746
-0.24641752
0.22976387
-0.09419011
-0.07510879
0.19867851
0.05581742
-0.07896788
-0.23918612
0.16866781
-0.10746204
-0.17175361
0.11120566
-0.03289645
-0.01572128
-0.09862648
-0.00956116
-0.20435221
-0.05566210
-0.34848552
0.23185138
0.01077016
-0.05968053
-0.08746364
0.00143650
0.35888147
-0.06696943
0.00276990
-0.16306253
0.07064816
-0.00798301
-0.01926091
0.21382287
-0.02053272
0.05273638
0.10109266
0.10919332
-0.05834061
-0.14515707
-0.29440536
0.12721563
-0.03738920
-0.19326073
0.29741976
0.31711811
-0.08982603
0.41823326
0.07113653
0.06735204
0.10797466
-0.16459353
-0.27148791
0.15654089
-0.13864093
0.04838700
0.08471478
0.01569744
-0.22676292
-0.12087111
-0.01856848
-0.16283997
0.09542539
0.04561585
0.00939080
-0.35920111
-0.03688347
-0.00716411
0.09675969
-0.00850664
0.24004464
-0.16163893
0.12632711
0.08121034
-0.11642833
-0.06503758
0.04420565
-0.08969428
0.15415515
0.16335791
0.05585392
0.27745790
0.06942753
0.05533776
0.27302733
0.10854666
0.00174095
0.08092323
-0.10406403
-0.10952617
0.24233977
-0.07678423
-0.00393296
-0.00885939
0.25075884
-0.02411851
-0.12274776
