0.01393932
-0.23563533
0.36914279
-0.16413569
-0.02925387
-0.14455010
0.09799999
0.00199251
-0.08801049
0.16008183
0.06513471
0.26717680
0.11638891
-0.16304974
0.14330251
0.04510951
-0.17422623
0.14416684
-0.05613214
-0.06096096
-0.32750717
-0.17959166
-0.17764267
0.01664394
-0.21345113
0.25536048
-0.09525093
0.03923044
-0.14522777
-0.07026778
0.27673254
0.21814783
0.22275518
0.15619126
0.00147413
0.09867793
0.04889103
-0.27055561
-0.03856347
-0.06151244
-0.04417875
-0.27844660
0.07318261
-0.10039617
0.02395210
-0.30321132
-0.21172211
-0.11226774
-0.22480630
-0.15751587
-0.08279297
0.12869752
-0.18681350
0.00177494
0.13687462
0.10079305
-0.00488280
0.27653535
-0.06554038
0.03147686
0.01280298
0.08138766
0.21627883
-0.03707298
-0.17888274
-0.08812348
-0.11047920
0.02059475
0.28018264
-0.14386131
-0.01883962
-0.07563782
0.03554972
0.09699110
0.02003066
-0.00210028
0.07136267
0.30834626
0.09121205
0.18007740
-0.16019048
0.17181400
0.04808119
0.05082437
-0.04072907
-0.23075869
0.40761602
0.01810481
-0.27703308
0.14641935
0.07512468
0.04573619
0.08696893
-0.00086280
-0.26553456
0.10349872
-0.07966579
0.11460969
-0.26283707
0.03707354
-0.20145807
-0.12719306
-0.22335858
-0.26641350
-0.27819031
-0.07493525
-0.15111359
-0.01631743
-0.00367329
0.19259957
0.19113221
-0.16537503
0.03360324
-0.18352842
0.03086563
-0.04396214
0.19724179
-0.09075681
0.28112724
-0.14609851
-0.20112741
-0.19781200
0.02303776
-0.09486086
-0.05999667
-0.02747761
-0.21865233
0.12417703
0.08162903
-0.11203018
0.21034031
-0.02576171
0.20600910
-0.04302694
0.26966553
0.23435657
-0.17586367
0.11666269
0.00444874
0.18774917
-0.20449381
0.09340009
0.12889675
-0.04960211
0.30182461
-0.02567505
-0.11379187
-0.13007301
-0.07327245
-0.41144763
-0.04301692
0.01686584
-0.03802163
0.01610610
0.05581077
-0.23014750
0.22562587
-0.04545017
0.17923766
-0.05185502
0.23584382
0.04759201
-0.16739844
0.15645352
-0.11966393
-0.02983883
0.45154675
-0.08925594
0.12105151
-0.10657335
-0.00612965
-0.04539177
-0.19895079
0.01573216
-0.19373284
0.10089159
0.14590491
0.17743200
-0.04589807
-0.15119251
0.02065651
0.12495720
0.10833097
0.16920409
0.03358384
0.30950585
-0.06001173
0.32177103
0.11902855
0.14067702
0.25374342
0.01193394
0.09091604
-0.15015765
0.04637561
0.01253388
0.09395448
-0.07210437
0.01512282
0.17449695
-0.12644247
-0.13231087
0.09696213
-0.05461530
-0.11140614
-0.05494808
0.20348001
-0.13631567
-0.26414711
0.15290580
-0.03590116
-0.14635859
-0.03864230
-0.04744228
-0.19454055
-0.04509300
-0.15341581
-0.04609429
-0.01893519
0.04883163
-0.00642290
0.03798425
0.02409346
-0.06736744
-0.24716796
-0.42190295
-0.29392278
0.10816156
0.04659594
-0.20086153
-0.20009606
-0.20080221
0.01800014
0.29352490
-0.03569357
-0.05530936
-0.04428425
-0.28905639
-0.29043130
0.20249140
0.01878118
0.08929030
-0.02486345
0.00811176
-0.01778639
-0.06540964
-0.06167563
0.00898831
-0.00952204
0.11914344
0.05944772
0.05456029
-0.18362575
-0.17217298
0.12434560
-0.08900182
0.09697676
0.12108520
0.28282532
0.07212361
0.47554393
0.01879406
-0.24790932
0.15342384
-0.13578439
0.31950813
-0.14227768
-0.04020817
0.16495211
0.15705028
-0.14029424
-0.13248613
0.20907426
-0.25815837
0.01114172
0.27879726
0.18808822
0.14075299
0.04034462
-0.28998711
0.02485367
-0.12838294
0.07772167
-0.20256993
-0.13448803
0.28029104
0.10136648
-0.21923705
0.10411781
0.13793408
-0.23517563
0.20954259
0.03807233
-0.27330429
0.11093700
-0.05514798
-0.14547416
-0.11780736
0.28092426
-0.07393666
-0.23942078
-0.04482560
0.03613732
0.14028125
-0.17333747
0.36996107
-0.00136482
-0.17925121
0.11908099
0.07313382
0.07154124
0.07178143
0.25813804
-0.09649479
0.26608883
0.10947287
-0.06562302
0.18511160
-0.02367349
0.06551070
0.10867458
0.07391301
-0.15939835
-0.01047496
0.11284495
-0.14862858
-0.18024470
0.03927466
-0.03138767
-0.14978423
-0.11272087
0.06916063
-0.36440741
-0.05272197
0.11144027
-0.00728808
0.11086141
0.12985330
0.07021909
0.20887073
-0.03451374
0.18350604
0.18388211
0.12570728
-0.06914062
0.00073747
0.04333103
0.00589951
0.07132127
0.20931036
-0.20543061
-0.03979639
-0.07913331
-0.01406585
0.10267104
-0.06438604
0.06437698
-0.01652635
-0.22991329
0.01757526
0.20249862
0.17702792
-0.09465638
0.23897238
-0.02848986
-0.02703253
0.24528776
-0.01041862
0.04028628
0.11163866
0.07085731
0.05157294
-0.15646209
-0.18463362
-0.02805987
-0.19387309
-0.08501663
0.30780037
0.09773254
-0.29580511
-0.16482809
0.02115614
-0.11226321
-0.10143837
0.16725278
-0.37692121
0.02106729
-0.03793745
-0.14734291
-0.13076937
0.07350729
-0.00658964
-0.09203793
0.13557017
-0.12227651
-0.03017315
0.16573827
-0.05421106
0.12777127
0.48899295
-0.12006235
0.12748139
-0.32452003
0.19935017
0.07655200
0.09080088
0.02061611
0.14007343
0.12270029
0.07442707
0.24110341
-0.00742180
0.07650187
0.06658776
0.35178772
-0.25859276
-0.08992506
0.02936242
-0.15377852
-0.06769581
-0.03834751
-0.24345856
0.08495540
0.08867893
0.06939028
0.22115729
-0.13370385
0.02849137
0.07548622
-0.05396750
0.12794021
0.36594025
-0.08426847
0.08566697
-0.06692299
0.30982051
-0.15834321
0.15204200
-0.12637027
0.09261218
-0.06013148
0.18520802
0.02300192
0.08470102
0.03563531
0.12894197
0.07908958
-0.02475126
0.01061078
-0.13288078
0.19298487
-0.05404916
-0.20470337
-0.30367310
0.12560847
0.02538550
0.01271754
0.05269117
0.06244637
-0.23787323
0.03277828
0.21531208
-0.03304131
0.05767704
0.09425482
-0.07098788
-0.36543105
-0.15016338
0.07012983
0.06711686
-0.04001352
0.01803956
-0.09977333
-0.04615748
-0.11105605
-0.08868744
0.00523829
0.19712352
-0.07768482
-0.11839902
0.15020187
0.05789296
0.09188789
-0.01206495
0.09269743
-0.36317769
-0.06871688
-0.07612776
-0.05308319
-0.00637470
-0.06978173
0.21062058
-0.20684596
0.04017245
-0.27805939
-0.36624973
0.20736052
-0.19961042
0.30873413
0.10022888
-0.07975664
-0.03015129
0.23319923
-0.12959674
0.05349027
-0.10630581
-0.08265190
-0.02845688
0.21394258
0.16510487
-0.06342815
0.20633930
-0.27446762
0.02179538
0.12502425
0.07630373
0.17943909
-0.20591198
-0.00891006
0.34507406
-0.10365996
0.16683710
0.07094822
-0.03571222
-0.14175648
0.05139202
0.46328970
-0.10188847
0.10110532
0.23358135
-0.09835454
-0.32579661
0.11222613
0.21826207
0.18542628
-0.10316535
-0.00155193
0.03040172
0.23179305
-0.07145857
0.07555892
0.21933501
0.17200341
0.12564931
0.04428793
-0.12786720
-0.19832527
-0.12374796
-0.22865671
0.01383642
-0.05882171
0.04058738
-0.10325485
-0.07071174
0.05908275
-0.01999509
-0.14684427
0.24936291
0.01531749
0.11585561
0.00910978
-0.07389798
0.00131286
-0.08154082
0.04342272
-0.02078679
-0.15728067
0.45815714
0.08254045
0.03629959
0.12394637
-0.12307515
-0.18345864
-0.06505215
0.25727359
-0.00326895
-0.11906175
0.01539920
0.08852806
-0.04483685
0.19367278
0.10563352
0.00357905
-0.03448390
0.05858454
0.06651963
-0.00687298
-0.03087791
0.00699277
0.05106151
-0.24546621
-0.24107379
-0.21127485
-0.03272680
-0.03827321
0.17123306
-0.05151530
-0.26342457
-0.05483170
-0.08919049
0.26192612
-0.14489483
0.16932386
0.19393897
-0.00104389
-0.10577152
-0.06543161
-0.07293730
0.13804501
0.35338906
0.12664461
-0.01139022
0.06830963
0.10141328
0.26039449
-0.13134373
-0.16867844
-0.03588495
0.07160133
0.12162101
0.24464414
0.01080494
0.00795247
-0.01512188
0.04694242
0.02843044
0.28319898
0.20973844
-0.07540786
0.03442449
-0.03944455
-0.13793592
0.00970033
-0.10360775
-0.19340650
-0.22336500
-0.15429100
-0.04945105
0.10045324
0.00999118
0.00691948
0.04704628
-0.20901029
-0.09129916
-0.00366669
0.28809816
-0.02452837
-0.03280464
-0.21317181
0.10465437
0.14913623
-0.03216086
0.05359409
0.06053088
0.19855708
-0.04352954
-0.01471730
0.00795053
-0.09286303
-0.12513844
-0.01582805
0.08459682
-0.15074356
0.37794953
-0.07656384
-0.11562573
0.21589693
-0.17084602
-0.19807927
0.21485431
-0.33726610
-0.14501894
0.14644079
0.07246053
-0.03215049
0.00263782
-0.11019365
-0.02579783
0.11848171
0.10322018
-0.16153634
-0.13585775
0.00783817
0.11126489
0.04081807
-0.07809908
-0.26102795
0.04544943
-0.26389540
-0.19526023
-0.11894256
-0.00707113
0.12754987
0.21992739
-0.13614789
-0.03787811
-0.00475072
-0.00213552
-0.27718249
-0.01379913
0.25690507
-0.08346499
-0.03023647
-0.18731454
-0.13861237
0.01039785
0.02611756
0.10229098
0.12143298
0.05091802
-0.31595843
0.23903905
0.19988995
0.16299104
-0.05376637
0.06906121
-0.06264883
0.22089698
-0.12998251
-0.33005725
-0.12154571
0.16990150
-0.09963561
-0.15000711
-0.01049121
-0.11958520
0.11011664
-0.02860478
-0.20338055
0.31643869
0.07760777
-0.02262453
0.02976188
-0.00770480
-0.12998191
0.03209701
-0.12219535
-0.04428249
-0.19644240
0.03821934
-0.34390941
0.27257058
-0.19700425
-0.01687029
-0.03770009
0.05974399
0.20308782
-0.03182530
-0.04651787
0.14663068
0.28567354
0.02159520
-0.14815116
-0.04248578
-0.11652383
0.13355312
0.08705046
0.15664906
0.07133715
0.04612126
0.08707027
0.32400737
-0.10497243
0.17886977
-0.25735971
0.03496781
-0.10776914
0.08917400
0.12750824
-0.19755995
-0.26517516
0.13385133
-0.09626775
0.14747506
0.22170796
0.16763618
0.04456211
-0.26256576
-0.05957824
-0.08717953
0.09355541
0.03407652
0.20612127
-0.05741554
-0.00461097
0.15956559
-0.13668633
0.01846332
-0.06266600
0.00183301
-0.04997812
-0.06722235
0.10428132
0.09255850
0.13366826
0.11787819
0.14141188
0.03994264
0.24463851
-0.02174793
-0.18744145
-0.16758567
-0.02970121
-0.04366195
-0.03308394
0.20082269
-0.10502098
0.04094224
-0.08933126
-0.04564804
0.22297286
-0.15637337
0.17357656
-0.25073440
-0.08831218
0.09301387
-0.11374665
0.24041965
0.05746187
-0.00545080
0.08094286
-0.23020535
-0.13325022
0.01747056
0.09800792
0.10010500
-0.06183389
0.01900140
-0.14252925
0.06691084
0.04856686
-0.06428920
-0.00378029
0.43170015
-0.06842054
-0.16617592
0.00639727
0.16660011
0.25633732
0.09276269
0.13122449
0.56022952
0.01353632
0.26150442
-0.05612060
-0.09462294
0.01765692
-0.02041220
-0.06000906
-0.17329937
0.07229851
0.23139294
0.22305630
-0.20461364
-0.03434955
0.01935086
-0.00413129
0.10714033
0.13074696
-0.07964671
-0.30367447
0.16069309
0.06407748
0.12356362
-0.20639327
0.03649968
0.03152151
-0.04700331
0.02146935
-0.07289827
0.06378347
0.04352348
0.09271441
0.12635316
-0.36817972
-0.09891351
-0.10730109
0.07611127
0.06493219
-0.15076809
-0.10915980
0.20101644
-0.02829587
0.17186960
-0.34768308
-0.29010652
-0.07885367
-0.22386969
-0.01739423
0.11050776
-0.14831490
-0.10091613
0.02383946
-0.00291212
0.04727568
-0.00128423
-0.14465265
-0.07602589
-0.13822420
-0.14605898
-0.03561772
-0.24038742
0.06772480
-0.07689111
0.05862373
-0.22015682
-0.05583611
0.23179011
0.27814749
0.26262967
-0.12566251
-0.16668054
-0.07596911
-0.00592696
-0.14972648
-0.07661655
0.31970222
0.18373298
0.02538155
-0.08402652
-0.20726975
0.00257222
0.13489386
0.25290584
-0.00762041
-0.14872256
0.29930311
0.06057799
0.36857352
-0.06579285
-0.21367002
-0.00993783
-0.26639164
-0.03807628
-0.00520601
0.15961482
0.00095604
-0.05459717
0.24371666
0.26925665
0.02352886
-0.10271965
0.11369892
0.23067977
-0.01142931
-0.20442671
-0.22788146
0.15182861
0.00848524
-0.07365175
0.14870751
-0.04645406
-0.03275864
-0.01050463
0.20853125
-0.09453216
-0.15519971
0.22773596
-0.29200318
0.06637835
-0.12118837
0.06825315
-0.22750689
0.23082941
0.18650598
0.05669019
0.05565498
-0.04109560
-0.08418296
0.12125006
0.19751034
-0.01243700
-0.12209546
-0.06876166
0.12209043
-0.30763825
-0.12174795
-0.30360217
0.03246137
0.09526971
-0.26900308
-0.11722586
-0.16696467
0.31404058
-0.01297886
0.06977148
0.16097444
-0.19181004
0.06882912
-0.09361827
-0.21631797
0.08400766
-0.17178545
-0.10970885
0.02347838
-0.28320750
0.12214656
-0.13328747
0.08880254
-0.04831589
-0.11852891
-0.01963946
0.08648621
-0.13164296
0.06846395
-0.21598837
0.16198547
-0.05626523
-0.06071256
-0.04189690
-0.01648005
-0.04470986
-0.06146839
0.15937499
-0.11813838
-0.20795775
-0.00073282
-0.12383445
0.02074802
-0.24815811
0.01841157
-0.20614872
-0.07533685
0.08196963
-0.20380305
-0.24898397
-0.06199683
0.06321698
-0.11316404
-0.00836186
-0.02547105
-0.07988148
-0.03205549
0.08466761
0.17837931
-0.14972342
-0.39090278
0.19117966
0.21888532
-0.12467028
-0.08829315
0.18630088
0.18512377
-0.01482829
0.11498176
0.26779658
-0.24368118
0.15799077
0.10901118
-0.03058578
-0.19205879
-0.16961706
0.35221232
-0.18489737
-0.07920514
0.00803133
0.10712407
0.00481104
0.05366695
-0.01498197
0.29135116
0.35006477
-0.08121790
-0.19076904
-0.44198872
-0.07440392
-0.13186279
0.08416548
-0.10930905
0.27478377
-0.06882779
0.04925246
0.14351172
-0.04512008
0.19339159
0.09210388
-0.17086132
-0.07391090
0.16749734
-0.21328166
0.37727605
-0.13192678
0.15237797
0.01729601
0.01755870
0.20414443
0.01091610
0.08446161
0.16543641
-0.03704275
0.05956716
-0.19699233
-0.32549215
-0.03681181
-0.13696773
0.10778202
-0.20194476
-0.16023545
0.37932836
-0.00693823
-0.05380916
-0.21267676
-0.33104804
-0.14201574
-0.00457600
0.31208656
-0.36879077
0.23046663
0.09984568
-0.13072873
0.05652658
-0.14544558
-0.03337956
-0.26395278
0.18069950
0.07755728
-0.15234322
-0.15170257
-0.22523029
0.09226755
0.22082598
-0.10305157
-0.11457822
-0.11478352
0.23105398
0.10547154
-0.14904331
0.11577373
0.16348387
0.02337893
-0.03415493
0.21934009
0.09457613
-0.08442138
0.17698155
0.24909511
-0.14906665
-0.18641232
0.20612081
-0.06874922
-0.03263955
-0.10197635
0.02917096
-0.14770494
0.00801088
0.15728006
-0.15666181
-0.02341065
-0.11271090
-0.19141145
0.07916598
0.06570412
-0.18138850
-0.16997411
-0.37773682
0.00240415
-0.02103726
-0.24676714
-0.04019213
0.11995717
-0.06987772
-0.32091529
0.12705989
-0.23035799
0.14489082
-0.10803842
-0.15978857
-0.04195793
0.19034449
0.07756344
-0.06008005
-0.13861023
-0.26004888
-0.24014451
0.01066431
0.07152493
0.02299559
-0.09126337
-0.07570834
-0.04653650
-0.06675004
-0.12741929
-0.04433308
0.00941488
0.27239389
0.28818401
0.06180858
0.05962684
0.05638563
0.04529392
0.00273277
-0.08412566
0.16388032
-0.03673358
-0.08870692
-0.22120256
0.18891949
-0.24035118
-0.00623976
0.02226757
-0.17875246
0.35787713
0.16163408
0.17521326
0.17939292
0.00657102
-0.02713392
-0.08711325
-0.14497181
-0.11699472
0.12676405
0.14336919
0.23261471
-0.10338349
-0.08536339
-0.00181016
0.11125308
-0.05853093
-0.32305130
-0.21900024
-0.14469403
-0.12957045
0.00907028
0.26902144
-0.36484594
-0.22915150
-0.37226256
-0.04847573
-0.03750316
-0.00126023
-0.29423753
-0.19111346
-0.17629889
0.03768241
-0.22782179
-0.09475579
-0.15022703
-0.33515848
-0.30005663
-0.29142313
-0.35244640
-0.07928370
-0.20844114
-0.27782794
0.14991777
-0.09430126
0.22401173
0.18423692
0.08271468
0.46110031
0.18729656
0.46032210
0.69628121
0.34261640
0.45967646
0.36881163
0.54998988
0.55564039
0.37626330
0.33556124
0.67911924
0.16352054
0.40209392
0.43098710
0.31136848
0.31072740
0.10264829
0.10196855
-0.14323591
0.00206525
-0.14543675
-0.21043450
-0.37825624
-0.39681893
-0.21735665
-0.13933512
-0.51058341
-0.19709240
-0.41057990
-0.11799360
-0.36815261
-0.40862161
-0.21267911
-0.52466491
-0.01468818
-0.01423206
-0.08637239
0.33921862
-0.22979935
-0.12911862
-0.18668666
0.13323471
-0.06008672
0.21200682
0.00572180
-0.05972897
0.34971509
-0.04735722
0.01070932
-0.05341044
-0.25106006
-0.03783087
0.06665089
-0.25102188
0.09220326
0.14661402
0.21554369
0.20090604
-0.50464638
-0.04875820
0.05566478
0.18243501
0.07109357
0.15485927
-0.22564595
0.11546275
0.31135854
0.10450051
0.19538589
0.21707193
-0.09927497
-0.01128531
-0.23159701
0.34132378
0.29371484
0.26241041
-0.05777990
0.06512718
0.16174023
0.25750614
-0.13152361
-0.10102050
0.01461960
0.01626797
-0.12340062
-0.12672592
0.12419466
-0.13881679
-0.02034815
0.11708507
0.19957846
0.08244418
0.16628556
0.08468226
0.12238486
-0.11083379
0.10789461
0.10683504
-0.04231206
0.05285047
-0.09099376
0.15709969
-0.05891929
0.06382954
0.06694460
0.03583726
0.18162254
0.04256746
0.03421277
0.04480693
-0.11158220
0.28787496
-0.13442030
-0.03597574
-0.11823876
-0.01316303
0.11794062
-0.07027352
-0.00639549
-0.10708376
-0.23126302
-0.22871542
-0.41588064
0.26390470
-0.19775676
-0.19221919
-0.30134099
-0.06620470
-0.10153451
0.27392855
-0.00301158
0.11957743
0.15211926
0.05521305
0.32516684
0.26690662
0.20351232
0.09456324
0.44606047
0.14617869
0.00437172
0.29648199
0.27880856
0.47144999
0.55066493
0.33772900
0.31330019
0.23402831
0.55368625
0.39694471
0.39652673
0.14424625
0.22593909
0.46022071
-0.27589817
-0.09508042
-0.23919290
-0.02853137
-0.11907916
-0.17444554
-0.67675587
-0.64176111
-0.35939651
-0.39250520
-0.25292864
-0.58656506
-0.67333917
-0.66670337
-0.65474362
-0.60510345
-0.47441488
-0.14667288
-0.50336054
-0.22066193
-0.21021529
-0.16776499
-0.11791966
-0.04715251
0.20350893
0.09427220
0.01337629
0.23091427
0.37838232
0.23349922
0.30140909
-0.02410140
0.02937075
0.22648956
0.57181380
0.58562959
-0.03485423
0.27605395
0.40057812
0.07188714
0.14751458
0.45239275
0.16813380
0.27790214
0.08913607
0.06818119
0.17645216
-0.17873842
-0.00893697
0.25554672
0.16008397
0.07108012
-0.15749951
-0.29788596
-0.02133325
-0.02145660
-0.12663052
-0.10245898
-0.06339618
-0.12425999
-0.04576222
-0.37442190
-0.01237400
0.09161235
-0.21068271
-0.27459913
0.00577369
0.25740845
-0.01911273
-0.06257952
0.00974366
0.15476938
0.06943909
-0.09765745
0.06349637
-0.20299325
-0.08865812
0.08599719
-0.12227702
-0.27877914
-0.00232163
0.08833306
-0.05316319
0.24118441
-0.10048843
0.36525879
0.19068784
-0.00442462
0.27170877
-0.03632377
0.13437977
0.28563109
0.02106393
-0.04513030
0.00282183
-0.13676242
-0.12121369
0.08076845
-0.08732753
0.17229498
-0.12744111
0.10725240
0.11282536
0.09454280
-0.02398689
-0.02336209
0.10518296
-0.20286250
0.10240600
-0.14898033
0.26830279
0.16857304
-0.31647468
0.02061448
-0.03992653
0.10710498
-0.10258424
-0.04598200
-0.55065648
0.10182367
0.02231156
-0.23277522
0.12561779
0.01296966
-0.23008318
-0.34378968
0.06930899
0.07994584
0.04631197
0.07948373
0.04760566
-0.17699747
0.16706971
0.29287504
-0.10217693
-0.13559237
-0.04228721
0.03990500
-0.11202966
-0.01245230
0.25711143
-0.25885521
0.03003184
-0.06790390
0.26715466
0.31009609
-0.10941716
0.15394836
0.15039150
-0.22471014
-0.04844412
0.00039070
-0.21094922
0.09377844
-0.04315577
0.03471539
-0.01200683
0.17895149
0.08617262
0.09313747
0.30871557
0.07730472
-0.03940335
-0.12326315
-0.17323134
0.15513507
-0.12438465
0.00582991
0.23877566
0.09842363
0.20534355
0.01368111
-0.06424377
0.11738337
-0.02276907
0.18911251
0.31823680
-0.09831942
0.07756884
0.10094230
-0.09862287
-0.04051773
-0.16314367
-0.15337436
-0.02059396
-0.20220270
0.27822770
-0.11356375
-0.10731198
0.01942976
0.20039829
0.15903177
-0.20921863
-0.01206856
0.11933609
-0.08869824
0.17107263
0.38754227
0.05949643
0.05178028
-0.11365734
-0.07265037
0.04158418
0.11927134
0.10194154
-0.17093040
0.06752709
0.06344949
0.23396330
0.06889105
0.15567637
0.10339971
0.19638316
-0.33396739
0.17669909
0.11846672
0.00032559
-0.24455951
-0.01542878
-0.22471275
0.11458594
-0.02521539
0.05739675
0.22610586
0.00660628
-0.07028862
-0.25722927
-0.16408838
-0.20240752
-0.14568593
-0.13894357
0.06627006
0.25033018
-0.05703717
-0.09416679
-0.06280596
0.27636419
0.02980872
-0.15429994
-0.14564579
0.00034701
-0.30685847
-0.05118016
-0.16787263
-0.40433582
0.03927517
0.29633480
-0.02107498
-0.16824748
0.03095391
0.15374092
-0.07614261
-0.16281936
-0.05951899
-0.06782713
0.15959745
0.18378490
-0.06060269
-0.02950325
0.08757794
0.17429383
0.16882194
0.05778041
0.14459736
0.31765410
0.01675016
0.13780313
-0.00672805
0.10782603
0.16618252
-0.25432270
-0.11503043
-0.06133973
0.27432709
-0.23131435
0.03084727
-0.17565887
-0.14858942
0.01755042
0.31388761
-0.15465218
0.23058818
0.07021451
0.39373716
0.01608226
0.01139989
0.17585863
-0.18074103
0.05868285
0.05147329
0.01711075
-0.07256875
0.34058518
0.26129162
0.02265050
0.34667382
-0.08457774
0.17172472
-0.08438437
0.05073197
-0.02733713
0.31103035
-0.10959875
-0.08326959
0.23717931
0.06618319
0.10860235
-0.28753998
0.23220134
0.24959620
0.08522481
-0.05271742
-0.21278448
0.06571712
-0.08778262
0.09628505
0.12514108
0.31239154
-0.18316603
0.08692661
0.15823832
0.08269361
0.14891239
-0.07179599
-0.13937911
0.06327307
-0.06957364
0.18725090
-0.06195511
-0.19977303
-0.10447264
-0.16675717
0.07924647
-0.09116324
-0.01969994
-0.26670268
-0.08620771
0.05114346
0.10862413
0.12874237
-0.11403270
0.02934208
-0.13943647
-0.24786480
0.05031832
-0.36183601
0.11447815
-0.17086513
0.05617055
-0.00755350
0.05380488
0.64463156
0.15614348
0.29894381
0.22524779
-0.06012163
0.14655584
-0.02514489
0.08739172
-0.08283507
0.28351849
-0.00121567
-0.14178865
0.00624881
0.06496559
0.05703415
0.09577726
-0.07219437
-0.07519747
0.02265637
0.05290060
0.13526353
-0.06854719
0.35996019
0.20589943
-0.06039828
-0.11965109
0.09232818
0.16052065
-0.17231324
-0.22307315
-0.18874327
-0.00447691
0.14257453
0.12010870
-0.06536775
0.07833467
-0.17236787
0.07980840
0.03139041
-0.08076727
0.00020650
-0.02455775
-0.14341233
-0.09184116
-0.07341037
0.16706735
0.13642279
0.08060286
-0.14366046
-0.22013993
-0.06260233
0.10810585
-0.22892612
-0.21117404
-0.01479642
-0.01267360
-0.14563507
-0.10025146
0.13552171
0.07804724
-0.00153132
-0.18619611
-0.05073236
0.22475132
0.02120513
0.30774659
0.09963509
-0.05767621
0.15217749
-0.34197489
0.13625712
0.16833663
0.38421672
-0.18727150
0.09266925
0.08042606
-0.01841304
0.24767978
0.18328182
0.09631626
0.07773885
-0.04294992
0.00380092
-0.08334661
-0.09195537
-0.12527917
-0.19693118
-0.04505327
-0.04648451
-0.22286977
0.26284802
-0.12293888
-0.06050086
0.14166196
-0.05344119
0.11924214
-0.28462075
-0.12683997
-0.11599863
-0.09945803
0.14832936
-0.17333739
0.19967294
-0.02965036
-0.23333000
-0.10718337
0.05780598
-0.03846812
-0.21544685
0.03934896
-0.38204786
-0.03564062
-0.05525661
-0.10821900
0.09714610
0.08927357
0.18389993
-0.19568861
0.06630006
-0.39670073
0.23132665
-0.08248732
0.11082650
-0.03262950
-0.09197643
0.28596336
0.07202786
-0.11102503
-0.00425973
-0.17709977
-0.20033499
-0.00186412
-0.10652141
-0.03781907
-0.06125701
-0.05604530
-0.11344544
0.13368660
0.08944002
-0.01977767
0.20551909
0.10829564
0.05986756
0.11721206
0.19046312
0.27068087
-0.03848973
0.18401506
0.25433661
0.20912388
-0.09694260
-0.10996740
0.24743228
-0.01250145
-0.07055057
0.01046316
-0.05363848
-0.18444995
-0.05089951
0.00499233
0.09520053
0.00038556
0.04591718
0.26244416
-0.21036165
-0.02400928
0.13864371
-0.11109148
-0.20422599
0.24597264
-0.02948523
-0.17512738
-0.12681394
0.23712838
0.03185640
0.10135224
0.15652205
0.04668882
-0.13313322
0.01528423
-0.05347364
0.00459562
-0.13654133
0.18497510
-0.11104143
0.06260947
-0.16156719
-0.08659539
0.17814766
-0.04740893
0.07494512
-0.25330530
0.07557795
0.08854594
0.16962512
-0.02021687
0.19252409
-0.26264582
0.00201184
0.02790207
0.01921742
0.00785618
-0.20828744
0.12680858
-0.04116871
-0.17124999
0.24629128
0.16340111
-0.03740726
-0.02452688
-0.29738964
0.06860793
-0.09642017
0.03540599
0.22734437
-0.02852834
-0.01252373
-0.15560577
0.13605000
0.35995727
0.01971472
0.06111224
0.36061141
-0.02887010
-0.12379261
0.13800279
0.00437467
0.03187315
-0.12741814
0.04399404
0.25459311
-0.12108068
0.02685777
-0.00248644
-0.04698287
0.13822600
-0.32424863
0.31820455
0.22303207
-0.14600588
0.08806815
-0.22464206
-0.10601978
0.08666865
0.12798305
0.11981919
