-0.07965331
0.15623959
0.08260149
-0.14146584
0.05343428
-0.01499077
-0.17993656
0.07353321
-0.02470550
-0.09107564
-0.00932911
0.02226088
0.01822463
0.02158502
-0.02311483
-0.06445431
-0.02762904
0.16410361
0.02401947
0.07250994
-0.01901454
-0.00205787
-0.11215616
0.05729254
-0.00716361
-0.03373842
0.07306551
-0.10818026
0.01555953
0.00555300
0.06092114
-0.07574612
-0.24618785
-0.26502233
0.01852288
-0.02082173
-0.05716625
-0.20588383
0.05145431
-0.22030227
0.06474264
-0.23537657
0.03040442
-0.04863955
0.06260038
-0.15457670
-0.05530805
-0.23484053
0.00263685
0.07656822
-0.10995152
0.08580309
0.08629957
0.00804095
-0.27005483
0.23112399
0.07031204
-0.11110795
0.13876289
0.00955710
-0.02579971
0.02457879
0.02948494
0.15039837
0.00479366
-0.08834180
-0.11954101
0.07796737
0.07494043
0.07519436
0.03107401
0.19575339
0.11784890
0.15258262
0.08335016
-0.18756041
0.00004580
0.04821687
0.12137212
0.20754042
-0.23451398
-0.10273028
0.07223315
0.04929324
-0.04129297
-0.01398493
-0.16816382
-0.29984375
-0.18252082
0.10725143
0.14321204
-0.06988978
0.18681646
-0.06769478
-0.12315695
0.23605266
0.06073689
0.02665818
0.26288810
0.00958729
0.15433024
0.13781585
0.10540853
-0.23595791
-0.25040591
-0.11092326
0.12986600
-0.03827200
0.04715489
0.07078663
-0.01664940
0.18639085
0.08164055
0.04799818
-0.25461837
0.16661835
0.21098904
0.00907793
-0.08423492
-0.00237865
0.01401303
0.00062543
-0.05225891
-0.05102575
0.09450108
-0.12345353
0.03777158
-0.17100943
0.15900241
0.09483418
-0.20890055
0.29894298
0.06910260
-0.05728835
-0.11698792
-0.12507208
0.04710701
-0.10572664
-0.14329739
0.00583241
0.07929358
-0.19848479
-0.08162611
-0.02138410
-0.20218072
-0.05147334
0.11126307
-0.18697468
0.00950705
-0.04004678
-0.07074885
0.11381104
-0.19235111
0.09267391
0.17864515
-0.15810001
-0.22240393
-0.18461948
0.14214204
-0.09949532
0.00619000
0.00227361
0.15406685
-0.02796933
-0.07520350
-0.06052008
0.08224519
0.19523616
-0.07621338
-0.31062808
-0.22451437
0.20331427
0.11476170
-0.21004264
-0.19122363
-0.12593200
0.05074718
-0.02072771
0.06163238
-0.02203093
0.17608908
0.08644574
0.05423695
-0.01706689
-0.01477660
-0.03726226
0.06571434
0.30798854
-0.03331355
-0.07805093
0.14875998
-0.05734863
-0.32403991
-0.12454545
0.00991940
0.06308042
0.26845583
0.28562044
0.03746716
0.04270038
0.07863894
0.09920023
-0.07121069
0.05671013
0.00861586
-0.04291541
-0.00517221
-0.04891897
0.12057357
0.04585108
0.04657842
-0.10980846
0.25209281
-0.06309472
-0.06171553
-0.02512740
-0.04300441
0.13885105
-0.01527658
0.04008150
0.20426964
-0.01233999
-0.05735284
0.07985222
-0.15149117
-0.23282471
-0.08856729
-0.04528264
-0.07188023
-0.17788029
0.06558237
-0.08395236
-0.02892225
-0.12399153
-0.11492921
0.05176963
-0.03087935
0.08268389
0.26682535
0.08210055
-0.02025546
-0.08381114
-0.10754917
-0.08547723
-0.03071934
-0.00212627
-0.03070659
-0.05525976
0.08228626
-0.21265005
0.22063590
-0.05312726
0.11639454
0.07390901
-0.01049146
-0.15848168
-0.08322310
-0.19139936
0.05397836
0.20851813
0.20400825
0.15309985
0.11917277
0.26922635
-0.31483182
0.00012585
-0.09888404
-0.25989685
-0.08441430
-0.06695744
-0.29317678
-0.06265675
-0.22423491
0.18920949
-0.20605471
0.18738341
-0.20285572
0.10916184
0.15303752
0.28587781
0.26947882
-0.00354185
0.16018570
-0.33481696
0.02064946
0.09333672
-0.07762655
0.20173841
0.12593661
0.04276506
-0.00643877
-0.18952226
0.06229070
0.19916295
-0.16623806
-0.04122493
0.10923818
0.36087657
0.14258427
0.08431000
0.00257265
0.21112544
0.09339419
-0.08633477
0.02815642
0.25727072
-0.02160516
0.00846451
-0.43260138
0.10910434
0.07220465
0.01059037
0.01593000
0.11899070
-0.11549043
0.04690304
-0.21143420
-0.01188990
0.20881543
0.04021385
0.28017410
-0.05395038
-0.27479652
0.04377553
0.10574526
-0.01124007
0.15275641
-0.06127713
-0.15382363
-0.03760891
0.12597239
-0.05805236
-0.05912598
0.06244816
0.06207730
0.02199075
-0.13631124
-0.11154125
0.07263149
-0.00530791
-0.23190802
0.06073510
0.08960150
0.03952721
-0.06525560
-0.04997264
0.17017000
-0.25794577
-0.08398691
0.13463608
-0.09717665
0.23795036
-0.10519118
0.03089107
0.16520045
-0.20792751
-0.06690859
0.28611846
-0.30065363
0.06033498
-0.03755006
-0.03139438
0.07473338
-0.00374808
-0.10529260
0.24010976
-0.11382738
0.22802061
0.25868799
0.17727863
-0.02229767
0.02606411
0.12889279
0.11306030
0.03449145
0.24525378
-0.23695455
-0.20448405
0.20336061
-0.18620682
0.31361002
-0.04666875
0.13309273
-0.02356958
0.02086806
0.02925781
0.23260929
0.08599894
-0.15123671
0.11750582
-0.02386566
0.06299946
-0.00805102
-0.00942273
0.05319894
0.03326142
-0.29590078
-0.11560944
-0.12283467
-0.01331993
0.05185636
-0.14632830
-0.11685261
0.02198144
-0.07954438
-0.00824551
-0.11322891
-0.10712957
-0.01834856
0.07488336
-0.21075943
-0.29885228
-0.00250865
0.31009279
-0.03051756
0.06279677
-0.13603592
-0.07430165
0.07671448
0.29542645
0.04289072
0.07303377
-0.15521382
-0.02950381
-0.09490835
0.13216191
0.11121457
-0.00765463
-0.15611711
-0.15657632
0.06671622
0.05880810
-0.15145237
0.20584360
-0.16359521
0.19935238
-0.04662280
0.21012733
-0.25903038
0.08095835
-0.09519605
0.15314412
0.12317081
0.15628796
0.11818270
0.06214215
0.06700800
-0.05525339
0.00635530
0.09358052
-0.12992315
-0.28588617
0.14539212
0.07011831
0.13510985
0.22656942
0.12235012
0.12983645
0.14900373
0.16995829
-0.01415740
-0.12615843
0.04320842
0.00334141
0.17064934
-0.05405488
0.36121507
-0.03488590
0.16945544
0.10389938
0.09783605
0.24165909
0.13303284
-0.00105137
-0.01694502
0.08497644
0.01303367
0.00241384
0.04589808
-0.26761096
-0.13387514
0.18273057
-0.06202235
-0.02250996
-0.03228289
0.18205979
0.29136779
0.10301152
-0.05239882
-0.05333552
-0.07137872
-0.07878936
0.11370546
0.01170553
-0.07821505
-0.16612176
0.26895227
-0.13316950
0.01526995
-0.23295742
-0.07251085
0.04724435
0.11528171
0.10098201
-0.15256152
0.28735449
-0.08857032
-0.19498587
0.26287052
-0.04207758
-0.08219052
-0.05310948
0.11190641
0.05103631
-0.14069953
0.09648604
0.14941052
0.05655344
0.02939709
-0.05243313
-0.16511996
0.25845752
-0.08616499
-0.27327092
-0.11474141
0.02533498
0.27893435
0.25504511
-0.17176295
0.21889437
0.13444859
0.15042948
0.15510101
0.16098566
-0.05086199
-0.12288203
-0.10500433
0.08775772
0.20697775
0.31287129
-0.03131998
0.11597560
0.09224890
0.13861056
0.16068508
-0.08548603
0.17970487
0.07480334
-0.17794851
0.01501741
0.09510604
0.03641822
-0.23968700
0.06915507
-0.30528325
-0.03637293
0.12238869
-0.06982595
0.07049576
0.26965605
0.30258621
0.01389782
-0.09023044
-0.31607778
-0.17577202
0.16221909
-0.09946444
-0.00686792
0.21414466
0.08267440
-0.12232280
-0.03028199
-0.00536388
0.05817359
0.04714809
0.03317420
0.12500517
0.06773161
0.02951712
0.01630480
0.14763586
-0.08840858
0.26498487
-0.04482875
0.34563462
-0.12704879
0.06131301
-0.05856837
0.25177593
0.05498346
0.05141799
-0.05499515
-0.19239101
0.05900307
-0.09265846
0.10970857
-0.02362035
0.31283682
0.23373661
0.00720517
0.32143867
-0.04712563
0.20417582
0.02922642
0.07103864
0.08212245
-0.03764418
-0.22384304
0.13315723
-0.13641600
0.08834984
0.15008125
-0.18751012
-0.09536856
-0.07207232
-0.16575423
-0.00568520
0.01363691
-0.29093170
-0.02158607
0.30737632
0.11779701
0.01085022
0.14410332
0.31208491
-0.10007246
-0.05294318
-0.11860066
-0.00972601
-0.03203209
-0.01805938
-0.13511649
0.14797441
0.22260355
0.04950135
-0.27307447
-0.16927571
0.06109829
0.28627414
0.17892271
0.35495228
0.08703748
0.10807081
-0.13343922
0.07435686
-0.17651716
0.09391566
0.11129035
0.04826139
0.44121587
-0.21917541
-0.03704749
-0.11490886
0.05328219
0.17652937
0.07109704
-0.09209975
0.00277156
-0.53525365
-0.26532731
-0.02981812
-0.07133882
0.10016301
-0.15444132
0.01888572
-0.10357688
0.00647721
0.04449239
-0.03671012
-0.00661322
-0.09000511
0.29171671
-0.06108887
0.01670771
0.11057376
-0.02482284
0.00735269
0.00176347
-0.02127160
0.08877336
-0.00829643
-0.24495795
-0.30036498
-0.19731479
-0.14097062
-0.06828798
-0.08748260
0.25428746
-0.05697312
-0.29131252
0.16862017
-0.08727110
0.23858359
-0.10926913
0.03784396
0.06243181
0.03575941
-0.02053354
0.00234601
0.22308049
-0.09513667
0.10690721
-0.04048876
0.34073284
0.02601987
0.40021681
0.15541904
-0.22009233
0.03038658
-0.02077506
-0.10300798
-0.04452444
0.09927498
0.10392524
-0.17448843
-0.18079031
0.16812424
0.03590652
-0.02455356
0.01322816
-0.17600591
0.01929292
0.03069026
0.09031283
-0.23922116
-0.22356955
-0.13925053
0.10299314
-0.00202552
-0.16723232
0.11950320
0.06170356
-0.00996802
0.19832197
-0.15138460
-0.11750257
-0.16287597
-0.00194953
0.11210898
-0.18150388
0.08910696
0.12158586
-0.05826433
0.04624106
0.05127475
0.07426821
0.07723385
0.16700663
0.11150293
-0.02935891
0.08543247
0.10199309
-0.19729392
0.07607828
0.04115491
-0.07943453
0.26119895
0.12384763
0.03406525
-0.11882437
-0.07422905
-0.04797507
0.04686527
0.17452439
-0.08679411
-0.04507572
0.00473575
-0.16025017
0.01898501
-0.12283239
-0.14160856
0.04988891
0.20094521
0.06004922
-0.01538488
0.26800178
-0.09920026
0.06884054
-0.18494252
-0.05793339
0.05714900
0.13084030
0.11965324
-0.04206317
0.05165913
-0.16560995
-0.00119353
0.09812845
-0.07584225
0.08860242
-0.04640262
-0.04523302
0.09288741
0.14473109
0.07985328
-0.02958137
0.06248692
0.10671593
0.20790369
-0.15832750
-0.22261794
0.15699421
-0.11793060
-0.24385997
0.13525176
-0.01459321
-0.18827560
0.04935578
-0.48203229
0.04517649
0.14019346
0.24542225
-0.13859831
-0.10269313
0.12358673
-0.19221412
-0.03939930
0.31326209
-0.01572721
-0.28833968
-0.05219720
0.21836174
0.03878681
-0.10440442
0.07462287
-0.26321727
-0.15273473
0.00610930
0.02143027
-0.06478325
0.09963651
0.14193076
-0.12187467
-0.14570837
-0.15568104
-0.05203765
-0.13170835
-0.00897863
0.08611870
-0.10195759
0.04137712
-0.10260425
-0.02652777
0.01949294
-0.07241679
0.00729136
-0.00489133
-0.06533984
-0.20548200
-0.12852325
0.13278507
0.13743049
0.03053237
0.17508540
0.13811448
0.11580262
-0.39344847
-0.35080801
0.12429700
0.04619471
0.08731314
-0.24511435
-0.02583870
0.25920448
0.08477459
-0.06787134
-0.22766243
-0.01308069
-0.02140544
-0.11977703
-0.05929519
0.10271518
-0.04938777
-0.02594465
-0.01623608
0.11003082
0.12193344
0.21175999
0.07608019
-0.00677883
-0.15545122
0.06047212
0.04986594
0.14911963
0.19057791
-0.01609352
0.02239551
0.08291281
-0.23207011
0.23597899
-0.07679060
0.09174591
-0.05697066
0.06306830
-0.23364493
-0.16299163
0.00781189
0.02258091
0.14161630
-0.04760462
-0.29080520
-0.05290424
0.06683510
0.03407573
-0.10945018
-0.08114486
-0.02753790
-0.14945102
-0.00662875
0.02473873
-0.09862845
-0.13494237
-0.02263060
-0.04638767
0.10724774
-0.03787939
0.07583775
-0.07247717
0.21688422
0.12515342
-0.15907899
0.01544234
-0.09760874
-0.02813927
0.13946376
-0.02182317
-0.06580893
-0.19574291
0.13653770
-0.04282165
0.01351598
-0.01432159
-0.22111497
-0.07371241
0.07887481
0.26460084
-0.02527089
0.26378858
-0.13148932
-0.12166483
-0.16079249
-0.04811285
-0.01545289
0.15584837
-0.04408044
-0.09388675
-0.11032676
-0.12258220
0.09643051
0.02813570
0.14165508
0.01025765
0.05534645
-0.00095734
0.11038761
0.06066204
-0.06706703
-0.21312920
-0.32051404
0.00001591
-0.08378664
0.08601319
0.25098891
-0.03999588
0.11520539
-0.11415777
0.23779391
-0.19897761
-0.08018364
-0.05587189
0.13243845
-0.16826123
0.21251165
-0.19156248
-0.19530987
-0.01285829
-0.16181303
0.04078239
0.22008138
0.15542625
0.15615855
-0.18909023
-0.06457015
0.05186906
0.14052648
-0.33678647
0.00964540
0.11109207
0.05987136
0.35225591
0.24968939
-0.17271239
-0.19726777
0.03953467
-0.07254794
0.05983637
-0.17395637
-0.15206176
-0.08228645
0.29191558
0.07399572
-0.25437907
-0.01425072
-0.12691126
-0.31303864
0.26419595
-0.19261641
-0.10007251
0.14346680
0.08534044
-0.14644176
0.09889086
0.08048148
-0.08411879
-0.08106260
-0.13379484
-0.27551505
0.26255795
0.05214272
0.06158655
0.11362677
0.15989846
-0.07488360
0.09834227
0.14038215
0.09919206
-0.17203757
0.11909982
0.11838623
0.04381878
-0.11803592
0.21954453
0.03631007
0.15224159
0.26956891
-0.11730232
0.10851340
-0.16857708
0.05976265
0.04483344
0.31147258
0.06031253
0.26172873
-0.17012783
0.06227511
0.13104311
0.17462049
-0.09728353
0.02357956
-0.07300129
-0.05269542
0.03060035
0.05606789
-0.11489895
0.18571546
-0.03114501
-0.16540592
-0.09302593
0.05404447
0.12734687
-0.20066150
-0.12441494
0.02702054
0.16855127
0.02776146
0.01169018
0.35806298
0.01994921
0.10491256
-0.07056923
0.20879224
0.12171570
0.32075452
-0.17144441
0.25654634
-0.06112352
-0.12523385
0.05476800
0.19321183
0.01781386
-0.16386210
0.25694334
-0.05167601
-0.07013240
0.22443160
0.13079197
-0.01507297
0.06324815
0.09235253
0.06151814
-0.02441890
0.10547341
-0.08705040
0.04926686
-0.08532956
0.01091945
-0.04873078
-0.05522635
-0.08378481
0.23890382
0.10317426
-0.15840473
-0.13651462
0.12528008
-0.13347721
-0.01812096
0.00497879
0.36240564
-0.21322689
-0.00769197
-0.13439970
-0.20306638
0.03998515
-0.07233328
0.02522521
-0.09364511
0.03412939
0.05563804
0.01100914
-0.02873112
0.03864919
0.18663117
0.09789926
0.26192930
-0.09955476
-0.08361222
-0.01942374
0.06574907
0.14259237
-0.21318900
-0.04701483
-0.21792495
0.06705537
0.02452760
-0.02489872
0.04572357
-0.04128047
-0.02393124
-0.10266438
0.06610420
-0.02437525
-0.21455150
-0.12211874
0.06393827
-0.01597515
-0.08022038
-0.22512738
-0.05100518
0.05122411
0.08930452
0.16138727
-0.08987276
-0.10160816
-0.05192777
-0.01637851
-0.00594691
0.11600228
0.09501495
0.07625467
0.00368914
-0.13662367
-0.03294859
0.10083131
0.04883094
-0.07449578
-0.08886740
0.07742142
0.01317085
0.04390877
-0.03735865
-0.05392815
0.01010738
0.07301448
0.02573815
-0.15853549
0.27767084
0.14031240
-0.11735992
0.15056951
0.05069377
0.05649829
0.11856003
-0.22488468
0.10341095
-0.05189456
-0.08213541
0.11844303
0.16882121
0.18384167
0.11991784
-0.07884055
-0.15019790
-0.15720479
-0.18832519
-0.01711770
-0.08095522
0.00921130
-0.14721507
-0.12317521
-0.08896402
-0.11054087
0.09709034
0.13042062
-0.01208241
0.13765760
0.11258996
-0.05994641
-0.21503025
0.10095511
-0.10222534
0.02869681
-0.10245102
-0.23656135
-0.05800069
-0.05141779
-0.17167027
-0.11306073
-0.02861621
0.03183202
-0.31959857
-0.13496024
-0.21315807
0.24137161
-0.03236260
-0.12325422
-0.05448153
-0.09040589
-0.13485276
-0.12253849
-0.06478070
-0.10115260
0.07631843
0.12612992
0.03726815
-0.02208812
0.09542470
0.03600882
0.06411572
-0.16392736
0.11443453
0.06258229
-0.19658864
-0.03408175
-0.15626219
0.03556953
-0.03206430
0.05865315
-0.21941010
0.08472742
0.17483008
-0.07835304
0.30338549
-0.05515887
0.02141537
-0.01959610
-0.12338087
0.37636861
0.06909688
-0.09865627
0.11992164
0.09844623
-0.12908390
0.15849638
-0.23569978
0.10120790
0.02221126
-0.12400940
-0.12162064
-0.13226783
0.05049240
-0.12041071
0.00479498
0.08483575
-0.21202026
-0.19979365
-0.01542291
-0.07483662
-0.05959009
0.27560873
-0.21412066
0.14058134
0.36134670
-0.02720913
0.20724361
0.03033263
0.07853808
-0.09646381
0.04041606
-0.00391922
-0.20843279
0.12830033
-0.15834050
-0.01789093
0.13168908
0.24826268
0.07491566
0.04265913
0.01597104
-0.20942295
-0.14633745
0.00719120
0.25271682
0.15618111
-0.28953693
0.03258886
-0.36033733
-0.05621410
0.02144209
0.14698179
-0.06269375
-0.16005310
-0.22792374
-0.18925162
-0.03515376
-0.03568138
-0.01136230
-0.07773689
-0.12175189
-0.32756038
0.07267560
0.08906505
0.09210177
-0.17458850
-0.14034160
0.21157002
-0.06537442
-0.08518502
-0.10671993
0.03959903
0.03734895
-0.29248502
-0.13531772
-0.04920014
0.04269182
0.20716189
-0.19690112
-0.05889166
-0.05130991
0.14903455
0.26453890
0.00352567
0.20621582
0.18147876
-0.08576561
-0.19582231
-0.00980125
0.20897837
-0.08546883
-0.02276398
-0.11376914
0.21684882
-0.07674693
-0.00364475
0.09058774
0.13274476
-0.00197353
0.09335831
-0.19290466
0.19982364
0.02734977
0.11044708
-0.03821015
0.02693041
0.00122666
-0.08504052
0.01776732
-0.20719848
-0.05212206
-0.02139965
0.01313903
0.08029728
0.02009720
-0.13139054
-0.04963987
-0.10741170
-0.11079398
0.04314115
0.04522238
0.18846363
0.16212486
-0.16457472
-0.22086665
0.00929593
0.08195456
-0.08663901
-0.17209795
-0.05587866
-0.13337704
-0.21163230
0.33583152
0.01027725
-0.18162993
0.12892089
-0.12069874
0.04114347
0.00716738
0.00698861
-0.15247592
0.01773598
0.01389196
0.16763457
0.12062072
-0.10336318
0.02826859
0.09301063
-0.27935312
-0.02188705
-0.19764569
0.06972163
-0.00034731
0.11200789
-0.12327754
-0.05690791
0.08895984
-0.07680134
0.04015244
0.19594877
-0.26036903
-0.15547936
-0.02983219
0.14221191
0.01515529
0.29359517
-0.03776630
-0.16082660
0.28418736
0.17608230
-0.16074028
-0.10851899
0.22287882
-0.05138212
-0.13698660
0.02153327
-0.01369119
-0.06622360
-0.16193603
-0.18030895
0.07726376
-0.23733022
-0.25576395
-0.07015000
-0.39422910
-0.20181888
-0.17770762
0.01719914
-0.18017678
-0.33190086
-0.08626670
-0.22627416
-0.21040848
-0.30309619
-0.32306187
0.02273085
-0.08294146
-0.15717354
0.25890465
-0.10646306
-0.15807762
0.27000002
0.20376295
0.13511213
0.13234353
0.32219791
-0.06384987
0.21034497
0.42322103
0.31038514
0.04707544
0.40346319
0.39154864
0.48483396
0.12201369
0.11226761
0.17467535
0.04906867
-0.05079502
0.24793812
0.27422879
0.20971395
-0.09083480
-0.01342890
-0.08877120
-0.02596051
-0.15640350
-0.10275504
-0.09165086
-0.20851800
0.09561276
-0.17690437
-0.09555255
-0.11045624
-0.24706436
-0.07664096
-0.06550681
-0.31528882
-0.25551952
-0.15923699
-0.20884939
0.13493987
-0.16105247
-0.18761817
-0.16243597
0.26840125
-0.13571451
-0.06312203
-0.07515334
0.02719873
0.04757119
-0.08844259
-0.03990061
-0.16349823
-0.17145397
0.11409593
0.00116276
0.14174975
-0.00290686
-0.06304526
-0.04249511
-0.01789257
0.09746207
-0.03119563
-0.15584940
0.03893289
0.29106625
-0.18490128
0.01901188
0.25000554
-0.32533118
-0.06904916
-0.22095569
-0.06830728
0.00598711
0.22247638
-0.06548612
-0.23867898
0.09871869
-0.07872097
-0.09875801
-0.17098435
0.02894187
-0.01325303
0.01507505
-0.13215366
-0.17354012
0.17174256
0.12457572
-0.02533824
0.02549356
-0.01665336
0.05927239
-0.04346816
0.03382885
0.16539040
0.03155158
0.06482543
0.18099686
0.11681088
0.31561693
0.24437439
0.24318300
0.32561106
0.30064281
0.23946002
0.03331400
0.12508582
0.24773573
0.18827064
0.26207626
0.31557129
0.14382268
0.33160058
0.13335985
0.20798404
0.45680363
0.13981182
0.10074881
0.21657842
0.06444843
-0.27789373
-0.04544471
-0.13396919
-0.22583720
-0.18745805
-0.18497427
-0.25694499
-0.04520705
-0.29437216
-0.39434264
-0.53022317
-0.53098689
-0.38126296
-0.29266891
-0.60875423
-0.38905769
-0.45123547
-0.54053176
-0.38856451
-0.32996600
-0.25328252
-0.43997383
-0.06581267
-0.30226504
-0.08703082
0.01492812
0.17151602
0.02020230
0.01928607
0.04243855
0.41881475
0.44096014
0.47610815
0.55418438
0.57314038
0.33416172
0.23452327
0.28259871
0.50404865
0.49774459
0.31048302
0.14652657
0.29619619
0.26733018
0.17567254
0.12917027
-0.05955842
0.17203690
0.03002066
0.03341910
0.16398303
-0.37993412
-0.15870007
-0.08847299
-0.35454582
-0.04379393
0.01508536
0.11765315
-0.03406178
0.01619248
-0.10545519
0.11518033
-0.19038583
0.01718553
-0.29983378
-0.10055348
0.04852232
-0.06395791
-0.06745630
-0.06704846
-0.18241363
-0.05588177
-0.09715445
-0.08496169
0.05893092
-0.15640145
-0.24818643
0.04025486
0.11260729
0.26883595
-0.03181901
-0.14544641
-0.00117959
0.08331528
0.01502842
0.00251798
0.17323716
0.10572989
0.16098324
-0.00366507
-0.18431007
-0.05510745
0.01033578
-0.12244101
0.11329877
0.17258062
-0.01502002
0.10969491
0.00515836
0.09572131
-0.22664513
0.00497891
0.07474802
-0.07422359
-0.06421647
-0.00413665
0.13721011
0.00072651
-0.11456083
0.18908013
0.08040089
0.03493193
-0.07799768
0.07395471
0.10376125
-0.11908684
-0.05765931
-0.07841038
-0.11462996
-0.05511955
0.01885790
0.08173468
0.00797713
-0.07212829
0.20406767
0.18549188
0.11180905
0.27893517
0.10733198
-0.14313118
-0.10220359
0.01456631
0.21689262
-0.04661844
-0.01728502
-0.04700216
0.15130510
0.10343541
-0.12848691
-0.10356352
0.09482876
-0.05107382
-0.04564794
-0.11985925
0.28405009
0.45353320
-0.04736313
0.03912373
-0.06773255
-0.10597741
0.08942147
0.07963367
-0.18635834
-0.13952779
0.00421643
0.12505803
-0.04054771
-0.07580611
0.05980924
0.16496590
-0.10094905
0.00586550
-0.01890370
0.23218275
-0.01889747
0.00425872
-0.03555890
-0.10809393
0.07626659
-0.09835698
0.05948446
0.12039785
-0.20145768
0.05621230
-0.02255748
0.02068320
-0.26843595
-0.13629082
0.10145729
-0.12343618
-0.11677367
-0.05006134
-0.22007411
-0.05430492
-0.06208627
-0.10733092
-0.06908582
-0.00992558
0.06255618
-0.08687955
0.02666279
0.02923304
0.15694011
0.15808208
0.06316032
0.16931121
0.31401488
0.06601021
0.11140885
0.19498972
-0.24776356
0.14203589
0.19046608
0.05749943
-0.06106348
0.09331711
-0.06770865
0.06169519
-0.13805934
-0.20119228
-0.00086380
0.17002995
-0.11994216
0.18899568
0.07574131
0.05637955
0.20922743
0.14891026
0.23959286
0.07556799
0.15314224
0.00770052
-0.19283597
-0.23808189
0.08011186
0.08499148
-0.16819175
-0.12066516
-0.10557507
0.02651273
-0.13937403
-0.12960713
0.14639219
0.11231996
-0.03283105
0.07837757
0.16870058
-0.01500640
0.08856682
-0.26328000
0.05082640
-0.12997412
0.00275733
0.21606640
-0.24506138
0.00285140
0.01499074
0.36882552
0.15278835
-0.18049799
0.07880835
0.10387426
0.07760791
-0.16139461
-0.11271956
0.14846510
0.45566911
-0.17517758
0.05017862
0.05095823
-0.01874681
-0.15995161
0.03777823
0.05801021
-0.13386626
-0.19846601
0.00729669
0.04381293
0.12040782
-0.10662568
-0.12810715
0.14133703
0.13532471
-0.19312113
-0.03125171
-0.01099976
-0.05740972
-0.09390970
0.04610952
-0.02873361
0.15340608
-0.01202041
-0.04839558
-0.11865807
-0.16693752
0.13862738
0.11416437
-0.05681918
0.11478062
0.02951763
0.00352864
-0.12755801
0.06002557
-0.16197574
0.07391569
0.15387722
0.20525141
0.09102522
-0.21702883
-0.15272270
0.04174997
-0.07969465
0.07435868
-0.05318621
0.10530768
-0.08502428
-0.06066398
0.28288438
-0.05162248
0.02973529
-0.26407321
-0.02045674
0.02012975
-0.31913719
0.01528832
-0.12238823
0.04562831
0.01952035
-0.25430509
0.18528617
-0.07573081
0.09166365
-0.00508911
0.17259263
-0.08587506
0.24730743
-0.05725667
0.06303457
0.00766561
0.10262893
-0.09321164
-0.08628535
0.02408042
0.10434900
0.12657923
0.09751998
0.28795449
-0.12927946
-0.09163598
-0.06860192
0.14579195
-0.06581724
0.30194996
0.09753722
-0.11524542
-0.23355985
-0.04664880
-0.03014989
0.16970680
-0.11183612
0.08938160
-0.06989126
-0.07109621
0.23440931
0.05196384
-0.12293442
-0.04278719
-0.03896304
0.18268301
-0.24615852
-0.05604244
-0.03750695
0.04431460
0.08033466
-0.33191250
-0.08450278
0.06617932
-0.17039402
0.09292761
-0.01602954
0.19555520
-0.10394612
-0.28372411
-0.02736147
0.14641835
0.08903919
0.31601699
-0.04000142
-0.31941839
0.05300271
-0.00976630
0.00723355
0.06955200
-0.09297037
-0.05645005
0.24891372
0.12272172
-0.08664545
-0.10108240
0.14207385
0.29462517
0.10010413
0.12633074
-0.00888981
0.13553171
-0.06416991
-0.04066038
0.04041899
-0.07771848
-0.07579027
0.15431232
0.11275678
0.10292984
-0.04577390
0.01572128
-0.10316122
0.09577171
0.03292793
0.19026401
-0.34616721
0.06116322
0.10066131
0.01184554
0.04138913
-0.01869651
-0.05795875
0.04761192
-0.14358700
-0.00140288
-0.23970931
0.11725526
0.07723768
-0.08944817
