0.41013188
0.13410727
-0.36733148
-0.09747081
0.01157419
-0.09887589
-0.18294238
0.09075364
-0.16131609
-0.15247077
-0.30094619
0.30806777
0.03071806
-0.05897983
0.09501902
0.07940971
-0.10713277
0.03029147
0.11782495
0.25335759
-0.01646094
0.10336535
0.07942846
-0.08410046
0.20340697
0.15018437
-0.15769608
-0.06408616
0.00396447
0.22767981
0.16851611
0.21731149
0.39278589
0.06973656
-0.22141655
0.04440147
-0.03491160
-0.36069379
-0.16781378
-0.28918307
-0.10181602
-0.06227044
-0.00967455
0.06196066
-0.22216535
0.07670006
-0.26978132
0.12741220
-0.07553855
0.01866376
0.07991188
-0.07438634
0.03465790
0.19757022
-0.15274803
-0.11210457
-0.25491494
-0.15512574
-0.35459058
-0.16564696
0.10995848
-0.23427246
0.11882942
0.01610992
0.05212303
-0.05980380
0.19777172
0.14267722
-0.11792034
0.19257549
0.17415195
0.12041703
-0.03188787
0.03757679
-0.22505816
-0.31740112
0.25744754
-0.09418126
-0.08564816
0.19024616
-0.09418672
0.11355577
0.03981159
-0.00299164
-0.22175412
0.10223067
0.07100743
0.10781579
0.00499721
0.10014763
0.05901848
0.04156934
-0.09181932
-0.05238811
-0.23556960
-0.15066585
0.24748835
-0.09698508
-0.15997277
-0.02924111
0.23030128
0.16139436
0.21999369
0.07890284
-0.23643571
-0.01735072
-0.22075379
-0.16587487
0.23692238
-0.01128872
-0.08409501
0.12907505
0.03324471
0.09039945
-0.04928609
-0.03373887
0.15567807
0.16376762
-0.01087113
0.07720724
-0.03832166
0.03992395
0.08298165
0.13443970
0.06340371
-0.24359949
0.67105738
0.20541228
-0.02340120
0.11584732
0.09548968
-0.03316230
-0.12469182
-0.13539443
-0.22401635
0.32697420
-0.27929994
-0.09099042
0.08326812
-0.06826569
0.09698704
0.14891272
-0.18456663
0.14626588
-0.23321167
0.04380549
-0.32925321
0.14909833
-0.20648392
0.01834382
0.07169469
-0.02063879
-0.03200536
-0.02873082
-0.38767240
0.26109914
-0.06124309
-0.04355365
0.12271345
0.06007223
-0.06344539
-0.10253657
-0.17885072
0.03793381
0.07212834
0.19347005
-0.00334648
-0.05640534
0.12020378
0.10304326
-0.21587841
-0.02693075
-0.07933755
-0.13110910
0.31057600
-0.16435006
-0.15931471
0.06377961
0.26452120
0.02871761
-0.13551342
0.04076782
-0.08733644
-0.01092802
0.10282063
0.15639808
-0.17650221
-0.05469461
-0.01826855
-0.09800736
0.13873027
-0.00154947
0.15899230
-0.05631327
0.10689549
-0.02185467
-0.10200265
-0.23357478
-0.05933691
-0.15512551
-0.03010314
-0.21076530
0.30109490
0.00115465
-0.01218300
0.03087221
0.16542799
0.19260341
-0.02264563
0.10600728
-0.05222888
-0.10803476
0.04569530
0.03975251
0.16221314
-0.14949394
-0.08298495
-0.11691710
-0.15137321
-0.11977464
-0.09349681
-0.00198310
-0.11464884
0.22548483
0.10877376
-0.06792514
0.07377967
-0.08967380
-0.13309103
0.00981703
-0.05561991
-0.27505797
-0.11320446
-0.19541599
0.20109998
-0.05747827
0.25853869
-0.24452083
0.03928164
0.11864237
-0.23495949
0.00814656
-0.19589996
0.18986317
0.06670060
-0.01199916
0.36466799
0.02793467
-0.10913964
0.01500886
-0.24743099
-0.22763302
0.08804011
0.12930573
0.03851168
0.14182177
0.03271674
0.07806229
-0.05692699
-0.16594288
-0.28462037
-0.04434244
0.05852500
0.16712912
0.11024060
-0.29619648
0.16146622
0.13213054
0.04731198
0.22152631
-0.19203390
-0.10385065
0.03975894
0.06843217
0.17644588
-0.06923579
-0.27182366
0.06290099
-0.07502113
-0.12840361
0.13924346
-0.14660150
0.19987094
0.16765676
-0.14530669
0.01233988
-0.04342160
0.04055950
-0.24135878
0.12115325
-0.09051126
-0.00893306
0.13520767
-0.45684739
0.12079770
-0.07590671
-0.16876806
0.05110771
0.06652142
-0.33645179
-0.03882666
-0.17269522
-0.11419074
0.05701894
-0.37734817
0.23173116
0.24333122
-0.09398397
-0.00278261
-0.13970113
0.08067603
0.02313253
-0.05895310
0.35163371
-0.26246364
0.30726732
0.05131920
-0.02566547
-0.22201642
-0.42320697
0.16323212
-0.23799524
-0.05112373
-0.02769140
0.22717264
-0.08531352
-0.40071008
-0.02095183
0.42358814
0.23362033
0.10343067
0.16644255
0.19403665
-0.03751997
0.02257930
-0.22624048
0.18054266
-0.13045888
-0.09852155
0.14940426
-0.03244189
-0.29207887
0.06718531
0.17959737
0.03387014
0.34884150
-0.21380613
0.21863052
0.33551947
0.03174337
0.06328370
-0.04287930
0.24785441
0.05037251
0.02881924
-0.17864100
-0.17871479
0.27280418
-0.04577291
0.03651768
0.02192003
0.01031501
0.26783813
-0.22254720
-0.05846407
0.12617539
-0.02067605
-0.07672291
-0.02599979
-0.07970645
-0.24373935
-0.04022989
0.12518328
0.14600765
-0.18007002
0.20260652
0.14209599
-0.22716700
-0.27598527
0.01862706
-0.25706274
0.14473314
0.10755732
-0.29179726
-0.11500133
0.02607449
-0.13262334
0.32890540
0.45659430
0.11255685
0.23206416
-0.47205701
0.14544726
-0.31767297
0.28056553
-0.04719020
0.06389111
0.10714848
-0.09737038
0.13862348
-0.17212904
0.36031153
-0.13908644
-0.04498722
-0.02842664
-0.00351587
0.00863896
0.01252907
0.08744848
-0.07052054
0.34136470
0.18242320
0.03868703
0.38101744
0.24805344
-0.09035034
-0.03319999
-0.14095023
0.07408345
-0.15711328
-0.07054945
0.08739653
-0.16237545
-0.27327202
0.15806681
-0.03271055
0.08950259
-0.11019949
-0.25338918
0.44949046
-0.10549240
0.43099318
-0.02469255
-0.04705512
-0.22143273
0.08519909
-0.16196520
0.01703442
0.11790041
-0.01533784
0.11748078
0.10145604
0.05736088
0.01868226
0.22933820
-0.12214914
0.14525584
0.07129758
0.02129204
0.00462657
-0.16042041
-0.32791815
-0.15868971
-0.22209203
0.19760400
0.03027500
0.00007660
-0.13254883
-0.15328545
-0.24668427
-0.18600725
-0.02393456
0.11203139
-0.16742801
-0.30044599
-0.30623480
-0.00525506
-0.22026398
-0.02222213
0.38116043
0.00454808
0.06553422
-0.05433934
-0.09771327
0.09837224
-0.22716809
0.28961917
-0.03180772
-0.21426298
0.25673206
0.12135338
0.23099153
-0.14734624
0.10020510
0.59628430
-0.18158917
0.17347315
0.11144884
-0.30093682
0.02597216
0.05589602
0.00262448
0.01291949
0.33886503
0.04704846
0.27614693
-0.17125611
-0.06157927
0.04980417
-0.16221776
-0.02491835
-0.22487596
0.04362381
-0.08282272
-0.05111021
-0.38324996
-0.07319589
0.13319497
-0.05217077
0.50951372
0.17969175
0.03202926
-0.02026288
-0.10399430
-0.13441302
-0.09748963
-0.13099847
0.08362357
-0.02821589
-0.00653696
-0.12733463
0.21310022
-0.01033689
0.09584354
-0.25617815
0.19337755
0.18436833
-0.18771442
-0.03753865
0.02997437
0.41602925
-0.02092150
0.06204615
-0.10290181
-0.16875352
0.31538091
-0.52839249
0.09487197
-0.19136873
0.16223828
0.29107206
-0.26867366
0.13379636
0.17397106
0.04595396
-0.06566818
-0.03676309
0.10299982
-0.07451380
-0.11359854
0.04777051
0.12453592
-0.00797457
-0.35702385
0.02162358
-0.18294581
-0.05172853
0.21515823
0.17698442
-0.29746910
0.05361220
0.00224426
-0.27457826
-0.05468683
0.23356253
0.06016830
-0.11029233
-0.04065281
-0.13563746
-0.28776350
0.11754703
-0.01106555
-0.04324012
-0.05957640
0.04452259
0.05580251
0.01169287
-0.32754739
0.10445607
-0.00868920
-0.24053965
0.03986237
0.20356945
-0.06904079
-0.49398122
-0.02054887
0.00858450
0.12615480
-0.05822638
0.11300654
-0.02563459
0.03139187
-0.02739881
-0.15642482
-0.17001253
0.25864291
-0.05523028
-0.35044879
-0.01528872
0.10818738
0.02584944
-0.10959191
-0.37354453
0.14461202
0.42574809
-0.02017017
-0.28347730
-0.20170789
0.31571463
-0.12962226
0.12274261
0.15050291
-0.30943948
0.39953523
-0.28337724
-0.17147172
-0.07302060
0.16016678
-0.04999532
-0.34540463
0.15579461
0.01162772
-0.14408818
-0.09189992
0.12171855
0.14530527
-0.13255601
0.20442686
-0.12026834
-0.34354416
0.21547018
-0.01888110
-0.27853527
-0.17402996
0.05306474
-0.10791106
-0.09751305
-0.18632583
-0.40382071
-0.18454677
0.03954903
-0.04095841
0.40024056
0.00490015
0.15262886
-0.22573067
-0.28835019
0.18885608
0.06835769
0.03060828
-0.06570543
0.00217278
0.28890048
-0.13739502
0.16770479
0.05978148
0.17286627
0.58467735
-0.12470667
-0.11775668
0.00105006
-0.21639242
0.03238503
0.33598254
0.12160691
-0.02151928
0.05188157
0.01698433
-0.13970490
-0.15650021
-0.03100192
-0.22185644
-0.08603965
0.10348351
0.07667769
0.03957226
-0.19210626
0.04665803
0.10900928
-0.08347421
0.28829537
-0.08975812
0.00838809
-0.32403369
-0.14544271
0.13912303
0.12702117
-0.31658699
-0.04429067
0.14488134
-0.26013462
-0.02786638
0.15438582
0.06621015
-0.03481096
-0.13421902
0.06602178
-0.12864799
-0.11054618
0.17868587
0.07885663
0.21910942
-0.25067455
0.13377386
0.14225685
-0.07318303
0.08030041
-0.17807734
0.12363705
0.32348483
-0.04558514
-0.09535615
0.10385858
-0.25706671
0.16295296
0.13176162
0.12851834
-0.22294679
-0.12578617
0.29968000
0.14600078
0.12596016
0.00017947
-0.16414624
-0.05063384
0.11590577
0.08776885
0.19647784
-0.21104733
-0.19608984
-0.01221027
0.19220819
0.04035396
0.25030071
-0.12687963
-0.13756029
-0.04466128
-0.04960465
0.02487293
0.34470952
-0.23011843
-0.13977562
0.11509640
-0.21065050
0.01167291
-0.27279915
-0.00697872
-0.11778422
-0.09254959
-0.26330653
0.20592177
-0.10832457
-0.05853366
-0.01367528
-0.06852316
-0.06932208
0.18639033
-0.08751181
-0.00073310
-0.06614082
-0.13779716
-0.08590490
-0.13367579
-0.23622202
0.11122795
-0.08246774
0.11440050
0.26218466
-0.07591566
0.10823472
0.06479780
-0.12054188
-0.24439681
0.08124613
0.07248941
0.19822288
-0.13200693
-0.28518809
-0.01961371
-0.28801147
-0.16425628
-0.00710869
0.23366788
0.16249618
0.30912014
0.09752827
0.15252286
0.13866710
0.07702110
-0.03223385
-0.20793958
-0.08491976
-0.07641191
0.28841396
0.10941708
0.26847967
0.08272902
0.30070765
0.19663791
0.31275066
0.16277623
-0.03233887
0.15594460
-0.02514654
0.15737293
0.15673254
0.34107132
0.34595164
0.13859326
0.39077543
0.60588994
0.42122647
0.09955621
0.52576713
0.42467024
0.53126398
0.59915017
0.21287651
0.41756541
-0.15206272
0.25742791
0.27371960
0.01656649
0.05121427
-0.02343741
-0.45396464
-0.30103947
-0.58198558
-0.77998890
-0.92930982
-0.83019747
-1.37956314
-1.28400062
-1.19464808
-1.39328059
-1.26755796
-1.63889490
-1.57995363
-1.65618341
-1.16122861
-0.96310528
-0.89564015
-0.72529398
-0.74977680
-0.45184537
-0.17597635
0.15826847
0.36201186
0.67977390
0.46405411
0.93937477
1.45810856
1.65244231
1.65808848
1.85047656
1.64864048
1.50447729
1.99370517
2.04393740
1.85953092
1.75737411
1.62144971
1.77482428
1.90005812
1.45021366
1.28592366
0.77567747
0.58138207
0.00904845
-0.14878735
-0.02011034
-0.45041734
-0.19084351
-0.54173741
-0.47978126
-0.60475882
-0.72667093
-0.83378731
-0.73664740
-1.16356807
-0.89096713
-0.77898089
-0.72392746
-0.87431960
-0.57218595
-0.57367621
-0.68397921
-0.45015285
-0.47342506
-0.55093627
-0.23629167
-0.19589183
-0.32849055
0.01501088
0.05730765
0.20057506
-0.24497388
0.01519552
0.06930537
-0.21850691
0.00647400
0.16021648
0.14573212
0.11890759
0.22027796
0.24843990
-0.13583785
-0.17070007
-0.15981671
0.12547520
-0.00463369
-0.22897538
0.08686022
0.13387779
-0.03353558
-0.00715608
-0.11370773
0.10117361
0.14884087
-0.20601829
-0.30747933
-0.02082295
0.05605770
-0.03853624
-0.01344662
0.08444074
0.15292597
-0.00430774
-0.11392303
-0.06412020
-0.15752249
0.02064219
0.03335723
-0.05225796
-0.07001962
-0.09092167
0.07025793
-0.12956860
-0.00756470
-0.22253474
-0.08352301
0.31236195
-0.13434589
-0.00574911
0.24093800
0.17897808
-0.13716385
0.11787658
0.09117032
0.12420639
-0.14854737
0.25147772
-0.04178385
0.05266693
-0.07078699
0.00753418
-0.09051790
0.09621758
0.28708074
-0.21852437
-0.11226166
0.07201838
0.28169493
0.13571134
-0.25951264
0.16082489
0.35788873
-0.01212654
0.01216399
-0.09365767
0.23123212
0.24205776
-0.11551617
-0.16798340
-0.04015925
0.19362233
0.00867362
-0.08242462
0.03817987
0.06272723
0.05658373
-0.23098358
-0.20648396
-0.08254327
-0.01598204
-0.00579395
0.02569430
0.04488025
-0.01722317
0.03145907
-0.07004744
0.14744408
-0.03531007
-0.17337382
0.23515010
0.10711130
-0.17328611
-0.22658446
-0.18252337
-0.04791113
-0.22398523
0.14620949
-0.05736754
-0.16956016
-0.03682386
0.19096156
0.14321570
-0.09922402
0.03083857
0.08257079
0.37057018
0.21904468
0.11836168
0.07949209
0.21856095
-0.15896826
-0.10300224
-0.58460079
-0.05155192
-0.14971290
0.09271690
-0.28421416
-0.21189731
0.01700163
-0.02434289
-0.20483106
-0.37714140
0.02472917
0.09634035
0.26412467
-0.17379687
0.05641576
0.15829357
0.19456317
-0.02980988
-0.01980903
0.23016070
0.18648443
-0.08465222
0.22140615
0.06713337
-0.35904998
0.07328117
-0.03364353
0.18170757
0.09068886
0.13962123
0.13098563
0.16020131
0.02042240
0.20236400
-0.12825704
-0.16590242
0.26079183
-0.01079192
0.12292505
-0.07272278
0.23354260
0.18753598
-0.12610838
-0.18748008
-0.04457141
0.05679458
-0.18766318
0.18072688
-0.45280812
-0.17750321
-0.06696984
0.07875745
-0.25598433
-0.08503476
-0.24867393
0.01712916
0.06635075
-0.22266407
-0.12678727
0.19730888
0.17362294
0.09171841
-0.12889897
0.10939703
-0.11058879
-0.22661131
0.02861684
0.15635137
0.20203804
-0.16057890
0.00395244
-0.21055801
0.04509454
0.37423991
0.17594208
-0.15159898
-0.16859191
0.26019367
-0.05933039
0.12683462
0.27047148
0.28317638
0.30768958
0.12696773
0.30344890
0.18967641
-0.06111489
-0.01437098
0.17237270
0.28557442
-0.02928131
-0.02629714
0.04404944
-0.05064868
0.22196739
-0.34973708
-0.13504647
-0.22973855
0.02643884
-0.13140051
0.00511563
-0.21493643
-0.14472022
-0.03872975
-0.30424816
-0.12143774
-0.25673298
-0.02348324
-0.25770465
0.19650983
0.00685474
-0.02144220
0.03410536
-0.15943479
-0.06126175
0.14280657
0.27960486
-0.14641476
0.01966958
-0.11979148
-0.13620465
0.38117428
0.27030371
-0.07172205
-0.07850704
0.09251479
0.41643580
0.17522214
0.05750912
0.02814066
0.07713940
-0.13419340
0.16719971
-0.28498759
-0.15658323
0.12545344
-0.09761900
0.03453638
-0.05525429
0.25126158
0.18533067
-0.04961471
0.07651194
-0.07574316
-0.06808390
-0.05636220
0.05692219
-0.26390221
-0.29962626
0.05099246
0.06301403
-0.00769314
0.19408910
0.04215905
0.10522628
-0.05463917
0.29749654
0.21424921
0.28259656
-0.12654199
-0.26848258
0.46124466
-0.07289183
-0.16076718
0.07844311
0.07894800
0.20942218
0.17156379
-0.10578556
0.00604005
-0.06103825
0.02043800
0.15614154
0.13369888
0.11838753
-0.18408583
-0.18156188
-0.27129500
-0.15046051
-0.17917793
-0.19625065
0.25732938
0.20640380
0.19381933
0.03796324
-0.42747800
-0.35146001
-0.03106388
0.13141069
0.09172486
0.27255267
0.09370346
-0.25508555
-0.04333226
-0.02665101
-0.15360190
0.00693996
0.01639826
0.27208662
-0.25547936
0.05053439
-0.08950251
-0.27685835
0.08265657
-0.18790622
0.00311935
-0.32710781
-0.10409707
0.22087542
-0.11408856
-0.05130989
-0.24995809
0.09021068
-0.01563788
0.05962923
-0.09832423
-0.21814805
-0.06744601
-0.19018672
-0.17003210
-0.21113680
-0.15165913
0.31377873
-0.32270154
0.12159927
0.44377589
0.11311412
-0.12321971
-0.29455564
-0.11034322
0.08921230
0.09423092
-0.19059011
-0.04268217
-0.12625008
-0.02252889
-0.05276895
0.01067598
0.32739386
0.12284513
-0.17779444
0.00678228
0.21345339
-0.00088145
0.28399696
-0.13806889
0.21926991
-0.16363583
0.01562561
0.09949584
-0.00283610
-0.02192716
0.07203092
-0.14023500
-0.21417940
-0.10352886
0.24459647
0.08826492
0.19342844
-0.03425994
-0.40643481
-0.17205717
0.06551229
-0.27264105
0.02736564
-0.08537589
-0.17328483
-0.05138578
-0.10593706
-0.26196792
-0.21126142
-0.13566832
0.17191812
-0.12387729
0.15645503
0.29385957
-0.00185112
0.10899059
0.05104155
-0.18304212
0.11261094
0.26538904
0.55240671
0.10414189
0.05780473
-0.14637630
0.17162712
0.10245208
-0.16076042
-0.02933443
-0.41218292
0.17697930
-0.20459966
0.11584110
-0.22836504
0.21217752
-0.05998904
-0.13550801
0.33677301
-0.00986014
0.27830442
0.06489581
0.04075293
-0.14658165
-0.14430408
0.25813683
-0.16837751
-0.27125503
-0.62795368
0.03253695
0.19623689
0.10645882
0.26287208
-0.03648647
0.32056420
-0.00042988
-0.16376531
-0.04274271
-0.05557322
0.09513441
-0.08094446
0.19123980
-0.05943150
-0.02438945
0.12249450
-0.20798182
-0.14564380
-0.12113038
-0.05118581
-0.25002680
-0.24494121
-0.01121879
0.07912320
-0.03597373
-0.16059496
-0.18434909
-0.31232451
-0.12610958
-0.55525355
-0.11702958
0.20451851
-0.18724408
-0.10934236
-0.11188368
0.10560048
-0.09424254
0.22543879
-0.12454038
-0.13889637
0.09836569
-0.25019602
0.01387502
-0.21100725
-0.10444089
0.00066394
0.08391696
0.11255854
-0.26675785
-0.00008617
0.04151212
0.00654247
-0.07092094
0.13672402
0.16428207
0.22875421
-0.05273967
0.05979594
0.14460296
-0.27843882
0.14383224
-0.00255999
0.11468698
-0.13231849
0.10301800
-0.08510367
-0.29742683
-0.12093026
-0.17541837
0.09815179
-0.17837056
-0.19885502
-0.13774619
-0.06230887
0.02322545
-0.19347017
0.13919852
0.25326724
0.00392975
0.03871076
-0.15657526
0.08334228
0.03532662
-0.08835395
0.11417474
0.08575018
-0.08683765
-0.25291286
0.00344155
-0.19437152
-0.10820183
-0.31032604
0.21380925
0.09077038
0.30954782
-0.10890528
-0.07619016
0.02073778
-0.04243853
-0.02685678
-0.07829960
-0.08817921
-0.10196147
0.20635349
0.14106230
0.03908031
-0.12240026
-0.10994543
0.09934787
-0.09607039
0.04305723
-0.19479887
0.19295978
0.06951376
-0.02033214
0.11801334
0.05252940
-0.05343709
-0.11245088
-0.04386360
-0.10984136
0.21740622
-0.08594470
-0.09042510
-0.15627216
0.24203790
0.04130144
-0.11193247
-0.11384592
-0.26658806
-0.04543261
0.15593115
0.08458923
-0.08195313
0.10574346
-0.09157782
0.15345022
-0.12008815
0.03461764
0.03928066
0.20301919
-0.06514778
-0.04465000
-0.11218832
0.23095143
-0.11620737
-0.11983113
-0.00369231
0.08406241
-0.14456334
0.16291437
0.08823253
0.22052339
-0.06373170
-0.05535736
-0.13232336
-0.13406361
0.13728847
0.41086170
-0.03161964
0.09698199
-0.32206003
0.17714369
-0.07789254
0.15411172
-0.32805403
0.13789795
-0.01459931
-0.05686584
0.10697978
0.07860938
-0.19561318
0.03067831
0.24389977
-0.23710607
-0.01076892
-0.49871479
-0.24626972
-0.11703617
0.16019375
0.03349964
-0.39371311
-0.09860374
0.24860517
-0.32734324
-0.29056432
0.13377964
0.06396287
-0.25048784
-0.04230051
-0.39263958
-0.29438581
-0.01059336
-0.11574852
-0.23068794
-0.22543876
0.20392112
0.13493035
0.13016823
-0.15752191
0.29687511
-0.09925411
-0.07598509
0.08891984
0.13274411
0.12669674
0.09387484
-0.22300731
0.03253377
-0.03232661
0.27551069
0.03334999
-0.08672380
-0.08014227
-0.05886648
0.04361080
0.14689803
-0.19241567
0.13795508
-0.50902073
-0.21664784
-0.12494652
-0.18785076
-0.12619039
0.10980016
0.04273130
-0.32189778
-0.16390695
-0.06895670
0.24142011
-0.15960062
0.28708339
0.08655829
-0.06641054
-0.00971848
0.04524147
0.12395514
-0.28553579
0.08538350
0.18701503
0.29745590
-0.06566656
0.01879704
0.05171968
-0.39324673
-0.09895255
0.26423015
-0.13306393
-0.13792719
0.27407024
0.12501180
0.40863795
-0.25965038
0.21873863
0.10057741
0.11088663
0.09406979
-0.13755440
-0.04085068
0.09840304
-0.15351503
-0.18066125
0.23376209
-0.23802083
-0.24803439
-0.06268595
-0.21006983
0.24800440
0.03793885
-0.06105034
-0.00177673
-0.04286810
-0.30057866
0.11293284
0.06072079
0.02234315
-0.30851622
-0.27514515
-0.16314801
0.01062357
-0.01013591
-0.05632753
-0.00484574
-0.07432475
-0.13990969
0.03885223
0.23994538
-0.25172204
-0.42529035
-0.05798384
-0.11763133
0.13463394
0.07315120
-0.39208540
-0.01137031
0.00974917
-0.19504213
-0.10411370
0.11334029
-0.01497753
0.03279325
-0.17654219
0.05623639
-0.03470901
0.07595752
-0.32422813
0.05576842
-0.05809712
-0.26440899
-0.14178513
-0.01759676
-0.13091246
-0.25925601
0.05345631
0.08324429
0.09691396
-0.03586132
-0.31246439
-0.14738827
0.12033431
-0.19931082
-0.11738073
-0.04489706
0.05208242
0.00449475
0.11159807
-0.00136937
0.08128657
-0.14638311
-0.09040175
0.07137315
-0.12081563
-0.30185725
-0.00207883
0.16528920
0.18378910
-0.06119833
-0.04273365
-0.05216814
0.17034085
-0.22752302
0.20843459
-0.18895920
-0.09655210
0.10155985
0.19484252
-0.18456379
-0.39451713
0.00258432
-0.07412870
0.07501559
0.30316423
0.00952324
-0.08898265
0.09884945
0.10567162
-0.18538136
-0.47457289
0.14348784
-0.28555681
0.16415669
-0.14858027
0.00630784
0.04122309
0.05458670
0.01387509
0.17905123
0.11970709
0.08285111
0.12638204
-0.05114440
-0.16880665
-0.20607518
0.27817129
0.04824271
-0.21630683
0.11028995
0.01821513
-0.03794683
0.27743533
0.01313996
-0.04295973
0.46314062
-0.05179218
0.08898918
0.06458841
0.04493478
-0.17188637
-0.15055972
0.07993716
0.13812452
-0.11038099
-0.29810384
-0.11301792
0.34935515
0.07509314
-0.04295946
0.38132269
0.16762769
0.05520772
0.25602291
-0.12177829
0.23499240
-0.12384703
-0.06107639
0.09027591
0.04837531
0.22306004
0.02506168
-0.25793028
-0.07569144
0.17008355
0.09266815
0.20306929
0.11599336
-0.31438494
-0.15908545
-0.21373933
0.25423074
-0.19143061
0.19502806
0.06837119
-0.20168740
-0.20519616
0.17128754
-0.10534856
0.38830329
-0.01746123
0.10530694
-0.01841591
-0.23812312
-0.10073652
-0.28466493
0.08562016
-0.03126408
-0.03759321
0.06039043
0.16653869
-0.12904706
0.31332908
0.10861858
0.13514297
-0.10329301
0.08826090
-0.24028274
-0.16236670
-0.35864610
-0.03268597
-0.14672530
-0.13824964
-0.22071086
0.35654877
-0.10377692
0.28418386
-0.03294712
0.20834524
0.14788437
0.12326785
-0.11938087
-0.06376670
-0.03819220
0.08552494
-0.00311747
-0.04158872
0.06397336
0.14748200
0.16848979
0.04103078
-0.10834181
-0.08798396
-0.11057825
0.07229955
0.09649336
-0.02349559
-0.02688994
-0.09215727
-0.09873345
0.00273625
0.01618078
0.04846547
-0.01819130
-0.21734020
-0.10392278
0.24024199
0.02860153
0.11783276
-0.14391475
-0.20345652
-0.23951238
-0.01585605
-0.06956096
-0.31663081
0.35917429
-0.36785932
0.18268325
0.02680780
0.20230611
-0.37154415
0.17009528
0.17871288
-0.07470382
-0.06750683
0.03342704
0.03179437
-0.05437144
-0.19538483
0.29666218
0.09424990
-0.36601717
0.11380927
-0.22277774
-0.03703281
0.12879136
-0.15298292
0.24585876
0.32275847
0.10010566
-0.07851032
0.14486438
-0.25609168
-0.18161884
0.20573111
0.07487210
-0.24239853
0.46003578
-0.12565287
-0.09650926
0.02664108
-0.31764374
-0.21069705
-0.13591412
-0.06098313
0.00120205
-0.05277690
-0.08212954
-0.43494372
-0.25960288
0.42607553
0.23620663
-0.04653548
-0.04728393
-0.08900620
-0.11838716
-0.02515579
-0.26960058
-0.24109302
-0.01905600
-0.26282532
0.06327246
-0.02642718
-0.19544987
-0.13256871
-0.27908104
0.04459550
-0.26225977
0.03236169
-0.12291546
-0.17219219
0.02471826
0.28316991
-0.03165103
0.25227678
0.23544358
0.35895494
0.21652535
0.23784321
0.26495255
-0.24122894
-0.49795361
0.06138383
0.06329839
-0.05261749
0.18035667
-0.03308546
-0.05302353
-0.03499494
0.20531298
0.19861086
-0.09407039
0.08943853
0.22800923
0.13138513
-0.22341726
0.08992521
0.04919652
-0.02734458
0.06511096
-0.00810205
0.03322217
-0.17431236
0.23542712
-0.05411477
-0.51306844
-0.19899938
0.12102293
0.16872579
-0.06289325
-0.34166891
0.12831302
-0.03181841
-0.06212233
-0.11505434
-0.19984544
0.37398840
-0.42228639
-0.10978965
-0.27857494
-0.06996831
-0.08023229
-0.25813521
0.08112869
0.21491473
-0.03590771
0.27911946
0.04270561
-0.29277025
-0.36541880
0.07868108
0.17561094
-0.10101635
-0.10448080
0.33283843
0.14503674
-0.46386197
0.14575274
0.13339840
0.12976123
-0.64260149
0.28376353
-0.28392840
-0.24113349
-0.20930394
0.47458875
0.10934536
-0.26612009
0.13992738
0.30549398
0.23144777
-0.22449259
-0.13547198
0.03273350
-0.00236565
0.00369735
-0.06189123
-0.16974448
-0.27652097
-0.02595365
0.17008269
-0.22892297
-0.00912678
0.04699509
0.05020509
0.22717501
-0.11345657
-0.25332900
0.01230959
-0.09307367
-0.11166973
0.32857982
0.07784076
0.15198224
0.16478072
-0.13764636
-0.07151406
-0.07234190
-0.09945575
0.17158244
0.07373512
0.28910427
0.23948564
0.18439121
0.26195900
0.16706928
-0.06567704
0.04787708
