0.05213032
-0.08650578
0.03006056
-0.13897477
-0.03763500
-0.14345758
-0.03749782
-0.00210300
0.04542833
0.04892701
0.01397837
-0.02181919
-0.05285518
-0.09124104
0.04600874
-0.04622792
0.01094007
0.04566636
0.00104923
0.01121078
0.14321761
0.02999260
0.02009406
-0.06516265
0.08587217
0.00307168
0.02441085
-0.07748051
-0.07966240
-0.07070346
-0.05538317
0.02813412
0.04870128
-0.05214207
0.02529439
-0.04350279
-0.14094664
0.03529656
-0.13832020
-0.00432183
0.04192278
0.12905781
0.08353020
-0.03410533
-0.02823328
-0.01665125
0.04824429
-0.10506813
0.07495851
-0.01195901
0.04052623
0.01540505
0.00091685
0.07952363
0.05262985
-0.00899724
-0.08071137
-0.00553172
-0.02070167
0.03640711
-0.12268101
-0.01547405
0.05437507
0.01020633
-0.07039606
0.00912629
0.04624855
0.04222983
0.08241635
-0.03124995
-0.03400763
-0.09153793
0.07598174
-0.07980880
-0.03790624
0.02481658
-0.03232198
-0.04201109
-0.04826879
0.02606827
-0.05232954
-0.05789743
-0.06616623
-0.06211742
-0.03726815
-0.10867554
-0.09305475
0.02445151
0.01434320
0.03092284
0.01218173
-0.07874314
0.02494605
0.03092891
-0.05480213
-0.02194705
0.01412279
-0.18937876
-0.06535360
-0.03146008
-0.13889936
0.21594850
-0.00247915
0.03859707
0.02098862
-0.05939559
0.00738400
0.01780741
-0.04187075
-0.05629011
0.04986813
-0.01561073
0.11970805
0.06379641
-0.05914518
-0.04272807
-0.04303997
0.08187433
0.01228261
0.03716057
0.06799199
-0.00485843
0.03652964
-0.09406811
-0.00477702
-0.04673582
0.03148673
0.01516295
-0.06376173
-0.00838593
0.10530154
0.00032987
0.00418372
0.02430463
0.00111060
0.10649285
-0.01798505
0.03587961
-0.03599813
-0.03593916
0.00790646
-0.06700584
-0.01634972
0.02443313
0.12380888
0.08281992
0.14241781
-0.00594712
0.06666819
-0.06773290
-0.04490354
-0.03920721
-0.01162581
-0.00732973
0.04615300
-0.01981889
0.01894154
-0.01735956
-0.12429203
0.04417933
-0.07146703
-0.14438563
0.02025623
0.06883053
0.00300541
-0.06475778
-0.02168108
-0.09014855
0.11470254
-0.02077996
-0.04356652
-0.04152469
-0.05182578
-0.09558445
-0.09056306
-0.06521538
0.05518129
-0.03807300
-0.06903364
0.10630810
0.12273441
-0.03763982
-0.05490820
0.10323580
-0.03589950
0.02511740
0.02499458
-0.03302614
0.06320516
0.01435455
-0.07487391
0.00505335
-0.01471084
0.00017178
0.01485072
0.01188190
0.05505344
0.03100263
-0.01858621
-0.05690488
0.06323278
-0.03651389
0.03527285
-0.04543076
-0.01987795
0.00380501
0.01195032
-0.05722122
-0.03678110
-0.05229410
0.02882368
-0.00877845
-0.01712982
-0.00691039
-0.05524377
-0.02016727
0.01026379
-0.01323668
-0.00772814
0.10438131
0.01478934
-0.01222023
0.00130910
0.02406768
-0.06299335
0.00408908
0.02400393
0.07280476
0.00674116
0.03095860
-0.02511464
-0.00242400
0.04045913
0.01405468
0.01089513
-0.00539917
-0.12158829
0.01523949
-0.06126544
0.01300629
0.03171596
-0.08338836
0.00577057
-0.03478321
-0.01069818
-0.00787950
0.01229686
-0.04012606
-0.08107523
-0.06245860
0.01968639
0.08811374
-0.00132087
-0.07672964
0.00837284
-0.02935779
-0.03760777
0.02357947
0.05595565
0.04448793
-0.06100848
-0.01218796
-0.03795811
0.13562222
0.01440390
-0.03806625
0.01275810
0.04638652
-0.02664371
0.07480229
-0.04131953
-0.01083944
-0.02905254
-0.06497961
0.00260873
-0.04594462
0.12641941
-0.09071043
0.05990996
0.06094461
-0.03583065
0.03421314
0.02827739
-0.02855476
-0.12383692
0.06672226
0.04445441
0.00798059
-0.02913525
0.13505077
-0.03517901
0.05913633
0.13176135
-0.00936344
0.00100866
0.06230174
-0.01342764
0.04453938
0.05333135
0.01743779
-0.00406777
-0.04101134
0.07342041
0.03166823
0.02398673
-0.01572303
0.02534584
0.01536259
-0.04272445
-0.05068846
0.05541665
-0.01243575
-0.17821898
-0.02319062
0.02064995
0.07261564
0.03069942
0.03382565
0.00489285
0.04707460
0.05901596
0.03500681
0.07615993
-0.00674638
-0.08773408
-0.04357827
-0.05637377
0.10234223
0.07022212
-0.03258070
-0.05798594
-0.02185003
-0.02256703
0.07940465
-0.10845816
-0.01311792
-0.02424745
0.00162129
-0.06640467
-0.01819373
0.06761268
-0.02958276
-0.01121295
-0.01235132
-0.10448314
0.06965641
-0.02933554
-0.01131214
-0.03931242
0.04522336
0.00378858
0.00982218
-0.09038819
-0.07479648
-0.01903724
0.03655504
0.01708266
0.02741452
-0.06852560
0.11530809
-0.07081052
-0.03918616
-0.00319329
-0.01652951
0.03577521
-0.02404620
0.01444080
-0.09602631
-0.04041804
-0.06185212
0.00414517
0.11686781
-0.13682890
-0.05983788
-0.00409132
-0.00936639
0.05711469
0.09355533
0.12845411
0.02069284
-0.05626598
-0.13761154
0.04530345
-0.05177266
0.08571765
0.02797582
0.08293916
0.07265272
0.01506165
0.00844059
-0.05265486
0.00763132
0.00079955
0.04245246
0.08995650
0.07020102
0.00869528
-0.07674405
0.05730158
-0.03451722
0.09771699
-0.03139420
-0.03282193
0.01561162
-0.00543999
0.04429584
0.05041358
-0.11979245
0.09099496
0.04680206
-0.04369582
-0.14382166
0.12323048
-0.01075755
-0.03977120
0.02076385
-0.00527946
-0.01495843
0.19544823
0.01904840
0.05967817
0.05707805
-0.01811018
0.03276768
0.04589183
-0.00690576
0.10563317
0.11237581
-0.07707928
-0.10017385
-0.02826267
-0.03431139
-0.09227470
0.01356810
0.03398368
0.04515497
-0.00301280
0.06999218
-0.02950503
-0.04576291
0.05326186
-0.05623656
0.00077032
-0.03660789
0.10425238
-0.04661637
0.03045556
-0.02413322
0.02668129
-0.05772735
0.06456953
0.01944305
-0.06980802
-0.02981128
0.04810634
-0.09174367
-0.05214947
0.00110494
-0.10861174
-0.03179247
0.04945165
0.02683149
0.06993167
0.02515114
0.15908866
-0.05804139
0.01908141
0.05139291
0.01438895
0.10510296
-0.10308264
0.01067404
-0.04838676
-0.10331530
-0.01399255
-0.02523388
0.08306013
-0.07309838
-0.06376972
-0.02648174
0.01956513
0.05620730
-0.10855185
0.03201916
-0.09269914
0.01504091
0.06265481
-0.06871185
0.04599052
0.11090042
0.05596243
0.07441262
0.04502138
0.04846795
0.07932958
0.07261915
-0.14148602
0.05116970
-0.07858620
0.07106434
-0.07208300
-0.09874146
-0.05034646
-0.01728736
0.12249824
-0.01235647
0.06714786
-0.01155570
-0.02048152
-0.14803940
-0.06965932
0.00960921
0.00135079
-0.02521386
-0.07844111
-0.01601488
0.03025560
0.01006232
-0.07956944
0.04860446
-0.13096316
-0.04240246
0.07362688
0.06246256
0.09360690
0.04761812
0.06231864
0.03141121
0.09182169
-0.08830204
-0.07923647
-0.00142528
-0.04024857
-0.00617240
0.09153066
-0.07665673
0.03984590
-0.04569620
0.01891061
0.06098401
-0.01569761
-0.04875296
-0.08664588
0.03197626
-0.00731637
0.03300943
0.06904892
0.03841426
-0.13514560
0.01692677
0.03006717
0.04231706
0.12741561
-0.00847956
-0.05617972
0.03132497
0.04909236
0.01238843
-0.03959727
0.07732064
-0.01319032
0.01350466
0.01859255
0.12301283
-0.09000684
-0.08796627
0.01955386
0.10545372
0.08306992
-0.03841332
0.03209112
-0.17445746
0.00913343
-0.07310434
-0.02434178
-0.01690282
-0.06844321
0.04752571
0.05729084
-0.13615871
-0.00025556
0.03402124
0.06251201
0.02017625
-0.00140477
-0.04524512
0.04710197
-0.00592203
-0.01193944
-0.02115438
0.06394032
0.08194521
0.10689454
0.11424387
0.02503199
0.00995096
0.11393048
0.01876425
-0.08254099
-0.03036463
-0.00051742
0.03978187
-0.16251985
0.01795191
-0.01478041
-0.00479468
-0.04490610
-0.07425930
-0.06665497
-0.05109062
0.12738954
-0.01796036
-0.17313144
0.01017099
0.02706549
0.00044269
-0.02324281
-0.00014166
-0.02606284
0.07405610
0.02483346
0.01060803
0.04732136
-0.02257433
-0.03308572
0.03808479
0.04514696
0.09571860
-0.08270636
0.05519527
0.02032999
-0.00308330
0.03396786
-0.05992725
-0.00817194
0.00264278
0.02993183
-0.01296874
0.06068950
-0.00847843
0.11063525
-0.04288837
0.04334773
-0.10407120
-0.00662233
0.02823193
0.06450431
0.04060404
0.03619666
-0.01898126
-0.10752544
0.07408188
0.04600914
0.18279633
0.03303282
0.02332306
-0.02459810
0.06950430
-0.04900489
0.00446164
0.00405501
-0.14586108
-0.02819975
0.07499653
-0.02610647
0.08692519
0.03802478
0.05710946
-0.08123043
0.08573194
-0.03442238
0.00646720
0.13327116
0.05814768
-0.03309277
-0.03546191
-0.02576550
0.01908826
-0.01524772
-0.04682302
0.02656480
0.00413036
0.10476450
-0.01588770
-0.05156944
0.03906213
-0.07429129
0.01986259
-0.00720421
0.05968894
0.01583008
0.09048470
0.04007515
0.01010151
0.12912904
-0.11334207
0.06840069
0.08608983
0.00780176
0.08573833
0.02419590
-0.16291255
0.00173852
-0.08033316
-0.01293632
0.06033162
-0.01172711
-0.05796169
0.04923615
-0.01941776
0.04350192
0.07136451
-0.08062503
0.02730973
0.08924488
0.02954489
-0.10590184
0.05484853
-0.10663865
0.01247414
-0.01040802
-0.12955700
-0.02604641
-0.04433420
0.10641279
-0.13525836
-0.08035430
-0.12756281
0.01692364
-0.09239054
-0.07506956
-0.07742200
0.05688838
-0.02050572
-0.05304303
-0.09342928
0.12045819
0.05411317
-0.04255386
0.03753063
-0.13754737
0.04880743
-0.02062637
0.04000576
-0.06467983
0.02035946
0.01802842
-0.02982626
0.10970393
0.10173093
0.02420502
0.03768851
-0.06315753
-0.04742742
0.05163965
0.12461600
-0.05513368
-0.07861097
0.04896359
-0.04764486
-0.00956342
0.02084958
-0.07686873
-0.01668569
0.14832610
-0.04198162
0.00942940
-0.00357836
-0.06053008
-0.02402358
-0.01245509
0.03097337
-0.04875883
0.00004563
-0.00902641
0.00733664
0.14813868
-0.05689113
0.00662507
-0.04004907
0.03710765
0.07273381
-0.01758460
0.02623760
0.08810127
-0.02484997
-0.02573318
0.08828838
-0.05476492
-0.09032409
-0.01223100
0.00650656
-0.02680910
-0.08732067
-0.00329269
-0.05144329
-0.05998014
0.08893741
-0.00138124
0.07376391
0.01935382
0.01720222
0.02677897
-0.14453169
-0.09324518
-0.04425335
0.03123452
0.00843691
0.01698214
-0.10071497
-0.01775635
-0.06272903
-0.07797408
0.07918954
-0.01331063
0.04031684
-0.02675974
0.13826336
-0.03683455
0.05938715
-0.09830961
-0.01825558
-0.01718108
-0.08106654
-0.04580607
-0.07985100
-0.01719975
-0.05137583
-0.00933960
0.04273530
0.01536686
-0.18319465
0.07009096
0.05594426
-0.04527538
0.04474490
-0.00969457
0.07722146
0.14730630
0.11908016
-0.02169208
0.07473850
0.09425815
0.03015504
0.02487423
-0.02835825
0.06695534
-0.09711274
-0.00810798
0.02392636
-0.02397432
0.04114346
0.14944485
0.04525872
-0.06897287
0.03978755
0.02855479
-0.01858822
-0.02125575
-0.00751648
-0.02419175
0.04462424
-0.06440115
-0.02905983
0.05230497
0.09706803
0.04872008
0.00663371
-0.08087345
-0.02900420
-0.01359692
-0.04319605
0.01877342
-0.02937552
0.05511898
0.07305136
-0.14440096
0.00500142
-0.13191342
0.05333185
0.01218040
-0.07408290
0.01130956
-0.03781117
-0.04828907
0.00735659
-0.03156823
-0.00815638
0.01088548
-0.14261836
0.04033163
0.10174930
-0.02629286
0.05043583
0.04600922
0.05052259
-0.10740420
0.01562489
0.10825469
0.03432894
0.08933882
-0.08140516
0.14112471
0.04669086
0.07472409
0.00424779
0.07251135
0.03881488
0.07416025
-0.03075723
-0.04429051
0.02983946
-0.01362817
0.09556723
-0.02303717
-0.01300154
-0.11607115
0.11780325
-0.00307010
0.04489101
0.02909888
-0.01645001
0.06339576
0.05656305
0.06280678
-0.05185686
-0.04318933
-0.09944845
-0.01349901
-0.00724468
-0.06244596
-0.11747607
-0.08392521
0.07155776
0.00565569
0.08051675
0.01123110
0.04543088
-0.17375632
-0.06634199
0.04621751
0.03721424
-0.06245538
-0.00412702
-0.02969335
-0.00349429
0.06792242
0.07963691
0.00005724
-0.00917350
0.11463521
0.03226464
0.00951112
-0.00264747
0.04218152
0.06927334
0.06106094
-0.07540909
-0.04616903
0.10857503
-0.09650677
0.07935039
-0.02492583
-0.10239310
0.07452902
-0.05366349
0.05173393
0.05420367
0.09768209
-0.05276526
-0.02463430
-0.00616482
-0.05673563
0.01087733
-0.00341526
0.01927956
0.03679457
-0.01227579
-0.01813704
-0.05217363
-0.08984228
0.03713656
0.09612294
0.07046044
-0.03888012
-0.04827631
-0.01352671
0.06978468
0.10932741
0.05452578
0.07254520
0.02326253
-0.00375751
0.07820664
0.13027498
0.01028264
0.02598641
0.07080954
-0.09833793
-0.01602973
-0.13315766
-0.07595579
-0.01405504
0.04397679
0.04864075
-0.02041682
0.00668784
0.08760795
-0.00699980
-0.03892868
0.05342440
-0.13334336
-0.06406393
-0.04144545
-0.03169025
0.08448474
-0.07547560
-0.06995286
-0.11104049
-0.06035971
-0.03257679
-0.02263997
0.11000759
-0.07003110
0.01651702
0.07710463
0.13254765
0.07333946
0.09292655
0.07091261
-0.01458929
0.00470447
0.04423794
-0.17758558
0.00760376
-0.09761157
0.05658340
0.04045448
0.06191717
0.02482631
0.11878252
0.00276908
0.09772613
-0.05166003
0.05218049
-0.03745441
0.05670549
0.06357596
-0.04295015
0.02057892
-0.07998650
0.10596411
-0.00480870
-0.14769567
0.07100141
0.03451793
-0.00032907
0.07916655
-0.04901325
-0.00716314
-0.01879759
0.06771296
0.06530903
0.00818559
0.23183857
-0.03204738
-0.10519193
0.03709494
0.02172595
-0.13677853
-0.03807882
-0.01775538
-0.05595217
-0.18924433
-0.08972451
0.04425283
0.04092286
-0.08203376
-0.01747740
-0.07991138
-0.01693195
-0.06803240
-0.03070615
0.06367303
-0.01406808
-0.11270151
-0.06594607
-0.05676972
-0.00151383
0.07590728
-0.13594996
0.11311110
0.04591152
0.01528498
0.04226617
-0.07589223
0.02690717
0.12965032
-0.06802604
0.02391975
0.03043009
-0.05713778
-0.04142531
0.04270052
-0.02331288
0.07855919
0.06789284
-0.11579192
-0.00321874
0.05843594
0.13017458
0.01524501
0.02979026
0.01541626
0.02576355
-0.10567775
-0.03234435
0.08807857
0.04273680
0.05331580
-0.08280333
0.07499456
0.00306298
0.02605531
0.12821324
0.06502418
0.08190874
-0.00547523
0.03705240
-0.03547662
0.09798228
0.04425495
0.04418330
0.00063463
0.00448289
0.05533919
-0.06001906
0.00850501
0.06512765
0.04712877
-0.05646129
0.04267316
0.06105860
-0.11705623
0.13021804
0.11079060
-0.05566030
-0.06986323
-0.12599054
0.00627235
-0.20361996
-0.11388999
-0.08472604
-0.05125086
-0.10132238
0.00219827
-0.07886953
-0.01258569
-0.05100240
-0.05270512
0.02321132
0.00686020
-0.05852108
-0.01388769
-0.08458405
-0.04933771
-0.07205083
-0.03594238
-0.01216886
-0.04907125
-0.00213107
0.14984737
-0.02926726
0.06893476
0.02001871
0.02681245
0.07746325
0.02685554
0.00226419
0.14750553
0.05436480
0.07492202
-0.06720453
0.02593889
0.05959069
0.01256288
0.03493172
0.07062900
0.08844559
0.03644716
0.11735626
0.11045067
0.11127652
0.06191568
0.00646668
0.14838233
-0.04375624
0.00955071
0.05279589
0.03257412
0.09533900
-0.03624857
0.02553092
0.03559956
-0.03408491
0.03969939
0.09000690
-0.01137423
-0.08740758
0.07859642
0.04091873
0.12209422
0.09509220
0.01101301
-0.00016374
0.02662717
-0.11909799
-0.01004054
0.02105600
-0.15116113
0.00193324
-0.08668313
-0.21711892
-0.25344137
-0.13909826
-0.16845280
-0.23580475
-0.21876134
-0.26318948
-0.26538064
-0.36264167
-0.24554392
-0.22808198
-0.22300547
-0.27927714
-0.19787839
-0.20195608
-0.13732789
-0.04393936
-0.04797025
-0.07093280
-0.04161688
0.04111741
0.13982918
0.12786862
0.16603791
0.31010382
0.45938986
0.49216398
0.44904366
0.45147609
0.52216605
0.42479607
0.53340551
0.43525918
0.40514796
0.43859255
0.49798829
0.36918772
0.27969331
0.27598252
0.22186445
0.20744490
0.09752865
0.06424462
-0.10934100
-0.06842198
-0.14950668
-0.11164179
-0.27890042
-0.11925224
-0.32910121
-0.17431202
-0.27126400
-0.28721548
-0.25923250
-0.29206981
-0.23603682
-0.25461621
-0.19622785
-0.33251694
-0.11550602
-0.29203715
-0.22994695
-0.11183464
-0.12083556
0.06671682
-0.01655253
-0.09557271
-0.04273080
-0.11567324
0.06559288
0.07785251
0.02392680
0.15643818
0.07794380
-0.04105573
-0.04764057
0.08637513
0.07214102
0.01190386
0.09957819
0.02840597
0.13504456
-0.04021205
0.00516361
0.05541664
0.01915651
0.03391382
0.13054223
0.03080368
-0.01036849
0.10666831
0.06314751
-0.08052004
0.02055889
0.04470536
-0.02774802
0.02549793
0.06131332
0.09623579
-0.03783953
-0.09988582
0.05209319
0.01777394
-0.00738040
-0.07255755
-0.03991642
-0.07173446
0.08146389
-0.06195121
-0.02890956
-0.03893294
0.02770501
-0.02481541
-0.07186857
-0.03541047
0.07697393
-0.03416237
-0.05036502
-0.00537434
-0.01233023
-0.04326736
0.02379555
-0.00639117
0.00366021
0.07103059
0.02226944
-0.10282660
0.04537774
0.01028219
0.09956740
-0.16531368
-0.00718700
-0.02020361
-0.05993621
-0.11626352
-0.01242301
-0.06637034
0.02971487
-0.01402588
-0.04261981
-0.05588222
-0.16494644
-0.07979559
0.01201163
-0.10215983
-0.10093693
-0.06220781
-0.02373244
-0.11091157
-0.17256975
-0.11512410
-0.12872922
-0.07664111
-0.00870173
0.01833748
-0.14925068
-0.00650278
0.00652054
0.03123469
0.19797772
0.07782791
0.12199675
0.15934963
0.16189863
0.20939181
0.22959856
0.15940644
0.25824339
0.40320861
0.31680248
0.31387853
0.40955622
0.32688527
0.27696742
0.25559706
0.16981540
0.24683323
0.18753451
0.10618417
0.05882975
0.01947202
-0.06763249
-0.21358750
-0.16947874
-0.33098979
-0.29721171
-0.41995938
-0.33519031
-0.37233910
-0.47241413
-0.53953003
-0.40481358
-0.55051080
-0.59583315
-0.43195909
-0.35540429
-0.34901107
-0.37628547
-0.20634649
-0.22308700
-0.23273562
-0.15267520
-0.06633891
-0.03632159
0.01748212
0.03297039
0.14613817
0.16651351
0.27318871
0.27442848
0.30402968
0.25725632
0.37833408
0.39180742
0.26527375
0.22246555
0.35625159
0.24675203
0.13404072
0.10272775
0.11548819
0.20758162
0.16204790
0.16916122
0.05916966
0.05432641
0.08563730
-0.04261450
0.05883025
0.00202420
-0.07126797
-0.06858335
-0.01698310
-0.01542939
-0.02770479
0.04683958
-0.02880996
0.02753266
0.00889996
-0.11246804
-0.00514218
-0.05663151
-0.06493209
0.05448139
-0.04733445
0.08433534
-0.06778330
-0.04971109
-0.09994788
-0.05396715
-0.05396563
-0.06687174
0.07304041
0.00261695
0.02751047
-0.00403963
0.12757482
-0.00482806
0.03743346
-0.03809673
-0.03320295
0.02784361
0.02982848
-0.00768941
-0.05298489
-0.02272685
-0.02490325
0.02085279
-0.00228411
-0.02832221
-0.00971831
0.01757404
0.12237749
-0.10539386
-0.02605750
-0.01582201
-0.05099849
-0.14215233
0.04502208
0.02209087
-0.08605053
0.06100893
-0.07348986
0.00615202
-0.05175312
-0.08629888
-0.10325113
0.07088264
-0.01159391
0.09568775
0.14213858
0.00125325
0.00851320
-0.02186384
0.02782019
-0.00367864
-0.03299712
-0.01287771
0.06151289
-0.07956927
-0.07139175
0.03677844
0.02141896
0.01793785
-0.05210750
0.02385766
-0.04930386
0.03949840
0.04954636
-0.05462373
0.06937051
-0.02507114
0.05277978
0.05649153
-0.04402482
-0.06824288
0.09457039
0.04095289
-0.04138752
0.02910739
-0.06283686
-0.04038525
0.00470887
0.01007982
0.00180267
-0.03843746
-0.03578285
-0.00496017
-0.05527774
-0.01682247
0.04267772
0.03602293
-0.04385484
0.04915128
-0.07600786
-0.02752081
0.00387680
0.03031727
0.00375656
0.05506879
0.01242073
0.01230185
0.02610630
-0.02347433
-0.07275675
-0.05868023
0.07522429
-0.03214153
-0.09991460
0.05465628
-0.01416006
-0.02167389
0.06324780
0.04472190
-0.01751403
-0.03920878
-0.05492588
0.03661537
-0.03401699
0.01601899
-0.00054435
-0.15509108
-0.03937124
-0.00907652
-0.01188402
-0.08382307
-0.07430743
0.09938387
-0.03564748
-0.02782920
0.02994601
-0.03149627
0.01331778
-0.12997878
-0.02121424
-0.02036467
-0.06878211
-0.11122442
0.04401015
0.08282743
0.01558265
0.11859989
-0.04894598
0.06623210
0.04920964
0.00785211
-0.12655462
0.04225883
0.07603602
-0.00815929
0.04400733
0.00402957
0.00425468
0.01145923
0.01809805
-0.00003324
0.12555105
-0.08466411
0.10900766
-0.10127767
0.05026391
-0.08195987
0.05401931
-0.00376997
0.08107406
0.04703276
0.11115348
0.04944891
0.06083755
0.02271193
-0.00285821
0.11377894
-0.01214911
0.02541882
0.01590026
-0.07654682
0.01930644
0.08662600
-0.04463292
-0.10555217
0.06272252
0.04822977
-0.05916913
0.00576527
0.01848920
0.06387740
0.10566845
0.01471136
0.02827900
-0.00618388
-0.02207444
-0.06484992
-0.08988101
-0.04160606
0.06185114
0.04352640
-0.01030626
-0.01399397
0.01836643
0.03474347
-0.07082408
0.03647413
-0.04268619
0.04177415
0.05061152
0.06848180
0.00124771
0.00701877
-0.04251732
-0.03718869
-0.00255738
0.13133206
0.02010270
-0.13281924
-0.11403135
-0.06746946
-0.06279204
0.00472891
-0.04433828
0.06854009
0.08864040
-0.06983670
0.00083373
0.00260954
0.01225042
0.05197588
-0.07294778
0.03064089
-0.01587971
-0.07237796
0.05133878
0.05319649
0.00800150
-0.05681813
-0.14321753
0.07243769
0.06140237
-0.02215331
0.09719394
-0.05120999
-0.05626809
-0.03221898
0.02952532
-0.00601459
-0.08212458
0.02394130
0.02036173
0.01352601
-0.05862332
-0.00639468
-0.11887098
0.08495831
0.00408783
0.00077744
-0.09292330
0.09849523
0.04180769
0.06149489
0.02974244
-0.01621128
0.02492277
0.06318507
-0.00122904
0.17513624
-0.04747779
0.01331153
-0.03293215
0.03667182
0.01195028
0.00887895
0.06961984
0.06834602
0.02801814
-0.00627221
-0.06504071
0.07111082
0.03942457
0.08084351
0.04055839
0.02520201
-0.05737199
-0.02292416
0.11631768
-0.00821489
-0.09615180
0.01624217
0.05795557
-0.04796873
-0.01636970
0.11382475
-0.00975739
-0.10311272
0.05983472
0.10431676
0.06494311
-0.05010854
0.01774223
0.00458860
0.02830615
-0.10986800
-0.05700781
-0.07970068
0.02026740
-0.09693674
-0.05194491
0.11309933
-0.04612452
-0.01016110
0.07090642
-0.02436238
-0.10276503
-0.01782850
-0.03675688
-0.06517202
-0.00939509
-0.04392143
0.15101016
-0.01563772
-0.00381241
0.02347844
0.06393177
0.02591531
0.17078292
0.02851838
0.14431632
-0.07464302
0.15522141
-0.05201603
-0.03475353
0.00879647
0.02490736
-0.08723836
-0.03866464
-0.06671985
-0.11842239
-0.01672065
-0.02061401
0.06953283
-0.04190043
-0.03581860
-0.11923349
0.04450368
0.03881774
-0.02363803
0.05217926
0.03332737
-0.05574773
0.04980849
-0.07221186
0.02421983
0.04596041
-0.01134175
-0.03191445
0.05294368
0.00399088
-0.04720001
-0.06299499
-0.10125434
0.02229725
-0.02464065
-0.03886071
-0.04732980
-0.04492606
-0.04706845
0.01996772
-0.01351227
-0.06732783
-0.04429243
0.02499195
0.07972950
0.15067849
0.04309918
0.05578519
-0.05163251
-0.05633048
-0.04314466
0.06648402
-0.02588220
0.00506720
0.09944670
-0.01919019
-0.08168536
-0.01155065
0.00528577
0.02212930
0.02815551
-0.00404868
-0.07854042
0.03847089
-0.02891327
0.00948360
-0.04645578
0.10464230
0.03557558
-0.08624206
0.06767965
-0.07381723
-0.00958931
0.02521798
0.03460878
-0.02549558
-0.03479551
0.06798137
0.08952284
-0.06423448
0.06540762
-0.01007630
0.03639303
0.04821919
-0.06596518
-0.00340260
0.03288371
0.03622914
-0.01505186
-0.10087187
0.11213733
0.05067740
-0.13533389
0.04484504
-0.04813665
-0.01253934
-0.00153128
0.08186441
0.07614232
0.00933660
0.06854616
-0.02488217
-0.08921520
0.03677609
-0.00415002
0.00621229
-0.10478242
0.00746900
0.04783183
-0.03108671
-0.01593021
0.00916750
0.09056343
0.04403995
-0.07941995
-0.05939086
0.06310693
0.02178910
-0.02955485
0.03735296
0.11347307
-0.08569986
-0.01010537
0.01230490
0.11645932
0.13801179
-0.00480915
0.05627891
0.03862308
0.06862690
-0.00594648
-0.02610348
0.11861298
0.03813136
0.09143354
0.04190988
-0.02796158
0.04289279
-0.06372278
-0.01300211
0.01697837
-0.01170477
-0.04985955
-0.15405795
-0.04002421
0.02782431
0.12995926
0.10589929
0.00532895
-0.15422235
-0.00740742
-0.03230043
0.04055224
0.11700137
0.11735067
-0.00260217
0.00646018
-0.00334014
0.01776157
0.12391663
-0.05337241
0.04001124
-0.00847534
-0.02126266
-0.06618714
-0.09225572
0.08538739
-0.00599558
0.09948345
-0.01044814
0.02021255
-0.11210907
0.01108614
0.02385530
0.00535606
-0.00972677
-0.00778414
-0.05063228
-0.01021309
0.04694049
0.04590847
0.09156998
-0.03405844
-0.03720906
0.05335234
-0.11104352
0.08488552
0.06576385
-0.10097282
-0.01958495
0.03799971
0.07703001
0.07215725
-0.08609945
0.00040780
-0.05044011
0.01365861
-0.06362176
0.00147011
0.05603340
-0.11322939
0.03224907
-0.06873937
0.00197883
-0.01230616
-0.05524038
0.07392160
0.08636477
-0.10088945
0.02675479
-0.06374610
0.02687496
-0.04459976
-0.07779090
