0.09629576
0.05806884
-0.05162490
-0.02178406
-0.08871198
-0.03704541
-0.09397617
0.01621835
0.00372862
-0.01430143
-0.03452168
0.03240853
-0.09253601
0.06840501
0.04410860
0.01369781
-0.03342529
0.00794308
-0.02358243
0.08809306
-0.01188095
-0.01465807
0.10025504
-0.09620577
-0.00006952
0.12507002
-0.10980329
-0.04793683
0.00751749
-0.08174415
0.02772562
-0.04075525
0.00989719
0.10325759
0.05702974
-0.05502985
-0.00162748
-0.05076781
-0.05482833
0.04352098
0.09282010
0.03856274
-0.02898917
-0.01688712
-0.01995125
-0.07585664
0.04867641
-0.03548735
-0.00668844
-0.05394971
0.02240839
-0.09174809
-0.14206152
0.07141472
-0.04445509
0.08579112
0.02432254
-0.02260402
0.08695165
-0.08461531
0.00105249
0.07974546
-0.04979503
0.00555743
-0.02412701
-0.05968483
-0.02003142
0.07270721
-0.04551066
0.00109337
-0.10698140
-0.08466101
0.03383460
-0.06107712
-0.00380945
-0.01257854
-0.01580226
-0.12294331
0.01666280
-0.08488522
0.05973679
0.05551245
-0.12220186
-0.01163434
0.02120194
-0.05033639
-0.04264719
-0.06633303
0.20532163
0.00261111
0.03349253
-0.03283564
-0.10016533
-0.03122602
0.01940868
-0.08790717
-0.00590839
0.05743683
0.08944031
0.02043374
0.00815939
-0.02219355
0.00141484
-0.01704520
-0.01514497
-0.02298822
0.03395496
0.02068608
-0.02107604
-0.03328423
-0.00835799
-0.08610477
0.06853751
-0.11703888
0.05628814
-0.09000535
0.02687402
-0.01463695
-0.09151745
0.05101708
0.03624050
-0.01329864
-0.03991657
-0.00263631
-0.03067706
0.08842963
-0.05955534
0.07010771
0.06924340
-0.04259269
0.15024112
0.01842771
0.02991556
0.03100387
0.02249360
-0.01897463
-0.01517011
-0.13159626
0.01535403
-0.08199168
-0.02390943
0.10440822
0.01863885
-0.08207691
-0.07802588
-0.04050972
-0.04945347
-0.01617567
0.03145203
0.11845162
0.02889131
0.04837715
0.06406293
-0.00213825
0.02086411
-0.07812240
0.00000650
-0.00005222
-0.15568110
0.11204060
-0.00502779
0.05089630
-0.04856526
-0.01063237
0.10240661
-0.01187698
-0.03401365
0.06341670
-0.03055659
0.05303043
-0.03255940
0.05357864
-0.00785537
0.04714916
-0.04654395
0.01956824
0.00923316
0.00594975
-0.09863732
0.07001151
0.11324683
0.05374205
0.05130817
-0.00060233
-0.02920297
-0.02511893
0.04613014
-0.07470563
0.04748805
0.12494383
0.02214077
0.02164842
0.07708423
0.08659278
-0.08053094
0.04773186
-0.05009986
0.02712412
-0.10000283
0.09804608
-0.00605934
-0.10195002
0.11314667
0.01731242
-0.08309670
0.00066938
0.01283188
-0.02237510
-0.04008220
-0.01748725
-0.08369653
-0.11112258
0.04469160
-0.01986203
-0.15660893
0.08445765
-0.06160689
0.10527312
0.03758943
0.02599808
0.00323716
-0.04501393
-0.05398694
-0.09943476
0.03362793
0.05851011
-0.01067192
-0.04910990
0.03691421
-0.00531513
0.03223088
0.02192995
0.00211193
-0.00541348
-0.09422638
0.03011226
-0.09957195
0.02362382
0.02750413
0.11642123
-0.00794316
0.12852280
-0.07601979
0.01882314
-0.04875178
-0.01863858
-0.06877634
0.05941073
-0.00813366
0.02711903
0.03131983
-0.00241796
0.02782243
-0.02760876
0.02571591
0.06993536
0.04141181
-0.09963162
0.04570183
0.01527976
-0.01196504
-0.03108834
-0.02482996
0.02732165
0.00557693
-0.10718361
0.04452777
-0.01042812
0.13649166
-0.06565341
0.00053301
0.01943044
0.02675292
0.01699425
-0.03916716
-0.06154094
0.01418222
-0.06421838
0.04117124
-0.03645569
0.01042811
-0.01544012
0.05486987
0.02444383
-0.07393794
0.00125309
0.04833585
-0.00922874
0.04643882
0.03918025
0.01389235
-0.10451970
-0.07920007
0.09929697
-0.03794272
0.00042293
-0.10714299
0.05275982
0.15342890
-0.04717874
0.02828745
-0.02934920
-0.03295036
-0.04091540
-0.01334180
-0.02983473
-0.05049692
-0.04078206
-0.06917618
0.03184881
-0.16177906
0.04708032
0.04348911
0.02504281
-0.03348458
-0.06478455
-0.00440653
-0.08010353
-0.19219135
-0.01581827
0.04217298
0.00487583
-0.02457147
0.01028890
0.10050147
0.03660007
0.05472216
-0.00606951
0.06718517
0.05190673
0.07163862
-0.01978867
0.06403719
0.05061731
-0.06517012
-0.07520576
0.01099653
0.05340202
0.02915369
0.04380914
-0.03766967
0.03743425
-0.02604928
0.01236674
-0.15127668
0.09368772
-0.06357010
-0.04435064
-0.03687778
-0.11135355
-0.02513313
0.08953818
0.13810955
-0.06488459
-0.06430767
0.00909019
0.05146791
-0.08717462
-0.08144394
0.09338629
-0.03408228
0.06745294
-0.08314834
-0.04014897
-0.07020320
0.06851469
-0.09496078
-0.00736462
0.03758434
0.03722940
-0.05699661
0.04038440
-0.00088300
0.04893933
0.00419041
0.01514300
-0.06328659
0.01374985
0.02836773
0.04114975
-0.03120003
-0.00842734
-0.00620976
0.01916186
-0.02578997
-0.10423258
-0.07307078
-0.02704705
-0.01445975
-0.01676539
-0.04938450
-0.08226184
-0.03296494
-0.00090504
0.02701578
-0.00712356
-0.01308326
-0.10228377
0.05706226
0.03831130
-0.01677042
-0.09499148
-0.02203763
-0.01503671
-0.03678739
0.00009178
0.00602683
-0.00447098
-0.06293529
0.00376894
-0.06043727
-0.07782499
-0.03364583
-0.02843466
-0.00095461
0.07359568
-0.00391580
-0.00887581
0.10148260
-0.15820033
-0.03557376
0.03281926
-0.03538297
-0.07433468
-0.02346728
0.01926953
-0.06198265
-0.00655105
-0.10520463
0.10831014
0.00158273
-0.02343466
-0.02686684
-0.04583869
0.04767208
0.05615477
-0.06443594
0.06335557
0.05440338
-0.10987292
0.02293764
-0.04889908
-0.01417294
-0.05749465
-0.01924579
0.04442676
-0.02937065
0.04248093
0.04480478
0.07305968
0.05016722
-0.02931966
-0.07219224
-0.14141586
0.09174166
-0.07982908
-0.02520049
-0.04237245
-0.08643255
0.01243687
-0.07319869
0.11085570
0.03204327
-0.05677656
-0.02010136
0.07632168
-0.07637199
0.00804836
0.02434274
-0.06729898
-0.02457925
-0.01449303
0.00309501
-0.06201355
0.17289615
-0.09315421
0.06737964
0.07334313
-0.04406376
0.06529614
0.02407365
-0.08944314
0.00759879
-0.02316874
0.01129088
-0.00312633
0.06063976
-0.04344733
0.01468953
0.01301250
0.00503125
0.05733340
0.20748709
0.04924108
0.03669927
0.08533915
0.00382112
0.04527210
0.01712386
0.04530131
-0.05475819
0.05108236
-0.03882951
0.06357027
-0.03437562
0.05838166
-0.03631651
0.04641450
-0.03894884
0.04702554
0.05752343
-0.04427391
-0.01424317
-0.06410851
0.04664303
-0.01917057
-0.15873117
-0.07329803
0.07919611
0.00152237
0.00645549
0.00821631
-0.01075651
-0.07740533
0.02650360
0.01808619
0.05005286
0.04150892
0.02976319
-0.02441691
-0.03620028
0.05811598
0.00163081
-0.03828278
-0.00137970
-0.02715070
-0.05041128
-0.03775280
-0.09232288
-0.01538518
-0.12601572
0.04880932
-0.00580442
0.04873382
0.05886384
0.03164943
-0.03863889
-0.02725408
-0.01947417
0.06106699
-0.12685721
-0.04534733
-0.00642796
0.03785060
0.03635721
0.12810095
-0.04694122
-0.06187771
0.08992786
-0.02179202
0.05081003
-0.12696018
0.10950747
0.00018631
0.00500969
-0.03352712
0.11633136
0.00848204
-0.00201848
-0.08780691
0.01995667
-0.02695293
0.03568525
-0.08145322
-0.03603277
-0.02998370
-0.09916307
0.00562389
0.05158159
-0.01045584
-0.09814992
-0.05067845
-0.11627281
0.00613476
0.14286431
-0.03548022
-0.01497346
-0.05375290
-0.02866656
0.00867339
-0.02916522
-0.05766166
-0.10602284
0.06711314
0.00308673
0.07130822
0.04657300
-0.08901183
-0.07538515
-0.07267388
-0.11846070
-0.01469935
0.08073760
-0.03262446
0.04072278
-0.03621561
0.03930313
-0.08327181
-0.00298787
0.00199203
0.05236409
0.01578664
0.01025886
0.09940550
-0.01512012
0.02455047
-0.02192774
-0.09653698
0.02576471
0.03939878
0.02926684
0.01344694
-0.03189836
-0.02355124
0.01992156
-0.05273225
-0.04741217
0.08989688
-0.05541415
0.03029389
0.08193953
0.02549244
0.02193114
0.00376714
-0.02117345
-0.03070469
0.14297253
0.05756351
-0.03664147
-0.03671071
0.02888941
-0.04284918
-0.03305657
0.05364887
-0.00087291
0.00708080
0.08085004
0.04389401
0.03068629
0.02010052
-0.12695409
-0.00992851
0.06077991
0.00899072
0.05880160
0.00822585
-0.03459749
0.06713328
-0.01345316
0.00362976
-0.08445943
-0.02038989
0.04860475
-0.04902158
-0.05955376
-0.07993236
-0.01195512
0.05249707
0.03185922
0.04267312
-0.00372644
0.01103500
-0.02257637
-0.04119292
0.05826403
0.00785254
0.10478029
-0.09406085
0.01768357
-0.00897673
0.01131836
-0.02908552
0.03724236
0.03907278
-0.01224286
0.06325322
-0.01217106
-0.05470631
0.02952355
-0.03278359
0.01827898
0.16101119
-0.04143953
-0.00165185
-0.03561414
-0.19300371
-0.06188235
0.02004273
-0.03940760
0.00020089
-0.01520888
0.04734227
0.08569158
0.05255095
-0.02864557
0.02033997
-0.05027601
0.06500042
-0.01561228
0.05686696
0.01128296
-0.00905480
0.00008860
0.00263476
0.10189648
0.03667157
0.04879844
0.05422540
-0.08537075
0.10259336
-0.07009964
0.00375281
0.03083614
0.03616468
-0.06322943
0.02612480
-0.01304270
0.05202063
0.06857236
0.01882240
-0.07349112
-0.00043785
-0.08251767
-0.00786408
-0.04292805
0.04433110
-0.08594106
-0.05756076
0.07812709
0.00881493
-0.00710890
-0.13532039
-0.02507951
-0.01224605
-0.10568847
0.02849397
0.04072244
0.05571606
0.02927630
0.09977714
-0.02336848
0.08514898
-0.04861831
-0.04853376
0.00625633
0.02350589
-0.04399692
0.03912533
-0.04418474
0.07022050
0.02346842
-0.02066045
-0.10616406
-0.02683716
-0.10137221
-0.09476368
-0.01394877
-0.01876695
0.04154163
0.00550867
-0.06048909
0.03994662
0.04148486
-0.07683189
0.09754520
-0.02825219
-0.01500230
-0.05267219
-0.00649249
0.04330356
-0.02626401
0.08426762
-0.00099244
0.06131668
-0.07598058
0.03334751
-0.10433269
0.01730376
-0.02118885
0.08421808
0.02655233
0.06559129
0.01004170
0.06475712
0.03540990
-0.12113310
-0.06378863
0.08457430
0.02720730
0.01792915
-0.03934397
0.04266897
-0.04025767
0.06155463
0.06047219
0.01505055
0.08511204
-0.05091480
0.00902991
0.09058303
0.09706424
-0.03818000
0.02429776
0.09037828
0.00200920
-0.09547148
0.09731970
-0.02815294
0.00144921
-0.05082302
0.04405605
-0.02537345
0.01004531
0.04874084
0.09119180
-0.13812117
0.05336874
0.05763959
0.03244266
-0.09664153
0.06042867
-0.01303932
0.03187052
-0.10091356
0.01288157
0.00189303
0.12819236
0.00666610
-0.00981998
0.01928941
-0.04190142
-0.03572659
-0.11431385
0.00637390
-0.02611978
0.03738743
-0.03699462
-0.04496205
0.05023107
0.06319151
-0.05830735
0.00396565
-0.03331124
-0.02958289
-0.01314465
0.07547440
-0.07678308
-0.03666322
-0.13943956
0.05023780
0.11052048
0.03473753
-0.03730502
-0.15505214
-0.00105034
0.01083251
0.03704665
-0.12876382
0.02263595
-0.02069266
0.01983631
0.02218557
-0.07051881
-0.13742330
-0.01202250
0.04259777
0.04150055
-0.03307658
0.02420006
-0.05441776
0.01523541
0.05672503
-0.03516521
0.10796292
0.01992999
-0.07311605
0.11643358
-0.02772916
0.02399691
-0.06427001
-0.00585906
0.03757399
-0.03007080
0.04523468
-0.06528903
-0.02273205
-0.03593983
0.06335653
-0.05283727
-0.00073668
0.00374587
0.05377384
-0.02527914
0.03076452
0.05741636
0.12965283
-0.04480441
0.05066992
0.04494951
-0.04950914
-0.00943645
-0.02195956
-0.06749812
-0.07879347
0.06224352
-0.01557275
0.02049503
-0.15735870
-0.07271753
0.00469616
-0.04053191
0.04278900
0.04957533
0.04761527
-0.03156227
-0.09930254
0.06141118
0.02137254
-0.02236798
-0.01507634
-0.06467778
-0.04513762
0.10023674
0.01667348
-0.08068281
0.09223762
-0.02075431
0.15698920
0.05234568
-0.02148965
0.09644626
0.00973185
0.08959102
-0.02819285
-0.04329467
0.09186922
-0.15465417
0.08250957
-0.08799934
-0.00380700
0.05382511
0.04371292
-0.01890289
-0.03758189
0.00497404
0.04519784
-0.06345880
-0.00477268
-0.05908781
-0.00164389
-0.10751875
0.01842722
-0.03021510
0.01258207
-0.08931140
0.04768390
0.09008995
0.01315057
0.09581773
0.03071572
0.03812287
-0.03391700
0.02073425
-0.11577549
-0.03632259
-0.05215089
-0.08440415
-0.09396652
-0.01139835
0.00646409
-0.09761806
-0.00930272
0.05798353
0.01127721
0.03564558
-0.01989094
0.01930916
0.01201241
-0.05634235
0.01110816
0.02312511
-0.11973162
-0.01925139
0.08100511
-0.10603769
0.01270037
0.02692202
-0.00951648
0.08403655
0.06277473
0.08742657
-0.03804738
0.05962285
-0.09143362
0.00179413
0.06132049
-0.01921836
0.03596139
-0.09504086
-0.09410921
0.05474907
-0.00892153
-0.02983205
-0.03404544
0.02468493
0.11464086
0.02420174
-0.00256741
0.00398446
0.02005485
0.05519872
-0.06380761
0.02270830
0.01220864
-0.00204422
-0.01509148
-0.07433480
0.13454584
-0.01284956
0.04000848
0.06885070
0.05300661
-0.00362593
0.02086147
-0.03900827
0.02997939
-0.01435389
-0.03655618
0.03230038
0.02840256
-0.10150614
0.00939101
0.08075542
-0.05891547
-0.00395873
0.13174139
-0.00751660
0.08300384
0.09237954
0.05070798
-0.05481540
0.10323653
0.02318677
0.01532720
-0.07540212
-0.16650004
-0.07701273
0.06377959
0.09719326
-0.07606020
-0.00009314
0.01258110
-0.09507689
-0.03769915
0.02936471
0.06661541
0.05700707
0.01338316
0.13235797
-0.09270396
0.04327984
-0.06925982
-0.01143155
0.08691290
-0.01591790
0.00422652
0.03554054
0.00788058
0.06954851
-0.01351820
-0.00623534
-0.05922236
0.05923204
0.03930532
-0.02895475
0.13530934
0.02979369
0.06849531
-0.02157033
-0.01793510
-0.01463866
0.04085622
0.03782304
-0.00578357
-0.02723386
-0.10595908
-0.05738777
0.01827632
0.05584946
0.04376011
0.02196049
-0.14089043
-0.04824601
0.08551719
-0.07437523
-0.07006857
0.05774237
-0.04924946
0.00828835
-0.13001701
0.01433648
-0.06253525
-0.08654492
0.05513353
-0.01456363
-0.01588788
0.01985158
0.13419256
0.07142125
-0.02756247
0.05586528
0.13475069
0.07311363
-0.04196573
0.00493950
-0.04933110
0.08158284
0.10316028
-0.03010465
0.18631515
-0.01973476
0.06869314
0.13077761
0.00621527
-0.04002196
-0.07345671
0.01137792
-0.00401007
0.11527270
0.03224970
0.09076791
-0.06425099
0.06150753
-0.05791985
0.04932453
0.00803783
-0.02273428
-0.06961336
0.10582543
-0.07509078
-0.00730063
-0.07485599
0.01632453
-0.00987022
0.04322343
-0.06293336
0.01788580
0.03326038
0.10054414
-0.04337260
0.07206822
-0.02666142
-0.04442134
0.01684636
0.05676379
-0.08714176
0.01519519
0.05932842
-0.01401960
-0.04006186
-0.06675177
-0.01516684
-0.05457933
-0.08333188
0.08548878
0.01241515
0.02699869
-0.11618696
0.03778382
0.06555334
0.04883977
0.03915153
-0.03960709
0.12355661
-0.03708886
0.01319712
-0.03617999
0.05928798
-0.06810763
0.00367842
-0.05611496
-0.06491755
-0.11295349
0.06327183
0.02480941
0.13559227
0.07588018
0.06807149
0.00666875
0.05682046
-0.02877588
-0.07292759
0.05132385
0.02909776
-0.01875416
0.03624250
0.10055499
0.07613659
-0.01947680
-0.06169488
-0.01788675
0.00618628
-0.07185054
0.00382821
-0.06456353
-0.01855639
0.03496867
-0.03934019
0.04274265
-0.07877369
-0.01713818
0.04150969
0.04788658
0.04494015
0.12788476
-0.04081695
0.06943919
0.04194870
-0.02747952
-0.02500954
0.02508462
0.07019901
0.08397206
-0.05507148
0.06967430
-0.01705922
-0.04068500
-0.05839484
-0.03189336
-0.04850423
0.04626941
-0.00145129
0.00993892
-0.19384705
0.06060892
0.01100631
-0.04738102
0.02674658
0.14624918
0.00522342
0.03083988
-0.01781007
-0.01025381
0.01430296
0.03471036
0.04198185
0.01706772
0.04735361
-0.06917924
-0.03077608
-0.00953457
-0.06764683
-0.01193555
-0.02092906
0.00480828
-0.05123175
-0.06693413
-0.01671508
-0.00031649
-0.01043987
-0.00732603
-0.09701664
-0.06936704
0.03504052
-0.14726932
0.01955787
0.13087056
0.02334986
-0.00320645
-0.00703613
0.00974701
-0.08858307
0.01924462
0.02653168
-0.10851030
0.04304843
-0.02360327
-0.02980753
0.02850521
-0.01011558
0.04542630
0.03421030
0.06591251
-0.04169035
0.10772088
0.06586942
0.02548071
0.00620177
0.00069762
-0.02447700
-0.08674346
0.02567624
-0.06229905
-0.06039240
0.10918284
-0.06746911
0.07789106
-0.04095258
0.03870609
0.00126563
0.06807579
0.04080123
-0.00586752
0.01586752
0.05001416
0.00881195
-0.02337935
-0.04151358
-0.02885341
-0.02721862
-0.09151087
-0.07408357
-0.06935278
-0.02835248
-0.03030514
0.05113541
0.07621345
-0.03275502
0.04810833
-0.01526206
-0.01197064
-0.00537257
-0.01111783
0.00919293
-0.10288746
0.07465708
-0.01843892
-0.03648104
-0.01762928
-0.09911622
0.02139524
-0.04043231
-0.09754459
-0.04327754
-0.00035419
0.08006342
-0.07240900
-0.06725598
-0.22426330
-0.01826944
0.02666625
-0.00253845
-0.06171725
-0.04449089
-0.05772604
0.02910916
0.11766618
-0.07267948
0.01577575
0.00641344
0.02581146
-0.05994589
-0.06301962
0.03009789
0.13444355
-0.01244508
-0.16138210
-0.07934222
0.03156137
-0.13315343
-0.01564372
0.00621251
-0.07824255
-0.12578556
-0.18047684
-0.07707609
-0.08173875
-0.15398910
-0.16062195
-0.22401158
-0.15519550
-0.21821882
-0.22433613
-0.17614978
-0.05658847
-0.13955632
-0.16860328
-0.17437686
-0.15778908
-0.15207420
-0.03096420
-0.04394911
0.14444312
0.08572072
0.11150458
0.16890524
0.19863846
0.19923428
0.36633870
0.35046852
0.35561096
0.33269267
0.42335089
0.28978343
0.35133859
0.23361483
0.34460013
0.25956071
0.27987915
0.22037329
0.14407633
0.13670409
0.06604271
0.08771933
0.03954223
-0.07479393
-0.08238075
-0.14031333
-0.14886991
-0.23403604
-0.23947255
-0.07995499
-0.23247766
-0.20594533
-0.26688809
-0.18457731
-0.10241954
-0.10471241
-0.28399167
-0.13205954
-0.08193818
-0.11323071
-0.13344064
-0.04107531
-0.12527421
-0.23710930
-0.03945679
-0.02253265
-0.02723037
-0.18899249
0.02867026
-0.07669171
0.07313410
0.05947691
-0.05708834
-0.08176160
0.00081944
0.02597104
0.02035443
0.02762357
0.13858826
0.12705256
-0.03066356
-0.05534962
-0.05839743
0.14649935
0.10356941
-0.00507000
0.06217536
0.06812952
0.06078623
0.08720586
-0.03280930
0.06963775
-0.03293991
-0.05763300
0.03968652
-0.09113477
0.04441341
0.01999363
-0.10201338
0.14506835
-0.00592178
-0.08315571
-0.14915361
-0.07002840
0.02593541
-0.05406790
0.03178783
-0.01980164
0.06838518
-0.11163298
-0.11859639
-0.11201838
0.05218654
-0.00902864
-0.07731653
0.04158229
-0.04481877
-0.10960649
-0.02691469
-0.11246078
0.01213557
-0.02246715
-0.13692961
-0.04552433
0.03651529
-0.09171676
-0.03309061
-0.02131560
0.09059446
0.10879939
0.10130540
0.11028602
0.17200252
0.20890793
0.11052463
0.30000124
0.35509312
0.18471492
0.34973356
0.37583008
0.28796852
0.37452076
0.48194314
0.38382923
0.37430764
0.44620569
0.36634149
0.20753456
0.23124034
0.12049244
0.08371026
0.16473477
0.02299263
-0.16380279
-0.15413693
-0.11588354
-0.28943832
-0.27197994
-0.52124927
-0.60392875
-0.58574866
-0.47955420
-0.52648648
-0.53681911
-0.60081448
-0.54568475
-0.50790889
-0.53747294
-0.45989566
-0.37955163
-0.31653443
-0.43614075
-0.25764273
-0.10124160
-0.13113861
0.03114801
0.06165564
0.12905815
0.07890177
0.21928763
0.36729104
0.41609661
0.25159712
0.40841272
0.36972071
0.42680581
0.35563251
0.53967439
0.37020972
0.30205591
0.36133709
0.31005188
0.28191145
0.30567396
0.22459879
0.09371626
0.23724264
0.03828671
0.07496514
-0.11141275
-0.01266828
-0.06940403
0.05729206
-0.06855943
-0.06553300
-0.21269580
-0.04478778
-0.07162133
-0.14987768
-0.01041550
-0.08172273
-0.08226090
-0.07958502
-0.11296202
-0.03246269
-0.27013045
-0.04349879
-0.01009307
0.03535721
-0.00516799
-0.04703254
0.07556749
-0.05395046
-0.05647738
-0.04562840
-0.08160604
-0.00744113
0.04829274
-0.11376755
0.03178566
-0.00876640
0.04919508
-0.01043968
0.03339995
-0.06750047
-0.02242718
-0.02661811
-0.03877598
0.03329818
-0.04561307
0.02124621
-0.05326167
-0.02096008
0.06351221
-0.08272800
0.02864552
0.01563556
-0.00937550
0.11397656
0.00579757
-0.03588952
-0.00995483
-0.04136605
0.05447832
-0.00840685
-0.10285270
-0.02202018
-0.06423321
-0.00299871
-0.03503567
0.10028361
0.08163090
-0.03380429
-0.00182926
0.16230439
0.08525120
0.10038222
-0.07481706
-0.03158192
-0.09273930
-0.01106558
0.00380756
-0.01270252
0.02624148
-0.09284786
0.00558631
0.01280374
0.01408452
-0.00183935
0.03364322
-0.06677211
-0.07960525
-0.07891727
-0.06130863
0.10817106
-0.03319588
0.08074614
0.04391462
0.00105088
0.04041333
0.05292975
-0.02722641
-0.01381150
-0.04395662
-0.04001853
0.14337222
0.01216540
0.11071090
0.01583352
0.02370258
0.06338478
0.00487075
-0.01170462
0.10671484
0.02914309
-0.02501924
-0.01645970
-0.01038284
-0.09080800
0.00803288
-0.01920023
-0.01074093
-0.04526377
-0.07867434
0.07144594
0.06149457
0.00223918
0.07491330
0.05439999
0.07710920
-0.09464949
0.07650207
0.04994019
0.02963532
-0.01034082
0.02342233
-0.00757126
0.07082770
0.17167222
0.02429852
0.03294232
-0.03208382
-0.01748042
-0.08303600
-0.03478756
-0.05865349
-0.13114878
-0.03101433
-0.06608039
-0.07660183
-0.06189180
-0.02486472
-0.00875106
-0.01901732
-0.03909499
-0.05326446
0.03862435
-0.01927575
-0.02931762
-0.03400446
0.08526135
-0.00136008
0.00468617
-0.12692581
0.00960341
-0.05617697
0.00285158
-0.15263400
0.06003521
0.04850434
-0.08213040
0.01532714
-0.00244412
-0.02625837
-0.04339491
-0.01795897
-0.10055580
0.05523379
0.11654014
-0.03815743
-0.03724664
-0.05652245
0.02944336
0.09171598
-0.00474612
-0.03342162
-0.05106036
-0.07215230
-0.01541494
-0.09758189
-0.02162670
-0.13127056
-0.06251361
-0.00713546
-0.02501559
-0.00370459
0.01420632
-0.02462152
0.00369459
0.04591880
0.03234293
0.16926093
0.06812412
0.11615174
0.06910470
0.06970666
0.05689981
-0.09979483
0.06465525
-0.02667612
-0.01073239
0.15543216
-0.05443646
0.17647888
-0.07940909
-0.05823278
-0.01062405
0.01695346
-0.07055507
-0.09545682
-0.03832035
-0.06277898
-0.06876748
-0.00157841
-0.02140546
0.00165937
-0.07496223
0.04432908
0.01980152
0.02240449
0.00634437
0.01133546
-0.13057395
-0.00623328
-0.14742722
-0.01759238
0.00488914
-0.04626604
-0.04559378
0.00764323
-0.02599783
0.01201512
-0.05657938
-0.08854685
-0.00427503
0.07117030
0.01009723
-0.07878316
-0.03595695
0.00254955
-0.02894036
-0.03014398
0.02516314
0.02485878
0.00322565
-0.05524277
-0.12151755
0.00496694
0.00138774
-0.01236096
0.01589408
0.05434225
0.06550207
0.07412089
0.02996689
0.07912933
-0.01640663
0.00061433
0.09924951
-0.00979949
-0.05752471
-0.05669817
0.04635752
-0.04153933
-0.10144637
-0.00268419
-0.06866687
-0.01803791
0.15071620
-0.04412999
-0.08167058
0.04804324
-0.02157467
0.04432947
-0.01886448
-0.12617590
-0.04888897
-0.04449581
-0.12028381
0.04189086
0.00653318
0.02115745
-0.03978663
-0.07039813
0.00789528
-0.13394621
-0.03473922
0.02285326
0.01501978
0.01191400
0.03029464
0.07419036
-0.06445100
-0.00624293
-0.02278949
-0.02805173
-0.01647584
-0.04113648
-0.11624728
0.00046508
-0.08756306
-0.05231171
-0.05694797
0.05037077
-0.03846145
-0.00135382
0.05169522
-0.00045313
-0.02353522
-0.02010691
-0.02159439
-0.08193068
-0.01450451
0.02431719
0.12507641
-0.14191858
0.02132189
0.07160883
-0.13060425
0.08404141
0.07127496
0.01665397
-0.06613205
0.07154114
0.00862980
0.02992976
0.00843451
-0.01714671
0.04909799
-0.01870834
-0.01785547
-0.04144462
-0.07832016
0.04940858
0.10191777
0.08263935
-0.00881545
-0.14770489
0.07373006
0.02230970
-0.00122283
-0.04097931
0.11534356
0.03283170
-0.07988724
0.03876922
0.02852976
0.01077753
-0.04495031
-0.03423271
-0.02471983
0.02650658
-0.00068119
-0.01805128
-0.07012581
-0.05074988
-0.06603648
-0.04226788
0.17138435
0.05986848
-0.07187953
-0.08338649
0.06242175
-0.05861461
-0.04437446
0.00565742
-0.02239354
-0.03749270
-0.03732294
0.05643331
0.11543788
0.02060848
-0.05248773
0.00689800
0.04559899
0.00631209
-0.00507125
-0.07171554
-0.08442627
0.05278084
-0.01985547
-0.09016878
0.00396946
0.04718902
-0.06038448
-0.00938741
-0.05028227
0.12478505
0.07715361
-0.07518386
0.01445216
-0.08800253
0.00928247
0.02908485
0.01115157
0.02228960
-0.01289363
-0.01166213
-0.05258064
0.09385176
-0.03632606
-0.00054629
0.05055200
-0.04805856
0.01757069
-0.06956917
0.10181791
-0.02778632
0.05135065
0.05735906
-0.11769659
0.04728734
-0.02330622
0.09868685
0.04921530
0.04120371
0.00905612
-0.01626100
-0.01051815
0.04219531
-0.04260951
0.02009856
0.03149579
-0.01839170
-0.03354197
0.01824393
-0.08799793
-0.07331271
-0.03004698
