-0.00324870
-0.01581306
-0.01787676
-0.06072438
-0.02461541
0.00792909
-0.01070420
-0.02975389
0.03948342
-0.04325318
0.01189800
0.07553149
-0.07366933
-0.14149007
0.03108296
-0.02278717
0.00583023
-0.00490837
-0.00842730
-0.01841879
-0.01247652
-0.01321719
-0.03073989
0.10354490
-0.01170079
0.03102781
-0.01356312
0.00887802
0.02562984
0.02004561
-0.03058260
-0.03533425
0.01568621
-0.00232602
-0.02807448
0.10627187
-0.05362138
0.00673246
0.00992543
0.04168267
0.08774392
-0.08067518
-0.02933929
-0.07603228
-0.08064108
-0.00291332
0.02920424
-0.00849714
0.01138489
-0.02254263
-0.03224951
0.02505219
-0.07454174
-0.10874004
-0.01551463
-0.01402964
0.06064619
0.04927627
0.03376557
0.01470480
0.11285929
0.02401579
0.00623520
0.03018539
0.08758174
-0.01316853
-0.08028204
-0.04098086
-0.05392899
-0.02332996
-0.08958241
-0.05768571
-0.07100825
0.03082131
0.00378306
0.06463752
0.02297865
0.04669419
0.01771048
-0.00163041
0.05401176
0.06238976
-0.01336867
-0.01549149
0.05221998
0.04225567
-0.09688495
-0.02640093
-0.06186692
-0.01555436
0.10762981
0.00151637
-0.00741104
0.01636727
-0.00141120
-0.07345783
0.07087741
0.08237423
0.01990870
-0.09165225
0.01749691
-0.01802535
0.00177083
-0.01762902
-0.03212043
-0.02847003
-0.03603483
0.01186495
0.02100983
0.00148381
0.03315852
0.03232910
0.02358693
0.01000420
0.00586780
-0.03505665
0.12282904
0.00489411
0.07765822
-0.02803406
-0.03765366
-0.02296791
0.00054221
0.00157461
0.02156651
0.05678314
0.03860391
-0.01231492
-0.04430247
0.09335235
0.00812651
0.01862527
0.01420930
-0.06801375
-0.06553807
-0.02722390
-0.01792480
0.02563711
0.04922770
-0.01795547
0.05241389
-0.01436840
-0.01127323
-0.01646914
0.03603548
0.04866351
0.03473007
0.06956628
-0.07185789
0.00349334
-0.02115953
-0.06512669
0.02257284
-0.00750519
-0.01758405
0.00935528
0.04770156
-0.01570639
-0.04313491
-0.00439957
-0.02136296
-0.05410056
-0.05176085
-0.04835574
0.03247567
-0.01528970
-0.00991567
0.07028690
-0.00388836
-0.00555142
0.00721138
-0.00101777
0.00967675
-0.05191510
0.01983165
-0.00709915
-0.08375926
0.06537691
0.06091821
0.04001755
0.03710388
-0.12250956
0.02215572
-0.02039893
0.08471736
0.00373241
-0.07191586
-0.03306746
-0.00057310
-0.04549968
0.10020059
0.00391210
-0.03088814
0.08014542
-0.00271852
0.01463181
0.05093482
-0.12845134
0.00227734
0.01960965
0.05984873
0.05383283
0.09171020
-0.13528708
-0.03679511
-0.01131450
-0.05215783
-0.02047723
0.03889093
0.01512222
0.02702209
0.02153721
0.07697152
-0.02186390
-0.04362325
-0.05469205
-0.01130751
-0.09576014
0.02920854
0.02582949
-0.06147780
-0.01636786
0.03968472
0.04049416
-0.01885369
-0.05670067
0.01333353
0.00846812
0.03310378
-0.10293291
-0.00136051
0.02558432
-0.02813708
0.06528482
-0.04958658
0.04564766
-0.02845279
0.04532056
-0.03141412
-0.06231772
0.01602034
-0.00190257
0.05363603
0.02885694
0.05203746
0.02690303
0.10386199
-0.04520725
-0.03232951
0.03928290
-0.00125836
0.02145562
-0.01674820
-0.02110792
-0.02250963
0.06064483
0.03647484
-0.03853886
-0.06980613
0.00827984
0.02797409
0.01589320
0.01922230
0.02894840
0.01401506
-0.00560456
0.06674339
-0.04969062
-0.01317970
-0.01469457
-0.00751204
0.00855936
-0.05149114
0.02384518
-0.02820316
0.03909867
0.00704573
-0.00408684
-0.06600450
0.05413806
-0.02089080
0.05135241
0.00798839
0.07466937
0.00365199
-0.01099846
-0.12393933
-0.00445170
-0.02763069
-0.05659892
0.05688509
-0.03595889
-0.08190442
-0.06689507
0.00776636
0.02740376
0.01492390
-0.00306926
0.04387983
0.08965780
0.01210379
0.07769156
-0.13189377
-0.01704375
-0.05017795
-0.06686566
0.01073153
0.04690769
-0.00794072
-0.01673308
0.03572060
0.03757057
-0.02730729
0.04465558
-0.01592190
0.00555109
-0.06847108
0.03003831
0.00912761
0.09157129
-0.03392807
-0.05681925
0.03138162
-0.03251929
0.04050334
-0.04126533
-0.04903585
-0.05380450
0.04047815
-0.01188903
-0.02111392
0.05905107
-0.04727525
-0.00967146
0.00647024
0.00805609
0.04624982
0.01137722
0.05337670
-0.09304171
-0.03475688
-0.05319723
0.02178308
-0.04411924
-0.05450339
-0.01364929
0.03930374
-0.01577253
0.06117731
-0.06414545
-0.07570254
-0.01591792
0.10492060
-0.00730903
-0.09413174
-0.08676543
-0.02834637
-0.01483250
-0.00433140
0.04359497
-0.04542074
-0.10216462
0.01717241
-0.11179500
0.00257045
-0.01081836
-0.00785743
-0.01686558
0.01480609
0.01599422
-0.03243254
-0.09801719
-0.05558757
-0.01301744
0.09476212
-0.02638401
0.04714091
-0.03772125
-0.04578282
0.03879441
-0.01346606
0.03158340
0.07156730
0.03366770
0.01642742
0.01468505
-0.07262638
-0.06427288
0.09109765
0.06062591
0.00185371
0.00432921
-0.03107124
0.04884644
-0.03826274
-0.03864567
0.00540552
-0.00544557
-0.10006397
-0.00582237
0.00367804
-0.02702163
-0.01613183
-0.06872292
-0.00950101
0.03449593
-0.01576945
0.03068693
0.00626276
0.03818043
0.02945273
0.07792976
-0.03457004
0.02987760
0.00224743
0.02679253
0.08721112
-0.00618459
0.00804120
-0.06177833
-0.06219160
0.01298212
-0.04270224
0.05450098
-0.11269876
-0.00585433
-0.00946012
0.08699595
0.06379663
0.08047769
0.03312284
-0.01037158
0.07364506
-0.03524189
0.06290633
0.09346696
-0.07683960
-0.01495034
0.13182360
-0.01764506
0.03137089
0.02169879
-0.07415737
0.02736021
-0.00840716
-0.10027850
0.08189582
0.01017230
0.00990341
-0.00734739
0.01038363
0.03778732
-0.04143613
0.03044618
-0.05032397
0.01118315
0.00426929
0.01426684
-0.02325809
-0.00805187
-0.00829874
-0.02449276
0.04561112
0.01619918
0.04114638
-0.13390869
0.02109908
-0.00364266
0.00469284
-0.02494504
-0.01710681
0.07407991
0.01110020
0.00543168
0.07775467
0.00488018
-0.02008749
0.01740911
-0.01699891
0.03684407
-0.00190297
-0.12024100
0.02851362
-0.00373086
0.03630189
0.07118987
0.04306887
0.04265623
0.02273683
0.01351556
0.06363120
-0.02783036
-0.01611588
0.02620469
-0.03808474
0.02871102
0.03799804
0.00403773
-0.02983733
-0.01211634
-0.04250389
-0.02135501
0.07801217
0.12702552
-0.01729798
0.02382492
-0.01931243
0.01066624
-0.08805658
0.01783040
0.05310382
0.07620410
0.02947618
0.06563223
0.03019296
0.03922553
0.00045659
0.07305206
-0.06440023
-0.00903890
-0.00946732
-0.02316676
0.02351115
0.00199655
0.01313506
-0.06781710
0.01566914
0.05314984
0.07608864
0.00127846
0.03702558
-0.01449380
0.03687039
0.02815525
0.03854489
-0.00522763
-0.04502535
-0.08609184
-0.01465284
-0.08244460
-0.05159940
0.04400278
-0.02627654
-0.01609516
-0.00933408
-0.01583346
0.04108952
-0.05646224
-0.13764702
-0.01351517
-0.06953489
0.07843003
-0.00313360
0.02824879
0.02156134
-0.08625176
0.01525546
-0.00218188
0.08611665
-0.06522052
0.02017307
0.02266361
0.06677081
0.00018410
0.00305992
0.04973321
-0.02777540
-0.01617802
0.00983485
-0.01242506
0.05333962
-0.01134218
0.01876039
-0.02050145
-0.11522538
0.03145252
-0.00318084
0.05196679
0.07474656
-0.07309083
0.02524864
0.05154571
-0.01660504
0.01280710
-0.09896877
-0.01447902
-0.02376405
-0.09844331
-0.07355545
-0.02443640
0.00422952
-0.05933954
-0.00856891
-0.08472724
-0.03607497
-0.03492463
0.01089245
-0.07179544
-0.00692781
0.01379614
-0.05800374
0.00726811
-0.01066587
-0.03645062
-0.00787002
0.08688359
-0.03271607
-0.00744260
-0.03407238
0.00754553
-0.01134355
-0.06117227
-0.04782428
-0.03764430
-0.06945953
-0.01153111
0.04321375
0.00067112
0.01381958
-0.05145918
0.01193409
0.00082366
0.02693825
0.06760211
-0.00662760
0.01228848
-0.13228016
-0.01167536
-0.01079427
-0.00771298
-0.01787163
0.00263465
0.06699998
-0.00741660
0.04663060
-0.04622959
0.00132153
0.02616427
0.01080005
0.03803922
0.04087113
0.06711748
0.02978701
-0.01192851
0.01079478
-0.00099738
-0.01198802
0.00376302
0.09447015
-0.04883624
0.02723863
0.01498213
0.06135751
-0.01281988
-0.11905450
0.07247306
0.08041527
0.03443783
0.01106464
-0.01172131
-0.04376679
-0.00486725
0.00640011
-0.04247730
0.02599498
0.04559210
-0.03938034
0.03164414
0.00975939
-0.01901227
-0.10484144
-0.01419397
0.08577134
-0.05042706
0.01706541
-0.07113661
0.06032724
-0.02256102
-0.00347895
-0.02859252
-0.05160318
0.06676806
-0.01341107
-0.03855580
-0.02535291
-0.04627692
-0.04306293
-0.05281877
0.01050262
0.08674583
-0.07595364
0.05589491
0.04230955
-0.00289521
-0.02624124
-0.04677264
0.02280453
-0.07990008
0.03813613
-0.00749218
0.03796453
-0.01121676
-0.00284740
0.03833442
0.00810367
-0.00603076
0.02908507
0.05573752
-0.02870592
-0.02789384
-0.06605220
-0.00954142
0.06113266
-0.00120063
0.04422471
-0.05349436
0.01879935
0.00140072
-0.05503931
-0.04805288
-0.05306917
0.00798497
-0.06498194
0.05446927
0.09699991
0.06611662
0.00237370
-0.03250494
-0.05697098
0.12699665
-0.00916604
-0.05513347
-0.05376006
0.02188749
-0.07837513
0.00491330
-0.00544052
-0.04970519
-0.05406385
0.06319027
0.03717198
-0.05975128
0.01200920
0.06949766
-0.05973043
-0.08679184
0.00472290
-0.01660941
0.02121124
-0.03790036
0.06176338
0.00549592
-0.01194683
-0.06628156
-0.04114685
-0.00280978
0.03369321
0.02956537
0.02591890
0.01503189
-0.07568546
0.09563733
0.04442999
0.00128068
0.07976701
0.06988996
0.02424752
0.01864959
-0.04932522
0.03726481
-0.03837893
-0.08950480
0.00834984
0.01374115
0.01612101
0.00270177
0.01452950
0.04016145
0.01999358
-0.06165908
0.02068936
-0.08528300
-0.06980595
0.00246658
0.02389362
-0.04371219
-0.02690566
-0.03928980
-0.01081575
-0.00966689
-0.04109433
0.02581674
-0.02714621
-0.00636061
0.02752320
0.00522239
-0.02377515
-0.06482568
0.04377168
-0.04213445
0.03599178
0.01984198
-0.05002855
-0.03100711
0.07660463
-0.01781051
0.03294785
0.00063606
-0.03512050
-0.00856619
-0.01665680
-0.03674468
-0.02963242
0.05367205
-0.03675896
-0.01094522
-0.06361791
-0.08551181
-0.04415945
-0.00751450
-0.01125180
-0.08958099
-0.01630543
0.05587749
-0.03531206
-0.00016449
0.04050170
0.01764488
-0.03855942
0.06796090
0.03577042
-0.01183261
0.02202039
-0.00939469
-0.00130795
-0.04764918
0.02263435
-0.01797576
-0.01252040
-0.04097078
-0.00136503
0.03031618
0.04636286
0.02338116
0.02724616
0.05136633
-0.00592398
0.03337545
0.07114808
-0.10136478
-0.02138242
0.07931363
0.01235811
-0.01247303
0.00257165
0.09166694
0.02750557
0.02887172
0.01931793
-0.00336941
-0.07536707
0.05170296
-0.08055322
-0.00832657
0.00061304
0.01028800
0.04965183
0.09317000
0.01238874
0.05719685
0.04664942
0.02161047
0.00142580
0.03981831
-0.05719274
0.05697886
-0.01034720
-0.06408404
0.00288956
-0.00520828
0.01682109
-0.02572882
-0.02741422
-0.04029022
0.00738358
-0.04249354
-0.08592011
-0.04746424
-0.08284337
0.03091578
0.03388511
-0.04420862
0.00197019
0.09303620
-0.00213664
0.04173158
0.01605877
0.05068494
-0.01112982
-0.07543609
-0.00915790
-0.08698101
-0.09065748
-0.00322882
0.00278146
0.02796317
-0.07775572
0.01282248
-0.02630201
0.02313839
0.03511045
-0.03909399
-0.03168483
0.01566502
0.01771724
-0.04243995
-0.02467136
-0.00449210
0.02889887
0.05525098
-0.02969490
-0.03992569
0.02894018
-0.00713828
0.02630456
-0.04609357
0.03062275
-0.01329455
-0.01271253
-0.02356600
0.02289449
-0.08435417
-0.01134682
0.06757522
0.06861345
0.01802596
0.06934085
-0.03636203
-0.05887250
0.04487767
0.03652022
-0.00657651
-0.01622972
0.00290829
0.01512564
-0.04709151
-0.08513098
0.01162201
-0.00125822
0.01396809
0.02668735
-0.13811869
-0.01788811
-0.01506378
0.06422129
0.03482490
0.08459262
0.04540726
0.04929371
-0.04326817
-0.06744664
-0.04936210
0.05212324
0.00368712
-0.04232676
0.06166533
-0.04684662
0.02285224
-0.07069924
-0.02524423
-0.00324339
0.05446107
-0.02280590
0.00020076
-0.07563857
-0.02313770
-0.00111189
0.07699981
-0.04737674
-0.01111433
-0.02381967
0.04008284
0.01287229
0.09058453
-0.06322307
-0.00920121
0.03980494
-0.05457122
0.06643945
-0.02845737
-0.09794604
0.05441322
-0.03614174
0.06168271
-0.08512512
0.02782858
0.02775565
0.09413544
0.01461259
0.04882650
0.05973275
0.01899558
-0.04042824
-0.05390613
0.06546262
0.00860326
0.06035072
-0.04624556
0.03677494
0.01196717
0.06918375
-0.02362270
-0.06280456
-0.01607463
0.06978269
0.00946465
0.06409794
0.06521307
0.00140633
0.04439458
0.00162420
-0.04118989
0.02231267
-0.00750888
-0.00149627
0.00109839
-0.01208739
-0.05044061
0.03466267
0.09226762
0.01030464
0.02424123
-0.00759137
0.02811910
0.00349043
-0.06720069
-0.00786811
-0.13137212
-0.03132496
0.02537859
0.03838886
-0.05033829
0.00496338
-0.00823382
-0.02782697
0.11942152
-0.07935142
0.01175316
-0.03194930
-0.05098486
0.04734391
0.06903694
0.07727969
-0.03942690
0.06331948
0.02991110
-0.03485533
-0.09117620
0.08381672
0.01985622
0.02018597
0.03521388
-0.06713266
-0.01271000
0.05009408
-0.00456636
-0.06745333
-0.02636538
0.04251872
0.01148639
-0.00693787
-0.05910069
0.08727912
-0.01892850
0.00101870
-0.00979324
0.01457415
-0.06025738
0.06111061
0.03198835
0.05981311
0.07724268
-0.02970861
-0.00105472
0.03941158
-0.06221220
0.01549207
0.08650811
-0.01859971
-0.07968770
-0.00237846
0.09624614
0.03986976
0.00172222
0.05079143
-0.02147543
0.05173458
0.00712839
0.04125356
0.01631170
0.06003758
-0.03055360
-0.02157547
-0.07922992
0.08881427
0.05852896
0.06341863
-0.05079211
0.02067804
-0.04477353
0.02805206
-0.01669796
0.05422960
0.02033785
-0.01429562
0.04222557
-0.04124973
0.00709293
-0.03430666
0.01598101
0.00045386
-0.02379979
-0.01619791
0.02018874
0.01927220
-0.00923122
0.00748872
0.01606427
-0.07348121
0.07350604
-0.04813051
-0.11985745
-0.00596889
0.07797256
0.03195626
0.10312662
-0.00914334
0.00922971
0.00493122
-0.02562125
0.01903575
0.00515964
0.03999830
-0.03539196
0.03674748
-0.09205293
-0.01179544
0.00512941
-0.02042150
0.01633663
-0.05761402
-0.02019291
-0.03051973
-0.03637769
-0.03998194
0.02640363
0.04443513
0.05449797
-0.10988092
-0.00891643
-0.03578313
0.06761671
0.01844004
0.03557399
-0.08277797
-0.01022621
-0.01422513
-0.06676974
-0.02823846
0.00472665
-0.05535756
0.07434212
-0.07502398
0.01909179
-0.04791584
-0.04330322
-0.03049859
0.04314177
-0.02422696
0.06066656
0.00115530
0.02294336
0.07200764
-0.00498467
-0.04167061
0.02728062
-0.03407877
-0.00714447
0.03171227
-0.04776559
-0.00241772
-0.02563464
-0.02875308
-0.10033918
0.07018725
-0.02245755
0.13781060
-0.08882893
-0.01540300
0.00979063
-0.00148898
0.02595099
-0.00007299
-0.11514723
0.09362993
-0.03589765
0.00514536
-0.01478329
-0.02548929
-0.04178818
0.08888249
0.04795135
-0.08986138
-0.02018351
0.00009419
-0.14832845
0.02514678
0.04219211
0.00346820
0.02995051
-0.02544263
0.00127284
0.05637311
0.06062417
-0.07150877
0.04609902
0.01809936
0.05538482
-0.03980822
0.00425479
0.00379907
0.02569774
-0.02204879
0.00648953
0.04816571
-0.05539582
0.01522645
0.02296183
0.03721160
-0.03009501
0.10773925
-0.04504448
0.07457230
-0.00949221
0.04252360
-0.05593200
-0.07801966
0.02319702
-0.01606159
0.04786752
-0.02257865
0.11725988
0.10029484
-0.00942117
0.03107730
0.05873142
-0.07821264
-0.03268269
0.03691881
0.06817951
0.01496119
0.02562328
0.05154723
0.00159630
-0.06612701
-0.06829294
0.06267549
0.04202757
0.06275360
0.00235148
0.00853066
0.04042509
-0.00743808
-0.05725060
0.05576688
0.02446392
-0.04163532
-0.07621403
0.04009738
-0.02065303
-0.06290045
-0.07183365
0.06425254
-0.02930595
0.03294580
-0.00124759
0.00350766
0.00478845
0.03506872
-0.00943405
0.08001856
-0.07672823
0.02221467
0.02170087
0.00140267
-0.03697356
0.01852259
-0.04447336
-0.04696500
-0.03154467
-0.03844617
0.01055803
-0.02997301
-0.07892037
0.04897960
-0.00088758
0.09261072
0.00246716
-0.04104222
0.02395614
0.00092874
-0.02167208
-0.02287944
-0.01154933
0.09799541
0.06443464
-0.02497386
-0.03226427
-0.06813531
0.04510035
0.01413806
-0.08671559
0.01598009
-0.06282965
0.01067299
0.07132385
0.05198599
0.06063447
0.01174495
0.06046596
0.07044518
0.03674267
0.01283319
-0.01780743
-0.15627644
0.08293848
0.06484318
-0.03501095
0.02700630
0.02801763
-0.01917957
0.02840129
-0.04427364
-0.12849662
-0.08650749
0.08132609
-0.05825110
-0.05541429
-0.13023902
-0.06011333
-0.00881417
-0.02958148
-0.01280974
-0.05662432
-0.07691919
-0.07368449
-0.02402686
0.03145376
-0.06662156
-0.11806703
-0.00874315
0.00567700
-0.02292361
-0.05527651
0.01336494
-0.11653441
-0.06285344
0.04641537
-0.04090594
0.14540515
0.02987161
0.03461650
0.01891400
-0.03425562
-0.04223690
-0.01163333
0.02444526
0.06846007
0.09483191
-0.01421836
-0.00318277
0.04243020
0.05177895
0.01457291
-0.02318070
0.01903340
0.11765112
0.04767992
-0.00546397
-0.07029343
-0.03317584
-0.01103662
0.02399317
-0.00449471
-0.03166362
-0.02470130
-0.00151747
0.01009963
-0.05937607
-0.00208418
0.05408444
0.02146196
-0.00792811
-0.04044781
-0.01465742
-0.02712803
-0.06085187
0.01597020
-0.00459437
0.00040648
0.05607896
-0.10390410
0.03487015
0.02930869
-0.02177725
-0.06241362
-0.04074987
-0.05472798
0.05862985
-0.08078481
-0.00339338
0.06275836
0.05880184
0.06922825
-0.04842880
0.13651434
-0.04309502
0.08193657
0.10726084
-0.07921900
0.02504434
0.06627506
-0.03216743
0.02527849
-0.02088877
0.04027372
0.05426198
-0.02779086
-0.10750432
0.06735961
0.05416988
0.04442337
0.00776025
0.03921793
-0.00812345
0.13131759
-0.02207723
-0.03930093
-0.00436296
-0.00109214
0.04175208
0.01062536
0.04437140
-0.06377826
0.12785293
0.08280598
0.08113695
0.00988678
0.04255466
0.05339537
-0.08509799
-0.02694756
-0.00888622
-0.00045853
0.00239395
-0.08928979
-0.00326015
-0.06603698
0.01225567
0.02755827
-0.03299543
-0.01385213
0.04263997
-0.10200689
0.14974620
0.04703693
-0.12416223
0.02516417
0.00537867
-0.04104742
0.01389996
-0.01556932
0.00833401
-0.01585198
0.02247081
0.02050499
-0.11521750
-0.02171113
0.04514658
-0.03709349
0.04873491
0.01256624
-0.14008915
0.06745818
-0.03182419
-0.02285827
0.00077569
-0.07452893
-0.06769446
-0.02823403
-0.06948463
-0.03413594
-0.14547529
-0.24037844
-0.08410326
-0.17641133
-0.13651409
-0.11387545
-0.07827186
-0.16567683
-0.12277165
-0.11804138
-0.02866460
-0.09788290
-0.05240468
-0.00208047
-0.05350189
0.07514750
0.07907729
0.11485668
-0.00680521
0.07423910
0.21175719
0.22885495
0.21989012
0.20424748
0.23479344
0.22147970
0.24815710
0.23089618
0.30358381
0.22704944
0.23780629
0.21079820
0.21584987
0.11065165
0.11167057
0.10437454
-0.04234996
-0.04042550
0.03599580
-0.13060583
-0.04278738
-0.06827264
-0.06138251
-0.11649716
-0.09126983
-0.23297679
-0.10240254
-0.23354465
-0.18215686
-0.14070199
-0.14757767
-0.19196700
-0.11051740
-0.02929087
-0.06315051
-0.08410633
-0.18125992
-0.12806893
-0.06643581
-0.03170994
-0.12734550
-0.01138522
-0.01667655
-0.05621995
-0.07365797
-0.04956607
-0.02412503
0.00804741
0.01960772
0.02241211
-0.05856614
0.00464239
-0.00830985
0.01091897
-0.01907490
-0.05285038
0.01444818
-0.09556642
0.00567850
0.01715017
0.06043095
0.01673276
-0.00018325
0.07547244
-0.06785122
0.00677753
0.04150940
-0.00067921
0.00858911
-0.12148344
0.01272511
0.08147176
0.13414252
0.03907195
0.01743316
0.04781222
0.05062225
0.06821628
0.05316027
0.06546255
0.16759448
0.01342872
0.09089008
0.07072142
0.04405904
0.03370023
0.03536004
0.15733197
0.03290928
0.08208613
0.16575235
0.13948450
0.13323993
0.11835508
0.20031828
0.13587195
0.13166978
0.18957786
0.15238449
0.16347018
0.07629728
0.15090617
0.09193167
0.17667098
0.08848426
0.15324590
0.14647771
0.10879842
-0.00624475
0.01332373
-0.01894274
-0.04230117
-0.24858520
-0.22281204
-0.25247852
-0.26404412
-0.33100954
-0.47366605
-0.33166998
-0.38399810
-0.36219028
-0.46206022
-0.51037996
-0.48314970
-0.44763699
-0.35132035
-0.29173422
-0.36129204
-0.30347035
-0.20719136
-0.24686357
-0.15292578
-0.09004725
-0.09724409
0.07015532
0.21389659
0.23021354
0.25396439
0.22664716
0.29385876
0.28371472
0.37551591
0.35797870
0.34810201
0.33115793
0.41580133
0.41313245
0.48606519
0.33123159
0.37261567
0.23488723
0.24867622
0.20387036
0.21809321
0.10457868
0.11932962
0.06147583
0.02384366
-0.06485531
-0.00577292
-0.00430884
-0.00079610
-0.07491126
0.03700348
-0.09798069
-0.11270356
-0.15513312
-0.06361096
-0.08974418
-0.15650817
-0.12304137
-0.05626357
-0.05500505
-0.03035978
0.00390170
-0.03733244
-0.11365861
0.01879342
-0.07641693
-0.10854103
-0.09137300
0.00490266
-0.07691743
-0.11780630
0.05857565
-0.01689760
-0.00382469
0.04228432
-0.07887580
-0.07692415
0.04484732
0.04611914
0.09290811
-0.04206960
-0.02253799
-0.10256241
0.11188478
0.03784166
-0.02818565
-0.08367656
0.12840650
-0.01051198
0.00860813
0.01366862
0.02794408
-0.04392438
0.08804601
0.05424090
-0.04434831
-0.00160796
0.01645118
0.02937845
-0.00307321
0.03021250
-0.05070128
-0.00848066
-0.02110596
-0.06531976
0.09600737
0.07083859
-0.01543589
0.02761759
-0.05412396
-0.04514540
-0.01557085
-0.03776951
-0.02393446
-0.07139430
0.05436594
0.02647173
-0.02508357
-0.08278290
0.00098480
-0.00999210
-0.09678383
0.03782346
0.01680577
0.15764549
0.03700620
0.09767724
0.06726329
0.00917286
0.06615376
0.05224264
-0.02066555
0.07143070
-0.01379179
-0.05634983
0.02317649
-0.04755454
-0.00163567
0.00562615
-0.11207298
-0.06540629
0.05077777
-0.02675360
-0.03426892
-0.01690748
-0.01784943
0.06487457
0.02088919
0.04833642
0.00786060
0.07561493
-0.05689450
0.01660849
0.04644606
0.01784093
-0.01704605
-0.00713675
-0.02398060
-0.02625563
-0.00877850
0.00970436
-0.06458604
-0.11887140
0.10648810
0.07699140
0.08111865
0.02993758
-0.02024017
-0.04011218
-0.00177858
0.03744529
0.07112593
-0.00704567
0.08745245
-0.03172420
-0.01124942
-0.04402098
0.00613930
-0.03974705
0.05337874
-0.10505147
-0.04575262
0.06521419
-0.03077691
-0.02985342
0.01659367
-0.03551149
-0.07899546
0.05101817
0.06121666
0.03280400
0.02150559
-0.06473010
-0.04769948
-0.00870770
0.04244408
-0.02616104
-0.09158933
-0.02407363
-0.08151446
-0.01892711
-0.06244459
-0.13863877
0.03537753
-0.10044377
-0.13613326
-0.05351557
-0.08963459
-0.01765685
-0.01218032
0.01784183
-0.04283882
-0.01338712
0.02684534
-0.02039296
0.04070192
0.06078867
0.04173275
0.03680245
0.12370809
0.15052507
0.03246250
0.04454075
0.11130574
0.01337206
0.05329918
-0.04766746
0.01862099
0.10456971
0.00406959
-0.05581004
0.10255211
0.07004939
0.00408033
-0.01185631
0.02236039
0.05147401
-0.00346112
0.03763839
-0.01032041
-0.06816698
-0.08253585
-0.01341351
-0.11987836
-0.12419961
-0.08480750
0.02439607
-0.06624807
-0.11172286
-0.04146992
-0.00114664
-0.00243998
0.01288684
0.01035282
-0.08321367
-0.03451904
-0.03601468
0.03363702
0.00909998
-0.03401733
0.05442252
-0.06227353
0.04142388
0.03025509
0.01319860
-0.01701225
0.05585665
0.02564247
0.00265957
-0.00070503
0.00442025
-0.01155904
-0.02688950
0.01919147
-0.05229800
0.04735947
-0.00788239
0.02723915
0.04186995
0.07259873
-0.07698229
-0.01577366
0.11222632
-0.02197204
-0.00031984
0.07629765
-0.00637810
-0.00917322
0.03418537
-0.04260041
0.02152712
-0.05248473
-0.04530666
-0.02943807
0.04305968
-0.03942893
0.03789064
-0.07693556
-0.02358339
0.03436256
0.00897569
0.02066944
-0.04543627
0.03815757
-0.06264456
-0.00773926
-0.04509121
0.07372753
0.04566460
-0.10407222
-0.01604510
-0.00370618
-0.01404663
0.01263550
0.07369415
-0.05813678
-0.03723333
0.02725798
-0.05042228
0.04739833
0.05385741
-0.03645433
0.07295649
-0.02100934
0.04949793
0.07836450
-0.01592355
0.02327281
0.08784806
-0.00922550
-0.02429113
-0.06092002
-0.04081034
-0.01287805
0.07641274
0.01501242
-0.08351912
-0.01629929
-0.01588999
-0.04028506
0.01952703
0.09464705
-0.04657334
0.03375593
0.01400758
-0.02577619
0.05637086
0.04378330
0.01745609
-0.03922798
-0.01217268
0.01386122
0.04809984
0.05027550
-0.01083223
-0.00084507
0.07807195
0.06762265
0.05846275
0.00103534
0.00701414
0.01141598
-0.01690569
-0.03305341
-0.07289979
-0.00346878
