0.00323451
-0.03751584
0.01920553
0.01450362
-0.05653431
0.06190282
-0.03383853
0.10382357
-0.00250719
-0.02695384
0.00935014
-0.02074718
-0.01852768
0.01060904
-0.09551604
-0.01004204
0.07945733
0.11084772
-0.00688261
-0.03358678
-0.07233287
0.04425952
0.01387846
-0.01192084
-0.02095326
-0.01313650
0.00331849
-0.01376072
0.00723253
0.01851292
-0.00853980
-0.11358959
0.02953374
-0.06419287
0.01739040
-0.01439563
0.05667032
0.01198887
-0.03434920
0.05899748
-0.06940440
-0.05478263
0.02651952
-0.08839545
-0.05833303
-0.00303078
-0.02256964
-0.03512981
-0.01639062
0.00404945
0.00706968
0.03741752
-0.04085283
-0.04429869
0.09724667
-0.05474890
0.00684911
0.09888280
0.00759404
0.07268860
-0.08568995
-0.01006673
0.01715011
-0.00867959
0.05471729
0.05214002
0.02597086
-0.03678984
0.00491675
0.00258761
-0.08378672
-0.07075826
-0.02682073
-0.03638977
0.03745300
-0.00095386
0.06377277
0.02086252
0.06696580
0.00054196
-0.00473849
0.13240777
-0.02370324
-0.00681961
0.06094180
0.00205141
-0.01956590
-0.00305015
-0.05838926
-0.02561939
0.00843777
0.09786184
-0.01069992
0.06103344
0.09971305
-0.07151174
-0.06457872
-0.02914508
0.00695639
0.03209176
0.03640200
-0.04490316
-0.03123000
0.02089653
0.02546605
-0.07008917
0.07956853
0.01483021
-0.06795748
-0.03750925
-0.04159567
0.06044745
-0.01291133
-0.04018925
-0.03086398
-0.00077643
-0.03264939
-0.00891080
-0.04497543
-0.02250989
-0.00914047
0.00003757
-0.01287903
-0.01459534
-0.00910687
-0.01796757
-0.05919776
0.08549438
-0.04732726
-0.04358407
-0.00452362
-0.03811921
-0.11414251
-0.02555369
0.04166903
-0.02383738
-0.00281299
-0.00124562
-0.00281586
0.04361189
0.07232597
0.03627818
0.00803963
-0.01564605
0.01280677
-0.10200945
-0.01087916
-0.05509321
0.01625401
-0.03114267
-0.01437227
0.10712806
-0.02575430
0.01505108
0.03299143
0.00680167
0.05040343
0.02949041
0.01214504
0.00821206
0.02062143
0.00343849
-0.00609166
-0.00042956
0.02912259
-0.01972727
-0.07683944
-0.02035240
-0.04528654
0.06277443
0.04673789
0.02987274
0.06442267
0.07838208
0.02632915
-0.04416544
-0.00505950
0.04639194
-0.05123149
-0.06415584
0.09317752
0.01859075
-0.04083776
-0.04138910
-0.03101349
0.11028816
-0.03973847
0.03138849
0.01378082
0.00625892
0.07915442
-0.02753694
0.04050835
-0.05489367
0.03595541
-0.06274647
0.07449796
0.03900017
0.06243970
0.01893637
-0.01884460
0.02843206
-0.03372105
-0.05422538
0.02304076
0.04656525
-0.02170602
-0.04647912
-0.05018170
0.00605539
0.07195008
-0.02541487
-0.00468037
-0.09152014
-0.03095668
0.01826632
-0.08058280
-0.00985220
-0.01881062
-0.02539231
-0.11163980
0.04739831
-0.03562139
-0.03690001
-0.02539165
0.05592224
0.00998073
0.00249860
-0.01043440
-0.05505413
-0.05223518
0.00643438
-0.04537669
-0.00503602
-0.05220286
-0.06095901
0.07788169
0.03809249
-0.00802781
0.05063878
-0.02750342
0.01186637
0.00679245
-0.01469923
-0.02388670
0.06562230
-0.01436100
-0.00239631
0.02577861
-0.06372893
0.04039090
-0.02805121
0.07448269
-0.08809197
-0.04232500
0.07982150
-0.01676777
-0.05622589
0.07510045
-0.04688250
0.07127468
0.00450563
-0.00123513
-0.01136222
-0.05984026
-0.08687322
0.06084839
0.01089483
-0.04647318
0.01519448
-0.04614285
0.01574390
-0.02852298
-0.03692891
-0.04451514
-0.00199315
-0.00326885
-0.04575047
0.02365890
-0.04700627
-0.07110507
-0.03137667
0.00049304
-0.11728260
-0.00858477
0.02774173
-0.02385714
-0.07378729
0.02912539
-0.03242083
0.06382080
0.07560942
-0.00923036
-0.01521088
0.03118098
0.04576848
0.06299091
-0.01572477
-0.08085065
-0.00878829
0.03736144
0.03555103
0.00630268
0.02467238
0.04773276
-0.03210788
-0.07208060
0.06778642
-0.02061663
0.02577418
-0.00652848
0.02694406
-0.01645897
-0.03274757
0.02166823
-0.01659730
-0.00002990
0.04160987
-0.05195515
0.11198174
-0.04906414
0.02973141
-0.05847067
0.03894956
-0.02309368
0.04213545
0.03068502
-0.02469019
0.02275222
0.05320159
-0.00849612
0.00934353
0.02314465
-0.00266900
0.00345027
0.03191208
0.01672615
-0.06133870
0.03244633
0.03735951
0.03700831
-0.02456254
0.05869940
0.05450144
0.02925160
0.04567780
0.03584477
0.00942971
0.00761919
-0.00709122
-0.07616925
0.05331663
0.01803858
0.02476507
0.05458404
-0.04269316
0.01433870
-0.04676131
0.02027731
0.05577517
-0.05275457
0.00479839
-0.00063896
-0.04274422
-0.00052375
0.04703725
-0.04942921
0.05386515
-0.02443299
0.06461974
0.03854314
-0.07504149
-0.00683089
0.03379245
0.09358760
0.01182867
0.09774522
-0.04632399
0.08187402
-0.02916348
0.11585540
-0.00655203
0.03408969
0.02339073
0.00603651
0.05641204
-0.01353200
-0.04968262
0.12068612
-0.06704301
0.02529284
0.04043324
-0.02437660
-0.02684530
0.00964337
0.02587824
-0.08262926
-0.07832433
0.03745544
0.00573597
-0.06552717
0.03545131
-0.01124255
0.09261951
-0.11543322
-0.03184098
-0.03613516
0.05943178
-0.01240280
-0.00297579
-0.05652277
0.01558485
-0.02422439
0.02220175
0.05441496
0.04563542
-0.03441454
0.01034428
0.06133083
0.00403149
-0.01917356
-0.04274370
-0.05235088
-0.02305620
0.02387259
-0.02824185
0.03240738
0.03037541
-0.01588348
0.02847682
-0.02593717
-0.01808273
0.02361902
0.01884700
0.06791963
0.04721652
0.00870272
0.01097450
-0.00522724
0.00663719
0.01643195
-0.01554915
-0.02979621
-0.08324084
0.07052107
-0.04710431
0.08754958
-0.06808311
-0.01931804
-0.02094913
-0.00275841
-0.00614046
-0.04022999
0.04136072
-0.02444157
-0.01789943
0.03044669
0.03825125
-0.05981479
-0.05523737
0.00474573
-0.01872757
0.14448588
-0.03252982
0.00437224
0.04252860
-0.03577565
0.02139931
0.00992846
0.04029263
-0.04291914
-0.03330629
0.01867089
0.01790168
-0.00791350
-0.03010396
-0.07895004
0.05825469
-0.04190261
0.04010660
0.05295019
-0.04531049
0.09924628
-0.00743377
-0.06351474
0.01163315
-0.00124770
-0.01935519
0.01859473
0.00759700
-0.02263319
-0.04227852
-0.06842719
-0.07150664
-0.03762814
0.02145545
-0.00886661
0.03550552
0.06025897
-0.06509106
0.00121696
0.03737337
-0.00714620
-0.06618580
-0.02422200
-0.02687918
-0.04371309
-0.03276802
0.05987025
-0.04912556
0.01449398
0.00639874
-0.02954251
-0.01778245
0.04697413
0.06919903
-0.02923232
-0.08558587
0.05148075
-0.05566869
-0.03282784
0.02327592
0.04769539
0.01695150
-0.08208474
0.00463861
0.01493388
-0.03026850
0.06396853
-0.01109832
-0.05225586
-0.07086542
0.01905288
0.02718061
0.03383433
-0.03236581
0.03720001
0.02006778
0.12540303
-0.01943821
-0.01659352
0.00412326
0.00836229
0.06844040
-0.04297032
-0.00738954
-0.00843879
0.04343431
0.02724383
-0.01929103
0.03806868
-0.03681563
-0.02689106
0.02471517
0.05729880
-0.03724923
-0.03608699
0.10342884
-0.10349460
-0.01129711
0.01349870
0.03586981
-0.00194452
0.00732758
0.00326663
-0.00115470
-0.00403119
0.09304212
0.10992311
0.00057647
-0.00351077
-0.00724349
0.05912986
0.00525357
-0.04656102
-0.04726231
0.00137853
0.04705709
0.02451173
0.03826146
-0.04604118
0.03709215
0.03685548
-0.07282882
0.00135543
0.01619704
0.00479615
-0.05937300
0.01692995
0.09960782
0.04341997
-0.06178707
0.09097577
-0.05202583
-0.02368441
-0.01541550
0.02612369
0.00668766
0.03482061
0.05815431
-0.01996000
0.04417543
-0.03112888
-0.06407374
0.02943047
-0.02841337
0.02513863
0.06866181
0.03201784
-0.06392540
-0.00706355
-0.00275950
0.03252227
0.03258565
0.04008417
-0.00115351
0.05672860
0.14001518
0.01410336
-0.08278466
-0.02209053
0.03708229
-0.01099082
0.03969893
-0.02518181
-0.05078327
0.02096295
-0.04503596
-0.12214502
0.04005326
-0.06100939
-0.06397153
-0.06353388
-0.00996328
-0.03569467
-0.00224673
0.02782019
0.09175896
-0.08158074
-0.03499196
-0.00351990
-0.01068110
-0.08171857
0.00591080
-0.06112338
0.06046288
-0.01623341
0.03451208
0.02586574
0.05189782
-0.00813765
-0.01723305
0.00559503
-0.00150262
-0.03814187
-0.03838756
-0.00670888
0.03757353
-0.01877534
0.00521004
0.02381855
0.00066983
-0.02971004
0.00450276
0.00301344
-0.01824923
-0.00081799
-0.11236463
-0.04406705
-0.02967885
0.04450350
-0.02947448
0.02748578
0.00055708
-0.04445595
0.04429590
0.05016083
0.05161712
-0.03133958
-0.03191718
-0.02549087
-0.04656986
0.01923983
-0.06258132
0.01636023
-0.01546881
0.00566850
0.01484497
0.03498464
-0.04257164
-0.03277212
0.00973323
0.00777468
-0.02528520
0.00043114
0.04731336
0.09694296
0.00706181
0.07695741
-0.07438074
0.03588897
0.04651461
-0.03876561
-0.00968488
-0.05534524
0.01466457
0.00408703
-0.01567133
0.01968673
0.01876920
-0.02880175
-0.01182497
-0.00186811
-0.05898441
0.05581599
0.02897462
-0.01195775
0.00055155
-0.03769850
0.06033089
-0.04989441
-0.07183481
-0.01255207
0.00385180
-0.02179928
-0.00836582
0.02791131
-0.01630003
-0.02257078
0.02841402
0.02123203
0.00815510
0.06214440
-0.02426468
0.01009729
-0.02140972
0.05122264
0.02039729
0.01453925
-0.05309816
0.07541418
-0.03965636
0.04440303
-0.08348763
-0.05053596
-0.06666711
0.12472689
-0.01182289
-0.09541339
-0.03195005
-0.00771921
0.03792265
0.01757373
-0.03023413
0.05617736
0.00230481
-0.00179969
0.01715604
-0.00815238
-0.00085874
0.01359051
0.03004610
0.04922337
0.03280162
-0.00057312
-0.10069495
0.01644234
-0.07662574
0.00871133
-0.11532714
-0.02036003
0.06037361
0.02588202
0.11895362
0.03286098
0.06511624
-0.08482262
-0.01491577
-0.04236873
-0.13143624
-0.02923194
-0.05127827
-0.01018660
-0.00137087
-0.07749426
0.03865857
-0.01600566
0.03952201
-0.01502106
0.02962969
-0.06394206
0.06146372
0.04734092
-0.00479026
-0.04132205
0.03709106
0.01884748
-0.01887160
-0.02332288
0.00306405
-0.04404552
-0.02769675
0.08445544
0.02858989
0.03488239
0.07076540
0.01263163
-0.00209153
0.05562597
-0.01069027
0.02542913
0.07057179
0.08983785
-0.01112581
0.06368123
-0.11480894
0.02235397
-0.01768034
0.00786551
0.05047060
0.01283610
0.03367294
-0.01119869
-0.01869577
0.03351966
0.03154677
-0.06955412
-0.07675891
-0.02367583
-0.00205924
0.03343238
-0.01852679
-0.01123936
-0.01593519
-0.00548771
-0.11096024
0.05908223
-0.05845218
-0.01915204
0.05997503
0.05413855
-0.00385565
0.00241906
0.00392013
-0.05555899
-0.02067194
-0.02199517
0.00121580
-0.03286735
-0.01895755
-0.04720340
-0.05071470
0.02152392
0.01906052
0.05184632
-0.13492506
0.00915406
0.05542357
0.05242557
0.05039456
0.00666891
0.03156675
-0.01101756
-0.04780788
-0.02001663
0.03376249
-0.00664546
0.05500947
-0.01431009
-0.05033893
0.00290498
0.01309787
-0.02582091
0.03852274
-0.02358834
-0.08690869
-0.01640253
-0.00254275
-0.02783786
0.08940467
0.05175299
0.03075682
0.04252595
0.05946290
-0.00013977
-0.05549085
-0.03840175
0.07456620
0.02513765
-0.04210752
0.04589646
-0.03592652
-0.01160180
-0.03540512
0.01687983
0.03032704
-0.05070532
0.03943382
0.03819837
-0.04169276
0.10515724
0.06591007
-0.00169448
0.04676000
0.01768391
0.08996563
0.06843907
0.07101555
0.01992248
-0.04122725
0.00826095
0.03559282
-0.01630627
-0.04368759
0.01768886
0.02606845
-0.00551770
-0.03359701
0.08479015
-0.01800531
-0.05792066
0.03617586
-0.06622541
-0.02743649
0.01718978
0.04019676
0.03051304
0.01116956
-0.00763899
-0.04541239
0.04220738
0.03145739
-0.00434276
-0.00334222
0.09624316
0.03388346
0.00326588
-0.02611689
0.05878102
0.01246204
0.00370049
0.00420566
-0.00916603
0.01768126
0.00711552
0.03821959
-0.05793629
-0.03026682
0.04721288
-0.01743791
-0.01682553
-0.00378801
0.01774870
-0.06028339
-0.04856676
0.05622736
0.02374271
-0.00993406
-0.09328595
0.00387182
0.01885386
0.03342803
0.10624133
0.06002882
0.05053375
0.04948643
0.01312551
-0.04089977
-0.08045590
-0.03697600
0.04332862
-0.01669564
-0.05897437
0.00729559
0.00414036
-0.02243319
-0.08645055
0.05654491
0.06913033
-0.01826136
-0.00170721
0.07655340
0.05116802
0.05200682
-0.05753820
0.01929050
0.02344905
-0.01610419
-0.02031196
-0.05062277
-0.04097241
-0.01671561
-0.01493912
-0.04430762
-0.00451187
0.09485442
0.00105595
0.05813494
-0.01197642
0.03570772
-0.00697218
0.00710452
0.00634687
0.03102987
0.00370575
0.03738743
-0.07117402
0.04531637
0.03034467
-0.00603960
-0.02686143
-0.03044940
0.00929187
0.07494674
0.05435312
0.04740513
0.04275517
0.04130481
-0.01987943
-0.04042976
-0.03465808
0.11976930
0.04976524
-0.02436012
-0.06808110
0.02108701
-0.00956868
0.00587531
-0.07701479
-0.05732854
0.02704092
-0.02832549
-0.06462938
-0.02956326
0.00717144
0.04710476
0.08092545
0.07568832
0.05732339
-0.04684465
-0.00702209
-0.03693627
0.05512950
0.05204509
0.02716552
-0.02766441
-0.05622302
-0.00858539
-0.08499495
0.06598973
0.00447781
-0.02030341
-0.01179545
-0.06408073
-0.04650269
0.04894751
0.00673599
0.05605363
0.00724834
0.02224407
0.04981481
-0.06068611
0.03507096
0.00312475
-0.02826736
-0.00400444
0.00074052
0.08561649
0.02837582
-0.00103413
-0.01722363
-0.01759448
0.03206153
0.04471439
-0.00319802
0.05449521
-0.02382348
-0.01577410
0.05965188
-0.04558105
0.04857868
-0.03856125
-0.03268878
0.00833519
0.00098735
0.04649907
0.00682812
0.00617327
-0.06340943
-0.03701594
-0.03890932
-0.02700308
0.02913245
-0.07114964
0.11468885
0.00486781
0.02025691
0.02365232
0.02157411
0.02697065
0.02342546
0.04465206
-0.04979542
0.01104208
0.04943892
0.07606408
-0.02252425
0.03978683
0.01914608
-0.04111449
-0.02649995
0.00439847
-0.06873577
0.06437136
0.02222920
-0.00147543
-0.02943149
0.02447108
-0.05531988
0.04757080
0.00914249
-0.03164701
-0.06532237
-0.00122392
0.01909790
0.06817306
-0.00930205
-0.01491164
0.03775592
-0.03081514
-0.09429569
-0.05558794
-0.04518829
0.04219358
-0.06634094
0.01622003
-0.09028614
-0.07512324
-0.02516634
0.03662308
0.02682550
0.02055294
-0.01229009
0.03324164
0.05502580
0.00935647
-0.00859614
-0.02140944
0.00117447
0.04184335
-0.02155067
-0.04926050
0.00484262
0.08338147
-0.02109877
-0.01916318
0.01553673
-0.02775545
-0.06248910
-0.03330595
0.02300839
0.03728165
-0.03689832
0.01472003
-0.02994079
0.01497017
0.05277923
0.01732697
-0.08715742
-0.07109072
0.02972200
-0.05026088
0.00100030
-0.05465783
-0.05849564
-0.01162396
-0.05755255
-0.04454382
-0.04432348
0.04093735
0.01963414
0.07543082
0.02256260
0.01546557
0.02013558
0.02042703
-0.00188519
-0.01025714
0.04847030
0.00084440
0.05761718
0.01754793
-0.01771263
-0.01874095
-0.00472637
-0.00370610
-0.07957724
0.00838828
-0.06544765
-0.05253090
0.03617733
-0.02014652
0.05073967
0.10203390
-0.03325696
0.05930745
0.00870241
-0.03610743
0.03415236
-0.00223034
-0.05912590
0.00836007
-0.05071937
-0.01730107
0.00243871
0.01677343
0.01809384
0.14049876
0.03599659
-0.05997812
-0.01937999
0.04327126
0.06744305
-0.09245176
-0.06954276
0.01699307
-0.01143644
-0.03470759
-0.05441104
-0.02369886
0.04422627
0.02076036
0.03492144
-0.05990174
-0.07742684
-0.00466386
-0.02312960
-0.01073240
-0.00587328
-0.01009767
-0.00406344
0.01421661
-0.11094781
-0.01016636
0.03863723
0.04689141
-0.08092930
-0.02203466
0.06793424
0.14327792
-0.00613473
0.03363321
0.02956029
-0.03030769
-0.01226977
0.07981011
-0.03108730
0.00608584
0.04880093
0.02662872
-0.05243271
-0.05005136
0.01990729
0.02610228
0.02439880
-0.04890394
0.02508202
-0.01125463
0.01487800
-0.06918263
0.00750818
0.00463755
-0.07920621
0.00896439
0.02605432
0.03236329
-0.02573809
-0.00795012
0.03795763
0.03244204
-0.00137798
-0.03704155
-0.01378201
-0.01862392
0.04095073
-0.01107316
-0.00592128
-0.09132087
0.03082231
0.03836218
0.00303264
0.00020544
-0.04955721
-0.04561716
0.01473641
0.01564997
0.03034461
-0.04199620
0.01335560
0.04958258
-0.01541862
-0.02465639
-0.03020156
-0.02535303
-0.01962817
-0.07014783
0.00783918
-0.00943824
-0.00378142
0.05565005
0.05932425
0.01404307
0.00004840
0.04947026
-0.08459717
0.00693575
0.04928407
0.01256627
0.02253634
0.01207514
0.06150304
-0.04834792
0.00908102
0.00379632
-0.02593274
-0.00567307
0.09687282
-0.00643418
-0.05092712
0.02203117
0.05025421
-0.06260001
-0.00549542
-0.05246872
0.01459098
0.02664794
0.03500223
0.04122439
-0.10428133
0.00853905
-0.08149012
-0.00655464
0.03068085
0.04630322
-0.02842299
0.02327299
-0.06517566
-0.02756159
-0.03642122
0.02743209
-0.03797907
-0.02222690
0.04264662
0.01758826
0.01691033
-0.02402700
0.01286323
-0.05489531
0.05136719
-0.08170813
0.08468847
0.06107908
0.02546201
-0.01219250
-0.05484111
0.05013802
0.03789674
-0.00611247
0.15987854
-0.00301000
0.08527823
0.07497076
-0.04840559
0.00038069
-0.05159755
-0.08501679
0.00528055
-0.07777655
-0.04471850
-0.11711568
-0.04398190
0.07864607
-0.01943450
0.03891459
-0.05089469
-0.00744419
-0.01448933
-0.08120458
-0.08662205
-0.00601228
-0.02015185
0.01968691
-0.07520386
-0.01508632
-0.00152028
-0.06108547
0.01688105
-0.03578509
0.00022050
-0.02836280
-0.04062685
-0.02621773
-0.10716664
0.06801049
-0.01858558
0.01290778
0.02596313
0.12222817
-0.00606453
0.00341561
-0.03452259
0.03102695
0.03597674
-0.00446268
-0.05702873
0.07469433
-0.01302718
-0.00839362
0.06674166
-0.00046485
0.07143093
0.00947645
0.00534925
0.02215641
-0.11024237
0.02855024
-0.04239704
-0.05296221
-0.02402639
0.07224750
0.00669483
-0.03203836
-0.01289123
0.01354989
-0.03820460
-0.00039899
-0.05347723
0.00963080
0.02820553
-0.01399888
-0.00180155
0.05893253
-0.00875828
0.01076388
0.02875357
-0.01583718
-0.03860128
-0.02266300
0.02956713
0.05122416
0.02699460
0.01798085
-0.00766752
0.01564955
-0.03616109
0.02523591
-0.03407488
-0.02615833
0.03555646
-0.03768188
0.02172563
0.03817231
-0.02242670
0.00464403
-0.01527481
-0.08596200
0.05294744
-0.06345206
0.03918787
0.05610711
-0.04696199
-0.00377303
0.02944982
0.00765296
-0.02388280
-0.01388005
0.08666820
-0.05230184
0.07313878
0.08846340
-0.03936987
0.00817666
-0.04484793
0.01135375
-0.02847253
0.04944409
0.01596609
-0.03046224
-0.01619636
0.00304815
-0.00794734
0.03579712
0.11036520
0.02356464
-0.05229781
-0.00845599
0.09877813
0.04038792
-0.00628921
-0.07178227
-0.00558919
-0.00531616
-0.04329521
-0.07006444
-0.00923690
0.02994557
-0.09247531
0.04254169
-0.03567634
0.03467535
-0.02876643
0.03165536
-0.03309470
0.05166501
0.10370671
-0.01773686
-0.04110233
-0.01002121
-0.06349445
0.03430277
-0.01964836
0.07688691
0.02748542
0.05669018
0.01872343
0.03574459
0.00466066
-0.03752944
0.03137503
0.02441985
-0.02385596
0.05084699
0.00600336
-0.00905112
-0.07377945
-0.04164365
-0.07144621
-0.03327952
0.04024732
0.03094524
-0.04445411
-0.08338149
-0.09574358
-0.09709378
-0.06163405
-0.14651580
-0.07453962
-0.07826733
-0.10526623
-0.09039220
-0.09397607
-0.09250747
-0.10667575
-0.11812253
-0.13513270
-0.09102905
-0.02366964
0.00373587
0.00840364
0.02553616
0.00785682
0.02344407
0.13092437
0.16949087
0.10584035
0.07750146
0.20748629
0.09582520
0.24270027
0.24545315
0.23694894
0.19144258
0.25689650
0.24651303
0.14345516
0.21232292
0.18344413
0.05513828
0.15690445
0.07007423
0.08956481
0.08198750
0.07251656
-0.06753058
-0.03809960
0.01222405
-0.06599355
-0.11734810
-0.08921483
-0.11034171
-0.03754845
-0.08276501
-0.19946616
-0.14931160
-0.08828557
-0.15854734
-0.10900671
-0.14038720
-0.07580747
-0.06893080
-0.03535279
-0.11553813
-0.07495576
-0.09549158
0.00339235
-0.00943444
-0.03979104
-0.03636222
-0.07575330
0.00463902
-0.03312888
-0.02499321
-0.07241923
-0.06177656
0.06907981
-0.02781255
-0.00708925
0.00508649
-0.00851865
0.07589574
0.03228507
-0.01351701
0.02884195
0.03487417
-0.03909185
0.07976718
0.05782555
0.05280054
0.06500150
0.08561449
0.07352078
0.05283094
0.06704333
0.06111804
0.04241394
0.05281968
0.07645635
0.08675751
0.09044813
-0.01032943
0.07218630
0.05064441
0.04958566
-0.01362037
0.05320810
0.00260602
0.05160128
-0.00187272
0.00292094
0.06956121
0.02595699
0.01360441
0.08494519
-0.00206103
0.03130442
0.16981631
0.11572823
0.05070377
0.08455983
0.12549936
0.06120576
0.12699851
0.16890422
0.13763642
-0.00995361
0.05872495
0.03787911
0.07462093
-0.01602960
0.04699503
-0.00163099
-0.08682609
-0.11545797
-0.12593895
-0.21510957
-0.20402225
-0.20422504
-0.25660746
-0.31458056
-0.38181954
-0.40466529
-0.40783932
-0.40959871
-0.38956573
-0.38547664
-0.42642824
-0.33892983
-0.46010511
-0.32723859
-0.32109202
-0.34782994
-0.10769541
-0.14604501
0.04646044
-0.06892919
-0.02893217
0.07307597
0.15578250
0.17663086
0.20443858
0.26950388
0.34016609
0.32787832
0.40373015
0.39132239
0.35029496
0.41353386
0.34610478
0.33527908
0.37553251
0.28566499
0.23282090
0.14112899
0.22891476
0.20735442
0.14999607
0.10292324
0.03238615
-0.00335189
-0.00538708
0.04270203
-0.08482187
-0.04599730
-0.20072049
-0.09489939
-0.12018012
-0.12510309
-0.23908001
-0.21496765
-0.07867374
-0.12192892
-0.15855240
-0.10935618
-0.06121910
-0.04816802
-0.00547045
-0.13376001
0.03918035
-0.09471186
-0.10082522
-0.05245079
-0.07936078
-0.01881457
-0.09003826
0.01168817
0.00653862
0.03428867
-0.03371237
-0.09521190
-0.03480641
0.01810392
-0.01767679
0.02410878
0.05074296
0.06104906
0.01713583
-0.08948229
0.10230448
-0.01166350
-0.05949045
0.05003990
-0.04016675
-0.03313847
-0.03545480
0.07374817
-0.05966878
0.02218300
0.09464436
-0.03808718
-0.01224767
0.05340291
0.03971714
0.00118898
0.00236395
-0.00608940
0.03026466
-0.06886482
-0.00384514
0.02828446
0.01976087
0.03311065
0.00709337
0.00697025
0.00202419
0.02668677
-0.00162735
-0.00349774
0.03442780
0.08764280
-0.09448622
0.07521318
-0.00116200
-0.02350130
0.00193316
0.06986402
0.04133531
-0.12888568
-0.09482712
0.08074125
-0.00238702
0.07499776
-0.05336922
-0.09001764
-0.03427552
-0.09301782
-0.01525684
0.03115509
-0.00659285
0.00271636
0.04221267
0.06484315
0.01339840
0.10939540
0.04088418
-0.00856087
-0.05440134
-0.02536752
-0.05023382
0.02491552
-0.02061086
-0.11574587
0.02008547
0.00409773
0.02516766
-0.02336478
0.03961280
-0.00497440
-0.00601360
-0.02720626
-0.03847833
-0.01185310
-0.09990489
0.00062714
0.02921361
-0.07814680
-0.08805818
0.02337268
-0.03990942
-0.04818331
0.04395114
0.00003160
-0.00449914
-0.05745029
-0.02263535
-0.04026549
-0.02320271
-0.14142948
0.02596425
-0.07364890
-0.01592646
-0.01144999
-0.02340082
0.05459704
-0.01599407
0.00546165
0.07470215
-0.02397068
-0.00239859
0.01254345
-0.04297838
-0.04648651
-0.05947080
-0.00560457
-0.09072335
0.03868882
0.00289803
-0.08728267
0.05053700
-0.00439907
-0.06553373
-0.11728557
-0.00866506
-0.13100998
-0.00385572
-0.04866645
-0.06777478
0.03173517
-0.07900358
-0.03749778
0.05000180
0.06183549
-0.03589471
0.01137456
0.03997875
0.07570281
0.07212211
0.05307159
0.13624142
0.09780033
0.11713380
0.03313345
0.18947254
0.01766015
0.12565922
0.11219369
0.07267967
0.04874994
0.09131468
0.01474270
0.03551348
-0.00714401
-0.04107183
-0.00152628
0.01069476
-0.04783440
-0.05186464
-0.03365208
-0.05025266
-0.03626093
-0.06447938
-0.11417101
-0.05696929
-0.14633301
-0.03244231
-0.04500966
-0.00224021
-0.11910754
-0.05513189
-0.04505034
-0.08895746
0.03127996
-0.01016687
-0.15455493
0.00240704
0.03770715
-0.02411293
-0.02884889
-0.07075559
-0.01878566
0.06343081
-0.05959714
0.04188386
0.01482494
0.02594780
-0.04307968
-0.06048665
0.02096228
-0.01474840
0.08725430
0.00062574
0.01918781
0.00841303
-0.00024524
-0.00537235
-0.06138504
0.05288907
-0.01615604
0.02979066
0.04024705
0.00123190
0.01369301
-0.08978252
0.00333184
-0.05206167
-0.01081141
0.02169856
0.01073700
-0.04546188
0.02380070
0.08683757
-0.07370708
0.05281463
-0.02257655
0.04042216
-0.08129379
0.02395577
-0.01720657
0.00329369
-0.00817013
0.02741062
0.01919034
0.02637205
-0.02248601
0.03527530
0.02188006
0.01694133
-0.09973052
-0.04572429
-0.01471138
0.01395173
0.01617801
-0.03458448
0.00217753
-0.01484477
0.00087683
-0.05077783
0.05683451
-0.04222900
-0.04726741
-0.00631779
0.03649457
-0.00988889
0.04770396
-0.03269683
0.00130293
0.02791430
0.03269380
-0.07464258
-0.01856287
-0.02951800
0.01853801
