0.25370534
0.02400852
-0.38222590
0.59331586
-0.23416694
0.25375444
-0.30741651
0.16560350
0.25836235
0.34056654
0.29570616
0.73430328
0.09181880
0.27757425
0.40986578
-0.35408542
-0.08147685
0.44504171
0.44728007
0.42548451
-0.02343354
-0.09397682
-0.60592064
0.29684017
0.44431716
-0.04050963
-0.30510059
0.14176351
0.24948191
0.15449838
0.00308999
-0.22721976
0.11399537
-0.46993030
0.45660393
0.13432756
-0.36260205
0.26213198
0.00168823
-0.26635419
0.46835966
-0.32929377
0.72118402
-0.07464891
0.27401673
-0.79134870
-0.40973272
-0.21231725
0.02024061
0.35782568
0.13322204
-0.56034812
0.24576017
-0.49398802
0.25299551
-0.08480786
-0.21605675
0.36681270
0.07030120
0.14416615
0.63004551
-0.35722973
-0.33809482
0.37446941
-0.35000770
-0.21269558
-0.44463069
0.25829754
-0.54175787
-0.13853756
-0.04060499
0.25273881
-0.69697844
-0.21535231
-0.51963542
0.38308253
-0.47992768
-0.49237236
-0.27384975
0.48563956
-0.16017927
0.07114716
-0.74439630
0.08379112
-0.16379019
-0.62715809
-0.01157203
-0.24871334
-0.29379288
-0.00156033
-0.44598697
-0.29527886
0.32110380
-0.31185834
0.24076867
0.17080673
-0.15311829
-0.26680249
-0.11065890
0.33265407
-0.37016198
0.01212912
-0.13423250
0.22189797
-0.13452205
0.51423846
-0.03364066
0.15832194
0.52929635
0.34847104
-0.10208012
0.27786031
-0.17892299
0.19440994
-0.41990937
-0.54158506
-0.01301882
0.36429768
0.18613421
0.27483624
-0.50318666
-0.16843917
0.08342301
0.32311410
-0.50028276
0.14865100
0.05736305
0.33398224
0.27759370
0.56496613
0.05850153
0.02456574
0.28467605
0.37261955
-0.38145260
0.16015927
0.59108542
0.00197917
-0.17565374
-0.44537220
-0.06371011
0.47924266
0.52007722
-0.16981432
-0.66115883
-0.46599956
-0.12871334
0.18973137
0.23561430
-0.13202753
0.20537186
0.09043130
0.03057867
0.21221621
0.16571766
-0.01391300
0.04868202
0.17802662
-0.03300132
-0.27843679
0.11504183
-0.36213565
-0.04859020
-0.14039450
0.64661302
0.30409295
0.35134153
0.10947217
0.05285513
0.48082451
0.47987591
-0.16184970
-0.24966142
-0.37728890
-0.08053469
0.42201520
0.29997297
0.27060565
-0.35524349
-0.73280505
0.24040714
0.12251149
-0.51011969
0.15069852
-0.40177828
0.07052160
0.16156325
0.56916948
0.26619007
0.50090484
-0.01550093
-0.00614248
0.35581059
0.07319478
0.69805277
0.10631347
0.25331763
0.13432779
0.43219047
0.38448774
-0.19625540
-0.29672486
0.14139196
-0.19545721
0.68131982
0.04876857
-0.17224220
0.25552015
-0.28412919
-0.90501598
0.07334923
-0.15970265
0.13036068
-0.65725470
0.53004528
-0.27262828
-0.22363084
0.31792182
0.28868250
-0.01176235
-0.03959098
0.54006572
-0.05414981
-0.23289490
0.01830393
0.08031398
-0.52653264
0.08114487
-0.11196895
-0.45457849
0.40039931
0.03663906
-0.30853690
-0.64519159
-0.17326707
-0.24430352
0.56663882
-0.20425121
0.22297128
-0.14399112
-0.00527999
-0.21013350
0.02458710
-0.08942777
0.52117862
-0.06404534
-0.43630516
0.16163119
-0.39376005
-0.22434283
-0.49342074
0.26816459
0.09556799
0.20928761
0.05806746
-0.22657989
-0.11992376
0.24314787
-0.61017123
-0.29058712
0.07633139
0.43420486
0.66309607
0.09831609
0.03876826
-0.00331469
0.12984516
0.17276565
0.50657954
-0.26188190
0.36780696
0.04939050
0.18212544
-0.52384455
0.05447734
0.79134617
-0.44408166
-0.16298005
-0.15940823
0.16831134
-0.23486601
0.23366139
0.08765998
0.45599642
-0.43577701
0.06072764
0.50435210
-0.00798587
-0.18377663
-0.26501390
0.10471143
-0.28718990
0.45997196
-0.02088560
-0.49283946
0.14545997
0.21305161
0.15909154
0.39193767
0.15222034
-0.00300623
-0.01483835
-0.26994734
-0.32029003
-0.13414884
0.02842721
-0.18350306
-0.01504466
-0.05490488
-0.44426173
0.83000682
-0.33103162
-0.35128123
0.81973112
-0.10587373
0.24221670
-0.27987794
-0.03960121
-0.45399417
-0.73828000
0.25009530
0.47323192
0.12862888
0.29724249
0.24805837
0.38621689
-0.06550028
-0.60173775
0.39589728
0.07537216
0.50955993
0.14581969
-0.08836612
-0.01861973
-0.08233547
0.28796029
-0.13425853
0.13578471
0.01235727
0.01767069
0.92553773
-0.29681983
-0.07146155
0.21001451
0.00626861
0.45290239
0.23545261
0.00779675
0.17889182
0.50301688
0.24843158
0.09616369
-0.22047643
0.31985425
-0.31936401
0.38521576
0.43077962
-0.03154634
-0.23566794
-0.43513763
-0.56799367
0.19233920
0.15226169
-0.25642349
-0.03313307
-0.30016982
-0.26059630
0.04447277
0.20615364
0.10594193
0.37765530
0.13664316
-0.36724841
0.27896295
-0.57150830
0.11607870
-0.48890144
-0.00621858
0.28474908
-0.17220339
-0.30183388
0.21580395
0.08359001
0.18675965
0.78576941
-0.02409794
-0.07645995
0.63875127
0.06545256
0.09534823
-0.10452764
0.12337258
-0.16587493
0.49819846
-0.29947989
-0.41222042
-0.20458024
-0.20231748
-0.17912449
-0.32208049
-0.36763193
-0.31452485
0.23352118
-0.43570658
-0.26202929
0.12866933
0.04791035
0.11640797
-0.23539121
-0.01921010
-0.41233293
-0.09868658
0.99864361
0.03040733
-0.17883298
0.10615638
-0.34467309
0.31681128
-0.01301777
-0.34418996
0.22956993
0.22949972
-0.00826607
-0.05272803
0.25873049
-0.26705627
-0.11829930
-0.22819073
-0.14384819
-0.88802783
0.37397469
0.08298368
0.07529153
0.28310428
0.01737510
-0.62326447
-0.82108517
-0.32257997
-0.32112120
-0.22190975
0.31976572
-0.56059474
-0.20222520
0.36996592
0.28744903
0.23487562
0.29096079
0.17610395
0.10270629
0.30204122
0.16201602
0.61381013
-0.00210338
-0.01561360
0.01545278
-0.34438260
-0.03619137
0.02913189
-0.15555915
-0.11942146
0.54707887
-0.40684513
0.00816510
-0.43805003
0.39489169
0.36403109
-0.10786014
0.33599012
-0.08804537
-0.42186242
-0.48872570
-0.87586469
-0.30099460
-0.14414917
0.28539568
-0.37676392
0.07333653
0.39006698
-0.19931575
0.06643568
-0.18169001
-0.52304435
0.05048592
-0.22562424
-0.05815796
0.46786010
0.45175914
0.08744041
-0.23081140
-0.14987654
0.12642991
-0.20452419
0.72747457
-0.46279522
-0.35163458
-0.38360440
0.40562739
-0.28934150
0.37418807
0.31465216
0.28120660
0.24530997
-0.38961533
0.79171110
0.29258328
0.24640462
0.17199097
0.37898010
-0.30029372
-0.04170118
-0.56835991
0.54253774
0.63601137
-0.36851077
0.37290201
0.09789234
-0.10473316
0.06335174
0.46083367
0.07794436
0.01727774
-0.43346806
-0.09962330
-0.12039053
0.19732824
-0.50377507
0.10702974
-0.43940631
0.38127263
0.38663387
0.19036572
-0.04274383
-0.19974062
0.20752067
0.35638099
-0.24142384
0.02917073
0.33104172
0.15113919
0.13594726
-0.65440349
-0.76772566
-0.09523124
0.11189734
-0.01042485
0.13986954
0.42461982
-0.06794892
0.00891144
-0.12715068
0.55983977
-0.15692823
-0.60617393
-0.23268519
0.59700845
0.02958660
0.42220769
0.67779018
-0.28547302
0.21647710
-0.27670680
-0.17260061
-0.42792836
-0.19852902
0.11225168
-0.14206886
-0.34127291
-0.02303736
-0.31614646
-0.59427097
0.09432316
-0.29537456
-0.21691283
0.19066275
0.58902013
-0.30249974
0.04424611
0.18845576
0.44291651
-0.34844654
-0.21239784
0.21715138
-0.33195588
-0.11572745
-0.11010581
0.35425459
0.23835346
-0.24460843
-0.52167224
-0.03627572
0.80209318
-0.18618978
0.06290373
0.23341687
0.26389560
-0.28320929
0.69443117
-0.29119055
-0.06302565
0.24104882
0.70707363
0.17500672
0.07329322
0.01654999
-0.08949498
0.05236980
0.33031385
-0.11138492
-0.58675006
0.28550868
0.44424787
-0.52421625
0.25290173
-0.13316726
0.16240590
0.54938739
0.04500996
0.13145991
0.02435766
0.26434493
0.20921882
-0.17699376
0.30060811
-0.24649920
-0.11635159
0.03711827
-1.07383290
0.18981922
0.17169015
-0.02096342
0.09934808
0.34921287
0.55566243
0.18473898
0.49660462
0.67396410
-0.13587102
0.08117001
0.13318188
0.40346913
0.18074966
0.08250050
0.13716614
0.03595824
-0.00437207
-0.27392303
-0.23144713
0.47708762
-0.28475999
-0.72284192
-0.12163785
-0.47189811
-1.03846101
-0.76224956
-0.94684507
-1.32644336
-1.25809413
-1.47158619
-1.64737837
-1.05795235
-1.52004048
-1.23393046
-1.51026855
-1.36221217
-1.35786206
-1.19597613
-1.04510468
-0.67252551
-0.82392511
-0.38961281
-0.34042937
-0.16029122
0.53909673
0.16933600
0.68058052
0.77929959
1.28644979
1.49924901
1.41914255
1.09006389
1.72087629
1.67891104
1.77115819
1.34840597
2.37933927
1.30565917
1.89785126
0.80975884
0.81791295
1.35159106
1.10546214
0.57213350
0.40647028
0.42601743
-0.01727419
0.40907043
-0.84154522
0.25147301
-0.63444832
-0.96277374
-0.63699537
-0.44850978
-0.35100032
-0.84686245
-0.49359927
-1.02458462
-1.07963060
0.11743097
-0.66878207
0.22688739
-0.07433747
-0.42574563
-0.01811205
-0.38465626
0.05716647
-0.09378395
-0.07948186
0.28356159
0.41412228
0.06486414
-0.15735832
-0.40545081
-0.03351446
-0.82729015
-0.57201280
-0.49670818
-0.23989268
0.16136244
0.15909245
0.06458393
-0.35090263
-0.11359973
0.84224775
0.05430464
0.07337181
-0.72006497
-0.34392180
0.75512035
-0.15662836
-0.10177181
-0.09747092
-0.00141701
-0.15882361
0.07394455
-0.17371152
0.43352447
0.11481416
0.14812463
0.27381634
-0.20060790
0.59281392
0.27944158
-0.24810260
0.06409424
-0.55531301
-0.43470235
0.19573495
0.21744910
-0.13363856
0.23236012
-0.13539938
-0.42222308
0.30842826
-0.40388953
0.54400652
-0.25011736
-0.07030079
0.32481753
0.25194071
-0.04110065
-0.22251829
-0.63159174
-0.24906511
-0.17089579
0.01126172
-0.13075079
-0.38823152
0.06093003
0.18886083
0.56070910
0.04423140
0.50019067
0.59610312
0.17201474
0.72740895
0.48714084
0.11487347
0.27400864
-0.31273050
0.24517150
0.33798801
-0.51720320
-0.18725038
0.33498826
-0.27038982
0.47563957
0.12448677
-0.50247143
-0.09302465
-0.28270403
-0.08922932
-0.31412639
-0.11234821
0.34424152
-0.32665719
0.31420727
0.27809095
-0.13881901
0.07943829
0.37389576
0.11390359
0.19784809
0.04403149
-0.27702817
-0.67168034
-0.34363784
-0.00499977
-0.14385961
0.47372196
-0.24427873
-0.27685763
-0.17243033
0.51322557
-0.02279677
0.75645618
-0.24844654
0.24955354
-0.23386649
0.06508380
0.07235382
0.59016322
0.24549918
0.64044443
-0.59592953
-0.51784747
0.04788991
0.34229450
0.30113877
-0.43878784
-0.45290173
0.11867303
-0.51432497
0.75742936
0.40369658
-0.60916758
0.13296806
-0.43395314
-0.50854529
-0.62131040
0.01236309
0.20717467
0.16200496
0.01929982
-0.05563412
-0.27512711
-0.24785281
0.61839219
0.07472411
0.00949412
0.22096024
0.09032002
-0.11219383
0.04781343
-0.16069012
0.40679583
-0.17349897
-0.24224858
0.08025685
-0.56996661
0.26912243
-0.13947766
-0.03159102
0.29895382
-1.05488013
-0.53670826
-0.68188869
-0.33905152
-0.38736811
0.06399655
0.09371170
-0.12747025
0.43768566
-0.13117339
0.41428221
0.20710630
0.04400903
0.28340990
-0.24986665
0.30264997
0.20540737
-0.14598946
0.21466059
-0.32485546
-0.12718171
-0.07038484
-0.02329118
0.41758017
-0.21358137
-0.15994196
-0.18971589
-0.01862312
0.18818954
0.13398929
0.01648076
0.19021659
-0.09241893
0.21268074
-0.09092628
0.15280043
-0.12757606
0.67923969
0.18697385
0.21805801
-0.33074120
-0.06823413
-0.02733702
0.53451145
-0.13489836
0.43138418
0.16846830
-0.04862116
0.24695034
0.39070340
0.15627044
0.07819628
-0.24726596
0.27606641
0.26818498
0.17548443
-0.16260522
-0.47526584
0.64269139
-0.03967127
0.47373764
-0.30840682
0.34307501
0.40344055
-0.38416857
0.44245630
0.21406670
0.33430619
0.02895891
0.36303264
-0.05279146
-0.55060491
-0.54389072
-0.01128306
0.28625071
0.39367872
0.12502857
0.44109307
0.72196510
1.07067857
0.23154552
0.34330809
-0.05879337
0.40055706
-0.40002368
0.72333539
0.40466392
0.07112955
0.07379668
0.17041313
0.15235351
-0.02538010
-0.21874317
0.28081510
-0.16185770
-0.12835989
0.09134106
-0.32143581
-0.01253464
-0.23908846
0.35714989
-0.39881551
0.00604991
0.05647835
-0.18057471
-0.68566211
-0.38621365
0.84775180
-0.29429022
-0.00772484
-0.18690795
0.15391379
-0.03838891
-0.14733413
0.14007654
0.37298651
-0.40651967
0.62387888
-0.43307792
0.06269928
0.50243519
-0.29298132
0.25790996
0.15974385
-0.25322329
-0.68110996
-0.58772729
-0.00669805
-0.08135256
-0.02835304
-0.48293433
-0.35530628
-0.01632520
-0.49942374
-0.22982582
-0.28937678
-0.52431964
-0.03455232
0.22443532
-0.00576232
-0.36500367
-0.09542242
0.22428305
0.04613694
-0.20040451
-0.21562958
-0.08510143
-0.16113430
-0.38580816
-0.23190985
-0.34990822
0.03376941
-0.56126920
-0.15003425
-0.17810631
-0.23104336
-0.34580076
-0.04222820
-0.25908269
0.20423870
0.11216364
-0.23184588
0.13757598
0.37227644
0.65102186
-0.07062469
0.05670371
-0.73650932
0.04068439
-0.15743153
-0.01346924
0.27162735
0.59359716
0.22453209
0.23582765
0.28092605
0.21377974
-0.48133324
-0.91352515
0.14216400
0.27890791
0.31589465
0.34982264
-0.54089176
0.22927833
-0.37523473
0.42803852
-0.14161418
-0.17271986
-0.57847849
0.24327721
-0.26858722
-0.48229242
-0.25131510
-0.50595472
0.23224200
0.50914955
0.35775844
-0.00041936
-0.16116441
0.83703338
0.23163041
-0.47098602
-0.14933399
-0.09296373
-0.19119273
-0.00962842
-0.24741816
-0.08375467
-0.33067351
0.30884966
0.10744154
0.20962037
-0.04238738
0.24244480
0.55871020
-0.44565059
-0.59249767
0.17610371
-0.45697399
0.11391798
-0.07535306
0.11264866
0.01146785
0.27475948
-0.42038098
-0.02282778
-0.13294744
-0.32590637
-0.39447619
0.04522196
0.09801686
-0.13156209
0.10504776
0.41000149
-0.46465698
-0.30078278
0.39079257
-0.77541883
0.04032253
0.11876855
-1.20673725
0.57754611
-0.24694522
-0.21975037
0.15844369
-0.18654094
-0.04107421
-0.61157077
0.17922663
-0.06762804
0.40360331
0.14628787
-0.13456766
0.36358904
-0.20502819
0.13201639
-0.32061543
0.39231828
-0.00025172
-0.15264510
0.43404615
-0.48182163
-0.01058235
-0.30746519
0.63305893
-0.43929953
0.06132131
-0.13241152
0.34296997
-0.53813234
-0.80086243
0.15809880
0.44627379
-0.26748526
0.07512845
0.05275607
-0.32013808
0.02506447
0.10298326
-0.20729252
0.09675372
0.05188439
-0.12946550
-0.15508759
-0.28247989
-0.00051560
0.30774046
0.32132582
0.30565818
-0.35157540
0.53109946
0.29357172
-0.09909524
-0.77369714
-0.77764276
-0.27981572
0.19287294
0.16488338
0.05221135
-0.57954069
-0.07283734
0.13535320
-0.04258351
0.25474948
0.08297346
-0.09276518
-0.70652562
-0.46063444
0.21287486
-0.30862302
-0.30222032
0.30856900
0.00453086
0.35822170
0.20820289
0.12149141
-0.21635044
-0.51451118
0.24544551
-0.04721972
0.18196834
0.26279307
0.04152187
0.06753962
0.30750997
0.50213855
0.07036647
-0.12832305
-0.74110011
-0.39485810
-0.42176206
0.07089953
0.20872399
-0.58870927
0.00613749
0.73257413
1.17393512
-0.31572549
0.37602467
-0.12483172
-0.05358159
-0.19175582
0.19120995
-0.39467068
0.29778755
-0.24091200
0.27215595
0.65174318
-0.03436940
0.07369262
-0.35373174
0.25671101
-0.27386764
0.26116037
0.33621605
0.29130410
-0.32190697
-0.21361711
-0.02704301
-0.20661315
0.56896464
0.03459174
0.25856617
0.40099590
0.21853720
-0.28026463
-0.33302661
-0.12804939
0.43728246
-0.25953009
0.21513008
-0.26549477
0.04426117
-0.43363185
-0.05714022
-0.27825788
0.06900455
0.43949553
-0.74448645
-0.26419255
-0.50918362
0.13149091
-0.32417270
0.01947099
0.02731803
-0.43376144
-0.23785844
0.28010605
-0.00355574
-0.51474979
-0.75938205
0.34349075
0.03814044
0.12981880
-0.68528260
-0.45048750
0.09353229
0.12348273
0.23451212
0.45599693
1.09292833
0.43460835
-0.63396115
0.08075397
0.90550508
0.28293373
-0.08292179
-0.68370605
0.34599272
-0.33456427
-0.21339897
-0.11618670
-0.47959911
0.19406868
0.18873863
0.09642281
0.37585347
-0.55710743
-0.02257533
0.17099646
0.20979167
-0.38155110
0.85924766
0.15870602
0.03105923
0.06983044
0.30172907
-0.03836506
-0.14133991
0.62462532
0.02823961
0.08369982
-0.36250189
0.06322886
-0.38685853
0.05410155
-0.06393112
0.29816634
-0.27949098
0.10416557
-0.20655923
0.13287245
0.13887676
0.02297155
0.26319342
-0.21925255
0.20184892
0.44154619
-0.83581449
-0.04811856
-0.12612911
0.10930694
-0.48710737
0.17066953
0.61224559
-0.75671430
-0.14553733
0.50954129
-0.14792718
0.44719825
0.74722479
-0.32370760
-0.34866630
-0.28866170
0.22959661
-0.05962092
0.04335671
-0.00104774
0.32600990
-0.18306625
-0.14252023
-0.61421884
0.25440790
-0.61287391
-0.88510899
-0.19900357
0.14372173
-0.36885669
0.03448194
0.12379515
-0.28588266
-0.95418999
0.07401810
-0.56116016
-0.15203857
0.24080704
-0.31948766
-0.16729784
0.71346309
-0.28503929
-0.10156869
0.57242937
0.28141729
-0.31950190
0.70178522
-0.10422038
-0.35233287
0.02730741
0.09966263
-0.13373069
-0.43690441
0.08588645
-0.27193942
0.43467265
-0.31873343
-0.17730852
0.46546996
0.11653251
0.10120769
-0.27878731
-0.20653273
0.37939237
0.76101823
0.55504394
-0.41838451
-0.36460526
0.70215088
-0.22976146
0.39312063
0.66244704
-0.31698613
0.79063058
0.27450325
0.37244696
0.30472413
0.12405552
0.39374334
0.04772506
0.29143799
0.47407376
0.24446868
-0.10786480
-0.77438813
-0.21124189
0.09643799
0.35716456
0.30983526
-0.33624546
0.17749354
0.19808871
0.76562111
-0.03581913
0.49126480
0.06988814
-0.24325772
0.25020362
0.14059090
-0.01940351
0.08712025
-0.07145268
-0.21045002
0.32122204
-0.36809317
0.13541698
-0.21869912
0.44891024
0.28420512
0.19903150
0.51925688
0.24573075
-0.31105172
0.26742901
0.05723294
-0.18051810
0.42270297
0.04403682
-0.36673874
-0.08584412
0.01493391
0.33614456
-0.28291214
0.14352950
0.12828651
-0.29368876
-0.12679669
-0.25576101
0.12997132
0.33639589
0.23007375
-0.90889748
-0.31807052
-0.68286031
-0.28115975
-0.40767037
0.44669590
-0.37429744
-0.06971749
0.33784594
-0.89311523
-0.28344097
-0.35272590
0.36986314
0.51121244
-0.19927661
-0.47106434
0.39749248
0.03845986
0.21042084
0.13877943
-0.66135138
-0.36170675
-0.11149506
-0.46257734
-0.52433848
-0.20946057
0.34762797
-0.34058534
0.19026948
-0.12554645
0.08511213
0.94528038
0.21331524
-0.34320434
-0.46053555
-0.52295585
0.40603463
-0.01945761
0.30712017
0.21747242
-0.56468717
0.41849239
0.66133625
0.36013738
-0.14656269
-0.79586383
-0.04553480
-0.32629290
-0.04743327
0.08688156
-0.19259323
-0.19074106
-0.46998839
-0.11587701
0.12660186
0.28726653
0.63439138
0.10848770
-0.24001673
-0.18826593
0.06973232
0.04729656
0.19551466
0.10976603
0.35279002
-0.53212589
0.56763713
0.18947249
0.13238285
0.02643759
-0.52139074
-0.08594258
0.41521640
-0.10347025
-0.62616466
-0.28987291
0.30046579
0.05772717
0.09508496
0.28033691
0.08257714
-0.51143541
0.40204008
0.39642008
-0.04193239
0.26316254
-0.33953076
0.57904008
0.53765978
0.37800063
0.03327721
0.38101900
-0.40022262
0.21205836
-0.08262029
-0.04587213
-0.03807398
-0.15839986
0.64709543
0.25178832
-0.09856727
0.10180120
-0.48454412
0.16906497
0.10503604
-0.13839745
-0.02516449
-0.04343468
0.04677673
-0.00907986
0.03337169
-0.98638211
-0.23501863
0.12459031
0.37932791
-0.32664226
0.44217960
-0.18666724
0.18101094
0.07979566
-0.22411145
-0.04232808
-0.38368746
0.46558452
0.04208300
-0.23698528
-0.63426255
-0.03846174
-0.00073263
0.12463734
0.15187273
-0.28549157
0.52557248
0.03652720
0.08840547
0.34939007
0.06960957
-0.12177718
0.24024483
0.06487155
0.62322917
0.06774232
-0.12199610
0.20588455
-0.52089020
-0.31231162
-0.31602324
-0.02295679
0.18327887
-0.12149936
0.18811055
0.63987215
-0.28193045
-0.81614966
0.01649288
-0.30227710
0.42282094
0.65739049
0.02478313
0.45661961
-0.04095696
0.42443407
0.53050756
0.51560748
-0.34682483
-0.20393813
-0.01364673
-0.16504013
0.20622202
0.66060770
-0.32608372
-0.12471676
-0.10902648
-0.11739270
-0.04661435
0.46542191
-0.62139472
-0.22631238
-0.46162315
-0.01824529
0.52658711
0.15166368
0.14097305
0.11936989
0.52689745
0.13779584
-0.22689811
-0.59010699
-0.02869656
-0.13137332
0.22016357
0.21370784
0.21513571
-0.11691641
0.46597979
-0.40724345
-0.19149141
0.00095432
-0.07795940
0.53649457
0.01074523
-0.24268483
0.58805833
-0.46411044
0.07466441
0.31449081
0.15275315
0.21756903
-0.25279289
-0.06992125
-0.01554575
-0.28058189
0.07784598
0.11698535
0.45252138
-0.45707379
-0.41998701
-0.66455656
0.04007824
0.43653905
-0.26096259
0.26424904
-0.06070362
-0.15560639
0.04309096
-0.32747538
-0.37713009
0.16692926
-0.06321680
-0.07037795
-0.71068332
-0.01648843
-0.03748557
0.09978355
-0.07711310
0.30351450
0.04052200
0.38733327
0.44226428
0.26742108
-0.04307660
-0.12128521
0.18129953
0.00161771
0.49137848
-0.48631156
0.18583270
0.21297709
0.21230970
-0.19723276
-0.56135684
0.14611607
-0.08696742
-0.57972273
-0.06447685
0.24314703
0.42459315
-0.47956424
-0.68969509
-0.45317968
0.17537805
-0.53920992
-0.64934218
-0.36512725
0.15500184
-0.34069525
-0.37417975
-0.09014205
0.23176571
-0.22612731
-0.57580949
0.60407638
-0.06946320
0.34067864
0.10025637
-0.43144620
0.53452497
0.55684247
0.02355345
-0.33227776
-0.13851748
0.36397140
0.51714740
0.38167217
-0.46425960
0.07667709
0.00538335
0.55070130
0.08454239
-0.70094283
0.12930166
0.03162069
-0.04063065
0.05067982
-0.05279257
-0.00733161
0.29531564
0.17282563
-0.79964726
0.22358782
0.15782851
0.10145168
-0.00093913
0.48643442
-0.54405458
-0.26114953
0.53516008
-0.18972671
-0.10534482
-0.18970391
-0.01874124
0.22711529
0.21168163
-0.29396467
-0.44093597
-0.06799752
0.33678126
0.17815767
0.80623542
-0.26088072
0.16547473
0.44165262
-0.07049904
0.33695616
-0.07937211
-0.48936435
-0.18466319
0.62579712
-0.05262444
-0.55368725
-0.65416638
0.34042040
0.72611750
-0.27798623
-0.49069517
0.00135645
-0.22434633
-0.27924399
0.10076660
-0.35957751
-0.44781597
0.11763929
0.74538752
-0.03645833
-0.01475376
0.43957731
0.38948321
0.16169250
-0.08575325
-0.84821080
0.46956718
0.55024556
0.19806013
0.70695602
-0.30798706
0.32860829
-0.28888368
0.85441975
0.05545894
-0.64369163
0.10173791
0.16721695
-0.02378093
-0.26880908
-0.38776388
-0.40050453
0.55175568
-0.10443204
-0.31621725
-0.20752641
0.33731159
-0.05610050
-0.24607184
0.22682700
-0.27783730
-0.06079091
0.39034554
-0.36651843
0.64241656
-0.28503361
-0.36074111
-0.03674805
-0.01038806
0.35997132
0.36764346
-0.24777033
0.49869786
-0.22665830
0.13507669
-0.26585011
0.03700397
-0.24603260
0.52606256
0.20525979
-0.46974251
0.68607225
0.02769119
0.36221158
0.79582896
0.25261053
-0.34149822
0.10579509
-0.51290859
-0.52538970
-0.54092693
-0.34092515
0.01310002
-0.33269010
0.64568975
-0.18694357
-0.17315555
0.47775392
-0.17516783
0.01150326
-0.30905511
0.51006518
-0.37562319
0.10062295
-0.28888850
-0.04558383
0.40767889
0.15719469
-0.73190155
0.26047799
0.37139766
-0.16955405
0.07217873
0.30341867
-0.07399362
-0.03252296
0.35568944
-0.18718208
0.44966359
0.15979357
0.41784188
-0.28760502
0.19134617
-0.44760133
-0.32840805
-0.43662714
0.36285237
-0.27173116
-0.73047990
0.50059511
-0.57335662
0.16732662
0.19868788
0.17641991
-0.34381801
-0.12740592
0.06017356
-0.12355523
0.32381099
0.13104225
0.37792201
-0.16055373
0.05415445
0.26569650
0.07644898
-0.49192191
-0.63256464
0.88400138
0.86241721
-0.31933425
0.34452695
0.10086963
0.24627936
0.11885289
0.46486510
0.07994890
-0.19357982
0.46195959
-0.10547821
0.34621456
0.32166713
-0.16316266
0.04483177
-0.25055945
-0.15321342
0.21056285
0.33819828
-0.21595381
-0.16352210
-0.25984117
0.25663076
-0.05251345
-0.14908878
-0.15525116
-0.20882876
-0.31382265
0.19965236
-0.11289791
-0.03241908
0.00848022
0.34371903
-0.13829100
0.06708627
0.27975467
-0.04545737
0.20436043
-0.00836771
-0.25967396
-0.01678498
0.11164597
-0.06154918
0.03949332
0.31898556
0.15568929
-0.20816145
-0.21115876
-0.77284678
0.08408973
0.08388661
0.71436718
0.01796878
0.32889399
-0.37547833
0.23936820
-0.37962887
-0.56736043
0.37302535
0.03518503
-0.12519689
0.06367175
-0.57037573
0.46931151
0.16473296
0.19864268
-0.05794889
0.16928237
-0.18714294
-0.41967118
-0.09996737
-0.08826660
0.21666410
0.14901841
0.02413819
-0.16098127
0.09842551
-0.32032946
-0.11660281
0.34091880
0.10799836
0.20200699
-0.42318332
0.64616048
0.13914250
0.59437325
