-0.27812396
0.09269759
-0.02408568
0.05010988
-0.00869194
-0.00262136
0.03977424
0.04906834
0.09561534
0.14158725
-0.05146179
-0.02749771
-0.06918038
0.14314214
0.29903789
0.07370382
0.15941067
0.02913440
-0.02790973
-0.17512130
0.36069264
0.02774436
-0.04347141
-0.10020717
0.13316576
0.05832540
-0.06348227
0.00504248
-0.19643977
0.14238138
0.07637686
-0.15070417
0.07822075
0.22420706
0.21570802
0.01719602
0.08174829
0.04973046
-0.01855020
-0.03525053
-0.12994085
-0.07343295
-0.21206624
0.07859864
0.15721481
-0.11224051
0.08453919
0.11869261
0.30825338
0.21895755
-0.14650340
-0.00396909
-0.06515758
-0.05842219
0.02223661
-0.24122383
-0.12663746
-0.17068695
0.04220293
-0.05287858
0.01872362
0.12754801
0.08029896
0.29033931
-0.14655899
-0.19331962
0.07511934
-0.07667688
0.10730335
0.23607156
-0.01766855
-0.10387586
-0.09596699
-0.05623711
-0.28274456
0.07463628
0.03151958
0.19095784
0.05798282
-0.26730087
0.02162216
-0.03026158
-0.14147342
0.09913793
0.03911715
0.01445364
-0.12144379
-0.07681810
-0.02813777
-0.11391981
-0.12469627
0.15579279
0.03241260
-0.07434267
0.35241672
-0.12282326
-0.07801385
0.13552631
-0.10232881
0.01404460
-0.17437177
0.14718255
0.18985860
0.09888774
-0.14979551
0.04146839
0.07658589
-0.20206062
0.02306254
0.06570589
0.15340661
0.01918349
-0.12375200
0.22724956
-0.31333382
-0.08560898
0.22691645
-0.09832042
-0.01008584
-0.10190232
0.17517788
0.17609987
0.19108196
-0.01886429
0.45303500
-0.11491939
0.19818720
0.10208684
0.22566678
0.05178816
-0.10469170
0.15133441
0.05576324
0.21696965
0.21515549
-0.29533110
0.37149156
0.15335917
0.04844274
-0.10660628
0.12067547
-0.03062323
-0.09521297
0.18722304
0.05144029
-0.19237656
0.19361874
-0.13425020
0.09138904
0.06323597
0.22401474
-0.04585999
0.25143923
0.04335152
0.09919300
-0.37496578
-0.13993093
0.18814824
-0.01598555
0.15697790
-0.06443159
-0.14691699
0.00449607
0.25198082
0.05785698
-0.02638156
0.18556756
-0.04991925
-0.07924393
0.02816820
-0.03693851
0.03247875
0.19955658
0.20470086
-0.18075353
-0.18911658
-0.00530064
-0.33849783
0.03936407
-0.20740710
-0.07607805
-0.06648436
0.11800657
-0.51339391
-0.24025429
0.04207436
-0.05475457
0.06415634
0.09378752
-0.20345566
0.01430863
-0.10794799
0.14758013
-0.03056939
0.45473870
0.14614188
-0.27703596
0.03976455
-0.13829070
-0.02367069
-0.01275504
-0.36455016
0.07371888
-0.10114946
-0.02461118
-0.39152346
0.07329417
-0.01203290
-0.30242372
0.20144366
0.05249458
0.02168631
0.08170196
-0.04289992
-0.01495457
-0.14192069
0.15235170
-0.35129862
0.16235193
-0.01347327
-0.16504876
-0.06064868
0.04876246
0.14491248
0.11074208
0.16305244
-0.09906833
0.09465060
0.18839126
-0.27549798
-0.06478552
0.01750902
0.08856942
-0.14994677
-0.12315843
0.01108584
-0.04526653
-0.17088060
0.11769621
0.01826312
0.13391205
0.25976612
0.02614985
0.11614459
0.13966339
0.05622563
-0.08004583
0.02846054
0.19335869
0.04303881
0.35540974
0.16522048
0.00129470
-0.23879803
0.22503251
-0.25730978
0.07088867
0.17899397
-0.13365824
-0.19457895
-0.26909080
0.02778012
0.19316616
0.01546100
0.04804000
-0.07783289
0.05866060
-0.13847889
-0.30198557
0.09229715
0.10791509
0.18889747
0.20462225
-0.25597338
0.00075844
-0.05627139
-0.04843010
0.26704927
-0.09874150
-0.16851489
0.20478483
-0.21478543
-0.04872062
0.02871681
0.05966636
0.09322911
0.20087270
0.22714977
0.23738662
0.18458748
-0.09394008
0.15966123
0.19621957
0.08867580
0.04951098
0.01503829
-0.02005183
0.30098909
0.18684754
0.09427572
0.12445990
0.05963161
0.21595133
0.23366589
-0.10164793
0.02425533
0.15250665
-0.12012742
0.24917761
0.23057865
-0.05508973
0.19633383
-0.02578739
0.23305266
-0.08357909
0.07537177
-0.09915851
-0.03914022
-0.13481159
0.11051590
0.03559669
0.03473950
0.12614647
-0.09838101
-0.16546293
0.17131924
-0.01948765
0.09598285
-0.11768752
0.30090944
0.01185801
0.11432740
-0.30711373
0.07775902
0.20212989
-0.08967694
0.11319581
-0.07121354
-0.03742474
-0.06217749
0.12039202
-0.01773736
0.17522289
0.16088662
0.16266322
-0.09424016
0.14457542
-0.35003968
-0.02220950
0.19135411
-0.28036695
0.30130547
-0.03478764
-0.04495711
-0.11385962
-0.34722450
0.23254987
0.21081710
-0.00833306
0.05137758
-0.15382424
-0.12281058
-0.05821729
-0.09913495
-0.25819960
0.22472396
0.17357128
0.11497972
-0.00166404
-0.03111514
-0.14214314
0.03840298
-0.08798545
-0.18252483
-0.22755526
0.08441378
-0.04572122
-0.21340016
0.08560779
0.05501142
-0.04351696
0.04964598
-0.09684558
0.06656628
0.09580302
0.19328262
-0.14554462
-0.04997857
0.21073212
0.06102450
-0.08062731
0.29844524
0.04994353
0.18510304
0.04135198
-0.03742888
0.15089067
-0.01560875
-0.30113455
0.25994523
0.16176367
-0.04584928
0.26913331
-0.13540223
0.10752381
0.19238361
0.10603066
0.17160100
0.09959288
0.13285381
-0.15970385
0.07650055
0.01042428
-0.00402049
-0.23647759
0.34690544
-0.24105246
0.05317341
0.30545937
-0.01202885
-0.06142716
-0.04636994
0.02024188
-0.06919611
0.17941417
0.01275216
0.28100491
0.23471461
0.21638097
-0.03388765
0.16087776
0.25595180
0.13896492
-0.16391008
0.05797793
0.27249122
0.26842232
0.22854897
-0.12463986
0.28063698
0.09164620
-0.15217815
-0.11667924
0.13477504
-0.21742070
-0.25265058
-0.05391411
-0.17230100
0.27972370
0.05893194
0.36480380
-0.01186937
0.01164164
0.14211111
-0.09852137
0.16884139
0.28446750
0.07702134
-0.14389314
-0.13435465
0.18872532
-0.07346658
-0.15984472
-0.02287171
-0.12044179
-0.00445251
-0.12371172
-0.18474662
0.07530176
0.16242529
0.13350688
0.03740657
0.08286547
0.00200098
0.23379694
0.27331960
0.08999653
0.03093838
0.23736913
0.03725976
0.03161826
-0.05227936
0.08128798
-0.22422509
-0.35244409
0.06237842
-0.03008020
0.04328419
0.01336513
0.09701978
0.00481832
0.00139946
-0.08754169
-0.08494993
0.01064531
-0.02049170
0.01542932
-0.13239205
0.10174300
0.08629015
0.02623625
0.11727772
0.07288459
0.16791916
0.20323012
0.13956619
0.20174776
0.07783681
-0.04671095
-0.00556554
0.05409530
-0.05678285
0.12085332
0.23020233
-0.06561267
-0.03369720
-0.16958322
0.02950586
0.14159970
-0.06824871
0.05318817
0.06396465
-0.11272042
-0.14112534
-0.20921655
0.15766523
0.09085031
0.05232356
-0.13752171
-0.13745488
-0.25051021
0.02230797
0.01773821
0.04300408
-0.08329426
0.04331001
0.06423868
0.23052586
0.06541702
0.09527796
0.00838836
-0.07007127
-0.08089512
-0.07406541
-0.33659503
0.09703034
-0.19719730
0.04531169
-0.01212289
-0.08216610
0.04555959
-0.18103979
-0.03358996
0.14587346
0.02596758
0.23969849
-0.05243569
0.30018522
-0.09486275
-0.03144237
0.02976216
0.18116795
-0.06771554
0.04487966
-0.16145391
0.30225552
-0.27014945
-0.11790507
-0.03459843
0.28296337
-0.45310055
-0.24887442
0.03478235
0.04904431
-0.12234608
-0.06236299
0.17946232
0.06480178
0.25406075
-0.18041941
0.11573886
0.02637694
0.13065636
0.15904910
0.11219333
-0.01092282
-0.05918059
-0.09382784
-0.22367243
-0.12254969
0.22598240
0.10301167
0.07285085
-0.06751088
-0.05023890
0.19171687
-0.02474356
-0.11559759
0.03881888
-0.10483489
-0.19794317
0.22256382
0.01853462
0.07003934
-0.00021051
-0.16122401
-0.18591927
0.26184968
-0.21852975
-0.00657030
-0.19140024
-0.15567809
-0.13157248
-0.08931192
0.12987964
-0.27283051
0.01912239
0.12727997
-0.03545035
-0.15267511
0.02805678
-0.21268646
0.25632642
0.09965588
0.04418650
-0.06237847
0.06190276
-0.00995969
-0.00694582
-0.14518241
0.16571700
0.02054469
0.14365091
-0.18911490
0.01829106
-0.21073897
0.24768347
0.13746522
-0.01849229
-0.40967577
-0.25718124
0.08483327
-0.13224257
-0.04713212
-0.01050017
-0.02029312
0.27360981
-0.20062981
-0.24811379
-0.04888787
-0.05031263
0.02645582
-0.11770679
0.09960997
-0.16286071
0.17859041
0.00965660
0.09447151
-0.03411223
-0.14800748
-0.16236043
-0.16309610
-0.38319451
0.01168418
-0.17918980
0.11513872
0.07183415
-0.05062825
-0.20063860
-0.06995418
-0.09283447
-0.19542318
-0.07666574
-0.24059942
-0.20590476
0.15593285
0.20624105
-0.16610624
-0.05557837
-0.00683949
0.04380567
0.12272177
-0.00560460
-0.16956226
0.04109148
-0.28234769
-0.02924581
-0.10529908
0.21838135
-0.21800977
-0.12945511
0.13728964
-0.13762491
-0.16432610
-0.09830439
-0.12348017
-0.00500573
0.04505053
-0.03095771
-0.20853478
-0.03479539
-0.04507946
-0.32629585
0.14855943
0.10339705
-0.02909793
0.03319489
-0.06758329
-0.00212228
0.15106938
0.25269910
0.10818398
-0.04540525
0.02958212
-0.23353167
0.03180695
-0.19745782
0.16359749
0.00686800
0.00164180
0.09972617
-0.11432329
0.00898646
-0.29298774
-0.32068642
-0.11223398
0.05918375
-0.15862460
-0.06228141
-0.11998375
0.21404920
-0.02209137
0.19241605
-0.18110444
0.09988046
-0.01082635
0.07352897
-0.09083985
-0.08119997
0.05309705
-0.22979534
0.02821533
-0.03098707
-0.02471997
-0.17561230
-0.04035874
0.03133091
0.43279378
-0.09746629
0.04478176
-0.00249344
0.19895861
-0.13040650
0.02340507
0.00020023
-0.16600031
-0.18607667
-0.03761986
-0.14049370
0.25817789
-0.16952536
0.23015999
0.06925365
-0.03913630
0.32895405
0.03267471
0.11176389
-0.01071084
0.07020084
0.02454810
-0.04122756
0.19427255
0.00214298
0.19493608
0.24758143
0.16403475
-0.01276554
-0.01192336
-0.11859740
-0.03619372
0.38754328
-0.05158626
-0.07819225
-0.18515014
-0.03524410
0.08896049
0.18161924
-0.09862216
0.09894380
-0.14806084
0.05962769
-0.00276540
-0.05959158
-0.00092330
0.15974509
-0.01316086
-0.05310376
0.07472991
0.06616850
0.05074250
0.35961054
0.10508145
-0.04708559
-0.06995360
-0.06154056
0.23300405
-0.07391833
-0.15244212
-0.03910807
0.19746065
0.27843282
0.12909240
-0.11597768
0.10689998
0.20451364
-0.09901695
0.03111592
0.04918922
0.09651739
0.25551675
-0.01097283
0.15678271
0.09796681
0.01013580
0.08777052
-0.05257566
-0.00348484
0.17910239
0.13311682
-0.10837113
0.07403113
0.26947181
0.05889524
0.20709334
0.05954799
-0.01593768
-0.02947349
-0.06404958
-0.08090557
-0.01384706
0.33456371
-0.07749034
0.20446567
0.01151899
-0.09034664
-0.22141984
-0.14492125
0.02928656
-0.13874065
0.08089586
-0.11562033
-0.07907109
-0.14665099
-0.05613322
0.06615263
-0.02392328
0.19153051
-0.14856629
0.05750084
-0.11735775
-0.16433753
-0.08506515
-0.04930308
0.07686931
0.04787797
0.24807993
0.08631198
0.05296020
0.02547840
0.06418653
0.04382726
0.18223582
0.12495514
-0.15714986
-0.07741713
-0.13497230
0.09002152
0.19166179
0.05218079
0.05923996
-0.11841752
-0.12500724
-0.33649921
-0.30232319
-0.21721057
0.22631826
0.08907689
0.10625137
-0.13279126
-0.01917363
-0.17662962
0.01536971
-0.15479639
-0.11477926
0.23641361
0.31140034
-0.14337990
-0.25145307
0.14451365
0.13895846
-0.20684738
-0.12902631
0.13032534
-0.07579793
0.08488397
0.07357075
0.03161866
0.18079824
0.12252404
-0.00364541
0.11240713
0.41142916
-0.01132775
0.28502435
-0.21983452
0.03563431
-0.05234025
0.19851750
-0.29338931
-0.16510710
0.18919431
0.00385574
-0.05363539
0.17374811
-0.03321957
-0.20388622
-0.04312499
0.07581625
0.01839041
0.09995564
0.06214973
0.09309462
0.41966981
-0.05060158
-0.10203525
-0.27899584
-0.23657821
-0.19350316
-0.05069206
0.18695438
0.13367448
0.00238135
0.05501552
0.02553297
0.00165902
-0.08004758
0.16244936
-0.09760132
0.08190465
-0.01041529
0.01613217
0.13878039
-0.12110352
0.17289255
-0.14634298
-0.16494005
0.11293900
0.22634656
-0.00485739
-0.00868392
-0.03374297
-0.01897468
-0.02549912
0.11719408
0.00489302
0.15991097
0.00821064
0.20630501
-0.03403437
-0.03530787
-0.01541809
-0.06250718
0.25651568
0.18706828
0.07196828
-0.25387196
-0.06158048
-0.10870434
-0.12614008
0.08275902
0.18765869
-0.07754227
0.15254976
-0.29040474
-0.16132052
-0.06239794
-0.09483763
-0.06741522
-0.24413035
0.07419438
-0.07666179
-0.08028849
0.04721395
-0.04096378
-0.09910832
-0.17452158
0.05634176
-0.08743963
-0.07650336
-0.11799869
-0.03249914
0.10483099
0.10313587
0.05743447
0.09503371
-0.18637934
-0.05848377
-0.12026194
-0.16500259
-0.02062312
-0.26385565
-0.09991745
0.14874539
0.09475654
-0.15447581
0.11104981
0.00879654
-0.07433370
0.12698776
0.37950451
0.13645811
-0.13392264
0.09009566
0.10998585
0.11428082
-0.18217213
-0.16841257
0.11961153
0.08106298
-0.02737413
0.25569419
0.13138679
-0.03033296
0.14942239
0.11104714
-0.14339731
0.14043147
0.13009925
0.07396628
0.02511188
0.12346836
-0.13859847
-0.00786150
0.12549691
-0.06007129
0.09226713
-0.02048544
-0.06012037
-0.18507419
0.18598624
-0.00353774
0.09994584
0.11999696
-0.18345183
-0.11500560
0.07418052
0.20067719
0.12761213
0.10943879
0.20103047
-0.05279332
0.02652642
-0.15991824
-0.14036130
-0.22007589
-0.04082658
0.14487567
0.07808550
-0.02499544
-0.06391879
0.28334162
-0.19650747
0.30771100
-0.04558720
0.16532914
-0.17049552
-0.22972123
-0.04124839
-0.05132580
-0.12607237
-0.05791746
0.15501750
0.23270702
0.08307545
-0.15400422
0.12486597
0.10255841
0.01796182
-0.19201301
-0.29199893
0.01992963
-0.02815776
-0.11935581
-0.20899193
0.12919451
-0.22642998
-0.17167863
-0.06838078
0.07147381
-0.02189387
-0.03396907
-0.09101136
0.09145011
0.00357624
0.22292564
-0.22582981
0.05393634
-0.10121203
-0.01940484
0.13032862
-0.27578768
0.09312349
-0.05107857
0.18022449
0.06506891
0.31654283
-0.18049245
-0.00321957
0.09110638
-0.06830330
0.11972644
-0.02435286
0.06706313
0.13243629
0.19106804
0.04661643
0.10674466
-0.15423153
0.05887361
0.09856830
-0.00174479
-0.11153876
-0.19668789
0.00976028
-0.02098005
-0.41786791
-0.20864782
-0.27112879
-0.31486134
-0.48610772
-0.13614081
-0.13149826
-0.37791075
-0.48427201
-0.49038452
-0.31354128
-0.23507656
-0.36194130
-0.55178524
-0.31115411
-0.08673675
0.01259633
0.10703775
0.31728943
0.41759107
0.27660963
0.37256632
0.38808459
0.66216039
0.43209782
0.60466100
0.47630699
0.66428238
0.75705081
0.68509903
0.54841042
0.70240722
0.49250425
0.53972875
0.48537125
0.58118765
0.51004184
0.27247443
0.17153780
0.08105015
-0.15062648
-0.27174130
-0.18318683
-0.09494740
-0.09189964
-0.52852733
-0.12532172
-0.47888919
-0.38820424
-0.47829383
-0.51135525
-0.42024020
-0.41415444
-0.17991538
-0.31364085
-0.25196911
-0.09226685
-0.49379238
-0.33137846
-0.17129031
-0.46316810
-0.11034927
-0.07546240
-0.10778021
-0.06420321
-0.34759138
-0.09850978
-0.08238807
0.21440095
0.19331662
0.02285296
0.15838426
-0.02232242
0.09256937
0.14035085
0.47240006
0.29348568
0.30360012
0.06481504
0.01851727
0.21136093
0.25465141
-0.08379007
-0.00983442
-0.11520175
-0.06101275
0.22731861
0.11008995
0.01918438
0.15674336
-0.01190889
-0.03616348
-0.15717493
0.06810600
-0.04871075
0.01056328
-0.15744421
0.06424708
-0.08204839
0.10372105
0.05786383
0.14949444
0.10606381
-0.19189510
-0.11003752
0.14188616
0.16869775
-0.07927090
-0.09796921
0.27699885
-0.10595670
-0.00865490
-0.04714465
0.18918661
-0.02405777
0.09004120
-0.16483839
0.07553223
0.09713727
-0.24555462
0.01154203
0.07965037
-0.16160432
-0.09937497
0.09071169
0.10998832
0.14116343
-0.00171388
0.09146298
0.27628380
0.31013978
-0.11462677
0.01347173
-0.12113263
-0.04364899
-0.22193267
0.08241367
0.14597477
0.02552848
0.10775362
0.18116654
-0.02713263
0.03546020
-0.32890798
-0.00038913
-0.24253024
-0.14629902
0.31774802
0.12940069
-0.01393163
-0.25337763
0.15923071
-0.14740987
-0.02940346
0.07149305
-0.25235124
-0.04706458
-0.27914611
-0.15276800
0.06636264
0.29199297
-0.15732248
0.03184921
-0.09640815
0.03281957
-0.07780253
-0.19619648
-0.07048792
-0.29784189
-0.19599985
-0.07609511
0.03419553
0.19726295
0.07582736
0.10498258
0.14939412
-0.13639883
-0.01537253
0.14209953
0.35216387
-0.04399118
0.16848760
0.45058445
0.43483301
0.23130858
-0.00124793
-0.05138619
-0.08672885
0.55870194
0.09974444
0.02531976
0.06279957
0.03158183
0.13036184
0.19031173
-0.11212134
0.32989602
0.07154777
-0.21242699
0.19076754
-0.24520600
-0.01675918
-0.03199490
-0.06668675
-0.37054715
-0.19569514
-0.43456006
-0.28708462
-0.62119699
-0.44299614
-0.58327262
-0.35598254
-0.13943067
-0.62694610
-0.29571871
-0.37417782
0.01585053
-0.22097797
-0.02241853
-0.00428374
0.04135278
0.09043898
0.22438475
0.22081953
0.17177373
0.09535673
-0.00637425
0.45777423
0.44169095
0.27550176
-0.04944551
0.10021353
0.15983220
0.19533682
0.13841594
0.15729298
0.18706533
0.01283390
0.46001274
-0.01646667
-0.03001086
-0.10073771
-0.00100776
0.28444981
0.02101392
-0.13735690
0.12646161
0.22684714
-0.20686468
-0.07172396
-0.04066240
0.05672920
-0.04760960
-0.15826718
0.12168962
0.31058080
0.29649640
0.06966682
0.19543356
-0.40222268
0.03374277
-0.32855527
-0.11621906
-0.14357667
-0.06162134
0.10742409
0.25801339
-0.10184009
-0.24096607
-0.00747748
-0.16029423
0.22490516
0.11213660
-0.13529737
-0.18040328
0.00080676
-0.11955339
-0.21977410
-0.18256854
-0.10789403
0.03663318
-0.14873433
-0.01284367
-0.10408694
-0.35129783
0.02341273
-0.16333963
-0.03795717
-0.00520078
0.10010842
0.16400752
-0.04334345
0.15860279
-0.30042076
0.02984520
-0.11699068
-0.01750719
0.13233860
0.04281800
-0.13352490
-0.07035160
0.20279728
-0.07880940
0.22862442
0.13783075
-0.24093333
0.05979128
0.12530967
0.08354871
-0.03781222
0.11548598
-0.06137031
-0.06953217
0.14023720
0.31826467
0.02280534
0.10338022
0.28472901
0.00388730
-0.09618166
-0.08056389
-0.03204657
0.32843173
0.00853050
-0.06583604
-0.00249873
0.01361666
-0.11314352
-0.03555752
-0.03130701
0.30101206
0.18159990
-0.09906379
0.04180571
-0.38056469
-0.18862287
-0.00234793
-0.08799375
0.02080487
-0.10903347
-0.11006054
-0.17764856
-0.27985787
-0.09280392
0.02081899
0.11081943
-0.26465379
-0.09779525
0.06660308
0.04056358
-0.06284797
0.12453461
0.00329499
0.16429269
0.05477312
-0.01555057
-0.12292221
-0.20704695
0.04124787
-0.03268541
-0.02908264
0.08958882
-0.08268873
0.06800628
-0.19195499
0.08473478
0.15482230
-0.11163321
-0.02041623
-0.10980139
-0.30497785
-0.02203611
0.15147510
-0.01392570
0.07384787
-0.02672488
-0.14370748
0.13635458
0.08373798
-0.00382436
0.03277406
-0.07989114
-0.08073266
0.07006830
-0.00380509
-0.28006981
-0.20448583
-0.08870371
-0.00298286
0.28457942
-0.04382847
-0.27698462
-0.05472866
0.07928472
0.08784852
-0.08152627
-0.00255371
-0.00850618
0.17636450
0.08045808
0.24796617
0.04104117
0.17560455
0.07718309
0.02420783
-0.23491638
-0.04228344
0.08815816
-0.04978803
0.04451168
-0.04548068
-0.11065225
0.07935975
-0.09552727
-0.08144201
-0.29650771
0.08397146
-0.22507714
-0.09060268
-0.02678689
-0.01026341
0.02100905
0.02741904
0.19993141
-0.21349930
0.02706141
0.18747931
-0.23325426
-0.05676835
-0.00334151
-0.22962837
0.07141493
0.03849594
0.14381609
-0.06289927
-0.09095131
-0.02162019
-0.03950951
-0.09687167
-0.26297348
0.07349418
-0.30731030
-0.02181053
0.21422679
-0.10250460
-0.04228979
-0.25904657
-0.27076563
-0.04162635
0.09019252
0.04190078
-0.01195913
0.18122729
-0.13834511
0.21015772
0.02314759
0.03747240
0.21188928
0.20042837
0.10447498
-0.23884223
0.01448623
0.01884486
0.16463425
0.03065143
0.04009943
-0.25336898
0.01274296
-0.17326149
0.22897400
0.08091550
0.18043019
-0.07509575
-0.18486358
0.27819565
-0.10776631
0.20050742
-0.00329743
0.11336114
0.00812956
-0.00654458
0.04404205
0.24345736
-0.39921913
0.17584069
0.11226182
-0.14547050
-0.12368594
-0.07003858
-0.17463265
0.18834959
-0.32917689
0.06571505
-0.11886808
-0.00394500
-0.03398336
-0.11608902
0.28311127
-0.15940889
-0.06373610
0.05330443
0.21113921
-0.19467785
0.18817539
0.02553672
-0.00189690
-0.02787281
-0.22783932
0.01387739
0.01828910
-0.26012339
-0.07778656
0.22153214
-0.15233295
-0.15974012
0.05269217
0.04686451
-0.08451980
-0.20391335
0.03648319
-0.01860339
-0.14302862
-0.05683378
-0.14729174
0.29207724
0.11027395
0.06400380
-0.40283032
0.28009893
-0.19517549
0.31973762
0.09565101
-0.03454431
0.27469294
-0.16568784
-0.02711438
-0.06194745
-0.40723343
-0.02424973
0.04925347
-0.23002374
0.35848365
0.01652227
0.07816779
-0.12611725
0.00174374
0.00561879
-0.10388486
-0.18485492
-0.18970532
0.02837287
0.00831029
0.00280933
0.02958340
-0.22373370
-0.05633038
0.00645373
0.10505127
0.11977675
0.18882849
-0.01263250
0.12360077
0.12472593
0.00061258
-0.08344734
0.06801776
-0.16243733
-0.10735346
-0.18089581
-0.08433270
-0.00557825
-0.09421954
0.07367080
0.20433559
-0.14859853
-0.16938554
-0.28492854
-0.04189285
0.03372633
0.07232924
-0.21083440
0.04366409
0.01075836
-0.03865674
-0.00413744
-0.06811644
-0.11219938
-0.24490715
-0.05561239
0.03873554
-0.00952971
0.21229613
-0.21371968
-0.08746763
-0.18132157
-0.11512750
0.21630476
0.05500164
-0.00383966
-0.09691221
-0.09968954
0.02390327
-0.05878408
0.12625291
-0.01877766
-0.10656953
0.20727913
-0.10318123
-0.30380589
-0.04668370
0.12839129
0.07527697
-0.01561833
0.02152951
-0.15251212
-0.21066954
-0.07632318
-0.04516763
0.31328426
0.09416378
-0.07823130
0.04780604
-0.06083919
0.45948849
0.08305116
-0.14307765
-0.12979021
-0.04540545
0.15181051
-0.09197203
0.06337811
-0.08900910
-0.06143970
-0.01920545
0.07665475
-0.12508475
-0.14499455
-0.18978613
-0.27595514
-0.19434757
0.16282735
-0.19526605
0.13595467
-0.02449569
0.05704421
-0.24127604
-0.18114285
0.08834924
-0.05591715
0.08788502
0.11481137
-0.01864197
-0.33368471
0.03205305
0.11353497
-0.05441005
-0.17049090
0.05652089
-0.24615856
0.02458356
-0.27565494
-0.06416777
-0.15095829
0.20213236
-0.01556841
0.12170740
-0.11609525
0.08827448
-0.25892607
-0.10940295
-0.26217572
0.11058611
-0.25019618
-0.05904681
0.05478283
0.06302170
-0.09281801
-0.00177795
0.02665173
-0.14846132
-0.16989148
0.13122985
-0.10287140
-0.20266216
0.13457104
-0.01596312
0.24099126
0.15128866
-0.21218725
-0.15876933
0.08238733
0.09833185
-0.10718219
-0.07692968
0.04115195
0.29368680
0.05661660
0.06229088
-0.19208523
-0.02600035
-0.20604932
0.06097128
0.03959415
0.02702867
0.05812456
-0.18170464
-0.11335708
-0.05526701
0.21505888
-0.08224165
0.16613408
-0.09394577
0.29055023
-0.12493440
0.13787255
-0.08827050
-0.12162515
-0.17084404
-0.11384206
0.16122907
-0.02712479
0.15877383
0.07129543
-0.04722283
0.06775039
-0.01986914
0.05392182
-0.04499665
0.17567789
0.02705098
0.15094843
-0.17549564
0.10689996
0.22232567
-0.07605418
-0.18401129
0.09052764
-0.06373791
-0.19271902
-0.05288380
0.18603711
0.27458515
-0.11406741
0.04086427
0.01893094
0.05278093
0.10432778
0.06421068
-0.08052930
-0.00070611
-0.07360405
0.16673381
-0.15513220
-0.12051160
0.10059850
-0.09966583
-0.08153428
-0.00687106
-0.00066378
-0.16366551
0.12017015
-0.16945636
-0.14220216
-0.10823365
0.16368839
0.04031668
-0.08998471
0.22585541
0.21867002
-0.09957878
0.04379689
-0.30020965
0.05263664
0.05890258
-0.03444040
0.19512135
0.08508243
-0.35363938
-0.14919344
0.11538742
-0.06826374
0.12288314
0.23048628
-0.11825295
-0.15438798
-0.01589715
-0.14273977
0.23512042
-0.03168805
0.16286086
0.04519636
0.05009224
0.19299761
-0.12117938
0.04430638
-0.21537070
-0.03940800
-0.18137179
-0.00685052
0.10759709
-0.22330831
-0.04466313
-0.00815194
-0.13067420
-0.09417632
0.26628304
-0.17999078
-0.10102537
0.01261212
-0.37448301
0.07219461
0.01344877
0.09777604
-0.02071947
-0.03115753
0.04898409
-0.14729420
-0.23189567
-0.11644269
0.04669820
-0.01579143
-0.14242424
-0.05542814
0.10177562
0.06133625
0.03081720
0.25073786
-0.26130005
-0.01926607
-0.21778898
-0.14341542
-0.04258336
0.14757111
0.08242995
-0.39867688
-0.15046054
-0.00554905
0.09781831
-0.14359965
0.03608764
0.18611130
0.14144454
-0.05954026
0.21528288
-0.23006803
0.07419859
0.16308928
0.13058524
-0.06366067
-0.28105522
-0.37208801
0.06808166
0.13351681
-0.09225663
0.06277863
0.06310566
-0.07309779
0.08765721
0.01499685
0.07289469
-0.20307420
0.16894028
0.11857696
-0.19567125
-0.05086496
0.07356763
