0.20674025
0.15485664
-0.02785089
-0.11507933
-0.12006628
0.21216834
-0.27404847
-0.40827333
0.46912318
-0.64177221
0.67845639
0.12787581
-0.20021825
0.40773719
0.44786926
0.11331904
0.06443200
0.40447479
0.12810537
-0.15217991
-0.22541092
-0.54414914
-0.28881746
-0.60515234
-0.26916324
0.17431532
-0.16066116
0.81615319
0.62843849
0.20182540
-0.00423062
-0.53385381
0.27347243
-0.12959761
0.18350336
-0.42423553
-0.00405236
0.22884284
0.51949372
0.81144676
-0.24806058
0.08865017
0.06130607
0.18092311
-0.24778735
0.59158061
-0.19845000
0.02101522
-0.08946252
-0.07522956
-0.00403862
-0.00683227
0.12298717
0.33307778
0.67080871
-0.50334937
-0.16832378
-0.16238470
-0.54404378
-0.56993776
-0.11686200
-0.37308841
0.24848348
-0.52519530
-0.50718840
-0.20396591
0.19520535
-0.49975532
0.36408182
0.46678125
-0.15248229
-0.27116261
0.27238788
0.15305543
1.10782101
0.13825330
-0.52173052
0.33966566
-0.14152832
0.58405894
-0.13446813
0.12460773
0.44235038
0.35655863
-0.24858315
-0.63942345
-0.06243916
-0.33079963
-0.13949383
0.26839934
0.30187796
0.28537670
-0.06928866
0.09886831
-0.82483689
-0.21194339
-0.14491194
0.24132971
-0.09834779
-0.13685461
0.14518639
-0.18845216
-0.06909917
0.17810645
0.70380629
-0.01103473
0.11409017
0.00802887
0.71705696
0.24562916
0.32571533
-0.10342205
0.74472254
-0.21032611
-0.17015905
0.08527582
0.45810820
-0.25331509
0.15838848
-0.13823652
0.01829113
-0.21624579
0.18879342
0.08889275
-0.61179272
-0.09987696
0.11494201
0.05121690
0.12626514
0.06170271
-0.35824396
0.19411992
-0.66212858
-0.72092011
0.47771018
0.24218311
0.80581217
0.01964701
1.04206450
-0.38652950
-0.15673479
0.07332303
-0.22880237
0.02759691
-0.16434012
0.21344925
0.35156991
-0.63983880
-0.29586157
-0.03470725
-0.34342352
0.22141614
0.36114409
0.58829135
0.17281022
0.04835017
-0.30696797
-0.13514810
0.00888893
-0.66359303
0.04043193
-0.27481926
0.12980659
0.06512206
0.26156670
0.04154160
0.83371097
-0.61438793
0.52557900
-0.67958828
-0.21806121
-0.17273462
0.32066882
0.64901319
-0.36233476
0.03418491
-0.32015656
0.54340320
0.71711721
-0.37297570
0.44492413
-0.31600145
0.10373548
-0.06985521
0.03362001
0.14290016
-0.07207843
-0.38546538
-0.19500590
0.36068669
0.05922785
0.38947813
-0.26113584
0.68818754
-0.41491863
0.27084213
0.05261081
-0.19064908
-0.11310246
0.32977003
0.30826513
0.40340161
-0.18044614
-0.68639246
0.20364070
0.25371481
-0.18774580
-0.26868917
0.70973768
-0.37575439
-0.25033736
-0.14606507
-0.37433643
0.04223303
-0.48322094
0.29775808
-0.42294983
0.38871847
-0.21883063
-0.35225928
-0.57426586
0.21319948
-0.70544912
0.01742964
-0.73674225
0.23513467
0.12369208
-0.00944042
-0.15081219
0.15851129
-0.64553925
0.07118305
-0.20565615
0.40526297
0.26588119
-0.38843898
0.23468239
-0.11543444
0.28870950
-0.12077306
0.32818458
0.23649209
0.00468794
0.07800610
0.73562718
-0.94154265
-0.05335074
-0.51969972
0.02710114
0.04478366
0.13368890
0.48302851
0.68726656
-0.00223260
-0.50065673
0.02807406
-0.20754092
0.25312571
-0.14754655
0.49113862
-0.36091636
-0.52790785
-0.12638104
-0.18954866
-0.28066660
-0.86876713
-0.35511075
0.34771041
-0.48470031
-0.26076567
0.49216687
0.17771403
0.34468745
-0.20013537
0.77196293
-0.35461746
0.72799600
0.06719656
-0.38909510
0.06929572
0.40611397
0.14770983
-0.30545873
-0.20721124
-0.35682046
-0.52142817
0.27457880
0.22938670
-0.54825887
-0.00795312
-0.40745730
0.01303819
0.10949593
-0.09619455
-0.06215922
0.59475122
-0.65795410
0.14550179
-0.12952279
0.52541122
-0.23345395
-0.22753892
-0.51063072
-0.12714323
0.79945411
1.00874815
0.10289578
-0.20856035
0.12356738
-0.33282607
-0.29124675
0.20530883
-0.15805267
0.22896157
0.07062779
0.29193342
-0.54202044
0.15320833
-0.08923801
-1.02162750
-0.13494603
-0.07284953
-0.12118350
-0.03407825
-0.45795575
-0.42326545
-0.12892443
-0.72221059
0.31239591
-0.11962532
0.13307231
-0.10980696
0.50759891
0.83315325
0.39533533
0.20661635
-0.02259262
0.61442650
0.19824538
-0.42713888
0.47786597
-0.46258672
0.09192951
-0.42883517
0.42909535
0.05697377
0.15164746
-0.56004588
-0.51616377
-0.23089030
-1.11088147
0.06110569
0.39429998
0.40648064
0.63828014
-0.14885720
0.06758936
0.16906208
0.76771695
-0.76433380
0.30036239
-0.04108615
0.45777048
-0.40253041
-0.71223983
0.03718124
-0.46744390
0.33705495
-0.18610467
-0.23683063
0.34572690
0.01195962
0.18506091
0.29671368
0.11597587
-0.40207603
0.33367350
-0.12721520
0.23755748
-0.39830102
0.60435807
-0.01043418
-0.11919379
-0.02301268
-0.16183493
-0.64870067
-0.44819567
0.02479438
0.02084150
-0.16417222
-0.48779793
-0.74020963
0.26976497
-0.61114377
0.44494946
0.18042824
-0.14990700
0.38303834
-0.40172045
0.83831125
-0.51909918
-0.07606494
0.05291900
-0.01060205
0.04285697
0.07095036
-0.14985312
-0.45797102
0.42769996
0.15056189
-0.38035002
0.68219683
-0.03537347
0.06607043
0.59322158
-0.14980755
0.25000185
0.04068522
-0.07944148
-0.43893697
0.54245699
-0.13901054
-0.03250284
0.45137708
-0.05416505
-0.52266298
0.06737484
0.06625158
-0.08010922
-0.14631637
-0.46813015
-0.35474594
-0.11974943
0.29574401
-0.42418263
0.34173230
-0.01167023
0.02319597
-0.08197470
0.24799762
-0.85274485
0.50287515
0.44442798
-0.48413758
-0.08578089
-0.04141996
-0.11698960
-0.01317208
-0.02544920
0.08720946
0.17298044
-0.44148791
-0.00756254
0.51964951
0.02853020
-0.53838720
-0.70699125
-0.42037669
0.43476365
-0.06783408
-0.60025503
0.63419555
0.25611067
-0.00874151
0.17917552
0.83768065
0.14333463
-0.75193161
-0.09363913
0.44040401
-0.06633476
-0.48190977
-0.50255717
0.12520413
0.05431402
0.19143226
-0.65193562
-0.12638840
0.22959449
-0.55480830
0.21881651
0.26754132
0.21276549
-0.16922004
0.20952193
0.05640432
-0.23352536
-0.25955695
0.20768053
-0.31695287
0.04347332
0.08807791
-0.20542082
-0.62564017
-0.05780695
0.42831270
-0.39760287
0.02453314
0.52438165
0.14023295
-0.64428802
-0.09395280
0.11217009
0.29149250
-0.24515876
-0.06927183
-0.25195025
0.40747359
0.29147907
-0.10868582
-0.08063767
-0.01761817
0.09734551
0.44272020
-0.13993324
0.67210294
-0.73597117
-0.28442757
0.14554171
0.31299466
-0.13149379
1.07655406
0.79359056
0.16128329
0.08931318
0.04863408
0.11808294
0.00316977
-0.16186908
0.13554683
0.05334542
-0.30149134
0.15093472
0.58715313
-0.07133015
0.14290578
0.23378154
0.52372582
0.45796875
-0.30364703
0.07487218
1.03670077
-0.11337221
0.00529085
-0.31604914
-0.78444497
-0.33416043
-0.19414960
0.32597453
-0.62181856
-0.39687645
0.24683412
1.18590603
0.24278355
-0.22426219
0.16463807
0.52506605
-0.47285546
-0.33982861
-0.27644967
-0.20183478
0.02399739
-0.06232564
-0.09678886
0.02137651
0.17755765
0.23838127
0.48862815
0.04718485
-0.98175963
0.27358164
0.11545527
-0.46053281
-0.48480118
-0.05894847
0.24074049
-0.25253572
-0.12713022
-0.46086092
-0.11550073
-0.09426326
0.62291053
0.43574842
0.33361122
-0.37229330
-0.44075096
-0.21718687
-0.27467684
-0.36151308
-0.14496692
-0.40459305
0.59969313
-0.32942086
0.08702124
0.13740566
-0.56804522
-0.41114624
-0.15627793
0.25993140
-0.16485518
0.34983019
-0.47710158
-0.37166969
0.16721003
-0.13929464
0.81425867
0.20343414
0.12686969
0.06929491
0.16593547
0.02238295
0.27111739
-0.19493944
-0.07122720
0.04434757
-0.10603562
0.56988611
0.70007071
-0.23847403
0.04634703
-0.04813062
0.10019033
0.21021002
-0.29059709
0.17361111
0.12460279
-0.12265558
0.21706496
-0.33228669
-0.53269827
0.29221214
-0.97402317
-0.47761870
0.11331599
0.08510101
-0.13423041
-0.62908808
-0.16570640
-0.18802374
0.64761810
0.09444252
-0.01010976
0.33549927
0.91968498
-0.27741439
-0.06164538
-0.00040070
0.54630847
-0.22683231
-1.07339317
-0.55075164
-0.38615171
-0.03578680
-0.80428146
0.56470002
0.11368967
0.44251042
-0.03674024
-0.54244695
-0.37183346
0.04229688
-0.55531573
0.08123755
0.22166153
-0.48216338
0.56434225
-0.32323657
-0.41598033
-0.21318917
0.12697604
-0.24518228
-0.06483944
-0.48418013
-0.17233457
-0.54075367
0.40759111
0.45813211
-0.36415928
0.49437150
0.17113930
-0.03285790
-0.34724004
0.43958899
0.18009134
-0.15171330
-0.44305109
-0.40116640
0.03676868
-0.42165241
-0.49482670
-0.53055213
0.19839916
-0.33744192
-0.66843433
0.18971768
-0.50499346
-0.14489340
0.14633623
-0.00100994
-0.05129350
-0.01062496
-0.20066410
-0.05747986
-0.69182091
-0.14229305
0.53188101
0.80576323
0.11016346
0.15180162
0.22976995
-0.39868913
-0.08233539
-0.69317412
-0.08700191
-0.12910198
0.10897648
-0.24312815
0.26771474
-0.58479430
-0.36428250
0.47734481
-0.17777025
0.29488807
-0.14868153
0.03072065
-0.10991843
-0.48766307
-0.31383196
-0.24818883
-0.01937450
-0.14801392
0.09009335
-0.25481626
0.59247955
0.32035431
0.65543288
-0.37385541
0.74888711
0.03438864
0.35833547
0.50950391
0.28393059
0.28339750
-0.02770533
0.32803860
-0.26835028
0.10404086
0.34166628
0.31672803
0.31284629
0.32306689
0.27173387
0.42343801
0.15765689
-0.03573841
-0.24364084
0.25008357
0.36250661
1.21485117
0.00586642
0.46004436
0.67937377
0.56713645
0.61123428
0.37830356
-0.04728921
-0.31594932
-0.10901333
-0.42605331
-0.06363028
-0.25004190
0.16168323
-0.57208668
-0.23255691
-0.68109632
-0.76900463
-0.31041728
-2.04659125
-1.62488615
-2.03362122
-1.52913363
-2.06550170
-1.26256413
-0.81286284
-1.73797744
-1.41083484
-1.51998196
-1.28040716
-0.88966093
-0.55208294
0.54744191
0.24443928
0.64687943
0.55654450
0.30938521
1.19529380
2.09650186
1.60051564
0.78612474
1.72415466
1.58526097
1.72596679
1.92594177
1.35237971
1.84419080
1.80663043
2.21302486
1.24131648
1.05493636
1.49747346
0.59476695
0.36506144
0.69009278
-0.08115642
0.02297701
0.16294544
0.00109503
-0.15621777
0.11328214
-1.09595762
-0.88352043
-0.77184040
-0.66518361
-1.26942177
-1.26719634
-1.29656298
0.03855842
0.21813351
-0.20647204
-0.44719118
-0.41147146
-1.26383304
-0.69518469
-0.28279070
-0.93694040
0.09537628
-0.83476504
-0.04297819
-0.71490247
-0.19442041
-0.46202710
0.22834574
0.00614119
0.52792540
0.13712897
0.56599370
-0.36723462
0.03893854
0.41228417
-0.60085722
0.28378379
-0.38257256
-0.01415511
0.29895765
-0.40603300
0.19268769
-0.01270656
-0.13034227
-0.28107183
0.34326237
0.06452695
-0.59939063
-0.42658884
0.13283436
-0.09684308
-0.03661916
-0.13555631
-0.50918352
0.21881611
-0.57958183
0.51154848
-0.01883423
0.35276066
0.19105608
0.27329452
0.30206456
0.01361111
-0.64806295
-0.14958191
-0.53746157
-0.00241018
0.21499107
0.51358854
0.12025183
0.06685430
0.32151329
-0.00648860
-0.12704345
-0.07787971
0.56045127
-0.34782038
0.08729446
-0.01146002
-0.55855631
-0.25251720
-0.15339206
0.19291281
-0.08530816
0.70747064
0.36758916
0.44865639
0.97964494
-0.14968128
-0.26758604
-0.04402731
-0.19826255
0.22931517
0.04819738
0.40015014
0.27514985
-0.12707286
-0.10926688
0.26497347
-0.24292414
0.26123263
-0.04143357
-0.70915907
0.60671485
-0.55820820
-0.14226871
-0.10439494
-0.15154981
0.22259932
0.31498468
0.28711642
-0.12428714
0.25027922
-0.07820436
0.50057525
-0.39893875
0.00691552
-0.17880801
0.47552270
-0.49539199
0.12065601
0.57563724
-0.25080663
-0.42130635
0.17528394
-0.18942804
-1.03522714
-0.36188382
-0.55113349
0.36357331
0.17372334
-0.09128227
0.37867099
-0.48118640
0.32603151
-0.44172333
-0.37308468
-0.60504298
-0.16590249
0.21346577
-0.52946738
0.49204379
0.30427100
0.19314023
-0.67167392
-0.38307254
0.05829884
0.04848229
-0.17629015
0.65253698
-0.21230756
0.55413931
-0.00637327
-0.01425713
0.41360823
-0.63984629
0.10495289
-0.07115379
0.32146271
0.09616586
-0.34104074
-0.12763126
-0.53668848
0.18504803
0.12966523
0.30777582
-0.00943141
-0.15519302
-0.29184447
0.15196126
-0.39655604
-0.32850396
0.12298938
-0.54083952
0.22658749
0.72036508
-0.23391112
-0.49624217
0.02247509
-0.02045674
-0.01053837
0.11505330
-0.19922573
0.81625332
0.29698743
0.46622113
0.02094362
-0.31681470
0.36259130
-0.11747013
-0.48375540
0.60862557
0.00993066
-0.12453773
-0.65719512
-0.32883113
-0.43461650
-0.28673765
0.32373274
0.33784229
-0.12727903
-0.57517873
0.33126617
0.48259802
-0.12443409
-0.16385274
0.07906293
-0.01013335
-0.12274867
0.13989403
-0.13021010
-0.23153011
0.26249342
0.25875777
-0.12010011
0.50109414
0.04603868
-0.99294598
0.24781232
0.12968327
-0.79260276
0.28340473
-0.16783275
0.78946889
0.37057918
-0.75028299
-0.15884502
-0.26526802
-0.09023241
0.28084702
0.49696167
0.42374720
-0.00329768
0.95792669
-0.69726901
0.08009714
0.40283345
0.48095961
-0.14390505
-0.72899226
0.12371072
-0.75507476
-0.19843721
0.28278644
0.14566560
-0.46955448
0.80762178
0.11456448
0.81627463
-0.35648056
0.32639243
0.74591571
-0.11354615
-0.31362371
0.60376129
0.29298554
0.41372770
0.21970780
0.18668484
-0.19633161
-0.19803854
-0.03726353
-0.40673904
-0.40031878
-0.84941128
-0.66365956
-0.09142324
-0.32271548
-0.30985761
-0.66279225
-0.28120067
0.09296348
0.26841010
-0.43717462
-0.27469137
0.13876679
-0.00308174
-0.93713888
0.14268990
-0.12066605
0.19430546
-0.27606023
-0.57403892
0.26756004
-0.85876654
0.05825726
0.90949606
0.29438936
0.12948491
-0.15318126
0.32104857
-0.70683089
0.16267387
0.13889441
-0.22426606
-0.27405774
0.79966320
0.51484641
0.48630443
0.43432695
0.01566588
0.98248079
-0.04085312
0.26758872
-0.16486787
0.04168860
0.01047014
0.18817257
-0.72349731
0.14846143
0.40847020
0.26663182
-0.11936193
0.58393994
0.41505176
-0.04606928
0.21772965
0.47678848
-0.00176729
0.19252570
-0.21712268
0.19306468
0.27553121
0.56869889
0.24982825
0.03560083
0.09331023
0.00505173
0.22813216
-0.70247251
-0.21807319
-0.67618124
0.30078247
-0.24785659
-0.16777911
-0.23676769
0.07060915
-0.47365145
0.36343486
-0.08518894
0.58895094
-1.01201845
-0.69923240
-0.63836325
-0.04576952
0.31547010
-0.42763965
-0.49297023
0.85479774
-0.18472514
0.01026422
-0.02687404
-0.10541799
-0.54882791
-0.14027355
-0.15238055
-0.18252982
-0.35449178
0.31206639
0.22453615
-0.28301210
0.20226225
0.09786217
0.69931030
0.32351996
-0.45728575
-0.05817810
-0.29936138
-0.19149628
0.07592481
0.28687112
-0.38352668
-0.34284691
-0.47597198
0.06554561
-0.69888797
-0.20653725
-0.24287344
-0.29185140
0.30998774
0.30193168
0.28278708
-0.60188404
-0.01477429
0.28689325
0.54669320
0.14116255
-0.72143578
-0.22770074
0.35992972
0.04014305
-0.50725463
0.13915671
-0.15682395
0.07016822
0.81142325
0.21036767
0.33704224
0.14974863
-0.03137059
0.22044147
-0.01991494
0.14690878
-0.11431285
-0.07378609
-0.50753442
0.13960317
0.00759871
-0.21021106
-0.31450801
0.10013308
-0.27806678
0.42410870
-0.32633427
-0.24758141
0.21949131
0.10259144
0.40657111
-0.11711688
-0.01350891
-0.46823459
0.46393504
0.00357906
0.15586475
-0.28561179
0.11543890
0.07242939
-0.15087570
0.18644759
-0.04638435
-0.61970440
-0.22613989
0.04274012
-0.19334835
-0.01797356
0.14067214
0.21668909
0.25074740
-0.18600175
0.19328630
-0.11746705
-0.05094372
-0.34454234
-0.68999763
-0.58847063
0.04921478
0.46917659
-0.06598393
0.39043502
-0.64643055
0.46687342
-0.11059087
-0.08012220
-0.67834720
-0.38890919
0.38751767
-0.35167208
0.22329469
-0.66632713
-0.27381758
-0.19945162
-0.08437771
-0.38972827
-0.22373744
0.49036565
0.49320751
-0.30705316
0.27493563
-0.44307174
0.15887458
0.38889324
-0.17450380
0.25891199
-0.05142707
0.01588720
-0.18018283
-0.05540473
-0.41208567
-0.18725536
0.04934959
-0.67197349
0.24667159
0.07305458
0.42855392
-1.14127933
0.41362505
0.80007320
0.18541798
-0.50399803
0.19273243
0.36141046
-0.39879306
-0.34346538
0.10486896
0.11469652
-0.03780501
-0.13037788
0.12014378
-0.10533185
-0.33016141
-0.17624733
0.74226792
-0.33769536
-0.26947477
-0.66748942
-0.43452440
0.16037002
-0.63280516
-0.56867087
0.13311413
0.10166253
0.02800474
-0.38684407
-0.59181319
-0.01457704
0.15043105
-0.55001321
0.48325400
-0.15971551
0.15468039
-0.53548922
0.54718666
0.36770468
-0.09592657
-0.21173647
0.27445052
-0.15406234
0.44600807
-0.66753565
0.67677909
0.24135993
-0.08611838
-0.02008390
-0.23019666
-0.68602226
0.16346450
0.09916979
-0.55282594
0.02061595
0.26417179
-0.25450167
-0.04199359
-0.27379286
-0.06399639
-0.85402837
-0.17576771
-0.41427863
-0.61546163
-0.02864808
0.50172799
-0.72594471
0.46561282
0.05940997
0.09126485
-0.20720553
-0.34794309
0.36436426
-0.32081106
-0.19211922
-0.16418942
-1.04576859
-0.70719013
0.11332335
-0.25811274
-0.48210373
0.04955670
0.62654529
0.44909512
0.00510151
0.22432866
0.09580821
-0.47415852
0.48146090
-0.18123201
0.15847367
1.13484454
-0.05611309
-0.41503838
0.43986023
0.03008185
-0.23264216
0.52855529
0.06450019
0.63930510
0.07264214
0.08061160
0.17781670
0.13951819
0.24192721
-0.45885025
0.16310197
0.15530088
-0.15734960
0.39070125
-0.58906658
-0.17009908
-0.50644456
0.91191647
-0.33693104
0.04935432
0.12895080
0.03424958
0.67835912
0.16134117
-0.54351273
-0.22767148
0.23047509
-0.01467866
0.00256411
-0.29152585
-0.51562884
0.83104025
-0.05084325
0.32170492
0.23204148
-0.19268862
0.03998882
-0.27802342
-0.51679305
-0.34901404
0.02610878
-0.29182902
0.47325607
-0.41583378
-0.14616204
-0.38708593
-0.34715412
-0.46658304
0.51628982
-0.08577439
-0.44203471
-0.86167501
-0.50203595
0.01307320
-0.29104508
-0.34905002
0.39276165
0.30464632
0.13510510
0.80123288
0.14689704
0.02270982
0.20599841
0.03667521
-0.38556492
0.86045621
0.21539479
0.35153855
-0.00586531
-0.22896683
-0.23311003
-0.22149807
0.07616353
-0.01740367
-0.37454706
-0.16159061
-0.18296325
0.53676341
-0.11400149
0.62162467
-0.49860590
-0.14833992
0.47439966
0.04204782
0.41386110
-0.49642843
-0.90133245
-0.11137838
-0.27965543
0.12156991
0.56356675
0.44658973
0.33918055
-0.04744695
-0.09059433
0.01134447
0.18318346
0.46729960
-0.39720571
-0.30536724
0.04880961
-0.43263117
0.09245201
0.69426503
0.87037520
0.03951603
-0.02681167
-0.11471278
-0.23596667
0.21183059
0.12126212
-0.11580735
0.16938653
0.33275124
-0.03341548
-0.74857037
0.25429516
0.52165045
0.53420046
0.54875273
-0.61524589
-0.24297608
0.25823835
-0.06714209
0.24317581
-0.39877768
-0.06795486
0.43939387
-0.50435672
-0.03776016
0.23165934
0.07354342
0.71381563
0.22905103
-0.06506890
-0.04200751
-0.82609165
0.61462662
-0.28367867
0.14919268
0.16991539
0.15710496
0.00946381
0.38644628
0.21614593
0.45105395
-0.90035471
-0.28849925
-0.49245588
-0.04280579
0.14158948
0.05519184
-0.41463213
0.11180247
-0.45806219
0.46599565
0.21843443
-0.37391728
0.40291795
0.60561322
-0.15134167
0.71435548
-0.39732419
1.05711487
-0.27170122
0.20871434
-0.27038220
0.37083202
-0.07781119
-0.72082915
-0.42092222
0.17485814
0.17035238
0.29544608
0.31031304
0.28723060
-0.60868260
0.36389841
0.22314992
-0.09735781
-0.16439777
0.33168882
-0.02435689
-0.72601234
-0.30691089
0.06630473
-0.37830402
0.23896682
-0.30531719
-0.37953891
0.46514996
0.07570761
-0.11204053
-0.11650742
0.90598904
0.32522851
-0.47083841
0.43986668
0.53319688
0.02997317
-0.51380692
0.42047560
-0.11540553
-0.47620494
0.12988372
-0.37735435
0.07145527
-0.63114514
-0.63930901
-0.01246689
0.08340649
0.07847345
-0.00352734
-0.50601279
-0.14911339
-0.69526634
-0.30133747
-0.33834391
-0.10347720
-0.37035264
0.22009470
0.52812913
-0.09435852
0.28370104
0.08727119
-0.06994597
0.09398278
0.16024356
-0.44439459
-0.57469176
-0.47551338
0.07802763
0.66080924
-0.05440752
0.41377488
-0.28835492
-0.05705420
-0.07920108
0.43218812
0.13954453
-0.41156028
-0.43797078
0.00973308
0.09937878
-1.02818524
-0.14622539
0.02045659
0.52957907
-0.21368353
0.12280205
0.40953634
0.39990104
0.00729267
-0.11509933
-0.75259034
0.42197916
0.13275291
-0.15312245
0.11401176
-0.19882607
0.40945468
0.39514018
0.38116227
-0.42338795
0.75441302
-0.26257077
0.47642436
-0.40225979
0.69389358
-0.31773642
0.21523594
0.68471654
0.67167916
-0.42772846
0.23943172
-0.43612917
-0.45923895
-0.41303672
0.41322352
-0.31329884
-0.00713608
0.72503957
-0.20261252
0.22773585
0.17663827
-0.12840331
-0.00842256
0.05254620
0.66166909
0.35577652
0.49343339
0.29942000
-0.01936187
-0.17688900
0.77711944
-0.28561683
-0.18419800
-0.93000738
-0.36082211
0.25342132
0.18924950
0.10868122
-0.24969620
-0.43354345
0.23746232
-0.34159570
-0.45967752
-0.77280705
-0.39628466
0.18950063
-0.20524354
-0.15926013
0.02002648
0.47299032
-0.10250914
-0.06104556
-0.97486248
0.23773547
0.09791519
-0.13413514
-0.20959275
-0.37401038
-0.02149095
-0.13994946
-0.36684415
0.00270691
-0.28219275
-0.13257919
-0.13557779
0.63804723
0.17653143
0.18759548
-0.55173485
-0.21098716
-0.06804445
-0.13107438
-0.40285484
0.16102523
-0.01008477
0.02681685
-0.42759072
-0.07267595
0.19658352
-0.18780429
0.22247456
0.12299219
-0.11588420
0.10874245
-0.18719108
-0.07529813
-0.17527833
-0.37199068
-0.32910055
0.17167500
-0.05033216
0.13021806
-0.13483959
0.18295477
-0.04954238
0.00235051
0.07157845
0.17173716
-0.20228709
-0.13169034
-0.01725900
0.06191815
-0.03465538
0.20807701
-0.45338265
0.18511082
0.35196655
-0.25799619
-0.32259135
0.07838816
-0.28264961
0.01441341
-0.20933076
-0.66625700
-0.80226551
-0.09415690
0.19982533
-0.53259692
-0.37200680
0.17339999
-0.18669401
0.18131541
0.39223262
0.14738515
-0.32828136
0.07877928
0.25831585
-0.35439096
-0.23894385
0.83246927
0.77267414
-0.40693486
0.17754888
0.22696990
0.22140254
0.93016411
0.08080256
-0.06212581
-0.11089252
0.00395256
0.07627936
-0.23917340
0.17034262
-0.31521335
0.68010145
-0.22900387
-0.12729180
0.35008417
-0.04588804
0.36926972
0.35651976
-0.18011358
0.06265558
0.77295242
-0.10342345
-0.28590492
0.54701080
-0.02096344
-0.28675281
0.14097380
-0.10757976
0.29684214
-0.31517759
0.00736690
0.20577782
-0.18078390
0.13210752
0.70481033
0.41211437
0.37781240
0.42693722
-0.24737193
0.24709572
-0.28129423
-1.00226344
0.07053065
0.31368846
-0.09098576
0.19416457
0.32812330
-0.54702833
-0.08677294
-0.01347135
0.46720994
-0.35214240
-0.09874101
0.24344057
0.59110112
-0.47447502
-0.55232825
0.12180169
0.17651570
-0.83253560
0.22120070
0.09328606
0.30884319
0.79518071
0.63168987
-0.59353626
-0.36299063
0.14454658
0.11809523
-0.51756738
-0.08859914
0.67244620
0.70625306
0.50395929
-0.28226310
0.54406775
-0.73595657
-0.28770489
0.25493330
0.36903671
-0.40152821
-0.59839166
0.00953876
0.28005791
0.07507117
-0.46959944
0.04380105
-0.09493167
0.20816580
0.10148378
0.66015716
-0.39573968
-0.29502099
-0.41838118
0.10900681
0.30299635
1.16139490
-0.90567664
0.03086484
0.61104366
-0.37521483
0.19782033
-0.07451748
0.26525429
0.41151974
0.05912471
0.20274682
-0.63552245
-0.16830908
-0.33309854
0.08729255
-0.33736105
-0.14996698
-0.92301623
-0.03992351
0.16599454
0.81473877
0.31066540
0.24619672
0.40767817
0.21878937
0.52150649
-0.90251042
0.12781531
-0.26911694
-0.06548247
0.01376331
-0.36503000
-0.24259680
0.36679465
0.24485420
0.49511352
0.00321791
0.48128479
-0.17439711
0.22084323
-0.31112428
0.01025923
0.56066669
0.01765791
0.49633665
-0.95307095
0.68491855
-0.23570225
-0.11013443
-0.21715903
0.30518795
0.45538246
-0.78931502
0.26120624
-0.21971812
0.35668499
-0.01621597
0.22181199
-0.06678409
-0.15627045
-0.65648501
-0.13001355
-0.00066244
0.35614549
0.02680985
0.21500032
0.07797296
-0.06540329
-0.83225863
-0.10995259
0.04045157
0.15679371
-0.08402257
-0.34009720
0.46039453
0.12797036
0.07639681
-0.07653021
-0.20572240
-0.56506889
-0.18026263
0.17204670
0.92115994
0.17868531
0.25671156
-0.06002852
-0.23371723
-0.42450829
-0.49157377
-0.72364344
-0.82634554
0.32659514
0.21328529
-0.54059361
-0.62115491
-0.32050514
0.29294239
-0.12261315
-0.51294469
0.48702272
0.56131019
-0.17488787
-0.12203036
-0.50787041
-0.21799954
0.05529028
0.24866208
0.16224493
0.61955958
0.30983024
-0.01304257
-0.13499675
0.16731357
-0.22895152
