-0.72165707
0.01932601
0.29524328
-0.63523061
-0.50465942
0.45934902
-0.47509368
-0.43984021
-0.21531499
0.32691645
0.37160214
0.39980993
0.20047178
-0.64309550
0.24742044
-0.68538273
-0.17284127
-0.06049308
-0.20306220
-0.07088071
0.23892723
-0.41144273
0.16793585
-0.07023602
-0.37466867
0.07480661
-0.00421588
0.15768345
-0.09625887
-0.11814229
0.06498777
0.01564544
0.08162902
0.59940314
0.00328264
-0.20863998
0.27919770
0.61312939
-0.28839890
-0.54254965
0.33110342
-0.02624178
-0.04021460
-0.36118370
-0.49226164
0.24111408
-0.07628776
-0.06354596
-0.28581889
-0.13775194
0.05014573
0.09137863
-0.81052449
-0.50507793
-0.17146943
0.29236493
0.49524094
0.04972056
-0.50337937
-0.17161149
-0.30524296
-0.44554634
0.36245890
0.27949143
-0.20447772
-0.41418635
-0.29500983
-0.21083434
-0.25657504
-0.01187646
-0.62801469
-0.84197801
0.22218779
0.02895599
0.18033594
0.42830769
-0.06829278
-0.49769530
-0.23201476
-0.34862585
0.01418846
-0.20867369
0.56780621
0.08551832
0.62073029
-0.10724268
-0.28950024
0.03744466
0.31999029
0.57537042
-0.10442137
-0.72109493
0.35472010
-1.31534111
0.62063822
0.46850482
0.33753734
0.22282972
0.43955744
-0.46531319
0.81056365
-0.33412118
0.14306828
0.25802687
-0.91011089
-0.10577030
-0.10928189
0.08422369
0.10226230
0.60413390
0.40623212
0.03635237
-0.50025304
0.17507974
-0.09577579
0.23836924
-0.16236957
0.57654013
-0.43807128
0.39913598
-0.66801524
0.26901807
-0.06773950
0.20250528
-0.09313014
0.18880671
0.14487879
-0.11885545
0.64429315
-0.05932293
-0.48032010
0.13502503
-0.23556802
0.58546885
-0.51356530
0.37999547
-0.61273331
-0.50255345
0.35380185
0.50717464
-0.12396110
0.11857217
0.03950451
-0.14557901
-0.29142020
0.25716010
-0.30008337
-0.47197890
0.44812813
-0.04581069
0.30877122
0.18921009
-0.10998691
0.81244017
0.07409232
0.10477324
0.34426483
0.01084364
-0.18941136
0.49043400
-0.39094446
-0.15924229
-0.24038167
-0.14781090
-0.72117653
-0.69272332
-0.32289517
-0.09657415
-0.73472930
-0.07512378
-0.37480751
-0.00973982
0.11988581
0.19469871
0.29057350
-0.13224244
0.55268458
0.00783016
0.02308166
0.54954483
-0.11014162
-0.26359613
0.24861821
0.47848286
0.33271979
0.49940641
-0.17610983
0.12250781
-0.32674214
-0.56660619
-0.07079680
0.48347272
0.07058844
-0.23500421
0.67240285
0.44676730
0.51589447
0.04297426
0.47331164
-0.32291310
-0.08598466
0.52092988
-0.25131311
0.05590800
-0.14957586
-0.07523090
-0.17633081
-0.48755140
0.01080182
0.34638102
0.22330366
-0.42869381
0.18564372
0.51769233
-0.73109146
0.47802601
0.17981938
0.41549658
0.50893382
-0.07213298
0.11649582
-0.72756157
0.62638525
-0.48960716
0.20595994
0.20320161
-0.06494577
-0.11279647
0.06695193
1.06508838
0.19133589
-0.37412503
0.09767473
-0.04631330
0.09948329
0.14683380
-0.16879732
0.30972146
-1.07761144
-0.20210577
-0.26303154
1.45141249
0.20309173
-0.21195492
0.48754320
0.20780914
0.20634154
-0.51707305
0.19963571
-0.07397637
0.24868937
0.48266726
-0.36951081
0.18734764
-0.32774767
0.59795838
-0.15742904
0.13136720
0.16396695
0.29819772
-0.02058476
-0.56011730
0.17070105
0.31544332
-0.08301347
-0.12433810
-0.00795315
-0.07964191
0.01371191
0.52536569
-0.14443275
0.19798438
0.30366500
-0.21907846
-0.10960443
0.28877883
-0.07474805
0.53010671
0.21355014
-0.30773601
0.30985667
0.44211796
-0.00977104
0.01772283
-0.05900959
-0.43027688
0.34606238
-0.61354385
-0.58448565
0.11249340
-0.33894068
0.18936108
-0.37325557
0.12551988
-1.09335803
0.38775317
0.10764055
-0.07572517
0.32647020
-0.29163414
-0.02710711
0.75134143
-1.00687107
-0.29978398
0.00598947
0.12968912
-0.26524788
-0.48366463
-0.76119927
0.24765064
-0.16838419
-0.51004635
0.39776045
0.09215216
0.18332006
0.02207715
-0.12883021
-0.27571249
-0.45131843
0.09617062
0.12171044
0.37660130
0.12999197
-0.50794266
-0.33430711
0.42465760
-0.37916229
-0.65581809
-0.11761851
-1.10891124
0.51054643
-0.54850629
0.45081316
-0.32716446
-0.45165670
-0.16876536
0.22332596
0.21730379
-0.69345098
-0.88550005
-0.24042604
0.35444232
0.05340944
0.33864937
0.17982345
0.19496762
0.16198688
-0.25460505
0.39846753
-0.03988705
0.12489086
-0.64879644
-0.11497221
0.33853917
-0.06206603
0.10421799
-0.61863793
-0.82578240
0.01641825
-0.68814618
0.43239985
-0.37783927
0.19135113
-0.42475958
0.25872735
0.20707492
0.06998670
0.31294798
-0.31112824
0.45632308
-0.37364814
0.50156113
-0.01177234
0.14150726
-0.28533009
0.12819955
-0.15877694
0.35735589
-0.52159494
0.35485518
-0.11138833
0.43491226
-0.05867950
-0.46312541
-0.17015643
0.17536552
0.04046927
-0.19079286
0.03711417
-1.13817755
-0.15603620
0.38467268
0.05208416
-0.24298328
-0.18975452
0.04092022
0.00195201
0.24837474
0.03898404
-0.59914757
-0.11638659
0.33945321
0.17257968
-0.13467880
-0.28961449
-0.30900425
0.11987276
-0.56662211
-0.19684486
0.55808209
-0.42257866
0.95320833
0.06462348
-0.02067680
0.06782022
0.32139554
0.23530178
0.21425237
-0.35061325
-0.25199766
0.56483028
0.35843655
0.56247873
-0.69764080
-0.39306602
0.24157529
-0.48468782
0.06843565
0.37065654
-0.03040590
0.59340983
-0.28757615
0.72740878
-0.54486634
-0.00631875
-0.43476744
-0.57853956
-0.50103213
0.49050509
0.13711759
-0.63518951
-0.10114700
0.35341580
0.08241173
0.01487035
-0.27221298
-0.05557827
0.55560347
-0.67583538
-0.20406151
-0.59720334
-0.65498898
-0.55852473
-0.04210078
-0.05198904
0.03150828
0.51125179
-0.21541799
-0.85154826
0.77180833
0.27573991
0.36404369
-0.49580618
-0.33300509
-0.39022534
-0.11639777
-0.39251984
-0.01088646
0.13125183
0.11949291
0.10626620
-0.18392222
0.59627623
0.12619943
0.36267162
0.27939432
0.03658653
-0.28740165
-0.16198592
-0.80962768
0.45489170
-0.07848559
0.27424172
-0.63271368
0.28532504
0.55880355
0.29947891
-0.16108664
0.45238932
0.76004476
0.13186593
0.25790996
0.39237407
0.18820367
0.04378298
-0.27085927
-0.07078454
0.46173784
-0.63602101
0.04578451
0.67151933
-0.37698345
0.03779604
0.32111595
0.21197401
0.36808556
0.02697801
-0.20075837
0.04546966
-0.14327985
0.19220242
0.41212135
-0.15837385
0.60506056
-0.39460532
-0.64960929
0.54038025
0.55959991
0.01658982
0.05993992
0.19107956
0.36081187
-0.02726648
-0.31049626
0.36532646
-0.62308994
0.03339858
-0.02565340
0.08451457
0.00525482
-0.47182189
0.01611703
0.41456932
-0.16734609
-0.11265754
0.69711213
-0.13658751
-0.00587214
0.45549959
-0.28994450
-0.69906252
-0.48334677
-0.03452774
0.16351748
-0.25123342
-0.36698173
-0.24291159
-0.11595024
-0.22942783
1.05964935
-0.41976231
0.04393312
0.40474866
-0.03028276
-0.00398154
-0.48877443
0.22867550
-0.49797153
0.75988535
-0.03407798
0.73114910
0.29920121
0.11585192
-0.36955384
0.05060844
-0.32306840
0.11446621
0.51574025
-0.23918894
0.08037879
-0.10183369
0.32567884
-0.34856690
-0.22485177
-0.11819890
-0.16152363
0.19247850
0.92366629
-0.03159989
-0.22617688
0.30954819
0.00181709
0.02663422
0.15859884
-0.01520309
0.07849388
-0.11418510
-0.60578480
0.33351566
0.22787301
-0.08519457
0.88000402
-0.19006545
0.32365986
-0.54367584
-0.57162089
0.20762632
0.54460927
-0.13805546
-0.50728363
0.63391532
0.02015415
-0.01745226
0.06357012
-0.18325365
0.38307331
-0.18336624
-0.56044614
-0.39896054
0.41115252
-0.01623905
0.29844312
-0.27889670
-0.23031675
0.37422407
0.61799069
-0.25764280
0.04424452
-0.11012413
-0.37927604
-0.24586451
-0.09070965
0.07768537
-0.14425171
0.56504378
-0.35535456
-0.09859656
0.26452160
0.27984383
0.29333261
0.35316792
0.11479455
0.29064085
0.43438380
-0.52590052
-0.45880714
-0.05770080
0.72397511
0.47184071
-0.27530330
0.15758888
0.55779442
-0.31864679
0.62941820
0.47240402
-0.44772417
0.19929814
-0.06850660
0.36211544
0.88069019
-0.15616392
0.72261134
-0.16607376
-0.40357495
0.78725845
-0.12780354
-0.31545077
0.18979115
-0.32227269
-0.56347481
-0.61805623
-0.23976851
0.74706745
-0.25181927
-0.16264394
-0.47409917
-0.02182713
-0.02896445
-0.36887064
-0.13229310
0.45302088
-0.34255542
-0.19575273
0.32492538
0.02897915
0.62702941
-0.79299236
-0.39004097
0.07712199
-0.24184042
-0.30286000
0.12293875
-0.25664850
-0.14911824
-0.40775853
0.27046254
0.11793509
-0.51215873
-0.00349913
0.01055571
0.18740149
0.38665429
-0.38602849
0.04717992
0.00140232
0.66302554
-0.36951375
0.43111675
0.21182013
-0.06980028
0.24925109
-0.81986967
-0.50643511
0.40468037
0.79165536
-0.87940726
-0.61212258
0.83433420
-0.92684282
0.31519540
0.08848805
-0.08332538
0.23733045
0.29288206
0.11575164
0.08083812
-0.37942205
0.64885400
-0.01713359
0.45967756
0.52595512
-0.07324875
0.65272295
-0.40820390
-0.06606104
-0.16246790
0.03350484
0.13803825
-0.06731131
-0.42315264
0.07037665
0.12769061
0.20454104
-0.01716181
0.13032388
0.61311736
0.10246614
-0.35094877
0.25100522
-0.76862566
-0.28534376
0.00981786
0.18857410
0.21582340
-0.50498965
-0.62145460
0.06133972
0.13613438
0.10861554
-0.07627121
0.96858509
0.60305114
0.44298733
-0.24370329
0.11945293
-0.14624309
-0.37126595
-0.13281825
0.32698759
-0.44219505
-0.51058611
0.56830869
-0.19048898
0.29345823
-0.10462391
0.36116090
0.66881675
0.23419679
-0.69190410
0.47935285
0.22507762
-0.01660133
0.27242999
0.02826218
0.32658517
0.64872990
-0.30232058
-0.20122069
0.24373578
-0.26797896
-0.26082781
0.09847517
-0.22494908
-0.21117642
0.23510069
-0.23113069
0.00891023
-0.71767570
-0.02039595
0.23177698
-0.04458990
0.25660413
-0.79770238
0.59488257
-0.85401541
-0.42997439
-0.00258485
0.24436235
0.22099304
-0.00681068
0.39417351
0.00578690
0.08209513
0.63458765
0.76488110
0.54837428
0.16028652
0.75378854
0.23418204
0.60821346
0.21485564
-0.27175894
0.23955065
-0.01270816
0.14235800
0.95171420
0.39449300
-0.53780828
-0.45306254
-0.65233215
-0.23878196
-0.75196992
0.26352249
-1.81079716
-1.33967545
-0.97550602
-1.21288733
-1.63978972
-1.30116251
-1.60777242
-0.63362526
-1.58929484
-1.45111414
-1.42735812
-1.60101316
-1.24468491
-1.17885719
-0.21083348
0.07807330
0.07099427
-0.01735018
0.31071815
-0.14514720
0.77461585
1.11591272
1.45771856
0.83535415
1.25111390
2.49980244
0.93805752
2.37254560
1.61924248
2.33014480
1.32007841
1.53700790
2.01996351
1.51759120
1.66248865
0.67554564
0.72080053
0.60858970
0.63028659
-0.15336196
-0.06815340
0.12200216
0.40603903
0.12228220
-0.78919217
-0.57326107
-0.84306216
-1.04387486
-1.53459319
-0.16113491
-0.27442069
-0.65284394
-1.21112495
-1.22753184
-0.92996555
-0.41331633
-0.71001591
-1.09023827
-0.48997463
-0.68283912
-0.45604179
-0.04541332
0.03196421
0.00673375
0.14268549
-0.31029851
0.60458239
-0.22078364
0.23159160
0.80340177
-0.67797187
0.40259602
0.21501169
0.23722665
0.19829068
-0.38897317
0.22189666
0.23554501
0.77464687
0.07892860
0.31383876
0.44739641
0.25616355
0.18295280
0.58208199
0.67962993
0.52050007
0.30633868
-0.39708170
-0.31182793
0.10082446
-0.20235523
0.18785165
0.19448500
-0.02211506
0.01076772
-0.53596281
-0.33412273
-0.05318147
0.16964116
-0.10211664
-0.00579669
-0.37388996
0.52786850
-0.30924152
-0.26055524
-0.36572764
-0.34875821
-0.06278522
-0.12971948
0.06371900
0.59171366
0.46296714
0.28729113
0.04120961
0.01987205
0.33871709
1.09566219
-0.17703941
0.27524118
-0.13992083
0.51821238
0.31200149
-0.08973386
-0.16663960
-0.66182961
-0.68201376
0.02435792
-0.02515733
-0.46702590
-0.09742861
0.63715365
0.22715322
-0.18024385
0.23841910
-0.03730854
0.22736617
0.71184438
0.56369070
0.09646021
-0.32150388
-0.19342540
0.36199025
-0.00414781
-0.15592433
0.25095735
0.08471992
0.05581253
0.01396289
0.27559066
0.11312727
0.09251425
0.47820493
-0.18365284
-0.56563290
-0.63312748
-0.29260411
-0.09132051
-0.90401060
0.24514602
0.24810480
-0.87319938
0.58397514
0.23807598
0.15236223
-0.61060054
-0.03788437
-0.60313668
-0.61030737
0.57458137
0.05173900
0.48159376
0.22493633
-0.16942632
0.25885120
-0.00446088
-0.45605100
-0.21746082
-0.34170710
-0.15852498
0.34655216
-0.07869824
-0.38705787
0.15331108
0.09738280
0.32619569
0.66164698
-0.99742725
-0.26897145
-0.17097344
0.03611756
-0.00429911
0.10356327
-0.53473438
-0.30252941
0.02266378
-0.29941874
0.00139609
0.39403313
0.95943463
-0.07040733
0.03024198
-0.25757199
0.36493701
-0.34344401
0.48643394
-0.29697306
-0.05165010
-0.30264816
-0.75232118
0.27770976
-0.15877043
0.01112756
-0.68911193
-0.02120898
-0.40321259
-0.25833659
0.57604174
0.37918723
0.19125079
0.56448153
0.29387684
-0.46466754
-0.34336293
-0.18779778
-0.13236760
-0.29300108
-0.16299396
-0.02890715
0.17518704
-0.43675133
-0.02267932
-0.21652232
-0.33788019
-0.57134432
1.17402681
-0.21543102
0.80099501
-0.59258031
-0.55378579
0.04981321
-0.40625355
-0.26204003
-0.44143489
-0.41202872
-0.22172880
-0.09958587
-0.25993998
-0.29984707
0.86489510
-0.11768772
0.31118084
-0.01562900
-0.03074913
0.08315078
-0.18313224
-0.66524721
-0.01021504
0.30156061
-0.32328281
0.13762337
0.09736690
0.05395464
-0.57539551
0.37303507
0.06605762
-0.57964308
0.23158896
-0.23246835
0.26857516
0.29406593
0.20104229
-0.40727944
-0.06463453
-0.65862927
-0.63287795
-0.32501491
0.20601729
0.07309813
0.18931476
-0.00802050
-0.64424258
0.46505736
0.06211405
-0.12396718
-0.41699299
0.27550168
0.62026556
-1.01259261
0.36680680
0.42420363
-0.03573754
0.52655950
0.51599431
-0.21677442
-0.07730634
0.19887499
0.24478303
0.47087988
0.20720866
-0.04893596
0.22022433
0.17080830
0.02746768
0.18224815
0.05433653
0.22484774
-0.12748741
0.19204144
0.15486498
0.37027806
-0.09463460
0.67031521
-0.30850927
0.23888689
0.07996150
-0.87690630
0.21627046
0.38296031
0.34313165
-0.01568133
-0.20530752
0.00325898
0.39141812
0.61961649
0.33345239
0.03143574
-0.58980162
0.25548835
-0.54281144
0.02356747
0.26235888
-0.05208417
-0.64342624
-0.18970572
0.44435211
-0.24257480
-0.26584878
0.37205169
-0.00415150
-0.47245021
-0.03115478
0.05396770
-0.18031310
-0.05852483
0.15173947
-0.28726896
0.04706915
0.07223363
-0.20003629
0.40867514
-0.19020771
-0.50768504
0.19100299
-0.40369371
-0.19715230
-0.18591357
-1.08469242
0.32455711
0.70946000
-0.42548333
0.88899566
-0.09659761
0.72991092
0.04680559
-0.38013872
0.95283610
-0.75074875
-0.04013920
-0.26537115
-0.17152864
-0.37253711
0.01406960
0.43924966
0.68160130
-0.01124411
-0.04754242
-0.04715715
-0.46182639
-0.54707350
0.34201908
-0.34346679
-0.08824821
0.02748249
-0.21742785
0.56965845
0.13163183
0.14645805
0.02377417
-0.79428641
-0.64332323
-0.35738610
-0.01465895
0.43304989
0.02056554
0.14612772
-0.28054164
0.57893068
-0.00256418
0.49200401
0.27392818
-0.41216270
-0.34213314
-0.22292781
-0.04951358
0.04360194
0.02506590
-0.15946682
-0.07836173
0.24822539
0.63062623
0.13024810
-0.01950287
-0.30027618
0.43002533
0.41738518
0.14894865
0.15294734
0.33367407
-0.47813597
-0.48816559
0.11969736
0.42626609
0.24547855
-0.33235210
0.28225004
0.58006622
0.05609513
-0.58645246
-0.72120665
-0.49970546
0.08675888
-0.04308948
0.44699040
0.10609435
0.04159049
-0.22568935
-0.21464793
0.40878719
-0.37946382
0.88228938
1.07466609
0.60789470
-0.22137949
-0.00760473
0.15466865
0.94985638
0.51953385
0.19790479
0.09859717
0.15176921
0.27846418
-0.82582337
0.28113042
-0.18063338
-0.40509065
0.36291476
0.21662884
0.10594192
0.60766707
-0.67775398
-0.46289923
-0.11667160
0.62546257
-0.50813256
0.28880037
-0.18652864
0.61161225
-0.12428217
0.19099067
-0.13210519
0.25700914
-0.34152418
0.13766374
0.02825366
0.46222159
0.60154234
-0.56936043
-0.05627480
0.64700001
-0.40317643
0.33944798
-0.02772800
-1.01298677
0.03420530
0.26790511
-0.05231329
-0.04824234
0.15481822
0.39939633
-0.72721355
0.68420562
0.36388185
-0.97099223
-1.16829037
0.40059870
0.30149340
-0.32560107
0.81755306
0.12656712
-0.77270223
0.12162688
-0.58331487
-0.62526484
-0.26268490
-0.37651929
0.27812123
-0.02342407
-0.06748455
-0.13888912
-0.21809997
-0.64775396
0.43505261
0.29504168
-0.12414958
0.85209223
-0.03304859
-0.43781612
-0.17675528
-0.40029041
0.24347422
0.08074847
-0.28048521
0.10293650
-0.32205727
-0.71949979
0.75137664
0.28107309
0.32914258
-0.71455819
0.10303493
-0.36876949
0.48935419
0.12596564
-0.07366600
0.46373747
-0.46053512
-0.38959082
0.23645572
0.41913235
-0.72749736
-0.12277888
0.08796865
-0.53219100
-0.02021503
0.35304036
-0.35487592
0.30918761
0.21212655
0.16723411
0.10168772
-0.33710315
0.05762647
-0.17911000
-0.29667000
-0.66278864
-0.22957940
0.39702138
-0.11916265
0.15155067
-0.14290186
0.13533124
-0.04689142
0.01828685
-0.17378514
0.31163962
0.49258337
0.20924893
-0.06952659
0.14774208
0.27504074
0.59153813
0.46063206
0.05286518
0.14266192
0.27250451
0.40563092
-0.31626542
0.20779784
1.11764840
0.56804897
0.40574404
0.06332159
-0.93996898
0.36664977
0.26152132
0.23075017
-0.28235753
-0.57112797
-0.17160917
-0.20637122
1.02291203
-0.28508031
-0.07710405
0.31627188
-0.39568007
-1.12782101
0.22658817
0.99101451
0.00420405
-0.49486751
-0.39285493
-0.10930624
1.24906782
-0.06742219
-0.03332951
-0.10973651
-0.32378020
0.50565747
-0.45927162
-0.28811299
-0.11924505
0.18754735
-0.13064621
-0.15400596
-0.29738797
0.99546069
-0.58678777
-0.03472645
-0.31916820
-0.09212477
0.66654583
0.44417718
0.70514674
0.40094870
0.12703620
-0.05556663
-0.16451805
0.28894594
-0.12602489
-0.61350198
0.09937317
-0.43048254
-0.44824676
-0.47576347
0.19863810
0.05627918
0.24897058
0.30016484
-0.25964703
0.25302296
0.67135467
0.59197609
-0.00977322
-0.54240503
-0.20489720
-0.47179732
0.00986427
0.36538058
0.50504271
0.16376131
0.38542899
0.07277108
-0.05845835
-0.04262034
-0.62514101
0.28157002
0.09850482
0.08814582
0.31405264
-0.38286702
0.19991040
-0.29468519
0.35567655
0.39213826
0.27961260
-0.21529597
-0.05779920
0.25159098
0.37712612
-0.34919943
0.01340977
0.38856175
0.28974725
-0.31314193
-0.24369184
-0.76334471
-0.12620592
0.74599393
-0.26885321
0.58600069
0.03911205
-0.51464288
-0.32975875
-0.28390653
-0.34874904
-0.59514941
-0.36834358
0.07780855
-0.51953425
-0.02104780
0.39056377
-0.17114520
-0.12414656
0.33692164
-0.15430663
0.37280704
0.01561140
-0.41179940
0.13124359
-0.28188797
0.45793970
0.60347896
-0.02001744
-0.27797684
-0.51910327
-0.44277949
0.23560873
-0.34394673
-0.13663501
0.06821268
0.22299430
-0.04466394
-0.68482686
-0.00249217
0.65033715
-0.57219794
0.03493394
-0.10322808
-0.67572336
-0.10965855
0.11566709
0.08138875
-0.11968910
-0.15491017
-0.43961086
-1.12151905
-0.16794974
0.40484949
0.24279133
-0.27850019
0.07086521
0.14867080
-0.21830029
-0.37727785
0.46607275
0.13461073
0.37340875
-0.16637721
0.70003345
-0.52991955
0.08260383
0.42948493
-0.25246776
0.09561530
-0.66473116
0.02061763
-0.58793117
-0.05896083
-0.30791977
-0.22729972
-0.27917316
0.25705471
0.79049015
-0.33207565
0.32453325
0.19446700
0.22533261
0.12194020
-0.14805941
-0.01598098
-0.50838253
0.00294378
-0.57840444
0.01799891
-0.13114308
0.32102952
-0.39485781
-0.27172884
-0.91581347
0.20074329
-0.48353883
0.06974053
-0.15075566
-0.11184706
-0.21050269
0.20641276
-0.02676675
-0.57993358
0.23925559
-0.04900220
-0.02365265
0.42566234
0.40548713
-0.42605494
-0.23966923
0.45926380
0.55030228
0.82539481
-0.31191676
-0.62314156
-0.14200064
-1.15684404
0.28329798
0.06362420
-0.04757181
0.03880955
0.54842807
-0.13610074
-0.54086638
0.53471180
-0.12670009
0.17365339
-0.19368562
-0.27933746
-0.13009296
-0.05434060
0.33858732
-0.03701500
0.36523057
-0.53941549
0.00547861
-0.37763169
0.03940846
0.06150477
-0.21186436
-0.10565679
0.84202204
-0.33628570
0.14633601
-0.88700348
0.25895770
-0.17145769
-0.48811946
0.29854676
0.29350352
-0.46720817
0.42951909
0.00850504
-0.33246865
-0.05364610
0.52868100
-0.09368772
-0.26964141
-0.29676243
-0.13160727
0.35630778
0.47139205
0.16087800
-0.02022517
0.18132914
-0.10846978
-0.07742543
0.44884657
0.47940939
0.33126676
0.27350116
0.39656100
-0.29419371
-0.13422897
-0.27858613
-0.16325804
0.17762916
-0.54047424
0.46536491
0.01337679
-0.17284612
0.22561647
-0.24047918
-0.53387020
-0.81709508
-0.84767214
-0.06183261
0.41585949
-0.45365218
0.25375351
-0.09952171
-0.49993041
-0.21178079
0.17527101
-0.41794846
0.08192416
-0.65788127
0.37909071
-0.12473730
-0.09585089
0.39198818
-0.70535282
0.57336753
-0.45308695
-0.40113210
-0.70069893
-0.06430917
0.36008159
0.17613065
0.04140671
0.29318524
-0.30204591
-0.01082214
0.29550543
0.38361982
-0.16437287
-0.59283237
-0.19626574
0.01764847
-0.42758501
0.65887201
0.02498429
-0.31309001
0.34599793
0.33079403
-0.28123268
-0.07746938
0.04424607
-0.97225322
-0.65734263
-0.87021846
0.37642012
0.33177018
0.02200523
0.38198224
-0.11297269
0.04835910
-0.45884134
-0.18069564
0.41824619
-0.37986856
0.26612198
-0.27683735
-0.11048382
0.26219090
0.12341712
-0.44185194
-0.67228478
-0.68962383
0.82383734
-0.28675414
-0.32959084
-0.14570680
-0.14822113
-0.52661311
0.21570333
0.59535446
-0.75298393
0.20084527
0.17919876
-0.34158487
-0.11947727
0.01293470
-0.23545067
0.03559880
-0.19944134
-0.15629175
-0.13514114
0.04497335
0.30906978
0.19743121
0.27422254
-0.29873923
0.02312555
-0.16381773
0.31131152
0.03768230
-0.40814335
-0.54985493
-0.52844109
0.43658498
0.05587254
0.11945285
0.08927750
0.39239375
-0.38600280
0.54411884
0.26508933
0.42930636
-0.75172930
0.07826581
-0.09639102
0.74580639
0.53223414
-0.45422150
0.23972088
-0.64159150
-0.10445028
-0.09435747
0.36518292
-0.26258547
-0.33756579
0.27574266
0.96404905
0.13456889
-0.32749195
-0.13439171
0.03659785
-0.50403947
0.12891621
0.26193405
-0.46851838
-0.35315338
-0.16099021
-0.71861580
0.04781519
-0.38470143
-0.48782069
-0.17353242
0.46295542
0.45123796
-0.12291060
0.45097304
-0.52453254
0.39757227
-0.33099673
-0.60003765
0.10920815
-0.26077441
-0.15343990
0.31353830
-0.27458622
-0.12150446
0.21471159
-0.27092531
-0.31310324
0.35334476
-0.67544599
-1.14997266
0.94808658
-0.44323735
-0.60931827
-0.87476984
0.45030320
0.00643692
-0.01501095
0.41334166
0.28329672
0.12441003
-0.40966488
0.24319654
-0.23558477
0.23577687
-0.09867779
0.06552703
-0.31942511
-0.02860999
0.82583879
-0.84178978
1.01780949
0.01786333
-0.36085594
-0.08831297
-0.10280893
0.41693175
0.41041764
0.34559432
0.29250024
-0.45175896
0.59167332
-0.07572102
0.21304193
0.29216206
-1.09528311
-0.07572187
-0.13683334
0.25717696
-0.17851593
0.01034020
0.51140661
0.32936593
-0.06581217
0.08605941
0.15137099
0.13167517
-0.42107619
-0.03710602
-0.39327461
-0.14802834
0.42973685
0.02145538
-0.38721436
0.27337909
0.38367280
-0.02761033
0.24639132
-0.34803138
-0.34201053
-0.10786751
0.13306367
0.37277280
-0.16199570
0.16900031
0.56631345
-0.19715957
0.55981316
0.16542998
0.01266289
0.18496501
-0.28326912
-1.00874725
-0.38298246
0.84032784
-0.17528009
-0.46959752
-0.32258066
0.28598233
0.19404878
-0.22817795
0.62980643
-0.20063328
-0.02128104
0.06666365
0.21396407
1.11908739
0.22241668
-0.23294704
-0.45991828
0.07637103
0.26209337
-0.23853913
-0.59284729
-0.00837065
-0.11847020
0.49723931
1.12058927
-0.00151295
-0.35853851
0.03637688
0.42551465
0.09667345
-0.32496568
0.29766154
-0.17709377
-0.17286209
0.05494896
0.59223821
-0.54165808
0.29711636
-0.52932015
-0.58152163
0.54572138
0.25051314
-0.69050539
-0.29552551
-0.26152347
-0.74562965
-0.27606127
0.20549821
-0.62100440
0.56043471
0.09067965
-0.09816451
-0.39540991
0.28895098
-0.38240252
-0.06795684
-0.57377882
0.65675134
-0.47054830
0.56989116
0.31036818
-0.00699879
-0.02529528
-0.33715481
-0.35239614
-0.30823307
-0.02412006
-0.04326509
0.00327625
0.08839325
-0.26397868
0.30315581
0.15838273
-0.71167200
-0.56768490
0.05613875
-0.40723951
-0.11804674
-0.00646083
0.37924537
0.08844335
0.47412202
0.01892913
0.57745895
0.53133980
-0.34962513
0.38092265
-0.03127791
-0.44931379
-0.64618246
-0.40533080
