-0.15917033
-0.00510674
-0.16127297
0.13404476
-0.09298770
0.10497121
0.15132927
-0.06657723
-0.12979705
0.15120932
-0.06025836
0.20412937
-0.19255701
-0.05749048
0.02953036
0.24224413
0.25790272
-0.07057578
0.08630135
0.06710197
-0.17384039
-0.19933560
-0.31417758
-0.08486704
-0.08813443
0.02705052
-0.02976002
-0.04211150
-0.38574992
0.15999228
-0.00645625
0.00928820
0.20512003
-0.00877881
-0.24002951
0.15909167
0.11886224
0.11120375
0.05172528
0.16273779
-0.16375248
0.01087027
-0.01384384
-0.00950890
-0.02109673
-0.18774262
0.14790527
0.01982049
-0.01114279
-0.02323072
-0.16086913
0.08565534
0.06524011
0.09409841
-0.05501077
0.14443288
0.15293362
0.13375437
0.20026975
0.06457658
-0.09545089
0.17511798
0.09522556
-0.04153639
-0.01298902
0.04675321
0.00048837
-0.17267575
0.27068020
-0.09203840
-0.16125172
0.19339464
0.04629421
0.19141125
-0.09960863
-0.04856267
0.32352722
0.04018389
0.03937778
0.05033755
-0.26669217
0.01007215
-0.22191792
0.20856661
-0.01806235
-0.15269843
0.08396662
-0.11157673
0.18099115
0.26858633
0.20689900
0.12817305
0.12258741
0.04350728
-0.13828168
0.13752196
0.06075980
-0.06109511
-0.11476321
0.05100663
0.22204300
-0.02591929
-0.02691228
-0.14822809
-0.10897912
0.03038625
-0.06911288
0.41379911
-0.02697394
0.22118556
0.00279544
-0.10326301
0.03948069
-0.08115212
0.05488431
-0.05806228
0.11080539
0.04844060
0.05207902
0.28975025
-0.05775203
0.15797509
-0.12866547
-0.09945064
0.06050819
-0.02293803
-0.16434787
0.12622363
-0.08110427
0.05033444
-0.12551734
-0.02553172
-0.11393208
-0.00334255
-0.22123107
-0.14670839
0.05940962
0.21900179
0.15823911
0.00023514
0.01143528
-0.04455160
-0.20874514
0.01475310
-0.08887380
0.24145694
0.07389326
-0.14691819
-0.00150529
0.20033194
-0.05047265
-0.05152081
-0.06336177
-0.02086619
0.29677142
0.17925498
-0.11152061
0.03261865
-0.17109559
-0.03840483
-0.28754493
-0.31569823
-0.13086709
-0.09876578
-0.03018581
-0.05377640
-0.33786168
-0.02917795
-0.09605512
0.04894330
-0.27470997
-0.11027491
-0.19605164
0.15632526
-0.04645674
0.11784996
0.01841802
0.16127541
0.33494957
-0.03305602
-0.11240149
-0.00328280
0.10888423
0.02319048
0.05681007
-0.07921331
-0.14541837
-0.00692520
0.11803918
-0.18391465
-0.19127641
0.16779181
-0.19485825
-0.06537662
-0.03770297
-0.10049730
-0.01258135
0.12435848
0.05623539
-0.11923832
0.29063976
-0.04164130
0.48379746
-0.16926380
0.07782819
-0.10439708
-0.07714772
0.11435567
-0.02106705
-0.02008000
-0.03135909
-0.11801143
0.15994735
0.02371668
-0.16671437
0.02195780
0.19053616
-0.01873326
0.16020156
-0.14665809
0.12196136
0.08801581
-0.02532865
0.14442922
0.32147750
-0.00023416
-0.13006518
0.06186955
-0.25897983
-0.08956004
-0.15678410
0.00281835
-0.08217123
-0.23275161
-0.17647067
0.01051401
-0.31394028
0.09301275
0.10227041
-0.09696909
0.11857778
-0.04383420
0.25204648
-0.04955237
-0.21818635
0.12086900
0.12844310
-0.22711015
-0.03018415
0.27051485
-0.21578350
-0.09979949
0.07235982
0.14025852
-0.10542418
-0.04073601
-0.05719934
-0.24144061
-0.01630363
-0.01948491
0.03350824
0.12423634
-0.13646710
0.05547846
-0.11764096
0.09500521
-0.01949928
-0.11515777
-0.02253789
-0.00961856
0.04079331
-0.05279976
0.19890536
0.06569480
-0.10028901
0.07253385
-0.28423258
-0.07021298
-0.01837996
0.38184274
0.06088882
-0.36960798
-0.01982747
-0.26581663
-0.03865191
-0.09039930
0.25165968
-0.29093180
-0.19963220
0.18531601
-0.06685029
-0.10622064
0.10053496
-0.05111805
0.02476856
-0.26640685
-0.12120222
-0.03318473
0.25853739
-0.15373436
0.00288564
0.07723387
-0.02381521
-0.04343346
0.43669228
-0.20124636
-0.12187557
0.15160063
-0.15562813
-0.10934783
0.00753859
0.18091123
0.15877026
0.15880044
0.15799711
-0.16320014
-0.05748091
-0.03872586
0.10824076
0.03351268
0.00046073
0.05393844
-0.03408059
-0.09015560
0.06473812
-0.08944456
-0.22715304
0.09921360
-0.13058424
-0.21419290
0.01251563
0.14841129
0.22570380
0.15940339
-0.18012851
-0.22388285
-0.01006528
0.00857360
-0.06073867
-0.09011184
-0.04112116
-0.14226677
0.29003935
-0.24898226
-0.05585078
0.16646177
-0.08506719
0.15125231
-0.17414701
0.29617061
0.20595332
-0.15042955
-0.07422865
-0.02036817
0.00306232
0.01598645
-0.04736033
-0.04778886
0.04460509
-0.13356575
-0.10028262
-0.07704921
-0.09642888
0.12192453
-0.10975006
0.15837845
-0.18417123
0.19751184
-0.17455596
-0.06865987
0.07719938
0.13478417
-0.00058021
0.12668243
0.16395109
-0.02616394
0.13492403
-0.07418070
-0.05495755
0.15460361
0.06408639
0.02688784
-0.10641784
-0.16224538
0.13065654
-0.10597041
0.01734661
0.19722169
0.28645860
0.14824234
0.00120278
0.09066569
-0.06257217
-0.17284823
0.00783367
0.08785644
0.09251739
0.04669894
0.14988110
-0.01862201
0.15368674
0.04204053
0.08476290
0.00404099
0.08006479
-0.03944564
0.17125308
0.11885476
0.06867336
0.17695051
0.17627346
0.07885564
-0.09416765
-0.07939507
-0.02337634
0.16835463
-0.16262792
-0.24622374
-0.00082166
0.02175609
0.09347706
-0.18854446
-0.20247896
0.07126737
-0.04051454
-0.17934486
-0.34195457
0.20936875
0.48217770
-0.00259868
-0.05728240
0.14834967
-0.23924977
0.26622822
0.02069552
-0.04088793
0.14791210
0.16379073
0.01882733
0.07379782
-0.06734014
-0.10475618
0.18875992
-0.20454633
-0.19924977
-0.13248367
0.19218593
0.07145453
-0.09631034
0.03923583
-0.12287808
-0.12741639
-0.09182708
0.05991065
0.13799832
-0.06820163
-0.11289306
-0.09450885
-0.05445442
0.04494335
0.00502061
-0.03285350
0.11502480
-0.13556851
-0.02988970
0.23133244
-0.03129584
-0.13480924
0.06191597
0.14885515
-0.12123043
-0.03031612
0.00867091
-0.07272232
0.26515378
-0.31123964
-0.02941438
0.10263527
0.08054714
-0.04590912
0.23311223
-0.25145764
0.01935402
0.13602564
-0.08143806
0.07529299
0.11528488
0.11185028
-0.01582587
-0.13470639
-0.18712336
-0.12850387
0.28720513
-0.10326050
0.15116799
-0.02604358
0.09599191
0.18596217
-0.03210005
0.14206060
-0.12276431
0.00936645
0.18278807
-0.00500802
0.04567904
0.05386021
0.05852900
0.18827385
0.02620836
0.14759512
-0.06222829
0.01789352
0.19186259
-0.07019797
-0.18260291
0.06952950
0.20742456
0.31006460
0.12390280
-0.07562739
0.15087402
-0.01973898
0.06008877
-0.29704094
-0.22409023
-0.19499436
-0.03733525
-0.14234945
-0.17771573
-0.13395069
-0.00245745
0.11587810
-0.03747162
-0.30225514
-0.19242613
-0.06850316
0.07251399
-0.05840423
-0.16141520
0.01789510
-0.05914993
-0.13395537
-0.04929506
-0.27406460
0.04056461
-0.13762707
0.25994086
-0.13701823
-0.27854923
0.17268069
-0.18875573
-0.31103544
-0.31039323
0.27939908
-0.13221737
-0.12909515
0.13234778
-0.17144471
0.07397081
0.15853050
-0.00652408
0.06154458
0.27015123
0.16781773
0.05473522
0.10284779
0.02992563
0.25141971
0.13640111
-0.26341568
-0.06404316
-0.38557118
0.14496642
-0.07271393
0.13536380
-0.07687715
0.03254736
-0.09791140
0.07120299
-0.15005759
0.16715633
0.17293626
-0.09379338
0.16552188
0.11758486
0.08324952
0.16365337
0.04403752
-0.02383154
-0.25022007
0.25372362
0.15760861
0.01477562
0.09996316
0.18555294
-0.08570074
-0.10906078
0.01560883
-0.23462752
0.17870954
-0.01259943
-0.18996910
0.05463967
-0.11288128
-0.01032509
0.10239942
-0.02173347
0.01137279
-0.20810637
0.03865868
-0.13647172
0.07229386
0.08869055
-0.05205101
0.02965178
-0.15098413
0.28023636
0.10498539
-0.07974113
0.02510421
0.04860314
0.05748531
-0.10057326
0.17611298
-0.11878799
0.02385622
-0.17120558
-0.13752341
0.22951403
0.03196093
0.07982285
-0.09921425
-0.15047790
0.00800556
-0.08468650
0.00794532
0.23164700
-0.18203792
0.20615154
0.11623304
-0.00212428
0.04015042
-0.03371911
0.20317962
-0.00564450
-0.08297125
-0.09334077
-0.18479322
0.00258042
-0.28095053
-0.00227521
0.28107370
-0.19149111
-0.39317700
0.03478361
-0.01818092
-0.09859939
0.05410513
0.08995823
-0.16436715
0.03177877
0.25369886
0.09713462
-0.17236930
-0.01761728
-0.01212434
-0.16588263
-0.07240460
-0.06163757
0.05923589
0.07828459
0.23303813
0.19454015
-0.22171351
0.07425842
-0.05126867
0.05465349
0.06802966
0.03567550
0.30737325
0.09367368
0.06289260
-0.23276489
-0.31901704
0.28297798
-0.09053851
-0.00832343
-0.03744039
-0.02388250
-0.00170653
-0.03589185
0.02720987
0.00644948
-0.00381995
0.12390838
0.13634581
0.02725142
-0.18010014
0.11200874
-0.00134002
-0.02214448
-0.03080133
0.19337596
-0.06082434
0.12555813
-0.20116574
-0.26651404
-0.11728244
0.27626689
0.20207859
0.01762161
0.05076328
0.26114913
-0.06940191
-0.00989445
-0.17802426
-0.25267401
0.07296767
-0.05124202
-0.02057211
-0.07077828
0.00140346
0.09322223
0.04632245
0.04767409
0.21240839
-0.30042185
-0.28697911
0.03346047
-0.09497492
0.00866700
-0.07884373
0.09173285
0.10410649
-0.06970266
-0.24971335
-0.19070787
-0.23802924
0.00486656
-0.21707690
-0.00872685
0.00199188
0.27323520
0.03512061
0.07260366
-0.19087107
-0.20645823
0.01588956
-0.01689364
0.21915527
-0.05428519
-0.04901362
-0.17916873
-0.37248502
-0.07217550
0.12713505
-0.16065603
0.00694354
0.06677092
0.05755249
-0.22188549
0.30103784
0.08188585
0.00085097
0.18800826
-0.14671207
0.05529120
-0.09415212
0.00407537
0.06864854
-0.16419540
0.14612595
0.23829674
-0.20133907
-0.02322606
-0.06358351
0.43756517
0.21346705
0.20757414
-0.06492619
0.11654946
0.02009231
0.22681059
-0.30948791
-0.10094020
0.00022232
0.13380699
-0.06365755
-0.14008251
0.12038686
0.15791509
-0.01326115
0.03585214
0.07097555
-0.05706873
-0.04902093
-0.06160285
0.00301446
-0.09017629
0.05278185
-0.17120732
-0.17792568
-0.14127199
0.04047560
0.04676798
-0.01807498
0.19666194
-0.03065469
-0.24516295
-0.27312358
-0.09166444
-0.18657709
0.33407369
0.02013288
0.02829646
0.21144757
-0.18188048
-0.16560001
-0.02225415
0.11220556
-0.17717532
0.27690206
-0.07628444
-0.05127830
0.02292734
-0.01875089
0.10362713
0.20234328
-0.03243910
0.11902196
0.00763624
-0.11379043
-0.12418143
-0.01695491
-0.05330529
-0.03856035
-0.03293352
0.14364368
-0.25851937
0.23088082
0.03260368
-0.05446761
-0.22650898
0.07318475
-0.18203923
0.09897041
0.00924237
0.14885246
0.03038767
0.24271462
0.06433361
-0.07794041
0.02428722
-0.03384922
0.00798472
-0.19166950
0.02043502
0.02369278
0.27147941
0.16567866
-0.06876306
0.27405226
-0.04852702
0.11293922
0.01437523
-0.02670515
0.04018297
0.31215384
-0.42247496
0.12392099
0.11259770
-0.10646527
-0.19399697
0.04690062
-0.14839425
0.02034741
0.23035117
0.03898615
-0.11534123
0.10937279
-0.00035245
0.09812855
-0.02579667
0.00171041
-0.15010394
-0.18807315
0.07625389
0.08318936
0.26792672
0.06314914
0.22088496
0.11020259
-0.16815987
-0.06904120
0.23512175
0.04184692
-0.14022474
-0.00029574
0.01930263
-0.20440825
-0.13041953
-0.09375716
-0.04637786
0.18083945
0.07100376
0.05465493
-0.26900843
0.21291519
0.06739401
0.06381467
-0.13811945
0.01826767
0.08033392
-0.04224746
0.04510247
-0.08543490
-0.27274804
-0.07269262
0.05638578
0.09590571
0.14877839
0.06906378
0.23594959
-0.17062411
-0.24570721
-0.04951174
0.26243244
-0.30906670
0.04659191
-0.05906333
-0.03169412
0.28157806
-0.04388362
0.22701815
-0.02552543
0.07088812
0.01087203
-0.08250977
0.50807138
0.25593310
-0.12679394
-0.12023141
-0.07006577
0.09285012
-0.07619208
-0.23076939
-0.20602863
-0.18329492
0.15983347
0.12187429
0.09875033
-0.10118223
-0.10597722
-0.09928462
-0.11964817
-0.03949580
-0.03841195
0.25524057
0.00672893
0.10220907
-0.06754834
-0.03553685
-0.08286786
-0.21684799
0.20094883
0.07996986
-0.01202572
-0.00518062
0.14703519
0.05379089
-0.08559714
0.03868111
0.05755883
0.20610189
0.08154740
-0.19841862
0.01726215
0.27372417
-0.02117508
0.01444626
0.21208846
0.26066636
-0.02235995
0.14555236
-0.01588928
-0.02804813
-0.28677456
-0.27764653
0.03253582
-0.05677751
0.00182426
0.20290890
0.16423397
-0.04966096
-0.08519744
0.07832754
0.12293135
0.23653056
0.14419320
-0.18825001
-0.13120547
-0.05366346
0.08551391
-0.17234437
-0.11510379
0.20344830
0.13716480
0.23753274
-0.42238530
0.01495311
-0.12249782
-0.03630427
0.03656274
-0.10513263
0.03868104
-0.16183241
-0.34911185
-0.15733285
0.11421670
-0.05020707
-0.03908469
-0.08842045
0.00672356
0.00409829
0.09082928
0.15371571
-0.00761396
-0.23202563
-0.14831867
0.29288553
-0.13063621
0.23433283
0.15938536
-0.16670400
-0.12901554
-0.12444696
-0.01257464
0.00273613
0.23870459
0.11342921
-0.22619523
0.13580175
0.11006310
0.08705133
-0.08139863
0.00329823
0.04006502
0.00318240
0.01168494
-0.03698942
-0.03345635
-0.22403186
0.21462174
-0.09596495
-0.16193785
0.05029217
-0.07396987
-0.05853558
-0.16308051
-0.15003560
0.38031118
0.13790894
-0.29013961
0.08811896
0.15416547
-0.06681688
0.19047174
0.20776982
-0.11503675
-0.11236066
0.02249693
-0.02733966
0.18362952
-0.05073552
0.09550396
0.10685051
-0.16626252
0.12653749
0.06556435
-0.02057749
0.06957285
0.14970622
0.08151214
0.06851959
0.28868881
-0.01306342
-0.01033323
-0.23932920
-0.29505124
0.10097402
0.07254512
-0.26142878
-0.11865856
-0.05927843
0.02663212
0.13883487
0.19119324
-0.26904301
-0.06953718
0.01183356
-0.15664974
-0.04993190
-0.04358232
0.12436413
-0.10591450
-0.08300290
-0.17503841
-0.06472843
-0.21490863
0.08348749
-0.27545816
0.07248651
-0.15100744
0.23259931
-0.17943071
-0.07767553
-0.02392860
-0.10028649
-0.40937113
0.15174630
-0.00414418
0.27375689
0.05284940
-0.11653208
0.10303795
0.08655080
-0.02150615
0.04762582
-0.14767477
0.20385298
-0.06376081
-0.02083777
0.13179799
0.08950060
0.00156774
-0.08718867
0.02321567
0.05947723
0.10825549
0.17046956
0.22588231
0.23661295
-0.07875764
0.05835157
-0.11718945
-0.19058146
-0.10141818
0.01808691
-0.07356554
-0.21400584
-0.20493165
-0.28246658
-0.40481495
-0.07606051
-0.27190898
-0.19638047
-0.50871875
-0.26573943
-0.50196221
-0.11382863
-0.36797811
-0.23422187
-0.46019919
-0.28319348
-0.18362503
-0.18977117
-0.17610574
-0.00650327
-0.17059453
0.14441291
-0.03556770
0.26199943
-0.05153447
0.26598212
0.27011553
0.54845919
0.56942457
0.70517692
0.71687212
0.40694916
0.60970845
0.60686494
0.71544280
0.57851195
0.79954573
0.32198234
0.48059025
0.29928893
0.14807614
0.17653628
0.01639871
0.19064814
0.20703927
-0.02233859
-0.22895971
-0.30999846
-0.42811853
-0.27114474
-0.36937018
-0.46659352
-0.62556306
-0.48294794
-0.61049119
-0.35102051
-0.24432236
-0.35778131
-0.23959859
-0.29634408
-0.06737362
-0.42488916
-0.24100487
-0.43965050
-0.49439591
-0.28379215
-0.08227815
-0.16832165
-0.08764237
-0.21980815
0.10118373
-0.05137046
-0.03001827
-0.08910371
-0.25083038
0.10407492
0.03703774
-0.02291983
0.32558543
0.11824710
0.15773778
-0.17931902
-0.16822016
0.01649239
0.05215203
0.27733679
-0.11459807
-0.14610292
0.11376098
0.10396949
-0.15586155
0.16892422
-0.03539653
0.00089330
-0.07531514
0.09928205
0.02013881
0.17155570
0.06350378
-0.10198236
-0.23920632
0.02665729
-0.13295740
-0.06576918
-0.12630190
-0.00520356
0.00037077
0.00107980
-0.08222394
-0.07772422
-0.22746693
0.20962014
0.02275752
0.11656135
0.07298299
0.09918829
0.32135240
0.13400261
0.06161502
-0.09689767
0.05309614
0.12433155
-0.06915041
-0.22565884
-0.06921126
-0.01182932
0.12565784
-0.19642875
-0.11198464
-0.09283756
0.40425861
-0.12213436
-0.00254736
-0.04532441
-0.02220038
0.00130275
-0.17364640
0.30520026
0.26239891
-0.18845136
-0.03720797
-0.16942499
0.11256839
-0.02256630
0.12215198
0.20266287
0.12699140
0.18672595
0.26463246
-0.08032682
0.17435254
0.11746740
-0.22090262
0.14588287
0.23989211
0.12842445
-0.02746710
0.02301143
-0.08544845
-0.09807314
0.28546796
-0.29171110
0.09795181
0.13321500
-0.28686208
-0.16285755
-0.07664107
-0.18330420
-0.10525875
-0.23585244
-0.15715261
0.21369419
-0.10090152
-0.39426759
0.10352418
0.21999381
0.12042280
-0.16767555
0.09632084
0.15537359
0.26619951
0.27144066
0.11085674
0.00080425
0.40293021
0.17708653
0.52484466
0.21515847
0.03747996
0.04477504
0.47471984
0.20537023
0.28723938
0.12328015
0.17858177
0.05498916
0.05340246
-0.07390177
-0.15384379
-0.33477452
-0.15461578
-0.13035404
-0.27505048
-0.29870048
-0.47431547
-0.57422207
-0.37674409
-0.53367151
-0.42237186
-0.67333632
-0.17966660
-0.08762302
-0.46334153
-0.23024032
-0.18701135
-0.39299669
-0.26104180
-0.18315453
0.23953132
-0.26736266
-0.16607833
0.03835329
-0.05140484
0.06808454
0.20222154
0.16332709
0.12824195
0.25796930
0.17727421
0.12718420
0.41325456
0.27075314
0.01439266
0.17964431
0.10807491
0.22362370
0.25470786
0.09317219
-0.17646633
0.09515874
0.31332926
0.18230289
0.21243957
-0.21641282
0.10873015
-0.20400240
0.20220453
-0.22984824
-0.27697820
0.13233535
-0.26212386
-0.11966350
-0.17539044
-0.08276146
0.05993367
-0.10131864
0.06941647
-0.35073644
-0.22896510
-0.13854226
0.05349549
0.12545105
0.10583218
-0.15142231
-0.13055763
-0.00774136
-0.04216631
0.48059471
0.00271701
-0.07680938
-0.09993214
-0.12719116
-0.15160017
0.08444066
-0.05124699
-0.01594171
0.06278509
0.10971957
0.09412956
-0.04979541
-0.16332987
0.03886215
-0.03719551
0.22212618
-0.20727999
0.19179512
0.05012062
0.01852279
0.02490615
-0.13961170
0.09517563
-0.23218054
-0.04918813
-0.00737138
-0.12962878
-0.18179450
-0.17901736
0.10651513
0.05199930
-0.08077002
0.14307363
0.09196314
0.07672610
0.07386787
0.03054637
-0.01910112
-0.00889041
-0.06281049
0.23842202
0.03325270
-0.13073300
0.10757615
-0.29035360
0.06404400
-0.34285927
-0.12524748
0.19053078
0.18738027
0.05970769
0.09541647
0.19738962
-0.23025314
0.07784034
-0.10413216
-0.13186013
-0.17747674
0.15210703
-0.09056617
0.00463580
0.17278469
0.22084003
0.17790240
-0.13609934
0.22343183
-0.08622285
-0.17904735
0.24938742
-0.11723794
-0.19468690
0.11883271
-0.09608227
0.06525704
-0.08570581
-0.02738081
0.13944156
-0.03569427
0.22782410
-0.23595561
0.18046333
-0.05075136
-0.14839572
0.03242224
0.24521618
-0.07597222
-0.05465639
0.04463855
-0.14896079
0.08751917
-0.04645542
-0.11170959
-0.01423133
0.05542790
0.09497916
-0.03083265
-0.29700610
0.19147876
-0.08790922
-0.21324564
0.11715536
0.03369404
0.17437397
-0.16196736
0.12962674
-0.08637423
-0.11723383
-0.04593472
0.02735091
-0.00211104
-0.09226774
-0.11133886
-0.07808387
0.06820069
0.14967569
0.04182114
-0.16022979
0.10980853
0.17023083
0.03490983
-0.24093494
-0.03378842
0.11116230
0.26134076
-0.20525518
-0.17237388
-0.14225132
-0.04460202
-0.08954367
0.04961373
-0.01408501
0.07789029
0.16700518
-0.12609235
0.25379845
-0.18415212
-0.07613910
0.24236357
-0.20071108
0.01245560
0.10328554
0.02418148
-0.16211991
-0.23299188
0.05626342
0.04744866
-0.10465881
0.03312144
0.16192777
-0.01721026
-0.13062385
0.10266622
0.10018872
-0.00049841
-0.16464397
0.11293348
0.02399671
0.01383246
-0.09463689
-0.39912749
-0.05275978
0.29597686
-0.24228047
0.19527516
0.15111323
-0.13754708
0.02945569
-0.20185488
-0.14385825
-0.07701146
0.24174078
-0.02214245
-0.21729085
-0.12038422
-0.05756322
0.13369413
-0.19240057
0.02137890
0.06981698
0.06741295
0.02865181
0.07013289
0.05045667
0.05980261
0.03728192
-0.10185291
0.14494388
0.04297807
-0.10914318
0.32539905
0.11510863
-0.00596238
-0.01554172
-0.06555880
-0.44037914
0.16872765
-0.06893219
-0.06685265
-0.08895382
0.23796782
-0.16997309
-0.09978541
0.14511595
0.02829308
-0.02408570
0.13857445
0.08166056
0.03082055
0.03172362
0.10939364
0.23393397
0.00633904
0.00530658
0.06194143
-0.23103775
0.31277881
-0.06578454
-0.11168766
-0.13221491
0.12914930
-0.02002893
0.03953602
0.09648452
-0.15197554
0.04023056
-0.17077291
-0.03193302
0.24389169
0.19990650
0.21243871
-0.04407159
0.13850729
0.05105353
0.20224049
0.07324589
-0.07665633
-0.06553103
0.11113541
-0.04664253
-0.14978082
0.11864586
0.04049802
0.20551226
-0.06388979
0.30766972
-0.13957220
-0.00465084
-0.15311726
0.10977072
0.14899238
-0.25731444
0.14198215
-0.19924739
0.04777855
-0.07256188
-0.01888472
-0.33497590
0.08981222
-0.40272863
-0.02363006
-0.02922142
-0.29728400
-0.02272414
0.13488859
0.11276410
-0.04597398
0.18880853
-0.06894117
-0.13590445
0.05254681
-0.16483006
0.09785242
-0.01075015
0.04084289
-0.35542249
0.08186162
-0.10026395
0.12865338
-0.05507388
-0.02320269
0.04397669
-0.04320548
-0.09719122
-0.03867294
-0.21696503
0.04248513
0.07087732
0.00759507
0.10963981
-0.13153776
-0.02668865
-0.03367421
0.23882500
-0.03783895
0.04620750
-0.21797357
0.15933201
-0.33648177
-0.16681883
0.07632140
0.11769614
0.17620398
-0.25531664
-0.08339541
0.07062549
-0.37148891
0.05628696
-0.01133771
-0.08995680
0.03748840
0.06374316
-0.11395917
-0.05104452
0.19353786
-0.10631325
-0.05414848
-0.14177953
0.03049332
-0.10330627
-0.24056023
0.10493117
-0.20167295
0.33290801
0.02321110
-0.00202109
-0.08279396
-0.00576852
0.05459593
0.14766252
-0.02719878
0.23268986
0.23178105
0.13653703
0.16348032
-0.19873709
0.04367810
0.15876809
0.26843508
-0.25322097
0.15162504
0.04669146
-0.17742827
0.19702258
0.08206220
0.09155624
-0.24427877
0.26460446
0.13673507
0.16867160
0.31247165
-0.19253921
-0.09570283
-0.30397240
-0.13568475
0.06318030
-0.16459316
-0.01108321
-0.07514277
-0.12722136
-0.05135067
-0.07125114
0.00278964
0.12653275
-0.02202232
0.13823613
0.05987237
-0.02132262
0.31646188
0.02074782
-0.06796649
-0.11630490
0.02294546
-0.06034430
-0.06082415
0.16266958
0.03905473
-0.08391636
-0.21963460
0.00423046
-0.15410514
-0.10811200
0.02968407
-0.24474678
-0.27695696
-0.19661358
-0.12042570
0.06278775
-0.17147641
-0.05140194
-0.09225030
-0.10467168
0.05604573
-0.27061740
-0.04654978
0.08782995
-0.15998724
0.03272633
-0.37361865
0.02451986
0.10975234
0.17864520
0.13955652
0.05430793
-0.04586418
-0.04272185
-0.16314439
0.41676985
0.10414647
-0.06458560
0.07629576
0.03436280
-0.12315296
0.08084436
-0.18744259
-0.07128748
-0.01440846
0.10916540
-0.15321765
-0.08342277
0.16579956
-0.14419064
0.05377232
-0.12147284
0.03840460
0.09247334
-0.18859246
0.11946520
-0.12711898
-0.09758202
-0.07384726
-0.04017808
0.09072671
0.30545388
-0.17098052
0.24960396
0.00200179
-0.04075071
0.25692980
-0.01770053
-0.12214747
-0.07492701
-0.15920421
0.10735053
-0.11528929
0.10067105
0.11572407
-0.01214319
-0.07830880
-0.22204740
0.26286429
-0.08427616
-0.15871780
0.02132964
-0.16736974
0.06291840
-0.11665329
0.10043661
-0.08877341
0.11176448
0.09980364
-0.18430653
-0.02521167
-0.02414001
-0.06311837
0.06422839
-0.06452898
-0.01914866
-0.06068064
0.06221854
-0.12094064
0.01912946
-0.02600802
-0.02251812
0.04356767
-0.00895385
0.02347137
0.05165296
0.04541057
0.14023688
0.12927350
-0.00563118
0.10488901
-0.10496573
-0.00265472
0.21560054
-0.00053343
-0.19434623
-0.19957395
-0.07970462
0.18346218
-0.02050076
-0.09756292
0.25888426
0.09036875
-0.02591538
-0.01193976
-0.04445290
0.05403343
0.00375240
0.14914126
0.05758127
0.00069727
-0.08062585
-0.14282680
0.05163594
0.12301204
-0.18653934
0.04925369
0.15719876
0.00425056
0.20908611
0.13316149
-0.03590131
0.24519318
0.00260486
0.42308942
0.03288206
-0.14357643
0.22211772
0.01813160
-0.13129552
-0.01891052
-0.08377758
-0.04434820
0.27654768
0.38042415
-0.01340407
0.02335473
-0.25884346
-0.12262919
-0.02597248
0.04647427
0.03092698
-0.06339472
0.04216865
-0.04872027
-0.26315544
0.12731464
-0.08812698
-0.03209004
0.15459709
0.04710865
-0.05202378
-0.22578925
0.03821078
0.03012877
-0.15356916
-0.03146870
-0.06038722
-0.07540750
0.16871844
0.14928131
-0.11904808
-0.03125053
0.04802120
0.01767863
-0.23157003
-0.15564175
0.03118623
0.06028995
-0.05985337
-0.17219585
0.06557754
-0.07102777
-0.12308902
0.15079481
-0.06378963
0.14215948
0.04185892
-0.02546429
-0.00995727
0.20594313
-0.13900425
-0.02791566
0.02288555
-0.06772763
-0.00838405
0.10821014
-0.10445882
0.14140037
-0.15115481
0.17593321
-0.14324006
0.39442624
-0.19903100
