-0.04872219
-0.03460913
-0.08719396
0.04355251
-0.05345095
-0.23930778
-0.19678085
0.01196200
0.15925567
-0.01882430
-0.02623908
0.12010636
0.01465478
-0.07624096
0.00995295
-0.24978562
-0.10831933
-0.01466887
-0.27721639
0.06181838
0.06320504
-0.11526046
0.09423430
0.09343265
0.11358100
0.10219348
0.05113530
-0.11462200
-0.04799422
-0.00072199
-0.03211833
-0.08131813
-0.05573553
0.04465483
0.14868446
0.02977662
-0.14974011
0.24776089
0.07505901
0.04069563
-0.08586836
0.09668752
0.10815462
0.14978228
0.04160683
0.20270884
0.17179287
0.08600427
-0.18671681
0.01789049
0.07561682
-0.23043493
0.04847255
0.11926621
0.09145537
0.14885491
-0.14484386
0.10029092
-0.30443357
0.19461183
-0.10369035
0.17213146
0.06544611
-0.07421178
-0.13139105
-0.15092764
-0.04672568
-0.09117209
0.08793576
0.01612855
-0.01870568
0.18650218
-0.13574745
0.07430919
-0.08040483
0.19187444
0.17233398
-0.07084954
-0.02726902
-0.10425392
0.02465756
0.14987066
0.11718607
0.09530563
0.07079235
-0.33016586
0.27615956
-0.14706859
0.06470783
0.04849789
0.17628596
-0.03248987
0.16181027
0.12028997
-0.03350056
0.15485236
0.15671308
0.14196626
0.07322903
-0.04873590
-0.06492757
-0.06443758
-0.15559945
-0.08852136
0.06753054
0.06574402
-0.03558379
0.07589914
-0.08176713
-0.05328355
0.12619299
-0.12814697
-0.04141606
0.07033369
0.09761087
-0.02939153
0.26393035
0.11511325
0.15100373
-0.26469592
-0.18226970
0.14524517
-0.06807862
-0.12628000
-0.02618626
-0.13231102
0.22419714
-0.24998437
-0.16907831
0.09045228
-0.14348659
0.00181342
0.08535261
-0.05427505
0.12602764
0.01117717
-0.04502300
0.10111228
-0.00410744
-0.02782457
-0.10630740
-0.25846266
0.02115861
-0.05164803
0.02103696
0.16779445
0.19667185
0.07876809
0.10773980
0.39142490
-0.20394113
0.15110327
-0.00468541
0.14045107
-0.03066430
-0.14738608
-0.09132148
0.03626929
0.00465613
-0.17794757
-0.09895068
-0.08776877
0.17282978
-0.09673034
0.08042402
0.00747451
-0.19120981
0.07639179
-0.03883644
0.00630096
0.05456091
0.23075186
-0.02152172
0.05615298
-0.01631889
0.31388575
-0.00880143
0.25136057
0.13240414
-0.04387623
-0.03387650
-0.20560682
0.00634617
0.00539633
0.20342212
0.16249659
-0.02101354
0.01981485
0.13827682
-0.08577584
0.26730165
-0.32643992
-0.24799853
0.24082148
-0.18641497
-0.10661787
-0.06946021
0.18832567
-0.16058571
-0.10180405
-0.09178121
-0.03684759
0.09541447
-0.16789128
-0.18809534
0.00591177
-0.08299620
0.25003832
0.06767510
0.01882154
-0.22812509
0.30686476
-0.17549475
-0.06909218
-0.01863789
-0.10618402
0.25418151
0.30488301
0.12129530
0.00771647
-0.14936365
0.07501169
-0.02873400
-0.10470922
0.01051170
0.09172399
0.23497078
-0.12951529
-0.02779973
-0.23583951
-0.05447459
-0.15261170
-0.06007035
-0.13894681
0.15825038
0.25510755
-0.09024462
-0.12894288
-0.08796379
0.01432582
0.22156440
0.13194806
-0.00806895
0.03607878
-0.31688633
-0.02275107
0.08463047
0.07500873
-0.04535329
0.17797462
-0.16801115
0.20584815
0.10379748
-0.07785434
0.34857904
-0.09839531
0.07418819
-0.07657558
0.09617128
0.05768456
-0.02520460
-0.04313537
-0.01248404
-0.19485851
-0.19380899
0.08953101
-0.15935687
-0.07174464
0.11111549
0.09280783
0.39665445
0.19877488
-0.17054868
-0.00937962
-0.18026042
0.05585271
-0.05539082
0.03804248
0.03706877
0.01491778
0.04189587
0.23812162
-0.19093461
0.01521184
-0.18088826
0.00350430
0.33110259
-0.00894051
-0.13942180
-0.19689256
-0.14584044
-0.11646244
0.09964905
0.21180992
0.04929704
0.14328904
-0.11111997
0.07649877
0.05601577
-0.02766383
0.05491591
0.17126468
0.03211872
0.01870299
0.02105055
-0.04965743
0.13718544
0.04151309
0.20377153
-0.00692811
-0.14631204
0.00829858
-0.32437261
0.09768932
0.28263492
0.26995525
0.14323251
-0.21296253
0.01064721
-0.31818651
0.04373601
-0.06945076
-0.06320770
-0.14894174
-0.15731944
-0.14840580
0.07139872
0.07644842
0.01232540
-0.08642171
-0.00805129
0.06671731
-0.00269139
0.00118333
0.15794818
-0.03767179
-0.05154751
-0.25071464
0.36842706
-0.02864041
-0.12733515
0.01661119
-0.00411955
-0.05692817
-0.10175356
-0.14834883
0.09392768
0.02186470
0.00261279
0.10049027
0.03714794
-0.08421729
0.04314931
0.10297024
0.28046811
0.12651194
-0.09969394
0.00919134
-0.04893840
0.12485536
-0.02237338
0.06755366
-0.05959995
0.20749408
-0.05444813
-0.02301015
0.10779278
-0.27114202
0.03052935
-0.05694029
-0.23910870
-0.20082764
-0.12598277
0.11079886
0.09646589
0.15722109
0.16981147
-0.26462138
0.20421898
-0.15431010
0.10731674
-0.19238390
0.01327763
0.04463945
0.01424418
0.05924111
-0.07069473
-0.13215861
0.15811041
0.09816565
-0.12430074
0.06840487
0.31744669
0.15921275
0.01104572
-0.14599197
-0.09355132
-0.05896578
-0.07581600
-0.07384063
-0.04802843
-0.12891776
-0.13650168
-0.06130766
0.06472817
-0.04280251
-0.05619302
-0.13926295
-0.07343750
0.16647009
0.19609344
-0.21088064
-0.24820136
-0.03487358
0.22506818
0.01813085
0.10783003
0.01622428
-0.21069334
0.14860624
-0.15701701
-0.21054221
0.08344744
0.07933823
0.13270510
-0.14149589
-0.16183609
0.01260725
-0.01385358
-0.05445548
-0.04879070
-0.01747397
-0.25372704
-0.30993915
-0.11176160
0.27936043
0.03443146
0.00851886
0.06449032
-0.19038479
0.04962727
-0.08497681
0.01674371
-0.01266579
-0.04353890
-0.13179462
0.02035485
0.04326951
0.01564957
0.20323593
-0.18986457
-0.19638459
-0.07256421
-0.15196217
0.00199338
-0.33353141
0.18771901
0.04730695
-0.10575873
-0.10381131
-0.12846742
0.02115841
0.12480281
-0.00192702
-0.09907789
0.06391859
0.02315368
0.24622006
0.23405438
0.01653953
-0.08878896
0.26234638
-0.07681237
0.25150679
-0.01493728
0.12451299
-0.02840058
-0.00772679
-0.09822869
0.21107788
0.11450695
0.12572305
0.07162970
-0.12369287
-0.26273519
0.23539279
-0.14188406
-0.28102513
-0.11372965
0.02674581
-0.08554400
0.00658420
0.24621993
0.16563481
0.27134916
-0.02659592
-0.09709403
-0.14252807
-0.13952776
-0.03861388
0.07280667
-0.05261832
0.09878873
0.22153687
-0.03041348
0.05244742
0.07001488
0.00217371
0.02770296
-0.03672440
0.28770341
0.11847514
-0.05495404
-0.25467277
-0.10430296
0.06529016
0.07230395
0.07297850
-0.07064730
-0.00758321
-0.01051230
-0.10380596
0.05875345
-0.00870213
0.19530142
0.26339303
-0.12136879
-0.09455463
-0.06942603
-0.02215802
-0.00379041
0.25759230
0.04733227
-0.23170710
0.01360779
-0.07066299
0.04144478
-0.10841973
0.04952008
-0.11849331
0.10596864
-0.00677157
-0.14025292
-0.00541582
0.09696594
0.03202849
-0.08119935
0.13291884
0.22705889
0.04576234
0.00004997
0.22772484
0.34975423
-0.05301297
-0.00955064
-0.17596047
0.01622766
-0.13985884
-0.29492089
0.12387930
-0.03010092
0.01096044
-0.06589471
0.14157242
-0.21250905
-0.10864041
-0.11994380
-0.14179857
0.05022617
0.00946563
-0.11711137
-0.09782909
0.08040188
0.03118671
-0.17021006
0.06048281
0.05432490
-0.13088068
-0.12942334
-0.04753132
0.25107871
-0.33880505
0.02024487
0.24914628
-0.03602487
0.15226893
-0.15609742
-0.00870950
0.00210296
0.24344182
-0.16191657
0.07196922
-0.14119375
0.18650307
-0.03076576
-0.19036547
0.14610337
0.13051110
-0.04962191
0.20461028
-0.04222436
0.08956009
0.01420774
-0.11267731
0.02164756
0.14142178
0.03649454
0.03835200
0.02276178
0.00361716
0.15605827
0.03372763
0.04631245
0.01291220
-0.20797446
0.25221907
-0.18376306
-0.03936822
0.10457492
0.12318246
-0.03025093
0.27983950
0.15049275
0.10232096
0.06077364
0.12068049
-0.02316393
-0.54328198
-0.00076510
0.02090001
0.14481618
0.04439972
-0.22012779
-0.09158170
0.02607447
-0.21614577
-0.18885670
0.09193163
0.09878508
0.08359636
-0.00499023
-0.18664173
-0.02492126
-0.11839058
-0.23960928
-0.24626125
0.15904019
0.08886926
-0.07524213
-0.00359152
0.00566390
-0.04890187
0.26274423
-0.13655513
-0.15025617
-0.17143752
0.15510431
-0.00221810
-0.07536157
0.13814053
-0.27341995
0.11147723
-0.24589263
0.09042467
0.13948015
0.03303255
-0.16036125
-0.02893774
0.05442383
-0.06810988
-0.16920710
-0.14385197
-0.10900096
-0.03753855
-0.22246083
-0.11886166
-0.06620483
-0.09961795
0.20029214
0.22437558
-0.10014336
-0.03031498
-0.05552206
-0.12330142
0.24409415
-0.06941772
0.18515322
-0.10032501
0.13883964
0.18006760
0.11365278
-0.05870534
0.21406787
0.15786332
-0.00119914
-0.06538298
-0.08808727
-0.33143928
0.07643764
0.21359434
0.22839646
0.03645899
0.17819369
-0.01305021
-0.10880828
0.14954260
-0.01379958
-0.11152348
0.28198851
-0.07600796
-0.09424481
0.19559920
-0.07558427
0.04211434
-0.25997203
-0.13123473
-0.00161564
0.06706705
0.15115206
0.15242052
-0.03277000
0.08720264
0.00352081
0.11385648
-0.13730039
-0.01758783
-0.26192507
0.19426901
0.09843953
0.16828450
0.15857338
-0.07054712
-0.10449947
0.11087981
0.01108867
0.39205815
0.12602062
0.04901072
-0.09422395
-0.02206225
0.15003796
-0.02121650
-0.02135064
-0.00782743
-0.04522524
-0.00511170
-0.08560237
-0.15807277
0.02302769
0.02586827
-0.01912727
-0.13424793
0.02403839
0.20530769
0.03425181
-0.12668057
-0.02966133
-0.04243555
-0.11856859
0.03163155
0.20769851
0.02506902
-0.02225665
0.28774378
0.07071231
0.20078338
0.29937540
0.26269991
-0.05829332
-0.03242637
0.08156832
-0.06127213
-0.02200226
-0.02699126
0.12306383
0.09744417
0.12465637
0.05262582
0.11870924
0.08349383
-0.09135650
0.10634041
0.07983383
-0.14190020
-0.33745823
-0.09064654
0.01064425
-0.07520749
-0.00455180
0.00801437
0.06227991
-0.03045734
0.22878733
-0.22998644
-0.05771692
-0.19106491
0.16691356
-0.11012113
-0.03630684
0.05211472
0.19452174
-0.14830949
0.08094297
0.15722427
0.05614259
0.26017402
-0.04418031
0.22106795
-0.08798646
-0.16869992
0.11831710
-0.04066547
0.04138030
-0.24905645
0.08490946
0.24897700
0.06275416
-0.13404661
-0.00070587
-0.15508914
0.09467872
-0.14931072
0.00793889
-0.11680987
-0.01208134
-0.04813709
0.13180558
0.01594607
-0.05768266
0.02704395
-0.04367140
-0.08922919
0.07560370
-0.17113255
-0.04863972
0.03637100
-0.12340499
0.12337116
-0.13280536
-0.25953914
0.00372803
-0.05052624
0.11141518
0.18365582
0.06917966
0.30774831
-0.00896480
0.03167950
-0.02448520
0.14364185
0.02409772
-0.01011106
0.00772178
-0.05049418
0.06890528
-0.05062152
0.10785659
-0.15931809
-0.20047370
-0.06091348
-0.14822701
-0.20010161
-0.05659718
0.11417677
-0.19721171
-0.07603570
0.06463936
0.07830144
-0.09582647
0.16051093
0.11771695
-0.08773106
-0.32847450
0.05526694
0.11170301
-0.00739310
-0.02579315
-0.01346545
-0.06395599
-0.19614947
-0.03341621
0.14954158
-0.01943235
-0.01865404
0.05786439
-0.04784834
-0.00231563
0.04865882
0.00242075
0.10292335
0.25806086
0.06989988
-0.12419747
0.17965156
0.10233136
0.16715433
-0.03900884
-0.04440760
0.03320532
-0.07977597
0.05896312
0.14025423
-0.04048597
0.14707190
0.14694735
-0.13034956
-0.17873059
-0.00057842
-0.10833206
0.09763801
0.15121462
-0.14908337
0.13733419
-0.00115605
-0.12533312
0.08341827
-0.01690966
0.28213408
-0.08386903
-0.04335220
0.22197824
-0.10733819
0.13007408
-0.05670443
0.08791414
-0.05579012
-0.21040220
0.14221909
0.06092223
0.13492906
-0.04045330
0.09569961
-0.10478165
-0.05834025
0.02540130
0.16393373
0.08560096
-0.17467835
-0.07411472
0.03478163
0.05785802
0.11354496
0.06602722
0.07248265
-0.06527134
-0.27522290
0.00826043
-0.07285536
0.00564384
0.20220062
0.23240570
0.08300226
0.10240432
0.15422939
-0.23589430
-0.08601287
0.08208555
0.13252754
0.28819228
-0.16090161
-0.20195579
-0.08237939
-0.23276197
0.07821451
-0.02115419
-0.16594828
-0.13935397
0.06658016
-0.15288324
0.17379981
0.13897012
0.17584313
0.02022246
-0.09169825
-0.12607298
-0.06839510
0.12116403
-0.09078999
0.09900584
-0.19759474
0.18543911
-0.15330153
-0.06510718
-0.23602961
0.14789038
0.25267710
-0.25628987
-0.18710577
-0.17535536
-0.25915232
0.15381155
-0.12301233
0.00997407
0.07880455
-0.07942122
0.09111122
-0.16583972
0.09088292
0.16634608
-0.02337773
-0.07933785
0.24423294
0.10529967
0.02445080
0.05356354
0.15656661
-0.24542072
0.20643100
0.07478462
0.03090609
-0.07488179
-0.22799882
-0.18807809
-0.11013560
0.04464576
0.05617534
0.16053923
0.25567475
-0.04769178
-0.09301583
0.02261137
-0.03667705
-0.06054845
-0.12879619
0.17500432
0.24673559
0.13034727
0.20116479
-0.00061133
0.20553682
-0.03059033
-0.01730501
-0.09611417
0.15191502
0.25164256
-0.00472866
0.05393962
-0.16327118
0.05601415
-0.01514189
0.02620663
-0.11442479
-0.20584765
0.02936838
0.15883904
0.23925045
-0.06007722
0.06599985
0.01244416
-0.00620394
0.10982414
0.12394995
-0.08713766
0.00171200
0.04983299
0.15171105
-0.06684288
0.00089408
0.13093759
0.04624859
0.18917672
0.01069323
-0.02724685
0.11362527
0.25966380
0.18495709
0.07013510
-0.10746032
0.06563308
-0.10376735
0.06570229
-0.12423490
-0.05533778
-0.11930915
-0.24984071
0.02850932
0.05772198
0.06832560
-0.14005749
-0.11121948
0.08829366
0.18863656
-0.13525446
-0.13450586
-0.03256049
-0.04930014
0.13312461
0.01108267
-0.08916946
0.03250656
-0.04958614
-0.05996896
0.04143521
-0.14242816
-0.19686436
0.03166379
0.00421587
0.03759769
-0.20516566
0.12409701
-0.17751405
-0.03631019
-0.15274293
-0.11463044
0.08431585
0.11498115
-0.02380368
-0.02271836
-0.03641722
0.20722517
0.25296851
0.17658665
0.04303479
-0.05631377
0.07256353
0.14517675
-0.07313241
-0.12488158
0.22169389
-0.03517885
0.06456424
0.01477697
-0.08928737
0.05195255
0.01299105
0.14056026
0.14163336
-0.19701040
0.09404127
-0.19820291
0.00256966
-0.10977765
-0.23793985
0.02046966
-0.14751807
-0.00165303
-0.13791269
0.01517077
-0.25693820
-0.07782919
0.16061152
-0.46435629
0.00275679
-0.09700553
0.04252278
0.01388230
-0.10219607
-0.22083878
-0.03861954
0.01311369
-0.16094036
0.02908866
0.11442446
-0.06930497
-0.20611581
0.36082151
0.10012431
-0.11058188
-0.04456044
0.04963988
-0.05327484
0.00822579
-0.00686796
-0.14223549
0.22644208
0.13018958
0.03868274
0.10508276
-0.08737812
0.16870474
0.02910341
-0.00643562
0.02759127
0.24845459
-0.04340266
0.06542296
0.19404250
-0.38070213
-0.02600083
0.08409702
0.18503745
-0.32665167
0.00221236
-0.06467532
0.14892498
0.07691348
0.19569060
-0.17580425
0.03348261
-0.06713727
-0.09001958
-0.03551176
0.33747055
0.04935915
-0.01907473
0.28992925
-0.11194297
-0.14897159
0.11632550
-0.05242052
-0.08096770
0.18420696
0.04158638
0.09387129
-0.01641805
-0.04314921
0.11416118
0.14274985
0.09247537
0.02076488
-0.07533276
-0.06951888
0.05448207
0.01158953
0.21441270
0.02970947
0.04232856
0.03642094
0.09976748
-0.24496820
0.10433749
-0.24308408
0.12586923
-0.30066289
0.14239131
-0.03462247
0.29735030
-0.24325641
-0.05562223
0.01451550
0.09788614
-0.00418979
-0.02026035
-0.19010645
0.18897562
-0.03536569
-0.04182723
-0.21419120
-0.25123463
0.00723467
0.08255567
-0.07003214
-0.10506000
0.02804571
-0.07362199
0.14172558
-0.29873283
0.05062021
-0.08413404
-0.01986080
-0.16037009
0.00509029
0.34553427
-0.14711211
-0.03682322
-0.32808883
-0.14072775
-0.02538500
-0.38084183
0.08667032
0.16500447
-0.03612200
0.23618972
-0.05107977
-0.12697414
-0.16628682
-0.01053503
0.08392709
0.01803512
0.16763148
0.09733420
-0.07721952
0.01904858
0.07722822
0.05918379
0.11711612
-0.14609746
-0.22524344
0.04907217
0.22202492
0.01671770
-0.00409386
-0.10711730
0.09011556
-0.09595091
0.01214970
-0.11473451
0.09192393
0.01518643
-0.09174273
0.06751361
-0.01666367
0.09781419
0.16985616
-0.16840188
-0.06909768
-0.02531040
-0.12394696
-0.10500562
-0.13217118
-0.10405883
-0.13166826
-0.07571799
0.22961246
-0.00958728
0.16087554
0.13067293
0.21626332
0.14535065
0.03346774
0.07284899
0.03827065
0.13610424
0.00946951
0.08545761
-0.04575358
0.28433908
0.23507309
0.05597770
0.08660763
-0.08097139
-0.15915855
-0.02802666
0.12824794
0.14052730
0.23562567
0.09995806
-0.14466383
-0.06924043
-0.09216124
0.27599039
-0.09541910
-0.01405259
0.15632948
0.03056846
-0.04305487
0.11420163
-0.20738059
-0.13274910
-0.05661309
0.01726871
0.08513168
-0.07687454
0.01458808
-0.36438039
-0.15389883
-0.46051771
-0.06585048
-0.03254144
-0.36472475
0.01620724
0.01113277
-0.15933901
-0.12733398
-0.28182573
0.00185889
-0.34654952
-0.13667047
0.01192052
-0.20391197
-0.27203229
-0.08819629
-0.19260251
-0.05832109
0.22980869
0.13571909
0.01125546
0.10048675
-0.06088071
-0.14256438
0.27059157
0.08131164
0.24531952
0.60829360
0.32540176
0.38993802
0.39890879
0.40581316
0.48104629
0.45721585
0.47862714
0.01725752
-0.09312249
0.25154311
0.02177631
0.17015623
0.19390226
-0.10870943
-0.20453717
-0.10968488
-0.12933498
-0.31636568
-0.39399149
-0.20628100
-0.20080282
-0.22477718
-0.18934586
-0.22661168
-0.31535977
-0.17158236
-0.19668764
-0.14041632
-0.15731812
0.08121970
-0.26030148
-0.15270646
-0.11216789
0.15310740
-0.25668911
-0.21503616
0.06723547
-0.23339291
0.07596005
0.00240082
0.29295095
0.18126428
-0.02216801
0.29982354
-0.02609891
0.35212580
0.12070328
0.03157610
0.00677470
0.02678051
-0.14631159
0.02483217
0.22706705
0.06877118
0.06146417
0.16564346
-0.05781268
0.07843244
0.11439485
0.05048325
-0.10129326
0.34417906
0.22136403
-0.06021726
-0.24954331
-0.14185521
0.04121202
0.21981481
-0.06364423
-0.00879633
0.09645015
-0.05333529
0.03053771
-0.17786473
0.09290900
0.03830552
0.16088646
-0.02141999
-0.34478336
0.01924252
-0.12179940
-0.06605442
-0.12303265
-0.07843251
0.02922131
-0.08392430
-0.08466586
-0.11140704
-0.20590417
-0.07411526
-0.11776071
-0.24755559
-0.15483828
-0.02437699
-0.07240856
-0.36580537
0.00268751
-0.02588198
-0.01552700
0.14140449
-0.23678552
-0.15967797
-0.19187836
-0.03887034
-0.05098011
0.00040856
-0.01122068
0.20614785
0.01109399
-0.09407760
0.25111413
0.22249642
0.20753645
0.27964655
0.21431262
0.10580709
0.44165061
0.51132610
0.06268654
0.39275892
0.27978712
0.51182699
0.17348013
0.31360965
0.05131500
0.38187498
0.12885461
0.01370391
0.14454297
-0.20833686
0.25008709
-0.16241875
-0.21337765
-0.14589417
-0.59052924
-0.37520751
-0.77962017
-0.67459006
-0.50696416
-0.57348170
-0.27626811
-0.26006827
-0.56363524
-0.44585746
-0.55751010
-0.40097116
-0.38089298
-0.69204154
-0.22005831
-0.31912578
-0.08755730
0.08496480
-0.07243902
0.06769665
0.25818090
0.16278491
0.20331178
0.23207270
0.40961409
0.56181945
0.17495961
0.51467308
0.30177117
0.36029811
0.11547196
0.30247148
0.31009447
0.41859129
0.09444784
0.07133313
0.55603041
0.04547840
0.12373820
0.05100593
-0.08091759
0.12956301
-0.17691037
-0.08477310
0.24079899
-0.08897265
-0.31553252
-0.30810790
-0.01532288
-0.28096267
-0.03299888
0.03078967
-0.03172030
-0.06537793
-0.01770997
0.01318993
0.13356255
0.06825984
0.15880259
-0.05848139
-0.03187355
0.05079642
-0.39058822
-0.05181683
-0.00043830
-0.15794632
-0.13067477
-0.03309832
-0.21463090
-0.16575883
-0.06445879
-0.16578386
-0.11897147
-0.07574168
0.18430123
-0.15374128
0.19070615
-0.19931157
-0.01614193
-0.02896023
-0.06821259
0.00207517
-0.06251300
0.28380501
0.26209939
0.29258703
-0.28588669
0.18130948
0.12979216
-0.02685748
0.18326261
-0.07877513
0.16250069
0.02672382
-0.12705892
0.20482960
-0.24501673
-0.16105589
-0.02155760
0.04054731
-0.05295331
-0.13063255
0.10132176
-0.03262833
-0.08305637
-0.06473882
0.12123144
0.38204878
-0.21725024
-0.01983663
0.17295512
-0.13534071
0.05529364
-0.23450901
-0.00560684
0.15227479
-0.16667804
-0.22417774
-0.01780109
0.27230888
-0.23764982
-0.05173178
0.12746474
-0.00194584
-0.10520644
0.17794337
-0.01604823
0.01143567
0.15010301
-0.05287419
0.07015150
-0.07108148
-0.11818703
0.11004292
0.18247179
-0.06263539
-0.19080359
-0.08573876
-0.19176294
0.09171866
-0.09415222
0.07943225
-0.09839662
-0.02745763
-0.03011858
-0.04557886
-0.07356768
0.06274412
-0.18218560
-0.02152183
-0.07963699
0.05033609
0.00712334
0.25490976
0.03126205
0.00980462
-0.15782635
-0.21819922
-0.07066051
0.18339584
0.06959279
-0.09078502
-0.18172851
-0.00383715
0.12267590
-0.04216076
0.11756989
0.07254663
0.04759203
0.00600496
-0.30693531
0.02069423
0.00909838
0.14854669
-0.14709267
-0.02821085
0.02218357
-0.04768541
0.05328434
-0.13988850
0.10902795
0.13396746
0.17094895
0.02178648
-0.04605706
0.12368669
0.12094703
0.13411833
0.03923341
-0.07188065
-0.12044961
-0.40325106
-0.01753303
-0.08697809
-0.14494851
-0.12447510
0.16311771
-0.26171150
0.12843069
0.33104455
0.04059884
-0.04534408
-0.04390208
0.03137860
0.04146658
-0.18392984
-0.08515895
-0.04727977
-0.18293839
-0.16392035
-0.10945918
0.22580569
0.09802251
-0.01612507
0.14752178
0.10849348
-0.31315285
-0.22521043
0.11876732
-0.07267750
-0.20276668
0.10838354
-0.03794909
0.16890736
-0.01799259
0.12455572
0.00048740
-0.08538402
-0.39283227
0.12147041
0.36842609
0.01201830
0.16198985
-0.09014718
0.08040114
0.06970287
-0.02023010
0.06640156
0.13035079
0.19099810
0.05794541
-0.06732183
-0.03683874
0.00053658
-0.01225835
-0.08121387
0.02916794
0.23664694
-0.15601323
0.14282918
0.01414410
-0.05185597
-0.14335821
0.12625605
0.26603859
-0.04351970
-0.02347162
-0.20757464
0.07961004
-0.09073338
-0.08178631
0.00516631
0.06748687
0.10415493
0.04673714
0.00642463
0.02261370
-0.02110743
-0.10010868
0.32534726
-0.06977422
0.19494200
-0.00942606
-0.04372946
-0.17597756
-0.33095706
-0.01965057
-0.07358322
-0.05173399
0.08635588
0.23394190
-0.11266350
0.02076021
0.01453347
-0.04876979
-0.14317560
-0.02707285
0.13365942
0.29250268
-0.10219454
0.07265424
0.00945648
-0.19732619
-0.00788042
-0.07450408
0.00851371
-0.03958277
-0.06950686
0.02515244
-0.09992133
-0.14416427
-0.16998142
0.07143904
-0.07618823
-0.10046429
0.11780718
0.04782490
0.08391130
-0.01904342
-0.01253697
-0.22599655
-0.06993294
-0.01870700
-0.12224395
0.08524228
0.16828108
0.44003088
0.02874707
-0.00332819
0.22496863
0.08645530
-0.01612055
-0.01928561
-0.04493886
0.09507304
-0.19290568
-0.19553877
0.29044108
-0.29259813
0.07687589
0.16589948
-0.14938311
-0.17627861
0.24734124
-0.13382628
0.28231099
-0.10468593
0.00337891
0.01937665
-0.02662535
0.05732853
-0.09156083
-0.06742475
-0.21468962
0.20996856
-0.23909360
-0.03183352
-0.02953603
0.08187519
-0.16204719
-0.06896967
0.00875344
-0.23204354
-0.46427228
-0.11955380
0.14562895
-0.05916979
0.09824045
0.11956596
0.04921341
-0.10093140
-0.13857515
0.19770676
-0.04453188
-0.08210436
0.13311040
0.17359352
-0.10678072
-0.09263038
0.08229685
0.22845926
0.04245773
-0.26584009
0.12633949
0.14294612
0.22185579
0.44055004
0.17061583
0.16352669
-0.09160436
0.11564055
-0.19104679
0.06493030
0.09413331
-0.13674938
-0.03712097
0.10922379
0.09673754
-0.03561468
-0.00007509
-0.10652343
-0.09615913
0.14882396
0.12111515
-0.13249557
0.10113185
-0.00219092
-0.07501784
0.27457655
-0.03147898
-0.05757887
-0.05095412
0.03100916
0.22380901
-0.16693797
0.11883840
-0.22860187
-0.06217141
0.13560829
-0.24285467
0.20161178
-0.10338085
0.34406090
-0.24070142
0.07322437
-0.01887863
0.15777104
-0.00672407
0.05004336
-0.44408594
-0.13718641
-0.07114505
0.20805344
-0.11360929
-0.01169264
-0.03209830
-0.09819342
-0.21000989
-0.23726496
-0.16971876
-0.09837043
0.02512079
-0.12291337
-0.10020237
0.01306942
0.11153708
0.31155533
0.09008163
0.16297000
0.11350829
-0.13572460
0.01020328
0.08895097
0.02704332
0.07377059
-0.01941142
-0.12557392
0.23708117
-0.11645256
0.00990913
0.13759325
0.09696442
-0.07341778
-0.09534712
-0.00813082
0.33449613
-0.16655032
0.04683098
-0.17913814
0.09587385
-0.03448499
-0.04959689
0.18875593
0.08459401
0.12285381
0.01915793
-0.09814028
0.13058463
-0.14635999
-0.04524910
0.00230321
0.02970863
0.05354062
-0.18332528
0.07873208
0.08765767
-0.11023280
-0.04596817
0.09909104
0.03241184
0.09581551
0.21723175
-0.32899121
-0.05706328
0.11890068
0.20221246
-0.11028644
0.06395422
0.17963981
0.13600128
-0.36478265
-0.04578456
0.01220627
