-0.18621432
-0.08086571
-0.28103858
-0.04991243
-0.21475859
-0.26990322
-0.34279349
0.04032572
0.19787353
-0.38823392
0.29477569
0.25918741
-0.18462866
0.10889257
0.01598518
0.05478531
0.07355473
0.24328624
-0.24439919
-0.01269581
0.07495435
0.07452206
-0.18067932
-0.03189837
-0.47752126
-0.31861270
0.15084095
-0.11856775
0.02333175
-0.21976969
0.13450757
0.13205007
-0.15674803
-0.06396108
0.04851508
0.13063527
-0.21360467
0.17288335
-0.26399830
-0.23836241
0.11946926
0.08939898
0.13586578
0.11652895
-0.40017487
0.07030783
0.61977847
-0.13624207
0.19351744
-0.15557690
-0.01732399
-0.13467212
0.12264694
0.13504079
-0.19158227
0.12920199
0.16691458
0.14691781
0.19726682
0.43198517
-0.31934874
0.08489172
-0.26817900
0.04001140
0.25964915
-0.05589712
-0.05003204
-0.00372562
-0.11401445
0.00330273
-0.12048813
-0.15052581
-0.61775537
-0.10723725
-0.21787915
0.33074142
0.33291941
0.03178834
-0.16985878
0.06824864
-0.09493704
0.20976603
-0.09125619
-0.13670148
0.09820698
-0.14240355
-0.26127010
0.55566624
0.45439472
0.11204896
-0.01753170
0.15055314
0.06222268
-0.26442417
-0.32837730
0.18017847
0.31094819
-0.14870674
0.12883705
-0.25824534
0.09648774
0.07260461
-0.25533961
-0.02586154
-0.15168555
0.04999700
-0.00645089
0.06161071
-0.12173165
-0.11205043
0.02941844
0.00594431
-0.23710433
-0.13937800
0.05852260
-0.24863603
0.13720241
0.21071452
-0.05945773
-0.01538859
0.27437224
-0.00086851
0.10095333
0.29279090
0.18815982
-0.02130746
-0.39206489
0.29551976
-0.25169300
-0.25067184
-0.22308791
0.11102218
0.00815772
0.17097405
0.07958191
-0.17797305
0.35152361
0.28593521
0.12864782
0.12608572
-0.43623935
0.07501858
0.02923089
-0.37659507
0.03147544
0.08582742
-0.25593571
-0.24505704
0.04916839
-0.01827892
-0.20161497
0.02060431
0.03720273
0.00434473
-0.02659188
0.18009148
-0.08802693
-0.14188680
0.45516592
-0.35482762
-0.09418059
-0.43215536
0.24607555
-0.05899075
-0.40999196
0.09825984
-0.14913299
0.27287337
-0.08868556
-0.11672655
0.00336371
0.17676169
0.15967457
0.17938350
0.08888502
-0.17092000
-0.02036461
0.18010441
0.06816098
-0.17621928
0.06911780
-0.04475147
0.12023379
0.07366463
0.29706114
-0.31305124
0.07229236
0.09045493
-0.08164721
0.26740769
0.06731568
-0.25614550
-0.47496992
0.14815894
0.01001950
0.16310687
-0.05014930
0.30743111
-0.20958427
-0.44465801
-0.14750422
0.24781527
0.00711395
0.07203017
-0.38945508
-0.11386147
0.16800423
-0.37099410
-0.04489199
0.15108864
-0.22598708
0.01344088
0.26049461
0.24522682
-0.43526914
0.11757979
0.26218277
0.23900024
-0.09382149
0.08635807
-0.01217909
0.04039384
0.06765478
-0.38998022
0.01141088
0.15060228
-0.22210383
0.05177783
0.19236042
-0.27588477
0.29988479
-0.15492694
0.06016118
-0.15522304
-0.27283744
-0.43394563
-0.15073819
0.09337587
0.00789999
-0.13624108
0.07342416
0.01504610
-0.12695007
0.21288372
-0.03451104
0.06255557
0.21081829
-0.34023329
-0.03122465
-0.03033064
0.21138865
0.17232640
0.11669094
0.14841288
-0.09907394
-0.07593322
0.07935223
-0.16717653
-0.00216558
0.00463112
-0.00326567
-0.07890812
0.06288239
-0.00932996
-0.29576135
0.09058129
-0.28080187
0.06272263
-0.04439139
-0.10327967
0.15650936
-0.13390574
-0.06226467
-0.14821327
0.07447153
-0.03507854
0.28722548
0.01036475
-0.07492313
0.00190978
0.26998594
-0.02166004
-0.25105228
-0.09682591
0.22226879
0.69448642
0.03962397
-0.28435071
-0.09617692
0.10495107
-0.26527238
-0.10812610
0.12855855
-0.09918813
0.14673086
0.07063676
-0.13987725
-0.33536718
0.02947352
-0.19024929
0.04083886
0.15660167
-0.18887698
-0.26321154
0.15460193
0.17995654
-0.05558566
-0.05208381
-0.01383487
0.07590419
0.32719737
0.05835995
0.59230986
0.39991601
0.27759676
-0.03555494
-0.08198402
0.24626264
0.08463374
0.12003140
0.23061803
0.16270657
0.16265183
0.27991338
0.71460086
0.10554673
0.23153821
0.01701240
0.02681035
0.01375978
0.05654394
0.46627582
-0.16393328
0.19461790
0.08482487
-0.16853095
0.19010286
0.04177546
0.01448293
-0.00450231
-0.13235206
0.14712282
-0.18479284
0.24993607
0.09131161
0.02065907
0.06618339
0.05607807
0.03493907
-0.02119950
0.00139749
-0.22125384
-0.37262746
0.07588393
-0.02793601
0.04872939
-0.02982393
-0.25089520
-0.16815324
-0.04968962
-0.01863351
0.01855679
0.25307221
0.07962273
0.26943764
-0.15626235
0.13900327
-0.14142463
0.40063700
-0.21157429
0.27606987
-0.00381766
-0.21985824
-0.01091859
0.14152486
0.18602539
0.23109677
-0.08308589
0.17751539
-0.30515258
0.15887174
0.03432983
-0.02523400
-0.11111677
0.35146589
-0.21339687
-0.14129275
-0.03195762
0.16658449
-0.10529132
0.19966829
0.13136827
-0.27288041
0.08915395
-0.14865573
0.25182258
-0.01483710
-0.09396088
0.06413104
-0.20004523
-0.10564060
-0.18848202
0.08524603
-0.00552501
-0.10356409
-0.05346927
0.19728092
-0.21145842
-0.36985419
-0.21723874
0.14186598
-0.28013696
-0.06766969
0.15761065
-0.03509762
0.07460419
-0.11721456
0.18598858
-0.06017161
-0.36297329
0.21045717
-0.33715843
-0.17459025
0.02423795
0.06495974
-0.55550994
0.12529987
0.03265592
-0.04024933
-0.08415737
-0.09554590
0.09314240
-0.08949842
-0.00375105
-0.09378487
-0.06439529
0.33319254
-0.18601615
-0.25692644
-0.07753144
0.05138956
0.15440671
-0.06982593
0.19923072
-0.07048516
-0.21981752
0.05675788
-0.09230181
-0.09745287
-0.25212386
0.06082244
-0.06879003
0.17376516
-0.02665244
-0.02008556
-0.16818151
0.35255272
-0.01413864
-0.23186759
0.16612617
-0.04319332
-0.15961400
0.34933456
0.27940161
0.05006784
-0.06977476
0.12512391
-0.19782273
0.01024961
-0.18782671
0.23181857
-0.05706126
-0.03326071
-0.22009970
0.06160260
-0.22067182
-0.04988062
0.01793238
0.21900230
-0.01673849
-0.03449686
-0.07737836
0.12063581
0.18103963
-0.12642057
-0.15787763
0.08402567
0.02971886
0.13282987
-0.25277530
-0.13685515
0.08113406
-0.07356553
-0.25915773
-0.27137895
-0.13262459
-0.00395215
-0.13765207
0.24628400
0.16606293
0.21270659
-0.11328222
-0.02948045
-0.01551230
-0.37261790
-0.15585147
-0.06876202
-0.28266464
0.27452069
0.20223452
-0.02007746
0.01269324
-0.26238254
-0.30776797
-0.05523945
0.43945864
0.23478705
-0.29978678
-0.26468307
0.12373655
0.41694247
-0.16299637
0.12128085
-0.18834064
0.17815118
0.19502201
0.10483187
0.09566643
-0.41934509
-0.04368260
0.04723016
-0.00421241
-0.18795642
-0.10096949
-0.16845570
0.08854244
-0.09981529
-0.20960414
0.08328611
0.13976610
0.21695762
0.24544915
0.28219425
-0.02340525
-0.04271365
0.21761430
-0.01333312
0.22221639
0.25966138
0.23683506
-0.22697137
-0.00718042
-0.36120974
-0.05557121
-0.29131433
-0.04677338
0.02346689
-0.00842571
-0.40665036
-0.03585131
0.07490105
-0.05765179
-0.07350061
-0.31338251
-0.01009094
-0.13034637
-0.04398790
-0.10675348
0.10154751
0.37039852
0.33498443
-0.26273653
-0.26312876
-0.03522405
0.09545624
-0.29720013
0.11243273
-0.07130530
-0.06899319
-0.07240965
-0.20965615
-0.14742679
0.29929462
-0.23482749
-0.05095493
-0.11535461
0.01052515
-0.20670954
0.14088054
0.16670135
0.11206496
0.22377541
-0.14448195
0.07576053
0.27629845
-0.23748066
0.06554281
-0.00490229
-0.44077295
0.29002021
-0.31909610
0.12594426
0.01923553
-0.20511439
0.02199735
-0.00630968
0.14374416
0.08702032
0.10371581
0.05800277
0.16738857
-0.00987487
0.05278282
-0.19456063
0.14386192
0.07875617
0.25360867
-0.01288556
0.02951227
-0.02909063
0.14380736
0.19357363
0.14377377
0.05554236
0.04873299
-0.00708419
0.35639836
-0.10308986
0.11275172
0.13906655
-0.34220932
-0.49240087
-0.06064443
0.18581717
-0.06383836
-0.25970788
-0.37768639
-0.08955544
0.04933083
-0.03921512
0.18106095
-0.19391452
-0.25599698
0.17068983
0.28322043
0.05641620
0.32711413
0.30068168
0.25408637
0.51313803
-0.33334175
0.22277601
0.03955168
0.18953621
0.47257837
0.57964626
0.03817872
0.53823286
0.70746988
0.57602038
0.39292198
0.43953189
0.06660239
0.28938403
0.47999634
0.03131544
0.09962828
-0.11181064
-0.05345412
-0.08506568
-0.59724229
-0.32026800
-0.42387834
-0.51360337
-1.11540663
-0.56944243
-1.01281356
-0.93524865
-1.20264284
-1.32696749
-1.28438728
-0.93086901
-1.49400079
-1.44632960
-1.24212334
-1.37632694
-1.01682293
-0.98417938
-1.19212936
-0.47760866
-0.71768506
-0.35336259
-0.29014739
-0.10995569
0.35722402
0.20611455
0.47639112
1.00140378
1.01658644
1.11118005
1.31865224
1.47041657
1.34602515
1.70002206
1.87008293
1.53046227
1.81247682
1.77570143
1.57529551
1.22924704
1.42750066
1.09640049
0.53695651
0.38699573
0.77741388
0.67640504
-0.23229837
-0.00794563
-0.07560161
-0.51479580
-0.27839876
-0.42547335
-0.45332408
-0.41497580
-0.93093510
-0.48084027
-0.87052764
-0.46404318
-0.81138310
-0.64375888
-1.24378812
-0.58845481
-0.56528555
-0.60058646
-0.67352849
-0.39334126
-0.57351494
-0.28382316
-0.56746038
-0.32904304
-0.06035150
-0.04134068
-0.04270295
-0.19581205
-0.40555282
0.02144718
0.23491742
0.18671219
0.23342346
0.13189148
-0.03577913
0.48678636
0.22705904
-0.22259378
-0.11447588
0.43737981
0.17657826
-0.16827003
0.38319371
-0.06594566
0.17775839
0.50561480
0.18257376
0.18787905
0.41946029
-0.01672143
0.17849194
-0.17354016
0.21330454
-0.04527991
0.32709895
0.16137945
-0.23362671
-0.20813662
0.21691239
0.20977318
0.23885651
0.23920229
0.13145983
-0.36942332
-0.05449402
-0.00404552
0.07883014
0.31388590
-0.18440231
-0.29020929
0.20123248
0.30508593
0.10546340
0.00325269
0.18275249
0.17916644
0.02387821
0.23478919
-0.26454489
-0.20991463
-0.03142831
0.05117255
-0.19120639
0.03596894
-0.11513236
-0.25121227
0.24290084
-0.07249701
0.10207768
0.28945538
-0.19225929
0.06782731
0.03632053
-0.17149191
-0.02161861
0.19872872
-0.00119643
0.09394020
0.31565245
0.11803781
-0.18710685
-0.30840071
-0.14245517
-0.05739650
-0.15979560
-0.02755999
0.09415580
-0.27226572
0.15285234
0.04277518
0.03674773
-0.00888066
0.02453106
0.02281139
-0.03306094
-0.02562182
-0.24433173
0.11219936
-0.12347212
-0.00954544
-0.09544884
-0.45518556
0.03796940
-0.18050709
-0.10165076
-0.22905580
0.21816341
0.14711208
0.46440654
-0.14167539
0.38473000
0.27545305
-0.06791009
-0.10466620
0.30100601
0.24555218
0.07159371
-0.09567010
-0.17565728
-0.40751933
0.42184327
-0.29916742
0.27015559
-0.21848239
0.19937712
-0.18320643
0.21984136
0.18473917
0.14689141
-0.15118940
-0.08977082
0.11226048
0.22287564
0.03300190
0.17262308
0.01891741
0.09240990
0.02221391
-0.06064215
0.22482207
0.45708444
-0.32294488
-0.34863019
0.27197611
-0.05822809
-0.04737081
-0.11984531
0.13979265
-0.11125711
-0.46676815
-0.26489198
-0.13691309
0.22664853
-0.09307098
0.15339411
0.02182903
-0.13496428
-0.08725588
-0.09845731
-0.25514504
-0.14218218
-0.31676874
-0.07175287
0.14610545
0.19256430
-0.08435262
0.13600562
-0.09103793
0.04543185
0.11011234
0.04181217
0.11596448
0.24122821
0.12483008
0.02351825
0.19673934
-0.01372566
-0.10211968
-0.05413880
0.18010006
-0.30926120
0.07709170
0.18536937
-0.00148449
0.08577515
0.03548426
0.17279998
0.20922958
0.20999958
-0.02818416
-0.53865289
0.21156668
0.08792022
-0.16749637
0.23664989
-0.44136317
-0.03922775
-0.03938765
0.56270122
-0.08990621
-0.34822063
-0.20599540
0.09475135
0.10496958
0.01408905
-0.15973236
0.11334395
0.04904789
-0.09650310
-0.00654588
-0.00195481
-0.07718349
-0.09231670
0.14720740
0.07085806
0.24178472
-0.08443349
0.03897243
0.22963631
0.12003217
0.16340905
-0.00528490
-0.14049162
-0.07637798
0.15007639
-0.17972834
-0.23997461
0.20168227
0.27559854
0.23381340
0.09617934
-0.04236534
0.36393787
-0.05944332
0.22639355
0.12179220
0.39035484
0.28711075
-0.14851224
-0.39269679
-0.19914666
0.20287607
-0.08968896
0.35736066
0.06135692
-0.08294089
0.11405416
0.18940550
-0.02751300
-0.03152083
-0.18048837
-0.12338121
0.07926438
0.26585397
-0.03952838
-0.00208287
0.09490262
0.11892790
0.44407949
0.17901433
0.06636362
-0.14968136
-0.04661795
-0.06382232
0.16382111
0.09235108
0.15710963
0.34490428
-0.04768346
0.54298114
0.02561896
0.12417895
0.03830883
0.13263488
-0.11627437
0.01385427
-0.26821497
0.12561430
0.27094241
0.08040237
0.38612771
-0.22582427
-0.01709766
0.14093886
0.13427428
-0.04497870
0.17867891
-0.11826687
-0.06455315
-0.30353885
0.13938690
-0.06127875
0.00186592
-0.08603502
0.40600209
-0.16370341
-0.22936684
0.12052541
0.09519021
-0.05000233
-0.13248455
-0.17145278
-0.14229507
0.02169240
-0.27798241
0.14980538
-0.15404696
0.19120894
0.06089714
-0.39293564
0.14292416
0.01645926
0.09245460
0.01957169
-0.24309463
-0.22386403
0.11595969
0.22104501
-0.00429636
-0.35064743
0.00318623
0.44209262
0.01633869
0.28534580
-0.06545708
0.41497402
0.24760065
0.13591120
0.08658976
-0.21431116
-0.13931156
-0.34374574
-0.00595063
-0.06163934
0.45460697
-0.10872431
-0.23112831
0.14306474
-0.47225372
-0.03234720
-0.30725790
-0.03472206
0.05888391
0.01804047
0.13911456
-0.04634910
0.08578305
0.22377413
-0.32966746
0.00113947
0.05917238
-0.04898721
0.10365611
0.06326884
0.12222986
-0.13544173
0.04338093
-0.11597417
0.13550174
-0.41343692
0.19712083
-0.11619157
-0.21675692
-0.23742347
-0.04621934
-0.07793053
-0.06936066
0.02140963
-0.09030068
-0.02750001
0.30629183
0.01484290
-0.23274466
-0.05664336
0.18596823
-0.01734326
-0.28442004
-0.10775719
0.12223213
0.01349818
-0.16557406
0.11693373
-0.35424289
0.12596380
0.06340690
0.11291211
0.27096061
0.09656236
0.07982546
-0.06042493
0.20355180
-0.04192625
-0.17064394
0.18676562
0.28675639
0.11643494
-0.33055220
-0.26660459
-0.13630435
-0.17430665
-0.07806960
-0.16534207
-0.03562931
-0.11590271
0.17062702
-0.30740674
0.20838119
0.15135341
0.20042062
0.08506969
-0.06183297
-0.08165535
-0.09857487
0.28329435
-0.15327264
-0.33160739
-0.11201423
-0.64021571
0.01664594
0.04075529
-0.00661502
0.17530712
-0.24338004
-0.10726150
0.05876188
0.07738173
-0.16089633
-0.04356659
0.09941305
-0.35023589
0.09588722
-0.16362874
0.34069048
-0.03459564
-0.02207080
0.42799122
-0.03209305
-0.10753662
0.37862842
-0.07537554
-0.05850925
-0.04991574
-0.10847069
0.14898969
-0.31067004
0.21989353
-0.16837854
-0.12625220
-0.23494042
0.01564041
0.07536901
-0.29083873
0.16902496
-0.05084723
0.03727775
0.06492697
0.05397769
-0.14658046
0.21367694
-0.21364373
-0.00791072
-0.30092468
0.14959493
-0.25503086
-0.02039013
0.00853107
-0.02034136
-0.02645427
-0.19143872
-0.07387779
-0.10561638
-0.42840730
-0.14906739
-0.09980711
-0.23408452
0.18622367
0.11648322
-0.14059079
-0.03822882
0.03953559
0.08544105
-0.04472239
0.00115860
-0.33671279
0.15552446
0.09833171
-0.21756121
0.12592062
0.11145563
-0.10527251
0.21856950
0.44278857
-0.13460061
0.07471273
-0.00018164
0.23701359
0.21377769
-0.11643602
0.01194235
-0.13704398
0.26682530
0.11586489
-0.12491312
-0.26064833
0.11168972
0.14757061
-0.24161349
0.04066076
-0.11708821
0.11345734
-0.20513898
-0.03984151
-0.16408368
-0.09328183
-0.09929179
0.28388123
0.26340320
0.30216539
0.11705909
0.01834954
0.02725947
0.11833200
-0.13905072
-0.45545994
0.10490096
-0.07659997
-0.04138681
-0.02382748
0.09363913
0.30635826
0.00254675
0.04417284
0.20302123
0.06532953
0.59091339
0.25527505
0.00379499
-0.01388873
-0.00879474
-0.24515336
0.00865784
0.04436422
-0.11336703
-0.09098443
-0.01023012
0.18358989
0.01386490
-0.21760619
-0.21325817
0.04444391
0.04705391
0.23890530
0.09283127
-0.12426198
0.15190989
-0.33638214
0.25410562
0.45127810
-0.14753070
-0.18497380
-0.06532257
-0.07622339
-0.17388096
-0.12476546
-0.17914884
0.00121345
-0.04448354
0.27958323
0.31417418
0.16790906
0.09512662
0.34379949
-0.04032846
0.04626238
0.14678726
-0.17835626
0.06540206
-0.06734434
0.29126709
-0.03807958
-0.23504507
-0.33936296
-0.36739506
0.02313343
0.14640807
-0.10005859
-0.14886750
0.08004001
-0.01287245
0.21055080
-0.03412419
0.18529312
-0.03769828
-0.20936200
0.06423064
0.13425428
0.22158962
-0.07789208
0.17334935
0.02780035
-0.39474600
-0.30356948
-0.04758579
-0.05139044
-0.11059357
0.11317798
0.31692345
0.04854971
-0.43870133
-0.09260603
0.06555053
-0.39534251
0.06796604
0.27700427
0.46778228
-0.18236065
0.03549418
-0.45314947
-0.26743747
0.27455674
-0.40490279
0.09923173
0.12302993
-0.15535933
0.28550303
-0.16844221
-0.03729952
-0.03525142
-0.02242569
0.41204991
-0.04690436
-0.07288705
-0.26818896
-0.18761134
-0.07941554
-0.31422081
-0.05537167
-0.28951420
0.28828370
0.05220417
0.19437829
-0.17753971
-0.17697602
-0.15260873
0.15719464
0.11128055
0.19824145
0.06779458
0.23087011
0.07207152
0.12897213
-0.05763444
-0.14222608
-0.16122421
-0.03215181
0.11741913
-0.12382045
-0.15967272
-0.06510896
0.27204589
-0.11486182
-0.35105121
0.18735242
-0.22473396
-0.03748242
-0.06335724
0.11489194
-0.03093075
0.12602652
0.20642861
-0.09949768
-0.23121336
0.18178364
-0.03006673
-0.01496171
-0.01810174
0.04476442
-0.34428982
0.16983983
-0.12273843
-0.15708417
-0.17382551
-0.26949258
-0.20932261
0.15814729
-0.01884943
0.22034969
-0.46717114
-0.15504328
-0.15438510
0.19801302
-0.04004992
0.22653311
0.06890728
0.01575533
0.18083372
0.33543723
-0.01974607
-0.20736802
0.28021798
0.04094408
0.03780836
0.32279524
-0.26320999
-0.03884645
0.11222715
0.03560043
-0.03766991
0.13795553
0.14683582
-0.16384389
-0.28583787
-0.43320561
0.10910910
-0.17432147
-0.25755252
0.14115944
-0.02908337
-0.33901839
-0.15531350
0.17583253
0.19146511
-0.11272031
-0.27404168
-0.02412569
-0.18303445
-0.00770142
0.14212705
0.24788202
-0.24993305
0.32903566
0.23289628
-0.01250105
0.29440249
0.15103145
-0.08436164
-0.03249863
0.10505990
0.25602572
-0.06734133
-0.10532476
-0.13788486
0.18937931
0.11447801
0.27398500
0.32004696
-0.13938211
0.34098497
-0.01841933
0.11710470
0.36017385
-0.17074081
0.01407021
-0.49361155
0.11277760
-0.15786572
0.05279270
-0.21050895
-0.06909045
0.02689324
-0.19521256
0.14650552
0.11220934
0.17968753
0.16950736
-0.28237225
0.11954549
-0.21030902
-0.09398048
0.27590203
-0.48574702
0.07349493
-0.12667985
-0.11411716
-0.06342641
0.27305128
0.08806989
-0.12035375
0.22740832
0.20937122
-0.14294706
-0.11368238
0.44677632
0.22455471
0.14803401
-0.19049359
0.18112028
-0.02423759
-0.07370482
-0.20690480
-0.15259224
-0.03195796
-0.11539664
-0.07089565
-0.06488426
-0.21879977
0.38001787
0.05332683
-0.14646634
0.15835767
0.08866867
-0.18843389
-0.23260912
-0.16410583
0.16101813
-0.19637747
0.40793658
-0.24313483
0.14955729
-0.11877405
-0.33740715
0.32112123
-0.17832486
0.12161271
-0.17916686
-0.30411590
-0.51504620
0.17483660
0.49977622
0.03153078
0.22032854
0.03130755
0.06755240
0.27105973
0.09356615
-0.00590906
0.12614603
0.23555408
0.05865434
-0.04990599
-0.19147548
-0.23390795
-0.20604509
0.20466913
0.00476744
-0.00110284
-0.22149412
-0.07871223
0.04217953
-0.06400032
-0.04028641
-0.03020007
0.18064609
-0.22417454
-0.15538725
-0.08773000
0.18135943
0.03172185
-0.31860545
0.01719115
-0.06252194
-0.21249642
0.14934076
0.21267192
-0.02033926
-0.34322257
0.40347828
-0.20128396
0.00983671
-0.11835445
0.24434362
0.37262093
-0.14415278
0.10014693
0.06326527
-0.15307876
0.12991249
-0.05820116
0.14262439
-0.17119288
0.12528662
0.12413182
-0.03547050
0.06184045
-0.17438052
-0.01502699
0.25232851
0.23537137
-0.18313385
-0.20832211
-0.25021134
0.10296927
-0.07524173
0.11386324
-0.03818208
-0.03423782
-0.02257298
-0.20280028
0.40590630
0.00247422
0.11863029
0.03746675
0.26142020
-0.05671171
0.28586843
-0.15664289
0.10435536
-0.31538904
0.06007219
-0.05545836
-0.03314739
0.27568648
-0.00658035
-0.12111521
0.19939217
-0.06488172
0.13405934
-0.04113333
-0.09822808
0.04361625
-0.03811689
0.08873480
-0.14480986
-0.30418674
0.15222764
-0.21700844
0.21150082
0.21532808
0.03104083
0.01547102
0.08214201
0.08807678
-0.01578203
0.02818120
0.17063374
-0.09591248
0.02614369
-0.12148374
-0.38270065
0.21461385
-0.05340457
-0.01297010
0.39982385
0.18623358
-0.06327297
-0.24357972
-0.18256713
-0.03551982
-0.34688605
-0.01082657
-0.26357747
-0.22419960
-0.22222776
-0.50978266
0.01292021
-0.17162459
-0.18173373
0.16318798
0.05069525
0.26322214
-0.25819703
-0.19757931
-0.03223603
-0.09347043
-0.31209991
0.14319795
0.14409433
-0.26071460
-0.11938745
0.02537634
-0.02848859
0.03655903
-0.07230968
0.03340355
-0.28980167
0.38998438
-0.00375672
0.04660684
-0.11811907
0.02426096
0.37054580
-0.00273537
0.10603412
0.26520270
0.29305324
0.13030906
0.03852773
0.17324435
0.02010357
0.15665451
-0.26328136
-0.45590281
0.34717419
-0.04384165
0.13738010
0.01039730
-0.10620417
0.03682828
0.05158261
-0.07204801
-0.24618098
0.09432698
-0.07914562
-0.01214095
-0.22335954
-0.49691320
0.09298853
-0.12565408
0.06086456
-0.00510789
0.20701648
0.06827838
0.03468696
-0.27535214
-0.03323567
-0.29276936
-0.20345807
0.41781991
0.04902195
-0.13097764
-0.13039279
-0.10360430
-0.01988243
0.11789662
-0.45721503
0.19450144
0.05519801
-0.21710495
0.21093194
0.09040032
0.12504965
0.02914279
0.12599985
0.02699229
-0.17517659
0.05373346
0.08925989
0.07127957
-0.06845730
0.10468843
0.34123528
0.05684715
-0.18383735
0.17073263
0.36361484
-0.42779353
0.21573702
0.02480072
0.01151582
-0.43620418
-0.04778586
0.00378115
-0.04123563
-0.04481257
-0.24256249
0.16938128
0.18962451
-0.16199578
-0.03184091
-0.06515180
0.09770746
-0.26840848
-0.22653449
-0.23977341
-0.21434708
-0.11111002
0.22344610
-0.10518782
-0.01084331
-0.08960121
0.08955947
-0.11738331
-0.40233773
0.08454223
-0.02953414
-0.00556755
-0.19856033
0.12422627
-0.05296060
0.26613317
0.03075656
-0.00077089
-0.32109866
-0.01432079
0.12551725
-0.12164114
-0.07846189
0.08710058
-0.04773091
-0.31398773
0.15153305
-0.21981292
-0.46517357
-0.49370389
-0.17118963
-0.18527863
0.33004292
-0.25206564
0.19072284
0.33635238
0.04055924
-0.16792536
0.09463481
-0.11436592
0.17751368
0.20756427
-0.37634912
-0.13757736
-0.09041108
0.10627518
0.02971731
-0.20404186
-0.11433960
-0.09104132
-0.10125199
0.06140110
0.38702490
0.16059875
-0.04208410
-0.23804561
-0.07281254
0.06796350
0.07985982
-0.28043921
0.04244822
-0.08495402
0.04705901
-0.65976807
0.11685246
-0.13317132
0.22860824
-0.02287078
0.23487095
0.33334100
0.03978654
-0.05732913
-0.11378767
-0.22546441
0.07944457
-0.08885706
0.06405426
0.20127363
-0.05883766
0.23482127
-0.28668644
-0.09906620
-0.04043202
0.11092870
0.14782725
0.21235717
0.29811637
0.03551687
0.21754475
0.00160033
0.00635266
0.14967287
-0.03912642
-0.13457752
-0.12112532
-0.28672889
-0.18864745
-0.17308753
-0.41389669
0.01112861
0.08974808
0.11495483
-0.09273585
0.28805064
-0.02931676
-0.04713403
0.14016804
-0.08774452
0.02111167
0.09552307
0.01880236
-0.02557043
-0.04936377
-0.02333125
-0.02721924
-0.14013610
-0.12848643
0.08424559
-0.23111495
-0.08852773
-0.43300424
-0.20005390
-0.09191615
0.26310804
0.07845689
0.39396095
-0.05408344
-0.11622903
0.24903039
0.11670915
-0.06144260
0.24619999
-0.22642378
-0.24840503
0.21980129
-0.22267583
-0.11480053
-0.23539900
-0.10620084
0.42898010
0.29426864
-0.04807921
0.19405569
-0.23243058
0.00555270
-0.05499991
-0.24709599
-0.15435845
-0.42657181
0.33238717
-0.00932737
0.07665452
0.00363617
-0.07764065
0.42685013
0.09555900
-0.02219763
0.03564506
-0.20729934
-0.04892812
-0.13828874
0.25957423
0.03928164
0.02344620
0.06520812
0.10336832
0.10386825
-0.10668203
0.24762048
-0.06015894
0.10039710
0.20055834
-0.06839811
0.33938598
0.33559657
0.14273634
0.16799259
0.04735809
-0.08248859
-0.25313852
0.31869917
-0.27884155
0.27725689
0.19528098
0.40560743
-0.07844621
0.02705372
-0.06645554
0.28397374
-0.10533187
-0.08752947
0.14793097
-0.23598639
-0.26551707
-0.09128993
-0.04381932
-0.22509226
0.03911157
0.22034175
0.12592086
0.15607991
0.23364591
0.16176148
-0.16220932
-0.03318467
0.03078406
-0.10437355
-0.07534449
-0.03237728
-0.42513544
-0.06378396
