0.24280814
0.07665884
-0.14064011
-0.09029646
-0.21169951
-0.03581810
0.32986802
-0.12460855
0.04400771
-0.14592936
-0.24804832
-0.03494024
0.34184285
0.18945150
0.15052372
-0.03996518
0.07617335
-0.15363387
0.11131966
-0.10148743
-0.26060324
-0.16283993
-0.19698577
-0.24455178
-0.21484933
-0.02798129
0.27048005
0.04876659
-0.20847351
0.02186177
0.05012236
0.18099298
0.19749432
0.11895134
0.46917649
-0.09173620
-0.05050235
0.16109101
-0.02417574
0.20125761
0.44714396
-0.24848914
0.41178112
-0.12529140
0.19199335
-0.17175607
0.07480527
0.04152582
0.02770567
0.03994012
-0.20139330
-0.14778531
-0.19647714
-0.19542793
0.03905422
0.42183781
0.25986694
-0.14507940
0.15095251
0.20531087
0.34660135
-0.22038302
-0.23417679
-0.22646804
0.00912129
0.05057716
-0.19129306
0.02164988
-0.15385728
-0.16303173
0.08571493
-0.10309902
-0.03201177
-0.18960482
-0.12478042
-0.13337019
0.08466263
0.00135604
-0.55749663
0.27468160
-0.00366231
-0.18605596
-0.45440064
0.53976525
-0.43539541
-0.01397357
-0.00902775
-0.13767157
-0.04379399
-0.03897578
0.42512874
-0.05377548
0.25605728
0.09251899
0.14208635
-0.20708480
0.17575123
0.16565235
-0.49305451
0.07639033
0.07824525
0.23907940
-0.03651432
0.02239291
-0.03330552
-0.02137498
0.26614366
-0.07358962
-0.30873127
-0.02788513
0.11434184
0.03607241
0.03081662
0.31810698
-0.09948310
-0.19833080
-0.11763276
-0.37776525
-0.11178731
0.08281431
0.06486686
-0.00131148
-0.14756915
0.07173558
0.17815195
-0.06424887
0.37243179
0.06067950
-0.20432647
0.13265866
-0.05757965
0.20117208
-0.42090187
0.18508260
-0.09581825
-0.18209423
-0.01785641
-0.14980009
0.07139354
-0.11976735
0.20129948
-0.13163767
0.05032182
0.15769103
-0.12589197
0.19840616
-0.22101811
-0.19186825
-0.23854525
0.09167595
-0.31106886
-0.01980495
0.38533987
-0.22942400
-0.39340713
0.05711119
-0.12995952
0.28663374
0.09862215
0.25287352
-0.04695876
0.23123232
-0.01760813
0.21577707
-0.19519002
0.00279732
0.16118564
0.48921597
-0.15845659
0.29242872
-0.11559958
0.11069030
-0.14850728
-0.38420759
0.01302792
-0.10897514
-0.07930339
0.02889492
-0.15553354
0.18828361
0.03343878
0.23236599
0.30427924
-0.25200697
0.03315314
0.33940650
0.29565706
-0.17570642
0.08397012
0.03216203
-0.05337944
-0.18502029
0.10323774
-0.04848435
-0.15312440
0.08244964
0.00838552
0.11334458
-0.42240376
0.14839796
-0.01808600
0.00205167
-0.28480893
0.12153058
-0.04474858
-0.04350703
-0.01109888
0.08083554
-0.01718833
0.00829632
0.05646739
0.16322550
0.16484462
-0.15678555
-0.22475148
-0.17338772
-0.02627735
0.13817843
-0.22831646
-0.48619337
-0.27759354
-0.21929539
-0.13195953
0.39415050
0.03052092
0.38579046
-0.00131290
-0.19903908
0.07906148
-0.10881279
-0.10039577
0.07153030
-0.11050673
0.19688228
0.14848341
-0.11754471
-0.01070050
-0.44954184
-0.23131728
-0.21186516
-0.19572807
0.19843828
-0.03588915
0.25544970
-0.34645451
-0.53217150
0.01986260
0.06369488
0.01811123
-0.13167361
-0.22443743
0.07137075
-0.25338102
0.18520871
-0.05348574
0.09602028
-0.24838928
0.08929782
-0.13915419
0.05188666
-0.06959648
0.18792674
-0.00154488
0.47901559
-0.07754080
0.38908888
0.17798787
0.33490692
-0.23062918
0.28502538
0.27916871
-0.19022047
0.31528193
-0.13893537
-0.17955868
-0.12843839
-0.19990973
-0.09905606
-0.38849202
-0.00568960
0.04889782
0.09090204
-0.50230171
0.41449817
-0.13668540
-0.20466389
0.00807688
0.11179898
0.09193502
0.27264355
-0.13009024
-0.18252245
-0.00218134
0.16137841
-0.08992289
-0.17528119
0.39602132
-0.26771506
0.24351332
0.06698408
0.28589228
-0.00365600
0.25588416
0.01365441
-0.12336459
-0.10299505
0.11076870
-0.17453151
-0.19026142
-0.11845620
-0.36927888
0.38864051
-0.10126119
0.17637322
-0.10111886
0.18611204
0.15877277
-0.18649697
-0.33125489
-0.12587173
-0.28540578
0.14571503
0.12968425
0.11429381
-0.28599490
-0.01327696
-0.02862558
-0.21946054
0.09485443
-0.02674375
0.12843441
0.06668644
-0.03055386
0.03417807
-0.05006829
-0.07466753
0.01876427
0.10290109
-0.11624830
-0.26089070
-0.07332484
0.27788312
0.26831404
0.24736625
0.04578616
-0.17407988
0.07788875
-0.10440505
0.47384197
0.12683666
0.23907089
-0.30799884
0.01256762
0.01846625
-0.22119435
0.07707735
0.04535279
-0.03546854
-0.22261349
0.01516618
0.00875250
-0.08862493
0.07631924
0.08095823
0.11507882
-0.03972896
-0.17067713
0.03642053
0.11683042
0.25770658
-0.14531436
0.23091272
-0.04389746
-0.26912181
0.32016063
-0.10102316
0.14124573
-0.32296413
0.05536487
-0.10916225
0.29828583
-0.04699432
-0.09830799
0.14123283
-0.32970728
-0.01048617
-0.23993832
0.11764507
-0.34382857
-0.19258149
-0.17674894
-0.29245286
-0.34929763
-0.07441089
-0.22091452
-0.15002453
-0.09220761
-0.09810659
-0.02723272
-0.00555431
-0.10604530
-0.11520131
-0.56807863
-0.18316825
0.35364433
-0.14393928
-0.15488728
0.05243014
0.01960632
-0.13593597
-0.31298965
0.22985701
0.03158534
0.02109486
-0.19472379
-0.02171484
-0.36265342
-0.06343728
-0.11328442
-0.22005830
0.21382090
-0.19570178
-0.10165885
-0.11049975
-0.06531762
0.01107920
-0.48217131
0.15057295
-0.18620370
0.01042707
-0.36549265
0.09502087
0.22441918
0.15801823
0.45032076
-0.00277355
0.03604076
0.02618987
0.03173072
0.07930030
0.19606719
0.00982434
0.06505305
-0.18215165
0.16612356
0.16368469
0.01033062
0.04090763
-0.13805172
0.06258517
0.19441614
0.01220671
0.33249932
0.25101673
0.28781650
-0.26998757
-0.15233196
-0.10236146
0.08439872
-0.12839737
0.22920902
0.13757044
-0.08038884
-0.36703776
-0.02012035
-0.08835335
-0.17409664
0.22363615
0.04066272
0.25296594
-0.06730962
-0.00330540
-0.32751481
0.06335195
-0.36057510
0.23446894
0.11450158
0.09750478
-0.04633963
-0.18126796
-0.23179028
0.05662204
-0.06952059
-0.16140072
0.27151517
0.00053784
-0.25700159
-0.24839475
-0.14575671
-0.24499719
0.19936620
0.12548373
0.22522643
-0.10007946
-0.21922483
-0.08763048
0.01059483
-0.14409845
0.00697703
0.02534832
-0.68566837
-0.02504742
-0.28057822
0.07455099
-0.27423129
-0.01644328
0.07611415
0.11762029
0.10112893
-0.28118209
0.23308024
-0.25484093
0.16371025
-0.14805819
-0.56047098
-0.10843127
-0.00280208
0.02599582
0.07168722
-0.13681587
0.15340668
0.17225073
0.28968523
-0.13735770
0.51605971
-0.19150436
-0.23743656
-0.13007600
0.15834556
-0.05525185
0.08346671
-0.15046314
0.20725099
0.29571464
-0.11392796
-0.12252500
-0.02859791
0.10198793
-0.18147527
-0.10359893
-0.08211223
-0.01838576
0.02535147
-0.04689896
-0.16817231
-0.07227601
-0.07356702
-0.13625089
0.03224184
0.19338494
-0.15658622
-0.00916040
-0.00671135
-0.16451768
0.19410021
-0.05541196
0.01467950
-0.21476171
0.28972718
0.08717668
-0.17477093
0.26517398
-0.12023662
-0.34575819
-0.06666010
0.17709075
-0.12437833
0.08550318
-0.22266280
-0.05773694
-0.13128923
0.11683679
0.17805001
-0.18964320
0.29326378
-0.03215271
0.09950100
0.06195797
0.15679850
-0.07069925
-0.38423358
-0.30043920
0.03643302
0.10539183
0.21958881
-0.20692738
-0.18318279
0.33334108
0.32590127
-0.22925358
0.22175134
-0.07354610
0.02440189
-0.09394198
-0.09458707
0.25810653
0.15349580
0.27310857
0.13852426
0.16794319
0.18215907
0.25533136
0.28192623
0.13973671
0.24576544
0.00981050
-0.03130133
0.42650071
0.08186639
0.10749025
0.14706822
0.14348575
0.46779771
0.45690477
0.63390937
0.18673257
0.35192879
0.46693848
0.28291959
0.28770466
0.41116595
0.24044781
0.18581056
0.17896601
-0.34213224
-0.00187556
-0.30411483
-0.74595749
-0.39180593
-0.62808732
-0.87169052
-1.07515793
-1.17854201
-1.31490618
-1.29303085
-1.47892794
-1.24459438
-1.41269784
-1.17993261
-1.44245363
-0.92931202
-1.33873357
-0.79610882
-0.91588488
-0.16993565
-0.75590696
-0.59310226
-0.12832426
0.02623743
0.68615506
0.62082781
1.11129351
1.07261563
1.33701684
1.33180230
1.49347589
1.67461250
1.87869375
1.60518090
1.71981587
1.80307390
1.61653743
1.77722163
1.32047056
1.47516922
1.26400388
1.16436433
0.93369077
0.71700597
0.76159180
0.47024247
0.53294349
0.33652865
-0.33877225
-0.45853657
-0.48042888
-0.74521803
-0.49276609
-0.76369573
-0.75080325
-0.72672473
-0.78945276
-0.63766134
-0.51179384
-0.54945172
-0.52645711
-0.39748810
-0.27489270
-0.27401539
-0.54814061
-0.47084409
-0.48123255
-0.39418679
-0.23028861
-0.26044620
-0.03229233
-0.33669359
-0.08130938
-0.20356922
0.12108339
-0.19572500
0.19020345
-0.16892986
-0.05018405
-0.01051396
0.05786940
0.15505100
-0.02469955
0.25530935
0.39987470
0.36701851
0.03814079
0.06426814
0.45367797
-0.36149039
-0.26335852
0.08641159
-0.15768093
0.12135824
-0.05749050
0.08455187
0.11649935
0.27714952
-0.01852386
-0.42262900
0.11880122
-0.01056618
-0.15387588
0.04970174
-0.16457391
0.12003144
0.19729687
-0.23354822
0.46020264
-0.25586697
0.13075961
0.11415883
0.01197680
0.16622238
0.30435919
0.07830677
0.11665788
-0.17844305
-0.18075306
-0.18699520
-0.05780218
-0.01235949
0.07598745
0.09468219
0.02840757
0.11394042
-0.04097882
-0.32964136
0.04246927
-0.02672291
0.01398459
0.09335158
0.05637504
0.13677719
0.25175239
-0.36641419
0.21645240
0.04909565
-0.21556969
0.18063029
-0.00263864
0.09313110
-0.08392860
0.29207493
0.04803993
-0.31157430
-0.07755332
0.26708541
-0.14759983
0.10143468
0.18310380
0.01610080
0.03359580
-0.23103739
0.10864485
0.17068370
0.12067823
0.06594776
-0.39034918
0.12144741
-0.04952029
-0.24141423
-0.02978456
-0.03453878
0.06344085
0.38872146
0.27312713
0.00320063
0.10433462
-0.16765536
-0.00445795
0.01923078
-0.12945823
-0.00900150
0.16494951
0.09078749
0.47320160
0.17395738
0.05126828
-0.18452115
-0.26039519
0.16159812
0.11932092
0.22690063
-0.06553122
0.10352368
-0.22037668
-0.00590213
-0.14387676
0.09875470
-0.01311991
-0.03906775
0.29979432
-0.11674789
-0.08947945
-0.01918423
0.32131020
0.22289735
-0.11755625
-0.00768003
-0.06252018
-0.07094775
-0.03647370
-0.11192578
-0.33641398
-0.14406047
-0.03774665
-0.12759589
0.25868135
-0.08195364
0.03217480
-0.02463406
-0.10211921
-0.02527512
-0.24714855
0.26351565
0.12162527
0.00270768
-0.33602419
-0.23714885
0.09629329
0.02481402
0.03142475
0.30698088
0.09211326
0.11459975
0.22695016
0.29867522
-0.16868147
-0.02612120
0.22548682
0.26428773
-0.07877571
-0.15884767
-0.09168220
0.06255618
-0.07806806
0.24751917
-0.40291107
-0.18619013
0.11685588
0.20364296
0.11403434
-0.08581830
0.03443196
0.01797566
0.08266664
0.01997856
-0.17329583
-0.28510575
-0.10637407
0.13252712
-0.17277462
-0.09681041
-0.19389214
0.26225689
0.04990457
0.02579454
-0.08645612
-0.30462765
0.08233140
0.04432409
-0.15758193
0.29272950
-0.17515741
-0.00279234
0.27557264
-0.04361233
-0.14876319
-0.04730191
0.13438945
0.25818108
-0.05730987
-0.01329571
0.13741950
-0.08655891
-0.01626611
0.24522867
-0.34093905
0.26344008
0.29485371
-0.33493770
-0.38258149
0.36247703
0.14567380
0.02262916
-0.11667483
-0.11669213
-0.40772912
-0.17739761
0.20899230
0.04936154
-0.09936901
0.03309603
-0.01362481
-0.08260867
-0.03197790
-0.09384752
-0.22944151
0.09049249
-0.20470276
-0.12766212
-0.14155212
0.11855796
-0.10075614
0.01256750
-0.41632330
0.19560631
-0.24205531
0.13111178
-0.15986786
-0.03571591
0.17596313
-0.02158164
-0.18246481
-0.20223246
-0.18456870
0.27230975
-0.17414760
0.27141008
-0.25401518
-0.43482227
-0.07700088
-0.28908279
-0.05734107
0.13234963
-0.15800351
-0.12114753
0.34398164
0.02018292
0.03962559
0.26231448
-0.56014432
-0.23958870
-0.11237273
0.29786560
-0.11417581
-0.19177290
0.17776045
0.05533875
-0.04117154
-0.07832055
0.14223059
0.11224516
-0.05546728
0.24777294
0.10600140
-0.02304595
0.17299023
-0.23504680
-0.28013024
0.03187383
-0.00072061
-0.19390614
-0.01885495
-0.18141925
0.06533828
0.13481959
0.22800303
0.22608894
0.17489468
0.03106673
0.24470245
-0.00130625
0.10789938
0.10735157
0.25320580
0.36029110
0.23052414
-0.17998071
-0.23892143
0.10853830
-0.03661853
0.26288537
0.14400364
-0.25837519
0.21527466
-0.21950416
0.08914620
-0.16051427
0.22090162
-0.26670239
-0.01475131
0.13243137
-0.13719256
0.04439732
0.13351546
-0.20851997
0.29852589
-0.19645670
-0.22075285
0.35218565
0.01589416
0.25109615
-0.01110413
-0.16748215
-0.17886496
0.07148432
0.06646187
0.16225733
0.23909868
-0.41161183
-0.16540869
-0.46030165
-0.27587485
0.10748937
-0.05879946
-0.12459128
0.09849101
0.23798376
-0.14286360
0.01319366
-0.16523410
0.09978451
0.14179419
-0.13648476
0.06691737
0.14922714
0.14526548
0.25339713
0.20199371
-0.08484635
-0.42725795
0.14987749
-0.39050892
-0.06056735
0.13117704
0.08592007
0.33078383
-0.11196365
0.18432779
-0.04079558
0.08898799
0.23206481
0.02545437
-0.23768899
-0.31548596
0.38416600
-0.37774562
-0.03540488
0.07411726
0.28854704
-0.02976423
0.48465436
-0.14454422
0.00973150
-0.10952322
-0.15636991
-0.07612759
0.02321453
-0.22991739
-0.16411513
0.25958612
-0.05508287
0.04960215
-0.12403639
0.04285068
-0.00137153
0.01217660
0.14725616
-0.10055683
0.05738148
0.01601617
-0.03689744
-0.16105152
0.15423161
0.00679375
0.22650815
-0.30492023
-0.21182102
-0.21568602
-0.06140803
-0.34001326
-0.05114235
0.49236797
0.01298423
-0.06817411
0.07927131
0.03014627
0.10563002
-0.38370257
-0.18382432
-0.23578125
0.18845176
0.09177151
0.16153537
0.38716507
0.22638459
-0.15601945
-0.25965966
0.11964495
0.13646475
0.09829735
0.44696027
0.30540318
0.06018790
0.05630123
0.03187477
-0.24315313
0.04621174
-0.27952457
0.27601353
0.07518522
-0.06513595
0.01124918
0.04898499
0.05295746
-0.28153867
-0.04085077
-0.14482752
0.05881241
0.13493637
-0.11082674
0.04339388
0.10636411
0.07656456
-0.19731187
0.00075949
-0.06307988
0.34509122
-0.41011729
0.11022683
-0.34447248
0.03895022
-0.18237752
0.33619004
0.07025057
0.16250035
-0.29088707
-0.08819785
-0.17136348
0.06143943
-0.07958966
-0.06466769
0.36899789
0.16282499
-0.02186320
0.19125424
-0.15219724
-0.01249985
0.07132619
0.01849865
-0.01921370
-0.40732299
-0.25592252
0.04610674
-0.11290828
0.03245291
0.01385618
0.10242405
-0.22929631
-0.12171884
-0.02662205
0.27390531
0.06206330
-0.02352270
0.09861299
-0.31089045
-0.06661172
0.21910050
-0.02113800
0.09100607
-0.02917261
-0.16023853
0.06402706
-0.02771642
0.39367595
-0.10874696
-0.06917524
-0.00590332
-0.14013996
0.25246225
-0.20980455
0.02177323
0.00498486
0.39095479
0.03441786
-0.00835977
-0.13959091
-0.21325620
0.04322501
0.06170322
-0.31536953
-0.03650509
-0.02118997
0.07908865
0.05945244
-0.01731272
0.19912219
0.03085607
-0.13551717
0.10570267
-0.14464058
0.10888881
-0.28490346
-0.21276702
0.14706087
-0.35315286
0.00041499
0.07986816
0.08965452
-0.04290321
0.33826450
-0.16706694
0.00272142
-0.03904337
-0.30407478
-0.15941359
0.32765354
-0.19669709
-0.25692556
-0.16745700
0.17691893
-0.06627816
-0.14959657
-0.37800945
0.12129243
-0.05075279
0.09515321
-0.00008296
-0.06714955
-0.22079420
-0.22309750
-0.27144368
0.02558845
0.01637041
0.02251844
-0.41464223
0.32812614
-0.25863790
-0.11683895
-0.03336886
0.02509489
0.67690306
-0.07920630
-0.20778390
-0.15520404
-0.18415836
-0.19731902
-0.11017655
0.28421047
-0.13806219
-0.28634276
-0.20548319
-0.07590016
0.09191695
-0.10293671
-0.16790804
-0.20436995
0.07244166
0.06467353
-0.04546521
-0.14850164
-0.14614685
-0.25546096
-0.05876740
-0.44000546
-0.12707901
0.50388365
0.00469320
-0.08988835
-0.14788202
-0.01663432
0.14377664
0.19371156
0.05611646
-0.20905710
0.12176786
-0.10164485
-0.09319124
-0.16322068
0.30418302
-0.02724093
-0.20491445
0.19738875
-0.16340874
-0.03912457
-0.14997590
0.24859381
-0.01187672
0.09483842
0.06815506
-0.24651444
-0.42042313
0.06828349
-0.10353550
0.30219985
0.11101400
0.19923448
-0.05953172
-0.03652966
0.26968019
0.25920002
0.06903831
0.48549534
-0.10965613
0.09585094
-0.24312132
0.11020307
0.00130940
0.02946525
0.18465166
-0.04051297
-0.01858759
-0.09112188
0.17624691
0.14338620
-0.10108929
0.01243470
-0.14719548
0.08598375
0.14876471
-0.69262289
0.00946210
0.13932584
-0.16992466
0.17374224
0.01203588
-0.00476393
0.12580200
-0.26695336
-0.00473601
-0.45805152
0.07235070
-0.00707182
-0.05507977
-0.18235313
-0.11203920
-0.15925652
-0.03656664
0.16337810
0.18557662
0.28522323
0.10904637
0.36599033
0.24180565
0.34076161
-0.19839864
0.02534346
-0.38429757
0.02900197
-0.41422723
0.29289713
0.10585686
-0.15104056
0.49178009
-0.40507891
-0.31354360
-0.07213053
-0.14041678
-0.00175123
-0.21302987
-0.00857786
0.19317278
0.16560099
0.10978220
0.01778440
0.09972255
0.19273618
0.26011199
-0.08133085
0.08830933
-0.11044770
0.22428644
-0.09494882
-0.58575517
0.34226010
0.09802129
-0.18259648
-0.17257481
0.17029065
0.15116395
0.19850920
-0.00831392
0.12350091
-0.46123709
-0.04393807
-0.00208798
-0.00439430
0.25339236
-0.11428041
-0.03376361
0.22603361
-0.02944991
-0.32888017
0.18060296
0.16921341
-0.05490592
0.03150537
0.07572385
0.32746244
-0.14687464
0.33809032
-0.22385058
0.04566450
0.17779865
-0.12775757
-0.09471546
-0.01974907
-0.28908740
-0.13443582
-0.09429359
0.45645774
-0.07630062
0.07573460
0.11837981
-0.05462109
-0.19951131
-0.09977049
-0.33758971
0.19661931
-0.11332416
-0.01596537
-0.21136193
-0.11126667
-0.01354352
-0.55001249
-0.17527727
0.11118797
0.37351272
0.07647061
-0.13716595
0.11144331
-0.37553765
-0.11804262
0.22126705
-0.07603633
-0.05112181
0.04841589
0.00280934
0.12473108
0.04824864
0.31231779
-0.04217074
0.00306480
0.07281455
0.07618859
-0.35324126
-0.12901653
0.26094782
0.22768052
-0.25678146
-0.22499948
0.21305470
-0.03922011
-0.04932935
0.22890568
-0.00086327
-0.02431237
-0.24738133
0.47151282
0.17405703
0.13913198
-0.12278537
-0.08360336
-0.15500300
-0.12020205
0.25197519
-0.01161540
-0.22642501
-0.06929740
-0.35056767
-0.04512021
-0.12360368
0.10381806
0.03428440
0.31703934
0.13831074
-0.29265935
0.20882160
0.21450204
-0.04380315
0.04145161
0.09341621
0.02419418
0.22337673
-0.10140441
0.12043038
0.07874146
0.14891059
0.01070683
0.30625556
-0.15091270
-0.16040496
0.02445671
-0.06784705
-0.13057595
0.08533812
0.02742464
-0.27962964
0.15571415
0.12784532
0.14486041
0.00265375
0.22157562
-0.01255716
-0.01701796
-0.00781581
0.14070208
0.15619521
0.16977472
-0.23201797
0.14973428
-0.36137150
-0.01456331
-0.13162347
-0.01332769
-0.02958415
0.06243487
0.34586432
-0.34309791
-0.17573297
-0.42332531
-0.06247211
-0.03498111
0.07721186
-0.18022458
-0.02894055
0.14001111
0.01839917
0.06192616
0.14023468
-0.12370980
0.03776613
0.15206249
0.10559368
-0.16034735
0.02412715
0.09250275
0.13575972
0.34951822
-0.09746564
0.24260049
-0.21060250
0.23395080
-0.20669483
0.21638265
0.15045803
-0.11790391
0.00890123
0.07343632
-0.01302152
-0.06458921
-0.16902456
-0.19595256
-0.09041762
-0.31795322
-0.02631602
0.12564649
0.39314010
0.23363208
-0.07283471
0.21151667
0.12871977
-0.08635188
0.43406264
0.29100555
0.13809346
0.32380775
-0.01532001
-0.13906131
0.12498885
0.09259349
-0.17856059
-0.08110583
-0.27155265
0.54989320
-0.17064770
-0.27106290
-0.14381896
0.04707110
-0.19272339
-0.25474866
0.20605694
0.10607288
-0.02114296
0.17437080
-0.43681712
-0.53414841
-0.24518861
0.28853185
-0.00159872
0.17481572
0.00625564
-0.22160269
0.12174464
-0.30526819
-0.05104646
0.04464974
-0.07380133
-0.01744393
-0.09836865
-0.02573244
-0.13140591
0.21103749
0.54472456
-0.03829474
0.33976141
0.16137389
0.06896957
0.10512220
0.26470870
0.20729359
0.05032125
-0.27590264
-0.17635548
0.11256035
-0.17854546
-0.09724780
-0.16143992
0.27474555
0.10175823
0.00029543
-0.11142829
-0.34042107
0.02351662
-0.20804349
0.06679771
-0.16104770
-0.03314712
-0.25408711
-0.09212675
0.12035465
-0.00971877
0.02384640
-0.08991243
-0.17179474
-0.12314601
0.00002899
0.19058714
0.10105560
0.18198945
-0.18387958
0.31171909
-0.21702679
-0.12179132
0.02589088
0.31457000
-0.12868940
0.14672919
0.15302979
-0.23284678
-0.00767846
-0.29326205
0.14260988
0.16473234
-0.15439175
-0.08545490
-0.00419680
0.08875272
0.02311468
0.06020388
0.05246425
0.10685854
0.14498872
-0.24065465
0.18978015
-0.13941048
-0.14472078
0.00888012
-0.12766273
-0.01662468
-0.03282016
-0.03813622
-0.01659850
-0.09663894
-0.22902443
0.08131264
-0.02655203
0.33416729
0.15599055
0.08253725
0.06992366
-0.03473154
-0.00928390
0.21907377
-0.11560141
-0.12004898
0.06459935
0.05597821
-0.04619209
-0.21467888
0.01381316
-0.00814568
-0.42746048
0.40681186
0.55253674
0.11888310
-0.14045985
0.18228194
-0.18314662
0.45241265
-0.01613708
-0.17299282
0.23089770
-0.13477655
-0.27936423
-0.08573737
0.11353050
-0.21000842
0.08164949
-0.27510209
0.20668485
-0.02803223
0.20058354
-0.13243315
0.09840337
-0.13339512
-0.15456147
-0.20691673
0.31768212
-0.09453512
-0.19126465
0.08209334
-0.05618092
-0.12833057
0.24682743
0.12290993
-0.04414552
0.06543621
-0.05822367
-0.33501044
-0.09369006
0.23540415
0.22417538
0.05877359
0.07655376
-0.05334785
-0.04405569
-0.09160321
0.47044531
-0.05871613
0.01173341
0.07045602
-0.02327499
0.30927388
-0.16441565
-0.23363638
-0.22849716
0.07048298
0.41685930
-0.08437237
-0.33996915
-0.02450484
0.40471987
0.11264479
-0.07655622
0.10942703
0.32418103
0.09059639
-0.00450847
-0.28909711
-0.12688596
0.10706812
-0.09087268
0.10248718
-0.15381931
0.10190414
-0.21320832
0.52213232
0.17870085
0.06903699
-0.02012926
-0.07170273
-0.18977460
0.29278068
-0.05566102
-0.24136528
-0.28534684
0.36294657
0.04565865
-0.19846966
-0.05875265
-0.57666521
0.10449116
0.03019677
-0.11363429
0.02519791
-0.18858225
-0.23682009
0.11334113
0.29107156
0.21465797
0.10929827
0.08698476
0.17647204
0.06721684
0.14715772
-0.35776986
-0.12905715
0.25686599
0.12561523
-0.43739954
0.03009844
0.21328119
-0.29573668
0.26359542
0.19031081
0.08659231
0.07326202
0.12617244
0.17109064
-0.07112172
0.04128186
-0.41946480
0.10177691
0.22214800
-0.20799204
-0.10868639
0.11045106
0.17856981
0.01268105
0.45502256
-0.15814556
-0.06767607
0.10635721
0.29822722
-0.17055534
0.05654622
-0.08462853
0.27472639
-0.11566643
-0.04919657
0.24743635
0.05448524
0.08639578
-0.09763369
-0.02207627
-0.08981988
0.06690905
-0.27562169
-0.36161117
0.11537201
0.23232457
0.06009877
0.33136179
0.00130200
0.01156071
-0.19058253
0.15276714
-0.16321229
0.28014753
0.20597048
0.02557551
0.12190383
0.19417640
-0.01346844
0.04528522
0.18466522
-0.49739496
0.09613878
-0.07545100
-0.15299731
-0.13160852
0.18713355
-0.01889594
-0.06440487
-0.17061230
-0.11419905
0.21230499
-0.15680991
-0.07309006
0.38289737
0.23747732
0.51269498
0.18091083
0.07541591
0.02533501
-0.04084019
0.01377145
-0.24318881
-0.11908386
0.05168068
0.03365453
0.01209409
0.05593347
0.15093447
-0.36024916
0.11970740
0.00017405
-0.15823334
-0.04421442
-0.14283258
-0.07110064
-0.14695462
-0.22634367
0.02197312
0.02180321
-0.03647993
-0.01995237
-0.25598023
-0.04926392
-0.00604785
0.24435547
0.05844170
-0.43492982
-0.08920185
0.29584477
0.52382415
-0.01158775
0.14340324
0.20516306
0.02136926
0.27897208
0.48821982
-0.27314219
0.03397083
-0.07017259
0.07133947
-0.04749922
0.11678630
-0.39708951
-0.06828809
0.01290382
0.20601304
0.19788504
0.15710627
-0.05972252
0.08430126
-0.42208094
-0.08235102
0.10563285
-0.06257870
0.23561536
0.15732468
0.36520930
-0.26291837
0.08262558
-0.01057082
-0.02383641
0.22251385
0.09521148
-0.14530166
0.19584177
0.20503782
-0.13967002
0.09747826
-0.16202601
-0.03950415
-0.16184071
0.20825425
-0.07440537
-0.26991727
-0.30885289
0.08513006
0.13452908
-0.20378063
0.05521105
0.15209660
0.15946653
-0.18635027
-0.02530177
-0.11063010
-0.21615303
-0.11143720
-0.11436735
0.02064970
-0.32774414
-0.05569786
0.03119158
-0.00531395
0.17661719
-0.07418666
-0.21334780
-0.06803665
-0.01960585
-0.14040804
0.11887120
-0.24999340
-0.28734108
-0.01089598
-0.14669500
-0.15856246
0.04985824
0.05135747
0.11271412
