-0.00241439
0.07728677
0.19700644
-0.04682204
0.05447215
0.02622758
-0.16779566
0.09375779
-0.02486790
-0.13609944
-0.01304624
0.02536039
0.06639723
-0.02182153
-0.02494694
-0.06389818
-0.09975347
-0.04919882
0.11284262
-0.12700350
0.21728479
0.04600196
0.08317429
-0.02264602
0.11433256
-0.06203204
0.03079065
-0.09893051
-0.03365138
0.00077245
-0.09595786
-0.00351926
-0.06739563
-0.09710578
-0.07149951
-0.08974647
0.09663289
0.02375786
-0.12786993
-0.09738694
-0.19222472
0.04338872
0.05864152
0.14378621
0.08333303
0.10636552
0.03369107
0.07069163
0.05732657
-0.03972118
-0.09423568
-0.03596128
-0.04760038
-0.10378357
-0.10500755
-0.03070396
-0.04797354
-0.15255438
0.09597277
0.06906838
0.01348307
0.01515409
0.01035874
-0.02247609
0.01812162
0.03231596
-0.02278769
-0.08946975
0.01661737
-0.11926394
0.04027519
-0.07612015
-0.19844678
0.00705961
0.09168229
0.01041203
0.01799044
-0.18279509
0.10668192
-0.10500691
-0.17427106
0.09418895
-0.00051476
-0.04759334
0.05983822
-0.14387343
0.13306851
0.03015162
0.10886901
-0.14098630
-0.05612236
-0.01462168
-0.05370043
0.06891652
0.06197152
-0.06213847
-0.15608789
0.02986414
0.12843935
-0.11722476
0.05501365
-0.02486987
-0.01153149
0.00559061
-0.01153121
0.14448875
0.00733351
0.10914597
-0.07976496
-0.08337598
-0.03896539
-0.06808015
0.07659894
0.09500502
0.06658645
0.08355654
-0.14037312
0.01432117
0.04893037
0.11777323
0.03167144
-0.05244022
0.11842146
0.07277099
0.04295312
-0.14708587
0.01060710
-0.04588377
0.02233921
0.03669429
-0.05421969
-0.05749298
0.01362761
0.05751164
-0.16638458
0.07395801
0.08488080
0.09021206
-0.00986930
0.08488330
0.20784009
-0.08991570
0.09718906
0.13878825
0.20867421
-0.01087730
-0.08715725
-0.05516986
-0.12171442
0.10818782
0.08483437
0.17217627
0.21697805
0.03139549
0.08515307
0.03344620
-0.12764014
0.04495728
-0.02132912
0.09460955
0.00608413
0.00050684
0.06352824
-0.11071973
-0.10124327
0.01795761
-0.04022384
0.14257243
-0.03526320
0.06121742
-0.02669148
0.18741497
0.05976969
-0.14837440
0.01671685
-0.10392797
0.09132292
0.02008719
-0.08639694
0.10472914
-0.11208839
-0.07605098
0.07700428
0.09188106
-0.12309876
0.05912160
0.07918272
-0.09501411
0.15738264
0.01157987
-0.11095818
0.09258753
-0.02577044
0.02001985
0.03404892
0.10263578
-0.11552484
0.02940841
0.08730280
0.04605410
0.02850092
0.08792516
0.04442202
0.06148917
0.05774559
-0.24451372
0.13682267
-0.11275602
0.07874666
-0.04468331
0.07878471
-0.03054751
-0.10765225
0.17506382
0.12503473
-0.03471871
0.00013294
-0.07822805
0.03780855
-0.04909760
-0.03367889
0.08402253
0.00746697
-0.06823115
0.06821876
0.03916821
0.09520633
-0.00680408
0.12713897
-0.05391133
0.02318933
-0.07542291
0.01858292
-0.04149974
-0.03896142
-0.02350663
-0.02695244
0.03036174
0.02693281
0.09906490
0.09547659
0.05862346
-0.05545608
0.16138563
0.18389238
-0.06280157
0.02748414
-0.03071497
-0.09408193
-0.02614307
-0.08815474
-0.10073687
0.00725382
-0.11338261
-0.11752184
0.14151081
0.01236532
0.12915114
0.03163243
0.10194372
-0.06458493
0.05703605
0.05959406
-0.12756546
0.06365892
0.09907583
0.01234487
-0.06266360
0.02810416
0.03641768
-0.02829664
-0.02763275
-0.09029194
0.04812662
0.03068964
0.04768335
0.08944004
-0.05837574
0.02189969
-0.05774133
-0.19016280
-0.04096949
0.08720922
0.13531291
-0.18636599
-0.11052222
0.03021828
0.21940068
0.00717025
-0.09926514
-0.02085131
0.09699996
0.00839442
0.03554545
0.02096702
0.18071600
-0.00592680
0.01076658
0.03324406
0.02267697
0.05438035
-0.01808388
-0.11648583
-0.01610779
-0.00608504
-0.04436231
0.02828043
-0.21664395
-0.04876573
-0.00366943
-0.08198012
-0.10189930
0.22572256
-0.02573961
0.01454624
-0.15992786
0.00673518
-0.08245956
0.04562476
-0.02329063
-0.10566776
-0.07335315
-0.13188693
0.09740300
0.01094126
-0.03122404
-0.09377499
-0.05265760
0.05620852
-0.25571249
0.05307675
0.06411067
-0.07761810
0.00221791
0.04626939
-0.16580023
0.06446712
0.05179644
0.01103008
0.00122863
0.09552235
0.03804098
0.07188419
-0.16309953
0.08912685
-0.05337040
-0.12970808
-0.17793279
-0.00251331
-0.12522177
-0.03721055
0.02945501
-0.12960072
-0.11981489
-0.13898461
-0.21588325
-0.02005952
0.06542289
0.02661485
0.01164187
0.00289866
0.01237349
0.12473284
-0.09095841
0.06630427
-0.04832680
-0.08130453
0.10977661
0.25839613
0.19810670
0.05770653
0.05585442
-0.02839536
-0.01406941
0.04359536
0.09288415
0.03555770
-0.00457692
-0.18244722
-0.13094540
-0.07853442
-0.09245749
-0.19383456
0.04214770
-0.03261072
-0.05760950
0.03194570
-0.00007720
-0.03603775
0.04035847
0.11334534
-0.05020980
-0.03197402
0.17881053
0.17690676
0.09423306
-0.06627098
-0.02418828
0.18124784
-0.08636840
0.21068285
0.00049647
0.01306029
-0.11662878
-0.02108678
-0.12507966
-0.04562919
-0.00274425
-0.08671024
0.07822149
-0.00507684
-0.10298911
0.06532991
0.02260580
0.04073077
-0.06213882
0.24574428
0.03802855
-0.07052695
-0.03047147
0.07394465
0.10534338
-0.17016749
0.07652973
-0.09777645
-0.01536118
0.20817197
-0.08616831
0.05086599
0.04677206
0.03281039
0.11458929
-0.00201067
0.08183168
0.06497445
-0.06959253
0.07655403
0.18186853
-0.03299111
-0.08227680
-0.08239714
-0.03459185
0.10435223
0.05595303
-0.09515621
-0.02885679
0.11458166
0.07091774
-0.13362835
-0.10020763
0.07305496
-0.04166003
0.02730792
0.02877585
0.04744164
0.17429457
0.11590149
0.12125186
0.09899842
0.00580435
0.13073974
0.07007452
0.13651990
0.01614661
0.01360597
0.16801803
0.03972814
0.12134938
0.02078496
0.10195410
-0.04438967
-0.03052819
-0.00930840
-0.22350306
-0.01614405
0.06070269
-0.06176713
0.02742320
0.18728245
0.16636496
0.02514838
-0.04086798
-0.02058442
-0.02771743
-0.00337417
0.04412104
-0.15306200
-0.13663169
0.13388239
-0.13260787
-0.04896582
-0.10240932
-0.12712138
0.01920103
0.01481539
0.03277726
0.04757942
-0.09301100
-0.12236252
-0.00874480
0.01231630
-0.04937988
0.06715439
0.06058366
-0.11741858
-0.02669261
0.06344998
0.08188571
0.08861094
-0.05644487
-0.02483619
-0.06785073
0.14338971
-0.00760333
0.00499648
-0.01508814
0.03999152
-0.14709848
0.00565567
-0.11264576
0.03781462
0.05409584
0.02796906
-0.05451594
-0.14312458
0.10347062
-0.02661796
0.07980249
0.00717375
-0.05580781
-0.04674852
-0.03203921
0.08196738
0.00951287
-0.03820022
-0.04078234
-0.00658288
0.08492397
-0.14782190
-0.09087522
0.07550416
0.08113145
-0.00677586
-0.02769738
-0.06833081
-0.16927842
-0.11713993
0.04059128
0.03088193
0.10680901
-0.07034648
0.01161344
0.01107315
-0.08699318
-0.02581866
0.08846872
0.16981711
0.04138565
-0.08166528
-0.01018758
0.06690093
0.04817540
0.11875452
0.14485466
-0.03406857
0.07065762
0.06526655
-0.05406736
0.07555035
0.00614747
-0.21775364
0.01689003
0.00948509
-0.04134786
-0.02757850
0.09446714
-0.01446837
-0.00566595
0.10463122
-0.13921622
-0.04322310
-0.15254357
-0.05779023
-0.01284692
-0.09346034
-0.03965465
0.11234576
-0.02678743
0.13211540
-0.03836946
-0.05830991
-0.03513474
0.03850016
0.00399558
-0.00752264
0.03233017
0.11679552
-0.00328016
0.07142068
-0.23624630
0.12107120
-0.11622155
0.00711945
0.02806753
-0.02417659
0.17647508
0.03038633
-0.11198730
0.11797096
-0.16519145
-0.12631568
0.15634579
-0.21359203
-0.02165508
-0.06809193
0.00664648
-0.10572760
0.02221500
-0.14486207
-0.00993040
0.04363778
0.04493668
0.02774154
-0.15213656
0.17079829
0.02255788
-0.03800040
-0.14177462
-0.09182060
0.20322196
-0.03604614
0.04399115
0.14592383
-0.10341711
0.13321703
0.03248275
0.03224504
-0.06170816
-0.16686934
-0.05566290
0.22201436
0.04273258
0.06539102
0.11242260
-0.00966525
-0.05064481
-0.06156719
-0.13424072
-0.06423443
-0.01144819
-0.03219124
0.00059996
-0.14719181
0.20729594
0.04868915
0.03664859
-0.06883584
0.08289611
0.15767502
-0.08879317
-0.00269602
0.10229946
0.06737181
0.10724156
-0.10635697
0.00460293
-0.02572478
0.21942164
0.14963547
0.00377273
0.13606741
-0.03723592
0.03247191
-0.00426424
0.04181792
-0.11928333
0.23986205
-0.04231224
0.02708711
0.00098821
0.04633941
-0.11758653
0.05052517
0.10085461
-0.07547810
-0.07236942
-0.15469990
0.07922637
-0.18976226
0.10481983
-0.09495244
-0.18490892
0.01357724
-0.07701431
-0.02960448
-0.02731655
-0.18200744
-0.12092962
0.18937871
-0.02443890
-0.13922744
-0.21256978
0.12027291
-0.00915748
-0.05611672
0.08489517
0.05914783
0.05101250
-0.03637983
0.13525174
-0.10276460
-0.09355620
-0.02385987
0.10474062
0.01177128
0.08028697
-0.01839997
0.09746095
0.01978668
0.09497678
0.03147908
-0.01095095
0.00888444
0.01787814
0.10897019
-0.09817924
0.08941265
0.00293400
0.05793626
-0.03224487
0.01247876
-0.36721946
-0.08679574
-0.06094369
0.03954187
-0.16323154
-0.01453582
-0.09076716
0.09497328
-0.11894198
-0.03444841
-0.12578031
0.10705891
0.02195460
-0.03250074
-0.07746781
0.08217210
-0.01430554
0.01899286
-0.07530133
0.19865746
-0.17298132
-0.03148161
0.06770641
0.10108167
0.00172021
-0.15725478
-0.00425274
0.00881417
0.10800151
-0.16019931
0.08994331
0.15275003
0.05479530
-0.12275359
0.01533319
0.00976724
0.13549147
0.00633513
-0.10028291
-0.09078164
0.06996023
0.08510235
-0.04444108
-0.08743211
0.09257769
-0.06624709
-0.10448404
-0.07647646
-0.04339630
0.03351727
0.00776868
0.05906042
-0.09856779
0.04730308
0.07885981
-0.02421077
0.08132269
-0.21061510
0.02038479
-0.03560973
-0.02236445
0.07654385
0.01400833
-0.02739956
0.06618466
-0.02408098
0.02073523
-0.02266032
-0.02358108
-0.08810097
-0.02181490
0.01370490
-0.14754676
0.06749184
0.04278438
0.01903447
0.04926277
-0.05803044
0.11561985
-0.06968079
-0.01088972
-0.10339671
-0.02872220
-0.11918635
-0.04971072
0.01708669
0.14268707
-0.01056252
-0.03086877
-0.05712492
0.06823803
0.14936945
0.04977517
-0.18212702
-0.02476367
-0.13380247
0.11648151
-0.01002268
0.02152512
0.15062491
0.11768339
0.07847628
0.11057610
0.06026643
0.03628438
0.01246815
0.01373285
-0.18398322
0.01160878
0.04837038
-0.18668617
0.27840755
-0.11892796
0.11844500
0.00071469
-0.02115440
-0.02048992
-0.06659684
0.09388717
-0.04965434
0.19069258
-0.12167874
-0.17172603
0.02675034
0.10344979
-0.02906394
0.20447011
-0.08530495
-0.00722648
0.10423076
0.05625699
0.06009349
-0.11233126
0.06150367
0.02312996
0.14778536
-0.08190295
0.14683748
0.01408387
-0.03556554
0.13091473
0.04241267
0.01565906
0.05452788
0.01474522
-0.09598383
-0.10537634
-0.11886654
0.02714010
0.08583216
0.09172256
0.06510329
-0.01402252
0.15712626
0.15874993
0.03683169
-0.19308649
-0.06079247
-0.20112246
-0.01193949
-0.14352322
-0.09733499
-0.05015463
0.03753757
-0.08203693
-0.03059305
0.05871910
0.11825224
0.14805067
0.00785665
0.08630171
-0.01746251
0.01489556
0.01270482
-0.02558894
0.04451718
0.05113367
-0.05003316
0.00024368
-0.07261947
-0.08608123
-0.14747305
0.05549144
0.06810596
-0.15232284
-0.09354720
0.06336905
0.02128794
0.22333144
-0.11188562
-0.00911965
0.08646360
-0.10840321
-0.17180963
-0.10015829
-0.03163986
-0.00454009
0.03388859
-0.12241158
0.00512009
0.03509020
-0.01493999
0.15152063
-0.19282477
0.09891805
0.10781806
0.07886271
-0.01577599
0.13401651
-0.08646009
0.07662089
-0.00392299
0.01800921
0.03795603
0.04553607
-0.00383815
-0.03587042
0.02841635
0.01447818
0.09958820
-0.06960241
-0.08955120
0.09170024
-0.02784422
-0.00975669
0.12207529
0.03918164
-0.07438345
-0.13305021
0.04818413
0.14820200
0.14339291
0.15755153
0.08077699
-0.14150060
0.11962305
-0.02492693
0.20549184
0.12252138
-0.12227272
0.01632677
0.06360165
0.04932289
-0.02567078
-0.04573845
0.04720253
-0.02936022
-0.03404323
-0.01719531
-0.06062920
0.07090562
0.09436595
0.06703939
-0.01350717
0.10099988
-0.02623725
0.02080817
-0.06437753
0.00219087
0.06631300
-0.07092838
0.08871052
-0.01542084
0.11060076
-0.03285463
-0.06271008
0.00972608
0.06696435
0.17765582
0.04307690
0.04852339
-0.03303007
0.08179487
-0.03019654
-0.05397203
0.08585600
0.07225365
0.05023732
0.05861876
0.01466665
0.00940172
0.11661346
-0.09759764
0.03552665
-0.09410589
0.09189535
-0.08044127
-0.16959761
0.05175121
0.12517801
0.21062136
0.14270039
-0.02691133
0.00599302
-0.08161332
-0.09244603
-0.01089597
-0.05573373
0.06374069
-0.23175423
-0.27856013
0.00697972
0.05749931
-0.05249396
0.02838638
0.04163676
-0.17496623
-0.02880838
-0.10190293
0.05338488
-0.00049686
-0.07464804
0.09720438
-0.15306328
-0.20755977
-0.03908985
0.03332345
0.03174607
-0.04655461
-0.06545035
-0.08832274
0.07758275
0.00057115
0.12733552
-0.06132479
0.08608780
0.16321384
0.09149902
-0.04243293
0.04423980
0.03466206
0.03372710
-0.10004249
0.11565254
0.01441053
-0.17358370
0.00634100
-0.18389890
-0.08764812
-0.23637532
-0.47734935
-0.17557090
-0.38625774
-0.34543291
-0.37094273
-0.65900570
-0.56332833
-0.52008226
-0.40293375
-0.35335020
-0.50030963
-0.47405738
-0.48178371
-0.35315161
-0.37975501
-0.37240323
-0.03494884
-0.10020594
0.20567134
0.18934533
0.20831185
0.24412850
0.46128596
0.45018033
0.49755150
0.76110431
0.83264070
0.70524495
0.82673490
0.83015496
0.98851705
0.76706508
0.77339677
0.75945208
0.47333340
0.61899937
0.47932910
0.50477264
0.30639865
0.09524200
0.17859902
0.08557534
-0.05139113
-0.23943996
-0.25559036
-0.19205145
-0.17219965
-0.53016088
-0.51443006
-0.29433914
-0.47987093
-0.45870335
-0.64436454
-0.53249473
-0.46151694
-0.51607299
-0.28165323
-0.27110297
-0.39338821
-0.26440745
-0.24650169
-0.30614211
-0.32591272
-0.32931201
-0.09135208
-0.08433990
-0.14094442
-0.06468459
0.03521103
-0.06340594
0.16754837
-0.19753724
0.06031174
-0.05048861
0.07285038
-0.01313771
0.04438086
-0.01322044
-0.06297036
-0.03373555
-0.01056546
0.14328664
0.06611387
-0.01734157
0.10030671
-0.03626737
0.06037664
0.07243594
0.11728911
-0.04798967
-0.08855937
-0.15285652
0.19561508
-0.08685251
-0.10640014
0.09299351
-0.00290268
0.26671458
0.03499666
-0.03474577
0.05978022
0.07513442
0.11886773
-0.23332221
-0.08298809
-0.09068387
-0.07762623
0.14605820
-0.04689527
0.16363026
0.11905074
-0.07067282
0.23328829
0.00595574
-0.08104231
-0.08668504
-0.20868965
-0.01714875
-0.06136737
-0.06667426
-0.02793267
-0.12466751
0.07553062
-0.02342628
0.03413483
0.01601206
0.21381263
0.07565124
0.06161034
0.06508872
0.12799578
0.04123183
0.03055858
-0.05428988
-0.08085698
-0.06434945
0.03410814
-0.02026545
-0.19902860
-0.11388625
-0.06412604
-0.06582177
-0.19522570
0.14167634
0.05585389
0.00632352
-0.07296786
-0.05363856
0.09492388
-0.05184406
0.07748820
-0.07269134
-0.02276256
0.06481292
-0.20144463
0.04075134
0.11332232
0.03933984
-0.08426092
0.03839065
0.17056690
-0.12568095
-0.03499047
-0.08226329
0.15557382
0.01380530
0.25344539
0.00007968
-0.04702359
-0.06344264
0.03076160
-0.03291408
-0.06968905
0.03723426
-0.00487403
0.11155210
-0.05452214
0.02109379
0.19817263
-0.09756389
-0.09183703
-0.08138647
0.28317113
0.02822502
-0.15015676
-0.05881523
-0.14912561
-0.04093529
-0.13666619
0.16163180
0.14518924
-0.07012195
-0.04301920
-0.05767284
0.05978821
0.17979885
0.19989266
0.27935569
0.16675457
0.25205152
0.37903692
0.04209734
0.34967057
0.09978741
0.09309322
0.13972201
0.00438620
0.32281083
0.14999169
0.08324848
0.21639542
0.10589889
-0.02075185
0.04492631
-0.15666323
-0.21408195
-0.09206974
-0.14425334
-0.18164791
-0.31456539
-0.32875355
-0.25233296
-0.20189497
-0.20258666
-0.30518598
-0.23745957
-0.15078522
-0.34070313
-0.04109113
-0.33658637
-0.24781911
-0.20879207
-0.02879594
-0.01878390
-0.20901933
0.07806226
0.14353212
0.04745338
0.13802433
0.15651813
0.16414494
0.05406163
0.12802445
0.23009662
0.08923458
0.01513667
0.07526865
0.07198964
0.10051184
0.13211336
0.02528802
0.15134834
-0.05801445
0.01796342
0.11035272
-0.01017754
0.19477409
-0.01933563
0.28078432
-0.15796591
0.14080488
0.09208807
0.04813568
-0.05962080
-0.09705623
0.10250646
0.00723651
-0.23020754
-0.01321772
0.04137439
0.03170199
-0.07242589
0.11844249
-0.08405578
0.05776549
-0.18102780
0.03931665
-0.17220382
-0.10848572
-0.01858996
0.01914612
-0.09410760
-0.01230908
-0.00075409
0.07404096
0.05201102
0.10532262
-0.00862234
-0.04388080
-0.04240558
-0.10570856
-0.00830819
-0.12954527
0.01815165
-0.20469302
0.02187963
-0.08641885
-0.04605416
-0.17229308
0.04333711
-0.02239691
-0.07756336
0.00907055
0.06676952
-0.01179056
-0.08281384
-0.02079164
-0.06578990
-0.03121626
0.13208856
-0.00757143
0.19923245
0.15440450
-0.01431811
0.09533324
0.02570760
-0.10679330
0.01447361
-0.01162072
0.00764081
-0.09616302
-0.09933048
0.01259686
0.06601844
-0.05162707
0.11876566
-0.07559275
-0.02604957
0.07096849
-0.08221511
-0.12985356
-0.08629449
-0.08811811
-0.04068214
0.00314513
0.09661894
0.04173908
-0.20793951
0.02666053
-0.12140789
-0.18829457
0.02653152
-0.07494862
0.01187738
0.04435279
0.05251214
0.11043768
0.18591156
-0.02966037
-0.08948189
0.10642159
-0.02821001
0.05708538
-0.02067221
-0.06326581
0.06319755
-0.06325679
0.12670646
0.00779491
-0.00521364
0.01905109
-0.08943634
-0.17670936
-0.11657280
-0.01181877
-0.03332322
-0.08588560
0.14589024
0.20337399
-0.14680481
-0.12619364
-0.03127691
0.07580156
-0.11284456
-0.07232156
0.11082161
-0.09961197
0.03416598
-0.08745753
-0.10281011
-0.04442745
0.15081536
0.05187375
0.01600102
0.04764736
-0.05953255
-0.02419993
0.03703507
0.08518510
0.08744576
-0.11336681
0.02659992
0.07202453
0.07803301
0.17786665
0.03338301
-0.05855668
0.00061436
-0.09459532
-0.03119872
-0.00399033
0.06990898
0.01941263
0.02953990
-0.07708444
0.09839065
0.06376399
0.07826721
0.17142501
-0.00673114
0.07509951
-0.13696100
0.08670553
0.01391449
0.02482404
0.12821110
-0.01753725
-0.07672901
-0.04770442
-0.16276774
0.21218715
0.06371001
0.20051877
-0.05059942
-0.07617821
-0.03446711
0.14648681
-0.01482049
0.11056221
0.06891905
-0.17719848
0.05306695
-0.05604845
-0.01501189
0.02190630
-0.00990209
-0.02179629
-0.03684332
-0.04121893
-0.10921978
-0.08867142
0.03750513
-0.00352185
0.17773345
-0.10899118
-0.06748590
0.07984978
-0.02201414
-0.15378507
-0.05167128
-0.06902604
-0.15386150
0.08345303
-0.11384781
0.19441467
-0.12941464
-0.11729012
-0.09515777
0.01301613
-0.05391581
-0.02519875
0.15021199
-0.06671043
-0.05315369
-0.03868176
-0.04079023
0.09102965
-0.01530308
0.10714312
0.14614138
0.17485928
-0.05339415
-0.08385473
0.11725195
0.02677474
-0.17267872
0.01222922
0.12729901
0.01382922
0.00867682
-0.02177163
-0.07681034
0.11797810
-0.01384132
-0.14119427
-0.03464595
-0.15901426
-0.04589992
0.11467147
-0.12271079
-0.13986752
-0.17981851
0.04026651
0.06638183
0.00204991
0.07585517
-0.07983231
-0.04049152
0.08018885
-0.06020025
0.00076171
0.10917711
0.09914898
-0.12049612
-0.02793861
-0.15007658
-0.12514080
0.08819337
0.04432410
-0.11507697
0.03743680
0.05596357
0.02688748
-0.03568652
-0.00592329
0.05306286
0.18606707
0.06916010
0.13840109
0.13319198
-0.20801475
0.08829750
-0.01514988
0.03967946
-0.12306174
-0.00212757
0.01401242
0.12520180
-0.04025547
0.11857462
-0.01652085
0.10694098
-0.00345047
-0.03526319
-0.12362721
-0.02381255
-0.05585041
-0.09886403
-0.12360321
-0.16865975
-0.05744923
-0.00608319
-0.05376880
-0.02864813
-0.19381556
0.06625431
0.11912561
0.14082960
0.09975012
-0.02928319
-0.05189484
0.20613545
-0.04968555
-0.00627249
0.03799301
0.04233460
0.13882977
0.14586474
0.15317769
0.00219156
0.04020580
0.14847581
-0.17300573
-0.00895713
-0.14329200
-0.08621401
0.12105802
0.02368929
0.00658507
0.00569126
0.07650727
0.13620413
-0.01937106
-0.03396429
-0.08303382
0.12056931
-0.04800283
0.02726744
-0.06000535
0.07638383
0.11557918
-0.10575776
-0.13325426
0.03393275
0.05929434
-0.10838497
-0.00143743
-0.12317392
-0.07014001
0.31305836
-0.08777130
0.02348396
-0.00337644
0.00401262
0.01286368
-0.06132825
-0.08921487
-0.01299334
-0.15909994
-0.05157149
0.11946738
0.05022105
-0.07544515
0.10857874
-0.00083697
0.14411621
0.00246497
-0.13268088
0.24534737
-0.00437962
0.01203401
0.04021870
-0.08712754
-0.07455683
-0.01198582
0.01121774
-0.00220179
-0.08737346
0.15497930
-0.11625856
0.05611646
-0.20127542
0.09745091
0.10070342
0.08330192
-0.24565010
-0.08297818
-0.02799834
0.21758163
-0.04191981
0.00745527
-0.03265564
0.20635540
-0.07638928
-0.19680901
-0.01301845
-0.03554834
0.08347497
-0.07767617
-0.10954092
0.15363811
0.07438679
-0.11442876
-0.09071123
-0.01438352
0.08154676
0.06408919
-0.11050812
0.01791116
0.02239318
0.02545644
-0.15086862
-0.01657361
0.17361395
0.03154690
0.07835578
0.09502339
0.00744184
-0.03208479
0.05757996
-0.00085110
0.08353111
-0.03457436
-0.19343554
-0.12449417
0.02838688
-0.04327930
-0.14785190
-0.01607812
0.03564840
0.01581406
-0.02071328
-0.04763198
-0.01946068
0.01269911
0.00948439
-0.04644883
-0.00276188
0.06557661
-0.09364117
-0.19993386
-0.05070062
0.02450402
-0.01598756
0.02920904
-0.07570716
-0.01752826
-0.11112626
0.01294513
0.05698803
-0.11153647
0.01052757
-0.15568008
0.08466277
0.27796776
-0.03393933
-0.14654955
0.15218504
-0.16324182
0.03292308
0.05468661
-0.06190580
-0.12531213
0.17074002
-0.12449325
0.00835332
0.10053628
0.09859450
0.00847897
-0.11628465
-0.04696982
-0.06339282
-0.02045667
-0.11827968
-0.00113431
-0.04597708
-0.14058279
-0.08930004
-0.15211109
-0.02657409
0.08643916
-0.07056548
0.05437631
-0.04072705
-0.17265069
0.02353214
0.13185904
-0.09584426
-0.09138468
-0.10170376
0.05305106
0.07260633
-0.08173183
0.04978325
0.06747744
-0.11741516
-0.03210359
0.05766838
-0.08533288
0.03842135
-0.11438408
-0.03554996
-0.15746194
-0.00395813
-0.01903292
0.00422365
-0.09133143
0.12439929
-0.02532654
-0.13287996
0.00992320
0.19483929
-0.03538572
0.06752529
0.08631261
-0.08655535
0.01341297
-0.01422629
0.05509343
-0.04193451
-0.12512485
0.00220759
0.11640093
-0.06611589
0.04665979
-0.04123815
-0.06622188
-0.00135973
0.09541640
-0.02553993
-0.20598712
0.02669502
0.01787591
-0.04206295
-0.07580809
0.00350996
0.01287840
-0.12461843
-0.01157723
0.05312232
0.22270305
-0.06714714
-0.07365264
0.04056333
-0.00473910
0.01589034
-0.04711812
0.06791465
0.00932474
0.05908319
-0.00449656
0.09559858
0.06230342
-0.08787601
-0.01462592
-0.17759402
0.02443385
-0.04418833
-0.10660378
-0.05060415
-0.10018064
0.09100127
0.05075236
0.04246450
-0.02553819
-0.11541345
-0.04182456
0.11240775
-0.05488533
-0.03797423
-0.12593229
-0.00692429
0.01313581
-0.02694814
0.03889506
0.00657879
0.15803062
-0.03856612
-0.05169093
0.05657508
0.10249250
-0.02098184
-0.03433926
0.02406198
-0.13970495
0.09341266
0.09568234
-0.09764669
0.01583432
0.04663900
-0.20335845
0.06000232
-0.03763810
-0.27041177
0.11116050
-0.17819652
-0.10532603
0.00477531
-0.09997385
-0.06054169
-0.04042432
0.03237196
0.06643744
0.04061232
-0.05987270
0.06033164
0.00103006
0.05395604
0.04263295
0.00388512
0.05939796
0.02310386
0.04807654
0.01778325
0.05693076
0.05754183
-0.07876773
-0.02269806
-0.07498077
0.07994229
-0.08051837
0.12867317
-0.04854803
0.22007605
-0.03682459
0.03079627
0.05810738
0.06355077
-0.06050669
-0.21869616
-0.03322617
-0.03059566
0.03028902
-0.11967627
-0.06265743
0.07822277
-0.00819346
0.07550617
-0.24528872
-0.02400450
0.07745598
0.03285663
0.01555838
0.05605857
0.00467190
0.02203511
0.07309516
-0.09204267
0.19457437
0.08272055
-0.16035686
-0.04529369
0.05200157
0.06988349
-0.05921635
-0.02188974
-0.03952021
-0.17726154
0.06424003
-0.10706535
0.13861114
0.00657515
0.10627616
0.14116138
-0.08473435
0.14166562
-0.01547383
-0.22833045
0.04584765
-0.09372955
-0.01104289
-0.08210645
-0.02739908
0.13359264
0.06653616
-0.01098747
0.06365734
0.10383962
0.01059385
-0.08135355
0.07855891
-0.06057329
0.01836979
-0.09107323
-0.18739952
-0.10432893
0.09762386
-0.06774743
-0.07421809
0.03406225
