0.03611283
0.10741881
-0.14284226
-0.21063533
-0.01786849
-0.00571983
0.17302742
0.12922890
0.02369143
0.06073928
0.03729897
-0.24418258
-0.05349332
-0.00937188
0.08019863
0.15740099
-0.02553186
-0.05414063
0.13184107
-0.14183968
-0.00464860
0.03584647
-0.13267671
0.14008466
-0.06183898
0.07150851
0.10460548
0.06322013
-0.13618086
-0.07262958
0.07337328
0.02379827
-0.03624401
-0.04051511
0.05582663
-0.27528485
-0.02057800
-0.02704920
-0.15447083
0.16897277
0.12185115
-0.03632609
0.07384629
0.01620174
0.06009816
-0.06466389
-0.25669940
-0.03309139
-0.09029474
0.14100515
0.02518326
0.06093775
-0.01517607
-0.01494153
0.13616121
-0.07943212
0.04391604
0.01383502
-0.16512615
-0.07139034
-0.02543885
0.14415098
0.01820646
0.14535999
0.15280273
-0.09543675
0.01259089
-0.26310848
-0.07374989
0.05886929
0.01891593
0.14209416
-0.01558916
0.04912803
-0.13227511
0.06100225
-0.08102916
-0.01048096
-0.12427326
-0.02975536
-0.00460115
-0.04978827
0.12127482
0.09050284
-0.14486430
-0.01768495
0.03421321
-0.00894741
-0.28497941
-0.14739018
-0.08064209
-0.12129470
-0.14376317
-0.14525096
-0.11435041
-0.04512031
-0.05212597
-0.09983047
0.27780761
0.06832322
0.09999597
0.00159628
-0.15059391
-0.08922744
-0.05078324
-0.04089964
0.04922528
0.10350090
0.05889170
0.02106836
0.06465978
-0.16197631
-0.02674782
-0.06122008
-0.17551297
0.09559055
0.03526337
0.05069764
-0.12132854
0.15353359
0.04776575
-0.04452957
0.01472062
0.17658028
-0.08765375
-0.03045936
0.15121217
-0.11112212
0.07922369
0.00887877
-0.11265797
0.07513478
-0.06220596
0.08309232
0.09453229
-0.00818966
-0.02767078
-0.05296156
-0.05932743
-0.11581086
-0.09540735
-0.07492947
0.02415056
-0.00512907
-0.14622349
0.05698018
0.09571867
-0.03242246
0.07654012
0.06219970
0.17537440
0.04099832
-0.06310882
0.05075168
0.07360776
0.06868435
-0.07906285
0.05318029
-0.16338048
0.01506713
-0.12709495
0.06248478
0.09070516
-0.12173400
-0.06329418
-0.02092048
0.15836418
0.09488832
0.09088777
0.02325705
-0.14290932
-0.03777575
-0.14239561
0.05801136
-0.15246052
-0.01335858
-0.20312649
-0.15594362
-0.21437605
0.09762894
-0.01293329
0.16718856
-0.05635252
-0.08048788
0.05573275
0.00720996
0.10334526
-0.20407781
0.24054717
-0.01848921
-0.10982707
-0.11032184
-0.00399362
-0.09093248
0.03370332
0.00888404
-0.03812629
0.00718044
0.14124939
0.00523383
0.02963718
-0.00531786
-0.08502044
0.07741949
0.16851073
-0.01731421
-0.11948049
-0.21177411
-0.00669157
-0.15375870
-0.07192072
-0.03525294
0.00642927
-0.08015794
0.11147452
0.01994395
-0.18615594
0.02880780
0.03316670
0.10433284
-0.00276288
0.15895411
-0.03944928
-0.01903595
-0.06572548
-0.14754200
-0.05834449
-0.04524725
-0.05207634
0.10327383
-0.04422896
-0.00695315
-0.02952857
-0.01359102
-0.00351335
0.04026113
-0.11779922
0.01324234
-0.06065623
0.08338924
-0.00182928
0.02893626
0.16100311
-0.06077565
-0.08894242
0.11029261
-0.00590204
-0.09814239
-0.03680593
0.09148267
-0.00482131
-0.00642620
-0.12509407
0.08239039
0.10101344
-0.11653917
0.07838720
0.08770184
-0.06255487
-0.07036764
0.02603574
-0.18847804
-0.25681291
-0.05101632
-0.03425999
0.01981253
0.01714131
0.11651052
0.15076456
-0.05012962
-0.18083399
-0.01566185
-0.08742821
0.00295676
-0.12876618
0.02912890
0.05901351
0.03530481
-0.11700667
0.01558883
0.01067064
-0.04241845
0.01389655
-0.03448449
-0.15285591
-0.00906454
0.12482128
-0.10288008
-0.02971688
-0.00736139
0.07224069
0.05387767
-0.21493425
0.07704158
-0.09961443
0.00015213
-0.15381664
0.08050916
-0.06576694
-0.06756871
-0.01003869
-0.12160585
-0.09132199
-0.04920483
0.00223742
0.13572231
-0.14769140
-0.10168613
-0.20809989
-0.04103201
-0.19867859
0.01847633
-0.00504616
-0.02506920
-0.15862613
-0.03872629
0.06796899
0.01845192
-0.15150168
0.07822461
0.15857947
0.06986431
-0.00865937
0.00300872
-0.12426358
-0.16626694
0.00281019
0.06986788
-0.00700548
0.03123560
-0.11500835
0.02147160
-0.11306648
-0.13622001
0.00579573
-0.15447501
-0.16908765
0.12143095
0.06387333
0.08797045
-0.00723405
-0.09079558
-0.01233913
0.22626717
-0.03082570
0.08558684
0.09538517
-0.10938767
-0.07110738
-0.02061762
-0.07150261
0.29346880
-0.07984631
0.01749974
-0.10232756
0.16545585
-0.01742569
0.10857809
0.05927730
-0.05549943
0.03407727
-0.07168979
-0.04747181
-0.05256549
-0.11161125
-0.12395229
-0.12990455
0.20155553
0.01224130
-0.17145710
0.10986486
-0.24362466
0.01537125
-0.01300595
0.00016719
0.09005984
0.19628094
-0.01109714
-0.03217423
-0.19545854
0.05780362
-0.15407274
0.08147655
0.07696848
-0.07303077
-0.11651501
-0.00622277
0.02276405
-0.15271329
-0.01943942
0.06395057
-0.00966195
0.02310283
-0.17738789
0.04892979
-0.11399583
-0.05497253
0.11500150
0.01524127
0.00795661
0.01853245
-0.03788477
-0.06465868
0.07653037
0.09383562
-0.11275346
0.00971750
0.09093358
-0.02249827
-0.04402124
-0.00808390
-0.02894487
0.14027725
-0.19157944
0.11693368
-0.04608115
-0.09353691
0.00155629
0.00821217
-0.01120120
-0.04310298
-0.20055859
0.10168517
-0.16786209
0.03170502
-0.06021491
0.01542351
-0.10984733
0.04517916
-0.06536908
0.13257424
0.25188607
0.03582194
-0.04624364
0.12120154
-0.11683165
0.23182544
-0.10788281
-0.21407423
0.10988190
0.07909359
-0.04943375
-0.08870925
0.10623954
-0.07812288
0.14555887
0.08984211
0.07127104
-0.01841296
-0.01170331
0.00106355
-0.00578280
0.03792563
-0.06702889
-0.10916087
0.12571706
0.12231326
-0.15703708
-0.03792473
-0.02948998
-0.06668346
-0.06471195
-0.00018060
0.06198556
-0.09015291
-0.06433648
-0.11492578
0.07801949
0.04158059
0.12057137
0.08575334
0.03173194
0.08314699
0.06653030
0.23539188
0.26097309
-0.19455095
-0.01222052
0.05472114
0.06043530
-0.07097899
0.12416014
0.04176296
0.08662037
0.06832311
-0.20357448
-0.08509883
0.00373031
-0.04972303
0.05044859
-0.05759173
-0.03900449
-0.10765320
-0.04533919
-0.21504892
-0.01865147
0.04951683
0.06111190
-0.04863188
-0.07985570
-0.05905301
-0.01123375
0.13897557
-0.01755572
0.06714454
0.01545904
0.12974979
-0.07118116
0.04727859
-0.08879583
-0.16965676
0.08133741
0.06724669
0.10626017
0.15867552
-0.00713661
-0.06375629
-0.02971916
-0.04073697
-0.24476526
-0.09674710
-0.00011140
0.08249039
0.02651549
-0.01950932
-0.17005048
0.04318439
0.08019677
0.00796108
-0.00938756
0.11639178
0.13221019
-0.01358906
0.05864082
-0.00643312
-0.01380071
0.00268311
-0.12737364
0.03267450
0.01836809
-0.12514771
0.00242234
0.11252480
-0.07809194
0.10676649
-0.02803523
-0.01697335
-0.03711033
-0.06181694
-0.16635552
-0.01849876
0.03593973
-0.03335464
0.10337799
0.08774939
-0.05633943
0.06198489
0.02064113
-0.04567286
-0.10162474
-0.16782393
-0.04680423
0.13180104
-0.18928732
-0.00342966
0.06946338
-0.05300455
0.02463785
0.00301840
0.08372772
0.07182558
-0.02483923
0.05704759
-0.14121083
-0.11678570
-0.09083747
0.03670423
0.04049533
-0.08450012
-0.06199101
-0.05958973
0.11404156
0.02583437
0.18996373
0.07813223
-0.04437291
0.07722174
0.16162481
0.23644692
0.01709121
0.08227471
-0.02988299
-0.01582661
-0.03962725
0.07477156
0.03476528
0.01990621
-0.04686207
-0.22182578
0.07623241
0.06451059
0.15642046
0.05089987
0.05623707
0.00498094
-0.02961035
-0.14513306
0.08821535
0.00683954
-0.03681383
0.00808452
-0.14091344
0.13299888
0.00393008
-0.20270536
-0.06109747
-0.07977975
-0.16478451
0.00699938
-0.05782016
0.00774924
0.08465229
0.14357951
-0.02375341
0.03212987
-0.01399802
0.00792307
-0.09941963
-0.03122244
0.00852784
0.06840385
-0.13658134
-0.09636804
0.06519423
0.08206804
0.02500343
-0.11454764
-0.17642798
-0.00906442
-0.16724203
-0.04002827
-0.06055897
-0.12259048
-0.08336969
0.14723711
0.13427790
-0.03094930
0.03976406
-0.11361567
-0.09865277
-0.04066178
0.06407311
0.00795468
-0.07255194
-0.05492453
0.04289732
-0.16899887
0.07953574
0.01981199
0.01379545
0.00003356
-0.10000016
-0.02665208
-0.09433850
0.11358029
-0.19581417
-0.01780498
0.06118357
0.04419263
-0.10671556
0.10029405
-0.01343945
-0.02076469
0.00448778
-0.05166615
-0.14446882
-0.06701860
-0.27812883
0.15483488
0.06958070
-0.03774309
-0.02747903
0.04052180
-0.00589236
-0.00900850
0.06637673
-0.05688287
-0.11282143
-0.02355803
0.08388176
0.01979809
0.00054246
0.00420747
0.09526885
0.01436739
0.06157290
-0.04168802
0.13289273
-0.03780347
-0.01734581
-0.02556239
0.00468579
-0.10106506
0.09128983
0.19314501
0.05594729
0.05776503
-0.14232440
0.02939471
0.07587112
-0.08891835
0.02789207
-0.18086038
-0.04804597
0.06615043
-0.15490198
0.03139555
0.07706024
0.00724713
-0.09541691
-0.13719271
-0.03869348
-0.06153632
0.05036396
0.01749396
0.07432047
-0.08622092
0.14969079
0.12780554
-0.15313657
0.20117912
-0.08409724
0.12251266
-0.12082734
-0.01206724
-0.12948626
-0.06949044
-0.02446452
-0.21367227
-0.00934920
0.07038542
-0.04869959
0.20092176
0.08444686
0.06821403
-0.06725537
-0.00360122
0.14965362
0.06570838
-0.02319097
-0.11192581
-0.04209056
0.09394146
0.12010901
-0.08723918
-0.00871626
0.12468342
-0.18968419
0.09676599
0.01542222
-0.05415579
-0.00009205
-0.09978840
0.10367068
0.11800260
-0.07419289
-0.03888296
-0.04194029
-0.02804609
-0.12504398
0.15041897
-0.07366397
-0.01380676
-0.04905647
-0.18840040
-0.08440575
-0.01649762
0.03039361
-0.11536288
0.01214314
0.01992839
-0.11068696
-0.03223905
0.03407929
-0.06157581
-0.11175127
0.19635088
0.07306229
-0.00167726
0.23664939
-0.03490960
-0.08605437
0.03630796
-0.10284055
-0.09642330
0.02745286
0.07757184
-0.03755400
0.01771761
0.03961812
-0.02574615
0.01935592
-0.02120910
0.02989409
0.06646037
-0.07843509
0.00704899
-0.07430842
0.07398156
-0.19633478
0.01273257
0.01320836
0.04280093
-0.09430527
0.13243168
0.13048117
-0.03949702
-0.07178121
0.10361197
0.00944229
0.06638729
-0.07048254
0.06291888
-0.10420709
0.00933832
0.12161649
-0.00092095
-0.21087514
0.01294143
0.01735090
0.03638606
-0.14318211
-0.05633173
-0.09627289
0.12182775
0.08532905
0.04451139
-0.05820832
-0.18722856
0.05735510
0.15251197
-0.13783211
0.20225328
0.17372252
0.03920401
-0.13231351
-0.09536513
-0.21236026
0.07288608
0.05143160
0.06357907
0.13844432
-0.05361277
0.08820465
0.04690441
0.07454370
0.11662147
-0.00714232
-0.11982197
0.12274469
-0.02336200
-0.15972408
-0.00418076
0.09015084
0.00640378
0.05870745
-0.19402107
-0.06104514
-0.00157548
-0.12747323
0.05211557
0.17726533
0.00697042
0.03629794
-0.04025792
0.08005798
0.16848364
-0.06124273
-0.02560383
0.03117876
0.18639251
0.03287871
-0.05687610
0.06804745
0.14053141
-0.17912178
0.01523086
-0.08494834
0.01386442
-0.04653284
-0.12692761
-0.19498841
0.02948736
-0.16716734
-0.02441960
-0.09042513
-0.15188974
0.08233716
-0.09366716
-0.18788940
0.12158033
0.16548597
-0.01250916
-0.01830579
0.02295829
0.02604755
-0.08591073
-0.05767262
0.03980026
-0.11313588
0.06473139
0.14280107
0.05888100
-0.10213309
-0.14594232
-0.23657983
0.07012352
-0.03872127
0.12381174
0.01943951
0.11466097
-0.11662506
0.10227638
0.04360811
-0.09758508
0.06121844
0.15269676
0.01783756
0.01766638
-0.03193271
-0.10318223
-0.05391156
0.01341872
-0.02344321
-0.01575400
0.03499249
0.10833539
0.01872157
-0.03512142
-0.12919568
-0.08730004
0.01209919
0.10163569
-0.00111352
0.06604986
0.03810703
-0.07483174
0.02143780
-0.08001198
-0.11671004
-0.05502861
0.05749821
0.02573527
-0.08248327
0.26668135
-0.12665564
-0.00630064
0.16219855
-0.09405503
-0.03902478
-0.17820289
0.03931179
0.11247757
0.06837473
0.08501584
-0.12582116
-0.03948488
-0.18275693
0.12190874
0.00014250
-0.01438167
-0.06134737
0.04444462
-0.11066641
-0.11502068
-0.01238563
0.03510282
0.02689679
-0.15550779
0.12315504
0.05232448
0.03621826
-0.06032989
-0.03243912
-0.08677501
-0.02394369
0.06845837
-0.10768637
0.01087161
0.16048897
-0.09979638
0.11364659
0.17051023
-0.21915002
0.09345358
-0.09913373
-0.21636189
0.19653645
0.15805299
0.12246724
0.07098913
0.00120612
0.22131366
-0.08857849
0.19955166
0.16578086
-0.06457998
0.17042348
0.03148060
0.05640604
-0.02451930
-0.05743705
0.02338781
-0.06671631
-0.01753722
0.20711444
0.01651646
-0.01750825
0.02989667
-0.01294380
-0.13026378
-0.01007557
-0.11323211
0.01983537
0.06145332
-0.05125305
-0.08903980
-0.07492669
0.11841553
-0.00165495
-0.03624985
-0.02679424
-0.03453276
-0.10485378
-0.16291581
-0.07025935
-0.02013088
-0.29651790
-0.01763104
-0.12007623
-0.00722677
-0.05360495
0.13317833
-0.06616232
-0.10950082
0.04876324
0.02839468
-0.02192303
0.08134451
0.17818540
0.12370442
0.11162307
-0.03403504
0.14961926
0.09459719
0.03211125
-0.11753906
0.02354206
0.02789431
-0.18967029
-0.17337226
-0.24588399
-0.05235232
-0.31269772
-0.13419076
-0.06615381
-0.46874441
-0.32536355
-0.37156165
-0.23551246
-0.37700998
-0.19577918
-0.32476011
-0.49969817
-0.41112823
-0.31607742
-0.45712126
-0.35649648
-0.08994866
-0.04781329
-0.17036092
0.01818789
0.20986682
0.52974127
0.49783871
0.37342435
0.62006772
0.66229664
0.73898176
0.66552591
0.78352803
0.88743951
0.64666931
0.96447294
0.78332660
0.72920083
0.70450844
0.65801230
0.63083298
0.38789633
0.53069661
0.36201249
0.15670214
0.22440727
0.04298045
0.05342488
-0.16850717
-0.27529583
-0.30905626
-0.31848752
-0.39747757
-0.46010466
-0.43786534
-0.37789760
-0.46982457
-0.34529438
-0.48192588
-0.40455780
-0.42510482
-0.36881602
-0.36335940
-0.29254972
-0.33570721
-0.17989433
-0.09818546
-0.23866803
-0.04177049
-0.19085711
-0.16077725
0.08783727
0.17995081
0.02609852
-0.14054655
0.09063666
0.14958955
0.06543811
0.03113664
-0.02439619
0.07703774
0.23997110
-0.15880933
0.11715129
-0.01725202
0.15091411
0.01570347
0.00154852
0.07203332
-0.03335963
0.20786681
0.01502764
0.15058898
0.09751431
0.08741584
0.11077702
-0.02308704
0.06672394
0.18206568
-0.20251089
0.11184853
0.04471325
0.03135600
-0.07611936
-0.11778892
-0.07918410
0.00946120
0.16443763
-0.02863626
0.14155295
-0.18424688
0.08876729
0.09971938
0.15880182
0.13474776
-0.13150233
0.03437352
0.00524400
-0.01159824
-0.14037715
-0.06175004
0.00453519
-0.03276366
-0.03941014
0.04948640
0.14406336
0.03170506
-0.06663822
-0.04216520
-0.09414472
-0.04016235
-0.06069076
-0.00949440
0.09433171
0.03566837
-0.04718557
-0.09968175
-0.09113607
0.27474323
0.09399043
0.14084434
-0.09145773
0.08739468
0.07677725
-0.04563515
-0.12098321
0.03971140
0.15632920
0.05077546
0.06569626
-0.03623327
0.08338091
0.03581366
0.00487517
-0.04280320
0.05630501
-0.02474531
0.17649413
-0.12822929
0.11158406
-0.12979734
-0.03741991
-0.01604561
0.09312898
0.03244145
0.05442155
-0.12879236
-0.01836579
0.15888250
-0.01651071
0.13534054
0.20590875
-0.17159474
0.01503842
0.15056483
-0.06539912
-0.00879085
0.08118722
0.01263783
-0.20405285
-0.16986267
0.13070888
-0.00440938
0.03238478
-0.10973316
-0.03067884
0.02941542
-0.05357303
0.06824747
0.01937022
0.08652741
0.14369527
0.11755992
0.05198449
-0.00179682
0.06856260
-0.00544500
-0.11393612
-0.08116111
0.12882292
-0.05259413
0.04280135
0.30203088
0.19586763
0.13627665
0.16524730
0.20469548
0.12326211
0.15781074
0.14007265
0.18682826
0.22993211
0.08994684
0.11835148
0.20913976
0.18184421
0.19895947
-0.05764298
0.08670306
-0.02301959
-0.17297200
-0.06386196
-0.06034916
-0.04817205
-0.20895986
-0.03694375
-0.27559245
-0.10600326
-0.27063703
-0.22607691
-0.37646832
-0.20756757
-0.12714248
-0.41623725
-0.30087197
-0.20971765
-0.28917879
-0.22953462
-0.31057801
0.06091180
-0.06662604
-0.08615709
0.07469291
-0.01639529
-0.05938747
0.21170178
0.13862481
0.10691194
0.14956562
0.18405996
0.17702836
0.06692915
0.12089945
0.19478828
-0.16879789
0.20207440
0.00184950
-0.06639686
-0.05100629
0.12688119
0.07871812
0.07264971
0.12780653
0.04174233
0.11217324
0.02296208
-0.05117244
-0.00934058
0.08454509
0.17136000
0.07242825
-0.07604657
-0.05961682
-0.00212034
-0.09700281
-0.00622813
-0.04560319
0.01186886
-0.06501762
-0.05552025
-0.06083335
-0.09432237
0.06575757
-0.02055202
0.11017908
0.05059183
0.02605699
0.05829701
0.04201438
-0.05618330
-0.04945225
0.04472086
0.08831847
0.12578643
0.04626911
-0.04570160
0.06039187
0.01345495
0.01220411
-0.04797497
-0.04125708
-0.12957686
-0.15925659
0.10797504
0.00624516
0.08461604
0.07071139
-0.09486022
0.07792941
-0.03478783
0.07490931
0.04856048
0.05878670
-0.13326077
-0.05955329
-0.08025636
0.17697787
-0.04718437
-0.09740750
0.01302750
0.00802754
-0.09855764
0.13346266
0.07189246
0.01414194
-0.03289504
0.16834590
0.04531038
0.06353257
-0.12491496
-0.01212868
-0.12765913
0.01104553
0.09477704
0.02760065
-0.04321636
0.07271739
-0.04437608
0.10232378
-0.20842924
0.02409213
-0.01166690
0.04883494
0.12848427
-0.09700500
-0.12260839
0.03616031
0.03738992
0.02860140
-0.09290669
-0.10262704
0.27443814
-0.15451397
0.02145968
-0.02072385
-0.01639095
-0.05290105
-0.05115165
-0.06686404
-0.09756791
0.04171101
0.12905258
0.05374213
0.13503649
0.02829161
-0.09366261
0.08019524
0.18777893
-0.06819078
-0.00901030
-0.01484547
-0.01580317
0.08338367
-0.10989239
-0.00633321
-0.02129401
0.15282601
0.08986771
0.11696804
-0.10791661
0.00163457
-0.04613080
0.07044434
-0.05533630
0.01943215
0.06297033
-0.01148599
0.02943608
0.02659409
-0.01095250
-0.22683340
-0.09537450
-0.01301192
0.24759928
-0.11547099
0.00766527
0.12334564
-0.06107324
-0.09002853
-0.08123675
0.16391383
0.10878515
-0.00009539
-0.02018242
-0.07769461
-0.01547526
0.07173987
0.05360617
0.00805624
0.01151090
-0.01224847
-0.04210741
0.02442940
-0.04907505
-0.04289951
-0.10082942
-0.06385148
-0.08826646
-0.08262801
-0.04333164
0.01972741
-0.08831097
-0.06434578
-0.01860124
-0.01888459
0.08378077
0.01886017
0.00874593
0.11085409
-0.00742000
0.00308593
-0.06201046
0.27491486
0.06233687
0.02736668
0.00444097
0.08953585
0.07971548
-0.12400570
-0.06705624
-0.19246120
-0.05432548
0.04233540
-0.06870438
0.00944074
-0.00132154
-0.03614073
0.06380595
-0.13808977
0.11935151
0.06457302
0.06859238
0.01587759
0.08669629
-0.00161276
-0.00300169
-0.00666280
0.02775328
-0.17050743
-0.07432098
0.09099884
-0.09816143
-0.12402208
0.14258180
-0.03378622
-0.02166944
0.00984062
-0.02906067
0.00330054
-0.20880572
-0.04706039
-0.05430978
0.03470204
0.06898984
-0.04046780
-0.02604926
-0.12822563
-0.02247530
0.07727577
-0.03881117
-0.05567652
0.04889837
0.07262527
0.01412305
-0.11859998
-0.02326175
0.11547484
-0.08548812
0.01815849
0.03704759
-0.14861184
-0.01554005
-0.02195234
-0.14653499
0.11485263
0.05019552
0.03138925
-0.02395751
0.04816308
-0.02330623
0.07920521
-0.15969445
0.12148872
-0.04971904
-0.07832054
-0.14115744
-0.00462629
-0.01398360
0.18505980
-0.18588779
0.10779048
-0.04436347
-0.00971495
0.12607924
-0.14631753
0.01966856
-0.14141337
-0.01847063
-0.03045838
0.12103949
-0.05955088
-0.09827944
-0.06253780
0.12794914
0.11678416
0.07985965
-0.07492186
0.03563232
-0.05143705
0.10470031
-0.03410726
0.00945111
-0.02581170
0.01372428
0.09604898
-0.01030307
-0.13016185
0.00649770
0.03367391
0.00251483
0.07799924
-0.06952075
-0.00817906
0.02858388
0.11678157
-0.25697513
-0.01993807
0.05623749
-0.00588326
-0.04296627
-0.14787927
0.05777051
-0.02692708
0.06876239
0.13840306
-0.05569714
-0.00246537
-0.10926728
-0.09934142
-0.01261838
0.10467569
0.00493592
0.03037274
-0.00033763
-0.05638282
0.08759181
0.03901818
0.05494722
0.11666778
-0.12930930
-0.11767694
-0.02334895
0.04269101
0.07420954
0.11018507
-0.04921143
-0.10389058
-0.13544206
-0.09176397
0.11834179
-0.01733419
0.04199070
0.08436362
0.02011374
-0.07277978
0.05916327
0.05542110
0.13493130
0.00385341
-0.08926739
0.03215876
-0.17350699
-0.10432175
-0.19688891
0.09583989
-0.08524665
0.00508937
0.01561815
-0.00789017
0.11333809
0.04424297
-0.04218476
-0.03855017
0.05567296
-0.10892908
0.04011914
0.13494463
0.13261626
0.01564914
-0.18203633
0.20670554
0.14705752
0.02102768
-0.06698514
0.14780917
-0.08040429
-0.03368013
-0.01303946
-0.14654523
0.02874273
-0.11348127
-0.09711279
-0.12476335
-0.17503911
-0.02568338
0.11455290
-0.02662077
0.10915184
-0.04454665
0.12391676
-0.07342520
-0.03144600
0.07427407
-0.14697907
0.08693591
0.01151665
0.09281767
-0.02792768
0.11568060
0.05329800
-0.06449379
-0.07208817
-0.09974417
-0.18697024
-0.01373112
-0.12508728
-0.22449796
-0.03963606
-0.01073541
0.01410371
-0.01038854
0.08442435
-0.06370791
0.01340299
0.03744243
-0.01777948
0.03998646
0.12382776
-0.02729454
-0.09626641
0.04507958
0.06966468
-0.03508634
-0.09518790
-0.11856103
0.00476621
0.05869328
-0.02786225
0.04800046
0.19200264
-0.04060942
-0.07328328
0.02763373
0.13031137
-0.07094396
-0.14212517
-0.22632851
0.07992114
-0.03050083
-0.03980693
-0.09119267
0.09158357
-0.07456001
0.02945577
0.11570465
-0.04382643
0.09378575
-0.02848522
0.11247083
-0.12241977
0.02001888
0.00422817
-0.08235618
0.00609465
-0.00021709
-0.02748421
0.16009253
0.18161044
0.09816449
-0.12505291
0.09984345
-0.06595822
-0.02196953
-0.05619298
-0.06496060
0.03771616
0.05912353
-0.10426705
0.11284249
0.18628756
-0.14586990
-0.09883371
0.07108086
0.01101199
-0.04421298
0.07116785
-0.10203325
0.06854514
0.09878047
0.03112920
-0.09985232
0.01383754
-0.05097565
0.08569308
-0.09300178
-0.08689527
0.02852686
-0.00093847
0.02740742
-0.05302146
0.06514712
0.04604134
-0.20296209
-0.04681842
-0.06982174
0.14124079
-0.01351059
-0.07004946
0.11981306
-0.10255036
0.05050044
0.21745959
-0.10693672
0.31782195
-0.15382889
-0.08124863
0.13743360
0.01756837
-0.08771430
-0.02497066
-0.03622276
-0.12141535
-0.23077950
-0.08327846
0.08769063
-0.14926782
0.04120167
-0.11263530
-0.13928335
0.03072467
-0.07831438
0.12658931
0.11788607
-0.05022570
0.08096035
0.03801283
0.06686293
0.08164778
-0.04725438
-0.06543460
0.11405977
0.04757238
0.08762220
0.03593290
-0.18204909
-0.14910702
0.02884980
0.10616941
0.04893279
0.17851350
0.04771501
0.11632161
-0.09333391
0.06789226
-0.08863882
0.06621871
0.04163876
-0.12734837
-0.02524109
0.13464202
-0.01137009
-0.00772256
0.05499506
0.24035970
-0.14364003
-0.12836662
-0.04640883
0.04196129
0.07956238
-0.05926181
-0.00519210
-0.18924492
-0.05174008
0.01209861
-0.00447174
0.08457208
0.15975137
-0.08710405
-0.05193952
0.04886048
0.01086456
0.10801046
0.08190932
-0.05254425
0.13383888
-0.02318030
0.02431714
-0.08468172
0.07120912
0.04996913
-0.00249785
-0.14628947
-0.10867353
0.06217008
0.13256210
-0.03275078
-0.01679260
-0.10916632
-0.01671740
-0.04599246
-0.02616658
-0.00832871
0.18417457
-0.10282845
0.08848145
-0.02345750
-0.01856763
0.04313671
-0.16334034
0.00440082
-0.12959878
0.04705341
0.01500672
-0.12088035
-0.13671691
-0.06334991
-0.07000914
-0.01743595
-0.07463431
0.07876068
-0.11629179
0.12863297
0.07368798
0.02702124
-0.00396841
-0.09000292
0.16162666
0.01621317
0.01788635
-0.20647799
-0.09640450
0.04240858
0.12445492
0.07215978
-0.16851742
-0.09458180
0.08055990
-0.08999308
0.13025552
0.06419785
-0.22430841
0.16752336
0.02435181
0.01890347
0.14607748
-0.03705066
0.14476719
-0.00150491
-0.06264920
0.13152721
0.04648317
0.18105579
-0.05769461
0.14690041
-0.04817595
0.06333921
-0.01013638
0.07116854
-0.04454256
-0.00880558
-0.13091599
0.01145306
-0.08245877
-0.09159528
0.17790204
0.02165457
0.02728710
0.05640826
0.02762701
-0.14808063
0.07816590
0.00381192
-0.08747796
-0.00697464
0.04040576
-0.00194816
0.14938898
0.08360289
0.06091729
0.16460844
0.23469582
-0.08217681
-0.05933233
0.09638723
-0.08406041
-0.11207263
-0.21969353
-0.06332259
0.03087189
0.15903237
-0.01857732
-0.00923773
0.02528316
-0.10592725
0.10110672
0.03540018
-0.02148338
-0.01026688
0.04937809
-0.12724481
-0.15225283
0.04141013
0.08924359
0.17472451
-0.00910166
0.01552514
0.00851741
-0.07794806
0.02740097
-0.01629973
0.14699167
-0.03451455
-0.04869744
