0.01363496
-0.08828781
-0.20135829
0.09812222
-0.08234895
0.05832809
-0.00826609
-0.02279388
-0.02814255
-0.05877983
0.04802876
-0.03303799
-0.12029875
0.04169339
0.10074139
0.06234262
0.11416857
0.03916378
0.06092393
-0.05688778
0.01626739
0.08708522
-0.11257198
-0.08806544
-0.08323520
0.00246532
0.04619826
-0.05072019
-0.01202685
-0.04378921
-0.08178848
0.01850519
0.01422104
-0.12850633
0.02713561
0.03766161
-0.03962529
0.16790324
-0.00630458
0.06911243
0.00670217
0.16614221
-0.05622354
-0.12590722
0.10985008
-0.02433009
0.04121927
-0.01629476
-0.05580643
0.07292716
0.03869923
-0.06838869
-0.02182944
0.03568433
-0.06353816
0.07474828
0.05049748
0.01580406
0.03013948
0.11392743
-0.02027881
0.03146772
0.04626392
-0.03778922
-0.07206431
-0.12493205
0.07647111
-0.03089214
0.05808850
-0.01130061
-0.04039420
0.07918762
-0.00261362
-0.11184127
0.01757149
-0.10961335
0.04815909
-0.07596890
0.08936697
0.08673496
-0.06704550
0.00348967
-0.05064889
-0.06593576
0.07504611
-0.02146545
0.12654068
0.01134294
0.11412836
0.06634622
0.00134967
0.03051798
0.10490939
-0.03740514
0.09381759
0.02742743
-0.14849682
-0.06169520
-0.02307554
0.04355279
0.02107016
-0.03575129
-0.13451630
-0.01527210
-0.05900310
0.00094518
-0.05944939
-0.01635698
-0.01480895
-0.00104397
-0.10113039
-0.03458962
-0.05531458
0.09126121
0.06771976
-0.02064618
0.00710597
-0.01966173
0.02520327
-0.10411932
-0.05457604
0.02617707
0.05169709
-0.03495522
-0.06251762
0.09228582
0.07225099
-0.08359687
0.00793521
-0.04236122
-0.06235124
-0.11036051
-0.03820786
-0.12307206
0.07620289
-0.01912997
-0.04398662
0.03635595
-0.04317914
0.09211236
-0.02754184
-0.02797727
0.10203626
0.02142009
0.09908221
-0.13376658
-0.03892627
0.01292293
-0.06320153
0.06651084
-0.06604210
0.03708070
0.03411385
-0.02756791
-0.05032874
-0.06060202
0.08380162
0.06876592
0.02494857
0.10014032
-0.04086228
0.05156103
0.02545679
0.02131201
0.03105360
-0.03832940
0.00380349
-0.07819767
-0.08986054
-0.16128864
-0.00883940
-0.02241803
-0.02342378
0.00570132
0.00948420
0.00798829
-0.00327946
0.03992823
-0.02695020
-0.09026793
0.03614080
0.13001621
-0.06209877
0.04543174
0.04234734
0.02947920
-0.10565530
-0.05067694
-0.02860752
0.03893938
0.04136730
-0.00390184
-0.05351046
0.03671087
-0.06660568
0.04035857
-0.06624556
-0.07985019
0.08743327
0.05331155
0.03141217
-0.00978488
0.03738153
0.07897131
0.00865897
0.00933558
0.01951850
0.01123546
0.00607810
0.15728550
0.04081054
0.06049699
-0.02398425
0.03002031
0.09100842
-0.06426705
0.11699934
0.02635837
-0.08238499
-0.03120287
-0.02800175
-0.15176138
-0.06762097
0.05549806
0.13622535
-0.03135845
-0.01886081
-0.02368449
0.04554260
-0.07913352
-0.10481738
0.10359080
0.02991936
0.01756020
-0.03383432
-0.05203764
-0.06662940
0.02108833
-0.04458315
0.03990208
0.04413066
0.04379215
-0.05592280
-0.01326435
-0.07149911
0.04148973
0.02014483
0.04535581
-0.16035961
0.05449261
0.09723574
0.01737870
0.05460295
-0.11287779
0.03133943
0.06131745
0.00562997
-0.14372645
-0.13795227
0.04262776
0.00583185
-0.06680693
-0.12284583
-0.17182513
-0.08203526
-0.11210208
0.01704741
-0.08369284
-0.05799972
-0.00134096
0.06781754
0.00948688
-0.02689119
-0.04723551
0.04479541
0.03284319
-0.06612709
-0.08396161
0.01177142
-0.09573490
-0.10384336
0.01755917
0.00161744
-0.04620955
0.04819840
-0.11507563
-0.03812329
0.10414081
0.05335021
-0.01666289
0.06242103
-0.06235737
0.02262875
0.07180135
-0.02255335
-0.05152958
-0.04382448
-0.03767785
-0.00731974
-0.02415220
0.11511858
-0.09474087
0.08585219
0.12555972
-0.15142899
-0.04095786
0.05284017
-0.12712231
0.04807461
-0.07436586
-0.03327076
-0.13135664
-0.03877628
0.14749521
0.02024391
-0.08047919
0.18722512
-0.05818413
-0.04590775
0.11947637
-0.08301863
-0.04792397
0.01614471
-0.17448201
0.04371847
0.20574358
0.09953264
0.01919229
0.02696523
0.01891835
-0.05810503
-0.09012827
-0.05222709
0.08232140
0.04168481
-0.03318121
-0.09245911
0.06879804
0.00112898
-0.12193697
-0.09202777
-0.05428146
0.11060534
-0.00614494
0.03989513
0.14569343
0.01553094
-0.12133980
-0.07961658
0.03294497
0.05091032
-0.06658946
0.10609756
-0.10233038
0.22487377
-0.02520552
-0.06150136
-0.06514201
-0.11524647
-0.00381983
-0.01337434
0.03615626
0.01718454
-0.13066042
0.07626104
0.04107826
0.01209485
-0.01740186
-0.03043125
-0.01204860
-0.01372724
-0.05312959
0.02926396
0.24333899
0.12280525
0.03935465
0.05414669
-0.04462287
-0.05372786
0.01374712
0.00360516
-0.03031781
0.00423554
-0.14806205
-0.00023505
0.01787308
-0.00257336
0.09306211
-0.06239535
0.00612296
0.01752153
-0.00760136
-0.00844702
-0.04658826
-0.03739669
0.10093526
0.02990102
0.12532698
0.01011173
-0.02185003
0.13189672
-0.04978723
-0.03629103
-0.01889252
0.05467966
-0.00671049
0.06693938
-0.03281717
0.08270360
0.07743016
-0.05935589
0.10493545
-0.06898297
-0.03762435
0.01526867
0.08013766
0.01168041
-0.06630498
-0.00699351
-0.00123937
0.02767689
-0.11552392
0.03251090
0.07301656
0.05584804
-0.13126920
-0.03545362
-0.02561927
0.07867471
-0.05777286
-0.00876496
-0.08617942
0.02212946
-0.08163143
-0.05087937
-0.07254121
-0.10867337
0.03316722
-0.00473058
-0.11090059
0.06755389
-0.08978752
0.02148513
0.05411931
-0.08641258
0.07287767
-0.01255750
-0.09165872
0.12469963
0.05300525
0.05639017
-0.08489976
0.19402035
-0.00695699
0.09045046
0.13550026
0.16396343
0.18495749
-0.08874537
0.04733672
0.06164534
-0.01645128
0.03650040
0.11985754
0.11346640
-0.16705523
0.07005507
-0.14407883
0.01701024
0.03042951
0.08069276
-0.05148258
-0.06438664
-0.09917681
0.07478127
0.07521838
-0.11035348
-0.02788584
0.00133903
0.08145391
-0.03479238
0.02640869
-0.07503514
-0.02017701
-0.04164693
-0.02144723
-0.03711743
0.00298546
0.12724701
-0.04921816
0.04203305
0.03724332
0.07700816
-0.05157334
0.09411576
0.01802658
-0.02159977
0.00419570
-0.12669015
0.02049574
-0.02672434
-0.02180715
-0.03865680
-0.05550576
-0.09828676
-0.07090404
0.02539218
0.02266297
0.07793106
0.00811244
0.01728800
0.06477962
0.06303352
0.13138299
-0.10280534
-0.01287961
0.03012827
0.04467465
0.01184420
-0.00266703
-0.05770773
-0.10070464
0.05879411
0.02110373
-0.01139461
0.04512248
0.06102760
0.03541119
0.18489222
-0.10551533
-0.14515152
-0.06557613
-0.01490616
-0.21010899
0.03904355
-0.09766763
-0.00909697
-0.01554140
0.08385807
0.11060303
-0.03051358
-0.12242148
-0.00082896
-0.14617220
0.07338656
0.02765435
0.13775459
-0.13786404
-0.09401620
-0.01976644
0.06493178
0.02221371
0.11079321
0.12732919
0.06094524
0.02216136
0.14754675
0.01888170
-0.05312240
0.00822817
-0.02637696
-0.08828371
0.00827001
0.08111732
0.08014933
0.01727626
-0.04380308
0.05039366
0.15155496
-0.01127944
0.11074457
0.05349520
-0.06405844
0.20878891
0.01206737
-0.09592468
0.10413425
0.02500951
0.05241081
-0.03094024
-0.06876968
0.12451288
-0.04021189
0.14251469
0.09634762
-0.00104884
0.15362777
-0.02415983
-0.12154508
0.00611264
0.06085808
-0.07458352
0.16682879
-0.05562444
-0.05574456
-0.12819125
-0.08430272
-0.12779474
-0.05288308
-0.02524535
0.11382183
0.07094967
0.01968212
0.07623640
0.05400839
-0.03982322
0.08264554
0.10410033
-0.04419190
-0.08821346
0.05862209
-0.03447281
-0.08123095
-0.15921165
0.06159275
0.06779332
-0.03462977
0.03473561
-0.06393814
-0.04554768
0.06902580
0.13858795
0.10964342
-0.11122789
-0.12193695
0.02693443
-0.01774675
-0.01435300
0.04516210
0.03964765
-0.00841544
-0.00323211
0.01972849
0.00398753
0.04095090
0.00627140
0.08237637
-0.02458121
0.06962740
-0.19448612
-0.01883688
0.14224530
0.02840762
0.04564950
-0.06239924
-0.04701590
-0.06734919
-0.04244342
0.09517709
-0.11415028
0.09768831
-0.00017042
0.07332650
0.00494380
-0.06621290
0.12830795
-0.00656846
0.04116089
0.05095269
-0.12542810
0.05354202
0.03280167
-0.00320241
-0.03208484
0.12961870
-0.01644253
-0.01649571
0.01897333
0.07970232
0.05162354
0.24365213
-0.04775239
0.07907970
-0.11786360
-0.08023636
-0.11589628
-0.07516014
-0.03809931
0.02848041
-0.11820248
0.00746291
0.02703755
-0.12085804
0.03441500
-0.05475608
0.03196915
0.04666849
-0.02011189
0.06266527
0.12282151
-0.09687918
0.03365465
0.04385029
0.04280111
0.16317502
0.01440458
-0.06111792
-0.07888803
0.10968945
0.15519584
0.02773113
0.06131800
0.13427577
-0.10052124
-0.10294765
-0.02718672
0.06120479
-0.05070432
0.00451800
0.07393131
0.01246305
0.00376175
0.02367166
0.01177900
-0.07390840
0.05379595
0.03617063
0.04169225
0.06628434
-0.00696831
-0.07793150
0.02566001
0.05238402
-0.02247552
0.00813603
0.07419952
0.02201740
-0.10565496
0.01455864
-0.05199775
-0.01452493
0.00443936
0.08113034
0.00656645
-0.01823142
-0.00632305
-0.01812904
-0.08676318
0.24647927
-0.05602920
-0.02176473
-0.08659391
0.04539031
0.00648393
0.02105559
-0.12621253
-0.09558929
0.02264446
0.03219888
-0.01512316
-0.03532007
-0.02694691
0.04600030
0.00392170
-0.06152473
0.16700814
0.09002023
0.01645865
-0.03536133
-0.08313101
0.04969834
0.01917697
0.00167548
-0.08693091
0.07771099
-0.01663625
0.02538769
0.03493981
-0.07496174
0.02670792
-0.00584960
-0.06554905
0.07915055
0.02141538
0.04348371
0.08592280
-0.01346251
0.00062079
-0.01511438
-0.02517031
-0.22231885
-0.09789152
-0.00469451
0.04412101
-0.02612974
-0.02457824
-0.08503052
0.08964548
-0.05921138
0.06894247
0.02892202
0.07736991
0.03500012
-0.11742228
0.07104651
0.03103192
-0.06530693
0.01761645
0.01833902
-0.10566809
-0.07407227
-0.03715421
-0.01904200
-0.02628849
-0.02504963
0.11075997
-0.03814090
0.01919144
0.01709414
0.12837857
-0.05468432
0.06573692
-0.03720810
-0.01869543
-0.04534371
-0.07414721
0.08382767
-0.00451172
0.00259090
-0.00863739
0.01076187
-0.00433035
0.04449398
-0.08037037
-0.00838391
0.08012629
0.12633590
-0.04956286
0.08283189
-0.14628995
0.08790450
-0.03813589
0.04812561
0.06969512
-0.16501068
-0.06063959
0.08091343
-0.03790384
0.00075666
0.05841252
0.03055031
0.03178520
-0.01552328
-0.09120477
-0.03594200
-0.04653608
0.01541546
-0.08256698
-0.00700697
-0.11547579
0.03167828
-0.10553059
0.03084439
-0.01920971
0.06052957
0.13322059
-0.11251604
-0.07985371
0.14663667
-0.04958539
0.12261433
0.00811336
-0.06206925
0.06081425
-0.03798040
-0.03977777
0.02259259
-0.07059155
0.01211308
-0.01143368
-0.01171826
0.10283438
0.00700619
-0.05937807
-0.03025148
0.13852502
-0.12244099
-0.00046842
-0.05293383
0.00803849
0.08105712
-0.01594474
0.13556101
0.05934449
-0.06959558
0.00265218
-0.02564491
0.00624216
0.09391843
-0.10477073
-0.04421837
-0.21456423
-0.02925304
0.00247515
0.05161019
0.10300695
-0.03470121
0.04385630
0.06731291
0.11379306
0.03359619
0.04869766
0.03875511
0.08407637
-0.10582264
0.08871950
0.00079834
-0.02671879
0.05419845
-0.04885795
0.06457082
-0.03049298
-0.06062928
0.03265190
-0.01466215
0.07677510
0.00665417
-0.00842461
-0.08363243
0.10433508
-0.09233961
0.11588623
0.03060505
-0.01893577
-0.00685846
-0.05427772
0.10195187
0.00035925
0.00861804
0.14993894
0.02897254
-0.01379886
-0.10579999
0.00841442
0.00975718
0.03778259
0.03022556
-0.03580538
0.01402345
-0.03050410
-0.04619017
0.08923820
0.07018491
0.01407608
-0.06899195
0.04028311
0.01534463
-0.06634395
0.06694987
-0.02660351
0.09108772
-0.03631155
0.03693602
-0.06360295
0.16033959
0.00514724
0.07884447
-0.09447260
0.04424424
-0.13693386
-0.11453294
0.04343026
-0.04381951
0.09962122
-0.09647842
-0.00711678
-0.04646211
0.00930194
0.08322963
-0.06152516
-0.03142610
-0.13512994
-0.10078007
0.11639823
-0.01162486
0.09145380
0.01180431
-0.15223930
-0.00535005
0.00957727
-0.02467844
0.08755031
-0.04168020
-0.06241179
0.02312725
-0.13904253
0.09042553
-0.05156901
0.15796922
-0.04912190
0.01757022
-0.08463184
0.07776293
0.09795223
0.05777720
-0.01922562
0.04007264
-0.07489261
0.01430260
-0.11911105
0.05040650
0.01298335
-0.00144807
-0.01761160
0.08267032
0.04510671
-0.00496450
0.01334613
-0.10365802
-0.01876405
-0.11767763
0.04948996
0.04502538
0.12277996
-0.04096398
-0.03627103
-0.03269706
0.07903078
0.08072145
-0.00649406
0.06282854
0.04018762
0.02928845
0.05088664
-0.06341686
0.04582312
0.00873850
-0.06075581
0.02086134
0.07810091
0.09809736
-0.13280767
-0.01789759
-0.01331212
0.00751905
-0.15614324
-0.05625199
0.01654274
-0.06186834
-0.10080489
0.12810139
0.02643326
-0.01417503
-0.00170792
-0.02823031
0.02996890
-0.04856349
0.05596679
0.12778923
-0.05008520
-0.00473780
0.01524291
-0.02504133
-0.01604759
0.02023435
-0.06441386
0.07320244
0.06701824
0.14661523
-0.06609341
0.07532215
0.01612798
-0.20507445
0.03087170
-0.04735009
0.00148374
-0.00038570
0.04243476
0.13594031
-0.11337802
-0.03939904
0.09764986
0.06811586
-0.01530900
0.00474976
0.05151321
-0.01616365
0.01845892
0.16252332
-0.07323869
0.05880522
0.06214955
0.09576348
0.15933200
-0.07618533
0.06676926
0.03373571
0.03248922
0.02140093
-0.04340241
-0.10232841
0.12413745
0.08532110
0.11679418
0.03053792
-0.01142410
-0.03255858
0.10959320
0.03758442
0.03959534
-0.02591706
-0.04010869
-0.00109905
0.03387789
-0.05270163
0.08666985
-0.02542660
-0.07616096
-0.05414082
0.04836358
0.01713794
0.04212076
-0.06623530
0.04480593
-0.02116818
-0.05844636
-0.07475367
0.04836709
-0.12861573
0.08627799
-0.00219153
0.02354483
0.13435786
-0.11022230
-0.05307456
-0.05193025
0.00493902
-0.02814046
-0.06312525
-0.02504995
-0.02576204
0.08743150
-0.07409606
0.00138568
0.05505854
0.01985237
-0.11586957
-0.05233556
-0.09899697
0.04000321
-0.05275625
0.00554918
0.01219246
-0.05096353
0.01925206
0.00179763
0.08834415
-0.11004334
-0.01735261
-0.07146262
0.02771579
0.09268780
-0.00416635
-0.08652006
-0.07782604
-0.07215557
0.15247419
-0.19741795
-0.00193922
-0.00121307
-0.01529243
-0.03373596
-0.07922080
-0.01284904
0.01213397
-0.00492533
-0.12327818
0.00957907
-0.07793700
-0.03541721
0.00784150
0.11020116
0.04438649
-0.05528368
0.08801274
0.01041514
-0.04891251
-0.05690916
0.06340761
0.13354631
-0.07715341
-0.00860747
0.00884649
-0.06013315
0.03588879
-0.02449203
0.05087928
0.03431775
0.11805709
-0.11758124
-0.15546073
0.12071093
0.05460059
0.01576456
0.02105812
0.02925244
-0.08983213
0.07630754
0.11166423
-0.03721746
0.00149926
-0.10847468
0.04710900
-0.06638885
0.01994307
0.01248038
-0.04372613
-0.05217602
-0.01114054
0.11194822
-0.02529200
0.00150731
-0.01353356
0.02782870
-0.01783462
-0.08451662
-0.11110905
0.02884916
-0.08760245
-0.00371208
-0.14765849
0.01020808
0.13487322
0.08953437
-0.05356572
0.07237970
-0.04799947
0.03844684
-0.03899631
0.07129190
-0.11447601
0.07166441
-0.03378635
-0.05669110
0.03303224
0.05534065
-0.03945562
-0.16247299
-0.09415168
0.11067788
-0.16286077
0.11014848
0.15766947
-0.08107797
-0.03237617
-0.09629522
0.04031261
0.01157107
-0.05534656
-0.02818575
-0.01120094
0.12395241
0.12549398
-0.06822611
0.08302128
-0.06357093
0.03137888
0.10929867
0.05948349
0.04851922
-0.04675850
0.15862318
-0.00699595
0.01066589
-0.08626672
0.07539366
0.05635704
0.05471223
-0.02521418
0.01067366
0.11936013
-0.05647305
0.02684908
-0.03804381
0.08672333
0.04814667
0.05560414
-0.07053910
-0.00400725
-0.01912305
-0.08434356
0.02846346
0.09331270
-0.10571912
-0.10009797
0.00714818
-0.09704432
0.02058959
-0.02488311
-0.09019590
0.09360842
-0.03125835
0.02067006
0.01132177
-0.09095715
0.05571255
0.00665302
-0.05611217
-0.04021704
-0.04179955
-0.03907852
-0.05662662
0.06178497
0.00311370
-0.03238395
-0.15414011
-0.04051187
-0.09651405
0.17430996
-0.04080446
-0.00926709
-0.05958396
-0.01439930
0.06513274
0.12411916
0.09099411
0.00489109
0.12381235
-0.02675454
0.11014798
0.13021218
-0.05916311
-0.00112226
-0.07908160
0.00591871
0.12068783
-0.09841884
-0.03444378
0.11484208
-0.10159884
0.08142105
-0.03589055
-0.04204885
0.01321215
0.22061432
-0.16179288
0.04622615
-0.02025687
-0.07420718
-0.03795320
0.06087406
0.05214584
0.03067729
-0.14515802
0.04732902
0.01017612
0.07711448
0.02347471
-0.02711132
-0.00851060
0.00779397
-0.01085556
0.00033326
-0.10536734
0.11660260
0.02703813
0.07238861
0.00024621
-0.11367930
0.00695440
-0.01171501
-0.11025989
-0.03349908
0.00589697
0.00258687
-0.11698278
-0.05990967
0.04982114
0.01223806
-0.07947746
-0.06463214
-0.17549633
0.05110808
0.02305687
-0.06436922
-0.00205964
-0.03829095
0.01301639
-0.02540616
0.00301819
-0.09363945
0.02910141
0.05333938
-0.04038037
0.19001066
-0.06959862
0.07367136
0.05736831
0.06872498
-0.07732176
0.01544284
0.05804049
-0.08491382
0.01471106
-0.01921312
0.03206951
-0.08548558
-0.02546367
-0.04830634
0.13196337
-0.04935285
0.00134752
0.01541528
-0.01759175
0.04331387
-0.05678488
-0.09043690
-0.07025273
-0.11445154
-0.02971165
-0.06419719
0.00807435
-0.06418055
-0.06832415
-0.18010964
-0.11654152
-0.16840300
-0.08460363
-0.15203394
-0.20407839
-0.03574399
0.00476281
0.00438427
-0.17106893
-0.03389124
-0.09409282
-0.00562636
-0.04464343
-0.04135061
-0.10293329
0.07128376
0.04800188
0.17414320
0.15010758
0.03295148
0.23378307
0.24692354
0.29389068
0.39832176
0.23320285
0.26851129
0.27332948
0.15929374
0.23807475
0.41454058
0.36719797
0.05774885
0.16419621
0.16406075
0.04302462
0.10972815
0.13437692
0.08424477
-0.03914389
0.04487834
-0.13128207
-0.07059239
-0.15833112
-0.15887214
-0.01556552
-0.31989892
-0.19120575
-0.26851517
-0.12722376
-0.21752680
-0.13222623
-0.12140760
-0.23337781
-0.19472088
-0.08935642
-0.17623899
-0.22830207
-0.11770993
-0.11212633
-0.09751137
-0.08150869
-0.04712401
-0.01339104
0.00773982
0.04930496
0.04856256
-0.10162132
0.02012557
-0.06219725
0.11838623
0.03705307
0.06951474
-0.05170700
0.10677672
0.04101588
0.06248614
0.03021489
-0.02649646
0.04165526
0.05770100
-0.02120928
0.09618386
0.11168373
0.01438978
-0.00849124
-0.06740908
0.03386530
0.00186334
-0.06553939
0.11631204
0.04901978
0.03001849
0.10880989
0.08480653
-0.00193313
-0.11575881
-0.04589553
-0.12876921
0.04585665
-0.15123637
-0.01126278
0.01419346
0.01445116
0.00141803
-0.12192198
-0.16514775
-0.07854399
-0.04919007
0.02735707
-0.04412284
-0.12258589
0.01845857
0.05527521
0.04962056
0.03254412
0.02778049
-0.03491407
0.11301049
0.15149202
0.18422058
0.07260957
0.16429086
0.12452526
0.19906657
0.22865822
0.39443283
0.29423473
0.16910108
0.13942383
0.33664647
0.21857003
0.25059780
0.29523260
0.27073619
0.45435259
0.28524708
0.23303334
0.26445414
0.25962942
0.24028665
0.03531519
-0.00923584
-0.09349480
0.07900541
-0.11045898
-0.17455256
-0.37161053
-0.31407267
-0.38510891
-0.46616567
-0.54770947
-0.62976219
-0.53758177
-0.60966712
-0.45904021
-0.49992585
-0.47275845
-0.46901973
-0.55365799
-0.38741966
-0.40415535
-0.22894943
-0.28003077
-0.17281089
0.00059050
-0.17300463
0.11523502
0.08583760
0.20952470
0.07835865
0.23861681
0.32141112
0.30925676
0.33469921
0.38779788
0.34399837
0.42242306
0.36767884
0.33200009
0.35771319
0.38311933
0.34743847
0.24722836
0.14978406
0.25549903
0.07293568
0.11802795
0.24170311
0.07146620
0.05027670
-0.02563056
-0.02749556
-0.10997623
-0.03252398
-0.11550952
-0.11234062
-0.08287320
-0.08263079
-0.04400732
0.01144784
-0.05281642
-0.12782073
-0.08887707
-0.04020079
-0.00289030
-0.16072784
-0.11034958
0.03630712
-0.15792429
0.01422072
-0.00194600
-0.16332216
-0.01581419
-0.08877233
-0.05340333
0.06163062
0.01532601
0.15159735
-0.08774342
-0.01483891
0.01393814
-0.07264161
0.01487898
0.16844746
-0.00600630
0.10318689
0.01119501
-0.08185430
0.06272428
-0.01235454
0.00897731
0.06768892
0.00239052
0.03823972
-0.02805627
-0.04291595
0.00154397
0.01521190
0.02318664
0.07526659
0.11012867
-0.01104314
-0.06415787
-0.05394782
0.07686302
0.02931787
-0.07096559
0.02883889
-0.03228340
0.02648733
0.07043800
0.03023754
-0.15321970
0.01159301
-0.02070343
0.03850858
-0.05022834
-0.08654627
-0.02060565
-0.06608601
0.13362259
0.05230308
0.00509505
-0.05189014
0.18494410
0.07302155
0.02216837
-0.14532031
-0.02182958
0.08150747
0.12292766
0.10052742
-0.02471508
0.00920093
-0.04361780
-0.10320522
0.06336079
0.02409845
0.14621443
-0.03335629
-0.01295043
-0.06847652
0.07866405
-0.01728437
0.01784131
0.04505772
-0.11981256
0.09446906
0.08525207
0.02159632
-0.04028106
-0.05827278
0.09277882
-0.11795860
0.07003248
-0.13346034
0.00350068
-0.03366187
0.04726544
-0.05755613
0.08927974
-0.02928491
-0.08849414
-0.03104442
0.10318091
0.06925084
-0.05882165
0.08907789
-0.00084635
0.00690206
0.08937542
-0.06024011
0.04931984
-0.08357479
0.04094365
0.06004268
-0.01154618
0.06501120
-0.00963551
0.08414273
0.02126987
0.03820256
-0.07857871
0.03882207
0.00942209
0.02008364
0.01161899
0.06512190
-0.02048424
-0.04331741
-0.06822679
-0.02340920
0.02420194
-0.00410294
-0.12924717
-0.06505419
-0.05897805
-0.05288568
0.04441148
0.07940128
-0.03079273
-0.07117557
0.02966298
0.04410743
-0.09385616
0.12176501
0.05212656
0.13372471
-0.05876729
-0.13296633
0.07114403
0.12071721
0.03305858
0.04572290
-0.12351053
-0.08056919
0.04904687
-0.09866852
-0.00547752
-0.08568041
-0.13805112
-0.08669954
0.08232797
-0.06780044
-0.11564924
-0.07985310
-0.09386996
-0.02821634
-0.00074652
-0.05426496
-0.14174835
0.01228935
0.07607999
0.04553050
0.18823999
0.09047879
-0.05389513
0.01265692
-0.04627657
0.09472996
-0.04422196
0.04403793
-0.01746022
0.03373561
-0.00202094
0.00488082
0.07659681
0.03524621
0.02268686
-0.05325195
0.05314131
-0.05224444
-0.08354247
-0.11780881
0.00199713
-0.12368717
0.06784387
-0.11955279
0.02709749
-0.02257803
0.02929500
0.03773571
0.00305489
-0.15484373
-0.08352746
-0.18905073
-0.11177143
0.00039923
-0.01514082
-0.09099277
0.12484516
0.02973329
-0.00226090
0.00647692
-0.11961437
0.06712932
0.08189043
0.01936701
-0.04542581
0.08267073
0.03996112
-0.00597028
0.04811279
0.04324308
-0.02855865
-0.15136850
0.08051743
-0.02760065
-0.00249093
0.07403744
0.08309708
0.04722522
0.14856521
0.03319509
0.00719544
0.01631605
-0.02649171
-0.03399164
-0.04000118
-0.04097364
0.03499781
0.10366171
0.07755081
0.07650737
0.01758636
-0.15140881
0.08924823
-0.00351937
-0.16190810
-0.05400011
-0.21007283
-0.08922513
-0.09259822
0.04036652
0.02466185
-0.06842006
-0.01252806
-0.04700648
0.05473628
-0.02926405
-0.03233518
-0.10385701
-0.01725837
0.03959279
-0.06267544
-0.00283857
-0.02592366
0.08512455
0.08682384
-0.09557622
0.03559806
-0.11978118
-0.16465796
0.03088486
0.06994848
-0.09875079
-0.08143088
0.03321480
0.10592592
-0.08519088
0.07072381
-0.01580434
-0.19374208
0.03249706
0.03215943
0.05630066
-0.15455438
-0.02283058
-0.05949591
-0.00370779
-0.03386108
-0.04909682
-0.05315287
0.01163562
0.03849134
0.06202241
0.05362251
0.00479896
-0.04664453
-0.13493240
-0.01188396
-0.02315346
0.11373158
-0.02817587
0.02410715
-0.15503627
0.06257692
-0.04064081
-0.02337098
0.00189497
0.04989905
0.08745188
0.11752806
-0.13407410
0.10384143
0.04889043
-0.08943203
0.07314288
0.10075147
-0.06634854
0.13403559
0.14240977
-0.13551037
0.12257137
-0.04852700
-0.08420723
-0.10151963
-0.05776406
0.02011353
0.02638881
0.10852662
0.09808424
0.04984840
0.00087387
0.11723810
-0.03601808
0.03402312
0.04169911
0.08380206
-0.08551688
0.12115414
0.01675365
-0.04220265
0.04121657
-0.06815895
0.08042602
-0.12121224
0.03315824
0.01168527
0.02850990
-0.01126167
0.04075764
0.02292817
0.04725202
-0.03099317
0.19364997
0.04750178
0.00429966
-0.01259193
-0.05358709
0.02927951
0.04138306
0.09470476
-0.00841629
0.01392199
-0.05515436
-0.02595219
-0.01773159
0.02016452
-0.01468338
-0.08292057
0.01469580
0.06695536
-0.02191135
-0.00077772
-0.00784623
-0.03161080
-0.08058560
-0.05128595
0.12378181
0.09567143
0.06553823
-0.02428921
-0.00125439
-0.04043016
-0.11615641
