0.01117114
-0.05503584
0.07230083
-0.00964411
0.00398949
0.04951459
0.02727868
-0.00717671
0.07684533
-0.08824734
-0.04359217
-0.00608520
-0.00598858
0.05527882
-0.01087202
-0.03978060
-0.02167312
-0.03305212
0.00291164
0.05039954
0.05066017
-0.05227546
0.01626645
0.02844551
0.04776199
-0.04462880
-0.01413744
0.05372152
-0.04751381
0.17316573
-0.00211444
-0.03401725
-0.03604727
-0.00294813
0.00216758
-0.00879224
0.03148203
0.00962460
-0.03191519
0.00806494
0.02178549
0.01003178
-0.01599709
0.18525936
0.02984825
0.03737712
0.03895122
-0.07420113
0.05407436
-0.01766627
0.06867298
-0.00130942
-0.06204578
-0.10487355
-0.02871250
-0.05927502
-0.04969119
-0.06916784
0.02023039
0.04093014
-0.03725906
0.02191017
-0.00412069
0.04533971
0.06500433
-0.08970087
0.04870346
0.01560981
-0.08964003
0.09606110
0.07533004
-0.00907483
0.05477125
-0.00585188
0.01777741
-0.06405615
-0.02887709
-0.06176980
0.10433777
0.15382849
0.11248580
0.07622176
-0.01627871
-0.05304905
0.09392877
0.04497543
-0.10795062
-0.15314143
-0.00353156
0.05577889
0.08061132
-0.07518028
0.00006913
0.02997871
-0.01605665
-0.00151045
-0.00579093
0.00814387
-0.02525478
-0.02428964
0.06744895
-0.01500835
0.06863909
0.06610584
-0.02715870
-0.03176848
-0.04534338
0.05766435
0.13965477
0.04103648
-0.00389098
0.01914699
0.04909315
-0.01590680
-0.02168718
0.07295218
0.06348265
0.02918865
-0.06553559
-0.05543785
0.05426934
-0.11324710
-0.03601655
-0.02994541
0.00331761
0.05242135
0.04828477
-0.04606112
0.02702295
-0.01443839
-0.00239417
-0.01342574
-0.00732984
-0.04929659
0.10241693
-0.13923465
-0.04580543
-0.02953481
0.00795699
-0.04111014
-0.05868185
0.05667401
-0.01286610
-0.00613888
0.07217562
0.03928156
-0.04303709
-0.13475758
-0.02550012
0.06570716
0.07962708
0.01997277
0.02419154
-0.01769990
0.05835416
-0.01832970
-0.02314387
0.00527455
-0.08175879
0.04948918
0.03695260
-0.05728223
0.00651809
-0.00123443
-0.03147834
-0.06042429
-0.10405360
0.06388038
-0.06461099
-0.07568641
0.03022271
0.01428331
-0.05953457
-0.05965091
-0.14542203
0.00728608
0.04121123
0.04070491
0.07488761
0.10997302
-0.02353752
0.06979932
-0.05083940
-0.06479859
-0.02861172
0.05180587
0.00542954
-0.03519143
0.10043640
-0.08833220
-0.04737568
0.04933515
0.07713324
-0.00854226
-0.02567857
0.03478172
-0.05723971
-0.02342982
0.03499941
-0.00493083
0.06976545
-0.04681611
-0.08726804
0.02780044
-0.00500789
-0.07978727
-0.02430536
-0.03890407
-0.03900204
0.02737701
-0.00792490
-0.00815920
0.01038736
-0.06484844
0.13716534
-0.05928676
0.00733908
-0.00840069
-0.10549930
0.06000581
-0.09340013
-0.01834979
0.03654257
0.04047836
0.02174891
0.00670120
0.05725632
-0.03333958
-0.00120403
0.04380615
-0.04113260
0.12093576
-0.03341669
0.11896866
-0.08268695
-0.01409393
0.04491536
-0.00458740
0.08947692
-0.06843080
-0.09646415
0.03636296
-0.01494599
-0.05790006
0.01239779
-0.05811664
0.04441183
0.03855737
0.02542181
0.00666702
0.02323361
0.00512421
0.04264786
0.01342323
-0.00547282
0.02222764
-0.11516128
-0.11189796
0.03764771
0.03848952
0.00714143
-0.06424463
-0.08776339
-0.05310950
-0.01556887
-0.00017237
-0.05061453
0.01084294
0.12104620
0.01977005
-0.08606308
-0.08848431
-0.05253928
-0.03202991
-0.11233408
0.05088904
0.01220439
-0.03700676
-0.00036286
0.02097041
0.07482004
0.02606904
0.12412745
-0.09291947
0.06786314
0.00209224
-0.06525127
-0.04295220
0.01042909
0.01660155
-0.01818006
0.03527409
0.05399983
0.09464141
0.01809412
-0.06751326
-0.00502197
-0.02394282
0.04020819
-0.02796098
0.01307681
0.00029506
0.05782875
-0.00561060
0.13368047
-0.02866886
-0.12170149
-0.09090522
0.00467416
-0.00466770
0.01871604
-0.01776534
0.09433936
0.09724251
0.06990349
-0.07634581
-0.06158058
-0.03276305
-0.01421601
0.01332365
0.02296123
0.12660723
0.09562576
0.04202700
-0.11014738
-0.01792406
0.00336416
-0.02546170
0.00622208
0.02107416
0.03233022
-0.01229354
-0.06422538
-0.00778592
-0.07859777
-0.07158955
-0.09153052
0.00362762
0.07176176
0.01740457
-0.00760244
-0.02480744
0.03000182
0.03868467
0.00535627
0.08283335
0.01994110
0.07660594
0.07335438
-0.04883433
0.04752843
-0.00918357
-0.04201861
-0.13176892
-0.05027786
0.05161795
0.03057590
0.12613906
0.00339979
-0.02614792
0.03263345
0.00923200
0.02340418
-0.08186506
0.08447044
-0.03013027
0.00108797
0.04847757
0.01395659
-0.00534994
-0.01370473
0.07484830
0.07479595
-0.03758571
0.09402073
-0.14374790
0.01164190
0.00243644
0.02430336
0.00756468
0.00471048
0.10256016
0.00157164
0.06719263
-0.06331290
0.01635441
-0.02484196
-0.03409297
0.03533209
0.05196196
-0.04949854
-0.06198692
-0.05971267
0.00953424
-0.00608669
0.00748808
0.03010151
-0.01828371
-0.00453467
0.00578228
0.01590939
0.03123481
0.00088853
-0.04959228
-0.16049141
0.00624054
0.03258214
-0.08505584
-0.03819127
0.00220499
-0.05509814
-0.04255392
0.05510244
-0.06815934
-0.01919567
0.08925235
-0.13462377
0.05661181
0.05462470
-0.05157334
0.13459947
0.03651682
0.02856042
0.02249253
-0.14647109
-0.06437358
0.09417356
0.02865173
-0.02548044
-0.04693959
-0.07230934
-0.00787743
0.07920165
0.00644586
0.11378955
0.02193154
0.05663389
-0.09406414
-0.00877311
-0.04569669
-0.08064041
0.01613875
-0.02780716
0.07655561
0.05243051
-0.00933724
0.02980108
0.02350242
-0.06383745
0.06644206
0.03833857
-0.05911820
-0.06449928
0.01618463
0.04796333
0.00063632
-0.04073840
0.00508750
0.04332477
0.00637879
0.09533346
-0.05289812
-0.02606398
0.02798819
0.06299739
0.08176640
-0.04215238
0.08894401
0.05389106
-0.01704121
0.02702952
0.00857890
-0.06257299
-0.04758350
-0.00836357
0.07912681
-0.05179698
0.02675548
0.02564953
0.04674506
-0.04132472
0.05084197
0.01283359
-0.04971016
0.00059741
0.12287078
0.04708152
-0.06001836
-0.01058716
-0.04621233
-0.00080878
-0.06201029
-0.02084520
0.04232351
-0.06913922
-0.04139333
0.01653143
0.05140959
-0.08432753
-0.04925612
-0.04087672
-0.00495280
-0.07619490
0.05930960
-0.09975104
0.00393412
0.04784997
0.09779434
0.01092097
0.04844179
0.02813146
-0.04338653
-0.05995033
0.12346735
0.06647631
-0.01121261
-0.09025653
0.01039623
0.03354028
0.01322438
0.04643702
-0.01973149
-0.03379423
-0.06270975
0.07537586
-0.01046718
0.00452322
-0.02015389
-0.01512257
0.05005834
0.11572534
-0.03156052
-0.03629626
0.00842597
-0.01123746
-0.02949673
0.03288538
-0.06179883
-0.07302248
0.04120514
0.03992138
0.10621569
-0.00048780
0.04621450
-0.05993617
-0.02267410
0.06871107
0.11973431
0.04292862
0.05433486
-0.00434011
0.05268029
0.06930916
-0.07659982
0.03008783
-0.06599143
0.07192083
-0.07646205
0.14053458
0.03352612
0.02618872
-0.09173538
0.00238567
0.04306059
0.03719243
0.03975794
0.02942354
0.05743910
-0.07506279
-0.01647236
-0.04084051
-0.07622538
-0.05739480
-0.01507517
0.07097173
0.11335545
0.04945030
-0.01040641
0.06234169
-0.04047967
-0.15141337
0.01885552
-0.08771863
-0.04578810
-0.05236184
-0.00667186
0.07056616
0.02725470
-0.01051974
-0.04159391
0.03124109
0.04986681
0.03423505
-0.03865291
0.00676830
0.04087357
-0.07007530
-0.00902297
-0.02211820
0.07481665
0.03650359
-0.03073986
0.01778465
-0.14931442
0.02658645
0.00005146
0.01718093
-0.00221644
-0.00780680
-0.05856009
0.04079290
0.00038008
-0.10998560
0.03434718
0.01840474
-0.00747666
-0.10960035
0.09226539
-0.08063019
-0.06897979
-0.08030198
-0.03065130
-0.02539288
-0.00279474
0.13554704
-0.00913077
0.05098130
-0.02368372
0.06395347
-0.03984775
-0.02306968
0.06190614
-0.02106649
0.00230298
0.01099264
0.06410141
0.11217207
-0.06167833
0.14824181
-0.09308260
0.01887458
0.01507311
0.08987717
-0.01874996
0.06097072
0.04173912
-0.00121794
0.01473000
0.01624672
0.01143945
0.09135577
-0.01151768
-0.11386531
0.02676753
-0.05998168
-0.01113626
-0.01589279
0.10585221
-0.06626597
0.01890050
-0.04652091
-0.11350208
0.09909538
-0.01842520
0.06221482
0.10658090
0.03481438
0.03835900
0.16353960
-0.00907862
-0.07719985
-0.03801089
-0.03802070
0.02395988
0.01120040
-0.09970510
-0.02440306
0.04022125
-0.03738921
0.01341213
0.01629097
-0.13552533
-0.04748338
0.03811297
0.01055376
-0.13228245
0.03364926
-0.12069690
-0.10374675
-0.00319063
-0.08978632
-0.02029533
0.00371201
0.06749862
-0.02144785
-0.03880744
0.12856547
0.03508204
0.02442077
0.00051899
0.08903882
-0.02543905
0.01875747
-0.08097906
-0.04326871
-0.13058759
0.08629372
0.00929304
-0.07984064
-0.07351522
-0.02384640
-0.07643074
0.00935089
-0.00857988
0.06952854
0.04473715
0.06636857
0.09117041
0.02020017
0.01902444
-0.03625800
-0.03748363
-0.13147731
-0.01859764
-0.06980395
-0.10760441
-0.08054846
0.00834697
0.01213519
0.06931163
0.02794685
-0.01353105
0.08035220
0.06338374
0.05026233
-0.08408577
0.03243403
-0.05344496
0.14796904
0.01318268
-0.02956892
-0.04221642
-0.10010583
-0.04914941
0.08742630
-0.01215377
0.10112340
0.07936097
0.08060547
-0.08377603
-0.07097925
0.07340687
-0.10778255
-0.00879328
-0.00696987
-0.06907542
-0.01819914
-0.05307133
-0.00230903
0.09251280
0.04809651
0.00043094
0.01861657
-0.05518682
0.00654635
0.10252846
0.06550525
-0.03128332
0.05367408
-0.08567930
-0.11121651
-0.00319142
-0.12504834
-0.03049070
-0.02141751
0.00486576
-0.01029083
-0.04091295
0.05969580
0.01753290
-0.03913682
0.10688159
0.00913258
-0.03473002
0.03424423
0.05198561
-0.03535334
0.05591455
-0.06235850
0.03586434
-0.01961041
-0.04162645
0.08608596
0.01824579
-0.08986794
-0.05442049
0.03285484
-0.02077867
-0.07404776
0.03289871
0.00051302
0.00688317
0.00688353
-0.04960127
-0.02251768
-0.04288062
-0.07993674
-0.00714436
-0.06997651
0.02393040
0.03131437
-0.09410540
0.05270763
-0.00794999
0.05986025
-0.02471849
0.07092772
0.06354775
-0.02943714
0.04789578
0.08784295
0.01205809
0.07231486
-0.03319915
-0.02098397
-0.04185255
0.05790673
-0.01522498
-0.02576056
-0.00446821
-0.07243595
0.00691455
0.08142387
0.02496851
0.00210923
0.04367858
-0.03165008
-0.05155931
-0.05212697
-0.00914839
-0.00302935
-0.00489482
0.00312205
0.02973695
-0.03795471
0.00873060
0.04788906
-0.07110947
-0.04872424
0.03534958
0.01780426
-0.03004857
-0.04092355
0.02019823
0.01192588
0.08451650
-0.06896642
0.06210801
-0.01678520
0.06436494
0.01670890
-0.12317249
-0.07684235
-0.01939893
0.03640615
0.01753631
0.06804967
0.00989114
0.01726516
0.05137966
-0.06796766
0.09867024
-0.07719353
-0.01629737
-0.06041496
0.01485415
0.11635920
-0.04030324
0.04250404
-0.01384487
0.04038641
0.10249126
-0.06838215
0.03899679
-0.00569160
-0.04305910
-0.03860552
0.01535418
-0.09147213
-0.05169956
0.01836555
-0.04776250
0.06291904
-0.04744680
0.01279556
-0.05098265
-0.03082092
-0.11655631
-0.17370141
0.03877955
-0.07542779
-0.06156520
-0.10606049
-0.03109784
0.02573776
-0.03686261
-0.05312042
-0.10232590
-0.04778445
-0.07201450
-0.04829891
0.00983291
0.03478504
-0.05435849
0.02929066
-0.00246106
-0.02733008
-0.09899020
-0.08691009
0.02208552
0.05317336
-0.01092026
0.02134500
0.04752470
0.06878591
0.04928220
-0.02886599
-0.00450423
0.03263852
0.01469463
0.04538592
-0.03301284
0.08501034
0.09437244
-0.00150480
-0.02706200
-0.02071936
-0.02485274
0.09680694
0.00193375
-0.04287155
-0.03735471
0.09013946
0.04624835
-0.03541407
-0.06305120
-0.07996111
0.00942702
0.00293580
-0.02754624
0.02546007
-0.03039525
0.05546972
0.00991769
0.01576996
0.02459880
0.06268255
-0.06844073
0.06234018
0.02901437
0.05089268
0.02766530
0.10967492
-0.00951660
0.01975157
0.01639468
0.04204429
0.01139807
-0.09275219
-0.05716215
0.03160219
0.03447926
0.10767555
-0.03419481
-0.03624430
-0.05132419
-0.04278825
-0.01409233
0.03072523
0.05189842
-0.01246999
-0.02945445
0.05742969
0.03697412
0.01874638
0.02366676
0.07597261
0.02432447
0.14251203
-0.10226349
-0.04373779
0.02325124
-0.03692133
-0.03432764
-0.01234927
-0.01746195
0.05086431
-0.03001205
-0.01295968
-0.04980066
0.08016915
0.07742995
0.02378406
-0.07353297
0.08901454
0.04364662
-0.02744678
-0.00393371
0.04040069
0.07978066
-0.03891480
-0.04192268
0.00521037
-0.19462282
-0.06962450
0.10001680
-0.00745242
0.07290507
0.05457447
0.00827110
0.07965630
0.07169360
-0.03563208
-0.01841312
-0.01215249
-0.11481946
-0.09178595
0.02414345
0.00166974
0.00311170
0.07129712
0.02236439
-0.00311043
-0.02572282
0.02352095
0.03517344
-0.00618358
-0.04051109
-0.00645436
0.00065724
-0.00469055
0.03068435
-0.12393219
0.05803108
0.02880878
0.01333063
0.02884990
-0.05918708
0.08473023
-0.06166307
0.02080189
0.15450490
0.04812273
0.10832774
-0.03171979
0.00867599
0.00917136
-0.04312189
0.05174861
-0.00916043
-0.02416716
-0.00302375
-0.07043753
-0.03861040
-0.00152662
0.04488912
-0.03100264
-0.04269969
-0.11349583
0.08515387
-0.08391359
0.04624074
-0.04938210
0.00159192
-0.00937928
-0.01753054
0.00717022
-0.04292584
0.08437897
0.01656703
0.00728568
0.08709646
-0.04960684
-0.01004723
0.01793522
-0.04857969
0.06626093
0.12039099
0.01216091
0.05810017
0.00391749
0.00397135
-0.00849962
0.02742887
0.04789216
0.02989449
-0.03764396
0.00862692
-0.08903325
0.05261189
-0.08371697
-0.01876663
-0.04838878
0.09630607
0.09551759
0.04852769
0.04433581
0.07127101
-0.01467316
-0.01838835
0.01229971
0.03457213
0.01594497
-0.06261360
0.00098773
-0.01602797
-0.08991955
0.01298415
-0.01051202
0.08011178
0.05950121
0.00050765
-0.14835767
-0.10544391
0.04235252
-0.01933194
0.00313796
-0.04984301
0.00534778
-0.05760313
-0.09287705
0.10294907
-0.07941341
-0.01163992
0.08407169
-0.07030498
-0.00279280
0.14455858
0.04455843
0.03055426
0.00287841
0.02429173
-0.04875849
0.06271236
-0.01297117
0.06650635
0.12338652
-0.00584514
-0.02704244
0.03610200
0.06409088
-0.04638106
0.07710070
0.10504017
0.12227499
-0.00702966
0.01002330
-0.09423306
-0.02231417
-0.05005019
-0.04293144
0.04997512
0.00618885
-0.03433592
0.15143224
-0.03576501
0.05777342
0.00111644
0.04284140
0.10153284
0.02272629
-0.02184419
-0.01188968
0.09431182
-0.04671407
-0.02660625
0.03054000
-0.09836735
-0.12449655
-0.00141241
-0.14655401
0.08124688
0.09364517
-0.07368885
-0.00715935
-0.12753521
-0.15159793
-0.02136502
-0.00482613
0.01898104
0.00665651
-0.03147461
-0.07226545
-0.06135946
-0.00796909
-0.01248802
0.07237894
-0.02878260
0.05586733
-0.07539016
0.02763979
-0.05024362
0.04665798
0.00846440
0.06157293
0.12193481
-0.04664203
-0.06009299
0.03288200
0.08705118
-0.00543911
-0.01877925
-0.07288478
0.04039978
-0.04696110
0.09161114
-0.00535669
-0.04099411
0.04059947
-0.11057134
0.01719673
-0.02705479
0.01701189
-0.00369334
-0.04954912
0.04708102
0.00131237
-0.05727100
-0.10931630
-0.11668614
-0.10771217
-0.04037435
0.03413166
-0.11889404
0.05176567
0.13094769
-0.10624137
0.04818957
0.10157630
0.00468245
0.03448018
-0.11726250
0.01512974
0.08227451
0.03991401
-0.09853719
0.06659847
-0.00810044
0.02736873
-0.07914580
-0.04886485
-0.02418436
-0.03560028
0.02861926
0.12503320
0.06040043
0.11232236
0.00753758
0.03056342
-0.08749438
0.09045879
0.13799212
-0.04452926
0.09107317
-0.06740854
0.06456455
0.00572645
-0.00220346
-0.05190926
-0.00025095
-0.00564750
0.02656214
0.02253153
0.00552230
-0.01274322
-0.02100161
-0.05508177
-0.07348133
-0.12296289
0.10460321
0.01567791
-0.00292907
-0.02770348
0.02149253
-0.09885022
-0.03133758
0.06544086
0.15679166
-0.01032853
-0.21367723
0.05141548
-0.09936566
-0.02212065
0.04141541
-0.01598848
0.05609992
-0.02547221
-0.14999629
-0.01092678
0.01966799
-0.06976679
0.01803546
0.03746114
-0.01787048
0.00358690
0.00178906
0.02743220
0.05165779
0.02417025
0.12888890
-0.01245204
0.10554382
0.09422407
0.07270626
0.02190198
0.05245832
0.06868731
-0.02359212
0.05912095
-0.10149276
0.06330585
-0.01272493
-0.01121714
-0.00873230
0.12671600
-0.05933270
-0.06433788
0.04080941
0.02933968
-0.03166201
0.04702877
-0.02193168
0.06623725
-0.02368665
-0.00699308
-0.05089095
0.07511745
0.07036675
-0.06202666
0.03317409
0.12269150
0.00997111
0.04758566
0.04441564
0.14495693
0.02322516
-0.02948116
-0.06214645
-0.01067067
0.03345422
0.05696373
0.04010389
-0.02681275
0.04095392
0.08078097
0.03610474
0.00296194
0.03975188
0.10746566
-0.10879389
-0.03715612
0.03479004
0.06404742
-0.08446135
0.00407365
0.07880185
-0.02015366
-0.04461426
0.00401116
-0.05736360
-0.00609142
-0.00742398
-0.05249977
-0.04970393
-0.07522069
0.01431868
-0.02859097
-0.07292811
0.03736495
0.07382848
-0.03615003
-0.01696777
-0.05558211
-0.00272097
0.03864166
-0.01798280
0.01233065
-0.03967896
0.04454849
0.04833419
-0.05102257
-0.00310982
-0.06559639
-0.07037288
0.04672406
0.01940852
-0.06404162
-0.09025936
0.03997257
-0.00663790
0.06313306
-0.00629054
0.07273515
0.03255499
0.04199545
0.07024511
0.05498986
-0.08575301
0.07867580
-0.07370770
0.10569714
0.02316961
0.04648981
-0.04591345
0.04930043
0.02536509
-0.01120091
-0.07138919
-0.04700672
0.07147251
0.08718068
-0.01542587
-0.09752987
-0.02237335
0.00614614
0.08702981
-0.07981761
-0.03374438
-0.09187242
0.01718780
-0.03257398
0.01040787
0.01721880
0.04161553
-0.10023179
0.06137273
0.03661878
-0.08308751
0.12246634
-0.04807597
0.13655816
0.06147557
-0.08413180
-0.00149472
-0.01269976
-0.07222650
0.09605020
-0.03438458
-0.08558740
-0.07469378
0.03725093
-0.15469301
-0.02753896
-0.00934822
0.02339417
-0.04123557
-0.09884861
-0.00611070
-0.00440760
-0.00897805
-0.05735380
-0.08133478
0.08821376
-0.05289753
-0.09624343
0.00897696
0.07814345
0.01935103
-0.06915091
0.03623677
-0.02399007
-0.06351641
-0.06106224
-0.08250064
0.04688831
0.00224967
-0.07873473
0.03003225
-0.06364223
-0.07887598
0.04736380
0.15712565
-0.00819726
0.04412873
0.07389795
-0.10507111
0.07911733
0.00319054
-0.10439151
0.06750883
0.12223241
-0.15520463
-0.03327244
0.02023451
0.01632286
-0.03033671
-0.02816244
0.13242276
0.10003886
-0.04103997
0.06843358
-0.06816648
0.04123997
-0.00189354
-0.03610896
-0.05107981
0.07969565
0.06074687
0.04799919
0.00349056
-0.16105637
-0.16614616
-0.17538475
-0.05163742
-0.05192121
-0.15526186
-0.08005713
-0.23081219
-0.10965417
-0.16835406
-0.03098922
-0.04819291
-0.14730756
-0.21629342
-0.09810339
-0.08643600
-0.08202351
-0.06993181
-0.03689236
-0.00958815
-0.01468113
0.14499026
0.10714653
0.16367829
0.04253041
0.16900373
0.23766515
0.26438570
0.19459796
0.18038075
0.15259044
0.33328679
0.24137823
0.18790548
0.24179067
0.16964714
0.16919002
0.22675706
0.16582372
0.12502768
0.08706648
0.10997314
-0.03557287
0.00515800
0.00632494
-0.09161509
-0.15873033
-0.07186675
-0.11076691
-0.03943410
-0.09781580
-0.13550663
-0.18340150
-0.22485726
-0.11822915
-0.20152962
-0.07850362
-0.26810967
-0.04031129
-0.10592034
-0.10848803
-0.13848772
-0.07965853
0.07839299
0.03597401
-0.01779602
-0.09043810
0.04444006
0.02104888
0.03575066
0.02224676
-0.02738269
0.02767535
-0.03466419
0.01155052
-0.01790760
0.02537732
-0.00771667
-0.02129269
0.01555332
0.01744951
0.03874225
-0.12731456
0.03245665
-0.04525275
0.02310927
0.01941293
0.01419530
-0.01887676
-0.09424528
-0.00051490
0.09661905
0.11177123
0.02213479
-0.00331746
0.01827492
0.05074073
0.05096034
-0.08348917
0.02681526
0.06702486
0.09150449
0.15292992
0.10360203
0.06786156
-0.00816086
0.13049390
0.14891627
0.07739598
0.00792002
0.13799457
0.13753696
0.14563696
0.15767295
0.16584810
0.18014598
0.17066152
0.09993901
0.18243000
0.10892452
0.17474821
0.11095250
0.08971140
0.08651364
0.29352874
0.08793284
0.11932018
0.09197671
0.09525943
0.05821266
-0.09939425
0.02150204
0.13979580
-0.00503330
-0.04080648
-0.13130550
-0.15494891
-0.21661991
-0.28433082
-0.34469292
-0.39879836
-0.42822513
-0.53013876
-0.34098518
-0.42739434
-0.44341516
-0.52894326
-0.32903041
-0.44401720
-0.37198523
-0.41305249
-0.43175552
-0.31077972
-0.16889106
-0.22802927
-0.09231613
-0.06164445
-0.03331693
-0.00157071
0.11527763
0.23328584
0.34502846
0.22116743
0.36578693
0.27536589
0.36500566
0.33819139
0.37036097
0.48459092
0.43501757
0.31216365
0.38113352
0.36734147
0.25855093
0.16323208
0.25682924
0.06877361
0.17661345
0.09319737
0.02408223
-0.02148872
0.01712667
0.18106351
0.03706508
-0.09328819
-0.01504562
-0.02535573
-0.08275990
-0.00686832
-0.12692355
-0.10425442
-0.13464125
-0.11226705
-0.13658223
-0.08869822
-0.01183212
-0.13371607
-0.11088398
-0.10776113
-0.01908962
-0.11147688
-0.05126331
0.04369470
-0.05047875
-0.06683299
0.13029199
0.01291255
-0.02058467
-0.08397659
0.05422491
-0.00096524
-0.04351185
0.00664384
-0.02218449
0.04629624
0.06951382
-0.03472666
-0.13759046
0.00659451
0.07003354
-0.02351777
-0.01626847
0.05008165
0.08650935
0.01298866
0.09028151
-0.02860463
-0.03636604
0.01472260
-0.02632972
-0.06805263
0.00273049
0.12901606
0.08324117
0.01779831
0.02123587
-0.04387268
-0.02886284
-0.03169605
-0.01563957
0.01625596
-0.03516869
-0.00984008
-0.14311400
0.02026330
0.01088103
-0.03928982
-0.02840416
0.11665109
-0.12980888
-0.03268269
-0.00120808
-0.05059674
0.02780399
-0.10820599
0.02547499
-0.02280956
-0.09420982
-0.04459472
-0.12011765
-0.00955439
0.01885268
-0.00687021
-0.09616530
-0.02415146
-0.10051444
-0.00143768
-0.02471621
-0.00336783
-0.08280598
-0.03297551
0.01612469
-0.05299733
-0.04063199
-0.00873039
-0.07408005
0.10003116
-0.05840593
-0.04363939
-0.05388695
-0.02260556
-0.01043731
0.06313158
0.04136236
0.06457647
-0.01325858
0.01591460
0.01732207
0.00413642
-0.04874910
0.08609646
-0.03927728
-0.03344304
-0.06434440
0.16251866
0.08193464
0.04161352
-0.01145369
0.03563881
0.09294736
-0.03258532
-0.00479679
-0.00045928
0.12407724
0.04862886
0.04301890
0.02856457
-0.07836359
-0.00646385
0.04272085
-0.04265623
0.09471736
0.07238024
-0.01035691
0.07180426
-0.00310678
0.00352272
0.01243009
-0.03859613
0.05174730
0.11719794
0.03371202
0.11224872
-0.09503744
-0.02097851
0.02036063
-0.05574803
0.03152319
-0.03424981
0.01657474
0.07917017
0.01020742
-0.00165381
0.02434443
-0.00794054
-0.01368512
-0.07992927
-0.00629176
0.00505625
-0.03596559
-0.11405251
-0.01194582
-0.08259865
-0.08897013
-0.06941450
-0.09036954
0.04667598
0.00093082
0.01628466
0.03059527
0.07315192
0.11662342
0.03238037
0.10154129
0.10393989
-0.03864648
0.08549958
0.09830589
0.16820234
-0.04101740
0.13846367
0.07115975
0.15133973
0.00042401
0.02020192
0.13037271
-0.07952296
0.04703925
0.07604178
-0.06719915
0.03938078
-0.02669635
-0.05735620
-0.00370744
-0.01319652
0.07304028
-0.03870381
0.01485841
-0.04986945
-0.04065431
-0.01018786
-0.09444843
0.00979622
-0.09988164
-0.01050440
-0.01664298
-0.09800878
-0.04153931
-0.04041877
-0.01015574
0.07175535
-0.10010571
-0.00022155
0.11022587
-0.00020326
0.11109273
-0.05057051
0.06829823
0.00266189
0.07470133
-0.02026648
0.14235033
0.11447269
0.07383234
0.10439453
0.05102612
0.03332023
0.01661115
-0.13839971
-0.06856901
0.03460593
-0.02242991
0.06771616
0.09690481
0.06287547
-0.05053349
-0.01245260
0.09874322
-0.08557372
0.00209084
0.12568639
0.05429145
-0.05006516
0.04756142
-0.07398056
-0.03240579
-0.00629021
-0.08350977
-0.08525577
0.08494663
-0.12332528
-0.02952752
0.01654821
-0.01993329
0.00902352
0.07565461
0.03112642
0.06113820
-0.05867971
-0.02300941
-0.00997341
0.03178037
-0.08549605
-0.03887437
0.14784845
0.00991500
0.01801925
0.02662517
-0.05434305
0.08172133
-0.07373315
0.02773221
0.02515084
0.00305625
-0.09097620
0.02544718
-0.02631330
-0.02903817
0.05625594
0.04128071
-0.03607121
-0.02355947
-0.05394363
0.02251918
0.01369736
-0.01337668
0.09279322
0.03764198
-0.07425312
0.01865595
0.04976890
-0.09508677
-0.02616127
-0.03112937
0.06671589
-0.05504598
-0.02539517
0.07095383
-0.03270268
0.05357624
0.03463406
0.05443975
-0.19699159
0.12277031
0.11266407
-0.07487509
0.09596710
-0.00146003
0.04653834
0.03207583
-0.15517430
