0.00535980
-0.05239671
0.08362160
0.07530118
0.04758358
-0.20781245
0.10298842
-0.10318118
-0.01305044
-0.02801751
0.11913562
-0.05499411
0.13424899
-0.08342329
0.25703932
0.02818488
0.21065983
0.01722953
-0.17466626
0.01300569
0.01623365
0.07489507
-0.08026239
-0.09077160
0.03529392
0.14209144
-0.09713222
-0.09407794
-0.07360673
-0.18945776
-0.16736400
0.06259817
-0.02136594
0.06564588
0.03114550
0.07027687
0.09589576
0.00600522
0.06171078
-0.08116027
-0.18871666
0.01779530
-0.04605451
-0.05933706
0.08519936
-0.02414474
0.05875448
-0.08324620
0.13392666
0.10795749
0.16978295
-0.02468487
0.13425506
0.07211609
0.06217334
0.08784572
0.06651030
-0.14838384
0.05907499
-0.13247771
0.01995080
-0.12011559
-0.15599195
-0.03717502
-0.10363364
0.01393443
-0.04975277
-0.17763230
0.11736579
0.13376677
-0.07570325
-0.00992517
-0.11454820
-0.07790481
0.15970298
0.01573790
-0.01009035
-0.06947187
0.05691591
-0.10316542
0.11929948
-0.04746740
-0.06256295
-0.01155717
0.14620889
0.03219101
0.06044170
-0.13902774
0.05281067
-0.04129175
-0.15323710
-0.00952352
0.02169840
-0.10078978
-0.01041546
0.12105059
-0.01167858
-0.03815059
-0.02988903
0.06359510
0.09634597
-0.03021457
-0.13810425
0.22733359
-0.04120943
0.14514869
0.01949912
-0.12357977
-0.03951721
0.01737118
0.04341934
-0.12454038
-0.06585053
0.11637345
0.13343844
-0.14292646
0.15716187
0.13573230
-0.01973422
0.15102400
0.05054976
0.24259910
-0.00229593
0.02665719
0.04129996
-0.04845583
0.07534201
-0.06204778
-0.11321678
0.00636744
0.20053430
-0.05591588
0.11570471
0.07676010
0.19442105
0.28990942
0.12845985
-0.20962697
-0.24542640
-0.14219139
0.11214242
0.11609231
-0.07927469
-0.10416724
0.22822209
0.22811754
0.01209948
-0.08944862
0.02968308
0.03882872
0.09592695
0.00423160
-0.09797816
0.04866364
0.02725718
-0.15896286
0.05161281
-0.02512806
0.01245175
-0.17474477
0.08903761
0.04301359
-0.02423539
-0.37623572
-0.04403846
0.14303577
0.09614520
0.02059803
-0.00408311
-0.04955378
0.25747002
0.09783640
0.12212316
-0.02157535
0.01923962
0.04865175
0.28910915
-0.02738769
-0.06984087
-0.00122684
0.04853930
-0.03281172
-0.10322668
-0.03837145
-0.23913943
-0.14124301
-0.04944078
0.14053459
-0.14406660
-0.07855868
-0.10166394
-0.08714567
-0.14990569
0.03717107
-0.05670281
-0.07210581
-0.12239193
0.03857450
0.08314264
0.05196548
-0.04896323
0.12844033
0.05450859
-0.12667439
-0.04733458
-0.09135966
-0.06876803
-0.02096502
0.19591960
0.07123853
-0.04753808
0.07947214
-0.23307499
-0.15999974
0.01170050
0.19281436
0.10278997
0.02771943
0.11074290
0.05326065
-0.13379360
0.02949795
-0.00360218
0.02015174
0.11597483
0.07879991
0.04764321
0.14803000
-0.13198310
-0.02706653
-0.02268222
0.02324546
0.18315875
0.12950786
-0.04309433
-0.06045760
-0.03304569
-0.02620926
0.09090094
-0.02291547
0.04474003
0.20698420
-0.02070294
-0.08809168
-0.02771761
-0.19492121
0.04271629
-0.20028604
0.08183265
0.09336845
0.14988938
0.02796883
0.11059010
0.05263508
0.07788913
0.17511756
-0.12193664
0.03648509
0.02717186
0.00095199
-0.18202152
0.05297965
-0.09073275
0.07146316
0.02016805
0.05136655
0.16367672
-0.00421971
-0.10790200
-0.11467558
-0.07375195
0.19173400
-0.08079154
-0.05374577
-0.15192595
0.11686843
-0.21655143
0.18342584
0.11302247
-0.01015410
0.03849966
-0.03843870
-0.38089866
0.04006590
-0.16750500
-0.11718775
-0.02048853
0.05758785
-0.02563987
0.19150702
0.19107684
0.24593623
0.05896134
-0.07380120
-0.13251088
-0.03439853
0.18037634
-0.00520871
-0.00606634
0.14939717
0.15929292
-0.25477685
0.00442078
0.03609202
-0.12987225
-0.10041552
0.06642109
0.04678853
0.22397400
0.02875567
0.29291836
0.07123029
0.04327930
-0.02507796
0.04008068
-0.09179883
-0.05630856
0.03827419
0.04433430
0.16509136
-0.01501488
0.06437831
0.02815142
0.22351115
0.00496477
-0.26695831
0.14501113
-0.17064668
-0.02896056
-0.12171415
0.00901056
-0.07229277
0.10536410
0.02542147
0.16835405
0.09238490
-0.06843880
0.15228048
0.25847169
0.04048819
-0.05443346
-0.15922147
-0.05876905
0.13342686
-0.13983979
0.09164004
0.05261641
-0.08924852
0.05421361
0.05837386
-0.10653349
0.17426521
0.09459489
-0.13588323
0.17845118
0.19564408
-0.25739424
-0.03160294
-0.00902849
0.07438962
-0.11962466
-0.15090159
0.06289953
0.02018436
-0.09859958
0.13762675
0.03307650
-0.01336820
-0.08678840
-0.05482935
0.12723519
0.07254811
0.12672154
-0.07563884
0.09559528
0.05117956
0.23687543
-0.00985635
0.02959348
0.12131434
-0.15374436
-0.03026348
0.01124303
-0.01926370
0.10341856
0.05341085
-0.04272161
0.01696004
0.15287914
0.25851661
-0.13329336
-0.06442560
-0.07778801
-0.13064842
-0.06162507
-0.02925559
-0.05246103
0.09444410
-0.19385182
-0.10572595
0.08105170
0.03555977
0.17544258
-0.00267267
0.04563103
-0.19556209
0.02242975
-0.05162663
0.16067637
-0.11053912
0.12522803
0.05530394
0.00778034
-0.18024548
0.05686461
0.10801155
-0.02866932
0.10222052
-0.11086184
-0.00417969
0.18385614
0.30518649
-0.03496423
-0.03383510
0.10218273
-0.02990660
0.02695760
-0.04999151
-0.19013625
0.05001563
-0.00413111
-0.04669918
0.22835674
-0.03876001
0.15253419
0.16339326
-0.00120480
-0.07620065
-0.05454601
0.07393776
0.00876508
-0.09963957
0.00462920
0.12518210
-0.02501701
0.06624353
0.22530537
0.11118014
-0.00957950
0.04406808
0.12209143
-0.02434958
0.03575903
0.11698220
0.04307512
-0.04608575
0.03980036
-0.11927050
0.02111704
0.12488679
-0.10374315
0.07421736
-0.05805856
0.04011939
-0.20393406
-0.04596886
0.10045529
0.13371733
0.01662606
-0.08858691
0.03375802
0.06144707
0.02191850
-0.26460189
0.10368244
-0.29026087
0.05837619
0.05647864
0.18985871
-0.11307008
-0.02620345
0.00523984
0.05005572
0.08239169
0.06678739
-0.00151566
0.05686343
-0.05849194
0.00936756
-0.02944926
0.02991550
-0.13073553
0.21392670
-0.05058716
0.11292398
0.03587105
-0.13507864
-0.14795614
0.13027591
-0.03209574
0.17784422
0.09852750
0.03711352
0.14428210
-0.01866923
-0.09589431
0.08612989
0.09630718
-0.12353419
0.05713085
0.02202753
-0.01434628
-0.01433381
-0.01254040
0.01086685
0.18785938
0.09826948
0.11232049
-0.07327470
-0.08931957
-0.00595360
0.21099009
-0.01068317
-0.13913927
-0.07966450
0.04368509
0.14483093
-0.07226557
-0.10783216
0.02762081
0.04538010
-0.16102008
-0.04190101
0.06684797
-0.04986104
-0.16486156
0.18638296
-0.02074710
-0.11817648
-0.19031086
0.03615039
0.08643316
-0.08055958
0.02979294
-0.09978263
-0.00889371
-0.14120249
-0.01977259
-0.06882072
0.06540068
-0.09909844
0.10899208
-0.24036944
0.01597346
-0.11467854
-0.02126967
-0.03915298
0.08502751
0.09978312
0.05171258
0.08319249
-0.19117135
0.06762461
0.01799865
0.00147586
0.08216287
-0.00585757
0.09118935
0.02417605
-0.09092694
-0.14406677
-0.10314076
-0.00324653
0.11238096
0.03110360
0.03602170
0.02038546
-0.05685103
-0.06736017
-0.00560834
0.01459612
0.19934407
-0.11394518
0.02299543
-0.06255194
0.07946303
-0.03760348
-0.22523856
0.00480570
0.09535921
-0.15477023
-0.05265683
-0.05726726
-0.17477031
0.06784983
-0.16009123
-0.11667681
-0.14401042
0.03753883
0.03397462
-0.06146815
-0.08187088
0.06591389
-0.05274271
-0.07485862
-0.00717064
0.03120382
-0.15487486
0.00241140
0.18258514
0.04749314
0.02370054
0.03523718
0.06669995
0.06465807
-0.21731642
-0.04406285
0.04075334
-0.02246038
-0.01674000
0.00093866
0.03068304
0.18335616
-0.16761796
-0.22380989
-0.05463044
-0.02162526
0.03754916
-0.02413655
0.02315584
-0.03397480
-0.15851236
-0.20516468
-0.08801929
0.00859476
0.09851120
-0.09104063
-0.08880653
-0.08883192
-0.09300420
0.04529346
-0.05273539
0.21070305
-0.13491804
-0.01222884
0.09987529
0.19398704
-0.06511751
0.11304897
-0.00476384
-0.19916281
0.10051322
0.03295778
-0.10235693
0.00558769
0.10003038
0.05095510
0.02239809
0.17666224
0.07406432
-0.03351904
0.02258311
-0.13987614
-0.06308259
0.20840043
-0.07115857
0.01328717
-0.14982199
0.18887584
-0.05539149
-0.03622178
-0.01422661
-0.28268804
-0.18525139
-0.11184104
-0.15771822
-0.04397107
0.05300778
-0.04848677
0.07095601
0.09189622
-0.19782888
-0.01610859
0.10279234
-0.03711574
-0.14680203
0.01344633
-0.14730455
-0.22316707
-0.12319872
-0.08483428
0.03212331
-0.11181039
0.08329307
-0.11619894
-0.08404486
-0.08092380
0.03850436
0.11905647
0.04004399
-0.03744309
-0.08903278
0.02017695
0.05503078
-0.06473577
0.02696889
-0.20210831
-0.05905338
-0.00800828
-0.27019134
-0.02825493
0.04095940
0.03470012
-0.06016460
0.19012083
-0.16528763
0.18854299
0.17243957
-0.10142087
-0.04925254
0.05459079
-0.01300978
-0.01239069
0.15298752
0.05528631
0.14455322
0.01186052
0.11442904
0.05922297
0.09212660
-0.15331467
0.17381066
-0.09249383
0.01016312
-0.19319260
0.02601650
0.01139645
0.00388154
-0.24838643
-0.02295599
-0.06508189
0.14364813
-0.02173437
-0.05836190
-0.17401894
-0.02475520
0.01433829
0.11002871
-0.01268193
0.09239985
0.13058202
-0.01972402
0.25677613
-0.07061648
-0.16792937
-0.11948416
-0.01743020
0.04975125
-0.01173065
-0.07715325
0.11865491
0.02237929
-0.13266003
0.04968931
0.16353110
-0.18602936
0.09555615
0.10524180
-0.04131113
-0.05497500
0.06565547
-0.07463744
0.21881746
0.12762923
0.15496514
0.04664220
-0.23405272
0.04231979
-0.10014661
0.05032530
0.27141048
0.11585019
-0.07929533
-0.03567561
-0.03391498
-0.00195714
0.20373387
-0.01280151
-0.09766784
-0.12069725
0.00211198
-0.11741005
0.00561221
-0.13109951
-0.00811627
0.11859583
0.10449026
0.06628616
-0.06204342
-0.05679210
0.00183448
0.06063859
-0.01601028
0.05410693
-0.13233702
0.01546657
0.00904002
0.05322585
0.00045317
0.10118706
0.02111924
-0.10280957
0.12495874
-0.11933009
-0.09335427
-0.17010884
-0.10151131
0.00801980
-0.06176805
0.08234532
-0.01757458
0.13102752
0.04416222
-0.21160740
-0.19753003
0.15961277
-0.09210583
0.09031195
-0.22879124
0.04059577
-0.04302154
0.03040400
-0.22839138
-0.06298751
0.05993403
-0.12425213
-0.17647046
-0.00128674
0.04483011
-0.02614543
0.05753527
-0.17517057
0.32076595
0.01825001
-0.14803835
-0.02445649
0.11204512
0.22927117
0.12722550
0.09633716
0.18360553
-0.00847245
0.11870191
0.02373959
-0.16165382
-0.13124074
-0.05850320
0.09927305
0.04359337
0.04002768
-0.16188732
-0.04360325
-0.06988777
-0.04314282
0.11297449
-0.13906141
0.07613878
-0.05781321
-0.08691965
0.18031916
-0.15172609
0.03394408
0.00250567
-0.02801707
0.04284614
-0.01878814
-0.18938255
-0.05457205
0.00138622
-0.08556514
-0.02981973
-0.19827163
-0.02376605
0.09949795
0.21418667
0.09661377
-0.07020272
-0.06257268
0.20046010
-0.01347861
0.24146865
0.10443280
0.12765232
0.14007189
-0.17352637
0.16690776
0.03200105
-0.13850379
0.20319313
-0.15554989
-0.00987140
0.02365491
0.00107204
-0.00240944
0.12082758
0.08371217
0.30972565
0.06659444
-0.07332017
0.03160127
0.01182678
0.05713597
-0.12669041
0.00461172
0.11165796
-0.24208037
0.35297767
-0.16491589
0.05438898
0.18320192
-0.12325193
0.01835306
0.23586165
0.00118507
-0.05527608
0.20274869
0.06930741
0.03706672
-0.06345233
-0.09286122
-0.13887865
0.09045311
-0.04959303
-0.26745545
0.14313230
-0.03131593
-0.01034309
-0.03546475
-0.04949470
0.00512246
-0.06680554
0.06518881
-0.03102587
0.00666207
0.13607050
0.03223750
-0.11004270
-0.06944686
-0.14350709
0.16405470
-0.15687070
-0.00503482
0.01291906
-0.07851949
0.03889703
0.02447622
0.16005910
-0.08404397
0.16235360
-0.02538142
0.14026857
0.04137694
0.04235002
0.03221655
-0.11725271
0.03606936
0.18675258
0.08516751
0.03292923
0.02036377
0.08917404
0.17890200
0.10206808
-0.07511488
0.00250704
0.06684746
0.04422833
0.03939635
-0.02168547
0.14652122
0.00172061
-0.07246477
0.15364571
-0.15532691
0.09537508
-0.03151343
-0.13023778
-0.22933338
0.11218686
0.02519426
-0.10479124
0.01672061
-0.07291305
-0.11009258
-0.27869837
-0.03204525
0.12039350
-0.04436331
-0.03641831
0.13225674
0.09024596
0.10302590
-0.12117436
-0.01568032
0.01907156
-0.27355517
-0.05313473
-0.18822761
0.18564365
-0.19484278
-0.11822932
-0.29293939
-0.33500105
-0.22801454
-0.33110084
-0.47844466
-0.29582198
-0.36142006
-0.27488883
-0.42277347
-0.52969197
-0.47873936
-0.55918203
-0.67026047
-0.54287987
-0.39423777
-0.51925240
-0.37562444
-0.29746440
-0.14842112
0.01297050
0.01619478
0.10645945
0.34614111
0.61379621
0.51800688
0.64432469
0.83573117
0.75231935
0.68017796
0.72655411
0.87963350
0.83537552
0.89946641
0.95704258
0.93241622
0.86549793
0.77498258
0.55488181
0.79602253
0.51193530
0.38804366
0.21319676
0.21371070
0.10254912
-0.03113671
-0.16108508
-0.20368291
-0.13887234
-0.37769707
-0.28990535
-0.61244937
-0.61276916
-0.68153879
-0.58175258
-0.49690551
-0.70306614
-0.61057897
-0.33564956
-0.44484886
-0.26056910
-0.46989276
-0.30990332
-0.30050590
-0.13716491
-0.28030010
-0.18262073
-0.30661861
-0.13309383
-0.10283544
-0.16038143
0.18636567
0.05684747
0.21110054
-0.02287195
0.04705407
0.07676934
-0.23071363
0.12709419
0.07572187
-0.07467610
-0.18146100
0.14643758
-0.03625229
0.16422022
0.11167228
-0.19547477
0.07106865
0.11619639
-0.04218324
0.05029423
-0.08310652
0.07110062
0.11454513
0.05579622
-0.13186782
0.05727764
0.26300617
0.13889792
0.03176432
0.17942611
0.03033444
0.11836424
0.03452526
0.16064577
-0.02509024
0.16210891
-0.03153971
0.07326953
0.25157692
-0.08378684
-0.07230368
0.02528382
0.01580560
-0.08248516
-0.06399327
0.15394853
0.08219660
0.12471713
-0.03867374
0.06071973
0.08318149
0.08035631
0.02792275
0.11412900
0.04521986
0.21215060
-0.16652204
0.08408700
0.05917194
-0.03053959
-0.02385870
-0.00882393
-0.17112424
-0.03782540
-0.01343249
-0.37594173
-0.00910200
0.16621739
0.01945349
0.10244654
-0.09096875
-0.00985464
-0.06470648
0.10974943
0.04125408
-0.06268370
-0.02582919
0.01676862
0.06232974
-0.04847760
0.05039069
0.00593215
0.02922152
-0.16759669
0.09270380
-0.07199936
0.12986503
-0.04680627
0.07352578
-0.03135555
-0.04166442
0.05102699
-0.15072319
-0.19014940
-0.03604589
-0.03614121
0.04436752
-0.02054759
-0.11436740
-0.02476956
-0.03663518
0.13046530
0.05504721
-0.08365291
-0.05876629
0.00686175
-0.12908194
-0.05965982
0.05205909
-0.00618668
-0.04884199
-0.16800984
0.08333408
-0.06508626
0.06911831
0.01639245
-0.02283909
-0.15053684
-0.13006759
-0.14202441
0.13705462
-0.20223745
-0.00320941
0.07221594
0.09160804
0.04045606
0.17898659
-0.09976377
-0.03633021
0.15436188
-0.19836423
-0.06192362
-0.09670627
-0.00683014
0.07988640
-0.20172585
-0.08313026
-0.18656681
-0.07376190
0.08164080
0.11629703
0.30940020
0.26383550
0.02998437
0.06521129
0.19344415
0.06956810
0.08963672
0.20589551
0.07300453
-0.02545336
0.13302903
0.14070108
0.18768958
-0.20320623
0.03292133
-0.03405942
-0.05441941
0.01474972
-0.06480187
0.02928608
-0.21403093
-0.23295514
0.02370779
-0.30662637
-0.17119340
-0.11652268
-0.21656391
-0.27905317
-0.36405622
-0.18424764
-0.16643206
-0.04263206
-0.29790777
-0.11751385
-0.15784758
-0.17942993
-0.09088676
0.01477286
-0.16563432
-0.02007866
-0.05113099
-0.14002239
0.04963651
-0.01491876
0.16179635
0.15052683
0.05996593
0.13235503
0.14077046
0.46565438
0.11029912
0.27911633
0.01470653
-0.05276325
0.13456341
-0.07824270
0.11680241
0.06961716
0.02126897
0.12327248
0.15437533
0.19323333
-0.01805284
0.06815247
-0.12235726
0.00672097
-0.11470877
0.03839937
-0.01155082
-0.00967658
0.08920362
-0.02724856
0.14480325
0.00226110
0.01469307
0.18227809
0.10827859
0.10761822
0.13907349
-0.04688738
-0.01727209
-0.02701750
0.02556773
-0.01262130
0.13041693
0.04402671
0.02093847
-0.02279471
0.18335991
0.08257201
-0.00456478
-0.10291116
0.10375480
0.02878295
0.04440844
0.03149602
0.05543716
0.03182207
-0.01886511
-0.24096807
-0.01380157
-0.08816766
0.11098397
0.02688137
0.09611759
0.09208993
-0.20836883
0.23831422
0.04250553
-0.00904332
-0.14230295
-0.09026585
0.07138605
0.00671349
-0.11637583
-0.00674629
0.01108873
-0.19102768
0.01457650
0.06839162
-0.22933384
0.03141780
0.11673322
-0.18509797
0.07819735
0.04217153
-0.06408232
-0.02701521
-0.00630539
-0.16819504
-0.05211342
0.01296192
0.07291137
-0.00321251
-0.19730272
-0.07836473
-0.04006553
-0.11266645
0.00241130
0.01244960
-0.11729351
-0.09350262
-0.05287004
0.09119258
0.08562060
0.10820846
-0.06490905
-0.11686799
0.16527776
-0.15062577
0.01698431
-0.06095965
0.10104161
-0.11206777
0.15987527
0.01028885
-0.03221148
-0.00970199
-0.08188474
0.04317446
0.15314330
0.04584150
-0.20583567
-0.03100410
0.00550222
0.08427127
0.05675397
-0.01474572
-0.10245369
0.20800250
0.09581248
0.07907290
-0.06438723
-0.06386814
0.15209665
-0.23340880
-0.03792036
0.09251366
-0.17210771
-0.03562410
0.08086137
-0.07431499
-0.17809543
-0.10597588
0.03992152
0.14668075
-0.00808984
0.13964095
0.24916642
0.09411405
0.08558202
0.02919973
0.02519606
0.06255978
0.12643223
-0.07209301
0.13294939
0.14117199
-0.00553115
0.00363878
-0.12502047
0.22506592
-0.17506980
-0.00016130
-0.13156066
0.15750828
-0.05927213
0.10413282
0.04803974
0.22012007
-0.10891045
0.05692526
0.10459247
0.03875717
0.09696343
0.01449937
0.07436961
0.07201438
0.04943564
-0.11114537
-0.10981414
-0.17418153
0.02406597
-0.04719470
0.08359438
0.03791779
-0.00255212
-0.01049552
-0.15845180
0.04545867
0.18818501
-0.13825933
0.04847385
0.02409688
-0.02266502
0.03383212
-0.05326225
-0.01489105
0.01073505
0.11430810
0.01964490
0.11681423
-0.02502573
-0.03988495
0.11757525
0.06644476
0.10933597
-0.03230789
0.00438955
0.02116523
0.00349864
0.11468510
0.04940039
-0.02934916
-0.16875907
-0.02502287
0.04648800
-0.17097701
-0.10424090
-0.03088298
0.07672704
0.10555096
0.10699261
0.13589652
0.04243777
0.15295341
0.13628927
-0.07492242
-0.11552946
-0.00744388
-0.13267939
0.08279898
-0.02320425
-0.16170799
-0.05923433
0.10925328
0.11183559
0.09779498
-0.03311529
0.03250211
0.09944440
0.07849926
-0.07886003
0.22325209
-0.06806708
0.16111155
-0.16818677
-0.00611995
-0.23019022
0.04414991
0.11517555
-0.13455926
0.02727648
-0.03916741
-0.12144967
-0.00758800
0.05555659
0.07908366
-0.13557686
-0.09463549
0.09284031
-0.04006277
-0.06712705
-0.03894583
-0.10249667
-0.00688000
0.16472236
0.12775560
0.28978158
0.12363533
-0.08101520
-0.12054054
0.00811928
-0.00621836
0.12145392
0.06968346
0.00908461
0.09085547
0.14972958
-0.14472370
0.05652595
0.05762234
-0.03484619
-0.08659304
-0.04922280
-0.08349007
-0.08779064
-0.27164341
0.06529234
-0.04042146
-0.06682808
-0.20530790
0.10925154
-0.30009301
0.03703028
-0.01333672
-0.02764999
-0.08397049
0.02750360
-0.12303371
-0.17383587
0.03826947
-0.33031053
-0.07611014
-0.11865175
-0.05010366
-0.03858057
-0.08743972
0.07810023
0.09767982
0.06325117
-0.07734418
0.02956480
-0.01755720
-0.06539957
0.01657425
-0.06862352
0.16875634
-0.01554440
-0.01664133
-0.05524673
-0.05704614
-0.12212732
-0.12649160
-0.10341356
0.09092912
0.06777728
0.23608033
-0.08692491
-0.23067248
0.02690664
0.10965919
0.16219353
0.06692753
0.10418128
-0.02768407
0.01027726
0.04309601
-0.17083058
0.07633728
0.01322697
0.03933838
-0.05509391
-0.10630924
-0.15864617
0.08274691
-0.33539344
-0.04080364
0.02111384
0.00210827
-0.04600922
0.05298212
0.00843559
-0.02062166
-0.11574465
0.03966619
-0.03686448
0.15029655
0.00533682
0.25831415
0.24579481
-0.07626906
-0.17006863
-0.08542079
0.18350200
0.12604925
-0.06812791
-0.14400179
0.02897145
-0.11613135
0.07866464
-0.01482665
0.08134687
-0.15322120
-0.16945281
-0.13237889
-0.15245146
0.18638886
0.32476111
-0.15932635
0.00770693
-0.05432409
-0.07271090
-0.09812862
-0.07959784
-0.05479624
-0.07414011
0.06096167
-0.08722774
0.21918937
-0.12884872
-0.06144798
-0.26443093
-0.08451936
0.24007413
0.11457742
0.07883765
-0.03374998
-0.07813683
-0.09067602
-0.11738127
0.16344394
0.03654192
-0.17872165
0.12176047
0.05000810
-0.11098154
-0.02151621
0.04842877
0.00718004
-0.05731512
0.19422102
0.04853200
-0.05481558
0.05106574
-0.00559760
-0.01246498
0.06728155
-0.10377244
0.11229617
-0.15007991
-0.09352129
-0.10473313
0.10209314
0.29512336
0.06162922
-0.02077939
0.04007982
-0.07107323
-0.06519595
-0.00653428
-0.03573758
0.10557854
-0.06046723
-0.01894396
-0.09182404
0.15777609
-0.00551476
-0.14042201
0.00747099
0.13482215
0.09275014
0.22136789
0.10801845
0.12269988
0.21810755
-0.11548451
0.00579469
-0.01818765
-0.06759177
-0.19871108
0.15724682
-0.12145589
-0.01779607
0.17506687
-0.03773552
0.02657630
0.19673968
-0.15896699
0.16327081
-0.01892397
0.24576717
-0.13787814
-0.02760755
0.11398320
-0.00538666
-0.10519967
0.01505038
0.19502189
0.14108217
0.22624474
0.05429465
-0.05660512
0.03037758
-0.18152249
-0.05542657
-0.03684320
-0.00892374
-0.20553479
-0.05650530
-0.09455334
0.12784379
0.00938907
0.01631273
-0.12326757
-0.10594787
-0.05855770
-0.14498869
0.04340523
0.06371061
0.05226845
-0.00505546
0.15119452
-0.05937261
-0.03925811
-0.06835587
-0.23988144
-0.07402145
-0.11304752
-0.07407375
-0.34987867
0.05478136
-0.09712352
0.08901066
0.01269088
0.22674848
0.18139941
0.08816896
-0.05604651
0.03653379
0.10993348
0.14732763
0.25679437
0.03029993
-0.04839595
-0.06393496
0.05538509
0.04695493
0.03326507
-0.28881083
0.21943375
0.03830040
-0.05907451
0.20594924
-0.02617531
-0.00255205
0.09302161
-0.04800536
-0.04460696
0.03918010
-0.11703936
0.09377335
0.00289425
0.03690013
-0.07434073
-0.07035389
-0.15940100
-0.14959887
0.03681941
0.00971105
-0.26098024
0.18238142
0.01486293
0.07751354
0.12905840
-0.04369995
-0.13479314
-0.20547381
0.03691691
0.02187000
0.10139073
0.23975265
-0.08969177
-0.14968467
-0.02983842
-0.11154965
0.03069017
0.00199005
-0.03261040
-0.08661096
0.14552792
-0.01082977
-0.16644815
-0.00018196
-0.01489558
0.05302721
0.09528173
-0.09654678
0.05548287
0.07471605
0.12878656
-0.08398546
-0.05170369
0.07421958
-0.05731751
-0.09029927
0.13326556
0.08071437
0.14331792
-0.27224158
0.16018051
-0.06785430
-0.15256247
0.06029549
-0.00423576
0.07862542
0.01148790
-0.02791017
-0.04347502
0.01064297
-0.01772874
-0.17278315
0.10571510
-0.15476612
-0.17761959
0.02644346
0.16247510
-0.00425368
0.14972597
-0.00622110
0.01503520
0.00654446
0.04892290
-0.02544288
-0.05564768
-0.05869915
-0.02639785
-0.14653470
0.02207178
0.41917114
-0.02642397
0.02924492
-0.10419378
0.00608464
-0.03097482
0.01345235
-0.16297978
0.02013460
-0.18869107
-0.16242399
-0.00481369
0.02378415
0.21065868
-0.04620616
-0.10840859
0.09551041
-0.12050667
0.13093613
-0.21025943
0.09773006
-0.08786946
-0.05062482
0.12176320
0.05282377
0.03578262
0.18174800
-0.01564057
0.00124746
0.03774444
0.13132105
0.05228381
0.08774854
-0.12145615
-0.06548163
-0.04498282
-0.18792986
0.06373910
-0.35818378
0.08838328
-0.03569770
-0.20640772
0.08856077
0.10060739
-0.08352282
-0.04778800
-0.10972564
-0.03658694
-0.08536573
0.01115669
-0.11850856
0.10589747
0.10541356
-0.07053500
-0.09495643
-0.01745285
0.20554976
0.09691540
0.02894073
0.10897627
0.05437593
0.04369191
-0.02736863
-0.04926011
-0.00672330
0.09429734
-0.11817808
-0.08907546
-0.10020519
0.04646982
0.01828849
-0.04217125
-0.00361582
-0.14753581
0.09439087
-0.05721325
-0.09412606
0.00296754
-0.01965900
0.02772107
0.12054271
-0.02482633
-0.12118967
0.25204558
-0.03662595
0.10736938
-0.17040598
0.20043784
-0.11451639
0.10313780
-0.08197540
-0.11042885
0.11075776
0.18260088
-0.01346124
0.12562741
-0.10695804
0.08508164
0.15175453
-0.08422663
-0.01308455
-0.03755749
0.09126284
0.02008856
-0.01761275
0.01282614
-0.05003119
0.08721897
0.16565341
-0.21085319
0.23765908
0.05388628
0.04590250
-0.10993942
-0.05208713
0.29304287
0.01944580
0.14634852
-0.06273324
0.22806602
0.10932028
-0.07360607
-0.09621352
0.00052882
0.10372701
-0.14344170
0.00082041
-0.03317521
-0.06398030
0.07719012
