-1.85725768
0.13738825
1.88654422
-0.32159078
-3.13342801
-1.20508157
-2.05669775
0.42332872
0.73127840
-1.76222136
-2.65843227
-0.42693790
1.71690493
0.77236268
0.16421953
-1.63100921
2.48163812
-1.55793190
0.01076034
1.18663736
-1.89006617
3.01051987
1.90206190
-0.96623589
-1.66757646
-0.95213191
-3.06798376
-2.39287664
-0.02386366
0.06372149
0.97920201
-1.33627346
2.18508776
0.93866734
-0.26672413
4.50939434
0.21386197
-2.27884976
-0.35851173
2.01743819
-1.35429033
4.31687246
0.18140009
2.20846902
-2.47578740
4.54149557
-3.16571083
0.73952539
-2.25207720
0.21139159
-3.41019232
0.47188073
0.62518127
-2.24685177
1.62731778
3.23097027
-2.72713967
-1.23282129
0.62957492
0.13997498
1.25417069
1.53776978
-0.51250727
0.33953395
-0.04112533
-0.50367808
-1.55961522
-1.22532448
0.92010827
-1.10671466
0.10990581
-1.09609857
-0.37499594
0.08597962
0.03479815
-0.55274067
-0.94993203
2.49805822
1.89526116
1.47830018
0.42904277
-0.75624027
-1.91271860
-1.30418717
2.53238437
-1.18549289
0.60390094
-3.01995350
3.03341514
-0.54232925
2.48838819
-1.98757172
1.74188470
3.30057510
2.77287435
-2.14959052
1.25108349
-2.41413117
2.22292437
0.88248057
-0.75962675
0.57391601
1.92700346
0.34668010
1.20756873
-2.46187103
-2.47720351
-0.01969722
2.36634216
-1.96578112
2.40371708
-0.66584280
2.87177397
-3.33153902
0.63477290
-0.49541376
1.48344566
-1.50710137
0.75402961
0.52652903
2.15779446
1.57468466
-0.70393234
1.34975729
-2.45727295
0.42326302
0.40736257
1.65492447
0.66606708
4.52316637
-0.69123154
1.31278513
-1.49930074
-0.24835014
-2.81622656
-1.14759593
-0.47595927
-1.15089186
3.07609092
-1.04969926
0.26452669
3.03062880
1.39382680
1.42662200
-1.74495090
0.93495334
-2.70819446
-0.34744777
0.20419079
-1.74615278
-3.43277961
0.32669309
0.94946935
0.51644621
4.11638426
-0.42210484
-3.86791121
0.56078052
0.66344199
-1.40174594
-2.12844890
-3.90199916
1.31089696
-2.77305169
0.25257981
2.15577942
-2.11425411
1.49948621
1.81879569
-0.16306951
0.25990965
-2.07900567
-3.34255293
-1.26168093
0.04453240
-0.93603455
-1.80723910
0.91810940
-5.50706231
0.81859290
0.02925969
3.82376527
-1.99592640
-0.41488206
2.06939979
-3.62104431
0.93353292
-0.20709763
1.40764671
2.50475779
0.88498190
-1.51332254
-1.20222508
3.18996998
-0.33383951
0.01703370
-2.29956478
-2.67355796
-0.11116798
1.64747321
0.33712269
-2.46394268
-3.29623357
-0.99035832
-1.98413096
3.78794079
-2.81680831
2.41646162
0.31535669
0.52493885
0.00081172
1.96164163
-1.54847474
-0.17761146
1.91406688
1.45868401
-3.09174895
2.49495643
0.35853704
-3.01217684
-3.65246673
-2.78153722
-1.82120728
1.30612718
-0.11429981
1.54933804
2.06599717
0.07020078
0.68815834
1.90081990
2.66304320
2.08260740
1.75425445
-0.95925753
-0.47400752
1.60849755
-1.23467837
0.89284598
0.37307874
2.86073345
2.21899800
1.64819044
-1.83346699
-2.01346971
-3.34218100
2.76329467
0.40778581
-1.69203922
-3.69395837
-0.15344503
-3.55282573
1.45329385
-0.16713614
1.52873870
4.41005485
0.86899599
2.84781552
-0.40768353
-3.41872712
-0.75820195
0.41629534
-2.51147544
-4.32797799
0.71171173
-1.30849909
-0.52018500
1.02537629
-0.38997410
-1.71255139
0.22703582
-3.64052104
2.29229001
0.17743586
3.20436364
0.71060685
2.11398832
-2.42761763
-1.83026755
0.51487607
-2.84331565
-2.34369890
-0.68684421
0.50650596
3.59205579
-0.35016457
-2.58269543
1.21625739
0.99511080
-0.80097592
-1.67282047
-1.52689705
-0.39775434
-0.51214141
2.69120778
-3.09396183
-0.31703245
-0.96939177
0.10923227
0.99964915
-1.51602255
0.88168537
0.62721770
0.10068922
1.76473604
-0.95815028
-2.40219229
1.29163736
2.00272200
-0.06759182
2.55228613
-2.47285163
-1.08389806
1.33651371
1.70856751
-3.14414757
2.69864726
3.53925585
1.02955712
-1.88323842
-0.88083403
-0.65298356
1.56266988
3.05750983
2.40664786
-0.46087144
1.55694407
-0.49033632
-2.68205688
-0.37858323
1.32088571
-1.82935758
-2.49216749
-0.31080307
-1.17845555
-1.77134618
0.12985527
2.60388156
2.24877561
-2.61448877
-0.60635630
-1.80444509
-3.05827153
-2.80181310
1.12533427
1.10910095
-1.25899147
-3.16382583
1.47410700
0.85278431
1.59658236
1.35819267
2.06364501
-0.91278621
1.82999849
-3.79571175
1.08008845
-0.87304782
2.28422595
-0.66021861
1.12574712
2.79220138
0.96648799
-0.44942671
-0.36848184
3.50095705
1.09357255
-0.00263101
1.61178203
0.83009662
0.80488939
2.12843089
-1.86808509
1.22877323
1.34377840
-1.51497397
0.93760483
-2.42412567
0.65347998
0.95627250
-0.53209181
1.14208242
-2.90563656
2.25139142
0.52787787
-1.49278672
1.11276501
3.62341855
-0.21324819
-2.64788935
-2.10285296
-0.19272492
0.45194102
-0.74314758
-0.49079639
0.27261515
-1.20514651
-7.05578417
0.15808387
-1.16546280
-0.84296676
-0.83749408
-0.24733913
0.39297871
1.83484082
-0.11576547
0.23885538
0.21945669
-1.53483697
-0.22059307
2.11665791
2.08057080
-3.49072642
-2.48162102
-1.70409353
2.02744209
0.40200445
4.53513996
1.88706702
1.48228856
0.94216961
-1.60165072
-1.16482320
0.04400285
0.67796569
0.17336981
-1.53495961
-1.98884515
-3.70415566
0.47475712
0.04661194
0.66373120
-0.39496765
-0.73294194
-1.53970113
-1.55831073
0.80531857
-1.40855046
2.44508738
-0.83569774
0.02401365
1.38842407
-1.68670631
0.14427798
0.43811565
-1.55095018
-3.11004368
-0.04047253
-2.94908332
-4.03251807
3.72386037
0.48051449
2.98760644
-0.18486957
1.38522046
0.75244365
-2.02859228
-0.14562442
1.94804523
1.05087373
-1.11197447
2.31218989
-3.65998645
0.77219423
1.78484841
2.97307939
-0.88620325
1.47459964
-2.67744632
1.14366461
-0.68533348
1.13107748
-3.32089961
0.60311006
-2.37601892
-0.11458698
-1.20031630
0.34849956
-0.52966551
-1.36186068
-0.38731513
1.06809848
2.03896589
-0.21685230
0.40894258
3.08952918
-0.13193370
0.06668922
-2.23911352
-1.79206559
-1.84447475
0.94803521
-0.32526637
3.13867509
1.91471011
5.52246274
-1.46378281
-0.15245422
0.72579239
1.11427775
-3.09450809
-3.66656675
-2.32615356
-0.21412051
1.06079733
0.66651934
-0.25296836
-1.55837774
-3.14314709
0.11546531
-1.30952676
-2.87665887
-2.14602856
-3.62085704
0.70675283
2.20297219
1.53071481
1.90243369
-0.63175692
-1.87784285
-1.32904047
-1.08713942
2.58094185
0.44775009
-1.34064594
0.25538889
1.10656872
-4.59036148
0.33900501
1.27760130
-2.20047187
-1.02612399
2.28235119
-3.09058383
-0.43074993
2.73292119
-2.29096955
-1.24975606
3.95734609
0.41803854
1.74427353
4.56388462
0.57199364
1.87906508
-1.25746248
-2.33483133
2.12299698
0.68148194
-2.13368486
0.12663657
3.97562098
2.94627719
-1.46482717
0.44025541
1.61672583
-4.77720764
-4.25609559
0.27824880
1.37750419
-0.86943520
0.19130625
-0.42307258
-0.37554266
0.74196941
-1.76632683
-1.58477271
-1.23989303
-0.36966920
0.24695779
1.50321333
3.65724459
-0.22435965
-0.19642000
1.71607915
3.11403245
0.51721605
1.50168074
-0.34337441
1.14124723
2.05126859
0.86168821
3.22223030
-0.55487871
0.29094470
-4.04434283
5.39296660
0.76540514
0.88003319
1.95198261
2.43776600
1.07677916
-1.09418842
-0.20901367
-4.19259011
3.38617780
-2.41325999
-1.65861013
4.18470976
-2.12823833
2.23851842
0.19132963
-2.81383809
3.20907525
-1.27347585
-0.82780952
-2.61987315
-1.36358513
2.41626983
-1.09017106
-0.47534858
-1.57457253
1.41379339
1.26375741
-1.02886150
2.94344322
1.45543484
-2.36895192
1.11436305
1.35127789
0.03254497
-4.49827229
-0.01885098
-1.38011755
1.74226786
-0.49948091
1.55941581
2.72204786
-3.78219993
1.86702532
-3.57111544
-2.71719502
-0.91313114
-1.71406279
-0.44074246
-1.29089799
0.83175598
0.06647520
-1.44315227
-4.03182625
-4.58399759
-0.51583636
4.80748061
0.69454198
-0.91284980
-1.29074022
0.15471192
-2.56408301
4.09603254
-2.64943442
0.21000361
-0.31126940
2.53857782
1.95856079
2.71202751
1.28106526
2.23070466
0.95227667
2.17205902
-0.42841972
1.26863849
1.30100678
-0.98384520
0.46356274
0.24939827
2.49485238
-2.41895401
-2.43295812
0.31003211
-1.00905282
-0.79646353
1.62477955
1.98211023
0.52597536
-2.32921980
2.28447948
-1.64365396
1.58223518
-1.08203288
-0.64351253
-0.42677014
3.50862197
-0.70335793
1.41575850
0.12203395
0.99428054
-0.69441276
-1.33099088
-0.37701445
1.27798276
0.71262929
0.56747160
-0.40424844
-3.77725339
-1.55839774
3.47606931
-2.33182232
2.53115609
0.55019221
-1.31073396
0.05373265
1.63620427
0.53557769
-1.54378454
-1.82903783
1.41158395
0.82886135
-2.62020138
-0.93425982
-1.70255374
0.38740395
-0.14599520
-4.60450480
0.51657382
0.77142326
-1.05809248
-0.23216170
1.23449735
3.75870557
1.32753633
-2.77085768
-0.50649150
-2.45200340
0.21172329
0.12594231
-2.27225600
-3.16353906
-2.25694608
2.04262805
-0.61413686
0.40962080
1.45045981
1.71498887
-3.45073507
-0.49290303
-3.17049193
-3.91079432
1.76609987
-1.96419164
1.30778050
0.53956785
1.20094644
0.15795249
-1.64377528
0.79057718
-1.62410678
-1.20484345
-2.06402203
-1.89252936
1.42124546
-1.03218020
3.28206122
0.94569066
2.00984189
1.37045763
-0.52456212
-0.72568298
-0.99445268
0.17765100
3.72883328
-0.54461480
-0.34060871
2.42742243
-3.13083933
0.95920410
-0.85386361
1.13528959
-0.74370037
-2.63817120
2.80507958
3.65446791
-2.16284399
2.52994840
3.23964810
-1.43549708
1.59446599
-1.74030670
-2.60968923
1.55325467
2.41810386
-0.33703834
-1.93527459
0.27519391
0.69559292
0.49907910
-1.48744110
0.80152471
0.96828358
0.71872991
-1.71306264
1.11186137
-0.64888356
-0.97660405
0.46754953
0.51412414
0.32328544
1.31231283
0.24781362
-0.72711042
4.27829346
-0.26213172
1.48175077
-1.49866874
2.59174541
-3.23540287
-1.20002452
0.28968780
-2.45196330
1.15438722
1.18145958
0.88559142
-3.40879885
1.54237290
-2.13624838
0.17372651
2.84577279
1.33399345
0.71099514
-0.27829618
-1.35019502
2.53260553
0.07974088
0.03055649
2.33081716
3.65541788
-0.12612999
-2.20661112
-4.09684632
2.31799053
-1.70047487
1.13734492
2.40916449
1.70619883
-0.85917788
0.03572244
-0.10886958
-2.49434386
2.75759879
0.84888331
1.55239563
0.25030724
2.71761046
-3.78015426
1.27984709
-1.93469586
1.66335557
1.95041015
0.06324314
-1.29622440
-0.01831847
-2.05533223
-3.54964693
-1.16338031
1.15352108
-1.59223860
2.79082851
2.03732101
0.59491511
-3.49489958
1.92744128
-2.44698658
-2.05750752
1.08968337
-1.93383192
-1.04385407
2.14528934
-2.24317776
-2.02815991
0.18582535
2.00965413
0.68540087
-3.57390514
-1.98491690
0.67426428
0.75286394
-1.04792682
-1.46493369
1.35797038
0.21140762
0.27381353
2.79260243
0.01864530
2.95184147
-0.22439160
1.10070927
1.37129527
-0.93843202
1.70955503
0.84954283
-0.21267087
-0.20310091
-1.40664926
-0.49414547
1.46819995
0.92706658
0.39237651
0.15670896
0.24482489
-0.42710409
0.97016237
-0.07531768
-4.47528356
-1.56846456
-2.97823482
-1.55186331
-0.22844821
0.83153615
-1.79411845
-2.12486949
-2.22353557
-1.41304072
0.19806371
-2.30052253
1.26573186
0.12626064
1.33209426
-0.45050740
-0.02343434
1.19583312
-0.29778513
-2.08928340
-2.72439702
4.25201713
-0.50284449
-1.12975670
-0.48902702
-3.76259888
0.70722584
0.48204010
-0.47742286
-2.87248539
-2.61432085
-0.28761106
4.51776021
0.81833820
-1.46185827
0.98119630
1.71795831
2.17183469
0.36448719
-2.38286182
-1.00086482
1.30949097
0.27057027
-1.74567197
-1.06573445
-0.43489085
-0.52899361
-1.54197688
2.14730486
-2.48416974
-0.06394392
-0.24140477
-2.05075062
1.83429494
0.06534165
0.02967159
-0.36582554
0.45375415
1.01000127
0.82547844
-0.55874732
2.59346428
-2.79179142
0.83874512
-1.19469587
-1.03903277
3.56255373
-1.40051679
0.47873801
0.40800144
2.53783006
-1.04373445
1.57917163
-2.25655573
-3.55500652
2.64161569
-0.19726418
2.24432362
-1.78998665
0.42334392
-0.09611534
0.66500794
-2.50454420
-1.36151132
-0.80461624
-2.22475794
-1.90627386
0.54746155
-0.22384408
-0.80971160
-0.33472620
-1.02006375
1.46903020
4.41123498
-0.34592083
-4.51358560
4.85388406
0.55091921
0.25758406
1.99537054
-0.21563932
-0.73866114
4.15933888
2.38211248
-3.01449741
0.71735172
-1.61391679
1.82843231
0.09299888
4.19536372
-4.46039105
3.09397032
1.45385844
-1.23443339
-0.40887923
3.67338891
0.83188991
1.32806205
2.01360574
-5.54885860
-0.53144121
0.81958766
-2.39404980
-1.99200621
2.52011420
-2.88153463
0.25618032
-3.31805475
-2.53769907
0.52463879
-1.91320131
0.62580596
-0.48320440
-0.54135508
2.06875029
-3.84045175
-5.96499979
-2.08078355
0.68166932
-1.04923394
1.14104966
3.14290933
-0.26604694
-1.83538373
2.73793126
-2.01783408
-2.46233816
1.26999265
4.06555362
1.64771703
0.94482205
-1.34196997
1.01465229
-1.71920104
1.37785152
-0.05580977
1.87192575
-0.42217687
-0.70801645
-0.02659703
-0.83017238
-0.96530384
-1.91946830
-0.99156095
-0.07468928
-0.56535069
-2.50798885
-0.47096603
-0.97438496
-0.02373189
-0.96980763
2.06601581
3.63394833
1.14730234
-2.52059830
-3.98244193
2.05585842
-0.72434125
-1.61942964
-0.19284083
-1.17266355
1.00422851
0.85080105
1.42610737
1.20895280
-0.84529197
2.03357846
-0.20782327
1.40180523
-2.07321399
2.08308210
-3.06844846
-0.53183776
1.07146519
-0.01737871
-1.65938040
0.68274522
-0.15550551
-2.30241622
4.37783592
2.89440928
3.33866946
2.09232180
0.82397671
1.01267267
1.12466496
1.70621717
-0.47330966
0.74864253
-1.92778792
-0.50906197
0.98725284
1.44590997
-1.03519503
0.64160417
0.32362673
-0.26954915
3.56841410
0.33511263
2.43835191
0.02894151
4.95571367
-0.79158801
0.02550793
0.87923652
-1.76084719
1.69003089
-1.59665768
0.61275167
-1.72772543
-3.31793812
-1.95864014
1.74585789
1.09289646
-1.38980501
0.27015242
-0.95210595
1.78033155
0.25586945
3.45205575
-2.38139246
2.08007647
-0.55730378
2.41844214
-0.50558716
0.34845393
1.79500872
-3.57209501
-2.43037967
-3.19327019
-3.24197192
-0.89653608
-0.85875902
3.23630957
-3.07387162
0.43022996
-2.33633901
1.04386031
0.66111579
-1.44794957
-0.66895436
-0.29931469
0.32702087
0.97577633
-3.43973146
5.61607261
2.29033170
-1.56481142
-1.86030755
-0.16068308
-1.31571898
1.34232045
0.57240616
-2.83175452
1.53611162
-2.74551722
-1.19414584
4.30495782
0.11573182
-1.56773781
-0.76185251
-0.30330798
1.51212388
-1.22537065
-0.54609014
-0.15623342
-0.72329463
0.81278380
-0.61730980
0.83079677
0.62843882
1.31704777
1.35944814
-1.57698963
1.28948029
-0.04348863
0.12913417
1.64091005
-1.07829248
-1.13580743
0.95144718
0.39314783
-2.05488572
-3.47741044
3.22640207
-3.24854625
-0.09098440
0.12715427
0.69581059
1.87552997
1.56441611
-2.59182942
2.61548551
4.27769385
0.98118689
-0.31891595
3.11203237
0.57443522
-2.61231482
0.21181447
1.59957596
-0.03822968
-0.72533423
-0.52966642
-0.48873189
-1.40250943
0.94442888
-2.09559738
-0.21024029
-0.76334351
-1.63246067
-2.83582287
-1.72121918
-1.30011260
-0.60435113
-0.20632558
1.79126735
-1.00386167
-3.16905216
-1.01425935
-2.07249098
-0.37163516
-1.99197521
-0.81984981
2.86450202
2.27757792
0.62265557
2.56472341
-1.52227517
-2.47899843
-0.50568782
2.54024001
-1.71830978
-1.81842114
-3.59969838
1.60215217
4.67503535
0.31547942
-0.56266992
-1.73669095
1.44780539
-1.06828722
-2.27094399
1.48496683
0.46920927
-2.21203666
-1.69876692
-0.34566564
-0.34777460
2.11142746
1.66814201
-2.72427779
-0.11398948
1.79747248
0.41584436
-0.75471627
1.58443492
-1.57644596
2.73281904
-0.34555016
-0.71654740
1.20270864
-3.02240673
0.77102201
-1.93530670
-0.08215192
-1.57798446
1.61335069
-0.91986401
-1.73489512
-0.59340334
1.97095165
-1.40797552
-0.59503425
-0.10487359
0.48603149
4.98497473
-0.84232233
0.68039132
1.01425345
1.01724003
0.34796953
1.37251947
0.02862169
1.19418710
1.24320728
-0.82311422
2.23607809
-0.06628622
-1.84991294
2.86022836
-3.44265721
-0.40584829
3.69194923
2.30671254
4.15177085
1.93639795
-0.73862699
-1.99032339
-1.15277618
1.61024171
-0.36777438
0.03704684
-2.63628175
1.53716507
-0.09920708
-1.94879041
1.27750622
-0.31736881
-1.17207489
-2.56547826
-2.60468768
3.05094993
0.45928314
-0.73884407
1.44354185
-1.07438158
-0.48442115
0.09809870
0.25033789
-1.42877579
-0.74111230
0.40373700
-2.36326899
-4.67108661
-1.31531864
-1.44522709
1.56299539
-2.61990272
-1.55413994
1.25301184
0.46632739
-0.39690821
1.16107657
-1.69790933
-2.28111517
1.29138469
3.62691284
3.61215522
0.33101990
0.89544063
0.32292601
-3.99428923
-0.34315399
-0.05143350
3.10835583
-0.66833854
-2.44326747
-2.23234457
3.72749947
0.35924821
1.22791370
-3.14392726
-1.00486612
0.53359763
-4.20969606
-1.00450238
-4.82019451
3.71443317
1.96113769
1.16527943
0.20989431
2.26155269
-0.07749456
0.24483751
-1.36757000
1.59860679
-0.38713238
-0.99659955
0.11146094
0.31685799
3.26215018
0.31271687
-0.59721625
-0.84450289
0.79351644
0.37018953
-0.12898134
0.95320142
-0.66532937
1.80004244
2.50422802
1.69840212
1.74855152
0.44854095
2.03706525
0.42876745
-4.59537714
-0.24273922
0.21210712
0.04468040
2.56311180
2.19842666
1.27386814
1.69777203
-3.21720058
4.58437369
0.72704312
-0.05628950
-0.32265267
-1.70867632
-4.49088741
1.37493121
-0.77812099
4.12504550
-0.08115424
1.74310624
-0.83387996
2.84512550
-2.39921528
0.20794323
-1.65822209
-2.83655186
0.34373955
0.88067734
1.64104660
1.22146453
6.43553801
2.41675490
3.80344413
-0.44794026
2.80311765
0.42374525
-2.10327219
4.41765057
0.54280083
0.91953950
-1.18968110
0.45057475
2.96153176
2.88001773
-1.15727403
-0.78001956
0.60403074
3.73550453
1.66352469
2.20905900
-0.92546094
0.48122573
0.34440708
-1.22674900
-0.30539343
1.21946803
0.07226863
-0.77324103
1.87597818
-0.87734719
0.28656034
0.12335566
-2.79194916
3.98461723
0.42490435
-2.86711406
-2.91729914
0.13688263
-1.16741247
-1.45827294
0.59521380
-0.32565098
0.12310041
2.27295393
4.47361525
3.23079310
-1.78431361
-1.53029601
-2.94857808
-1.63853599
-0.72519308
-2.49965917
0.36810204
1.16152239
0.13596157
-1.27145414
1.05887160
-0.52924952
1.03709403
0.17367467
-1.68135052
0.81520118
1.87182479
-0.57788055
2.05354848
-3.23228955
-2.07435903
2.67372942
2.29926379
0.79427296
-1.17295385
-1.06572263
-2.06498153
-1.54996369
1.66519816
0.39305908
-4.29295607
-4.57356941
-0.18883521
-1.57933066
-0.65273536
1.40347326
0.57885896
2.00909639
1.30047170
2.24726832
-1.00046978
-2.71525980
-2.97236640
-2.05034277
-1.02209663
0.20880183
-0.09278393
2.92608512
-0.50241276
-0.94383294
1.33526865
-1.40535262
-3.00998338
-2.48025425
-0.53278568
0.79287567
2.07300268
1.62322549
0.63991423
4.04946071
2.81971266
2.18852669
4.07886142
3.37778419
-3.97085358
1.93652543
1.31336115
-1.07572778
-0.01821210
-0.19340480
0.58746820
3.66153223
0.73990456
0.66743114
-0.04981294
-0.27513646
-1.54144977
-2.89743523
-0.03550718
-0.29923330
2.32926012
-0.36122628
-2.36882527
3.04699959
-0.90019545
-0.88185153
3.62972679
0.48217872
0.18949500
2.41345142
-0.21856624
1.04466356
-0.51883383
-1.53544426
-1.39803426
-2.25777959
-1.37973589
-1.03718472
0.26304170
-3.33373193
-0.68673197
-1.41196696
1.44111811
-2.62107221
-0.73005020
-0.18003980
3.56535891
2.36202182
1.20627017
-0.30277460
0.20572153
-1.46923802
0.06524054
2.20517676
-1.38692035
0.26661494
0.18666125
-0.37578546
-0.97678686
0.59791977
-2.12372378
3.45188402
1.28017701
-2.31256403
-1.11786501
2.94514347
-1.64878638
0.41768721
-1.24804130
1.20992605
-1.35342695
-2.23937612
-0.99031033
-0.99325384
0.81341436
-2.43678496
-0.01029176
1.96082254
0.17053845
2.19922271
-0.55853124
-1.18464124
-1.44485559
3.01648177
-0.24862077
-0.20645235
-0.28623126
1.44468614
-3.69260076
-0.71925259
-1.93010159
1.64600447
-0.79742878
-1.56873393
1.27902736
-2.21060428
1.25928159
1.65227778
0.80875835
2.02718349
-0.73106745
2.50321036
-0.87887113
1.26178616
0.06917061
-0.07455657
2.63121332
1.81705848
-1.00956787
-0.50553715
-4.62909618
-1.47864666
1.56093843
4.41898342
-0.78113565
0.56884855
0.35229098
-0.80463849
-0.24946053
-2.94864139
4.22041870
-0.78073384
-0.54439819
-0.51144904
-2.85098555
-1.44927100
2.69494980
-3.70856034
0.20999589
0.79439984
-0.99162698
2.41786066
1.47692544
0.37511874
1.08529724
0.65828177
-2.70379867
-2.31017454
2.62899348
-3.15505969
1.24133792
1.24635314
0.62610419
0.04397244
3.30249825
-0.17934575
0.09738801
-0.26049605
0.11322250
1.52792621
-1.37601872
-2.09796893
1.85176015
2.40231612
1.74254116
2.32529790
-0.21954903
0.33240553
0.62600349
-4.38964138
2.86433975
0.20265963
-0.45681697
0.05804987
-2.90379465
-1.16377242
-3.39395181
2.12464017
-1.74697522
-3.33492239
4.54496374
2.93510079
-4.25056798
-0.32891567
-0.82284756
-4.28742567
0.14881736
0.99709437
0.18228087
2.02959185
0.56516873
1.03895037
1.96705808
-1.24123580
-5.59839836
-2.60808664
1.96708094
-0.98224848
-1.55426490
-0.50735159
-0.40068505
-3.37137573
-0.91422435
-0.81819388
2.26733877
2.89695129
-1.01238897
-2.07888418
2.09774737
-1.14038806
-0.30228098
0.21953863
2.34511949
1.41021769
-1.60335954
-0.06190745
-1.94614593
-2.13240046
-1.08852414
1.37446784
-2.18168711
0.49937628
0.23977615
1.35907645
2.94414254
3.06525240
-0.17116558
-0.74188299
3.10019244
2.32798718
0.88145547
0.32416287
-4.08918973
0.02751147
-1.54802216
-2.81195319
-0.35172164
2.07871370
-1.56110250
0.15010778
-0.57050008
-0.14403148
-2.72498251
1.34340948
-1.39496686
0.96821575
1.31215023
-1.91706904
-1.21676846
-1.47090623
1.97903738
-4.03362032
-5.03151103
1.52498240
0.27143011
-0.25383493
-2.40248177
-0.65274710
-0.93718511
-0.90497260
3.77589799
-2.29542984
-1.15344422
-2.26815080
2.74303744
1.64491697
1.73584266
4.35074122
3.05437121
-0.65514713
-1.36366903
1.22322035
0.13574983
1.32063975
1.43223778
-2.79166164
-2.27826941
1.73499519
-0.04148811
1.25176059
2.82219747
-6.89314737
-1.72083001
2.94177039
1.94224596
-5.79400228
-2.96791140
2.73262024
0.53324720
-2.72279117
-0.50071439
-1.02264673
-1.64758951
4.04523523
-3.74676782
0.65637828
1.47338253
1.26004463
-1.20620952
-0.90583111
-2.75103897
1.66984043
0.31111408
0.86936209
1.63122847
-3.07933416
0.37509843
3.25813112
-1.11376652
1.04024753
1.00672479
-0.84552846
0.04760558
0.98228579
0.59181248
-0.82442235
-3.18951216
2.84063752
1.68293885
2.40608243
2.69690695
0.75895576
1.14624983
-2.84663263
1.70237526
1.95060588
0.46071543
1.90677416
-4.91364655
1.75718858
-2.95162009
-2.85996481
1.79332054
-0.60900300
-0.79624535
1.47703974
1.11879432
-2.66580353
-0.04371252
0.48082303
-0.51789024
1.03338781
0.66871694
1.53101148
3.39486869
0.87680598
-2.89130543
0.67675070
0.51653675
-1.32891322
-2.16732382
2.40720657
0.55367805
-0.57117610
-3.13843283
1.61531854
-0.77221217
1.22570672
-0.25070948
1.04407776
0.52085080
2.98530960
-1.50223250
1.25397647
0.47276563
-0.35489264
0.27231759
1.14427096
0.92374426
-0.63118944
3.36305267
1.86182835
-1.35556066
-1.44788232
1.90996931
0.57430108
-1.23650461
2.15636520
-2.73251975
-0.37462242
-1.36612780
-0.54893844
-2.82332577
2.53773612
3.84762776
2.30746251
-2.72715770
2.08012780
-1.04288813
1.32423440
-1.07801068
0.96055381
-2.22093074
-2.53899232
-0.18435980
-1.98660040
2.19748460
-0.63272421
0.73016261
3.36655448
0.36247283
-2.61269084
-0.61849524
-1.90916040
0.75336450
0.89258937
2.72778334
-2.24215495
-1.22954755
2.77486063
-0.66121131
-1.23543286
0.29009671
1.72301727
1.29083232
-0.09221148
1.91182166
1.92670269
2.30897130
-1.20639468
-0.20833880
-2.07508100
0.81292989
-1.72206508
2.83983158
-3.00101762
-0.24803231
-0.66709738
2.11872270
3.63258786
0.56066937
1.53584045
-1.20692855
-0.32825677
0.86460790
-1.63928640
-2.11275444
-1.30270335
0.52867557
-0.56560196
1.18937218
-2.84525662
1.07655713
2.96613952
-1.80813122
-2.02944173
-0.98706693
-3.60713629
1.32327966
1.28401571
1.57852974
-1.46518246
0.57141973
3.00448627
1.69381646
-0.42820836
0.86921116
2.54212717
-3.33044158
0.17051591
-1.77457384
1.46335193
0.55990565
-2.63615459
-0.92007247
2.28608288
-0.36146966
3.24534433
-1.91819085
