1.01186077
-0.03039541
-2.34128801
0.33455149
-4.97323562
-0.28897435
0.19260049
2.95727577
-0.97963159
1.28469647
2.00458077
4.80665516
-0.22746999
-1.06324361
1.62150318
0.52849040
-1.99045834
0.27865551
2.03240740
2.33913716
-0.40711886
3.07148007
-6.01925575
-1.95391294
-2.09910706
1.28985922
0.86124648
-1.52695200
1.07464604
0.92657778
1.26110417
0.57796942
-4.76598970
-4.37479387
-0.10217080
-0.44326404
-5.28608115
-3.45437881
-0.55243738
0.20386510
-0.22546700
-1.00124493
1.55159476
0.04683618
-0.05252521
-1.33741290
0.29060835
-1.43024724
-0.59469905
-0.00878612
-2.20001902
0.19876597
1.23787076
-0.30281951
-0.05533076
5.23282662
0.24420780
2.62823535
0.16802268
-0.27017302
0.69396782
1.28154937
0.04978181
1.82469532
0.18796384
2.45750516
2.51344008
0.54656334
-4.22892759
-1.30155752
5.05558313
-3.86954791
0.49396090
1.59809918
0.12724990
-1.91550282
-2.24173471
6.63374321
-2.09579741
2.65362211
0.88543811
2.15896093
0.04212027
-2.23334418
-0.25704670
-2.56147896
-1.71725533
1.50516670
-1.91715701
-0.62314701
-2.33935995
-0.71032861
0.26258519
4.10820220
1.46974365
2.83583195
-5.22774213
2.32424639
-0.73136736
2.32215781
0.36471875
0.36083583
1.56758520
0.25475789
-1.66882742
4.41307528
3.57094079
0.33960018
1.16200475
4.49138508
-2.48140929
1.80774924
-1.56452206
-1.97428823
-1.66269274
1.53879335
-0.51705746
-0.86288064
1.07935534
2.75299561
1.68671441
-1.29412699
0.48503174
0.00695643
-5.78407681
-1.89286688
0.58586415
0.24175218
0.63875344
-0.50193593
2.56384835
-3.94696830
2.92243836
-2.17963119
-1.08287561
1.15828756
1.41269212
-0.45535037
-2.32052576
-0.62599833
2.85467559
-0.92240698
0.85298375
-0.11823338
0.46654943
-0.54685514
1.34597401
0.02904104
-0.63203152
0.70520577
0.56663486
0.55337037
-1.28109915
-0.47380866
3.43839540
-2.39747222
0.61786272
0.19923941
0.77942590
-2.17088100
3.93390319
0.24702896
-2.40135013
-1.42804441
0.71541986
0.53508175
0.22898039
3.08260190
-1.22533324
-1.90398645
-1.49107056
-0.61434263
1.59762363
-3.32648295
-1.41141153
2.89669341
2.60543091
0.40370122
5.95411516
1.08700361
-2.26814004
-1.60899440
0.80712359
-2.64021176
-2.82157300
-3.13310070
-1.91739265
-1.22787222
0.85610864
-0.51914701
1.24565705
0.16517808
0.18655943
-2.81142192
3.20740777
2.28984469
0.90057466
-0.18478470
2.58833742
-0.93536338
3.06194405
3.12175495
-0.70045282
1.36975859
0.63511727
-3.11328942
2.38293361
-3.65314248
1.27460647
1.50150215
-4.23591003
2.45738205
0.27676824
-1.27751158
0.23237668
-1.28015439
-1.69111684
1.95766783
-0.32818204
4.13291864
1.36729330
-0.44713896
-1.78644826
-2.49582758
-4.43544733
0.64003491
2.57604659
-3.17152843
-4.08357089
0.89379652
3.04172181
1.94414297
-3.06522993
-3.47179460
0.37735230
-1.04211423
0.00653450
-0.15088758
-3.80088171
-1.53202685
-0.36602702
-0.54604123
2.06644647
-3.51256756
0.14754427
2.11315313
-1.12611275
0.49975928
-0.31116460
0.88854204
-1.43572800
0.53296309
0.81322506
1.26106375
2.22159326
0.89273384
-3.13385452
0.51790020
-2.13754043
-2.45529797
0.14159540
-3.39411954
-5.16781327
-1.64361370
0.47982235
-1.76542272
1.50456371
1.49177564
-2.78162861
-0.82712723
0.13975125
1.22083474
-0.31607740
-4.71412335
-2.75991222
5.81368672
2.45221170
0.73083710
-1.12588789
2.69737695
2.59501151
-0.92095867
-1.57570469
-3.64073197
-1.71611938
-2.01290688
1.69572294
-0.95740310
0.85481499
-3.68509158
-3.65870400
-4.92862981
2.02280344
-1.99572757
3.29897321
-1.36311105
-1.76941000
1.57782677
1.24661381
2.08922716
-0.69909462
1.01642243
-1.96291883
0.92315356
-1.05558292
-2.62151470
0.75577910
1.51719262
-1.08791715
1.94819442
-1.90832390
-3.01063977
1.17587238
-0.03636704
1.15743615
0.62966790
-1.65827476
-1.44806604
3.52554337
-0.35080789
1.36710618
3.04994725
-1.88310071
1.07243131
1.60343233
4.61813345
4.16008411
-0.89653652
0.00984190
0.53451407
0.91819263
2.59766987
0.90796475
-2.63331882
-0.15982153
0.67243433
-0.76850319
-3.24062036
-1.15454736
-0.78075198
0.46469345
0.57126850
0.75653036
-1.72217682
-3.25411284
-2.47115614
0.92428798
-3.31106645
-0.48896983
2.46639749
1.12728143
-0.27014271
4.76158408
-0.44316176
2.35282643
1.41789604
-1.97730335
-0.53299404
-1.42402699
1.64943293
-2.59811025
1.92142075
-4.27094236
1.64735374
0.64098940
0.75398991
2.26013520
-4.35120531
4.15521194
0.93430926
2.33241871
3.63079314
-1.03861644
-0.43587839
-2.11528171
-4.72703288
2.64752999
2.08471583
2.77318041
0.50912997
0.47022070
0.76748762
-0.71800485
0.19377014
0.43732716
-0.87732496
2.30831283
2.97676894
2.84999089
0.94173553
1.38309193
-0.75073714
0.39253075
-0.56386568
-1.47155619
0.78236373
0.47519536
2.98143983
-1.90678110
2.05429906
0.36487662
1.65645890
2.72565543
1.31827977
-0.99120867
-0.76033683
-1.08871767
0.52219717
2.20637325
2.01883686
-0.87270098
0.42257749
-1.32655723
-0.59696662
-0.72229932
3.80518143
0.14261527
3.90564903
1.58652250
-2.06410047
-3.34037791
0.33836882
2.25076680
2.98006043
-1.04449774
-1.20270869
-3.01099642
1.98056553
-1.78727161
-0.65314502
-0.46774102
-1.11931596
1.12916324
-4.28290772
-2.48934993
-4.59127340
1.57608490
-1.82807835
-0.74897239
0.20055899
3.01917446
0.22716110
-0.31627943
3.27610094
2.03181351
2.49431593
-0.69834754
-0.19220152
-1.43272297
-5.44057025
-0.24296884
-1.62423189
2.68515764
2.34892382
-0.83798730
-0.19892918
-0.99292292
1.56190868
-2.48299967
-3.39808443
-0.15664646
-0.78274991
2.91742378
0.67345972
-1.51751277
-1.71530346
0.70415694
-0.24517617
-2.10823222
0.16469322
0.17854792
3.78236648
0.24250741
5.41104288
-1.12269098
-4.42620276
0.58767923
2.40269013
0.73558249
0.44490962
6.02709825
-3.76822627
3.63859762
-0.92612136
-0.20969122
2.36486900
0.38682971
-2.52266494
-0.51166535
0.22712169
1.34881760
-2.63002957
3.70780773
-0.21230589
0.52430423
0.18352263
-3.73534453
-2.23264079
1.22909286
0.18825455
0.31082971
3.21835116
-2.05354289
2.41672090
-0.18732709
-2.29292127
0.16400615
1.22674936
-2.16685956
-2.23670106
1.22663658
-0.76730752
-1.59495634
4.53276907
-0.45994384
-0.75248971
0.22010108
0.56426870
1.72075983
4.80720775
-3.95141974
-0.98011360
-3.06250167
-3.52269857
0.69230111
-3.47743300
-0.46918347
1.25638356
-2.47988106
-3.53196787
3.11049800
-2.91999992
-0.48479507
0.42585166
2.09286441
-1.08140475
-1.28944628
3.54278394
1.80139497
0.87315777
-0.09551657
-0.65347855
0.08961954
-3.40173382
1.12919444
1.03258140
2.66282147
1.95969940
0.06911883
0.25380046
-0.10797026
0.67983213
-1.52966731
-0.07862060
-3.21809184
-2.04534892
-1.74012895
1.13725923
1.84213525
2.43972579
-1.02572238
-1.26059400
1.06100284
-0.36197210
-0.46731559
0.10818321
1.16649569
1.63941032
-4.45777993
2.58402785
-1.50209496
0.35884543
-0.85090432
1.04378199
-1.87927154
2.55404362
-1.49466972
-0.55351874
-0.75040118
-3.11179667
0.72434877
-0.62823861
-0.41146719
-0.18231474
-2.79238749
-1.57347465
-0.97275580
-3.72330298
1.12767448
-2.28364836
-1.66961804
-3.40477217
-1.63855387
-0.09177928
0.72480814
2.32360300
2.06209504
-0.60594779
1.03131006
-0.38528314
-1.40460067
0.45926635
1.50822890
-3.39677898
-0.18597732
-3.51752607
-1.00649165
0.32611465
3.49662266
2.47324759
1.66986132
-8.30929286
3.40150126
-2.96944671
-1.72810532
2.78581938
0.53569006
-3.02126029
1.12050148
2.11550264
-2.47950414
1.92340242
-0.50302723
-0.18296344
-0.74020668
0.80476909
-0.65391672
-3.03428598
0.81783860
1.04457051
3.03520778
-2.24870745
-0.04562235
2.13138129
1.46702154
-0.90394967
-0.98671328
2.96420505
1.42889012
3.23671343
-0.96627603
0.52279213
0.08542035
-0.86128645
-0.56668719
-2.30204849
1.53594534
-0.65010378
1.27939501
-1.39670572
0.01199435
1.79386158
2.55986391
-4.64080905
0.47550736
-3.44367455
-2.16801227
-1.00584039
1.99484902
1.09055508
1.80791283
3.51402780
-0.77982295
2.46513520
-3.30001276
0.81986321
-1.50112019
-0.43407475
3.94397309
0.49540271
-3.09085601
-1.25951796
-1.25162481
0.74449405
0.77528121
0.07565022
-0.52423428
2.24239470
-5.16833866
2.27117212
0.44335998
3.17255181
0.07474808
0.58749446
0.74817897
-0.24149068
6.57417477
-0.42786681
0.77869537
1.52263647
0.69549190
-1.60801240
0.52286463
-0.91995521
1.22632816
0.81658474
1.13796971
3.53584952
-4.29372018
1.83567077
-2.62906341
0.71940018
1.28880436
-2.02805404
0.60006048
0.62575779
-1.93186277
-0.39387702
0.91190904
2.23194968
-2.95642765
1.67831729
-0.40303873
1.26384059
-3.22790914
3.61588494
5.51034392
2.40759665
4.57692869
0.80840132
-1.84710663
-0.61828168
-2.93542465
0.16783026
5.92051051
-1.41381345
-0.27146360
-0.31250174
2.74143832
2.79361836
1.14076782
-0.50773262
0.39558210
-2.66293782
4.04894482
0.66265874
2.26127564
2.56171660
4.30700930
-2.95961310
-2.14423570
2.67687803
0.05426579
1.65077649
1.39171153
0.01728237
1.45021554
1.81721415
-2.20687942
-0.12720001
0.36640592
-0.17710866
1.01008779
-3.16142668
-2.39137259
-0.21549851
-3.01582079
1.12941012
0.22512716
-0.03609275
4.00957171
-2.23524447
-0.41753318
-1.02658196
0.84249540
-5.19223258
2.42458583
-0.32800754
-3.68711275
0.24064416
-1.90585854
-1.96804257
1.19908088
0.27189170
3.83721667
-0.51829067
-1.53495844
-2.44688331
-2.35096332
1.42175013
-0.38132062
0.89899104
-0.09381469
0.56247411
0.97922955
0.25959635
2.10317307
-0.62335783
-3.02316055
0.31375620
0.41858035
-0.85783436
0.67821571
2.60772780
-5.46504419
-0.96807428
-1.09611749
-1.75055663
-2.44012967
2.97628947
2.31806222
2.29129647
-2.96706122
-0.21121075
-3.06125647
-0.11342249
2.65773184
1.51844045
-3.25332011
-1.07583249
-1.35769423
3.14273016
0.64447764
1.36409998
0.05451590
2.13391854
0.74219826
0.42316838
1.73685896
1.40191605
-3.20304977
-0.00405024
6.37738244
-0.46911364
2.38528840
2.70856299
-2.70614811
-1.06478933
-1.18330487
1.13317191
-2.72470287
-2.61661106
-1.14389607
-0.48311559
0.47951185
3.81363191
1.39794971
-2.22072767
0.12860737
2.26488992
0.83191794
-5.40488121
1.10201537
1.78059089
-5.34403420
3.29748413
-0.14633688
-3.51115851
4.78934133
-2.06467205
2.36461189
-0.19916946
-2.24448730
-3.03914857
-2.82320178
-2.68932681
-1.10567097
1.70665046
-3.37314074
-0.70914625
1.22484566
1.59462836
-2.26940806
-1.14294586
-3.44277047
1.81562829
-0.60556538
-0.59731288
-1.18089038
-0.10056563
1.21841211
0.12193754
0.81741154
2.02502773
1.44365102
1.76885867
3.22465142
1.47740182
3.96121361
0.24939461
6.97361156
1.36527258
3.77509471
0.48911140
4.47965196
4.59496245
1.07286802
3.07648792
-0.20229432
0.65172939
0.69598393
-0.46650510
-0.18804109
-2.46548590
0.62038635
-4.46179610
0.06775175
-1.87379921
-0.88150791
-0.85348941
-1.01847729
-2.06518752
-1.27848795
1.28629013
-0.32038597
-0.39152785
-1.35285073
-0.81373874
0.34086147
-1.26073715
-2.28583122
-2.02617186
-0.36739689
-2.44901596
-2.07552524
2.45795538
-5.93828951
1.33102070
1.53123046
-3.65621597
-1.51804773
-1.84777924
-2.48602687
-0.39270280
2.37147975
-1.65907133
3.64844982
-1.69821445
3.48700232
4.28517166
-0.87071105
1.80207674
-3.73846220
5.81700513
1.14126759
-2.79725455
-0.53979964
1.86025590
-1.63652641
0.54803820
2.09154366
1.68631281
-0.04173897
-1.82446991
-6.00176631
-0.25027299
-1.22996252
-0.86741643
0.06613847
-2.73648941
-0.44662069
0.80883772
0.34445495
-1.73942806
-2.11780794
-0.14678340
-3.51925730
-0.33706986
-3.81622491
-3.93473302
1.91869664
-0.77184739
-4.45764328
4.93023248
0.02162183
1.79455103
-0.85151504
-3.23264595
2.41378724
-1.64762945
2.67092665
-2.53496190
1.97915997
-4.78323518
1.40030778
-0.09968242
-4.79954593
-2.10636323
0.70475699
-0.08783302
2.14419873
-1.59155767
1.59810464
0.17076999
-1.25183225
1.95654517
-3.92560492
3.19646164
4.57173718
-2.90343944
-3.74176637
3.49072119
2.12964507
1.55464334
5.72152057
-0.99411648
-2.25186501
0.87008908
3.27226043
1.55927288
-3.85270281
-4.01577664
-0.89638649
2.39667804
-2.90817583
-0.22162542
-0.26216483
-0.31807881
1.98473688
0.52968381
1.33517028
-1.43935809
0.85515047
-3.40839586
-0.52864404
3.86145751
1.92358817
3.17516716
1.11134576
-3.95829189
0.87161368
2.73790691
-2.01204050
0.38295708
3.37193037
3.59843190
0.03821737
-0.64400853
-0.42179138
3.91532788
0.21250290
2.19673713
1.35406318
0.80869569
1.23661961
-4.37690698
1.90665713
-3.17493849
-2.74999857
-0.33999355
-1.96782958
-4.72335844
-4.21906278
2.78754290
-0.19180383
-2.70214842
-1.60202474
1.58597444
-2.50825022
1.08899827
-3.14232230
-1.31221865
-0.02123380
-1.95533258
-4.52534231
-1.06544529
0.98171584
-0.66631580
-0.02588799
1.02346959
1.27390345
-0.07209649
-0.79171418
-2.22254502
-1.06067537
-1.41293865
1.40898554
-0.09308083
3.35297008
1.68962068
-6.41183150
-3.21128295
-0.13477926
0.99061353
2.32370276
-1.89430939
1.30033591
1.61623076
5.26153416
0.83141943
-3.15414203
1.10264085
-2.56072914
-1.34376040
1.76675596
-0.75673139
-3.13958117
-0.75333059
-1.01177241
0.11368441
-1.54010962
2.59528961
0.54444867
1.28803383
-3.07547123
0.42098058
2.52999822
-0.40290926
1.15114857
4.61382632
1.20323311
3.84012029
4.07273153
2.64808677
1.79310751
0.97462499
-2.30908140
-1.74445092
1.87522840
-0.50070927
-3.28283556
-1.46328607
2.49463114
-1.67379082
-2.34806399
-0.95372091
-3.98626637
1.70059570
0.57739483
0.26373041
-1.59200400
-2.79925788
-1.09377598
-2.00503756
0.95910424
-0.85851074
0.79677144
-0.88003262
-1.24957788
-0.54928061
1.72918838
-0.84220368
1.27926244
3.75010160
-2.88575067
-2.16318887
0.45396758
-0.75174988
-2.91196858
-1.94895316
-0.87614071
-2.46258138
-2.96315547
-0.08766467
-0.71849312
1.56822336
2.94375831
1.35799050
-1.66881018
-1.59296528
0.17462329
-2.11964889
-0.35118163
0.15146184
1.09080407
-0.67895772
-0.86660433
-3.46383448
0.39401551
-1.89015254
-1.08572260
-0.48618614
-2.89784103
1.78886186
2.67834649
0.56328196
2.18077351
-3.32796232
-0.53702761
3.91331568
-3.25333556
0.69815301
-1.42566811
0.64550659
-4.50067196
0.00688297
-1.74494410
0.60872054
0.01463779
0.67341973
2.49732623
-1.67996434
0.29501289
-1.51035979
-1.09339040
1.67796205
0.59696366
-0.77773891
4.80640284
1.66699472
0.69230898
-1.92834111
0.18740821
-3.79439855
-1.75167301
-3.19427127
2.11980830
2.94805658
-3.03991744
0.97468469
1.87774741
-0.18007576
1.45036184
4.08873478
3.52297883
-1.38967895
2.46354119
0.35791872
-0.37183547
0.42889963
1.12633298
-1.18597659
-2.53241037
0.81162544
1.15782576
0.64577945
2.45969363
0.34700017
0.49527067
1.33395241
-0.63388401
4.28251807
0.59822809
-0.62961494
0.02175825
2.82278260
2.29338204
3.04785757
2.05843178
-0.38897997
-1.09497152
0.52022120
-1.08595855
-0.67799437
-2.57064457
2.95125680
-0.55946798
-2.42411524
4.38192143
-0.32723675
-1.65686856
-2.53930808
3.10192822
2.90477814
-1.32365795
-0.27695227
-0.61243751
-1.94644510
-1.24657178
-0.14765742
-2.67442316
5.05149492
-3.07387103
5.42466212
1.89773572
1.15868518
0.50160236
2.09372671
0.42763887
-1.26171210
3.83390898
0.80871678
0.61503969
1.29740998
0.78437306
6.79324084
2.15487927
-0.44873598
1.78936544
1.92382193
-5.34895484
3.88536892
0.45610945
1.88710779
2.12386746
-0.49693227
0.52358945
-1.68631283
2.66367738
2.21373425
-1.68808243
-1.82762106
-0.80164811
-1.56590098
2.14589303
-0.17336980
-0.69509116
1.58366169
-2.90689495
4.58765449
4.98251075
2.08346592
-1.88271816
-3.10553498
-0.53743122
-1.69758146
1.15884150
-0.63160957
-0.16647884
0.83634725
-2.94441007
-3.29228725
-4.31279769
0.72304915
-2.24264878
3.06704960
4.85684170
-1.05727682
3.77902835
-0.29063197
0.18473201
-1.52930784
-2.11666544
5.97525491
0.37794723
0.46719863
-0.17058799
-0.74741229
1.09513882
-0.66396166
2.62824087
0.90425070
-3.94251256
0.79349267
0.85696130
-4.46599576
0.07188177
-1.97709208
-0.48425586
-2.91538471
-0.91692272
-2.01223577
-0.72545923
0.00022721
-0.72898486
-2.08779873
-0.17106061
-1.60911085
-0.67793814
0.56916817
-0.91762356
3.36666075
-0.78286258
-2.66332215
0.11734535
-3.97705623
-0.21832563
1.11865337
-2.88920467
0.60175897
-0.20091112
-0.27097560
-0.24286049
1.54827826
-0.58389728
0.34520235
0.05084079
-2.67027357
0.09794006
-0.64821848
0.87040965
2.77546078
0.08369261
-4.17284459
-0.04569988
0.63043243
3.30343580
-0.71964567
1.21571054
0.11809859
1.37805829
0.05284344
1.51819947
0.99666454
-1.01535857
0.33040630
2.24468393
-1.32916128
-1.30621607
-3.73894180
-4.57105319
-2.25318530
-1.81350593
-1.52470935
0.99939707
0.15357659
2.92991328
0.47467518
0.32367632
0.80591363
2.56326605
-6.52538543
0.84419153
3.15705798
0.73814703
-4.70499273
0.83468009
0.38594493
1.50212447
1.44930754
-0.13495686
-1.12136843
0.20497751
-0.91240202
2.63470565
1.21732901
0.39732749
-2.69425182
1.86624440
0.37585393
3.65413008
-0.61628390
3.32475826
-2.33153547
-0.63970959
0.61719740
-0.59684745
-1.61824293
1.24028282
0.07955643
1.40222008
0.71570059
3.79412489
1.88103239
-2.54712675
-2.65420029
-0.73349917
3.00595808
0.77331198
-0.32685491
2.03163430
-3.55737269
1.54342502
-2.30942196
3.66565584
1.94513071
-2.24930321
-2.46623232
-2.18800723
4.72169555
-2.08694261
-0.33705100
-2.40925988
0.15085645
1.66282144
1.58676718
-2.70256051
-1.95258965
0.17919094
-0.80932072
-2.77273801
0.23825449
1.14788271
0.19263659
-2.73632175
-3.79900726
3.53071656
-0.08813965
-1.56880848
-3.24186923
0.22891680
-0.07675719
-0.67859855
1.92123931
0.35043380
-0.22843963
-2.34257227
-0.04355252
2.14367222
-3.35402043
0.75975786
-1.33435451
-0.67746980
-2.30240674
-0.10280181
0.72143418
-2.40127807
3.76531255
1.28053306
2.73365945
1.65724655
1.21499349
-1.17536832
1.78487213
0.91646721
-2.73392899
-0.38297055
0.41490484
0.92805845
1.10108451
-0.50728761
-2.28482818
-0.87784004
-0.72425244
-1.39550468
-3.40499146
2.83805312
-2.53261718
-0.64583974
-0.90350580
-1.03601734
-0.76482277
2.87338319
-0.61500023
-3.00652590
0.66767239
-0.48115194
0.50169908
2.57574396
-1.79292649
0.22314521
2.83651072
-0.60864867
0.21383626
0.85174302
-0.35123960
-2.95942608
-4.57145205
-0.48037945
1.92821603
-3.86600173
2.06650933
-1.12175522
-0.41810642
-0.65882274
-2.20446411
-0.79392609
0.30262682
-2.90231428
3.63352540
-0.65900741
1.11113209
-1.93466569
3.06781046
0.63488471
1.66523636
-0.53970295
1.21559913
-1.98098224
1.61972830
-2.93917538
0.00174239
-3.04037005
0.99045710
2.60974206
-0.57460527
-3.24395112
1.30073761
-0.87466835
5.59999801
0.99478027
0.88470089
-3.16041801
0.30124883
0.11015291
-2.01044974
-0.15202568
2.91504968
1.14781814
1.41272501
0.85063214
3.08276804
3.77181023
1.12537441
-2.99632627
-1.36794367
-4.71350543
0.12027737
-2.50666767
0.83248166
-0.67882889
-3.60209612
2.37196162
-1.14522423
-1.00643562
2.01633454
2.43300192
-0.21877421
4.75938176
-0.62583195
0.96099923
0.92665146
0.20960765
0.94776302
0.09991933
-4.36444078
-3.48106472
-4.90781434
1.71655029
3.91150992
-4.09825719
0.23192719
-2.32217134
2.11531112
4.77929807
1.80894460
0.20047720
-1.97974320
0.91405142
3.22241155
-0.85693718
-0.46037357
3.97145527
2.06170951
-1.44220854
3.01053952
2.22813918
-1.00220969
-0.64905237
-0.49568318
-0.37676152
-0.64423572
0.47871174
1.81845572
0.27830843
2.62624537
0.41194268
0.01816994
0.19282886
2.57444419
0.51648250
-1.52151097
-0.45949066
1.48400708
-2.48185759
-3.88140714
-2.27350783
3.01036267
0.09257032
-6.40190939
-4.29771617
-1.95271697
-3.03975000
2.22216017
-2.54787714
-2.19021530
2.69689883
-2.16398413
-0.30668652
-1.43922557
0.64921899
0.73049555
1.34103473
-3.83456258
-0.63076548
5.23886236
2.41204574
1.34591487
0.02002662
4.33414378
-2.53218066
-1.01677264
-3.37197599
6.27823965
-2.88751560
3.03560221
-3.41777561
-3.18186323
-1.81093903
-0.61459539
-0.95778129
2.29012443
0.04514362
-2.44679953
1.03757311
-2.70643451
-0.97893439
2.66050885
1.20697155
2.10895776
1.13146076
4.61095133
1.18574852
-0.79401148
-5.37938853
0.59359704
-1.25247971
-2.05747385
0.80563324
-2.75860207
0.74342650
0.91392005
-2.88032254
-2.73002704
1.89113667
-1.13811535
-4.18447627
0.51832168
1.14804052
2.36027455
-2.88187793
-3.75175558
-1.32069822
-0.08673183
2.15549407
3.33986583
-2.93916191
0.37188327
-0.65427907
-0.76440067
-2.27858148
-0.96400541
-2.49298087
-4.11910334
-3.08738176
-0.14102013
0.32065068
-3.37027303
-0.20466143
0.04458729
-2.40487476
-1.76728907
1.94894399
-0.59219586
0.10976130
0.86426891
2.89429054
2.40931338
-4.60995521
-2.54180368
-3.33099785
1.77759044
1.61924014
-6.04207112
1.24065753
-4.76025849
-1.36737324
0.34008063
3.02067015
0.51873487
-1.00265660
-0.57061307
-2.29121667
2.20448857
-0.72995248
2.85299486
2.27681155
1.39109464
3.71514743
0.29224909
-1.86064332
-4.67997776
1.00477241
0.86412078
2.89426470
-0.11079266
-0.30437326
-2.74469987
-0.34758003
-2.56221281
5.76974817
-2.73989882
-1.19626548
0.31275724
2.35166326
-4.29023093
3.24262993
-1.34217912
-0.60008991
0.79908010
-0.31794359
1.37813599
1.03092348
-1.82491672
0.46566531
-1.66750110
0.06738524
1.44106469
1.67490048
-2.74529846
2.32836506
-2.37700191
1.51800303
2.18958756
-1.32281708
0.26610569
0.85556593
2.34168852
1.16973226
-0.14724047
-2.33428220
-1.95862447
1.84498292
-0.61849804
3.14370826
0.30767160
1.40331012
-3.68547279
0.85545005
1.14694195
-2.62658075
-1.80508188
0.21869047
2.81286340
1.47557416
-3.66703618
2.24757342
-0.34290300
-1.40686291
-4.68364773
-1.96371362
0.54246507
1.97764088
0.24592985
0.96923083
-0.13484344
-5.34713096
-0.05475423
6.79185725
1.17633947
4.52948720
2.03965913
-3.00557873
-1.81208513
-0.40597782
-1.77265878
-1.85047478
1.68646195
1.65797119
0.95933493
-1.95085185
0.19217842
0.47892199
1.59154988
-1.10299761
-0.11530071
0.36493942
-0.84006412
3.36922434
-2.48162737
-3.58267433
2.20400021
-6.34589748
-0.49095741
4.08952224
1.91095681
0.51747357
-2.01130370
-3.83979102
-0.21779760
0.60518237
0.22327328
-1.40423665
0.43205223
0.10521825
-1.17801431
2.68288245
-3.90712168
0.94207951
0.78872240
-1.78463970
-0.83292950
0.89168892
0.13441234
2.06846821
3.17198524
-2.17367113
1.05090890
-1.39801905
-0.69973568
0.49866702
1.96387724
-0.32402787
-1.79526559
4.06517909
3.48550871
-1.68632678
-1.61718051
-3.00141188
1.07978039
0.51865027
1.54941243
0.44932547
-0.37999651
0.39493670
0.97622097
-0.99616361
2.39467168
0.70705563
0.22698547
-1.83619891
-0.75310357
-1.23474562
-1.25719625
2.67968288
-1.09189542
-0.01598285
-1.61292140
3.03468207
-2.27306226
0.86019955
-2.05742516
5.09868134
-0.98584663
0.43192749
2.55669472
1.31005505
-0.87789542
-0.44456242
1.67228197
5.27315853
-1.30449965
1.40409511
-4.03037083
1.99048663
1.14101585
1.14017713
-5.25189599
-2.37280354
-2.79375256
-2.33379597
-2.03831438
0.26026483
-2.79135614
1.04221286
0.85480334
-2.25486404
2.85615010
1.51450272
-2.16705743
0.40977359
0.22223444
-0.93485559
-1.52891265
-4.15173687
1.14127895
-1.65244497
-1.35784164
1.45457462
1.10484533
0.51594490
-1.23604731
-4.55586134
-0.63640640
-0.67068814
6.00667366
-2.11848929
-0.34497709
1.07223088
0.06856110
0.93373422
-0.65556897
-1.42073128
-1.20212029
0.91910239
0.61343446
-1.47291415
-0.80707270
-0.95307368
0.82614302
-1.72961590
-0.99562753
-3.74070704
-2.57449617
2.30888731
-0.80931253
1.03181546
2.23469633
-0.99326400
-1.42179061
-1.37541390
1.41042549
-2.79263997
0.19411557
-2.54642149
-0.07404453
1.99840471
-2.72430153
1.95898337
-1.38014065
1.56755374
-0.34607031
-0.54582163
-1.84872569
-0.57104530
3.33352616
-1.52922124
0.11465324
-0.59269237
-1.64787602
-2.92799456
0.07905612
2.02060723
0.22821006
-0.35686506
1.90499978
2.05344636
-0.55728957
-0.60674068
-2.49091412
1.95017308
-0.39467157
0.08204310
0.02668715
-3.50440874
2.34251649
1.74758404
-2.68945590
3.42043851
0.56544145
0.46150683
