0.18913045
1.43925055
-0.35891293
1.37810517
0.05095674
1.20622609
-0.97869666
-0.32503211
-1.58375979
2.25843265
-1.53386879
-1.16880605
-0.65413901
-0.36518277
-0.92133543
-2.57780686
-0.06349809
0.75754524
-3.00480747
-0.07740529
-0.97181332
-2.03896550
-1.45779009
-0.67770995
-0.05906662
0.29594101
-1.96032356
0.76980406
0.35531590
-0.45866154
-0.76251050
0.23663555
-2.03362816
1.34444162
1.64047082
-1.09786521
-3.31477559
1.19802946
0.96828396
0.32440489
0.66043774
-0.38977656
-0.42925924
-0.78601295
0.88068472
1.19302791
1.20010449
0.22058833
1.88774907
1.11436973
0.99040763
0.21571060
-1.46611711
0.52076478
1.11907885
0.19858206
-0.65512877
0.34697069
1.85280519
1.79019611
-1.77986140
2.39017900
1.51193840
-2.32351076
-2.36094139
-0.86687856
-1.93264944
-1.25247713
-0.71528951
-1.01531086
0.95840735
-0.20374964
-1.41680760
0.02926810
0.82093534
-0.58646973
0.58451706
0.98400015
-3.17279683
0.49784865
-1.02764473
1.73816186
2.21338209
-0.87756299
-2.97547619
0.00855233
-2.44658240
-0.79570482
-0.01619155
-2.75278138
0.93606587
-0.47476314
-0.70536869
-0.07214291
0.80252366
-1.33453339
2.44440733
2.23862606
-0.54985444
1.78303361
0.36088233
1.08903413
-1.14771895
-0.40077213
-0.17446887
1.73550713
0.74417768
-0.01459473
-0.08158575
-2.00573646
1.84963217
-0.62558573
1.12890489
-0.70750169
0.70125094
-1.25004436
2.11041675
-3.59147198
-0.86697178
1.92772077
0.72461798
-0.90171272
0.71133084
0.66802577
0.41460836
0.87698811
-0.21770053
0.30325159
-1.09006416
-0.87368902
0.35515147
2.14854208
0.74911119
1.95878757
-0.18913385
0.51093500
-0.26468950
-1.60111326
0.76230794
-0.43217599
1.10581361
1.95159996
2.96240050
0.26176216
3.21381882
-1.64814397
0.46295317
1.87434076
-1.89043722
-2.58528681
0.01089981
2.12833096
1.86222372
0.11171387
0.08996098
-1.21584337
0.93346981
2.53705845
-3.23148452
-0.80314931
0.38988390
-1.82882863
1.38889149
3.44418430
-3.51567310
-0.23585434
-2.39528250
1.36135353
1.91798856
0.22519797
-1.97630578
3.07059383
0.45008576
-0.45641168
2.33447201
-1.71282625
-0.91836361
-0.85697316
-0.72712656
-1.73560533
-1.01991223
0.75213236
1.82277870
1.44881955
-1.50055488
-1.56646852
-0.74725003
0.64033304
-3.23001209
2.21811227
-1.23532653
0.39425502
1.21171243
-1.75553586
-1.25257814
1.29824105
0.11139632
1.67034077
-0.68004882
0.29440370
1.67675780
0.41632419
-2.61505419
1.44763241
-0.45966706
1.20824531
0.31726230
-1.18085075
-0.37250289
0.88626957
-0.83788157
-2.42453104
0.54814230
-1.12923968
-0.38383658
0.23798216
-0.29689818
0.21886132
-0.73659338
0.01441830
-2.48319298
0.87292043
-0.16767604
0.92962934
2.28912339
-1.85715652
-0.27727295
0.65261626
-0.19014963
2.43960466
2.73839268
0.75960378
0.62933852
0.01084026
0.16604913
-1.73787212
-1.82489565
2.91055305
0.89162815
3.31314319
-1.64565100
0.73865554
-0.99095495
-1.80164081
-0.98403582
-0.69393227
-0.58845685
-0.59739182
0.09098838
-0.38302569
0.68844237
0.99029442
-1.81037373
2.77566772
-1.00660695
0.22221631
1.04346090
1.01731603
-0.26395141
0.11009461
2.76544417
-0.55728849
-1.21167815
1.15585107
0.35402780
-1.31356665
0.00461634
-2.79067445
-1.91346420
-0.73268501
-1.89705108
-1.39993676
0.14064308
-2.65791975
0.50015021
-1.62034979
-0.23639709
-0.07231785
1.84936935
1.18626703
-0.77759597
-0.73753401
-3.19281901
1.13556064
-0.57771005
0.00478053
-0.61443733
-0.15992985
0.37485016
-1.98524766
-1.94426814
0.16218812
-0.08402088
-1.50076746
-3.27961743
-1.11827978
-0.35497070
2.13390755
-2.33782536
-0.47035737
1.69172046
0.19912876
0.06916307
1.54852443
-0.91342692
-0.61742743
1.23273709
0.97835011
-0.27661996
-0.40673129
0.33845940
0.09154273
-1.39704295
1.01074489
0.97878468
-2.14448649
-1.38682194
-2.63046692
-0.03468639
2.35149082
-1.86762477
1.97463622
-0.29720001
0.09837150
-1.64819812
0.34596252
0.63653043
-0.02902161
1.03228882
0.13728772
-0.13846996
-1.98609324
0.64353700
2.27390456
1.43965207
-0.15406531
0.28700163
2.17347939
-0.12697100
1.29403291
-0.90773792
0.40252499
1.17004760
1.57615336
-1.25995725
0.71033034
-0.14837774
-1.20738998
0.07897779
-0.33107602
-2.42328778
-2.20502298
1.27594762
-0.59890870
-1.31209712
0.71167012
2.80806371
0.57445433
-0.66950777
0.98066525
-1.19860150
0.36197110
-2.90764883
2.99568826
-0.23189115
1.55933052
-2.56148166
-1.04395092
1.25089466
-0.69262382
-0.63864703
0.37835900
1.79340686
-0.78007307
0.79261813
0.15032054
1.55257388
-3.12377918
-0.55420738
0.56885577
-2.57974140
0.96499060
-1.43015215
-0.18802033
1.38526950
1.51801571
-3.26810202
-2.75312391
1.53682947
-2.12179512
0.61641777
2.32252934
0.74166985
0.01122289
-0.58919553
0.44831453
-1.68714973
1.67598843
-3.30108632
-1.67355493
-0.24303238
1.94097611
-2.00090368
2.63273886
0.51048409
-2.37074039
-3.01782157
-3.60614409
-2.18718441
2.32846321
1.76679580
0.87627409
-2.51219404
1.24003047
1.62512256
0.78018192
-1.68512179
1.25133693
0.10796477
-2.69604250
0.63998137
-0.86125098
-0.92428900
-0.36759715
-1.23703702
-1.27494748
-0.54857651
1.49000770
-0.87946127
2.32788259
3.26089960
0.46445262
1.25858868
0.05333508
-1.02043302
0.53897071
-0.22864150
-0.12643326
1.35719165
-1.12632984
-1.93159580
-0.15035729
-0.59753521
-1.97220927
-1.08757008
-0.05961161
-0.96585585
1.03223080
-1.15215139
0.88452032
1.68433146
-2.69330800
-2.96104095
0.34017872
0.46446009
-0.39400446
-1.80452632
0.55663492
-0.68190933
2.49010738
2.80082741
0.98073894
-1.11210916
-0.09980325
-0.52148385
-2.55121405
2.79788484
0.05697856
-0.36408576
-1.19837859
1.17383714
-0.18342119
0.21197190
-1.80898645
1.25937460
-1.18553768
1.24738355
-0.47115543
0.05694183
-1.01323843
-0.01670319
-1.27588714
2.58598872
0.72938144
0.83992453
-0.77448408
-0.82061971
-0.62812660
-1.69926861
1.57445382
-0.73027052
-0.68469750
-1.83891249
0.87834606
1.56739083
1.25696979
-0.11708517
1.41999955
-0.87738952
1.73740463
-0.08065286
-0.42755171
-1.60150414
0.82354634
-0.05532854
2.06090613
-1.50499329
0.56637907
-1.01736087
3.28320101
-1.28905056
1.21155628
-0.03664913
-1.17967981
0.79278277
-1.36366060
0.26772163
-0.86827006
1.85013832
1.04184891
-1.19412847
0.37822975
2.68362680
1.14721682
-0.95753879
-2.15866652
-0.12640449
-0.26978794
1.10761187
-0.79556774
1.99046028
0.65065607
1.70768548
1.32148373
0.53823306
1.72425277
0.40026911
1.13612660
0.09052664
-0.64028205
0.88255283
-1.72314356
1.59215791
-1.05204759
1.21006750
0.15916133
-0.07742037
-0.27930172
-0.88522513
-0.23853877
0.54581528
-2.27738463
1.84238206
-0.31299127
0.85166205
0.88638186
-1.60069773
-1.04568424
0.25717729
-1.15676001
0.91266543
-0.94030888
0.85565728
-0.62867951
-0.19277744
-0.38649614
-0.30772669
0.29049018
-0.45583966
-1.54419161
1.19580124
-1.44326610
0.09420607
-0.67323430
0.80863510
1.63646810
1.20219980
0.23897440
1.34177797
0.86288982
1.54052524
1.12136588
0.13857247
0.55105567
1.40703198
0.45776086
1.36844775
-1.14132592
0.75177005
-0.12789891
0.63439460
0.19658555
2.35719511
1.50377461
-0.23068737
-0.33843545
-0.84836343
2.29916738
-2.46441652
1.59530646
-0.96851095
1.01392380
-0.74512148
-1.12203579
-2.79109290
-1.87971496
0.66746507
1.36950858
-0.25917217
-0.89359897
0.05222889
-1.27358000
-1.09949755
-3.17943670
-3.39268565
1.54312607
-0.35940439
2.72073153
-2.17172927
1.11796114
0.62267659
2.59131487
-1.12000001
-0.13997008
1.44934099
0.88273341
0.02859090
-0.57408901
-1.46304318
-1.25651044
2.73296948
1.53606377
-2.29889180
1.30390907
0.97777859
-0.30968628
0.40052748
-0.85651943
-4.95599173
-0.16569800
-2.11081731
-1.32268502
-0.28731185
1.38419584
1.10773671
0.19113551
-0.63364466
1.98230550
-1.59435230
1.11158336
0.85462804
-1.83165179
0.86687796
-0.08698350
2.36695640
-2.82830937
1.38993305
0.80687557
-1.07423258
0.15107679
-0.96502918
0.90788408
-0.10216517
-1.39624983
-0.11033479
-0.27980758
2.30663277
0.15264751
0.78514834
-0.78338447
0.66037753
-1.28624327
0.04204460
1.74524524
-1.92051779
3.27720880
-1.43990124
1.44691304
0.85277709
0.96226160
-0.79334124
-0.36986121
0.90780954
0.90810674
-0.23366402
1.06437530
0.21788031
-0.07803468
0.37025186
0.12206691
-0.71150388
-2.55238487
0.81110540
-0.09078956
0.16894259
1.05636966
1.18312562
0.69663857
0.29333916
1.39654166
-2.18723548
2.45993265
-1.49457899
-0.81696679
1.08648583
0.82170379
1.84127586
-0.42119787
-1.66969190
1.27951312
0.84981415
0.37302557
-0.68821028
0.40223113
1.06854954
1.27579754
0.62282265
-1.22504248
-0.62417739
1.07307585
0.71869142
-0.89677835
-0.47675032
-0.14972296
-0.73084404
0.50979712
0.62884941
-1.14667307
-2.14867513
-2.35702177
0.24365294
-4.84990781
1.03929883
1.25704297
0.66331397
-0.45694638
-0.92055741
0.57558155
1.97551703
0.87212269
0.39625272
-2.00768304
-1.72317652
-0.58019898
-1.08689498
2.27673055
-0.10806551
0.16089297
2.91311520
-1.20057012
-1.36024433
-2.04326737
-2.41243367
2.35964900
-0.06181726
-2.02444297
-0.21237119
-2.67256133
-0.77002145
0.38417405
1.41618612
-1.15880450
0.06863279
-0.18804824
1.37521166
-2.68454513
0.92424854
0.82997170
0.46823339
-0.40736455
-2.45646551
-2.34916875
0.15122076
-0.14229793
1.17182042
1.60933564
-1.10630331
-2.13719937
-0.26491851
0.51890693
0.51590514
-0.60104066
1.26264830
1.50669278
-1.41445168
0.44225878
0.95786535
0.60917982
0.28094604
0.22748988
1.98966909
0.50512926
-0.15092239
-2.07633863
-1.98371177
0.63123920
1.73605638
-0.27176016
0.86177596
-0.81962355
-1.43047656
-1.33962709
1.01218330
-0.22525423
-0.19960093
-1.16617362
-2.71049551
-0.77923060
-2.05725883
1.07923435
0.70708407
-1.30582857
-0.16184657
1.02025337
0.12346296
-0.03779517
0.28604782
-1.34773773
0.37544209
2.42789307
0.78937348
1.41226824
2.03762568
0.99123889
1.76376465
0.45002500
0.48037782
-0.94457358
-0.47490645
1.08831834
1.66671302
0.12979877
-1.59694968
3.36735742
0.15546905
0.49509486
1.15899521
-0.08630237
-0.28325254
-1.72097704
0.06782076
-1.17168211
-1.58125729
-0.19441501
0.74924708
0.58291870
-0.70177438
-0.45074928
-1.48340313
0.66825359
0.16920094
-1.70159934
-0.18837741
2.47832359
2.10726980
-0.13426403
1.29635727
-0.84973460
-0.92422574
-0.24808442
-1.33132616
-1.73086253
1.24199899
-0.93263820
-1.09349733
-1.12374448
-2.87078020
0.60440847
0.42621919
0.88865193
0.71719640
-0.34550810
-0.52304963
2.83061064
0.73837238
2.61319451
-2.28379064
-1.47720910
0.90845267
-0.68028767
-0.33546262
3.12376626
-1.37005870
-1.30003024
-1.33219249
1.28652478
-1.49137426
-1.07090409
0.01279450
1.01900976
-2.74783344
-1.01180182
1.08391972
-3.01649152
-1.89686299
-1.77785180
0.40992392
1.98167261
0.98452373
-0.12651892
1.95637791
0.39886341
0.59668621
0.50168547
-0.67599235
-2.01609313
0.32635050
-2.53170600
-3.28769426
1.05620008
-0.31592006
-0.10299808
0.77022132
0.06597330
-0.61421881
-0.13658187
-2.76287366
2.58317355
-0.02616015
-1.57851534
0.67947295
0.15263269
1.04781514
-0.11129609
0.69952824
3.17736721
0.17825267
2.26560217
-1.12846211
-0.73580631
0.47642762
-2.09237239
0.11409433
-0.51071789
0.48718376
-1.29328565
-1.39787977
1.00127511
-3.17435471
-0.03402375
1.38423864
0.31771298
-0.32209665
2.09004411
1.85873684
-0.29154084
0.71735472
-0.53166089
-2.51462436
-2.05603588
-1.40284514
-2.20686863
4.75125151
-0.71426466
-0.17233219
0.23594162
-1.61339540
0.72752925
0.03983405
-0.30951303
-2.45831994
0.04704705
-2.22171080
-1.54126306
1.45670788
-1.33573970
-1.36794358
-0.55521018
-1.34094310
-3.12915487
1.33683078
-1.05174697
0.91599523
-0.26539005
-1.95159158
-0.24371196
-0.17351844
-1.15345172
0.44863975
0.20554028
-0.28100450
0.17742435
1.53576576
4.90030489
-0.19862342
1.96264339
2.39095166
2.43214955
2.27632966
1.42250875
-1.65170641
0.29084285
1.25507430
1.75375020
0.92008016
3.39283777
-0.55333374
-0.50280772
1.89215758
0.34369968
-1.10598162
0.98425479
0.14148313
1.31338287
0.77103021
1.02251186
-1.66691911
-2.82444348
-0.60653387
2.02534975
0.86634341
-1.82544544
0.88273094
-1.73883614
-1.27213442
2.53815693
0.01403519
-0.74496888
0.04948722
-0.35768030
-0.76259528
-0.12889705
3.10819580
-0.79215597
3.25195132
0.52954348
-0.11606348
-1.50186927
0.54179234
-0.41258203
-2.08679129
-1.40954802
-1.58338023
-0.21665117
1.57789470
-2.31469060
-1.02708891
2.73728142
-0.48081105
1.72310575
2.29766132
-0.06401665
0.43295172
-2.28883976
3.81093007
1.52378064
-2.26274937
0.24386059
1.06561612
3.22286760
0.35861917
0.07364976
-0.21614586
0.60180537
-0.41483774
-0.95930553
0.86266219
2.13555524
-0.38626055
-2.61326306
-2.68593446
-2.75912889
0.32643287
1.04887569
-1.05666598
-0.67694715
1.90586512
-0.48087927
0.18750196
1.90704548
0.14282752
0.71110156
3.30715162
1.00768588
1.27890682
0.82025097
-0.70216866
-0.66815302
0.12831470
-0.95382721
-0.01964758
-2.34160155
0.15621431
0.84653382
1.49712318
3.01226572
1.47629300
1.04388851
-2.44397190
2.98730430
2.23867465
-0.21614213
1.15502921
-0.92946188
-0.25367615
-0.07383881
0.53028688
1.69642762
1.71741915
2.91111375
-0.13816796
1.22818084
0.35863971
-0.91801359
1.22750758
-1.42407285
1.12205513
-4.16831919
0.80151469
-0.44460782
-0.00722658
-1.88362321
0.76729048
-1.68415013
-1.56941396
-2.50935963
2.46188629
-0.66959605
0.00184910
0.58077296
0.63237367
1.24069997
0.32186274
0.80966140
-2.49229379
0.43910534
-1.80759465
0.36874321
-0.57212089
-0.77031246
-0.01777621
0.14773684
-0.26206150
-1.42464850
0.45050489
-1.40257922
0.04448908
-0.13701479
0.45218635
-1.57030180
-1.42808471
-0.09818051
-2.79742170
-1.29136100
0.32386842
-2.14769613
0.77099916
-0.54903025
-2.14898271
-0.39514956
-0.59544644
0.54917735
0.91152435
1.49873660
-2.19325716
0.83536754
1.12371766
-1.96935474
-0.49098037
-2.70799759
2.85754712
1.10173467
-2.70758495
1.57403505
0.67458463
-0.07788668
-1.27572653
0.00517660
2.23415621
-1.62245859
-0.61165967
0.94819307
1.11097954
1.47662016
-2.10851813
1.72678279
-0.87439559
0.95747294
2.90603123
1.83209032
2.67349969
0.28610280
0.98141497
-0.13279142
0.45971612
1.50474188
1.52978833
0.42552390
-1.39833035
0.56574058
-1.10104600
0.32486521
-1.52406097
-1.77256084
1.52301691
0.67743281
-1.77662384
0.38662671
-0.83736252
1.71582215
1.43192159
-0.78507838
4.73272931
-0.89061105
-1.78091016
0.20400490
-0.06906490
0.05115943
-1.77106633
1.94434505
-1.17194096
-1.50639816
1.50164464
-1.96320475
-1.66558933
0.02252757
1.35131959
-2.39056116
1.56071817
-2.58529040
-0.38175796
0.83570172
-1.96909290
-0.92983053
-1.31346003
-2.09249544
-3.12750939
-1.04368621
1.59997880
0.34341025
-0.39481449
-0.80907914
1.49923358
0.48124167
-0.42772214
1.29794935
-1.28841633
-0.05853677
0.28960992
-0.91262809
2.09261026
-0.78167967
-1.94500962
0.46201422
0.81931480
-1.21391224
1.93964521
1.45832585
2.20904604
-3.63618727
1.27536265
-0.86753209
-0.65817897
-0.50081984
4.49347451
0.20945261
-1.81212635
-0.91368696
-0.46077032
0.42132960
0.92767741
-3.54859190
1.00068912
0.61897041
-0.52341738
0.44825855
-0.48128779
-0.17122271
-0.11064812
-2.83555584
-0.92828581
-0.95364375
-1.35249850
2.30680655
0.48078040
0.52520982
-0.07708036
0.24417744
3.83475955
0.97962760
-0.51818250
1.59112570
1.51934541
1.13895262
-0.28904776
-1.34960340
-0.85963166
0.16796940
-0.89162823
0.71756290
-0.84091012
-0.29971513
-0.75195299
-1.05521677
-1.41935806
3.09423681
0.61120736
-1.09256696
-4.53313506
-1.72961939
-0.62175759
0.31817728
-1.69854355
-2.02178849
2.84819019
0.16525714
0.93894703
1.15219859
1.30148752
-1.36929931
0.61335699
-0.93286487
0.60288864
0.37747269
0.37057690
0.18199270
-0.79785515
1.16082746
1.45464826
1.66714337
0.30436546
-0.55708823
2.72545288
1.14172591
-1.60836444
1.89696021
1.28555256
1.54433044
0.26351326
-1.33735853
-0.91283953
-1.10509540
0.47929211
0.38112178
-0.69294304
-0.59394885
-1.34192460
-0.10661850
-0.35927807
-0.20397336
-2.27740961
-3.26348342
2.40777879
1.87181510
-1.09190801
0.39918378
-0.76900754
-1.69414293
0.14524628
0.97871416
0.18098214
-0.89448573
-0.17960192
-0.39122982
-2.54149003
-1.28088446
-0.96383275
-0.34876864
0.33506653
-2.61130321
0.25097262
-0.53921093
0.75020115
-0.34235435
-2.40498942
-1.20122639
-0.00946662
1.21099839
-0.10156527
0.62981533
-0.70724125
0.82213981
-1.79791672
2.09354508
1.95603011
-1.10081202
-0.65919537
-0.79497939
0.83143674
-1.07907278
-0.07069830
0.91040457
-1.20038521
-0.12546459
-0.13666972
0.52346335
1.40897209
0.60171713
0.50363348
-0.96562955
-1.06116908
0.11759883
1.41932170
1.36594358
-2.15778333
0.22864383
1.08443935
0.80255362
0.81874060
2.42732375
1.49912449
-0.83765561
1.57460602
2.57317240
-0.02677451
-1.28483497
-1.12160829
-1.86712141
1.88939495
0.03136421
5.05856717
2.44201394
0.85665635
-0.27241752
-0.15750785
-0.05030610
1.46782813
-1.83929096
-2.47879975
1.96199098
-0.80654473
2.47259754
-1.45967394
-2.59195857
-0.85290440
-3.80287051
-2.64869081
-0.29861515
0.10032166
0.60624306
0.12129155
1.54998372
-1.72836643
0.38843293
-1.33462689
-0.52818735
-0.04577227
0.23041688
0.34922011
-0.97868166
-1.32838044
-0.13684149
-3.63758901
-0.23080804
-0.36972515
0.23792817
2.28040213
-0.00905232
0.37004445
0.10951499
-0.39799299
-0.89789062
2.09247772
-0.91412654
-0.62478098
0.43532190
1.09733256
-0.75332564
-1.91913570
-1.38491983
-0.06937188
0.68125657
1.09439315
-0.65594862
1.11939734
-0.25087291
0.10601696
-0.41838890
-1.88786599
1.25693533
1.50611453
0.79589392
0.64211162
2.22727785
2.46954580
0.34732388
0.58117312
-1.53072341
-1.05231808
1.38036266
0.71306053
-1.59811330
2.76472959
-3.20228425
0.59680295
0.93103474
-1.64801405
0.24168057
0.77063742
0.43990669
-1.17670068
-1.34050491
-1.35461833
1.23278311
-0.81761250
-3.33427031
-2.73253711
2.85651427
0.96946558
-0.05591775
-1.15164375
-0.14096867
-2.02018670
-0.01383660
0.86152974
-0.09547188
-3.58631849
1.47296124
0.08876969
0.32267590
1.69578590
-0.51585719
2.08788062
0.62702540
-0.26100200
-1.37821642
-0.76416608
-1.37781298
0.14496169
0.49614680
1.23849457
0.47263312
-0.42453306
0.86100555
-0.78496219
-2.18532961
1.18767054
-0.07014595
0.08647109
1.28774042
-0.62517060
-1.03358582
-0.93875665
0.57586196
1.57993321
-0.63668769
-0.07239032
-0.10298066
-1.48699216
-4.17629728
-0.76030205
1.13265908
-0.10779962
-0.91966101
1.31310925
0.44822376
-1.14786949
0.59733329
-0.47368104
0.58077085
-0.38118229
-2.75155735
0.75550273
-1.66276746
-0.45874890
1.57165737
0.66374885
-0.36537240
-1.05153875
0.58307172
0.84497231
-0.25784317
-0.04561251
1.13282798
0.79936543
-1.13038196
0.17868493
0.31401829
0.44257257
1.57526872
1.31650612
0.20547265
-1.84731170
0.11934534
-2.44131314
-1.45531731
1.06093106
0.75811396
2.26489421
-0.09251433
-0.05351455
0.83345500
-0.84550527
0.68365677
2.32528657
-0.53663664
-0.06697197
3.12303548
-1.58778452
0.55698013
0.46320647
-0.30874430
3.62373374
-0.28818252
-0.67704904
0.05969372
-0.54398878
0.07333176
1.20775136
0.69372696
0.25297625
2.78278586
0.52147282
0.32154635
0.36959272
-1.05913729
-0.84551468
0.43838154
1.04025477
-0.31531414
-1.21051385
-0.80170450
1.40551448
0.10343765
1.08602892
-1.26563629
0.99326704
0.67560680
-0.64946244
-0.82330276
-0.12747867
1.00599278
-0.85546479
0.07324036
0.66849822
1.13145982
-0.11408530
1.21882831
2.46767918
1.93454688
1.70089324
-0.64922290
-0.02201045
-2.74244464
-2.22638201
0.34805247
-1.76219270
-1.90322323
1.37050700
0.37229374
-0.48383209
-1.04297054
-0.23167667
1.48607532
0.76583640
-1.73373202
-1.15685456
0.24618821
-1.59528907
0.75507074
-0.07625424
2.06732662
3.12988687
-0.30934731
0.28898867
-0.37968749
0.15551710
-3.67059554
0.69743621
0.88937152
2.13567694
-0.32924612
-1.04063583
0.71320970
-0.33493749
0.71630432
2.58327338
-0.32019448
-2.01419652
0.80152107
0.46008549
2.24746751
0.30091553
0.61856368
-0.69986543
1.05653794
-2.00365591
-0.29817078
-0.09570652
2.17107194
-0.03889325
1.07905862
-0.13769941
0.65816661
2.11346849
-0.01340188
-1.18984422
-0.81043975
0.66291651
0.09275393
-0.94380746
-0.90623029
0.93902956
-0.02037697
-4.36604737
-0.20101542
2.80882654
0.27825303
-4.00714202
-0.50918149
-0.13790009
-0.47300569
-0.35351983
-0.86203259
-1.59137039
-2.10151890
1.18023245
0.39603633
0.97415483
0.86349542
-0.65772084
0.53802024
-2.74821118
-1.75551498
1.02837535
-0.84136527
2.14712576
-0.73742925
0.04267556
-2.93670469
1.44988808
-1.04374050
-0.45959775
1.22343846
-1.88409104
-0.91439807
-0.12287598
-2.34814536
0.62868539
-0.18440209
-0.70113167
-1.04341304
0.49053694
0.34501480
0.98157897
-0.52284345
1.30373828
-3.01229574
1.35255998
0.18021436
-0.85815865
-0.78566005
-0.93342536
1.06570047
1.08937730
-1.38083507
-1.62403913
-0.34335837
-0.86409305
-0.07742458
-1.39375205
0.16885628
-2.14489743
0.40116803
1.77995369
0.87205101
-2.26334250
-0.58069256
2.51963134
0.44119227
0.21635954
0.92903148
-0.40700538
0.05632082
-3.03954331
0.97362035
-1.65419447
1.67856046
0.53086563
1.52538496
2.35542708
0.12619222
-1.08363991
-0.83517116
-2.82516896
1.46545085
1.02434817
1.53486570
-0.04790384
-2.76697691
1.52126272
1.18891125
0.13619072
0.02583957
0.18801318
2.41109241
3.07337506
-2.75925137
-0.33506690
-0.56870875
1.48701393
2.04614226
1.48532836
-3.07908573
6.03905477
-1.40868063
4.17803153
1.63979480
-1.58077170
-0.15072415
2.91862072
0.13012071
-0.40833352
-1.83492660
1.45353206
-1.26388266
-1.94547708
1.72775147
1.14353037
1.01682011
0.04803863
-0.55492296
0.84099856
1.39905778
-0.90377478
0.49654710
-1.72822019
0.08406579
-0.00207558
-1.58933651
1.52225022
0.59896774
1.09039112
2.19016662
-1.09378844
-1.07669122
-0.58947608
0.52452130
-0.98385523
-1.91624973
-1.51043731
0.94375601
-1.26905094
-0.35739719
-0.35819322
0.98547142
-3.66617161
2.26888340
0.97741847
-0.87801089
-0.68538869
-2.18546381
-0.97505679
0.30370125
2.40031327
-0.68576163
-2.96377672
-1.20262134
-1.28044976
1.68399597
-1.58732068
0.62727599
-0.10798122
-1.23534756
-1.05775005
-1.43548610
0.85539313
1.57768230
1.64237436
0.04960230
1.61223079
-0.22818348
0.47813761
0.77018114
-1.42574710
0.57867536
-0.01664579
0.00025740
-0.50311173
1.21059837
-2.79923143
-1.11768067
0.08776628
1.95622127
2.61767011
2.53068382
0.56013967
-1.14657003
0.19795844
0.41867303
-1.40604778
0.69974187
0.99283333
-0.86999570
-1.84651947
-0.15220581
-2.87322425
1.13609860
-0.00094519
-0.23029226
2.05698937
0.23763819
0.03521610
-1.79124843
-0.38508641
-1.07751877
0.52072064
-0.79299166
0.77549729
1.33565372
2.64556862
1.03384094
-0.16111924
-0.28143167
0.08152416
0.27975195
-0.77537181
1.16565470
3.07200837
1.59532870
-0.85223517
-0.38081818
2.30004456
-0.08052203
-0.11596246
-0.06063227
1.22471748
-2.36572164
1.54295314
1.59694095
1.00749619
-3.13335201
1.10493425
0.85730023
-3.09038115
-0.00098658
-0.05510129
0.67070772
-0.16565961
-1.73915467
0.06141116
3.95457406
1.16465360
-0.70118827
3.52018160
1.24157606
-2.61464730
-1.87921865
1.44381556
0.67436832
0.41453275
0.43755693
-1.60262490
0.71244032
2.94914001
0.37221828
-0.35666587
-0.61647660
-2.06741884
-1.73177695
0.59670807
1.45505004
2.41361734
-0.34848650
2.11495326
-0.57955023
3.00001822
-0.59277725
1.81060904
-0.59989769
1.01592265
-0.72687235
1.23862603
-3.50250389
-1.69089625
-0.75079298
-0.74310203
-0.16013474
0.12283240
1.98116117
-0.26070778
-0.69135247
0.38509795
0.72076122
0.18544877
2.24420243
-0.90050234
1.28815518
2.57369784
-0.33193771
-1.30347651
1.81661551
1.51058927
-3.74677956
0.68727384
0.41606758
0.94459432
-1.64512063
-1.22681293
-2.44595187
0.38644085
-0.49497780
-0.61871059
1.84896716
0.75974211
0.26292439
3.19602446
-0.03195765
-1.87092389
0.58786533
-0.03578332
