2.57625191
-0.99439427
-1.15987806
-0.07860873
0.57493056
0.98902344
0.24448692
0.82609209
-2.72770708
-1.95174938
2.91269012
-0.33736559
2.57267672
-2.32943764
-0.32567220
0.19309997
-1.14540082
-0.85190522
1.17990628
-1.40134191
-0.42642304
-1.09724167
-0.88170652
-1.09549791
1.84136198
1.24545394
1.17346783
1.23188986
1.69730715
0.74745213
2.14125576
0.06562901
-5.20042083
-0.09023528
1.38320058
0.28845503
1.63037649
-0.30304008
-1.26940334
-2.07957544
-1.21067128
-0.76044832
0.38748684
0.90749803
-1.32965213
2.09118432
-0.52504828
-1.10614168
-0.08758600
-1.97103466
1.79764295
-0.49037337
-1.22007451
0.89390427
-1.42246388
0.82376008
1.02649354
-0.36333265
0.48272922
0.41783613
0.75711005
1.80322717
0.82687226
3.15888226
-2.89759126
-2.66116203
1.13510315
0.11170787
-0.72992032
-1.92988784
0.64066358
2.09743059
-1.52079230
-0.49158254
-0.60258804
1.05774118
-2.09056062
-1.54260850
-1.49284588
2.38950044
-0.74694327
0.66565282
0.08649939
-1.53601101
-1.16516929
-0.02344553
-1.69588177
-0.02539861
1.55697345
-0.71470190
-1.72310051
-1.48189668
-1.07749641
0.20186078
1.46226317
-0.07956393
-0.39465090
0.05337169
-2.16021204
0.13107885
0.99763120
2.05056617
-1.70812198
0.71743012
2.16770830
-0.76278061
-1.61146789
2.24994350
1.77636785
0.92165362
-0.49305231
2.57987530
-1.67787312
-2.69166037
-1.19482020
-1.97259366
1.99919813
-1.63630113
0.85631450
-2.85069270
1.56614030
-0.47372001
-1.33249563
1.31014622
1.82637758
-1.48734336
1.12599599
0.87987010
1.30523265
1.59696715
0.88019801
1.29737578
0.36993787
-0.62850113
0.54491500
3.18325155
-1.07972966
0.10020061
0.36523787
-1.04982947
0.05023253
-0.07270181
-2.22306040
-1.53024348
2.79196078
1.96875235
-3.16626665
1.01063269
-1.37511123
1.52425466
-0.61436786
0.50113409
-2.83006608
0.40141461
-0.60142598
0.99128516
-0.73766947
0.15942004
0.01213645
2.97853301
0.67309199
-0.90899467
0.64750684
0.06555405
-0.52768556
0.92102226
-2.00074454
-1.33290527
-0.45699103
0.27701430
0.01910280
0.70066186
-3.34546656
-0.68859873
-0.46521538
0.75250367
0.11577019
0.30656901
0.88570200
-2.50152804
-1.65626730
-0.28550194
-0.51997694
0.59460865
-0.38668126
-4.15803681
0.34405433
1.34906064
1.49932724
0.89395106
1.04335958
-2.51744862
1.04441413
0.36587695
-1.06089378
-0.55195113
0.03134155
0.19896436
-0.51845435
-0.70099388
-1.08795841
-2.01901879
0.93214904
1.33684637
1.52125126
-1.02256844
0.66947345
0.02740069
1.43238253
0.06441199
-0.86247369
0.00328322
2.56579625
-0.17782389
-1.91269958
-3.15143263
-0.64302608
0.42042890
-3.78876106
1.17401746
0.11466180
0.03395461
-0.40161159
-2.02136605
-0.48191603
-1.93154841
-0.67409888
1.34334156
0.94314364
-1.08217674
1.47663439
-0.67896244
2.07737616
-0.18412278
0.42668878
-1.20232996
1.45804031
-0.20943345
-2.20844401
-0.25811466
-2.84722921
0.24147424
1.06505397
0.44781142
1.27668675
-0.39923948
-0.04550700
2.03805800
0.73728593
1.45331888
2.83893033
-0.66695228
-0.59245307
-1.12345481
0.13625971
1.89067068
0.93437222
0.81672137
-0.29114706
0.93176028
0.43748077
-0.53712882
-1.31477217
-0.94982165
0.60175699
1.33741185
0.40259460
-2.76380966
-2.18226938
0.31480646
-2.05498659
1.98499236
-2.04976501
1.43178449
0.13638321
1.82340940
-1.11750418
2.67122494
0.89179481
1.07992828
-2.68072914
3.07803654
0.44052121
-1.20618425
-0.46017043
-0.15302935
-0.17980451
1.69391683
-1.69708262
0.49731242
0.12713037
-0.63912655
-1.61138090
0.69990504
0.41757835
2.00800023
0.90114776
-1.13080463
-2.22228557
1.06626459
0.77172830
2.63425643
0.95247130
2.39809668
0.63292929
-1.48352958
-1.22359192
2.16694019
0.47547980
-2.14051152
0.69622770
0.65976106
0.67424466
-0.96382147
-0.04989530
-0.89841724
-2.00243548
0.73829328
-1.00248618
-0.50744069
-1.51220047
-0.27665242
0.74178631
0.74120766
0.86221964
0.34335595
1.62553344
-0.64188125
-0.88114208
-0.53398546
-3.04458221
-3.09963563
-0.65973823
-2.88335973
0.62770204
-1.60209526
0.22684037
0.91296063
0.25038004
1.79913185
0.22359683
1.24254276
-0.30010799
-0.84769494
0.06931263
0.70260487
-0.69890649
0.10428737
-0.89647439
-1.12191408
-0.50624162
-1.02006783
-1.27372881
2.11247673
-1.28287391
-0.53409926
0.09963212
1.01546243
1.14036997
1.90102697
-0.59055259
1.51150095
-0.64372450
-1.25187279
-2.16447171
0.35341411
-1.27118270
-0.60581446
-1.73403833
1.74639582
1.55507239
-2.55499543
-0.19470972
-1.57001162
1.61316113
0.49307138
0.77722036
1.03756008
2.43406210
0.18871777
1.24088070
0.89265473
-3.52033941
0.50478299
0.04617208
0.75178003
0.56535948
-1.57910079
-0.49333726
0.76938689
0.52318756
-1.06330175
-1.14712977
1.27831686
-0.76821302
-0.60012343
0.91338240
0.43866109
-0.48871969
-0.04110854
-0.03486176
-0.57262228
-0.40690653
1.14707399
-0.14007749
2.02607636
0.10763497
0.46864607
2.77591285
0.20713340
-1.24923270
-0.63824050
1.51655236
-1.98177295
-0.83547139
-0.49678758
-0.08907699
-2.93796763
-0.53915498
-1.11527206
0.39358070
-0.66151389
0.11389545
0.97406144
0.95170315
-2.02674737
-1.08186635
0.35149504
-2.89500263
1.23562164
2.39523581
-0.83969121
-1.13880499
-0.79062700
-0.19871504
1.67085461
0.27777955
-2.00388443
1.49902049
1.48223685
1.35026304
-1.24160353
-1.85867032
-0.96748490
-0.93270522
-2.12650969
-0.60190123
-0.25399183
0.50919233
1.09534617
-2.01111822
-0.52794786
2.58945336
-1.88078879
-1.41906356
-1.62063825
0.76829141
-2.88310455
-0.89765484
0.77998696
1.39894411
-0.33602074
0.14649116
0.35708797
0.70263266
0.05759296
-0.63939091
0.27527418
-0.04360825
-1.40683562
0.33782464
0.59165759
-0.49881464
1.22428465
0.84628179
1.80177117
-0.70918767
2.11181384
2.45739272
0.54652336
2.88513422
0.75341955
-1.50098649
0.40489899
-0.83711628
0.62692027
0.70826486
1.15990718
0.97592559
0.24080289
2.19371814
0.94119042
2.07080869
-1.06968372
0.31144551
0.42579211
1.09794475
-4.30835956
-1.87557779
-3.12493821
1.34561711
-0.33738403
3.78567268
-0.23693762
0.33133725
-1.22535806
2.50376081
1.29540649
-0.35890984
1.17134043
-1.21598659
-0.23015085
1.75383982
0.64518669
-1.25933710
1.37833072
-3.61664005
0.53888353
-2.22982873
-1.02224109
-0.66559545
0.49904776
1.35787082
-2.52951411
1.08620310
-0.04449454
-3.01511007
-0.92398174
-1.53308582
0.15264903
-0.80165656
-1.27020251
1.37911908
0.90809789
0.43023931
1.03191375
-0.40164815
0.67733511
0.40438571
0.27603021
-0.04666782
0.10031321
0.75061079
1.01681594
1.07350316
3.07423995
-0.22650977
1.60236943
2.35886801
0.77086400
0.90866764
-0.87425493
-1.27725934
-0.19339233
0.82702823
1.29880427
-1.29659872
1.09297608
-0.45736242
0.72275472
0.38159352
1.81594851
-0.03732576
-1.42820610
1.15635645
-3.26396475
-0.67192626
-1.64517451
0.12455608
-3.89176914
-1.14625110
1.50548539
1.73392118
0.08520760
-0.03088736
2.05074530
0.11418780
-0.14748547
-1.37747672
0.07674885
-1.61078879
0.73527958
0.26778861
1.59225252
-3.49057752
-0.19165574
0.11175474
-0.08642857
2.51036459
-0.37164027
0.86245229
-3.28758085
-0.99987721
0.93604340
0.19952618
-0.40698157
0.28533034
0.05533153
-2.73726593
2.80581592
-1.74875627
-1.96530422
1.01126012
0.57053079
-0.78093909
0.48639975
-1.25805684
0.24859621
1.42203448
-1.22536417
0.14060732
-0.87070590
1.62459009
1.85216751
-0.68448127
-2.11944124
-0.10412169
0.33956137
-0.14421406
-0.43696974
0.69234962
-0.60111991
-1.24020471
3.17974579
-0.24511346
2.41691973
-1.50605918
2.50537040
-1.24924792
-1.80536250
0.09211053
-1.64930123
0.69454143
1.09403981
3.26715457
-0.77256353
-1.16117891
1.33683486
1.63785193
-2.83749221
1.41298180
1.52513783
0.09239761
1.09535438
1.65740090
-0.36096908
-0.19021635
0.53763673
-1.01310667
-0.29573975
-1.18792844
0.65237295
0.87701265
1.24005929
0.49815603
2.17051656
-1.35805957
0.71786236
0.69762294
1.26037478
2.98537035
-1.73863439
0.56309793
1.89851366
-1.99122878
0.21969584
1.87727656
-0.82096691
0.73020521
-1.36951163
-0.53962058
0.15946958
0.76244321
-1.56800464
-0.37940706
-0.85401472
-0.45815301
-0.75031892
0.05612414
-2.72624491
-2.00576786
0.20706119
0.15102071
-1.28206954
-1.06024895
0.43289580
-0.59155453
1.46963004
2.14168454
-1.09014181
0.45361714
-0.30032257
1.05232336
0.39175367
3.83411125
-0.42949170
-0.87627993
-0.45349430
-1.66005402
0.75875384
-0.97851267
-0.50043933
-2.61291253
1.31674581
2.85374589
3.35434053
-2.05468031
-0.44030932
0.30950799
2.77736592
-0.47356565
0.90637003
0.58292453
-1.36517021
-0.45467065
-1.55889212
0.11313343
0.77408274
0.54738459
-0.51841053
-3.29861747
2.84578338
-1.47516537
0.23564673
0.84269513
-2.05905719
1.12079634
2.06403869
-1.46558376
-0.06720226
-1.06582335
0.01317412
0.70405022
-0.77054202
-2.92825555
-1.28701708
-0.11235801
2.38149376
-1.45810536
0.76648187
-1.29508120
0.05660034
-1.55951430
0.59734726
-0.10939791
-0.98471698
-0.52046272
-0.57474263
1.18636450
0.19499730
-0.93555957
0.21855426
-0.89290429
-1.02033858
2.14743735
0.21167370
0.75940095
0.17675473
0.40410754
0.65557608
1.60420694
0.25116440
-1.03882569
1.34294662
-0.50131547
-1.13073320
0.03428972
-0.10355404
-0.42639609
2.10931892
2.45819952
-0.34912140
-1.14244839
-1.72563819
0.22189010
-0.20163778
-2.07607030
-1.62885594
2.32452722
-0.58465034
1.22893635
-1.05973524
0.32351429
0.63614282
3.99191331
0.27599997
-1.41467241
0.73943710
1.05058746
-0.57543861
1.00132752
-0.28213401
-1.73767490
2.43226783
0.38747242
0.76626930
0.43417947
-0.61149425
-0.03190968
0.62379630
0.00278254
1.54320942
0.38112942
0.28790087
0.47456653
0.23965371
2.45394009
-1.09764762
2.05267280
1.25841494
1.58672093
0.83088835
-1.73290916
-1.73991219
0.25787253
0.47407117
0.79079560
-0.40666873
-1.07125236
0.13323156
1.14149237
-2.24311588
-0.31642110
-0.25007871
-0.17016528
-2.66429285
-0.07949571
0.92416721
-3.69113337
-0.91388771
2.33286368
0.34141672
1.88484443
0.59941229
1.38795471
-0.82209468
-0.93175696
1.24680512
-0.66066432
0.53917198
0.26043099
-0.62829944
-0.14508893
-0.26730584
0.81542729
-0.78977046
-0.28376536
-0.64021275
-0.81319722
-1.22193980
0.72222812
0.06740042
-1.39682866
-2.03180607
0.26666524
-0.15894129
-1.82438377
0.92584923
-2.22249030
1.11467246
0.42258224
-3.23169034
-1.65807075
1.10672725
1.74754173
1.26618546
-0.36710598
1.65521157
-0.23552631
2.37055458
-2.82593890
-0.96790029
-0.60743151
0.21686809
-1.06282323
-0.79624476
-2.14251410
-2.36269789
-2.55510988
-0.69393319
3.92315289
-0.72811165
1.09860275
0.81254999
2.05762040
-1.18351160
0.35393407
-1.91920592
-0.81510640
0.11848670
1.80693316
-0.98853499
-2.27286113
-2.57458842
1.52958451
-1.01472730
-1.66826156
-1.02997853
-0.43661761
-1.41290066
-3.06855436
0.55373019
-0.36550246
-0.21680888
0.32611242
0.26446816
0.41726713
-0.24442371
1.10903831
0.08029105
3.11599664
0.80827987
-2.74602955
1.29830382
0.62975805
0.07193696
1.56753784
-0.06764915
2.75302650
1.69963553
-0.56650144
1.23627622
1.31224355
0.47594527
-0.35073996
2.06699681
0.06103100
-0.20627163
-0.98042411
-1.93084088
-1.18189811
0.21722938
-1.02563947
-1.30139077
0.30223623
-1.64503001
2.27543706
0.16155019
-0.17114234
-1.28369648
0.57821698
1.26601496
1.96778247
-0.19688975
-1.14575186
0.52383959
-0.29362509
1.64337683
-0.47350789
2.42525795
1.82569258
1.94410126
1.85852837
-0.83312136
0.18060775
-0.47196544
0.12140740
-0.29595153
0.07560795
-0.17888933
2.80648418
-1.76150332
-0.72409644
0.58795698
0.59267132
-2.75621646
0.02289000
-0.14742008
0.27380624
-0.19531843
0.28088969
-2.55857643
-0.80980611
-0.14003254
-0.68528229
-1.21926984
0.14002049
0.57552426
-1.78970071
-2.25535831
-1.17062840
-1.13810220
-0.66548959
-0.78810481
1.17687073
-1.39354349
2.17263754
-0.33671230
0.06232559
2.43383489
0.96329871
-1.20326794
1.70955283
1.05255118
0.46850226
0.56600818
1.17356066
-0.30383573
1.90727900
-0.50197104
1.09540997
4.09518887
-0.99146860
0.72689305
1.32977875
2.40219470
-0.94538887
2.46865213
0.17716230
-0.01753305
0.94677899
-1.11256283
1.51783581
1.81125038
1.37017089
-1.48169937
-0.83497732
-1.24464899
-0.51835442
-1.94026312
-2.82208107
1.84020611
0.63474291
-1.36787875
-2.44809716
0.18231018
-0.28069313
-0.76815656
0.13448251
-1.69119550
1.67180233
-0.88008098
0.32386057
-0.97417494
0.34475461
0.08894918
0.17267341
1.26787485
1.15771103
-0.08702761
-0.41390539
0.43647508
1.15729697
-0.95382102
-0.90120823
-0.89811954
-1.96902775
2.50062203
0.02932774
-1.37986089
1.73436333
-2.69704046
1.95115807
-0.27895566
0.22771880
-1.37505892
0.90795241
0.29458075
0.64966469
0.03450109
-0.51238886
1.31851292
-0.59719843
-2.09579520
-0.59247093
-1.01551996
0.44043229
0.94522645
-0.41380829
0.54723722
0.93428836
-1.85698329
0.13960616
1.50554168
0.69794372
0.99997017
-1.15575158
-2.33019630
1.42767464
1.05422734
1.48822571
2.03495162
1.34528879
-0.45916259
0.05073695
0.48075979
-2.33452213
0.88119217
-1.05835474
-0.22155571
-0.06775052
-1.93792982
1.97537636
-2.64493636
-3.21803790
-0.81844183
-1.28250352
2.26284322
-0.54458924
1.39699049
2.45514449
-2.70631445
0.81766119
1.92072706
1.96167755
-0.49308840
1.66231643
1.16317381
1.69302035
0.63264572
0.78176184
0.99065782
0.76852346
0.30968412
0.57144904
-0.00723905
0.51504464
-0.14664094
2.35106131
-1.95043312
-0.63072178
-0.74547918
1.79723115
-3.50353298
0.45128567
-0.33943122
-1.66966305
2.19145328
1.22185928
2.86850156
1.06976833
0.11954946
-0.11292572
-1.69296482
-1.75083416
0.22153319
1.79900346
0.61948273
0.39086854
2.76239373
-0.14453808
3.34443503
-1.07016456
-1.15704399
1.27189581
-0.82247089
0.57560978
1.60439260
-0.25320471
-0.78539564
0.29881018
2.12543728
0.13986681
-2.45813229
0.10640509
-0.26577935
-0.12505220
0.59338105
-0.51849193
0.78535805
0.30891273
-0.43379937
-1.67880282
-0.73392924
-0.65085953
-2.30085454
-0.03980588
-0.12084524
0.40336875
-2.75884909
-1.07047883
-1.40052112
-0.46720792
0.08543855
2.58055478
1.50134906
-1.21376763
0.75908672
0.82627041
-0.34807251
2.72763019
1.07002925
0.15163846
0.16278783
-0.80985276
-0.67358787
0.11566874
-0.41710789
-0.89369087
-1.42617468
0.38955905
0.56449676
0.10139101
0.51397216
-1.31328475
1.63008694
-1.00626270
-0.46664413
1.71310943
-0.50878499
-1.38321170
0.90957438
1.99136319
-1.45675100
-0.36844710
-0.67166760
0.23688103
-0.73053191
2.32295962
-2.65487981
0.89505423
-0.53152112
-0.16454834
-0.99101901
0.81080824
-0.96981544
0.49095022
0.64169084
0.15247587
0.95062808
0.75245827
1.56662832
-0.97970900
1.07141728
-0.03623491
0.31302348
1.60149727
-2.45459231
-0.98774353
2.90834284
2.80833495
-0.76138097
-0.55095663
0.19725263
0.09150071
-0.32485688
0.41959660
0.93813494
0.56470631
-0.95333378
-0.68234746
1.51715785
0.72991983
-1.83090636
0.97348715
0.07485335
0.41761312
-0.51151185
0.55662233
-1.19537966
-0.66392393
1.89053068
1.37916473
2.59555880
-1.75046597
-0.62795426
-0.01238847
-1.19001920
2.35281484
-0.91220182
-0.90868744
0.05370987
0.28568486
1.78194372
-0.90035442
0.07813510
2.16109326
1.02938497
2.15205616
0.11652885
-0.34224379
-1.45303327
-2.20094121
-2.35962811
-0.43887397
2.01845443
-0.81481102
-1.33030058
-2.47093540
0.40095756
1.09760092
1.76054603
-1.53846381
2.01718132
0.31401378
1.79958027
2.19934617
-0.43301386
-0.01461646
0.64022727
0.78304301
0.10483711
0.16778391
-0.24676380
1.69497704
1.74853439
0.01619394
-1.36587553
-1.41983751
0.15360021
0.68526062
-0.57402678
-0.31050230
1.86031063
-0.33356744
-1.49711450
-1.61362052
0.37976622
-1.22400290
-2.79831026
-0.17801680
-0.12051035
-0.35387604
-1.73136730
-1.17314308
0.16073451
-0.02075891
0.08361102
-1.26641394
0.17664837
-0.96291279
0.84577131
0.15874794
-0.95484641
-0.01043146
1.83275958
1.63235023
1.10890589
0.43852484
2.48428655
-0.24989442
-2.09260125
2.00086973
-1.32427274
1.84948000
1.20951589
0.57811080
-2.76266763
-2.54375247
0.96608462
1.06684838
-0.45343158
0.01089250
-0.77593263
1.08512653
0.18214844
-0.35582303
0.03394819
2.09398678
-1.62808137
0.88729642
0.64654628
-0.52492581
-1.71335919
-0.01199595
3.38057399
0.94645619
-0.55545865
-1.17285200
-0.37113124
-1.93651001
-0.32409879
-0.54745612
0.65270359
1.34425941
0.56827013
0.35801341
2.08604441
-0.36765167
-0.07316612
0.70392738
-2.39889535
0.98911722
1.12514079
2.32175460
0.13609053
-0.54112564
1.70645872
-1.08921192
1.24489013
-0.09104406
0.96104282
0.73812608
1.51248105
-0.80438690
0.28254292
-0.51915375
0.09458272
-0.71583957
-1.04810621
1.71969697
-0.38245530
-0.41924103
-1.75122472
1.56419140
-1.77976476
1.17666288
-1.61130043
2.54450232
2.09701389
0.03606235
0.39644130
0.30202297
-0.25593739
0.14750278
3.33225307
-2.44736429
-1.66652243
2.22533452
0.41043352
0.57271320
-1.62405033
-1.40211240
-0.48601080
-1.61158866
-0.87676533
0.49458235
-0.07332360
-1.42098098
1.58299960
1.31529185
-1.22682678
-0.25102609
2.02129614
-0.68004604
2.22077628
-0.19972897
-1.28328056
-0.22348688
-1.63373123
-0.94563904
0.35862158
0.61580026
-2.02256764
0.49120578
-1.46716941
1.22578662
-1.04865329
-1.53342045
1.92422569
0.47977941
-0.30186471
0.31373387
2.53617563
1.41085893
-0.13424399
0.84430569
1.35821327
-0.47055491
0.60988099
-0.76010909
0.62898044
-0.87073879
-0.86209405
0.38392870
1.07229886
1.95742356
-1.90381006
2.02459848
2.75919154
-1.91822245
-1.80446625
2.05517023
-1.90057602
-0.24537348
-0.08385105
-1.54717771
-0.91527720
-0.60093165
-0.21494089
-1.58714492
-0.18845877
1.28767644
1.03809197
1.20380774
-0.83476714
0.21563994
0.59497521
0.02684477
-0.01325545
-0.71622087
2.30795065
1.68644635
1.88570888
-0.85876004
0.29071664
-0.53784741
-1.54297604
0.39847180
-0.48624664
-1.54074239
2.37020593
-0.47585879
1.46291896
0.00088660
1.36885522
-0.76560823
-0.05948266
1.17242820
0.10153911
-0.48404822
-0.87898287
-2.25065603
1.54275036
-1.02103908
2.21314442
2.10154781
1.25788423
0.37130969
-0.54429338
-0.77498313
1.73787461
-1.93048809
3.47807894
-1.73696015
2.80943234
0.07081494
-2.03011168
1.67028129
0.06313452
-3.69368881
-1.30823495
1.69181129
-0.68479470
-2.56948768
0.32669320
0.08319659
-0.46848440
0.04528749
-1.16772014
1.00976928
0.63656044
-0.44986739
1.89870750
3.46625066
3.65424290
0.45954666
0.11313723
0.57787263
2.79440769
0.29065197
2.16311857
1.41144150
0.75820001
-0.48505204
-1.12501356
0.30549695
2.99401372
-0.98415323
3.16474878
1.62526300
0.60352735
-0.63590564
-1.26445049
-0.51747463
0.50215435
-0.07252479
-2.05328821
0.42470092
-0.77193191
2.45322881
-0.72809169
-0.80224457
0.28703228
-1.50869257
-2.48100235
-0.33150335
-2.20167893
-0.77649593
0.43031092
-0.86514466
-1.34357970
-0.73227522
0.75714339
3.69376402
2.39092266
-0.63893946
0.32575688
-0.30853188
-1.87913616
-1.66295741
0.83812622
0.39763276
0.15396100
-2.41950876
0.30356246
-1.47738624
1.11962306
1.30270165
-0.64117467
-0.06892835
2.63537759
0.74333971
-0.13237417
-1.41856910
-0.20422477
-2.00120525
-0.96287361
0.15797380
0.96340045
2.78244808
-1.72852734
-0.08485866
-1.62011931
-0.81325480
-0.26583817
2.52207634
-1.25264453
-0.94241852
-1.25000511
-0.68088994
-0.45178167
-0.64585188
-2.63549439
-0.13201400
0.08694903
0.06714689
2.63143251
-1.18896427
-2.28750803
1.40064148
-1.20687197
-1.16956786
3.19839947
0.33839962
1.28864456
0.71347456
-1.41552113
1.92539660
-0.06574506
0.17213477
-1.16424080
-1.88530753
-0.43401171
-2.29296078
-0.86655465
-0.50390367
-1.72542807
-0.19274405
0.47559163
1.25008029
0.31158793
0.64609258
0.01703902
1.20990174
-0.71987257
0.10426430
0.18178972
-1.04736072
-0.35669149
-0.06451219
-0.69616167
1.39314699
-0.49070462
-0.41775861
-0.46954904
1.04620268
1.65050288
-1.73698990
-1.01105479
1.78665819
1.31904514
0.60773866
0.32379822
-0.80174444
1.37509230
-2.49928059
0.45794529
0.75724387
0.51862567
-3.15061405
0.34419769
-1.87131659
-0.23931149
-0.48671641
-2.03637462
-1.72777760
0.59633992
-1.15153031
-2.68815181
0.36876268
-1.18317660
-0.18194445
-1.77120649
1.40905755
0.45209969
-1.67435378
-0.67126770
0.30771865
-0.07543147
0.14502752
-0.14596334
0.38892754
0.34954617
0.06003286
-0.14141450
-0.15308049
-0.35437717
0.37318401
-0.18285886
0.69632921
-1.77505530
-1.32449057
-0.46940343
-0.02463541
1.40283985
-1.51577451
-2.74735594
-0.58256884
0.72842982
1.50572024
-0.28161920
-1.25425070
0.10025117
-1.37037000
0.23994750
1.27576209
-1.27792113
-0.01903415
0.00322690
-0.73801433
-1.01094660
-1.00885686
1.19840802
0.87392762
1.88112887
1.28008626
-0.66723142
-0.61116934
0.51255089
1.75076063
-1.59963601
-0.57641364
-0.43947909
1.04005809
-2.29459900
-0.52329427
-1.86450748
0.51577699
1.08838496
0.46021112
1.44097900
0.78007384
-1.56276249
0.32066761
-0.16485458
-0.29854496
0.08995813
1.29161689
0.71740224
0.81132012
-0.54831031
-2.47728010
0.93887140
0.78357438
0.95442521
-1.18595263
-1.10204107
0.90859871
-0.32790132
-0.31702226
1.28508611
1.56960626
1.03616850
1.85251075
-1.06494709
-1.68327611
-0.26186448
2.36983385
1.41463681
0.29834388
0.35269530
-0.74791274
-0.83345241
-1.75127500
0.22576727
-1.30638054
1.87049301
-2.77671002
1.87736964
-1.38663794
-0.12325587
-1.99915032
-1.18673454
-2.21892301
1.02926937
0.90359617
-0.81205022
0.36657011
0.34509145
0.74306000
0.88831863
-1.65218150
1.53376901
0.47328313
0.40037234
-0.41179590
-0.13196100
0.44808388
0.11623255
-0.21270100
0.62765256
-0.85493730
0.58545873
0.44907821
1.37753399
2.33366559
0.39886872
-0.15744450
0.67821884
-1.60517383
1.57076350
-1.38986347
1.55857191
-0.28438772
-2.19409521
0.02538851
-0.45051463
-0.18255118
1.34022149
0.26368067
0.76103659
0.68020968
0.11667911
0.00353304
0.22751210
-1.33941573
-1.36999503
0.15484512
0.33715095
-0.21011665
-0.94627498
1.67938202
1.24805840
0.54868280
1.43698944
1.14118575
-0.41801697
1.76822160
-1.56717770
0.52166825
0.23582163
0.26275448
-1.32768504
2.65916562
0.16010575
-0.23017017
-0.75341695
1.63239535
1.46522948
-0.35486890
0.44629318
-1.53915271
0.90555685
2.28175258
-0.59493210
1.85859934
-1.45664633
-0.71333227
-1.76846491
0.01936959
2.16264609
-0.01151218
2.14195094
-0.54631074
1.18207595
1.48714913
2.45879102
1.84697810
-0.85111314
0.60182875
-0.03829830
1.68392516
-0.33218012
-1.14309543
-0.39269402
1.97916827
-2.26686778
-1.24948994
-3.08806328
-1.30548737
-0.87402182
-0.12783255
2.42061599
0.25127026
-0.46652856
-2.56871188
-0.07553241
-0.12939248
1.07627293
0.21677682
1.27165420
0.67328308
0.08667323
1.07116818
1.60537322
-2.24294883
-0.10111785
0.54455790
0.10939611
-1.50634165
-1.31804084
-0.21806163
2.79427565
-2.12775970
-0.17600020
-1.46273622
-0.55034876
1.10736067
2.62835876
0.48081696
-2.19567089
1.91923911
0.41913221
-0.73491328
-1.85111155
-0.52849337
-0.61346446
-1.40109245
0.60418793
-0.41702819
-0.22660216
-0.13578609
1.88140692
2.22759771
-1.61399470
-0.88322297
1.62160392
-0.18796570
-1.02014232
-0.69890004
-1.85510140
-0.90179670
-0.18520226
1.95029414
-0.77443888
-1.19483026
-0.72606958
1.04504645
0.03238399
0.42605009
-3.35531587
-0.38773874
0.12661656
0.28003574
-0.13030232
-0.78482179
1.00662157
0.22921326
-0.05460431
0.94766180
-0.58472569
0.42138362
-0.33528474
-0.44315294
1.20499258
-0.31176101
0.33894453
0.70213099
0.07562314
0.01486066
0.03629400
0.02217128
-0.30757619
0.49920285
-1.07940982
-1.49874911
0.76823641
-2.87089756
-0.73133817
-0.15917780
-1.56376864
-0.80842720
-0.30156330
1.31717850
-1.18707564
1.60167442
-1.34017462
-1.32569536
-1.26094958
-0.15398971
-0.95802383
-1.51467584
-0.37729087
1.98458081
-1.51253491
-0.64858041
-1.15501362
-0.12421851
-0.31062062
2.37790426
-0.50052921
-0.53419910
-0.54169701
-0.68740969
-1.96085818
0.52690005
-1.07003178
-1.54255948
1.10938025
-0.28473605
