-1.33921133
-0.41071961
0.50093816
-0.53890466
0.27738446
0.06330299
-0.05990359
-0.04065348
1.25709828
-0.02274543
0.75128104
0.23171079
-0.06717399
1.02126091
0.20453577
-0.61289222
-0.25261406
-0.24046793
-0.27380391
-0.97383076
0.86810163
0.20842558
0.03432226
-1.02447339
-0.69904019
0.03246096
-0.45642057
1.21246871
-0.22213038
-0.27527234
1.52312707
-0.15726307
-0.05903510
0.69987256
-0.73303339
-0.20605774
-0.27702539
-0.53770161
0.18975587
0.64825376
0.37256550
0.93382878
-0.51637694
-0.08096623
-0.26750791
-0.28356785
-1.07065074
0.14983225
0.73498564
0.53398168
0.58236531
0.00330568
0.46178940
-0.33993215
-0.70595985
-0.66505969
-0.99761556
0.24987899
-0.80813051
-0.09246009
0.11237034
0.32996635
0.38930415
-0.30074005
-0.18213452
0.62643560
0.07390386
-0.30511836
0.78976437
1.55077139
-0.18736746
-0.33464217
-0.52409168
-0.92196923
0.19427025
-1.57802867
-0.48314374
-0.52017388
-0.69058866
0.32887803
-0.49711774
-0.35328457
0.15561128
0.46960073
0.17688860
-0.32590249
0.62561218
0.34597447
0.14107421
0.39365783
-0.40317493
-0.96285079
0.70338821
-0.25178090
0.28411867
0.77098046
-0.05543244
-0.09579737
-0.53603858
-0.21888173
-1.06078123
-1.04703580
0.01816952
0.34042915
-0.04168389
-0.47397594
-0.05838465
0.26016769
1.25684897
0.83019378
0.46923885
0.90877621
0.03892519
0.03302213
0.52189392
0.72694949
0.70884603
-0.28472752
0.31095949
-0.04767201
-0.27280101
-0.02084696
0.21643850
0.69916503
0.84032821
-0.51317927
0.79176033
-0.38033417
-0.47031318
1.09050068
0.92498574
0.82828318
-0.63633510
0.07576736
2.58733810
1.14678117
-0.27627535
0.26667900
-0.25746539
-0.27192951
-0.11002944
-0.18781201
0.81933801
-0.51412576
-0.47729823
0.16361154
-0.93963642
-0.25750365
-0.52367541
1.06125800
-0.00245458
-0.14289055
0.14617779
0.22566005
0.29417692
1.11259615
0.19707631
0.41810279
1.44247071
1.18176903
0.25123206
-0.73700971
0.49923396
-0.46329957
-0.38012391
-0.18956120
0.32564267
-0.12351181
-0.79527063
-0.03523003
0.61451494
-0.42453445
0.32910234
-0.99489614
-0.75343567
0.95584479
-1.60313040
0.08501020
0.48109791
-0.49641423
-1.02669419
0.71526850
-0.52677637
-0.34184327
0.56245198
0.56623829
-0.42353640
-0.36199858
0.37784461
0.13857581
0.52665785
0.03434718
0.47809892
0.59967109
0.49814989
-0.77395634
-0.18777459
0.92538442
0.65628570
0.04987929
0.28868677
-0.36667411
-0.06676350
-0.35722078
1.02059534
0.13145053
-1.29191458
-0.15531376
0.39652066
-0.88059191
0.36270748
-1.24629031
-0.22306755
1.42704031
-0.55323015
0.45247138
0.92823254
1.20889318
-1.19329790
0.36350697
-0.55986414
0.30323859
0.34970800
-0.02878794
0.37167927
-0.33221083
0.05089688
-0.64327367
-1.24987102
-0.14871300
-0.51335599
-0.93032222
0.33120641
-0.03457818
0.74867996
-0.54956288
-0.19169496
0.15375484
0.97142580
0.09276185
-0.33540819
-0.81959816
0.25954408
-1.01374747
0.38366755
0.08441998
-0.75882315
0.32842688
0.17887843
0.89538426
-1.17629362
-0.73479761
0.27807708
-0.08082189
-0.79884460
0.57943807
-0.72478374
-0.44072761
-0.63485317
-0.26720335
0.28765353
-0.30275121
-0.36639610
-0.64582092
-0.46425709
0.56836599
0.67188864
-0.65120242
1.68043418
-0.14331133
-0.77486809
-0.64651949
-0.21246517
0.37774167
0.88252586
0.63203533
-0.81696792
0.47245204
0.04698121
-1.26964367
0.59323476
0.40482761
-0.42077475
0.56354776
-0.94602236
-0.09953439
-0.16801913
-0.40999488
-1.01968147
-0.07831685
0.97284629
-0.57678274
0.41036611
-0.58835549
0.27366096
0.02846432
-0.44293104
0.44257590
-0.04074866
-0.83674598
-0.58263016
0.49302250
0.70985379
0.10807648
0.40777178
-0.63878395
0.27561918
1.65287469
0.09061765
0.05836315
-0.07379808
0.88873266
-0.49376144
0.26109944
-0.10798137
1.10368266
0.77910587
-0.16720211
-0.62580786
-0.63293291
0.99333768
-0.26270114
0.06920098
1.20540965
-0.78317475
0.15478483
-0.64075581
-0.10744643
-0.32480598
1.78953243
1.94759400
-1.06438265
-0.80535095
0.98947133
-1.11167436
0.28799099
0.27795108
0.24248501
1.37397896
0.12658101
-0.14910598
-0.02774172
-1.24016052
0.13246090
0.12720699
-0.27335854
0.43098634
0.13661471
-0.16754060
-0.62603387
-0.35190671
-0.13822955
-1.21157892
-0.79612881
-0.04082744
0.24376885
-1.01767585
-0.01508958
0.63590709
-0.45756584
0.69242036
-0.68402657
0.62574520
-0.71388463
1.19103721
-0.55334151
-0.20839326
0.40780726
-0.17232860
-0.30369034
1.17423239
0.88585415
0.03978941
0.02417566
0.52924557
-0.39366202
0.16632144
0.92517747
-0.25124281
-0.20006443
0.75715809
0.05694904
-0.12345845
0.39890241
-0.05726402
0.12095763
2.22894376
0.96602735
-0.49545308
-1.38580765
-0.13453088
0.49032866
-0.70485107
-0.20382477
0.30805498
0.21868257
0.41773750
-0.18817891
0.24116791
-0.36392493
-0.43520308
-0.24661206
0.22118496
-0.13870896
-0.70829943
0.44010169
1.38846942
0.13250795
0.64225587
0.43615296
0.42578915
-0.30858329
0.23459985
-0.86694025
-0.27396870
-0.32504942
1.11336190
0.61017720
-0.32726896
-0.01860478
-0.99154862
0.06798164
-0.68023201
0.73895220
0.04562403
-0.04691289
-0.13659114
-0.91028552
-0.10163372
0.56158464
-0.53617953
0.04335035
-0.54369855
-0.32144923
-0.30192968
0.12262866
-0.13918323
-0.33689561
-0.06126945
-0.22821626
1.29009977
0.39562231
0.58406203
-0.57232138
0.33384962
0.58600346
0.17144191
0.88521933
-1.70391797
0.58803338
0.43501136
-0.09824917
0.15376439
0.13094231
-0.76356177
-0.92263584
1.01429748
-1.07258122
0.61797534
0.21472415
0.58029639
-0.27962278
0.83778392
-0.17975015
-0.52552706
-0.23614117
-0.08832932
0.20215136
-1.07201860
0.05900325
-0.58234144
-1.22000513
-0.18403055
0.02023195
-0.65817290
0.39369269
0.42981215
-0.00443967
1.17465905
-0.36845497
0.53918351
-0.49334720
0.57039548
1.43545939
0.41293264
0.96836773
0.10782485
0.77775789
-0.20871791
0.66852496
-0.22477099
-0.30421611
-0.00229940
-0.91386007
0.75274980
-0.45745911
0.46863457
-1.46871353
0.18697434
-0.65673043
0.01152634
0.69917988
-0.58408093
-1.57757034
-0.41100349
0.14413259
-0.43416493
1.26602094
-0.24433120
-0.43373300
-0.20602724
1.04161862
-1.50613364
0.25510951
0.34133941
-0.32391682
0.89909739
-0.21813910
0.46970127
-1.78845243
0.25457653
0.16278178
-0.28484797
-1.09014209
-0.07378681
0.47428145
0.25848790
-1.54870594
0.04555741
-0.57969256
-0.86203320
0.65279171
-0.60867530
-1.28094893
-1.51700675
0.02003002
0.40455656
-0.35140781
0.90185556
0.20911898
0.25136929
0.65858822
-0.29984530
0.61770966
-0.26374656
0.55450122
-0.06804879
0.45237451
0.43095500
0.15097739
-0.54172864
0.68841942
0.29993765
-0.24569662
0.17185676
0.00936019
1.26100427
0.06018760
-0.24336069
0.56445805
-0.18534772
-0.90770696
1.44431994
0.38899116
0.58301227
-1.01579784
-1.23684806
-0.56461564
-0.46875728
0.31686453
-0.51615064
-0.31820863
-0.23474255
-0.63639667
0.71483608
0.94708146
1.21997100
0.36563919
0.26633403
0.40553622
-0.01763499
0.22572358
0.45692207
0.45802958
0.83956896
-0.18425486
-0.07148669
0.44923968
-0.29446833
0.83621917
0.38465358
0.78600132
-0.29656629
-0.37875745
-0.97336025
0.68856828
-0.04834617
0.86379556
0.20773918
0.06699666
1.62617521
-0.23460988
-0.17824398
-0.34452499
-0.45301628
0.23886953
-0.17330386
0.76125865
0.01488240
0.23673979
0.46680680
1.18176565
-2.10038549
0.97599431
-0.62878199
0.98011301
-0.59101554
-0.46732453
-1.09452984
-0.09482358
-0.68688564
0.57391686
0.70475660
-0.60531556
-0.97148282
-1.24774585
0.71016319
-0.14965930
-1.03095990
1.07252677
-0.36824465
-0.26088485
-0.98685307
0.23886532
-0.30856589
1.07583831
0.31037111
0.08872312
1.16782223
-0.10919768
-0.65146236
0.95846154
-0.22433029
-0.46283301
-0.26615044
-0.29018540
0.38942332
-0.77826805
0.26861994
1.38219580
-0.15411164
0.75336579
-0.86626648
-0.39344619
0.34763338
-0.26423285
-0.86572466
0.81747336
-0.22623903
0.66012837
0.05411118
-0.06148998
0.88232976
0.03458351
-0.25678704
1.13323246
-0.53603085
-0.05881383
-0.89757601
0.46439461
-0.73886295
0.58159943
0.25874828
-0.49483605
-0.70124145
0.66064867
-0.21920381
-1.80088368
0.14269886
-0.12751755
0.94797706
0.02430402
-0.54483811
1.37802515
0.00437063
-0.53842735
0.70795911
0.29826165
0.40749883
0.02389300
-0.40103081
0.97952905
-0.63604073
1.56357924
-1.16196846
0.62268717
-1.08247340
-0.19854626
-0.26218607
-1.75971627
-0.82264064
0.08726674
0.54480956
-0.26719222
0.30123769
-0.83147094
-0.77025730
0.54278255
0.24230833
0.48115691
-0.55037626
0.07898070
-0.49474747
-1.00133578
0.45595556
0.13095796
0.32829153
0.11960048
-1.10735618
1.00365610
-0.04056109
-0.84402086
-0.70310492
0.00324313
-0.16661908
0.34817419
0.09760330
0.75110200
0.48295419
-0.03816988
0.99867173
0.30577558
0.41554303
-0.30096387
-0.05308314
0.62790179
-0.45848052
-0.17593718
-0.72626277
1.10184884
-0.44680508
-0.23969158
-0.20016525
0.40234576
-0.41749734
0.17911963
-0.54182914
-0.01111865
0.27907461
0.06947638
-0.10594228
0.44424348
0.66336335
0.40533449
0.12260842
0.51577701
-1.09980091
-0.41805761
-0.43977288
-0.48847737
-0.00230709
0.13033588
0.36051794
0.49032841
1.01881528
0.84999226
0.25839681
-0.09986760
-0.44984264
0.79474252
0.65313512
0.39010180
-0.20173691
-0.67047880
0.29291279
0.28588634
0.11635758
1.44433325
0.32142671
1.15070071
0.63324696
-0.42160769
0.34554190
0.08386621
0.80908235
0.53077648
-0.86059490
-1.34912394
-0.18606181
0.05325375
-0.71412563
0.56708807
-0.22412605
-0.11526812
0.03709148
0.00897963
0.94753380
0.21686898
0.11819913
0.07770906
0.50589129
-0.35491240
-0.03929912
-0.00820464
0.78477745
0.66480165
-0.32461209
0.88192819
0.06578424
1.00731684
-0.23821000
0.87169072
1.04481350
1.01377598
1.00245950
-0.09574294
1.09287462
-0.13548612
0.41156845
0.10347435
0.31062442
-0.73069865
0.05133001
-0.13721391
-0.20235092
0.26723989
-0.55491178
-0.56907565
-2.30681659
-1.12993247
-1.47339259
-2.02484109
-0.14072828
-0.77018985
-1.35167982
-1.31396646
-1.04450401
-1.52006141
-1.21555251
-1.19945969
-1.50092262
-1.72494657
-1.16182099
-0.59757257
0.32759251
-0.36696505
0.04255643
-0.07705491
0.77190216
-0.29070992
0.88413798
1.57924633
0.47265541
0.41715873
0.82074179
0.92546528
2.73587142
1.73686225
1.19200256
1.35393113
2.27434077
2.08918116
1.41435483
-0.08313830
-0.04290848
1.23160980
-0.39646685
0.84984403
-0.38815887
-0.52629788
0.48223071
0.53030650
-0.55995796
-0.40772836
-1.31246831
-0.70505218
-1.25911918
-0.31724268
-0.25814612
-2.43909511
-0.18922001
-2.05652480
-0.36410130
-1.57190355
0.18038810
-0.68353540
-0.27784062
-1.68148846
0.17488573
-1.62452399
-0.40129018
0.31247083
-1.60034452
0.21523559
0.23926733
-0.99756078
1.16423282
-0.19120686
0.85490552
-1.25187681
0.24165673
0.62542163
-1.04012029
-0.49719744
0.62791301
-0.85326309
-0.22746960
-0.36502713
0.89807592
-0.99012178
0.46929921
0.70554595
0.28266999
0.20625427
-0.49561444
-0.93635503
0.55360933
0.60738215
0.39265280
0.19368305
0.28568142
0.55661597
0.15818191
-0.94565221
-0.50696865
0.41464902
-0.69975995
-0.08599544
0.51878377
-1.17281936
0.58975842
-0.07556452
-0.03091581
0.09045995
0.36642011
0.18795037
0.65104306
-0.03052754
0.21385874
-0.82923400
0.62667889
1.14962486
-0.23215657
0.41146803
0.76175333
0.40381009
0.21630722
0.65844989
-0.30762684
0.40440363
0.08687376
-0.01528792
0.45364289
0.16392122
-0.34377856
-0.32624862
-0.55793226
0.32070703
0.18235626
0.36627046
-0.75095057
-0.77273682
-0.09039836
0.25568627
-0.14847002
-0.31973990
0.11278235
0.32754888
0.35693104
0.27776883
0.40814232
-0.68099052
0.44389508
-1.16203507
0.93665694
-0.10027470
-0.15625447
0.95280837
-0.61426276
0.20565492
-0.94123862
-0.13728365
-0.45181047
-1.10263446
-0.11275534
1.07078705
-0.59195348
0.10815595
-0.92347635
0.75976867
-0.03345429
0.56593067
-1.11061859
-0.39332053
0.37744810
0.24218977
0.26758379
-0.21740122
-0.48389289
1.00923942
0.13716919
-0.62518280
1.11893096
-0.22911592
-0.90674556
-0.25307424
-0.96695750
0.52821324
-0.36619860
-0.66612388
0.82866353
0.30297379
0.21676063
-0.62319461
-0.29619280
-0.05004207
-0.18596738
-0.54012841
1.40011322
-0.85807754
0.09665041
0.36486674
-0.70308216
0.81128171
-0.90225142
0.13437155
-0.23091148
-0.76121830
-0.19167457
-1.02629159
0.18765870
-0.32690337
0.29069240
0.28986165
1.12688904
-0.22984382
-0.61772098
0.09250551
-0.07928102
0.30324039
1.74641753
0.82358829
-0.84901533
0.05635756
-0.35497862
0.27886777
-0.87122813
0.06476015
0.24293303
0.68658443
-0.27977499
0.03130779
-0.22252280
0.36301496
-0.07936264
0.16663112
-0.57580430
-0.18401653
0.15902297
0.55627325
-0.68246005
-0.89461933
0.64196440
0.53422790
0.02797747
-0.06316560
-0.72484429
-1.15759979
0.14878904
-0.56329134
-0.63710178
1.40603239
-0.13001394
-0.33053316
0.30046346
-0.41183673
-0.05306521
0.06306043
-0.06305838
-0.08933101
-0.82992324
0.48256820
-0.75971451
-0.30697779
0.41802806
-0.15601091
-0.21019092
0.02863064
1.03450486
-0.56399923
-0.68059323
0.52742829
-0.63001278
0.16768902
0.40432534
0.42112990
0.03622012
-0.68659985
0.33597808
-0.22545166
0.13782165
-0.45088505
-0.12997763
0.67954028
-0.59396124
0.70902814
-0.54679776
-0.62798497
-0.29217330
-0.15578371
0.37671564
0.25640096
-0.32849973
-0.59296041
-1.46403152
0.02995518
-0.14915508
-0.55992134
0.17530918
-0.37731008
-0.65381318
0.29238220
0.33577916
0.50165027
-0.45350830
-0.51185042
0.35856182
0.99696993
-1.21648544
-0.13233127
0.00694007
-0.19540906
0.06066832
0.15716303
0.09451722
0.84656178
0.52255261
0.75110863
0.64039838
0.11596828
0.09695995
-0.28736478
-0.26926331
-0.37492444
-0.47232500
0.57840827
0.01905027
0.43253401
-0.39525384
-1.46915862
0.35162641
0.47724777
0.02076687
-1.16450749
0.11377499
0.32569103
0.21675004
0.22058618
0.35501892
0.48215577
-0.00861862
-0.43404843
0.31284427
0.76975914
0.11347610
-0.72130787
0.58200249
0.45683663
-0.14989414
-1.94012439
1.01045758
0.01289579
-0.67737272
0.28306642
0.06053281
-0.99449056
0.76996654
-0.39804367
0.22594233
-0.82452997
0.98597395
-0.89204450
0.27606770
0.18803773
-0.20010121
0.39309557
-0.53549965
1.29446359
0.23970264
0.30790529
1.12283925
-0.35217557
-0.10191014
0.31391988
-0.72493709
-1.21800849
-1.04710939
-0.07759968
0.67054608
-0.11831137
-0.11071463
0.26228544
-0.85126719
0.35103699
-0.86269697
0.61383512
0.02171446
-0.05115378
-0.47870518
-0.32533076
-0.35044349
-0.06784953
-0.07230373
1.54520346
-0.50030720
0.32356713
-0.23293722
1.33803211
0.17514581
-0.39511557
-0.80434428
-0.61056140
0.41784893
-0.08065999
0.62018033
0.39746158
-0.87210153
0.49999226
-0.23078243
-0.12069310
-0.20193289
-0.26447015
0.83737833
-0.34103125
-0.18260743
-0.50151702
-0.42405074
0.17880630
-0.04838089
-0.76755274
-1.35329619
1.02036739
-0.97502079
-0.49038031
-0.29294333
0.69477430
0.68511309
0.36944193
0.68650001
0.29394721
-0.78231805
-0.58848011
-0.90905247
-0.12542878
-0.12261157
0.49538179
-0.43554881
-0.54565683
-0.55275621
1.34416278
0.22005814
-0.02809840
-0.02471243
-0.63933569
-0.46617996
0.48618582
0.46109575
-0.74430553
-1.02094102
0.54891346
0.08934680
0.90485726
0.28236771
-0.40262488
0.69198031
0.08909468
0.03844816
-0.50099612
-0.78575300
0.92177594
0.50147282
-0.45761710
-0.12258853
-0.33047450
-0.23545405
0.70954782
-0.32529831
-0.43327197
-0.48444130
-0.73033268
-0.21306206
-0.15288192
1.69052062
-0.95086249
0.60131754
-0.13435372
0.64109717
0.01915996
-0.66904291
0.30004396
0.56707285
-0.23832573
0.00318881
0.61400868
-0.34574223
0.08390788
-0.34955502
0.49273934
0.48254225
-0.60109692
-0.28664513
-0.18466236
0.08064655
0.49683148
-0.15425911
-0.01548170
0.26778444
-0.49141302
0.01349766
0.38128450
0.82362917
-0.17229261
-0.22699650
0.18385278
-0.28806432
-0.66294608
0.24189849
0.11815275
-0.34442906
0.16019569
0.12404640
0.26772635
-1.19929950
0.33870141
-0.56103902
-0.73233944
-0.14151556
-0.08593626
-1.02502848
-0.44798121
0.80679338
0.08889894
-0.32707373
0.55505762
1.00091881
-0.07715578
-0.09054803
-0.75088712
0.24850705
0.15374369
-1.32536985
-0.10131633
-0.94677929
-0.63201551
-0.26956043
0.63400733
0.18326983
0.50213832
0.41172660
0.58857055
-1.36875157
-0.20572870
0.67600271
-0.19892919
0.47124506
-1.31456096
1.45248925
-1.32157833
-0.22448939
-0.58346859
-0.30590995
-0.79805060
-0.25062017
-0.39953149
-0.38463806
0.50307134
0.29406389
0.54638407
0.22719218
0.07204453
0.69132200
0.68012512
-1.28091316
0.18105904
1.36230860
-0.35262195
0.38224239
0.05345237
-1.14283702
1.09428882
0.98819011
-0.44155494
0.17793298
0.46011298
-0.53438967
-0.44812421
0.97080157
-0.68262376
-0.19614127
-0.94649188
-0.37659208
-0.01145813
0.37880612
-0.54734687
-1.37812030
0.74684503
0.29713381
0.52510925
0.24634894
0.61655504
0.81067707
-0.51429124
-0.25680927
-0.15749715
0.25364861
-0.66415288
0.04954944
-0.54812081
0.68913387
0.26610339
0.97398233
0.23102177
0.17909721
-0.41997497
-0.95133530
-1.30582497
0.16785348
0.70013238
0.65330243
0.35055152
0.00366068
0.95971723
0.26529450
0.54112398
0.98378027
1.07174628
-0.96017332
0.94028001
0.37316679
-0.39067985
0.11447153
-0.34040846
0.21773217
0.78613952
0.57005176
0.24507508
-0.46670564
-0.70534134
-0.53274719
-0.30974175
0.46553812
-1.47353253
-1.11143476
-0.20016990
0.20822694
-1.22576285
-0.21781642
-0.49055393
-0.14689398
0.55956763
0.39918102
-0.43397005
1.20981013
0.70967550
0.23902091
0.31440478
-0.19301563
0.20596373
0.18901622
-1.16772952
0.35638314
-1.18670426
0.46194090
-0.60809260
0.31694541
0.16951652
-1.32715361
1.10558225
-0.71667560
-0.17559762
-0.38425119
0.32960924
-0.49719718
-0.24373660
-0.29616713
-1.46409169
-0.23457108
0.51665836
0.45489299
-0.08361357
0.47712228
-0.32018831
-1.11033103
0.63730528
-0.74514460
1.29711900
-0.58253680
0.29678533
-0.00688899
-0.35638240
0.64083382
-0.44658401
0.52821293
0.31341132
0.18951883
0.49580816
-0.27026504
-0.81250833
1.16373940
-1.02518451
-0.33797137
0.45537197
0.90127909
-0.10566254
-0.64015877
0.87658704
-0.03010477
-0.21190003
0.15302327
-0.77958527
1.26110971
0.17119587
0.16574693
-0.49744191
-0.45270020
0.40312383
0.34545139
-1.22556914
-0.34804877
-0.40109799
-0.36580714
0.36631644
-0.27692191
0.27023357
-0.03485577
0.25462729
-0.57547640
-1.11981534
0.79811322
-0.07350961
-0.02197403
-1.01877514
-0.49479082
0.12732034
-0.12989161
0.37525634
0.10560147
-0.90511479
-1.28698654
-0.12791929
0.17995739
0.30639758
0.41054785
-0.31534624
-0.17941882
-0.97294163
0.30373242
0.10507132
0.28414753
0.91014342
-0.06749271
0.96222297
-0.42794054
0.38955125
0.63048951
-0.69372151
-0.63224781
-0.41583873
-0.24038453
-0.90501144
0.63697576
-0.17084757
-0.77262606
-0.21264132
-0.51275990
-0.02812761
0.33312388
-0.58318769
0.32313852
0.30648343
-0.31851774
0.16115241
0.40411957
0.60618680
-0.36754613
0.31060698
0.23740767
0.03933376
0.82698754
-0.28058018
0.07042868
0.09193427
0.35225350
0.05012527
-0.20580538
-0.01187687
-0.31493446
0.21136473
0.62239178
0.64246928
-0.12172540
0.27151568
0.33805729
0.76284924
0.17294266
-0.02723899
0.21718171
0.03080994
0.05643886
-0.44188367
0.46859950
-0.68797465
-0.12248695
0.88144243
-0.24078094
-0.61286087
-0.31490490
0.12787422
1.27884305
0.31690204
0.02646208
-0.06265817
-0.15952612
-0.21444280
0.92306302
0.89471936
-0.17925750
-0.18875652
0.20866918
0.78485749
0.34853201
0.61266389
-0.18173386
0.62032223
0.86198952
-0.07958978
-1.07840825
-0.36014998
0.10648050
-0.36079963
0.80626450
-0.55168501
-0.26230382
1.34611847
-0.22031523
-0.51504945
0.07212769
0.43577987
0.16958598
0.31233520
-1.62627533
-0.49330354
-0.13232457
0.37268585
-0.87984622
0.06041491
0.09229154
0.20665326
0.01857279
-0.65671358
0.03191424
-0.57792955
-0.35516732
-0.57619511
0.05056511
0.58260703
-0.71673524
0.29199356
0.68165286
-0.61074575
0.56740125
0.35620191
0.30292853
-1.08300168
-0.29112695
-1.01578248
0.28772543
-0.49528095
0.77848043
0.43312530
-0.53115499
0.70236138
-0.84637542
0.17426144
0.43136986
0.76990877
-0.17576749
-0.39409730
0.12757097
1.13776883
-1.66366528
0.30443316
0.17153548
-0.52388488
-0.04563032
-0.17192916
-1.55762697
0.22858186
1.25293879
-0.36162978
-0.35366388
0.28221947
-0.04912379
-0.87628178
1.04719757
-0.29971986
0.15600088
0.01830938
0.46057811
0.88312321
0.55574873
0.24262762
0.67779773
-0.69452566
0.24111898
-0.62927346
-0.90588006
-0.01332764
1.33603563
0.56740766
0.40318944
0.63159006
-0.78645184
-0.02456748
0.73909574
0.14590489
0.11322209
0.35482229
-0.24371013
0.16937541
-0.03914618
-0.69044856
0.82461935
-0.90498131
-0.49121246
0.49017986
-0.47562550
0.83088228
-0.11057272
0.26215846
-0.05905779
-0.45212762
0.31266883
0.09565283
-0.74523389
0.44953061
0.06376675
-1.03346633
0.95156154
0.21975589
-0.83822538
-0.46241562
-0.69081646
0.40767589
-0.62129747
-0.43090154
0.59305165
-0.14185378
0.15936149
-0.53690884
-0.68560143
-0.78353221
0.09970722
-0.14853348
0.51874660
0.13068971
0.01236038
0.31474621
-0.01191299
-0.87667339
0.59603477
-0.44017299
0.38561120
-0.69691458
0.79639480
0.01080359
0.35218278
0.58634360
0.91961456
1.06622493
-0.21873391
0.87502464
-0.10090212
0.14675223
0.28804535
-0.09326149
1.42692017
0.02726255
-0.57797554
0.20219901
0.50597768
0.10630795
1.33203285
-0.35003615
-0.38199077
-0.46146572
0.19273648
0.59586849
0.50124421
0.55724186
-0.60722640
0.78768962
-0.47957974
0.69271199
-0.20367511
-0.35624960
-0.67656127
-0.39558246
-0.22337580
-0.77058182
0.29588735
1.33315580
-0.39887811
0.21602074
-1.32336567
0.64587606
-0.25644875
-0.06325307
0.94001113
-0.95230405
-1.02463120
0.27569078
0.53094380
-1.10175553
-0.62479888
0.05629331
0.36670996
-0.20406793
-0.00323818
0.20823444
-0.91908824
-0.26830786
-0.60650845
0.35334681
0.53172760
0.61431784
0.13725828
0.00408716
0.40914740
0.99363092
-0.48451017
-0.15982290
-0.43679934
1.06751540
0.28544808
-0.68834291
-0.34674199
-0.56240332
0.62296889
-0.13216159
-0.11680598
0.69901735
-0.56680371
0.17809752
-0.68535102
-0.34392915
-0.37866048
0.90919222
-0.59730570
0.16439502
-0.52519658
1.77409885
0.40648044
-0.05492684
-0.59173489
0.56780375
-0.46667826
-0.02689258
0.90686628
0.72361436
0.83002786
0.22135212
1.51064095
-0.51216683
0.51245153
-0.42627994
1.33356173
-0.22810489
0.52282597
-0.04225154
-0.28929468
-0.19977351
-0.38043042
-0.51671101
0.13182515
-0.90443473
-0.37183998
0.61911075
0.35737439
0.00094612
0.11261168
0.16984935
0.78491532
-0.49442228
-0.00814009
0.81864018
-0.31798251
-0.19950744
-0.09094769
0.12829369
-0.10731193
0.49357045
0.01206010
0.19216737
0.45959105
-0.92638337
-0.12589677
-0.39704097
0.45849937
-0.47752144
0.75400962
0.89924370
-0.13323571
1.02895488
-0.74049757
-0.33860074
-0.40494492
0.49685157
-1.41441285
-1.30112256
0.13092836
0.62342464
-0.71848438
-1.36328484
0.92994350
-0.81607265
0.06579069
-0.81647987
-0.00114010
-0.73304014
-1.13321565
-0.12458211
0.27503408
-1.55450739
1.02631015
-0.74733420
-0.67942965
-0.45580141
0.41676025
-1.07497463
0.63132319
0.04591463
-0.44629443
-0.33507567
0.70718335
0.16778322
0.80765467
0.53615913
-0.45866645
-0.19340019
-0.02541117
0.10917099
-0.53551226
0.59813894
-0.70188886
0.02380326
0.14974453
-0.24369422
-0.59325847
0.06793116
0.51969797
-1.18272442
0.37395005
-0.15749540
0.01131337
-0.76582594
0.84552079
-0.54586775
-0.57808227
1.06622458
1.46249328
0.27345941
-1.05369711
0.39736577
0.45382415
0.36064660
-0.04216198
-0.21773843
-1.09958807
0.41191783
0.47018208
0.20982253
0.39702645
-1.32371639
-0.02963391
0.17927498
0.80819918
0.07221415
-0.15691428
-1.31210849
0.08800581
0.53487716
-0.02796284
-0.31221544
0.48404433
0.03960134
-0.03715982
-1.07075416
-0.01503552
0.32009519
0.57810772
