-0.25282286
0.03901353
-0.33458561
0.44767858
0.25698449
-0.19111452
-0.93776186
-0.15332612
-0.00929340
-0.07355653
-0.04624103
-0.73761350
-0.80338389
0.18325862
0.36046279
0.03357429
-0.38289166
0.28622253
-0.11191540
-0.29432798
-0.03092337
-0.67185630
-0.38372816
-0.53771075
-0.78033339
-1.05665941
-0.20862377
0.19183669
0.63708891
-1.33972356
0.34678490
-0.13800110
-0.30382383
-0.60191293
0.15989277
0.30635022
0.71006770
-1.38277775
0.42264895
0.65348230
-0.87427771
0.08692477
-0.26253929
-0.18341237
-0.58880403
0.03950868
-0.31978410
0.72781413
0.55823155
-0.76956390
-0.46914678
-0.58426718
-0.70473147
-0.48948831
0.45592510
0.01302147
-0.27861579
-0.38064574
0.73700804
-0.01759016
0.02657580
0.25459408
0.51269328
0.03905103
0.06645217
1.17977258
-0.49627669
0.03640506
0.05434360
0.95184444
0.31647029
-0.38470191
0.18555455
-0.03984183
0.13982211
-0.11086499
-0.25878525
-0.21701953
-0.39475647
-0.18328301
-0.28446421
-0.19075218
0.00825386
-0.16788737
0.67691072
-0.01640414
0.70266864
0.83549916
0.09163789
-0.40285200
0.87963828
0.24489645
-0.21654683
-0.86732840
-0.17732081
-0.91091310
-0.35309458
0.19756903
-0.30759579
0.02697505
-0.36330003
-0.89929213
0.82781287
0.28815557
0.05661224
-0.92670431
-0.63405107
-0.14174205
0.23989720
-0.69110931
-0.19357484
-2.35927744
-0.41491366
-0.24965363
-0.41175275
-0.08429552
0.69620729
0.11561699
-0.53943525
-1.07018448
0.41670493
-0.30340576
-0.51714748
-0.61847946
0.12403734
-0.32119721
-0.19654063
0.15869998
0.32781843
-0.13060239
0.12329352
0.46294653
0.71859184
-0.94404248
-0.46287418
-0.26502960
0.20570797
0.04754376
-0.10920055
1.00044731
-0.14855711
1.32632535
0.20385192
0.02959301
0.03909138
0.07427931
0.00064972
0.15275581
-0.03151689
0.56238480
0.14888515
0.07998484
0.21533116
-0.46609084
-0.40429621
0.00094664
0.24889729
0.17500019
-0.33286473
0.86203414
-0.90382296
-0.78912238
-0.37912147
0.53333857
0.53283961
0.14400629
0.97225367
-0.92992992
0.18426893
0.67885860
-0.87595531
-0.55812675
-0.27740268
1.19047674
0.86575217
-0.34079687
0.23016335
0.20843914
0.07665997
0.17642398
0.95236121
1.63649897
-0.08351034
-0.78981249
-0.43607312
0.28490856
-0.62022530
0.23179088
-0.39576612
0.49936397
-0.16800464
0.44383466
0.65637930
-0.16648557
-0.40603428
0.33712150
-0.43665342
0.22265525
0.74204905
0.88787390
1.00675610
0.52414338
-0.28352306
-0.89644759
-0.32192988
-0.73697556
0.63898634
-0.27248679
0.36230373
0.30440514
-0.74770443
-0.19454245
0.82631711
0.78092510
-0.21414472
-0.53416943
-0.04462257
0.19250918
0.31231806
-1.21408757
-0.53004622
-0.66157730
0.20236925
0.34628097
0.44761429
0.47670742
-1.41561315
0.10611140
-0.46338997
0.51546322
-0.93219631
-0.00928631
0.64140580
-0.62911946
0.89354469
-0.09994657
-0.61585567
-0.49712060
0.21365728
-0.43542459
0.25768524
-0.66265881
-0.27823448
-0.56866457
1.10996248
-0.45335454
0.16431617
-0.01572580
0.11729816
0.30793335
0.86613478
0.21831828
0.45523526
0.64679466
0.51911958
-0.26143906
1.36447561
-0.18810094
-0.18121604
-0.15052730
-1.06600096
-0.20247275
-0.08808276
-1.31565989
-1.14320860
0.08965585
-0.36367307
0.23555407
-0.07088042
-0.38986612
-0.04691620
1.05291650
-0.33076374
0.04350574
-0.30116143
-0.05170976
-0.88277476
0.84519920
0.59553115
0.41065291
0.49775978
-0.85279620
-0.95540803
0.51758268
1.03188454
0.28626360
0.10875414
0.93633081
-0.09990547
0.16135612
-0.87351981
0.84681058
0.62468272
0.57144887
-0.30496510
-0.35561776
0.55883433
0.59451577
-1.35990814
-0.08541956
-0.19869443
0.47446203
0.02481875
0.42276109
-0.07484633
-1.29916023
0.17420618
0.46074010
-1.21335527
0.52727883
-0.03278709
-0.36280764
0.46142424
0.02325038
0.34947645
-0.39051782
0.39554121
-0.29907165
0.40686408
-0.02642716
-0.47308146
-0.43212727
0.81821617
-0.73203291
-0.04122142
0.68983201
0.03206041
-0.28566005
1.06504061
0.42163543
-0.27569894
-0.16615281
0.69167195
0.57757362
-0.11725789
0.19462425
-0.66303005
-0.03418515
-0.20170663
0.66346160
0.16832031
-0.36157287
0.19060308
0.50280649
0.34005821
0.22772078
-0.28160073
0.89075915
0.16763408
0.14384213
-0.39608178
-0.06820415
-0.05920525
0.74456143
1.33850556
0.75225625
-0.81677602
0.62713791
0.11813377
0.64691468
-1.38184321
0.70938493
-0.07048150
-0.04743643
-0.09894956
-0.36433031
0.78461505
0.85558695
-1.21969700
0.18273349
-0.51622212
-0.40026521
-0.25941621
-0.18778874
-0.59823636
0.85356967
0.24345059
0.03100512
-1.21567836
0.05187965
-0.04766579
0.76832592
0.37195944
0.46359644
-0.21759719
-0.10071600
0.90939248
0.33430523
-0.05662757
0.36926822
-0.33232646
-0.40374405
0.56214185
0.10414849
0.07665032
0.51318814
-0.76965582
-0.73691390
0.15228082
0.25267883
0.70888056
0.08441373
-0.10470900
0.82708589
-0.50331458
0.86788772
-0.47953875
0.44962695
0.00421965
-0.49063012
0.30286795
0.47429098
1.11098601
-0.32657266
-0.16773577
0.25245533
0.23106271
0.87478018
0.84713865
-0.42712184
-0.08455024
-0.08057292
0.39397810
-0.37059941
0.35058914
-0.12165561
0.01273544
-0.53370635
0.16883671
-0.29837750
-0.76962789
0.82230264
-0.25560496
0.55826840
0.10030967
0.06252898
-0.58151380
-0.06227430
-0.04769782
-0.44564918
0.29260978
0.75943583
-0.16853263
0.31520066
-0.62774739
-0.59627670
-0.88557122
-0.76533509
-0.07513881
0.32168062
0.06838851
0.18717622
0.84134110
0.38005056
0.02735518
0.11002578
0.61718499
0.25977427
-0.34411196
0.98000787
-0.40190884
0.07807222
0.44842435
-0.20864369
-0.27119847
0.63986103
-0.48044967
-0.39665124
0.07357975
0.53571356
0.15390207
-0.28985485
-0.42730973
0.38305389
0.55281366
-0.58016299
-0.06506803
0.42969230
0.70669913
-0.10154165
-0.43966914
0.18322074
0.54102651
-0.03394718
0.42286596
0.27605455
0.10654662
-0.69601014
0.48857716
-0.45946051
-0.32655971
-0.37090557
0.07292790
0.52402841
0.06097040
-0.61995663
-0.06380466
-0.10814542
0.46320043
0.22564269
-0.38513932
-0.93483855
-0.12961002
-0.58574285
-0.23342532
-0.18560250
0.20921524
-0.35403494
-0.38338014
-0.79556949
0.70799903
-0.66005992
-0.09898384
0.18030406
0.07521546
0.22188276
0.06959781
0.14344457
-0.58832679
-0.96829512
0.63754548
0.45791949
-0.07047434
-0.66388993
0.28353594
0.04599313
-0.55608044
-0.54363929
0.70048958
0.31775318
0.71815037
-0.73364106
0.18243037
-0.19946586
0.41427419
0.38764356
0.06026016
0.35745337
0.62537517
0.39083199
-0.41802565
-0.54729239
0.31946624
-0.19580587
0.91307313
0.93536156
-0.39327574
0.05295226
0.00182003
0.11429114
-0.71591222
-1.43725688
-0.36365838
0.28812766
-0.62802013
0.38140534
0.30728764
-0.89810924
0.27567315
-0.19553838
-0.17700519
0.11615774
0.93268966
0.19143416
0.31946015
1.00543889
0.27768614
-0.67249050
-0.85465927
0.00518247
-0.16073780
-0.52201167
-0.01524513
0.13623998
-0.60849802
-0.07492617
-0.04434137
-0.67255985
-0.77177398
-0.24628863
0.35470308
-1.19061701
0.71571191
0.06657830
-0.54899964
0.96209640
0.93743640
0.18624968
0.32316716
0.52979116
-0.26889948
0.70396135
0.60381598
-0.60354018
-0.51589710
-0.58143531
0.69571890
0.54354482
0.27731654
-0.88488198
-0.43204778
-0.79501116
0.33339630
-0.03755081
-0.00614900
0.84153094
-0.14407130
0.26312806
0.75789739
-0.29908490
0.84405947
-0.37085350
-0.41768224
0.42699273
-0.33090297
0.09517444
-0.16708539
-0.10405700
0.28447321
0.61599077
-0.67004949
0.25845396
0.15373172
0.56190024
1.18586741
0.27161409
-0.19000421
0.09337569
-0.11520538
-0.03499984
-0.25361528
0.05741243
-0.29414915
0.26870887
0.48073501
-0.04948369
-0.02061799
0.21641579
-0.43392748
1.05168584
-0.65822148
0.28561242
0.70442754
0.73024463
-0.11269125
-0.16708018
0.40085690
-0.43577787
1.30263269
0.37050594
-0.32026255
0.52558869
1.13615509
-0.67063315
0.15670889
0.48741101
-0.52866440
0.65243201
0.49823812
0.52577025
0.02875818
-0.14063651
-0.38759740
0.80638645
0.35277909
-0.63679882
-0.46332367
-0.08703029
1.23772936
-0.25940110
-0.33091362
-0.61406217
-0.46236925
-0.18104062
-1.01701753
-0.02339137
-0.40868881
-0.08753329
0.53741012
0.17189803
0.32649885
0.98693289
0.49346217
0.05078771
0.29678811
0.35489379
1.03049376
0.15831501
0.19778589
0.11378682
0.10574995
1.58629116
0.39727558
0.91987320
-0.54567120
-0.43447393
-0.54132699
0.43240186
-0.07397641
-0.00419449
-0.45101612
-0.31802210
-0.72846990
0.01694723
0.75609192
-0.01678641
-0.55985178
0.11209285
-0.74476509
-0.16807122
-0.41118209
-0.01870808
-0.00198964
0.05607696
0.54920950
-0.95698053
0.07186940
-0.15773126
0.43948422
-0.53484011
0.60385171
0.12397925
-0.41172773
-0.42754302
0.24089326
0.05092647
-0.04156443
0.80969451
-0.09649751
-0.27886790
0.28539685
0.08612068
0.95156602
0.58933871
0.17370653
-0.59313503
0.04932773
-0.18881188
-0.06256176
-0.00612665
-0.81115830
0.71083896
-1.03275827
0.04652609
0.58601336
0.42546905
0.04761072
-0.30107115
0.40543935
0.10643587
0.15448558
0.21964981
0.68091999
-0.48918469
0.43874560
0.34358110
-0.19674831
-1.18498365
-1.35307045
0.04745784
-0.40432643
-0.69156273
0.09348827
0.10339534
-0.62860449
1.32938121
0.46624277
-0.81708330
-0.85201437
0.24903098
-0.11504613
-0.16468051
0.43343007
0.26080820
0.39595686
-0.44999014
-0.60644221
0.71201426
-1.11130701
0.25869487
0.14107469
-0.10374353
1.38162120
1.27208740
0.25519799
-0.12145891
0.67682632
1.10969840
-0.11686240
0.89592481
-0.63798064
-0.69277155
0.51162418
0.20506001
0.50800917
0.43819880
-0.72763968
0.06457286
0.24293548
0.16940671
-0.64743191
1.16369949
-0.01791596
0.00401833
0.31191774
0.56374576
-0.04891353
-0.67402883
-0.60623306
-0.17104641
0.11135451
-0.99399634
-1.04765870
0.87731077
-0.28078591
-0.69695032
0.13741779
0.22526047
-0.39089837
-0.51541726
-0.86946795
-0.17864336
-0.09443942
-0.51660189
-0.05902492
0.43552947
-0.36434931
0.07858153
0.19882274
0.82841661
-0.56847061
-0.80408493
-0.86953069
-0.42981410
0.10281112
0.24163162
-0.04425628
-0.59700840
-0.02923102
0.38402438
0.37264068
0.51960234
-0.53597753
-0.99752718
-0.34031934
0.63838809
0.24781044
-0.11363026
0.08151431
-0.40266770
0.44196506
-0.34164524
-0.83801610
-0.83454204
-0.12860948
-0.57941512
-0.51522003
-0.48883972
-0.83669478
0.34956886
0.30122952
-0.55114952
0.48462014
-0.96284893
0.63010374
1.08186008
-1.13476249
-0.47152659
0.00524450
-0.46251696
-0.85097804
-1.22987574
0.18420561
0.30953244
-0.48304629
-0.46971072
0.17143960
0.12713577
0.24225286
-0.59714925
-0.72348700
-0.73532369
0.50942503
-0.28658370
0.22427019
0.27205049
-0.43432812
-0.65836586
-0.00499927
1.12440579
-0.28246394
-0.39653610
1.25976701
-0.19655859
-0.96134728
-0.35077104
-0.00276927
0.38032525
-0.40994790
-1.70888298
-0.29765940
-0.31025770
-1.51455976
0.10534218
-0.34130502
-1.69717193
-0.45061233
-1.88796666
-0.83112491
-0.80553923
-1.58136794
-0.38357576
-1.19299179
-1.49687863
-0.43777736
0.14024346
-1.48044131
0.41318922
-0.83206335
1.17518501
0.36015628
0.01572327
0.25294525
0.02605539
0.96436494
1.20794884
1.74891747
1.90525500
1.65865078
2.17808706
0.92025420
2.13900561
1.44772921
1.38525090
1.53576055
1.44871887
0.97819344
0.90432712
1.51664599
0.48087646
2.75538518
1.09522965
1.07882174
0.29670975
-0.23613368
-0.06114880
0.50889197
0.10489494
-0.92353933
-1.13050962
-0.82633775
-1.63847910
-1.57556840
0.43515567
-0.27372718
-1.23957381
-1.32467516
-0.56116727
-0.50206036
-1.25344842
-0.44097536
-0.80197953
-0.21227727
0.00727507
0.45955938
0.10820343
-0.33965060
-0.19274289
-0.77851095
0.30719971
-1.11828354
0.12018767
0.27326643
-0.29012437
-1.14921155
-0.36274886
0.42515309
0.98575388
0.60827023
0.51253507
-0.10457643
-0.57176268
0.11742387
0.00242173
0.11585805
-0.43492781
0.29077370
-0.30488210
-0.11072449
0.00468187
-0.58744000
-0.51736612
-0.34681502
0.51513465
-0.12322129
-0.13998811
-0.00272675
0.11254720
-0.39895311
-0.01422574
-0.35717848
-0.20991128
0.74806032
0.12047980
0.33922330
-0.48949707
0.00714431
0.17615575
0.66169026
-0.58283526
1.37774032
-0.40506321
-0.08423484
-0.07600656
0.01906666
-0.78040145
0.33955496
0.64961370
-0.35970531
0.63257280
-0.70521035
0.62706733
0.16651614
0.59842110
0.56062707
-0.67921847
-0.38708717
-0.11565555
0.01674074
0.58152211
-0.25155049
-0.12131101
1.11896323
-0.46966530
0.70215150
-0.04685416
-0.03526750
0.09401192
-0.18411933
0.49820514
-0.19504835
-0.84536355
0.61677642
0.39281583
0.63349143
-0.33828192
-0.11962909
-0.03401235
-0.87427295
0.84031274
-1.01278545
0.11840494
-0.29115303
0.48196042
0.84580300
0.23376596
0.79976669
0.09045280
0.51581070
-0.14974719
-0.69168165
0.18691580
0.04620070
-0.21491226
-0.04498146
-0.26426733
-0.07358999
0.98051199
0.31864600
0.36384236
0.11408279
-0.27233794
-0.73357819
0.38460489
0.63008699
0.08586501
1.04061278
0.18648786
-0.51949823
-0.46148127
-0.29819849
0.17381453
0.23931394
0.65402022
0.52340325
-0.22783181
-0.36677720
-0.14850893
-0.10901032
0.53562118
-1.09270996
0.02050427
-0.49580978
0.00843618
0.11989830
0.14326996
-0.27506652
-0.15292665
-0.06532784
0.27242660
0.00933979
-0.71043456
-0.62701271
0.11377503
0.85912531
0.84096324
0.32529112
-0.41240744
0.44252550
-0.04795929
-0.18970932
0.67546610
0.67714237
-1.19460309
-0.26938185
0.55788288
0.37301935
-0.08736858
-0.44543970
0.58280191
-0.27758867
-0.18615798
-0.67511212
0.17360807
0.04629329
0.52706092
0.27142100
0.00051347
0.08571008
-0.90547670
0.77019117
-1.03496981
0.11140980
-0.00159001
-0.64413329
0.40135368
0.28985787
0.11420581
-0.86348601
-0.43500013
0.14936648
0.71213827
-1.35840678
0.02448487
0.46015114
0.62656414
0.01648325
-0.27267075
0.92348897
0.04009919
-0.29532439
0.52107917
0.01132460
-0.06060199
0.56156041
0.82221709
0.35072729
0.68873821
-0.29857427
0.39724790
0.23533958
0.42229151
-0.67492049
-0.16401938
0.12891325
0.91566723
-0.45052494
0.74565193
1.10404561
-0.37201305
-0.57794728
-0.92963838
-0.29374761
-0.73174014
-0.24313840
0.14190132
0.16532795
-0.79151065
0.69246497
-0.74095594
0.51254184
-0.77995808
0.04005164
-0.52296391
-0.06351526
-0.48143519
0.16301509
0.81835768
0.14562037
-0.48659376
-0.30266011
0.73459411
0.28373423
-0.04670619
-0.73449357
-0.68536639
-0.32729537
1.36851594
-0.95514420
0.21015113
-0.72078475
0.41205546
0.13419958
-0.13579389
-0.64393483
-0.24984195
-0.39460128
0.55503537
0.26114905
-1.22727763
0.20727386
-0.85057663
0.31270218
-0.29941047
-0.02566883
-0.07410860
0.31180322
0.10799654
-0.62225685
-0.18981618
-0.27668690
-0.33979768
0.17684394
0.57249429
0.13178802
0.16895602
0.10618708
0.70583143
-0.68975296
0.18828563
-0.11960194
0.92042253
-0.34811369
-0.30142849
0.21058193
-0.87022076
-0.05019821
-0.17462850
0.37099310
0.60188609
0.05995654
0.19362490
1.01650853
1.35192684
-0.10131923
0.30523473
-0.02631317
0.68985425
0.29709584
-0.92502393
-0.77466295
0.85763866
0.57121177
0.26972586
-0.36627575
0.14015126
-0.49002815
0.08258041
-0.39565821
-0.19091588
-0.47465498
-0.24720853
-0.06997323
0.45835332
0.32575532
0.82469723
0.10708041
0.10944652
-0.82662781
-1.00668079
-0.45267584
0.94677063
0.32101054
0.44886572
0.30996117
0.03835633
0.55596353
-0.37201890
0.68803849
0.34222147
0.83891902
0.24378842
-0.03769474
0.44610549
-0.84380054
0.04812776
-0.12991880
-0.04113421
0.45666587
-0.41811556
-0.06725035
-0.34234379
0.29793901
-1.55740840
-0.60028525
0.14978084
0.41618760
0.26553363
-0.07196561
0.12514198
0.39155779
0.40010914
0.47886867
0.68788200
0.24515955
-0.17573243
0.14041035
0.54275124
-0.07060423
0.63745237
0.00915321
-0.58332631
0.20397971
-0.57581889
-0.10201203
-0.24921097
0.84020490
-1.00797347
0.19980001
0.01639328
-0.18882115
-0.04059954
-0.19880497
-0.68576476
-0.83402334
1.07880829
0.38272125
0.71431387
0.12668724
0.51813748
0.01932202
0.31066013
-0.19879746
-0.27225846
0.04522462
-0.36405446
0.69946364
1.18486393
-0.17949714
0.29698408
0.75880859
0.79112306
0.05098734
-0.35116212
-0.12682526
0.31433619
-0.13659479
0.31565149
-0.50201992
-0.20459175
0.61998912
0.57534531
0.64451461
0.05138526
-0.49668191
-0.78696454
-0.14742191
0.24085646
0.24815036
-0.31805123
-0.35851440
0.27169673
0.54787064
0.54961177
-0.77329082
-1.49887475
0.72083950
0.32493251
-0.23343582
-0.20486426
-0.88853947
-0.57598256
-1.39501481
0.06613132
0.19547171
0.04785848
0.18862360
0.14786420
-0.36140830
-0.56977335
-0.64494092
0.31895123
0.72028998
-0.15787955
0.45685397
-0.36551398
-0.79685822
-0.75898789
-0.08576323
0.64054475
-0.29381452
-0.93743546
0.47905395
-0.42578940
0.87663657
0.76350157
0.10656116
1.05428972
-0.48884745
-0.65182580
0.08654588
-0.04730212
-0.12376167
0.12698816
-0.15221888
0.85436784
0.14365054
-0.40589101
0.72144991
-0.09730580
-0.17268324
0.54244186
0.39236331
-0.53593156
-0.81363044
0.36618263
-0.15883749
-0.16853145
-0.32101619
-0.47839052
-0.83489129
-0.68369747
0.00556295
-0.19042864
0.51724757
1.35260597
0.74238805
-0.61214390
-0.09014709
0.00298872
-0.71468385
-0.37081845
-0.16518371
-0.30797768
0.12081717
0.25639035
0.50900480
0.52485273
-0.31882684
0.26456341
-0.25417661
0.06590633
-0.24953401
-0.07382031
-0.71505958
-0.74151999
-0.28013037
0.04913912
-0.38200322
0.88851262
-0.64128616
0.36437324
-0.44917384
0.04704420
0.15616927
-0.27957693
-0.55881208
0.15992415
0.19548979
0.19857318
0.29119795
-0.18576705
1.01913919
-0.64626776
-0.23310237
-0.55124080
0.14195280
0.71028555
-0.96153672
-0.22646265
0.45063932
-0.15663778
-0.17789610
0.68634106
0.27005864
-1.76165849
-0.18774761
0.93080302
-0.47760104
0.14508261
-0.96980287
0.13313412
0.43940305
-0.19516847
-0.74949871
-0.27088660
-0.18756451
0.01798564
-0.69762199
0.03352789
-0.20477726
0.78467308
0.04604479
-0.60832120
-0.39678898
0.23921955
-0.27303095
0.30185608
-0.54542638
-1.69850020
-0.46350048
-0.49340570
0.03043357
-0.18445918
0.81337543
0.12882707
0.57524991
-0.14669117
0.36610963
-0.36211086
0.24154045
0.61901387
0.26783627
-1.02765969
1.47839027
-0.03529477
0.26624236
-0.28781511
-0.06970044
0.87911953
0.61111857
1.15126818
0.75669203
-0.16899197
0.18712579
-0.93035909
0.48024193
-0.00140195
0.00421363
-0.58816843
-0.07316372
-0.20508875
0.45459927
-0.35492007
1.33010325
0.44878178
0.59927491
-0.45973504
0.35140450
0.33983770
-0.07349414
0.62977064
-0.21813777
-0.32511079
0.54265274
0.12285642
-0.10528151
-0.24252199
1.17083673
-0.49417843
0.10081729
0.13275502
0.21328593
0.23963120
0.28897055
-0.17277283
0.26028579
-0.07653441
-0.60369870
0.08502795
0.70111633
0.16084180
1.24468341
0.43583654
-0.51640745
0.29811044
-0.37130907
-0.21595137
-0.76749640
-0.39844584
-0.41032995
-0.70197718
-0.51408869
0.48476748
-0.04582826
0.90439620
0.04117711
0.55727011
0.46791062
0.32784791
0.18484722
-0.27871564
-0.39438524
0.01505792
0.05838540
-0.28517531
0.15780362
0.28347561
0.54335439
-0.42358880
-0.72396341
0.05378805
0.04239145
0.05022720
-0.01595110
-0.08493489
-1.33415497
0.54644834
0.27087311
0.39589371
-0.72168877
-0.36051298
-0.05568400
0.04321923
0.09834537
-0.04625913
-0.14271072
-0.44277017
0.18952994
-0.88554102
-0.52677346
0.29231136
0.71975584
-0.41657244
-0.28722131
0.28683781
0.96025693
-0.01901560
0.27239662
0.16234141
-0.02349766
0.11950522
-0.56943591
-1.30920804
-0.26465611
0.19343462
0.43568444
0.12737039
0.22868630
-1.55743789
-0.50561807
-1.08759130
-0.29555157
-0.04442173
-0.64900801
0.41723547
0.22195850
-0.09615193
0.26074532
-0.42227258
0.05046260
0.30922514
0.27781014
0.73013710
0.32176286
0.09954307
-0.42459633
0.33696446
-0.07027287
0.58153886
0.28732746
0.32736130
0.72374640
-0.01186594
-0.72046430
0.22528319
1.51560805
0.16670332
0.32305382
-0.15981126
-0.80685760
-0.23746749
0.37288914
0.79868969
0.77308335
0.10099092
0.39580904
0.76013890
0.87601519
0.99608370
-1.27215120
-0.64039931
-0.86806889
0.43662294
-0.30606400
0.39704297
0.54681804
-0.05063197
0.70821842
0.70860344
-0.08112414
-0.55001891
0.31133826
0.06155930
-0.07975509
0.83589577
0.45276382
0.01168197
-0.36299730
-0.17241479
0.33497257
0.20833682
-0.51630278
-0.95742519
-0.16164831
-0.51773981
-0.53776166
-0.17329450
0.38425941
0.78889694
-0.49648946
-0.25865053
0.17204627
-0.37956876
0.58423925
0.69481217
-1.05801577
0.43913573
-0.32912745
-0.59741434
0.32719802
0.25458248
-0.54791584
-0.02419462
0.51826314
-1.18801710
0.66619004
0.00227064
0.59917869
0.80235974
-0.55781580
-0.30426164
-0.24414254
-0.04639976
0.04914361
-0.56869511
0.18275580
0.09828322
0.05764238
-0.66531113
-0.46558975
-0.12081424
0.08044161
0.13365596
0.85904037
-0.04698759
-0.25452802
0.40960747
0.41802305
0.57421395
-0.20574163
-0.15496574
0.27150161
-0.04438767
0.47728799
-0.35391662
0.16660178
-0.11672285
0.35254345
0.07215729
-0.32978847
0.04066685
-0.38929983
-0.91627370
0.34708942
-0.63188908
-0.15006325
-1.16482060
0.09942051
-1.08928138
-0.45960054
-0.36205043
-0.71361962
0.02393421
0.58159470
-0.17321665
-0.50912423
0.16053094
0.92400590
-0.12232230
-0.39539792
-0.29593967
-0.71842159
0.85037230
-0.03530317
-0.72839291
-0.03390253
0.02729327
0.28689169
0.48709978
-0.24894593
0.63721107
-0.54359762
1.07717715
-0.69024179
0.15084003
0.77111764
0.75180771
-0.56209793
-0.22684121
-0.50178428
-0.08669392
0.39907613
-0.20686151
-0.40855140
-0.30266071
0.01587612
-0.57944995
-0.08510249
0.31113920
-0.57549252
-0.16420312
0.39257823
-0.05827698
0.79384012
0.38079794
-0.27959762
-0.71987547
-0.35499023
-0.83703547
-0.80531108
0.65820860
-0.11861529
-0.05983871
0.01860406
0.00516516
-0.23418814
-0.20079502
0.83901847
0.00465890
0.10169698
0.57557778
0.68202584
-0.41738491
1.09556054
1.18558541
-0.36816742
-0.46346352
0.29280922
0.64422981
-0.47515038
1.14183485
-0.65926379
0.82397116
-0.37235535
-0.05487983
0.28562628
-0.16788974
-0.87099279
-0.75737265
0.37995004
0.40201221
-0.25985201
1.18629018
-0.34970344
-0.04256436
-1.02057953
-0.29111551
-0.62882372
0.02694530
-0.22695200
0.87343521
0.10510189
-0.86064399
-0.35039455
-0.81281192
0.95334509
-0.25675856
-0.77153858
-0.29000149
-0.33613028
-0.18034865
-0.37790834
0.36817282
-0.27649984
-0.49265544
0.53600289
-0.42359907
0.36538534
0.14272967
0.12488025
0.72681571
0.42470922
-0.13524817
-0.77868894
0.22394406
-0.52681506
-0.75203127
0.43838359
-0.25347753
-0.44167952
-0.60372051
-0.14229754
0.60518168
-0.66479291
-0.47848605
-0.47785880
0.17330852
0.82410068
-0.23063802
-0.57482746
0.32261265
-0.87529622
0.99414972
0.31016104
-0.25972482
0.44911303
-0.04709349
-0.55074967
-0.20189916
-0.38674943
0.36074556
0.67932611
0.28243198
-0.14097399
0.17282596
0.44497544
-0.07099068
0.12843158
-0.16004983
0.46595271
0.00738374
0.16190828
-0.02648993
0.22961257
0.17424033
0.64817245
0.29060395
0.38800536
0.18752888
-0.90399980
0.67028739
-0.71650122
-0.44773289
0.38517779
0.23425153
0.04353050
0.57313126
-0.10594539
0.07737699
-1.34038057
-0.46371990
-0.10336937
-0.11053482
0.49857585
0.25444377
0.54410020
0.61471142
-0.53436373
-0.34554193
-0.87411744
-0.49780403
-0.50411753
0.03910852
0.49694038
-0.78103087
-0.47805513
0.43685433
0.75258422
-0.08371890
0.84493694
0.15477119
0.12572516
-1.36868661
-0.80169214
0.46767070
1.09571298
0.89022737
-0.00742380
-0.03457458
0.33879767
-0.05373071
-0.12116157
1.01601901
-0.26011424
-0.16701164
-0.07945713
0.77408471
0.19899842
0.14095614
0.44241346
0.31766873
-0.22080523
0.33490437
0.90609717
-0.72621058
0.44271603
0.07151089
0.12687786
-0.42664952
0.43326605
0.22989628
0.54622919
2.01583219
0.41806663
0.42460120
0.05568627
-0.29971644
0.10794500
-0.25223607
-0.07266096
0.66195538
-0.34792106
0.73431010
1.01891190
-1.24385940
-0.21404045
-0.42483835
-0.17853720
0.42611021
0.48618208
