0.03906022
0.19928574
0.26973749
0.16885602
0.17045153
-0.33121188
0.16266703
0.17254221
0.09782362
-0.39527456
-0.37639146
0.21764681
-0.08829970
0.03885626
0.14707735
0.35654746
0.43229049
-0.06396182
0.03472523
-0.34613987
-0.28359278
0.27989363
0.15574037
0.06076574
0.78839530
-0.00283506
-0.36482828
-0.07776805
-0.05759489
-0.04961224
-0.34166328
0.34949003
-0.05648936
-0.15037500
-0.07691640
-0.20367121
-0.13067448
0.08757070
-0.50162520
-0.58391290
-0.26777271
0.16371075
-0.11237383
0.07545516
-0.16805654
-0.17600784
-0.07749590
0.51602957
0.03356460
0.03514995
0.01789919
-0.15991613
0.51574275
-0.26574952
-0.15616562
-0.37345363
-0.23117785
-0.21797734
0.27809030
-0.29946207
0.26838492
-0.06525110
0.10463643
0.13794378
-0.14725918
-0.02418734
-0.24351228
0.11395677
0.09169273
0.29980314
-0.30160692
-0.05579095
0.14307459
0.05480387
-0.31713528
0.31728205
0.14638090
0.06727552
0.28849530
0.01031281
0.14902037
0.42640657
0.17406520
-0.20846525
0.06832147
-0.44849728
-0.26095059
-0.25844418
-0.02881827
0.16607083
0.40279437
-0.25234758
0.06492238
-0.12151922
-0.30847446
0.01456611
-0.08749003
-0.53858742
0.12667148
-0.23931700
0.10427441
-0.07956424
-0.05076274
-0.26626178
0.14315706
0.39055849
-0.07517386
-0.06820376
-0.18095041
0.04033477
-0.39231614
-0.43618356
0.30295071
-0.08248153
0.16829045
-0.08729803
0.11920124
-0.32465599
-0.08703427
-0.43086872
-0.25819849
0.13490299
-0.02208839
-0.25672369
0.21766734
0.11143426
0.19828364
-0.27562755
-0.08026007
0.18436890
0.25073849
0.33996449
0.53496215
0.12299757
-0.20159035
-0.35811468
0.08442420
-0.30164796
0.40241578
-0.03146071
-0.00751922
0.26644497
0.01094990
-0.05464285
-0.04388134
0.02243597
-0.08376450
-0.02128062
-0.48289964
-0.00551410
0.18343251
-0.27752916
0.20103394
0.25264809
-0.23191283
-0.17605646
0.04737753
0.03671140
-0.08029187
-0.05667805
-0.15846480
0.29260812
0.32114588
0.11895117
0.16405198
0.08956584
0.09846570
0.05391322
-0.32640479
0.18020746
0.07658781
-0.15787449
0.36471844
-0.22789303
0.19409383
-0.21092197
0.16786236
-0.28313878
0.16381956
-0.35821392
-0.12309062
0.11552698
-0.17312697
-0.07888495
0.17220402
-0.12989294
-0.14639585
-0.04249260
-0.13785072
-0.23724845
-0.10881222
0.25450284
0.06465693
-0.15189518
-0.25331961
0.30429768
-0.15844203
0.23574567
-0.05293521
-0.32446805
-0.01797593
0.23032437
-0.08885654
-0.17338486
0.20494768
-0.27672217
-0.40630511
0.26551291
-0.19597955
-0.09302993
-0.31364752
0.05940234
-0.11568246
0.61423929
0.08610859
-0.32536202
0.25952046
0.21214987
-0.10380676
0.09341548
0.01692517
-0.16018605
-0.61517810
-0.52061547
0.00820183
0.30696871
0.08044553
-0.32740034
0.28719260
0.03028011
0.19898948
0.42619274
-0.00573010
-0.26692525
-0.44088477
-0.02618426
0.30802754
-0.09446430
-0.01096772
0.34505947
0.06012044
0.13491171
0.32584383
-0.27710889
-0.16049059
-0.14051266
-0.06865156
0.17186010
0.06732306
0.11129086
0.06475821
0.31204709
0.01670406
-0.00491657
-0.60437990
0.05627132
-0.29627651
-0.35689092
-0.40704178
-0.21117122
0.32968177
0.39852380
-0.10878372
0.17847580
0.23655131
-0.01342820
0.00088567
0.12435746
-0.22194396
0.10065521
0.06129554
-0.19703620
0.19550869
-0.50781453
-0.16444793
-0.03989012
-0.00468280
0.06931865
0.10723992
-0.23358896
0.22594220
0.70055292
0.03433402
0.23269168
-0.01810802
0.09733837
0.14906780
0.01972593
0.14188945
0.04722940
0.29752106
0.06668071
-0.28677301
-0.06699665
-0.03411338
0.25991403
0.07597398
0.13741998
0.17309924
0.10295079
-0.24240902
0.08001893
0.04082463
0.13302193
0.46792075
-0.00908736
0.13078640
0.15691516
0.09981864
-0.34018123
0.02487610
0.08145070
-0.29924637
0.24646932
0.15993554
0.12368134
0.29491433
0.13008314
0.11967630
-0.10399366
0.04397633
0.11739931
-0.20546592
0.15951511
-0.06604341
-0.00880100
-0.19299818
0.15076412
0.29618432
0.19091210
0.56127418
-0.15089480
-0.32560824
0.34443555
-0.03057585
-0.13261904
-0.07501103
-0.23555121
-0.40323339
-0.13146888
-0.41722821
0.25481750
0.01364886
0.15769147
-0.16322505
-0.47374080
0.04003878
0.19007919
0.29062999
0.10679109
-0.25906157
0.32568117
-0.42041364
-0.04445311
-0.06694815
0.39140264
0.07770228
-0.06586679
0.28343579
-0.00391828
-0.01345579
0.13980088
-0.37691292
0.27328635
-0.00273931
0.12867060
-0.08596237
-0.34439840
-0.02076476
0.22734814
0.07340369
0.13025126
-0.13356163
-0.01300973
-0.25111045
-0.20795201
-0.26759993
0.02956758
-0.00900307
-0.06361600
0.09881497
-0.16180218
-0.02069305
0.11289679
0.06333420
-0.04164844
-0.18660131
0.09007821
-0.06634629
0.11014691
0.01876444
0.13333855
-0.10981315
0.02935135
-0.37427129
0.06633836
-0.34289535
-0.18520801
0.18370921
-0.04381778
0.23366477
0.08357671
0.03960841
0.04146372
0.02057554
0.07226667
-0.28115827
0.21594736
-0.53169523
0.10764769
0.42021747
-0.08395213
-0.15700692
0.13854789
-0.17000377
-0.10314669
-0.48840861
0.05279640
0.36176408
0.27090789
0.03049786
-0.24099967
0.33033586
-0.26435305
0.05590273
-0.01072093
0.12305909
-0.44828905
0.14952574
0.09518136
-0.03594144
-0.19495945
0.07651420
-0.17055519
-0.16354098
0.03509618
-0.11638056
0.04523200
0.22870177
-0.05245784
0.23573781
-0.18738207
-0.04608128
-0.42437085
-0.61755052
0.24161861
-0.10265824
-0.36170973
-0.10359908
-0.05379649
-0.07102621
-0.06685720
0.46855689
0.03322680
0.34508964
-0.06948788
-0.03079178
-0.08119450
-0.25149120
0.06663584
0.22373443
0.06204774
-0.05753879
0.12084651
0.48649091
0.49672956
-0.04018718
0.15796679
0.34537206
0.21580616
-0.20274456
0.05686601
-0.14186001
0.34187604
-0.26560588
0.14565771
-0.26661674
0.13326670
0.14737411
0.72487281
-0.05839125
0.01933352
-0.26736241
0.12299176
-0.34989927
-0.00912897
-0.05662114
-0.09072136
0.02750565
0.02487568
0.08916682
-0.08298533
0.06434166
-0.15008645
-0.22800360
0.40091395
0.23333279
0.02119818
0.12495898
0.03487723
0.16138167
0.23064331
0.23579031
-0.15917660
0.61736449
-0.13485810
0.10357041
-0.28344159
-0.15655644
-0.34287138
0.34001433
-0.26468167
-0.24808045
0.25162840
-0.16001597
-0.20599991
0.18351728
0.25596352
0.05944311
0.36986126
-0.13484410
-0.42450668
-0.23325384
0.00443882
-0.55580729
-0.58526460
0.34488500
-0.37702690
-0.22063332
-0.00823206
0.25605641
-0.08585595
-0.11631281
0.29880396
0.14280108
0.06045824
0.07412550
-0.21496603
0.24590477
-0.56874453
0.10118599
0.03357677
0.40897531
-0.08646744
-0.11500104
0.31712848
-0.04238825
0.32280020
0.30881789
0.03211210
-0.37009230
0.17274560
-0.10021788
-0.22323235
0.07730198
-0.06750297
-0.16094129
-0.54932757
-0.46133556
0.05352035
-0.18578256
0.34722584
-0.01132026
0.04475407
-0.14984858
-0.52065154
0.41286706
-0.47083912
0.02128784
-0.08158937
0.06368201
0.31356998
0.05908311
-0.02521408
-0.34318743
0.15198749
-0.09606292
0.44062797
-0.09174472
-0.11524364
0.81631789
-0.17370639
0.02417992
0.12579309
-0.27298162
0.22837632
-0.13404340
-0.08760849
-0.03818135
0.05918130
0.11120610
0.38078593
0.49723833
0.38026893
0.42991120
0.20074920
0.33549493
0.12964449
0.14389346
0.48011842
0.34582105
0.48474210
0.49315911
-0.11193923
-0.47651387
-0.06372487
-0.30057987
-0.53887536
-0.50385795
-1.14631979
-0.95352417
-1.11386438
-1.04224499
-1.33762262
-1.30605646
-1.39279299
-1.28373748
-1.52118658
-1.27250942
-1.24891181
-1.59757307
-1.21029743
-1.27686303
-1.22519465
-0.57726263
-0.59927946
-0.34501228
-0.14410178
0.32365751
-0.15332172
0.39579778
0.42890070
0.43066965
0.67025353
1.13324287
1.19100450
1.43483109
1.48840820
1.53333053
0.95908889
1.53705574
1.93205361
1.30722833
1.50067270
1.34096277
1.12067480
0.62939360
1.46907828
1.09160902
0.68307233
0.31007122
0.16577891
0.37350946
0.11928179
0.07576391
-0.11275294
-0.19249494
-0.33598001
-0.59562859
-0.71204284
-0.42903855
-0.82301068
-0.73929347
-0.34224600
-0.83478390
-0.76712800
-0.49729456
-0.68906291
-0.47692726
-0.48163880
-0.34167194
-0.39292384
-0.32070316
0.21725803
-0.00565997
-0.09394750
0.09180573
0.20841259
0.03360586
0.02802932
0.35741300
0.03466861
0.35109272
-0.17048191
0.28239625
-0.14607627
0.37031033
0.13443261
-0.53562451
0.27609255
0.25916209
0.05157628
0.29126958
-0.43391447
0.14563002
0.15758249
0.37573052
0.25603399
0.43468421
-0.09116371
0.46206030
0.12432409
-0.12811523
0.00653990
-0.17664544
-0.08711933
0.24526894
0.26503999
-0.21302535
-0.32496281
-0.03115419
-0.11525374
0.04776803
0.54898588
0.14336376
-0.07060862
0.04141262
0.11872794
-0.09870395
0.33421644
-0.12772091
-0.19346784
0.39795079
0.04817861
0.06429161
-0.06016890
0.10749045
-0.11285853
-0.05607537
0.02281468
0.00619469
0.16229814
0.14004187
-0.09892641
0.37868608
-0.08014534
0.03376751
-0.08077506
0.14912107
-0.40655414
-0.08686457
0.53462331
-0.15720771
-0.03142294
-0.21655884
0.01815297
-0.24751798
0.11800748
-0.20974651
-0.25412594
0.06276953
-0.25057821
0.53143966
0.13951182
0.06618377
0.04086898
-0.26791169
-0.57806873
-0.02765731
0.28601090
-0.01419113
0.05745591
-0.38670084
-0.26942384
-0.23254981
0.12752885
-0.02012349
0.08654550
0.05258125
-0.56657440
-0.23446543
-0.69306054
-0.03746110
-0.34705202
0.09497978
-0.11891457
0.18836576
0.09890411
0.11488517
-0.09801873
-0.23084174
0.23908973
-0.58720376
0.10363228
0.18084788
-0.02107438
-0.02528872
-0.46176314
-0.38674841
-0.16146905
-0.48647615
0.26467573
0.27674139
0.33600491
-0.03804179
-0.30050641
-0.12470729
0.04775191
0.15011287
0.39466412
-0.06851732
0.26737492
0.07212120
-0.04531171
0.20889470
0.03463470
0.17796254
0.27108536
-0.22545619
0.38479986
-0.39474686
-0.26592688
0.21648447
-0.14391960
0.18089044
-0.08743426
-0.41020474
-0.44136847
-0.39917571
-0.42250524
-0.09822048
-0.23551865
0.16399682
-0.01132494
0.06195070
0.23843648
0.19673660
0.01844853
0.06691125
-0.27698584
-0.03806468
-0.20428647
-0.01678471
-0.24333588
-0.14827335
-0.18134374
0.35025941
0.78249103
-0.35281344
0.07643208
-0.36349956
0.18338142
0.04735412
-0.25888295
-0.08716139
-0.16416619
0.36973270
0.05287378
0.02453599
0.14420431
-0.18421702
0.18778050
0.04339626
0.24290176
-0.37553633
-0.29758292
-0.32986853
-0.02917126
0.27284057
-0.11770486
0.07409024
0.07764192
0.17113899
-0.11285020
0.26427269
-0.22904033
-0.16208979
0.11686355
-0.06590363
-0.59261903
0.07922557
-0.17647153
-0.10252946
0.08774931
-0.40913678
-0.25562228
-0.04679608
-0.42679792
0.02274324
0.44580223
-0.06026482
-0.00128149
-0.09335751
-0.48063002
0.02731260
-0.01828194
0.32171689
-0.05755303
-0.38164902
-0.13856905
0.21814593
0.00517627
0.08120673
-0.05110291
-0.37251535
-0.73951680
-0.01002753
0.16138469
-0.15312808
-0.09963535
-0.22343388
0.20937812
-0.11664298
-0.28589834
-0.53386249
0.32582614
-0.29125083
0.12921376
0.51045786
0.13837705
-0.28869520
-0.13556543
0.00778732
0.10597636
-0.23203053
0.28689440
0.05260569
-0.04729545
0.01982002
-0.18876529
-0.24330240
0.09240734
-0.11249686
0.13886968
-0.17655170
0.09292028
0.14105011
0.12915952
0.39513317
0.33151676
0.19882048
-0.14687785
0.10137258
-0.14950092
0.32204698
0.20033004
0.24032073
0.43715603
-0.19673064
0.12456306
-0.11216484
0.08282971
-0.20035156
0.06983984
-0.02182018
-0.13784747
-0.20975184
0.10445456
-0.20634644
-0.05764769
0.12911617
0.06722192
0.00997471
-0.08238027
-0.02315979
0.60242775
-0.03993424
0.09231108
0.12853551
-0.14520291
-0.08839972
-0.35622726
0.20067271
0.02283543
0.37075558
-0.00435762
0.13217750
-0.02917596
0.01562799
-0.11077099
-0.07975653
0.12062969
0.20526306
0.20501452
-0.10134072
-0.03580867
-0.37627492
-0.43739898
0.24264706
-0.16469428
0.07016862
0.31909896
-0.17500296
0.08619718
-0.37942958
0.07551777
0.03087793
-0.23870298
-0.48707671
-0.36947568
0.10736001
-0.31382702
0.13304689
-0.01039239
0.14016970
-0.22750005
0.21733791
0.00333306
0.13873401
-0.08962170
-0.76196285
-0.34884171
-0.14946078
0.42605356
0.21114298
-0.34968437
0.01457467
0.30790154
-0.40267130
-0.19707294
-0.37367153
0.23850182
0.14393878
0.02735268
0.23607907
-0.08570926
-0.33750717
-0.36246904
0.11055414
0.30552781
-0.15794938
-0.11311180
0.00806491
-0.15712252
-0.05497346
-0.06514710
-0.18055339
0.06749935
-0.33265481
-0.41737836
0.00862507
0.55978064
0.15668366
-0.11729621
0.72612069
-0.10995833
-0.14414424
0.00422039
0.04316213
0.13042872
0.06442654
0.08931459
0.07059535
0.34479085
-0.48008230
-0.31471585
0.18609388
0.32612892
0.36717274
0.09402647
-0.22390457
-0.49579173
-0.06147002
-0.41367409
0.19935116
0.39315795
0.04541112
0.19214791
0.14793608
0.00751594
-0.07069223
-0.11601570
0.14948085
-0.07583493
0.29304793
0.16962952
-0.04787752
-0.09468344
0.35869579
0.02545649
0.10184232
-0.47210685
-0.34411742
0.18053310
0.15415177
-0.50650194
0.08602718
0.13240469
-0.00785271
-0.23599954
0.14623718
-0.18389893
0.12488762
-0.32514357
-0.05804324
0.42028675
-0.14619936
0.33064658
0.25213814
0.19272625
-0.02519092
-0.14631840
0.13246189
0.07559041
-0.52428281
-0.28490363
-0.24386794
-0.06743303
-0.27480018
-0.02677615
0.25127018
-0.26135133
-0.08065306
-0.32655369
-0.06599657
0.34427808
0.08059930
-0.01015444
-0.60377401
-0.22520527
0.04510738
-0.08314200
-0.36858898
-0.29103539
-0.24298356
-0.26018750
-0.32144743
0.18500757
0.09979751
0.08234527
0.17491349
-0.33816510
-0.16746706
-0.00373089
0.12030105
-0.10198798
-0.21291756
0.03453575
0.00157736
0.01666780
0.21000130
0.26070550
-0.19584349
0.28401910
-0.00221988
-0.10726745
-0.26902251
0.41254696
0.06393509
0.27167459
-0.04982513
-0.14480002
-0.43263334
0.21363532
-0.71142547
0.16218893
0.09417991
-0.25246363
0.17790749
0.20317061
-0.03959369
0.16733490
-0.44213766
0.13028948
-0.09193370
0.09986310
-0.06176051
-0.43197668
0.14197503
-0.54543149
0.04614166
-0.08884561
-0.24498273
-0.05736098
0.27934820
-0.51279956
0.23311347
-0.06459211
-0.11435700
0.78002080
0.01362919
-0.23328283
0.10635794
0.14446770
-0.31167939
-0.01223098
0.20104563
-0.25849162
0.33184209
-0.15806670
-0.07719356
-0.14551319
-0.13203366
0.09347737
0.34687228
0.12147208
-0.24433858
-0.23875668
0.06642683
-0.04374347
0.50581593
-0.38039602
0.04429541
0.21068049
-0.07802075
0.20264985
0.39949633
-0.09128771
0.07214126
0.10969136
0.05499026
-0.46264020
-0.19039617
-0.50813715
-0.25888046
-0.12424305
-0.03054049
0.02586100
0.09399176
-0.20903524
0.46767744
-0.22712866
0.46034482
-0.17824473
-0.07038412
0.12590158
-0.42333867
-0.02594342
0.02627883
0.09284360
-0.10123114
-0.31432519
0.24611626
-0.14108929
0.02325382
-0.02418691
0.06183007
-0.24095560
-0.18540418
-0.19520402
0.00989733
0.40035204
-0.01746763
-0.33287362
0.00829697
-0.17741673
0.05329925
0.37009960
0.40289334
0.18426907
0.42118300
0.35482999
-0.08757554
-0.33407494
-0.01556063
0.05443282
-0.06369661
-0.39235814
0.19485286
0.31374169
-0.12932922
0.03089874
0.36371043
-0.02564116
-0.08012583
-0.08209001
0.06038070
-0.13273136
-0.24002612
-0.11507761
-0.00366381
0.03435432
-0.06619076
0.22041754
0.52712382
-0.03835915
-0.02961885
-0.15548146
0.07778360
0.44482056
-0.17540475
0.00797225
0.04439210
0.17486163
-0.31571418
-0.00134140
-0.05320986
0.37600503
-0.04563294
0.39003792
0.20565325
-0.06940938
-0.02549091
0.02357634
0.16115058
-0.52429734
-0.32732527
-0.19940067
-0.11404408
-0.03385546
-0.01168571
-0.09616557
-0.34431314
-0.29131400
-0.19900235
0.19185406
-0.13721553
-0.06326402
0.02666147
-0.12486318
0.14998035
0.18072885
0.18902708
0.24100301
-0.21351353
0.21104266
-0.16201787
0.68891022
-0.20072565
0.11111964
0.40449825
0.56859590
-0.07202270
0.25139064
-0.21084871
-0.33586315
-0.13617195
0.40903518
-0.02963352
-0.19085014
-0.17260041
0.10239525
-0.32199970
0.55091458
-0.41408194
0.01353536
0.40698664
0.20564543
0.51139839
0.00183117
0.07697269
-0.17686670
-0.07536396
0.06634264
-0.00958557
-0.33872102
0.27286362
0.03524659
-0.39000765
0.26451183
-0.23461428
0.17322885
0.49778220
-0.13214428
-0.32273203
-0.13800670
0.08988316
0.09303466
0.19247705
0.44547806
0.04425735
-0.32043971
-0.13983592
-0.09629584
0.10194212
-0.09727694
0.09549847
-0.24483843
-0.31978645
-0.36909746
-0.33232828
0.28719043
0.21701552
-0.27135989
-0.18299047
0.33550544
0.13218684
0.38625624
-0.71825720
0.11212009
0.20679528
-0.06027435
-0.08024922
0.18416239
-0.26779028
0.03800208
-0.10367460
0.27376069
0.02381270
-0.21806844
-0.18922240
-0.15453491
-0.17439655
-0.57843192
0.04631355
-0.01242271
-0.06400121
-0.01505915
0.26245067
0.07455303
-0.41137511
-0.35517089
0.09887071
-0.22237699
0.02539677
0.19214943
0.24756430
0.22119197
0.00357676
0.17667808
-0.04120600
0.05223792
-0.16375552
-0.03241620
0.10125708
-0.15418968
0.04688792
0.15524742
0.26369567
-0.05388067
-0.08535458
-0.56004149
0.06222243
-0.34464520
-0.17669003
0.14347030
-0.00590342
0.61291653
0.02640388
-0.06353269
0.10470410
-0.00314747
-0.25422527
0.12454457
-0.24384264
-0.40595034
-0.03038238
0.53801324
0.29350811
0.37696586
0.19064161
0.41812028
-0.32109153
-0.47477661
0.24420069
-0.11379807
0.36878700
-0.20016491
-0.05128007
-0.06015437
-0.13910998
-0.04780962
0.13993069
-0.19581269
0.32343978
0.21058978
0.07386545
-0.04648438
0.08210955
0.29244634
-0.27070287
-0.23059255
-0.22069071
-0.23775388
0.20942699
-0.18289612
0.20602338
-0.36764181
-0.24631199
0.19624816
0.58521516
-0.33815353
0.08615056
0.22058318
-0.00802363
0.26774281
-0.66190751
0.21364839
-0.12172568
0.19533578
0.27969207
-0.24004327
-0.12582037
-0.12320473
-0.14666045
-0.12548664
0.12659291
0.10038020
0.36036883
-0.36697987
0.42093699
0.43606398
-0.06795229
0.31284462
0.07072026
-0.37456034
0.22614758
0.31926519
-0.04862528
-0.13212705
-0.38520141
-0.08517336
0.30076896
0.20364173
-0.10256178
-0.43017587
-0.23482061
0.02988123
0.39055018
0.15507480
0.30488422
0.12768437
0.04003129
0.10521813
-0.06014735
0.11294188
-0.20090737
-0.18786873
-0.11531593
-0.12183067
0.13861027
0.02203557
-0.03962254
0.05034236
-0.30071976
0.47176779
-0.04098875
0.26436940
-0.10699775
0.23671932
-0.28929120
0.02607765
-0.04212311
0.20714154
0.09305460
0.30268429
0.47230380
0.12014214
0.22284870
-0.01450965
-0.13317710
-0.03166916
-0.23059635
-0.03611327
-0.01981775
0.50080970
-0.11999049
-0.10173311
-0.44043683
0.23325090
0.00640992
-0.18444898
0.14622835
-0.03428489
0.07162503
-0.03277213
0.07242430
-0.00684295
0.33568283
0.10626023
0.09395773
-0.21814529
0.40553148
0.46321670
-0.31770225
0.15738589
-0.33306446
-0.13145792
0.08575546
0.02515915
-0.54356729
0.55031957
0.39331478
0.20669068
-0.07046029
0.15771306
0.03258030
0.21859771
0.01767511
-0.25859417
0.07163790
-0.14068882
-0.15090390
-0.33056641
-0.25921228
0.14565145
-0.07757594
-0.25359238
0.35357285
0.37839158
-0.19028825
-0.41098389
-0.49938554
0.09996870
0.12221561
-0.44805619
-0.26922701
-0.05116707
-0.03393518
0.25369814
-0.14616647
-0.01431523
-0.09334317
-0.18506086
0.22795375
-0.02864658
0.16372341
0.22324279
0.20048277
0.20399949
0.32545181
0.50400507
-0.38953931
0.33719727
0.16891464
0.34841864
0.29206169
-0.08149340
0.09903019
0.07302754
-0.38965888
0.16312516
-0.34099200
0.19311289
-0.18282599
0.18199989
-0.07434695
-0.07487923
-0.05340182
0.36345359
0.13431280
-0.26098647
-0.07009152
-0.17727235
-0.08505212
-0.04332782
0.09570954
0.05981674
-0.30427522
-0.02861302
0.18102150
0.10744466
0.02660815
0.27259360
-0.09940797
0.03700896
0.16165841
0.12211193
0.13420562
-0.01422009
0.03828963
0.02040726
0.00282868
-0.34203016
-0.35434669
0.11956620
-0.15150129
0.31233723
-0.49731272
0.26761451
0.07673460
-0.20272944
-0.24766161
0.50292867
0.04369567
-0.14629769
0.26727108
-0.32036190
-0.23960153
0.43592071
0.03533152
-0.25535856
0.16063990
0.10356390
-0.11112380
-0.20535706
-0.04180693
0.30957376
0.17901832
0.03472366
-0.59265423
0.01430383
0.26498185
-0.07913473
0.15594810
0.35721226
-0.02293077
-0.16739217
-0.30240167
-0.04404891
-0.08398869
-0.11653403
0.20801649
-0.29742391
0.14875662
-0.11014212
0.35117842
0.05206770
-0.04268873
-0.08397371
0.29921346
0.19597533
-0.17645622
-0.11485414
-0.39396389
-0.32058357
-0.29782164
-0.25480702
-0.30875897
0.08471484
0.27401572
0.07752398
0.03627539
0.19318189
0.06714247
-0.32193394
-0.31517477
-0.32041633
-0.17155758
-0.01646409
0.09333843
-0.14007932
-0.16523705
-0.03859679
0.17341613
0.02189949
-0.01783740
0.00361445
0.20993832
-0.25118292
0.55296669
-0.32953687
0.18466911
0.32762134
-0.18882097
0.12075053
0.19898054
-0.34724911
-0.38515278
-0.00113481
-0.20098794
0.03111686
0.52699810
-0.62390000
-0.19712347
0.16392413
0.08318542
0.12736704
0.01599368
0.29654448
0.06022814
-0.20176993
-0.04952845
0.23054162
-0.43465589
-0.04279013
-0.04003670
0.02886877
0.15765401
0.18239791
-0.27536859
-0.02443250
-0.29523509
-0.12498844
-0.00546634
-0.16950612
0.15369537
0.27050841
-0.26059770
0.10481589
-0.06872289
0.04947680
-0.14502443
0.01598559
-0.10497574
0.72188941
0.19535631
-0.14286320
0.24369024
-0.21457076
0.11490356
0.20369814
-0.11582957
0.19181797
-0.09138152
-0.12392753
0.16107986
-0.27275285
0.24239937
-0.46296576
0.06229282
0.19944631
-0.26587685
0.03786720
0.70063907
-0.07050822
-0.20879470
-0.32412318
0.19176994
-0.31094375
-0.30460852
0.25032658
-0.30680860
0.10295151
0.19025479
-0.32233320
0.08695588
-0.42991431
-0.33552597
0.28552422
-0.07617334
0.02786922
-0.14854158
0.14222831
-0.42496606
0.37045313
0.38481675
-0.49425462
0.14866614
0.45174280
0.36154192
0.40400322
-0.10706993
0.29557784
-0.08876843
0.05443356
0.07002390
-0.32780768
-0.14252931
-0.20354915
0.01798765
0.29020447
-0.11205854
-0.41828832
-0.25495472
0.37640407
-0.10827056
-0.12113225
-0.12950578
-0.70756706
-0.40885764
-0.05298312
-0.29511555
-0.11889307
-0.18099933
0.01523331
-0.29244368
-0.22526864
-0.42662944
0.12401752
-0.07198605
-0.19686081
0.01583878
-0.21542686
0.17917585
-0.00609485
0.04631568
0.13590376
-0.11683097
0.06697130
-0.02089498
0.20459333
-0.19463849
0.22303872
-0.30131708
-0.17694888
-0.38478543
0.02086043
-0.09185008
0.06060985
-0.56876420
0.00712880
-0.22494357
0.37163118
0.47766889
0.18381759
-0.17671848
0.59522972
0.02827973
0.17900595
-0.06553060
0.04802885
-0.30212504
0.29016079
-0.05204068
0.04320158
0.29018170
-0.03001080
0.31187786
-0.22431469
-0.64150582
0.14708297
0.34135910
0.06072411
0.14208422
0.20035864
0.00753032
0.16644013
-0.53984132
0.25871745
-0.18030531
-0.07900591
-0.15783558
0.01677380
-0.17126483
0.26794624
0.03302523
-0.04092293
-0.07223796
0.15169276
0.45957160
-0.16935062
-0.36227895
0.40591313
-0.20844710
0.00394024
-0.00975341
-0.02120146
-0.05542103
0.33884582
0.39972728
-0.13312415
0.00152112
0.23560872
0.07626852
0.43740748
-0.13568368
0.44026546
0.08458483
0.11394670
0.31650773
-0.12855970
0.21638654
-0.09263300
0.22342254
-0.08287708
-0.49468697
-0.06373252
0.10237013
-0.17680980
-0.26484095
0.10926077
-0.25036242
-0.39478143
-0.06476399
-0.10137633
0.21592604
0.05201847
-0.61266908
-0.24290659
-0.15778697
0.15391405
-0.15247598
-0.17937715
-0.19366335
0.21399639
-0.05518925
-0.28632184
0.47332719
0.03892043
-0.03040073
0.02920692
-0.31237598
0.34207440
0.30511773
0.04124481
-0.22042792
-0.08578153
0.22179811
-0.07031729
-0.16617798
0.24244066
-0.18404101
0.00374614
-0.34263880
0.02547260
0.09143493
-0.17136413
0.18393011
0.51773197
0.08798175
-0.35515301
-0.32168962
0.20096163
-0.17793822
0.45833624
0.33608845
-0.49767387
-0.26433811
-0.55361180
-0.14776742
-0.37906359
-0.20736929
0.47799152
-0.05431227
0.05974807
-0.15921414
0.10166193
0.04809491
-0.14220321
-0.51881955
0.34075491
0.09346240
0.11021842
0.41830631
-0.10869056
-0.13922664
-0.29925371
-0.00548814
-0.27454583
-0.03557263
