0.05530697
-0.13933886
-0.20376549
0.08276656
-0.07561030
-0.05286769
0.00271845
0.06052966
0.09593070
0.07585445
-0.04184413
-0.07267233
-0.09380373
0.03369174
0.11430001
0.10185915
-0.21965287
0.39248541
0.08857274
0.08375465
0.18657318
-0.12710008
-0.10479650
0.06512701
0.05988730
0.21271864
-0.03722704
-0.18104848
0.10453862
0.11938567
0.14675278
0.18013088
0.16252955
-0.14564749
-0.15130045
-0.02783506
0.25664305
0.00847653
0.03966027
-0.11768826
-0.29856180
-0.04746296
-0.05394773
0.00308378
0.07849389
-0.41645717
0.27142824
0.29124349
0.26408623
-0.05945030
-0.16439234
0.11055263
-0.05597631
0.05528483
0.09482933
-0.27103227
-0.02152853
-0.18563931
0.08389157
-0.22680397
0.06818636
0.35230181
-0.05095188
0.20619265
-0.13263817
0.02202720
-0.17373935
-0.24324173
-0.02139329
-0.26282604
-0.04824673
0.30919854
0.18254569
-0.00520456
0.00799801
-0.02234387
-0.09606081
-0.01665922
0.15158880
-0.00480093
-0.09386834
-0.03232507
0.02870988
0.04732748
-0.32110884
0.02175920
-0.13111349
0.15846361
-0.06785267
0.05669334
0.17419379
-0.11184230
-0.06746156
-0.04621377
0.07621080
0.10228386
-0.04190887
-0.09652501
0.24720225
0.12540443
-0.00278614
0.10050598
0.44080912
-0.11194550
-0.02179303
-0.17073732
0.25365250
0.11597269
0.08291432
0.07378337
0.02471503
-0.07275848
-0.17494613
-0.02495596
0.15609334
0.06465830
0.08384184
0.06025433
0.05043972
-0.10606930
0.05129315
0.09763122
-0.06279943
-0.02676660
-0.18959097
-0.08013539
-0.06021158
-0.13590204
-0.25243731
-0.02318864
-0.07921143
0.10982265
0.12745666
-0.09081223
-0.05726097
-0.17639962
-0.04950439
0.07751154
0.00622028
0.14541364
-0.16121092
0.43106699
-0.01495960
-0.01821127
-0.22135495
-0.02102298
-0.03590546
0.10868714
-0.06245515
-0.01264662
-0.08457344
-0.13337311
-0.27834768
-0.01201125
0.43218369
0.08510327
0.06541320
-0.08780620
0.24154162
-0.10864815
0.15291657
0.04014037
0.13140849
0.06336773
0.00951272
0.02460650
-0.13751335
-0.05259811
0.11795967
-0.03762509
-0.15957273
0.13543639
0.22214921
-0.25450772
-0.01642190
0.25250394
-0.16664509
-0.05472070
0.26065824
-0.03912248
-0.01339374
0.03476810
0.03708252
0.20716855
-0.15575096
0.04329862
0.18756127
0.01724662
0.05610524
0.11292344
0.06112999
-0.07849323
0.14106859
-0.06439500
-0.11959633
0.15780122
-0.04665554
-0.04146616
-0.05932134
0.02618978
0.01897043
-0.05426575
0.05890401
0.18707666
0.23144511
0.09791763
0.22650641
0.06898877
0.14367190
-0.03551371
-0.01127991
0.07381164
-0.01436378
0.12239858
-0.22645908
-0.40345209
-0.07628118
0.21251236
0.03338252
0.03935866
0.07066251
0.01608352
0.04892177
-0.02049368
0.35450196
0.01752234
-0.13493567
-0.30494371
0.25921155
-0.10157747
-0.24044796
0.06585808
0.10229119
0.16061760
0.01154018
0.10419593
0.13682416
-0.11240643
-0.42538974
0.12040728
-0.14928500
0.03577764
0.04574280
-0.03285985
0.02666904
-0.00443100
-0.10577885
-0.08118143
-0.02824002
-0.27466116
0.10376088
-0.01242774
-0.15510605
0.11391258
0.00564284
-0.21621449
-0.08818875
-0.04422090
-0.15001053
0.01672538
0.22896534
-0.12597345
-0.05807464
-0.23045245
0.19275314
0.38651701
-0.20790167
0.06213441
-0.06209769
-0.02435672
-0.05932963
-0.12726143
-0.15560425
0.01388339
0.02824588
0.09479886
0.18655706
-0.07239526
0.03537742
0.31108931
0.01134131
-0.15320724
-0.06594425
0.48087307
-0.12016969
-0.13082247
-0.12944697
-0.06245012
0.21757330
-0.29674557
-0.18246768
-0.03247796
-0.07359701
-0.24065263
0.21566361
0.00372616
0.09965856
0.27318334
-0.03779515
-0.04149962
0.14615316
0.03409674
-0.03999656
0.06810261
0.07026353
0.00700112
-0.37169917
-0.04563515
-0.01568314
0.29053294
0.13399949
0.03804189
0.25232784
-0.20466700
-0.02525337
0.29071314
0.10544703
0.05473227
0.24214700
-0.02516572
0.07328129
-0.05153357
0.03609429
0.25630816
-0.05241637
0.06924604
-0.04100942
0.03765644
-0.23032416
0.05020602
0.09219220
-0.32458937
-0.15967959
-0.03117618
0.01051449
-0.04824341
-0.15651216
0.22781011
0.15626231
-0.01367811
-0.00916402
-0.04156271
0.06826365
0.20009627
-0.09398666
0.07104297
0.09998735
-0.06455984
0.16238987
0.16920277
-0.06293269
0.06882880
-0.02414116
-0.00800209
0.08866864
0.03669329
-0.01086538
-0.03639156
0.05860665
0.18490746
0.07637647
-0.06933485
0.04844390
-0.10403316
-0.04826444
0.11880189
0.14505261
0.18553146
0.02171633
-0.24638246
-0.11370609
-0.17714493
0.09066320
-0.36934674
0.00069170
-0.44142115
-0.01182334
-0.06765380
-0.00299941
0.02572714
-0.01411024
0.30051218
-0.03388695
0.17765815
0.11587649
0.02310120
0.06055297
0.09871510
-0.21625361
0.10279738
0.05961957
-0.05405875
0.14956813
0.05616164
0.08898375
-0.00987972
0.15061669
0.06507083
0.26857961
-0.15047525
0.18414228
0.01743954
-0.13882936
-0.03836024
0.07604941
-0.11594889
0.10624271
-0.17118334
0.16588466
-0.05760486
0.15223881
-0.16460758
0.01180572
-0.30791093
-0.07355934
-0.02684721
-0.03151319
0.02357662
0.06492049
-0.50523846
0.07957696
0.10965174
0.02462124
0.11046133
0.01245782
0.26725332
0.03741603
0.11903592
0.09510207
-0.24378699
-0.06159552
0.25877059
-0.12516332
0.25094321
-0.14602740
-0.32009732
-0.16663624
-0.20052448
0.00227659
-0.20925146
-0.20807090
-0.16820766
0.01754080
0.03156127
0.14233938
-0.06016775
0.14203720
0.00614870
-0.00027980
-0.12391450
-0.12606506
0.15285966
0.12487702
-0.02258538
0.06048879
0.01199660
0.12237967
0.13978470
0.02986189
-0.10141244
0.04036830
-0.20125669
0.04206690
-0.07980136
0.25636856
-0.22120086
0.15263560
0.00782144
-0.07860843
-0.16811375
0.01232923
-0.08126931
-0.10032306
0.07104750
0.14003940
0.08280348
0.01773746
0.01006163
0.21187658
-0.16602028
0.18939273
0.00768395
-0.12582091
-0.00553615
-0.15645911
-0.04357415
0.13860278
-0.26785255
-0.10324429
-0.16473934
0.24152836
0.04631933
0.14789336
-0.01820349
-0.01923449
0.01586506
-0.10246795
-0.01511966
-0.10616822
0.10167446
-0.07057114
0.17512087
-0.10040049
0.01278651
0.11834273
0.00426488
0.24859002
-0.14504999
-0.05219400
-0.06805938
0.15617875
-0.11642292
0.07474387
0.00068823
-0.08520005
-0.11854831
0.09260310
0.00298851
0.01025120
0.15154697
0.05554960
-0.11997447
-0.13785474
0.08788604
0.01863278
0.00862662
-0.13494031
0.21468155
0.14171534
-0.06672008
0.01416642
-0.22009432
0.18416631
-0.10652754
0.10219273
-0.01702329
0.02480199
0.01289937
-0.07443646
0.04823083
-0.06978042
-0.15692483
0.11590243
0.12474896
0.18722335
-0.10419947
-0.06352965
0.14707661
-0.33953088
0.13808984
0.03660450
-0.18548313
-0.15746161
0.11234026
0.16473102
-0.10530762
0.21900875
0.02241315
0.14230649
0.12669904
0.18595572
0.07248272
0.02077029
-0.16592933
-0.22679560
-0.07634387
-0.15794755
0.33317155
0.13751408
0.02732713
0.11498757
-0.03857571
0.00237612
0.18159567
-0.24969674
-0.19060091
0.05870200
-0.21221081
-0.02220104
-0.14804974
-0.08482811
0.00789774
-0.05523210
0.22832001
-0.11508801
-0.15608934
-0.13971444
0.14104520
-0.23599928
-0.01115866
-0.17595510
0.08064108
-0.05077295
0.38353228
0.00407277
-0.02235567
0.07728103
-0.26795141
0.00839950
-0.02404651
-0.12065350
-0.00892229
0.05897526
0.14054166
0.04227535
-0.06474122
-0.05593117
0.00832782
0.06840804
-0.01643641
0.01269698
0.17273477
0.04740159
0.03630954
-0.08855243
-0.13360617
-0.10566806
-0.06382035
0.07572331
-0.21554999
-0.22555757
-0.00672264
-0.09744430
-0.03805481
0.31634786
-0.12566425
0.03719403
-0.02548807
0.01109040
-0.07151425
-0.16854034
-0.32535717
0.20844609
-0.01058956
0.18430579
-0.11406319
-0.11196930
-0.00781716
0.08559657
0.12148096
0.09731594
-0.07219505
0.19718947
0.03632958
0.21501320
-0.04547555
-0.11055279
-0.02992951
-0.06664532
-0.09870037
-0.04736253
0.08038486
-0.23647230
0.16656887
0.27249595
0.00466426
0.19261665
-0.19700102
-0.18472516
-0.13999946
-0.09111896
-0.26514105
-0.09088612
-0.21189623
0.07297976
-0.14017208
0.26677049
0.04311040
0.07353778
0.09226232
-0.02558019
0.22913903
0.26131409
0.04551771
-0.02833307
-0.13397237
0.06150681
0.19029092
-0.16365940
-0.19763481
-0.10878214
-0.04911412
0.39899536
-0.13948864
0.05810309
0.02154304
-0.19629402
0.01305446
-0.01168811
-0.07638618
-0.09790773
-0.05000900
0.06135865
0.04460630
-0.15775637
0.20137977
0.23410202
0.11884674
0.14980599
-0.26192982
-0.17605507
-0.11956370
-0.15411817
0.06578531
-0.12818455
-0.14616970
0.11735008
-0.17130043
0.07460051
0.28663410
-0.08336000
0.06236604
-0.02273373
-0.01979161
0.08691197
0.14282561
-0.10991601
0.07178474
-0.03227120
-0.19548246
0.13330959
0.08051602
-0.22060597
0.28410248
0.20851278
0.28801004
0.24210470
-0.21181267
-0.10311954
0.05549262
0.18722345
0.25540135
-0.19966300
-0.06837019
0.48081973
0.20939816
-0.23610245
-0.14696521
0.12938076
0.06007047
-0.26763442
-0.19831419
0.11310651
0.01135568
0.11722572
-0.19302999
-0.17166077
0.05457520
-0.02599445
-0.05853484
-0.17120514
-0.00666761
-0.06231426
-0.02084310
-0.03892264
0.03342370
-0.21640418
0.03245544
0.13373883
-0.04687913
-0.09560963
-0.20861254
-0.03503331
-0.04488832
0.15346728
-0.04252717
-0.16044124
0.13187231
0.13703618
-0.03756770
0.18912397
0.01319799
-0.23827677
-0.03049297
-0.23585725
0.27330630
0.02092628
-0.16808440
0.14332907
-0.11786691
0.01297046
0.04872446
0.07803919
-0.04986183
0.00026155
-0.25282137
-0.20147432
-0.42153532
-0.04524921
-0.08114782
-0.15975031
0.05742948
-0.19081760
0.04700497
0.18540070
-0.17805198
-0.05214016
0.16328549
0.34926089
0.12088811
-0.13877261
0.17097302
0.12432618
0.04084851
0.00783440
-0.17666596
-0.03217616
-0.14404108
0.00366933
-0.03288745
0.18967528
0.02316653
-0.05394979
-0.23231563
-0.02346756
-0.04559696
-0.00808220
0.00972293
0.19329347
0.15995950
-0.02309628
0.16552133
-0.01197949
-0.08426039
0.19198648
-0.18475679
-0.12279881
0.07120632
0.07307444
0.11320188
-0.07669656
-0.02634812
0.27543468
-0.01647095
-0.37853765
-0.21539344
-0.12552696
-0.04939209
-0.14361935
-0.13342517
0.00072428
-0.34226448
-0.11051106
0.01397736
0.17161822
-0.13035055
0.12230826
0.08297669
-0.04128458
-0.00479325
-0.00750769
-0.16256328
0.00998908
0.07282033
0.03663803
-0.00901679
-0.08623089
-0.03680393
-0.20086786
-0.00905507
0.06305287
0.21825880
-0.02089159
-0.17022044
0.11646416
-0.09010954
-0.21501612
0.14608070
-0.05774045
-0.09711586
-0.11946309
0.12726006
0.00999046
0.01447766
-0.31005802
0.14543460
-0.23895545
-0.06358086
-0.12326582
-0.22028617
0.12835156
-0.08658691
-0.06593827
0.12897124
-0.08398236
0.08805677
0.10845303
0.11292477
-0.12326260
-0.01230063
-0.00848720
0.14565374
-0.08316098
-0.12749392
0.27502332
-0.05947904
-0.06290211
0.00926843
-0.17012724
-0.21298029
-0.09574841
-0.29763984
-0.10982465
0.08506883
0.14172433
0.27436733
0.17547646
0.16175859
0.04259389
-0.08292164
0.29601046
-0.06492170
-0.16853974
0.06445060
0.10617115
-0.18305823
-0.00198021
-0.10938616
-0.23426422
-0.16301349
-0.19729835
0.51910484
-0.09119527
0.05763639
0.00850295
0.06250238
-0.09666488
-0.26172338
0.14341993
-0.27241505
-0.28741893
-0.06227453
-0.05832787
-0.07213869
0.10268660
0.08589151
0.10999945
-0.01002868
0.03177897
-0.03002227
0.13558972
0.37573690
0.01086518
0.06716758
0.00719446
-0.28831323
-0.05704966
-0.33039330
0.09755290
-0.01023124
-0.05635784
-0.10012012
0.22447041
0.11580794
-0.10225463
-0.01888269
-0.09061273
0.08387058
-0.03528409
0.05601925
-0.14878759
0.01918486
0.12292862
-0.08675090
0.19461760
0.04696530
0.30226191
0.00387481
-0.19883048
0.36265345
-0.06668076
0.30438216
0.13558602
-0.16163315
0.07787489
-0.11497995
0.15226335
-0.00216823
0.00942296
0.01315876
0.02428947
-0.08011543
-0.43869247
0.19804707
-0.14705603
0.31939464
0.16585317
0.02330221
0.01846356
0.11233825
-0.00794424
-0.27119909
-0.16187272
0.01986711
-0.15601483
-0.28841056
-0.44602080
-0.08081501
-0.09239497
0.04299668
-0.37489872
-0.57599780
-0.35400793
-0.43008928
-0.44173536
-0.35884713
-0.58407783
-0.65159959
-0.66141812
-0.42403310
-0.63148759
-0.54782555
-0.57933623
-0.47636423
-0.38287743
-0.30253947
-0.25009367
0.00027863
-0.30518004
0.14776604
0.20730685
0.48717208
0.38020668
0.49523386
0.65590359
0.92109893
0.98097815
0.84301383
1.06874429
1.17902368
0.98872949
0.97189687
0.97530308
1.05258332
0.97854725
0.86588087
0.93163727
0.43584537
0.80038411
0.45810542
0.24085870
0.30414617
-0.09375537
0.09700686
-0.45893749
-0.02969912
-0.24952019
-0.55148937
-0.23019195
-0.59300215
-0.48984644
-0.50944124
-0.70207681
-0.46675654
-0.44124356
-0.63116619
-0.80913959
-0.37848318
-0.64279598
-0.07744377
-0.66203445
-0.24149240
-0.47235371
-0.53513229
-0.43457569
0.20028509
0.17103505
-0.31190608
-0.05496892
-0.08434916
-0.08484322
-0.07259939
-0.13811863
0.32380939
-0.27217814
0.06929258
0.18095752
0.28469894
0.03893394
0.20692120
0.03847215
0.20387231
0.08248183
-0.15979877
-0.18737388
0.03824062
0.19947415
0.36742894
-0.13424121
-0.02953561
0.06652181
0.04313112
-0.16120499
0.04125951
0.05899061
-0.05219259
-0.08273207
-0.11721943
-0.06805717
0.06172066
0.08661632
-0.01873534
-0.01998017
0.08032836
-0.13949173
0.09633368
0.11977196
0.15790101
0.13598631
0.05286235
0.15590588
0.03714323
-0.03642831
-0.12708478
0.18293264
-0.00374840
-0.05734920
-0.12999269
0.19956931
-0.01386384
-0.12937148
0.09505420
0.08710079
-0.22092988
-0.29170059
-0.04701970
-0.04741278
-0.25673447
-0.13833755
0.23318393
0.04991901
0.00027980
-0.15143441
0.03872457
0.06122364
-0.03031068
0.32180427
0.15798301
0.10630095
-0.04496156
0.46430015
-0.05875232
-0.02951897
0.04895897
0.26755796
-0.02678893
0.26518557
-0.10359449
0.09104724
-0.20946944
-0.04613815
0.04781432
0.00096885
0.09851201
-0.12897340
-0.06490835
-0.06982104
0.24455077
0.09636364
0.08088909
-0.03319434
0.09064485
0.07501237
0.05453044
-0.07152754
0.15259340
0.10075844
-0.02137806
-0.06247843
-0.01379347
-0.04586594
-0.17450786
0.15784121
0.26145502
-0.07405042
-0.06277503
-0.12964873
0.00415769
0.09269654
0.04692494
-0.18268173
-0.17813660
-0.16660404
-0.13053951
0.05106948
-0.31482312
0.04538246
0.18071659
-0.10997299
0.00773523
0.23076838
-0.13759385
-0.33457084
-0.24818808
-0.32226346
0.05868808
-0.04918864
0.26361214
0.17629651
0.36337200
-0.40181447
-0.24966663
-0.02340192
0.13685554
-0.10513984
0.21178499
-0.05941823
-0.19599478
0.05919812
0.14736406
0.17466367
-0.00765937
0.00593203
-0.11929202
0.08422294
0.09761351
0.13176769
0.10047851
0.06913359
0.26959117
0.18121287
0.12796452
0.10901849
0.01789552
-0.36419002
0.06761264
0.35626746
0.04544652
0.33840130
-0.08071559
-0.05226837
0.03653628
0.01695026
-0.00143029
-0.04225869
-0.22803962
-0.01094578
-0.18753374
-0.25554609
-0.33032150
-0.21680346
-0.23915408
-0.29440949
-0.09199266
-0.07760040
-0.27944023
-0.10519022
-0.11944533
-0.24137737
-0.10570219
0.06242109
-0.06110508
-0.09457280
0.01751337
0.01513721
-0.10359894
-0.05661123
-0.11604357
0.00185867
-0.10671995
0.08488776
-0.11952052
-0.14780010
0.05581422
0.12440112
0.12118635
0.18925831
-0.15756904
0.19667297
-0.13046795
0.14107072
0.10836222
0.06760184
-0.22425957
-0.14472781
-0.12459637
-0.11077823
0.11466841
0.05056767
0.00526066
0.23407279
0.04809667
-0.21103135
-0.14372986
0.00780666
-0.10738708
0.34857259
-0.15795306
0.07441066
-0.26008063
0.22592044
0.09188006
-0.12442655
0.15100044
0.02920038
-0.21533385
0.15240577
0.24810798
0.03616461
-0.12234770
-0.06464900
0.11117914
-0.07082693
-0.04928251
-0.18419357
0.01615058
0.18982008
0.18847105
-0.06707151
0.05484773
0.11956539
-0.09635784
-0.03989146
0.08069389
0.01809650
-0.17645841
-0.07409731
0.00417467
-0.11407849
-0.03604439
-0.05652565
-0.29039808
-0.16862067
0.14148237
-0.01405449
0.05622702
-0.06410294
0.05858916
-0.12085233
-0.13228308
-0.21057955
0.25496004
-0.04639922
0.03247055
0.22593812
-0.03209891
0.00557398
0.09567601
0.00077341
-0.14620865
-0.01501104
0.06984246
0.05938194
0.23562282
0.17458366
-0.04403001
0.10169161
0.20133615
-0.08480237
-0.11597628
-0.17426177
-0.11253481
-0.14073454
0.20735588
-0.16283904
-0.30164150
0.15552770
-0.18036539
0.02766505
-0.01778691
0.11053722
0.12595207
-0.06234108
0.19043826
0.08701254
0.26771281
0.26715082
-0.10078296
-0.00123110
-0.03922996
-0.04796546
-0.08611447
-0.07921139
-0.01437636
-0.23682555
0.10374136
0.13890395
-0.10569566
0.17494024
0.15076086
-0.09011675
0.06245550
-0.07086596
-0.14196065
0.21729796
-0.07951072
0.11011534
0.01237561
0.09917837
0.12319768
-0.20558694
0.00070223
0.16067227
0.09431354
0.05471232
0.04577806
0.15143033
0.13168351
-0.10911133
-0.04698398
0.17993944
-0.00749667
-0.04987324
0.15150149
0.21736349
-0.02028039
0.01026923
0.00989933
-0.06894716
-0.18941589
0.07469604
0.22885222
0.00092955
0.10929662
-0.11272877
0.12759886
-0.03913705
0.07421596
-0.00800335
-0.05559340
0.19508364
-0.20301507
0.00271300
0.00529821
-0.18471751
0.09251349
-0.21343134
-0.07289277
0.00862036
0.06210334
0.03226049
0.11851473
0.03129741
0.04928419
0.36204692
0.06785202
-0.15410332
0.00460405
-0.12052542
-0.00695688
0.25210878
0.13411261
-0.20896644
-0.08704646
-0.01267134
-0.22488136
-0.12509012
-0.15823490
-0.09208748
-0.04934161
-0.02193583
0.19159130
-0.00460635
0.14389735
-0.06360615
0.05349662
0.00970090
0.06588196
0.15292368
-0.03602207
-0.01766057
0.12560593
0.23223645
0.15311698
-0.00627981
0.00822044
-0.31671414
0.22758665
0.22347765
0.12523196
-0.13115109
0.07884640
-0.16801746
-0.04836426
-0.11184717
0.01214948
0.30249658
-0.03601537
-0.07925818
0.03943907
0.09147148
0.05394050
0.04026304
0.21341556
0.13093566
-0.29815574
-0.06276681
-0.31216808
0.07224235
0.15406111
0.17658339
0.18710560
-0.01371688
-0.08584835
0.01850212
0.53461342
0.19516013
-0.27546578
-0.05976719
0.00227532
0.21569942
0.00656184
0.00065759
-0.08059991
0.24474635
0.04043286
0.00348831
-0.19048680
-0.16469220
0.04201708
0.11225005
-0.03169805
-0.19284455
-0.09909806
-0.07672311
-0.11913699
0.19680757
0.11169362
0.08509926
-0.08510064
-0.08539358
0.04850636
-0.05465971
0.49434470
-0.10335003
0.10694939
0.24595735
0.16493497
0.00449058
-0.15375250
-0.02701653
0.10833317
-0.07547264
0.08186985
-0.02195732
-0.00687184
0.24465010
0.41065944
-0.03060888
0.06283763
0.07493814
0.03645761
-0.01004154
-0.07742913
-0.15754213
0.11138691
-0.45143804
0.03976291
0.11005576
0.19339158
0.27331501
-0.14244688
0.16832982
-0.19466759
-0.03775970
0.22060649
-0.00723022
0.05224801
-0.11043940
0.10568265
-0.16753956
0.17773141
-0.01643275
0.06548450
0.01222764
0.05678206
-0.03194393
-0.16131714
0.10485961
-0.19375663
0.01104381
0.25593417
-0.15893376
-0.10904445
0.07687546
-0.06876477
-0.03978652
0.18265919
-0.34470332
0.01250790
-0.12191116
0.07951898
-0.21886210
-0.13705461
0.00828181
-0.09204727
0.17418318
0.03645986
0.08242778
-0.16589135
-0.04662629
0.23254454
-0.21029334
0.02269862
0.10389628
-0.11550121
0.02756205
-0.00960021
-0.08216459
0.17452742
0.11671892
0.15428089
-0.18577145
0.00921170
-0.08721953
-0.08378817
-0.06156398
0.18045274
0.00793692
-0.03195153
-0.18668750
0.17409457
-0.24063650
-0.11521360
0.07284763
-0.37505000
0.09452900
0.08886474
-0.12006513
0.05360713
-0.28601912
0.04203673
0.13636975
0.09481261
-0.05305146
0.02762870
0.12777840
-0.29716983
0.04798353
-0.13022285
-0.26019424
0.15629063
-0.06187059
-0.08332856
0.10776199
-0.19858478
-0.06504560
-0.11560596
0.09046069
-0.29208463
0.08346724
-0.16481027
-0.34756892
0.00839045
-0.10704077
0.20589682
0.09943403
0.17221393
-0.17371701
-0.14994375
-0.05875047
-0.05863932
-0.15678264
-0.12412455
0.02102959
0.07649363
0.14257241
0.26565772
0.31125659
-0.25820922
0.19748018
0.11558107
-0.29055798
0.22705734
0.08257359
0.15384973
-0.15856010
0.03796243
-0.32831083
0.02977006
0.15145675
0.07428498
0.01355897
-0.17212268
0.02257921
0.14109410
0.31388067
0.10630513
-0.15811421
-0.16136836
0.06120790
-0.12298596
-0.03929848
0.06596745
0.13964493
0.17224629
0.27306948
0.00823086
0.12930474
-0.08824588
0.00673969
0.02513299
0.14511347
-0.15142990
-0.03122346
0.02025366
-0.02161543
0.10252055
0.05854866
-0.01682940
-0.04551551
0.13412294
0.14562866
0.09513864
-0.02797632
-0.01414242
0.00734425
0.16608800
0.35077278
-0.11152638
0.05077384
0.04472547
0.17370043
-0.09867853
0.16219749
0.13823090
-0.18152529
-0.26575091
0.05807978
-0.08848032
-0.04386802
-0.10132442
0.33269212
-0.12770324
-0.03567607
0.01192121
0.11905372
-0.06385525
0.32257605
-0.02807595
0.04223323
0.08041651
-0.11367251
0.11357093
0.18692795
0.14082330
-0.05487258
0.00196997
-0.04360968
0.11783767
-0.00573876
-0.13534482
-0.12537328
-0.01201569
0.04582736
-0.06893674
0.16739751
-0.24197494
-0.10437591
-0.01019861
-0.15484790
0.28247924
-0.15036218
-0.00954234
0.19453993
0.21609307
-0.00410776
0.00344428
0.07027963
-0.19004585
-0.02980699
0.06043564
0.18172370
-0.05457567
0.27081823
-0.05440306
-0.26142433
-0.18868740
0.07927093
0.07972725
-0.04051345
-0.25318628
-0.06410825
0.20580733
0.13906308
0.03427457
0.17185647
0.25953512
-0.04214133
0.12364239
-0.19704090
0.12159302
-0.08499061
0.12809394
0.00688625
-0.22483347
-0.16640796
-0.02823789
-0.09735576
-0.06147769
0.11370279
-0.03693263
-0.21570446
0.07470222
0.23222328
-0.15446733
0.06227955
0.17692159
0.01695187
-0.04613348
-0.21441288
0.14294934
0.08902658
-0.06372704
-0.08037407
-0.01574346
-0.11246866
-0.05222203
0.04989369
-0.03793778
-0.02508450
-0.20942398
-0.08624465
0.13215294
0.23722331
-0.04388494
-0.10818125
-0.09072709
0.06968637
-0.16200168
0.30088698
-0.01465672
0.09748462
-0.32471066
0.17890033
-0.03069320
0.11822378
-0.05947486
0.16679695
-0.06070487
0.07133067
-0.04471257
0.12536875
0.12629090
-0.02540314
-0.17626755
0.12398086
-0.01724060
0.08619270
-0.08825145
0.01699096
-0.15680939
0.11292370
-0.13026885
0.09636841
-0.01795963
0.06458685
-0.35084446
-0.25583494
-0.04115459
-0.10279112
0.06248298
-0.03396443
0.13566860
-0.11368053
0.10741558
0.11815529
-0.27144975
0.07063165
0.11425464
-0.01778747
-0.13340037
0.15143849
0.01142482
0.05954685
-0.44236992
-0.20005204
-0.10476352
0.08552720
-0.07720750
0.14819329
-0.06059474
-0.07306811
0.16605683
0.22323261
0.01659088
0.15111991
0.24000183
0.02594006
0.01722409
-0.36542837
0.18942706
-0.13636122
0.07195850
-0.03529275
0.00063202
-0.11333390
-0.21493548
-0.03263448
-0.00325312
-0.10972336
-0.07663673
0.13112594
-0.01805816
-0.23567389
0.11561024
-0.26243358
-0.02301459
0.07870572
0.04213090
0.08693209
0.00748758
-0.12039110
0.16698075
0.01656776
0.06063238
-0.03827304
0.01062754
-0.07298300
-0.06438692
0.10073746
-0.17712297
-0.18337168
0.21785440
-0.11900615
-0.19454903
-0.02520198
-0.12945188
-0.00053436
0.08955688
-0.11847515
0.03794453
0.21239079
-0.11889079
-0.39094243
0.05530664
0.15802833
-0.13974863
0.04235228
-0.01980951
0.04776435
0.01011691
0.04025921
0.04729093
0.13797150
-0.05550822
0.05752441
0.31431318
0.22435917
0.48764262
-0.00991429
-0.11600072
0.11700981
-0.14583230
0.12944502
-0.01756153
0.02602692
-0.19122834
-0.18811324
0.07615804
0.02861530
-0.09697514
0.20832414
-0.04694448
0.06574967
0.03706621
-0.08026502
0.03385026
0.06742276
-0.20738298
0.16346565
-0.02458965
-0.00334165
-0.07245815
-0.01465574
0.24587394
0.05583740
0.28731563
0.00396291
-0.11846801
-0.03706615
0.04369423
0.21277009
0.20631160
0.08178235
0.03092201
-0.42761026
0.16456011
0.04872507
-0.17295745
0.02396342
-0.09149564
-0.15969101
0.19941615
0.01776546
-0.22989945
-0.05430066
0.21600804
0.04828655
-0.10967807
-0.15651400
0.11346515
0.09065810
-0.04441559
0.12238329
0.13933737
0.08129863
-0.03745312
-0.18228164
-0.02086631
0.20406646
