-0.55218352
-0.02084176
-0.69430195
3.14395489
0.61615794
-2.92134077
3.36525933
0.23748715
1.42074926
-1.87333085
-0.59577024
1.32057753
-0.88097562
-1.65581894
-0.68895090
0.43315381
0.45080035
0.34580243
-0.10024250
3.44180161
0.10728778
0.08893482
2.79910976
1.88612250
1.18690760
-3.33586631
-0.14311536
0.31368024
1.58485231
0.06844960
1.85894966
2.29487242
0.59017642
-2.20298119
0.93434027
-2.44198789
2.26873326
0.80000384
0.21614034
2.53194711
1.54301337
1.13261602
2.72304168
-0.34632158
-1.97079431
0.21593697
-0.01076529
-1.84557883
0.10752440
0.22315075
-2.74785938
-0.85731359
0.61105018
0.11274251
-0.33432115
-1.77222368
0.08494940
-0.16305295
-0.33706838
-0.28663745
1.88709236
-1.12895156
0.97943209
-0.40349058
-0.84694713
-1.65844932
0.03104250
1.06948906
-1.20880184
0.68605949
-2.58532013
0.23718575
1.98357917
-1.93434157
1.51680640
1.95510561
0.03866017
0.37310459
1.34588238
3.43312708
-1.19482598
1.82850507
-0.83837527
1.00937219
-1.64082241
1.75791704
0.79660049
0.91420554
-3.95107146
-0.64454709
0.90315549
-1.58747417
-0.82630584
-3.12718351
0.32821589
2.95049031
-1.28491896
-2.08402832
-0.36808226
2.45383341
0.97327596
0.31122269
-1.99961439
-1.25703423
0.41458275
0.21568426
1.72362800
1.62362047
-1.84520939
-1.82410254
-0.41506879
-0.10503337
-1.07018797
0.72377314
-1.04584866
-0.86850961
0.95097522
0.68708241
0.07077527
0.98107143
1.03503595
-0.10706179
-0.33544722
0.33319781
0.63590573
0.18460866
0.67349005
0.39772972
-0.76176110
1.09378860
-0.16596200
0.40613924
0.17868291
-0.99618207
0.70550113
1.01889553
1.03171287
-0.04773799
-0.77650313
1.50562316
1.47850551
-1.32717822
-3.15858655
1.46744847
-0.68440139
2.06995794
-0.48537512
-0.22290008
-0.24088908
-0.84080624
1.12997767
-0.29303901
2.43829759
0.54525718
-3.18463481
0.46449383
-2.05129492
1.28584905
-1.26207843
-0.14311202
0.97949041
-0.82098096
-0.45282221
3.88242562
-1.54659795
-0.95250893
-0.53716765
-1.95943844
-0.24895596
1.00625836
-0.34744515
-0.87027919
-1.51245764
0.55010754
0.14439415
-0.80521027
1.28254778
-0.33293926
1.20564403
-1.14364379
0.52812072
-1.85872206
-1.36487784
1.03156380
-0.08352133
-0.46362239
-3.02111523
-1.40766458
-1.51024800
-0.71232100
1.01800076
0.64709661
-0.30847496
2.26522572
-0.17244222
0.55673370
0.11570410
-1.03945119
-0.01119575
2.08443926
2.80760810
-1.53951310
3.45131784
-2.29424796
-0.02330718
0.74470577
1.15213760
-2.71357496
-1.80288776
-1.65724877
1.03975944
-1.30870956
-1.44611381
3.88583616
1.11880725
-1.25981159
0.06073499
0.38926575
-1.37332272
2.01260608
0.48391664
1.87966480
0.97994076
0.08122439
0.89928377
2.26082580
1.18880002
2.09452882
0.51134089
-3.28081649
1.17823599
-0.46121960
-2.15112453
1.92384966
0.93355153
3.52474824
-0.51065341
0.79091756
2.20459962
-1.69277326
-0.41496883
1.26310380
1.21823620
-1.97419688
-2.68786223
-0.14106301
0.13737705
1.65497137
0.56733905
0.38156601
-3.21778146
2.81623658
1.95012274
-0.27901410
1.01513473
-0.42953135
-2.11527133
-0.85668826
-0.98479654
1.23872904
0.21070709
0.85928605
-1.06449744
1.37208052
-0.45655013
-0.80799349
-1.27234973
2.37912623
-1.37023473
0.22592267
1.12406071
-2.44840239
0.12481409
-1.63852145
-0.61259787
2.52412001
0.24232405
-0.41137568
2.03971812
-0.70541757
-0.84552443
-0.73590847
0.77564632
2.09089309
-3.54538129
-0.53534501
-1.00721864
1.61994713
0.75173000
1.03748056
2.32202576
0.90935222
1.16327708
-0.78551200
-1.17597034
-0.89031951
-1.52505375
0.38343143
0.81483725
2.33415106
-0.22707851
-0.23227157
-1.21298273
-0.37745941
-2.04053221
-0.24445734
-0.55011621
-0.52417267
-2.02736166
1.02250930
0.63332034
1.18794111
-0.16035657
-1.31287399
-0.21997336
2.04240359
-1.33020527
1.99501461
1.79473747
1.70264958
-0.55223036
0.25444884
1.97697913
0.35201456
0.27984829
-1.14985665
0.48500344
1.21691298
2.89164544
-3.12703357
1.06284595
-0.68564841
0.25691535
1.21714616
0.14752717
-0.33961182
-2.16360815
-0.45805537
0.10172110
-1.11349978
-0.63332941
-3.94427420
-1.05601881
1.21901358
-1.99830514
0.12200753
-1.56278650
-0.73731709
0.00985553
2.63649940
-1.42960587
-0.44181219
3.11337922
-1.14489026
0.41641882
-1.22425218
-0.38333004
-0.33010262
2.05306874
0.51737803
0.82204045
-2.49925377
-0.83841727
1.28532080
1.10342578
-1.24289681
-1.81564082
-0.44336396
1.96887419
-0.79083629
-1.05013043
0.09254617
0.11285194
1.36215813
0.78963962
0.44210299
1.63271389
0.58441565
-0.86065256
-0.03758751
-0.45973492
0.52829294
1.12865316
-1.16441335
0.62925607
-0.45269096
-0.85072183
1.50038440
-1.11162761
0.13185948
1.39240034
-1.11506626
0.28025331
2.23945537
-0.23103638
0.65633487
0.68191114
0.87591608
-1.77091754
0.43785522
1.14839300
-3.33324536
1.47957369
-1.29394981
2.16150827
-0.88377283
-2.52760617
0.72730888
-0.73587840
1.10696362
0.65532012
-0.91122437
-1.59006460
0.79690956
-0.31610625
-2.01768380
-0.17219981
2.11588924
-1.26258412
1.20077066
-2.60138590
-1.12502235
-0.20924374
2.32734461
1.66840020
-0.00050339
0.66095333
1.51046991
1.40957180
-0.00207953
-3.01837691
1.18225854
-1.01077208
0.78863914
-0.74582386
2.20727309
-1.57101029
0.17092961
1.20253126
-0.65340980
2.14030465
0.04309260
1.19258387
1.39473434
1.76335772
-1.81331882
-0.43122409
2.34756289
-0.93530733
0.91762602
0.36310011
-1.88102577
1.49882939
0.37744602
-0.51929892
1.81227922
-0.42030203
0.13468978
-0.02660927
-0.21371513
-2.84013285
-0.66136255
0.90245667
1.95444433
-0.72417324
1.69658782
-1.21323733
-1.06390027
1.54744311
2.44761331
-0.24935182
1.93691182
0.77613759
1.99705840
2.24128821
-0.26549231
-3.75633710
1.06866005
-2.63856985
1.64775078
-0.22461689
0.45565172
-1.05082589
0.83501163
1.50841625
0.51994481
-0.26827111
2.07754694
0.28799242
0.00605933
0.68619891
0.60755930
-1.49809094
-1.84892381
1.55879064
-0.97937110
1.64901502
-0.15399908
-1.67466193
1.78515776
0.32191517
-1.59208289
1.04026456
-0.63495076
-0.68110500
-1.70279315
-2.31938022
1.30533377
-1.42715849
-0.44864534
-1.81478096
-0.91829513
-1.55049699
-2.74563883
-1.75486927
1.28079956
2.43965646
1.88636365
0.07787222
0.79163341
0.82122828
-0.79555894
0.45369898
1.06880222
0.01965182
-1.56931336
-1.04961713
2.66216274
-0.97332163
-1.68603708
1.28535876
-1.37431012
-0.77826515
-0.99794545
-0.90074127
2.80422062
-1.24461593
-0.77484284
-3.19669241
-0.19007616
-2.07360500
0.99107946
1.83375910
0.97753744
-1.78739130
1.29295243
0.54999699
-1.66146087
-0.67720481
1.01554150
1.43530513
-0.53271209
-0.58613493
2.21334015
1.12557296
-1.10684469
1.86888192
-0.71621693
-1.98254399
-0.60607171
2.67144734
-0.18207837
0.58588110
-1.93307418
0.06568550
-1.67711551
1.21210670
-0.66975292
1.89866219
0.31214747
-2.08544014
1.08880977
0.23824517
-0.43293641
2.22006461
-1.39037861
1.42110701
-0.89799515
0.91665472
0.42240791
-3.79978213
-0.06993317
0.52627548
-0.27866442
-0.17934906
-0.38979400
0.92724468
0.89122057
-1.96197229
-3.39904233
1.60270221
-1.49931550
-0.02199785
-1.40435492
-0.32897226
-1.65919461
-2.43934929
-2.56378692
-1.99202790
1.25452123
1.87917133
0.16459097
-0.20904630
-1.20768170
-0.36083251
1.44948680
2.10404315
1.83796235
-1.20385704
0.56534255
1.19554024
0.65014895
2.72859879
-1.38938859
-1.40238468
-0.39743235
-0.74424118
1.21906609
-2.17873121
1.02210667
-1.19296690
0.66645069
0.80517370
1.84785762
0.32797388
2.43052480
2.04479229
-1.11548038
0.18899530
-1.36349098
0.08935093
2.67985866
0.22995077
-2.65502595
-0.02110462
0.66425950
-0.72604489
-0.11158237
1.47912194
-0.56054700
0.30724700
-0.21918704
-0.11134960
-3.19733903
1.35179592
-1.49834275
-1.19594916
1.54182773
-0.20747506
0.11031992
0.95105183
0.17960461
2.42226802
0.87290860
0.51366094
-1.10222030
-1.47992655
-0.04132604
0.20139774
0.61954280
-0.11367447
-1.66882696
0.35119275
0.49297291
0.98596404
1.72481954
-0.34775047
0.06968846
1.09279186
-1.73580327
0.17939459
-2.33447581
-0.62094837
-1.54030982
1.67674834
2.48616622
0.77911986
0.61059510
0.68152151
-0.07093921
1.16958079
-0.57884046
-1.41741984
1.10008090
0.19340973
0.36901288
0.27867662
2.99882948
1.72533594
0.54210874
-1.13557752
1.17785206
0.81240188
-0.30210068
1.30930643
1.26762177
-0.54074511
-0.39426931
-0.99697967
0.40644652
-2.38500219
0.05133405
0.07703722
0.76988845
-3.71424257
-2.55552521
-0.43575065
2.80523304
0.18431968
-0.14172179
-0.72386571
-1.56481655
1.58643863
0.35375676
-0.16960303
-0.20738365
-0.28401677
-0.67891674
-0.71333436
-0.61790632
-2.67328781
4.21377428
-0.24237325
-3.07164222
3.24903526
1.39866146
0.85510270
-1.32651327
-1.69535351
-0.03116504
-0.22289796
1.07897724
2.77336462
0.31161648
-0.43563736
0.48236328
0.13819205
2.00180353
1.56696148
-1.46148641
-0.11083074
-0.95552548
-0.16791931
0.26881667
0.36346562
-0.50867648
0.82064950
-0.30087665
2.38763449
-1.05434881
1.05090026
-0.83692823
-1.19498240
2.17740093
1.73938529
1.03290783
1.04709419
-1.22713744
1.32650992
1.27702942
0.48407231
1.31230915
0.14734831
2.48444252
1.06603076
3.07579859
0.28441781
-0.91757423
-0.57932405
-1.93046364
-0.40312926
1.23667541
0.35087250
2.13947439
1.67124067
0.97827235
0.83434631
2.19503510
-0.95736096
1.35524303
-1.30306204
0.14818506
-2.14837119
-0.93800809
-0.74852295
-2.27598779
0.71098158
-0.91169150
-0.21467931
-0.57670193
-0.05782025
0.49303024
-1.98448568
0.67556509
2.01404864
0.06814221
0.89672338
-1.87846578
2.53982625
0.13993197
-0.47042269
0.38650660
-0.21967196
0.06153052
-1.21826393
0.53807075
0.21994677
-1.97533209
-0.61337569
1.26470977
-2.35050383
-0.06694512
1.65630442
-1.20621180
-0.13584252
-0.13411798
-0.58525977
-0.04190683
-1.02182429
2.08418996
-2.29967162
1.87404577
-1.60217537
1.40706266
-0.10728320
3.71955542
1.44892368
0.41049632
-0.97902875
-2.95187318
-1.09516945
-0.68232336
1.46519193
-0.76383796
0.10777076
0.95807486
-0.95995015
-0.22789105
-3.51125308
-4.09259342
-3.40121317
-2.08361087
-1.16865014
-2.15731515
-1.25465586
0.15919303
-0.78028493
-0.24373913
-1.93005546
1.42477133
-0.17247599
0.33903211
-0.72532576
-1.25851953
-0.84147265
2.58849190
-0.65298758
2.85720182
3.31805955
3.77322070
3.13049163
1.35710051
3.90279592
1.78729298
2.95015591
1.09089665
4.51884860
0.92107888
0.88898089
0.58387857
-0.94396759
-0.25375243
0.07957584
-1.91291216
-0.47077720
2.02400464
0.02054188
-0.86366689
-1.54983823
-0.93620029
0.02545877
-3.40161777
-0.07438385
-1.87449098
-3.28397579
-0.03769624
0.11752869
-1.19916465
1.29559326
1.55747206
1.18980510
-1.70886218
-1.73397415
-0.76092901
1.10444897
1.32761186
-0.58964415
-0.04662119
-0.11715554
1.27933952
-0.31667056
-0.38568592
-0.26257956
-2.05439909
0.81601170
-1.01385034
-0.12809776
-0.91965920
3.62669675
-0.62246941
1.76757832
-1.97320386
1.00688522
1.64030975
1.21150237
1.29470796
0.67701646
-0.60744889
-0.97491514
0.23348405
2.60736113
1.79602733
-1.47797918
1.41235815
1.21469034
0.59230856
-1.55062222
-2.05903651
0.64541391
2.98432582
0.19419826
-1.56935339
-0.54394960
1.36550263
1.72454157
1.37642336
0.36980038
-3.32644464
1.17280993
1.26622971
0.10697899
-0.03707253
-0.76753401
0.43601175
-1.15811049
0.33015586
-0.78409785
0.81801631
-2.50728408
-1.93591047
0.98373489
-1.51533852
-1.05620183
-2.51958867
0.91407651
-0.78402823
-0.52195155
1.19597984
-1.63745732
0.86254288
2.48888661
0.33208403
0.63059335
0.63489649
0.88455911
-1.49531323
0.54005091
1.15971984
-0.96172469
0.34012700
0.78915181
-1.29076245
0.62939263
1.62767081
1.28910836
-3.11641511
1.45983246
-0.28201891
0.11639139
-0.77165382
1.43096825
0.11491554
-1.21038236
-0.34032697
-1.09624912
1.17231162
-1.16195857
1.38826871
-1.56484435
1.59930706
1.94462327
-1.50117377
0.75414088
-0.64013749
0.06440026
1.15635245
2.33317242
0.24496871
0.51847895
-2.40677628
-2.00037170
1.42234057
-0.71907329
2.71248287
-0.54199793
1.05269329
0.74023776
0.57991436
-1.61645867
0.94356787
1.30291582
0.46167472
-1.11728576
0.06415049
0.88680478
0.98921798
0.65767660
-2.93860316
0.08405796
0.08044433
-1.45551934
2.39607803
-1.17850776
1.01492282
-0.09358199
4.03792555
-2.00897777
0.84440509
-0.60048273
-3.47494752
0.03040388
-1.28940872
1.89860473
0.37950803
1.84367685
-2.00915805
0.44951908
-1.40874057
1.66888099
1.29256628
-0.08915307
0.22574089
0.90669297
-2.51874714
0.51520829
1.75588492
-0.42460528
0.78057923
-1.51060979
1.23111937
1.08286789
-0.76652819
0.07538909
-0.93833828
-0.18167947
-1.53468972
-0.18105512
0.69913656
0.78116263
1.54292073
-3.23644022
0.79362693
0.15370494
1.67103048
-0.21793926
-2.65524562
-3.51520532
0.89556455
-1.62050281
1.42672223
-0.95747865
2.01862811
-0.68604743
0.53754270
-0.21558737
-1.28522389
-0.54986796
-1.53934453
-1.00144639
-0.63813712
2.55298258
-1.24355744
-1.03278943
-0.68471831
0.31289286
0.31350062
2.99682343
0.12012373
-0.41501456
-1.02329349
0.09415714
1.40696928
-0.19763360
0.97304013
0.80539029
1.23467915
0.54021082
1.78014316
-0.43639488
0.28885586
-0.12902057
1.48345694
-0.43535979
-0.89273678
1.49685484
1.24801411
-0.67915898
-0.85818194
-2.24032840
-0.34729328
-0.86533639
-1.48240627
-0.04774972
2.57331941
-0.76999192
-2.64376038
-2.85643338
-0.04594375
-2.86547835
-1.21258883
0.64545562
0.33295862
2.32236585
0.74824524
-2.56341971
-2.03901979
-1.15043899
-1.60662926
-0.54242533
-1.19649197
1.82991439
-1.84647156
-3.11623704
-0.48460435
-0.59249032
-0.79052691
0.23180572
1.69292857
-0.07730734
-0.32427909
-1.73914855
-0.08668415
1.35347883
-0.46012956
1.88974545
-3.39305967
-0.67753578
-0.89425405
1.60662469
1.74476874
1.99346512
-0.91159807
-0.80199915
-1.10428441
1.46952980
-0.91433714
-0.39365144
-0.56466738
0.91648035
1.72706092
-0.70258971
2.19235507
-0.44367123
-0.36495796
-0.71902911
0.67657905
0.12174083
1.08924849
-0.69263947
2.20952662
-0.18751596
0.08050994
-1.51488300
2.45150259
2.00585124
0.09345031
-0.74999709
-0.85107484
-0.76683660
0.47393651
-0.28030885
-0.07869941
0.26796271
1.30935000
1.04063656
0.68061755
1.07494202
-1.35904483
0.97889597
0.42834290
-0.48405209
-0.10011136
1.16034884
-0.62666373
-1.71100304
1.81803539
-0.41417505
1.34515928
-1.12812454
2.57733123
-0.89152528
-1.18317873
0.23754466
0.13464779
0.76333695
-0.15796478
0.64916123
-2.08874665
0.87192576
1.68476723
3.17951004
-0.14242681
-1.36632459
2.93967607
-0.12940567
1.16701079
-0.90344005
0.91103318
1.10768492
-0.16910937
0.37141197
1.73451238
-0.04280891
-0.31785552
-1.01403719
-2.31276380
1.09166302
-0.17183090
0.56154115
-0.06001089
-0.50491396
2.01281472
-2.27458579
-0.54957476
0.23598583
1.57230022
-0.24105024
-0.76177346
-3.16910091
-0.69253354
-1.02717983
-1.63268757
0.55434873
-0.91759287
0.30635043
1.88730635
-2.00102511
-1.47481969
0.98715133
-2.07580270
-2.49804543
1.96050336
2.13731299
0.39309372
-1.25337293
-1.19570967
0.12173866
-1.29579778
-0.56905150
1.06352802
-0.96425983
-0.17882352
-1.23296131
-0.14832860
0.77050669
0.50786623
0.38029225
-0.97183155
-1.38038118
1.53437187
0.90273851
0.22724922
-0.14917499
1.70574394
-1.15741398
0.67440769
1.57605139
0.87927143
2.23715407
0.74307495
-0.18857877
-0.12142186
1.85418870
-0.24738461
-1.99386397
-0.97704811
-0.13726293
0.51181376
0.19062368
-0.43422006
0.68316684
-1.43898013
0.08125930
1.28210681
-0.81119367
-2.96406308
0.64613214
-3.03492813
-0.04449314
-0.16888203
-1.95800937
2.68120616
-0.85718439
0.58825358
-0.38977849
-0.13526445
-1.96282393
1.59143706
0.26866251
-0.28716460
-0.34284272
-0.82217305
1.93497261
1.43797672
-1.85299362
1.70226600
-1.37480617
0.80004273
-1.66577252
-0.12847007
0.14435624
0.30989826
0.08033308
0.79430948
-0.62156348
0.32815430
1.76999400
1.89835267
1.09047366
-0.17792839
0.32716167
-2.35954300
-1.32376353
-0.19266269
-0.07612656
0.54502156
-0.81912878
0.75395804
0.72692062
1.01143039
-0.79865876
-2.08246594
0.53648332
0.64284577
-1.46922108
-0.70376415
0.67122266
0.32484555
1.23528518
-1.26309717
2.41721788
1.24601525
-1.24140921
1.42295017
-0.70846834
-2.24774047
1.25725202
0.20025980
-1.58265923
0.13532577
0.88061107
-1.01000727
-0.38889871
-0.11057344
0.16237323
0.01815278
0.26853811
-1.00947916
-1.09898283
-0.73325481
1.90578913
2.54261392
-2.02858492
0.72062790
-0.64674856
1.18254200
0.84521314
-0.81934359
0.13654731
1.07526346
0.18131940
0.28325066
0.04046612
-0.90735293
-2.25800303
-0.12829232
1.71021473
0.29699190
-1.22599561
-0.90039632
0.57282915
1.15179039
4.35496469
1.26743832
-1.29516932
-0.40605770
1.37400165
0.39015532
-2.57053599
1.71496372
-2.57607580
-0.62525338
2.05701126
-2.68673529
-0.51020516
2.43036956
0.53566556
-1.68565192
-0.23182383
0.16876638
0.84388712
-1.13642754
-0.85680709
0.49131175
-2.44901395
-1.05593507
-0.18765021
-1.62851734
1.23155842
-0.43518085
2.28984365
-0.52113471
-0.15596666
2.96397358
0.56074278
-1.11465210
-0.77642511
-1.50122782
1.11842754
-0.42343282
1.23900638
1.95056184
5.07166347
0.13219126
0.78522509
1.50911836
-1.38825399
-0.03334397
0.18100428
0.37222401
0.20732782
1.53149867
-1.01389593
0.54222365
-2.73774154
1.17870172
0.51086146
-0.08901510
-0.38863519
0.01217712
-2.30499515
-2.53073324
-1.21129965
-0.14037346
-0.50948907
0.51263452
-1.42514699
0.94988013
1.72437059
-0.97410488
1.11580300
-1.02363755
-1.77976340
-0.08110799
-0.41292797
-0.27849854
0.74004254
3.27897742
0.45108351
-0.80218189
-2.35040689
4.60693924
0.39104750
1.88681850
0.77040417
-2.19088298
-1.58965568
-0.01882206
-0.47447890
1.42553793
-3.61110514
2.06924379
0.98642158
-0.95600041
-0.03042056
0.08312668
-0.64890975
-2.41144652
-1.10499357
1.28026850
0.90856756
-1.84734346
-1.64283037
-0.80800477
0.57688172
1.59320068
-1.54521248
1.40143504
-2.57930368
1.93981817
0.64680864
-0.47812615
-0.08510014
0.31708549
-1.59318307
0.26956001
0.23432492
1.39190491
-1.28732260
-0.15805143
0.52267531
-0.08427642
1.03921587
0.26262062
-0.30208269
-0.15509872
-2.28799479
-0.42439172
1.28616566
-0.23848947
1.57322053
-1.67468188
1.33395165
-1.28728695
0.71740664
-0.37311651
0.06149172
2.19322098
0.04127329
-0.19546935
1.44106839
0.31769741
-2.13030112
-2.73965657
-0.62177519
1.05104639
-1.27602885
1.74667448
-0.43881962
1.10521069
-0.17520138
1.39265857
0.71348861
-0.74363602
-1.13339291
1.42947251
-1.88148175
0.31557233
0.12657660
2.95824082
0.47958195
0.77661400
0.23173520
-0.55854170
-0.65476463
0.96993528
-1.97118394
-1.03071242
-0.29225091
1.88588368
1.97977262
-1.92552085
1.46236701
-2.32174063
-0.48711748
1.48454859
1.41874019
-0.21474682
1.39903544
-2.49538616
-0.18181020
-1.54501970
0.17335952
-3.81778122
-0.03125474
-0.64402552
-0.74267701
-0.02521242
-0.93799683
0.11619777
-1.65566179
1.06137890
3.39054719
-0.16254316
2.08986988
1.79367102
-1.75954396
0.91512064
0.15388132
-0.70021272
-0.39726518
0.39960458
-0.85707745
0.47668120
-1.03187885
-0.48915978
0.40470449
0.42569215
3.22085463
1.28521912
0.39395536
1.77194477
-0.18077621
2.49945944
-0.68399911
-1.09475486
0.52482087
-1.53782207
-3.12155234
-0.09008770
-0.47448310
-0.37220633
-0.02401647
1.50416295
-3.15136622
0.17110401
-0.51119318
2.99517889
-1.07120675
-0.94343128
0.64907071
-0.43257683
0.69326956
2.94955521
-0.36680178
0.02543283
0.21322684
1.03696420
-0.12820353
0.58580539
-2.29783245
-1.16808424
1.25346624
2.20437860
2.39919330
-1.10640256
0.39135743
2.28260841
-0.66330534
0.31929141
-2.70033632
-2.14334910
-2.07780834
2.72576190
-0.74164547
-1.56905301
0.53340895
1.16211213
-0.61690656
-0.48535364
1.71320543
2.08039298
-0.08644644
0.33162035
-0.74312697
0.32973318
-1.26086286
0.79688740
-1.92622305
0.96421123
-0.25869544
0.61389640
-1.54231664
1.44403615
-1.84425111
1.64568513
-0.77502487
1.50869911
-1.30971189
2.37129903
2.47235978
-0.65257876
-1.63542261
-3.18974893
-0.65766284
1.06490490
0.48868303
0.04042816
1.25897764
-1.37266232
1.83290660
1.20226155
0.69685807
2.04207776
3.44826839
3.20764580
-0.57611757
-1.71674302
-0.42145830
0.84832170
-0.02710144
-0.61397254
-0.21414235
0.71660330
1.56653014
0.03802188
0.22756701
1.35330923
2.25903430
-1.44222686
0.68983890
-1.02694777
-0.20603113
-0.55746226
-0.22658497
-0.60700731
-0.11760892
2.43677226
1.65370195
-0.46702798
-0.90281411
0.72277592
-2.76901234
-0.01847216
-0.50787711
2.62356325
-1.69793624
0.23040914
-0.05694996
2.45228639
1.77811204
-0.25057073
2.58470536
-0.23473966
-1.10951779
-2.00919029
-0.44185408
-0.35492678
0.65210357
0.66535893
-0.83180081
1.10623453
-0.68443944
-0.14151395
0.60421814
1.19444585
-0.05486841
2.37424457
-0.90584623
1.13776745
-1.12474986
0.75348308
2.09117513
-1.67583039
-1.77578927
-0.12311364
-0.92171803
1.36311064
0.05825275
0.36120030
1.01613144
1.53493687
-1.49808008
-0.57383601
-0.98813538
1.28622179
3.29198413
-0.55338573
-1.97543477
1.69158263
-1.58769097
-1.73209459
0.49928463
-0.59072113
-0.35615563
1.26334821
1.20483089
0.21376008
0.58456525
0.80197053
0.03706567
1.02777451
-0.69287504
-1.43368699
0.32307096
-1.76284981
-0.22200263
0.90122187
1.37341640
-0.72810826
-0.48562752
1.19950046
-3.63297977
0.24340802
-0.47620445
0.20154442
-0.86743423
0.77697071
1.05049856
-0.95118918
-1.30022067
-0.35912052
-1.04960163
0.11358154
0.78436859
-0.68842604
1.67161070
-2.14374512
-3.52954899
-1.36982284
-0.42143750
2.27295315
-0.25809108
-1.85023396
0.87042628
-0.38106310
1.44060297
0.29460266
-0.59232836
-1.74359958
3.01713543
3.80685984
-1.73248960
-0.04288462
0.44828225
1.15037537
1.31650683
1.68199377
1.35238734
1.79133954
-1.38924302
0.89253747
-1.23953876
0.61682449
-1.41368290
-1.30882230
-2.79997427
0.00601235
-2.08641186
-0.25250396
-0.30905874
2.88761100
2.08759896
-0.34751492
0.88544382
1.81109804
-0.42176860
-0.13455123
-1.71866588
-1.48546850
-0.66429489
-1.87872713
-1.71543581
-1.34803617
1.80117157
1.44432667
1.23637046
0.52304964
-0.92468902
-0.76607731
0.19123598
-0.91822147
-2.70962615
0.05649539
-2.02630772
3.28460443
2.62579787
1.43493238
1.10689104
1.56914345
0.63642696
-0.67693512
0.43485554
0.45520931
0.05515239
0.71197929
0.66746248
-2.16048295
-0.77605986
-1.08597055
0.23619476
-1.36255190
0.33472191
2.66459779
0.93405294
-0.64566960
0.02325982
-1.48778371
-0.97096281
-1.53895087
-0.17874863
-1.30351957
3.04936056
-1.98625832
-0.83343522
0.54988911
-0.28344616
-0.94764834
-0.65769141
1.66635743
-0.12168183
-0.45033938
-0.50379056
1.21788357
-0.45256379
0.46336929
0.79713800
0.76012816
0.59333753
-2.25698307
0.31599735
-0.59918643
-1.88982298
1.51934242
-1.38178065
0.01472236
-0.24898046
0.77933666
0.68937689
0.35875485
1.75125688
-0.99228827
1.49806552
0.19232071
2.52810113
-1.71945557
0.17583237
0.82256050
0.44113805
-0.02071116
-2.36082759
0.59136300
1.65841130
-0.93279187
0.20446947
1.07603046
0.09974891
0.25235576
-1.37154446
1.03596859
0.70644658
2.01573927
-1.22316735
2.93818138
-0.14265234
-1.88520681
1.23716456
-0.83293721
-2.67237504
-0.97768193
-0.40356776
0.83302779
1.68378311
0.62729464
-0.92004536
0.06555903
-2.91175031
-0.31312960
-0.23910042
1.44027771
-0.63030160
-1.43264091
-0.15943105
-0.90722118
0.79968147
1.93819008
0.50759532
0.35150435
0.34192740
-0.12963046
0.51018201
-0.45806533
-1.09693080
0.21224595
0.27566160
-0.53013042
-0.98624796
-1.35015223
0.49592773
-0.74682429
1.15111314
1.76013772
-0.12983763
0.89663834
1.07675362
-1.83263803
3.64649169
-1.02646549
-1.66450972
2.73216233
-2.60371320
-0.98311806
-1.16103944
-1.78784046
0.85084280
0.49255402
0.38814519
0.66691848
0.45325946
0.00428523
1.85552586
0.07500541
-0.24653666
-0.57705415
0.09474899
-1.74787027
2.49162676
-1.60327919
0.50366849
-1.06929228
-0.07243521
