0.02284368
0.08212532
1.62285633
-1.57721164
0.98863857
-0.22699772
-1.64721773
1.62115064
-0.36376369
-0.94707819
0.45286628
-0.31351005
1.12240100
0.36693114
-1.13222810
-1.05314492
1.27632186
0.35345017
0.67204788
0.01440876
-0.96878600
-1.74324911
0.00689995
1.22060273
-0.74501887
-0.22925580
-0.22790646
-0.42551553
3.16217582
-0.21407345
0.98323984
-0.34592942
0.32855396
1.26116715
-1.95640697
1.90341902
-2.73560460
1.34872820
0.25370080
0.63253060
-1.29270027
-0.61289115
-2.00130659
1.59000820
0.32101778
2.19201394
1.06477898
2.08744203
-1.58011834
1.74287282
0.18789271
-0.64538720
0.56060275
-0.26645221
2.52548548
-2.27189887
-0.35155385
1.12289433
-1.67005205
-0.42357832
-2.27784316
-3.05583690
2.23864074
0.62481029
-0.26117072
0.14554157
1.53663739
-2.13863330
-2.34699119
2.68511491
-1.51157553
-1.48858423
0.49213372
1.08519524
-2.16583385
-2.15560725
1.37501302
-1.26737636
-0.74877099
-2.41632964
2.59602689
0.33993900
0.78978323
-0.23780543
-0.99576931
0.27088201
0.81676701
-2.21836186
0.10907572
-0.99038615
-0.92170465
0.18691317
0.41776961
0.20855424
-0.59214231
-1.38235982
-0.76815143
1.77003497
2.14885220
-0.14280526
-0.36227087
-0.50706825
-1.29274409
-1.79188033
0.56159287
1.40329368
-2.21722175
-0.46794312
-0.06879247
-0.35640748
0.94784048
-1.10133440
1.40644092
1.23062953
-0.25240142
1.81234406
0.54790187
0.25771963
0.80957494
-0.35090258
0.30114177
0.47640959
-0.46409347
-0.49052763
-0.26613588
1.14179289
0.36145341
0.25048609
-0.87574494
-1.21160119
-0.68394114
-2.30858148
0.99698649
0.01833404
2.12930698
2.50606600
0.92855717
-0.72775675
-0.04915967
-0.99813285
-1.18880821
0.78189819
-0.44815650
-1.14614955
4.35628186
-1.24656135
0.56269265
-0.76477764
1.83396179
-1.00565239
-1.12256381
-4.04277127
0.82204577
-3.03796980
1.90810148
2.25351758
-0.98057234
1.96909655
1.09293442
0.31691411
-0.70587138
-1.51281798
-1.27187264
-0.23578907
0.16028544
0.78162255
0.53694942
-0.94161956
-1.48657235
-1.24972538
0.49477102
2.93440744
1.51956394
-0.42923236
1.05805650
-0.24346018
-2.27435163
-0.26357544
-0.75301512
1.57452474
-0.40076681
-1.65896692
-0.56471844
0.95555991
0.88909596
0.33485104
1.25257908
-2.58460792
-0.00753955
-0.34441966
0.38658548
1.71336332
-1.09578848
2.16938014
0.13277412
-1.09609601
0.01988591
-1.43963383
1.36797594
0.76883393
-0.72232662
-1.85999739
0.09392408
-2.77554167
-0.78871989
-0.92361491
-1.56702908
1.60393078
-0.54731342
-0.83995988
-0.63365100
-0.36620656
0.39720944
2.18305046
-0.03554583
-1.92135576
0.88596475
0.35056296
0.78998625
0.30575702
-3.98313298
0.24376598
-1.73664956
-0.52667745
-1.37695254
-1.75596368
-1.27189578
1.40336169
-1.85059281
-0.34998623
0.17958626
1.04617519
0.62007506
1.24196272
1.10564181
-0.74070739
0.30583427
-1.49693170
-3.01377183
-0.85049947
0.75693095
1.74095452
0.21035509
0.07292979
-1.19069346
-0.38651507
0.74467054
0.65134936
-0.89312529
-0.96994007
0.00072348
0.03583426
-0.61415602
2.46048338
-0.40593932
-0.50939348
-0.69936744
0.20796162
0.27606345
-1.30119828
2.02593397
-2.25302941
-1.66967454
-0.27842068
-1.41509451
-1.98685181
0.72529731
1.42780405
-0.78399847
0.64592971
-1.48174134
2.25852995
-0.39351986
-1.50334328
-0.29394086
-1.65758241
-3.01448760
-0.39256541
0.57994492
-2.34857467
-2.61156512
-1.40631979
0.04117358
0.48204045
-2.68270835
-2.01605782
0.33571248
1.67001051
0.92756653
-0.38425812
-1.43665038
0.27600043
-1.36377405
-0.90756624
0.99660975
1.87153036
-2.37830724
-0.64878444
2.01734224
0.54485309
-1.25272541
0.47848950
-0.11245050
-1.04299685
0.52973326
0.08908585
-1.24465521
0.99806651
-0.43522066
-1.74446591
2.46919398
-0.85452206
-0.07951299
1.41486568
-0.18123648
-0.51468875
-1.08508403
-1.01050529
0.99756368
1.00509186
-0.63896841
-0.98760125
-2.54858268
-0.85981808
0.38275442
0.48479088
0.57298054
2.09823743
1.41866205
0.84693800
0.19240975
0.13797241
-2.74803621
-0.24472191
-0.12765546
-2.92738634
-2.01744502
-1.16027724
0.48820287
-0.03830100
0.96547706
1.55201766
-0.68086917
1.27537888
-0.12634658
-0.36219288
2.36076002
-0.68057131
-0.04910232
-0.89769412
0.59352981
0.07131845
1.61907003
0.54451228
-0.01444047
0.48715464
-0.51494574
0.28230968
0.78665054
-1.57524281
-0.30076775
0.59766017
1.32739346
-0.38780174
-0.40778637
0.32132008
0.91984300
1.43583816
0.40804235
-0.64622138
-0.49704008
-0.20244923
0.95026939
0.26987280
-1.62835140
-0.90641455
0.09128370
0.24139686
-1.57948272
-1.07676301
-0.85954380
0.59375197
0.77434587
0.44922618
0.47365442
-1.81975273
-0.11683761
1.13350083
0.19269650
-2.54538456
-0.86210070
0.85973868
1.03588349
-0.40905388
-0.07591183
2.04264557
-0.81218933
-1.05880722
2.52567271
2.12119656
1.59456396
1.92602589
-1.30844772
1.81895817
-0.08244509
1.58899977
-1.42866063
2.05512737
2.23746264
0.95814196
0.84289314
1.13181500
-1.07976740
1.51973150
1.91218162
-2.19955627
-1.34344989
0.12551959
-0.89815854
0.31199354
-1.80466465
-0.22517885
3.23149324
-1.11966830
1.98257071
0.65600771
0.38932023
-1.39206120
1.22218410
0.09153457
-0.52049985
-1.02653405
0.71143335
1.59318821
0.28936321
-0.71900237
1.13696750
-0.45033562
-0.99995523
0.82580055
0.92147253
2.52878065
-0.38333548
-2.43657742
-0.27019895
1.57416384
-0.65514060
0.96049639
-0.68920264
-0.32906823
-1.61391511
-0.97691047
0.93437127
-0.87996474
-0.52527872
-0.52500004
0.63091806
-1.63926056
1.13585480
-1.01600226
0.63604216
-0.14254745
1.18675716
2.68420407
-1.14606304
0.70538611
-2.56677438
0.00643754
-0.96252854
2.20790858
-1.07864032
-0.64513489
3.43739561
1.01363104
-1.37914651
-0.44174938
0.65593190
1.32066573
-1.62230104
0.73723158
0.76087431
-1.86198502
1.06473198
-0.31287057
0.25140670
1.42923604
-0.10507255
1.68803452
2.77927380
0.49375659
-0.80721444
1.81405607
-0.99988554
-2.08919955
-0.73696120
2.88936897
-1.08425170
-0.05070649
-0.47083411
0.03927944
1.20157116
0.75412752
-1.11824181
-0.36686942
0.31568059
2.37852661
-0.09221437
0.53276551
-0.41608357
0.44914371
0.32102068
0.95109540
0.65285664
-1.94285033
-1.01939066
1.41332857
-0.19154298
-0.28638563
-0.47064720
0.78954764
-0.96988600
-1.25104592
0.61428427
-0.21726524
-0.10670120
-1.95853293
-0.96635368
-0.41375130
1.04122517
0.01494508
2.35003791
0.60247145
1.11172567
-0.35554440
0.22999166
-0.65936731
-0.44921280
-0.06423346
-0.44689802
0.77107226
-0.49103410
1.00172991
0.75310061
-0.97998487
0.36182904
-0.31981606
1.22745265
-1.80675584
1.72865069
-0.86347672
-0.05647253
1.79296426
1.97738042
-2.35000757
1.24742401
0.75840115
1.25427702
0.64596094
-1.01274814
-0.68836973
-0.18418360
1.40727551
1.31398494
-1.12713511
-1.20140025
0.71228551
1.04295885
-0.54252718
0.20498060
0.00173563
-0.19819113
-1.72519036
0.04775646
-1.53204334
1.60807290
0.74450323
0.36508074
2.01244499
2.43675869
2.50349982
-0.35191548
1.41326343
-0.68728525
0.61044330
-0.28838434
0.09390893
-1.05265680
-0.68788451
2.31031055
0.30310589
0.62618395
0.24010715
0.77756798
4.00353530
0.79028786
1.58625462
0.77829833
0.87134214
-1.33439610
1.52592013
0.29828362
-0.74324803
-1.02230899
0.95084301
-0.85567424
-1.75964844
1.69677384
0.75898920
0.58413204
-1.35809520
-1.04440981
0.22575562
-1.09458258
-0.08102010
2.41917948
0.38227487
0.96554201
-0.74209708
1.24585041
0.32931586
-0.88510913
1.50092481
-1.52398948
-2.09490017
-1.45603857
0.66464060
1.75703701
0.63129348
-1.97985168
-1.63416738
-1.06551684
1.20897377
-0.35403197
0.12007114
1.37563003
-1.74494133
-0.02344077
-0.51060222
0.14300733
-1.27089679
1.32424740
-0.33218719
0.90288312
-0.62085078
0.74323217
0.13808000
-0.12985376
0.35986414
-0.35768989
-0.15538415
-0.85920341
-1.03745016
-0.39446295
0.10344700
1.45176724
0.43548480
-0.43364229
-2.07953553
-1.92495625
-2.14708436
0.76485017
0.08839866
-0.35967313
1.27976265
-0.57398208
0.96899392
0.37605060
-0.48483264
0.27973429
0.95494226
-1.02734132
1.37203333
-0.77985204
0.50517155
0.07031356
0.81019657
2.22809258
-0.10992287
1.50105944
-1.63862777
-1.59177537
0.84284253
1.95265757
0.37771417
-0.14332253
0.70077357
0.02250769
-1.20674834
1.52680102
-0.03024980
-1.52617673
1.12789557
-1.29499099
-0.62503158
-1.00006793
-1.45834495
0.21467422
-3.49992962
-2.01613976
0.52728673
0.59796473
-2.52585073
-2.52196748
0.49518726
-1.60438824
-1.52119016
1.93495666
-0.84272817
-0.09151106
0.33632705
-0.04864752
0.47530866
1.67026513
1.95394381
1.21698414
-0.69134934
-0.27785147
2.87028851
-0.07215827
2.47205884
1.99521253
0.06309747
-0.86530664
1.60025402
3.42671629
0.15215130
1.79810406
2.21845374
-0.28793440
-0.79662102
-1.45787536
1.23005907
-0.36962406
-0.96210154
0.23186186
0.84362653
-1.75080938
-0.73834356
-0.47567299
-1.46688950
2.21344256
-1.32412567
-0.67116594
-0.92167636
-3.02454875
-3.54736850
1.52287712
1.30325920
2.02252558
0.29262309
-0.41700418
-2.77383903
-0.51621633
1.35963209
-0.67318469
0.81934407
1.94704863
0.87820600
2.47457314
0.71983759
0.46329452
1.71983094
0.46001531
1.38104732
-1.89891497
-1.44814117
1.93760151
-0.26871504
-1.11462531
0.59723883
-0.03212478
0.82401562
-1.19305903
-0.71169886
2.27628239
-1.51254341
0.55737106
0.89807700
-0.55291318
0.35413888
1.11547507
0.93964299
-1.84214002
1.50510639
0.01406413
0.61040566
0.53291534
2.50699638
0.07707375
-2.10255817
2.98067912
2.62842333
-1.31965783
0.52616116
-0.24324782
1.12326574
1.55716081
-2.45092794
0.71667587
0.48564558
-1.98958183
0.54349607
0.85084768
0.15669405
0.14863730
-0.95610426
-1.05442941
0.47510654
-2.31578701
1.68930899
1.78026265
-2.41573106
-0.07775589
-0.36680753
-0.22936886
-1.58810527
-0.48548908
-0.60200412
1.23769042
2.38220342
0.41467551
1.45968848
-0.72017034
-0.43200458
-1.27485723
1.73789562
0.17476991
-1.31974487
-1.31751339
1.93161096
0.73198414
1.64926043
-0.34491292
1.99471767
-1.36492979
-0.45112717
1.09217014
-0.40525325
1.70030880
0.51233897
-0.39556190
1.49176992
0.31594736
-0.58392271
1.72412079
0.50346690
0.75305642
3.23751153
-0.94119939
0.34992495
-1.48456444
0.06492015
1.51714021
-1.25722844
0.96637130
0.32169548
-0.04972537
1.03613905
1.39300134
2.88460870
0.63384423
1.16488458
-0.08756085
-0.16502752
-0.43181108
1.63941109
-1.28381872
-0.71822143
0.30009971
-0.49559793
-0.77905835
-0.96357693
-1.20606442
-0.11978450
-0.18314608
0.78184483
-1.18801829
1.85422325
-0.24474415
-0.11520226
1.24421272
0.65025140
1.70957356
1.96825626
1.70369837
-0.54744606
-0.95688520
1.74151905
2.11650115
-1.28056671
0.87571029
2.13691974
1.78012771
1.08295509
1.51769590
0.26115109
0.47059638
0.33741842
-1.05612776
0.06496786
0.98886101
0.52792145
-0.28689563
1.03911284
-0.60173885
0.23240769
-0.07142936
-1.26965999
-0.60166974
-1.61159987
-0.75151829
0.17412224
-0.77610847
-0.86351826
-1.73324308
0.00116650
0.66263470
-0.73530159
1.90364077
-0.69930879
0.78871630
2.65246755
0.68351012
1.04672397
-1.22132226
-0.06815909
1.58071405
2.76604591
0.91310026
0.21490483
0.38611228
-2.28204739
-1.96314412
-0.05884656
-1.30785834
-0.34001097
-1.62403371
0.16036575
1.04723217
-0.14128123
-0.42972344
-0.28910351
1.12982075
1.15909270
-0.93031502
-1.58082951
0.66067666
1.28694121
-2.91030750
0.39835110
0.38499244
-0.95878854
-1.58817430
1.91815568
-1.00372228
0.33847884
1.01240515
-0.40521331
1.59902494
-1.25152204
-1.39540906
0.57487724
0.65132322
0.00969184
-0.80928562
2.85749098
-0.64742257
-1.58398143
0.36719311
0.44583155
0.95915014
1.00929538
1.86129298
1.31576919
-0.18176352
-0.82674357
0.43873273
-2.27078745
-1.60409945
-0.28832710
0.22826302
-0.14088399
0.49487748
-1.21870615
1.08291428
1.49450778
-1.08841914
0.98494101
1.56444238
0.74630701
1.69044094
-0.00359451
2.22069752
-0.00650103
-1.02631934
0.49410260
-0.22215136
0.38509886
1.42332726
2.44400532
-2.49161796
0.82605101
-0.48097314
-0.53427798
-1.53069227
-0.49256028
1.47927931
-0.57153776
-1.42527311
-0.10680432
0.03206651
0.12687658
-0.46254830
0.38374389
-3.37855895
-0.06702892
-2.26574070
1.64315923
0.56591366
-0.22410423
1.10459770
-0.59006728
-0.01754362
-0.35146364
1.88652667
2.25890825
1.46374513
-0.29105663
-0.46573084
-0.99743250
0.96456647
-0.59951570
-0.77631559
-1.52713455
-2.92296583
-1.15206459
-1.79885182
0.54592420
0.86246086
-1.32219319
-1.70679563
0.47946497
-1.14841699
-1.47415392
0.45501109
0.55971427
-0.14636160
3.18859587
-0.33443726
-0.62638645
-1.69859337
2.38099409
0.43115515
-0.33917192
1.67532381
-0.46878367
0.96510316
-1.62622702
-0.17405428
-0.57742314
-1.03147032
1.41536666
-1.80522523
0.54153456
1.84761747
-0.54867539
2.30804007
2.12320096
0.95576640
-0.86855959
-1.40295946
0.30340534
0.57368661
-0.50544500
-0.62954920
-0.29106147
1.19511543
-1.65748735
-0.28635778
0.93203978
2.00402391
-0.91410045
-2.26034385
-1.08746032
0.06286761
-0.28515703
0.58605474
-1.44229993
0.67124372
-0.51416388
-1.01288690
0.18722184
2.44529840
-0.35601409
2.42978762
2.18640692
0.50707453
1.65835649
-0.26621210
-0.00944800
0.44365087
-0.68965138
0.81851631
1.02927173
-0.13685907
-0.67818270
-0.32085040
0.11294007
-2.73513607
2.01214654
-1.13242968
-2.25344341
1.64613933
1.92212635
0.40692676
0.78113728
0.23230889
1.31450324
1.49651049
-1.43212081
-0.45071950
0.93075293
-1.50965147
-2.01166206
-0.17768500
-1.95968537
1.03867957
1.85147617
-0.04794056
0.33174711
-1.32004461
0.86503170
-0.93604237
1.84546537
-1.40004045
1.04457139
-1.70913129
-0.70202869
-0.71702699
0.11783268
0.13892979
2.23472445
-3.07738909
-0.71749238
-0.72643504
-3.09434520
0.70671813
0.97478643
-0.14279058
-0.17206287
0.46083727
-3.82002232
0.91228387
1.20243803
1.08502549
0.58766255
-0.77839866
0.90790535
0.57672548
1.50666196
0.26520947
1.57517463
0.92975908
0.58808961
-0.41757128
0.95007005
0.94749267
1.83408358
0.03746858
2.28722518
0.93279821
-0.96443449
1.28115156
-1.77858929
-1.39603208
-1.76885004
1.73636339
1.05661091
-0.32636378
1.71774524
0.04307631
-0.67645908
-2.34626404
-1.23477291
0.46863003
0.97291040
0.11102854
1.38568856
-0.39905459
-1.70765641
0.94345968
-4.17733310
-0.20109577
0.96965288
0.64228707
1.26525307
-0.84861896
0.64061720
-0.51159234
0.03470009
3.11589717
-0.70762081
1.27504003
2.21952722
-1.10237174
0.58492995
-0.57687394
0.14971658
0.36204606
-0.21234322
-0.00257325
1.92669367
-0.56434106
-0.64924338
-2.80541900
-1.01968451
1.18271179
-0.12570823
-1.59434016
0.17978202
-0.02502434
0.17690532
1.12715555
0.63512289
0.69778030
-2.34789122
1.70665843
2.69701912
1.14050073
-0.12934624
1.32313380
1.90364630
-1.65186583
-1.05901293
-0.59081982
0.83208901
-0.05291472
-0.55229565
0.33637301
-0.10649745
0.77181261
0.21053543
0.80891441
-0.89279501
1.68401021
0.37591785
-1.30689258
0.22589597
1.44408580
0.37095920
-1.08004793
2.08017042
1.02151295
1.28284920
1.60730231
1.42216299
0.49540545
0.63636436
-0.11650023
0.46570816
0.25456960
0.74116623
-1.42370922
0.28215992
-1.87137462
-1.34426316
0.60214829
1.18675246
-1.09544156
0.11648201
-0.77354146
-1.00236770
0.41162496
-1.92434030
-1.70531840
-0.16914309
0.42036132
1.46782291
1.56129384
1.55359340
2.21255705
-0.39180592
-2.33787751
-0.50158487
-0.66130131
0.18839439
0.50182884
-0.72752219
0.08513572
-1.78529958
-1.50301361
-1.85956435
0.85812873
2.69513610
0.22731617
-0.19183555
0.95845001
0.26065090
-2.48818469
-0.25952584
1.57561730
0.71986626
2.28552992
-0.01494484
-2.95171428
0.63024772
0.90617456
0.08284765
-1.99234572
2.04658970
-2.22172752
0.33730420
-0.59758189
-0.67192487
0.21444541
-0.05137149
-1.29231973
3.01116118
0.53488790
0.72002197
0.00193875
0.88999804
2.35764868
-1.55656971
-0.71234195
-1.13258968
1.33405514
0.73777498
-1.59753377
2.10641298
1.14370532
-1.84148203
1.27803392
1.19389419
0.67830908
1.06728250
-0.94542499
0.83394601
-1.36526085
-1.83436919
-0.10945611
0.84752182
-2.04969740
-1.29613818
-1.51308655
-0.42543000
0.68482323
0.32104309
-1.44265203
-0.11161953
-0.30173773
0.94246651
-0.46046849
-0.12267056
-1.09272147
-0.21568787
0.68162925
-1.36670254
0.22721887
0.82521327
-0.38607970
1.02711503
0.35228317
-0.41343958
-0.83357624
3.16177704
-3.05282271
-0.14865472
0.98311705
-0.54385656
-2.09912318
0.30404367
-0.36494161
-0.97923393
0.59549645
-1.70019005
0.13024670
-0.65877069
-2.06176760
-1.23170951
2.62197247
0.66901455
0.36360376
-0.96962816
1.47211365
-1.46074372
-0.02259142
-0.17488943
0.06467234
0.40168726
0.60873179
-0.05744268
-0.24239775
-0.83219536
-1.58260715
2.47984848
-0.85054679
0.68819599
-0.28468800
1.40652643
1.65729650
1.24608293
0.63490174
-0.30744598
1.53642050
0.73888029
1.01771580
0.14154023
-0.40383122
-0.69373328
2.32734934
-0.50367896
0.02464326
0.40284188
-2.02983527
0.84209780
-0.89117216
1.39230019
-0.45118627
-0.29211420
1.37710054
-1.84509643
-0.14888911
-0.14120489
-3.03137544
2.52118558
-1.82241367
1.73606549
-0.30755021
1.17840746
0.09184155
0.98915546
1.37591384
0.87678426
0.69657540
-0.05520496
1.12457466
-1.50182990
-0.80148400
-0.03883920
0.49194484
-0.82184278
0.66657501
-1.24253830
-0.45534556
1.28820300
-0.29911289
0.55223271
0.39930090
-0.62763243
-0.07791330
-1.10039256
-0.84084365
-0.66557583
-1.15397187
1.54600340
-0.65072541
1.19137483
-1.77232615
0.36882981
2.10647588
0.15646893
-1.39417077
0.92592220
-0.91657038
-0.47218631
-0.35296970
0.29724122
0.56546587
0.95603389
-0.65358221
-0.17044923
1.42518856
-1.64104778
-0.07366833
1.17933970
-0.60364814
-1.35075288
2.73210719
2.11216313
-0.53835068
0.49512471
1.74881281
-1.42923765
-3.47163051
-0.32925892
1.00801288
-1.66501738
-1.20207800
0.00115443
-1.55745343
-1.45797106
0.30858254
0.88122823
-1.93330241
-1.38403163
-0.33520642
-0.36650558
-1.38484689
-0.05469279
1.54217998
0.56395227
1.20286804
1.49123798
0.52000778
0.66009718
2.76930009
0.53498278
0.45542789
0.22171704
-2.17087508
0.20561244
-0.60630992
0.97834499
-0.44280632
1.71066128
-0.95690794
0.79045163
0.93049328
0.41052985
-3.12433402
-0.38194079
-0.31175576
-1.86599960
1.60682356
-1.40970452
1.13382459
0.46461802
0.46693126
-1.02211366
0.22279571
0.17506069
-0.67075173
-1.13830690
0.49243403
-1.18160221
1.37151015
0.20583038
-0.51485387
-0.77702103
-0.76288586
-0.48441689
2.39314276
-0.59101011
-0.88188416
-1.06553265
2.39070216
0.64045862
0.53455029
1.05809814
-2.25237100
0.05989555
0.00009620
-0.87297367
-1.15792416
-2.09448093
1.34081588
0.56197758
-0.80246673
-1.32782550
0.09449000
-1.19769928
0.79667827
-1.71817557
0.66391536
-1.19727665
1.27658911
0.74326480
-0.59995889
0.32118183
0.46033076
0.19947500
-0.15264743
-0.81854102
-0.90960598
-1.31470803
-0.33937466
-0.65539540
-0.67988433
-0.19383107
-0.79356466
0.01676854
0.81324478
1.96285664
-1.84832358
-0.68149371
-1.75047370
2.00516336
-0.33576965
2.19779492
-1.89079830
-1.70691794
-0.00517108
-1.68792969
-1.68952211
-0.25196013
-1.32953975
-1.28609068
-0.28625340
2.82720206
1.75661722
1.32741983
-1.84063643
-0.88232374
0.51408676
1.63541888
1.23037980
0.84096695
-0.25669916
-3.75298670
-0.10345696
0.36318309
-0.75272781
-1.18498102
0.05916831
-0.58539361
-0.27724771
-2.23553905
-0.69775336
0.14147352
-0.08413509
0.48148970
-0.37939378
-1.23334347
-0.10405714
1.11425973
-0.49582351
-0.31537098
0.97869666
1.23493451
0.29532469
2.09904860
1.25503147
-1.45039848
-0.29193984
-1.12205346
0.02182652
-0.61455366
0.98279493
0.34119551
-0.32154802
1.94219752
0.02565210
0.69075306
-0.95137555
0.83449429
-0.86676082
-0.93347473
-2.35246873
1.03568960
1.24565672
0.57953030
-0.09831635
0.09108210
-1.73221303
1.73758523
1.77885282
-2.88743971
0.35553420
0.23451028
0.59426406
1.32420844
0.60442113
1.30196406
-0.07717031
-0.23002679
1.02070926
1.49335250
-0.56804042
-0.62023040
0.02041591
1.15397826
-1.87830847
0.35620063
0.20389701
-0.85661003
-2.37223946
0.26521638
-1.24390961
-0.89297309
-0.89638705
-1.10999592
1.11607987
-0.43386170
-0.70382310
0.34308864
-0.86195074
-1.08474469
0.27199790
0.32664529
0.77319260
-0.15037135
1.15190833
-1.82648843
0.88713896
-1.80402118
2.22337452
0.18294034
-1.03572527
-0.31594703
0.17804019
0.33269488
-0.52305645
0.35427318
1.56841658
0.46309972
-0.13349697
1.66490852
-2.45785932
-0.05937328
0.59932660
-0.69182136
0.85655720
0.00836357
0.00852449
0.23025524
-1.02883624
-0.64837619
1.82890956
-2.41133168
0.11196507
1.76315846
-0.40759783
-0.78553101
-1.43575184
-0.16513683
-0.17933516
-1.13738310
1.75021499
0.33324412
-1.65534605
-1.11601540
-1.19180694
-0.16527810
0.42888929
0.80613325
0.20725869
1.03345311
2.03665952
-0.56492049
0.95119694
-0.60590597
-1.36985728
-1.10656653
-0.72942834
-1.36597739
-0.65059161
0.88436932
-0.82938918
-0.33847088
-1.47017338
-0.78673479
-0.45078660
0.65043123
0.25073225
-0.91599521
0.27735312
0.42038096
-1.19236842
-0.71446037
0.05019726
-1.16074170
2.05501237
1.98777259
0.07667688
0.84253592
-1.37292332
-1.37395301
-2.26061269
-1.51345633
0.53820593
1.05740079
-0.95797061
0.92379967
0.21210136
1.17069116
-2.23141206
-0.89325340
0.60869226
-0.39062108
-0.09192048
0.91116828
-1.69684229
0.80735210
1.40902704
0.01599992
0.01214815
-0.43500100
-0.55449358
0.40571395
0.64879690
0.48422723
0.23397009
0.35163904
1.51592481
-0.27247823
-0.22463994
-1.37338583
0.45480785
-1.02784284
-0.14327852
-0.28867016
1.45511340
-1.39714288
-0.77278473
-0.05196037
-0.70032290
1.35865012
1.40487969
0.27256813
-1.49992421
-0.39395405
-1.81247027
-1.35337327
0.84733537
0.54203661
0.73311794
0.62869571
-0.06875662
-0.83495798
1.00816141
0.72871093
-0.04535820
1.47117835
0.94853752
0.27614598
-0.77496638
-0.68188578
1.41476866
-0.26846577
0.08674568
-2.20622726
-1.51561027
0.55962798
0.36421766
0.18296000
-1.55096027
-0.81332139
-0.09270692
0.85248793
0.79861605
-0.74128246
0.78993133
1.55798284
-1.07443470
0.19135144
-0.24320115
-0.11166562
-0.31226263
3.13118900
-0.08942959
-0.55911145
-0.45355391
-0.97551651
1.51165964
1.38380961
-0.88396222
0.04358358
0.59054123
-0.71823682
2.18357140
0.24019394
1.19940892
-0.72245862
-0.81112734
-0.48616062
-0.53352649
-0.26829641
2.63042991
-0.35358350
-1.23581153
-1.46343026
-2.76761799
0.24874861
-2.85969115
-0.00228243
0.95606794
2.10459655
0.32544103
0.84432658
1.24905064
1.58837046
-1.06058348
1.18222890
0.33740778
-0.16045969
0.87594469
-1.82695653
-0.60779558
0.07797123
-0.43147012
2.04392273
-1.40674110
-1.84589899
-0.53985530
-2.26182642
-1.47688044
-1.70116172
-1.14372123
1.38875044
-0.43327610
2.89757687
-1.29768759
-0.72783156
0.09367861
-0.37241994
1.76925945
-0.35440547
-2.72353574
1.34306387
-0.96499151
-0.57980037
0.98527727
0.40721391
-0.41447636
0.34469021
-0.77096060
0.64711936
-1.62072331
-0.98226541
-1.31401320
-0.02481982
-0.24528551
-0.66638348
-1.12732404
-1.26790148
-0.53841193
-1.24382894
-1.00178186
-2.00859024
-0.62776846
-0.31713483
-1.08842773
0.14694215
1.59171139
-0.44714114
0.86662945
0.85853673
0.72375293
0.13607527
-0.46698619
0.85625686
-0.21149792
-0.01091615
-0.15577974
0.12777110
-2.18439288
-0.42106364
-1.97985841
2.42603169
-1.37502860
-0.59832562
-2.09298426
-1.57742639
2.58982910
1.55657581
1.14147614
-0.06299337
-1.52629882
2.72437135
-0.90412551
0.47579011
1.99473498
0.27363478
1.61433763
0.38949467
0.64763201
0.21936404
0.88323617
-1.35532777
0.28741413
-0.18282728
0.37463636
0.05020957
1.26409552
-1.64555261
-1.92319631
0.06747245
1.89351947
0.17592361
-0.88010007
0.20030659
2.34444518
1.21590320
0.80781340
-1.03360615
0.02669120
-0.37181513
0.79412791
1.02802222
0.20425700
-2.18227051
0.83997670
1.19273731
-0.54674478
0.68926879
0.56798545
0.90161546
1.94065510
1.38438692
-1.00442237
