-0.68466683
1.03439910
0.28871950
0.11684235
1.32561178
-0.34589380
-0.59379062
0.07674087
-0.15377954
0.14295881
0.62724602
0.01111435
-0.18172635
0.39144558
-0.23539438
0.10116725
0.06404531
0.61846351
0.17252179
1.52225373
0.09797638
1.26315994
0.58579490
-0.27816884
0.54439908
0.05507288
-0.06982937
-0.11366004
-0.54984246
1.03737187
0.60992855
-0.23715665
0.59579692
-0.01959503
-0.56556125
0.64329591
0.42652150
-0.00673899
-0.87149988
-0.61418419
0.39037314
0.04849154
-0.23646954
-0.41261822
0.12242658
-0.71602732
0.50083489
0.03150836
0.36768876
-0.05649825
-0.35201035
0.17473132
0.63384173
0.00493321
0.02922518
-0.05323521
-0.53530044
0.91555655
0.68970797
0.38048717
-0.66202968
0.55428071
0.02939431
0.42885138
0.10747254
-0.94842421
0.11000471
0.06504645
-0.10911854
0.96245269
0.37092929
0.82629062
0.83915757
-0.38553165
-0.01752734
0.18463181
0.54656065
0.31056281
0.42053213
0.18244783
0.10166229
0.25341233
-0.40548767
-0.41876753
0.10139976
-1.02518599
0.12844595
-1.08007223
0.12542496
0.04934021
-0.76664480
-0.97670611
0.24346013
0.37852603
-0.67736164
-0.27059619
-0.78567473
-0.14126774
-0.28871668
0.64246799
0.65359355
-1.01370712
-0.08494110
-0.23434231
0.09847270
0.07804916
0.07683847
0.34378834
-0.21515451
-0.10483616
0.44563131
0.03447615
-0.19948269
-0.58607603
-0.71823384
1.63062270
-0.02510058
-0.54676532
0.07914718
-0.82386157
-0.84871234
-0.44317311
-0.17661266
0.23147873
-0.42025695
0.30517020
-0.33055434
0.39724178
-0.83765595
-0.33094774
0.35821790
0.39877128
0.58175514
0.81676646
0.16547790
-1.55780479
0.31005678
-0.53945928
-0.67581126
0.57121786
0.56844421
-0.84884533
0.28186404
-0.19879449
-0.00093231
-1.31138169
-0.70021111
0.60578263
0.15247670
-0.63015310
0.00562381
0.85403377
-0.65589147
-0.52180040
-0.40013522
0.04070178
-0.01615596
0.24815830
0.17332362
0.71601378
-0.64810572
0.16642080
0.74518010
0.21003143
-0.33629671
0.84021163
0.59252686
0.38847449
-0.21822515
-0.74331264
-0.90005412
-0.22213276
-0.37117250
0.19720609
-0.30956201
-0.82684670
-0.16891424
0.46652769
-0.22068656
-0.89694154
-0.01663008
0.17077534
0.61658915
-0.39182553
0.19462763
0.14546062
0.34915032
1.17902664
0.22128923
-1.18423913
0.00948184
-0.50165693
0.57581763
0.90651720
-0.19460648
0.49293774
-0.60842023
0.07387476
0.17557445
0.21364749
0.75921633
0.52855055
-0.52787283
0.22333081
1.21237046
0.16691891
1.19727407
0.61510944
0.23840244
-0.78157245
0.63547960
1.16666615
-0.36317548
0.07061336
0.92354046
-0.07148301
0.54301903
0.46733589
-0.28756237
0.35523155
0.15709182
-1.02801198
-0.41664767
-0.54857989
0.38392637
0.18612851
1.35550587
-0.01915061
-0.37855943
0.12341571
0.84369612
-0.34750960
0.61981461
-0.21300945
0.64214613
0.26314943
0.45656096
-0.00720992
0.48370816
-0.51706828
-0.13915014
0.79497170
-0.47414835
0.21403250
0.41883254
0.46918306
0.11252089
-0.48434660
-0.38760186
0.78662975
0.69195093
0.14748424
0.72152825
0.12792116
-0.16570134
0.23970559
0.53121230
0.25665862
-0.24677023
0.61852111
1.02502079
-0.51336070
0.18472494
0.22249341
-0.67827259
0.53723782
0.02944981
0.08954873
-0.08157512
-1.24963340
0.46509621
0.86431009
-1.01912371
0.42349177
0.36145230
-0.12583915
-0.80420692
0.14498363
1.10142084
-0.15556106
-0.68492259
1.03173108
0.67036671
-0.03675223
-0.21718044
0.02548373
0.27279249
-1.20496951
0.19904054
-0.12920623
0.08712522
0.33958239
-0.93767851
0.28414338
-0.47215647
0.51951278
0.32826078
0.68123686
-0.03163871
0.07393099
0.03613633
-0.73804571
-0.01412885
-0.39025262
0.15696853
-0.31340101
0.38780336
-0.19959082
0.40904571
0.26242901
0.11434417
0.34013904
0.25055645
-0.10619835
0.58624033
0.37027849
-0.00115626
1.04220548
-0.62316994
-0.81982787
0.18959479
0.37237965
-0.18307011
0.41789820
0.36652267
-0.49271523
0.49053767
-0.88966770
-0.70602129
-0.35276092
-0.42055647
0.57156029
0.59565626
0.42982303
0.19565657
0.71284222
-0.52364969
-0.45433335
1.04055316
1.13273247
-0.16879088
-0.02439121
-1.02721493
-0.02270815
-0.76213436
-0.15817656
0.88085199
-0.66854179
0.38885209
-0.12132718
0.55127688
0.66291808
-1.00476573
0.31314056
-0.74033526
-0.44314745
-0.34560775
0.75872249
0.89320242
0.20896992
0.49847004
0.44918125
0.39041214
0.42913540
0.96639613
0.25555805
0.54030432
0.03134074
0.22375420
-0.38943615
-0.05727570
0.39938215
-0.33005150
0.32284944
-0.05804821
-0.62905464
-0.13762759
-0.02783836
-0.34375240
0.55397501
-0.02584476
-0.03951927
0.43646408
-0.03934664
-0.46883055
-0.34704091
-0.74242171
-0.27955498
0.57756414
-1.56649687
0.58871129
-0.20970368
0.27112174
-0.15482563
0.29969571
-0.03224672
-0.26152164
0.15294322
0.84119227
0.74622689
0.42344150
0.25079597
-0.23738574
-0.03826417
0.85897817
1.28128831
0.73033512
0.08120763
-0.64769394
-1.22229119
-0.12697472
-0.28188656
0.01815578
0.46309602
-1.15450925
-0.40307755
0.05779051
-0.49403791
0.07965147
1.42038937
-0.85528984
0.26766694
-0.49168023
-0.17322881
-0.88069272
0.54160656
-0.23156311
0.22512678
0.32810266
0.42545405
0.09434553
0.54607287
-0.00629500
1.13999000
-0.28150272
-0.05513295
0.95874407
0.21624143
0.28131574
-0.96252267
0.49121746
-0.06787617
0.06751675
0.75961197
-1.11478583
-0.03033546
0.43425349
0.00117426
0.03211883
-1.10737609
-0.27154394
-0.08278885
0.42934190
-0.16455058
-0.52831556
-0.18272361
-0.06398946
-0.14982547
0.86480904
-0.14302366
-0.30580950
0.22062542
0.27755091
-0.15876871
0.14550826
0.55054377
0.01632310
-0.86204954
-0.18165971
-0.77510325
0.81479106
-0.18105413
0.00014464
-0.11276036
0.03186861
0.51445209
-0.49982973
-1.07695949
-0.97884406
-0.01479537
-0.81305069
-1.29362001
-1.11689638
0.67799449
0.03140415
0.90210408
-0.33265776
-0.48877524
-0.07311596
-0.56636825
-0.52454791
-0.29209837
0.13615794
-0.07914799
-1.06143444
0.25230958
0.39150933
-0.24176443
-0.64790224
0.36789392
-0.90032081
-0.51712185
-0.30872660
-0.70354244
0.49576120
-0.74514379
0.29012340
0.12465335
0.67906690
-0.30795222
0.07978618
0.40015097
-0.84385176
0.91391727
0.08009254
-0.18869673
-0.14573370
0.00611894
-1.22539680
-0.21297988
0.16608804
-0.06647232
-0.60294469
-0.00788267
-0.13514881
-1.06633872
0.32207356
-0.40917435
-0.09527833
0.34997719
0.29556693
-0.76167413
-0.19642292
0.05715389
-0.90551312
0.05186718
0.20699847
-0.19009302
0.13377372
0.11818164
-0.15557925
0.41067649
0.21330462
-0.52927753
-0.92327264
-0.07096522
0.17894649
-0.35657245
-0.14237346
-0.29262074
-0.28644108
-0.41137660
-0.15778187
0.00325429
-0.58478090
0.42435359
0.44431328
-0.46794423
0.21845693
-0.78661094
-0.04664804
0.71115452
0.74473388
-0.23357841
0.49282329
-0.17544559
0.39144561
0.24786709
0.60593246
0.07484230
-0.69944779
0.73798524
0.28478654
0.76828526
0.00540923
-0.20805857
-0.81949037
-0.26974173
1.50977245
-0.41279696
-0.00852625
0.03421700
-0.88940511
0.55615350
-0.05390949
-0.01589904
-0.23813563
-1.29341607
-0.17930229
-0.34292370
-1.10386269
0.24822752
0.74603050
-0.68913719
0.81418773
0.04075994
-0.28877610
-0.16182026
0.26594332
-0.49923971
0.25594779
-0.81172034
-0.35815828
0.57261748
0.59302968
0.58737763
-0.45189849
-0.67598666
-0.92180419
1.10160126
0.62401723
0.72997553
-0.64435365
-0.39429823
0.51957257
-1.16915347
0.69312032
1.10414450
0.45832634
-0.42145893
-0.23139229
0.15026400
-0.81587172
-0.29182675
0.73208243
0.07606861
-0.47401543
0.19259681
-0.27648604
-0.26888423
0.08622629
0.48499807
0.58458393
0.68194876
0.07197600
0.16432327
0.22744806
0.40652467
0.20661686
-0.01084124
0.33801753
0.04224908
-0.19797323
1.06914037
-0.64759367
-0.12888322
0.42371849
0.30307980
-0.14842555
0.70061418
0.63693449
-0.26581633
0.27034483
-0.07848858
0.21796162
0.66101148
-0.36428063
-0.54001393
-0.19250070
0.08553070
-0.52982289
-0.64595823
0.10637719
1.55827957
-0.15060620
0.19213150
1.10903623
0.41594054
-0.18925117
0.31451511
-0.16667640
-0.12791744
-0.12511391
0.03437370
1.14994154
-0.30177234
0.45884838
-0.12110047
0.32505084
-0.24877193
0.02790075
-0.39682766
0.16158186
-0.49608144
0.02327406
0.91676424
-0.47860905
0.05349680
-0.23434603
-0.39685593
0.22547462
-0.50741206
0.27561637
-0.11324428
-0.27406328
-0.34049104
-1.34216043
-0.65588121
-0.78693442
-0.23326668
0.61885681
1.16596407
0.06245993
-0.06902449
0.17113209
0.50405466
0.64070909
-0.61554091
0.29792675
0.04464539
-0.78283470
0.04756128
-0.22382125
0.81232861
0.51484318
0.12322369
0.51283435
-0.48497540
0.41362778
0.11482145
0.33169367
0.06741897
-0.45967533
1.26010122
0.01867714
0.02190857
1.48972507
-0.65572303
-0.37703822
-0.03708923
-0.86271288
-1.40144088
-0.35029070
-0.17861697
-0.23473269
-0.10921901
-1.15673823
0.13565496
0.51761340
0.17146484
-0.43749927
0.46298266
-0.56991235
0.38219871
-0.47671446
-0.71945133
0.33031780
0.28391986
0.10851695
0.22431730
0.24468069
-0.00908583
-0.61122621
0.46495857
-0.61207103
-0.29304579
-0.60089074
-0.32139688
-0.53882975
-0.03589998
0.55381616
0.35559484
-0.22537414
-0.02169120
-0.27442016
-0.27252386
1.09965804
-0.70827010
-0.73425224
-0.22167896
-0.24723785
-0.01425989
0.00741661
0.23492688
-0.86984117
-0.37757115
-0.09228263
-1.05974611
0.73937622
-0.62177397
1.18416625
-0.56741086
-0.21762857
0.17837474
-0.59923254
-0.15619601
0.63186028
0.25125011
-0.49185190
-0.05371878
0.42717248
0.04882279
-0.59618599
0.03500780
0.94590617
-0.05340109
0.75200585
-0.33283537
-1.64626454
-1.06616908
-0.01815245
0.39143089
0.20908604
0.27214531
-1.01575584
-0.41498418
-0.76440150
0.22707269
0.05020303
0.52355472
-0.03837038
-0.40868495
0.34466037
-0.59905443
0.11742598
-0.56756027
-0.83112621
-0.07122710
0.01840456
-1.11354968
-0.35050705
0.51596353
0.06300561
0.24489777
-0.05281363
0.19525060
-0.56560546
0.04122842
-0.07454653
-0.08102162
0.30306042
0.69676533
-0.34446682
-0.49057406
-0.07146157
0.59645465
-0.22617971
0.15376003
-0.09757629
-1.01462518
-0.63535878
-0.68660887
0.38332070
0.64855075
0.52748288
-0.02469869
-0.03436961
0.06927618
0.01937473
-1.04374931
0.04209358
0.45311302
-0.71174289
-0.82009908
-0.84057142
-0.63280828
-0.22134423
-0.26837103
0.97339176
0.43928358
0.91521878
-0.42016041
-0.24327225
0.70557288
-0.26797741
-0.23844605
1.37782459
0.36299324
0.88928906
-1.18982016
1.27313355
0.82465597
-0.80784752
-0.16194516
0.57919817
0.10450778
-0.10604701
0.28248932
-0.81669526
0.30082338
0.07397655
-0.92416737
-0.11626512
0.60728123
0.49445458
-0.06918311
0.76421691
-0.31285119
-0.45064243
0.20073228
-0.06949672
-0.83102162
0.39746640
0.50553668
-0.44933154
0.13290673
0.29108050
-0.57665604
0.56388896
-0.22827214
0.44996408
-1.08308987
-0.40281966
0.10340894
0.70551163
-0.94429716
0.17803040
0.96770921
-0.03972359
0.71357554
-0.37297130
0.20093048
-0.59131751
0.78685438
-0.55600843
0.41464618
0.21869244
-0.59966758
0.71174872
0.29809213
-0.28957769
-0.28300218
0.62478115
-0.29351762
0.93323368
0.09495596
0.21871388
0.26506458
0.74926042
-0.48752217
0.17376947
-0.19022815
0.80753006
0.47321216
-0.37851949
-0.36638108
-0.41841463
-0.41043837
-0.58089956
-0.20109285
0.77688441
0.04782353
0.18789576
0.75981869
0.50399269
0.61491411
0.21913561
0.37128763
0.16311814
0.21366458
-0.48853217
-0.24420356
0.25064609
0.55774821
0.96377247
0.68394271
-0.05193156
0.22176251
-0.51228781
-0.02201802
0.29848801
0.18005467
0.12946411
-0.24231515
-0.14202386
0.21680967
-0.11474749
-0.46258533
0.40409855
0.06435764
-0.02145108
-0.82074225
0.09865705
-0.23125247
-0.80301350
-0.70627803
-0.52570124
0.19860263
0.83352622
-0.75766169
0.42646056
-0.30301126
-0.15731344
0.63419337
0.97905035
0.43509905
0.16229230
-0.36733014
0.15784827
0.59994132
0.00955465
-0.02038078
-0.21137100
-0.11565992
-0.41368223
-0.08025475
0.21227348
-0.02917127
0.17767329
-0.32399568
0.75437753
0.61489838
0.70820341
-0.40456264
1.12295117
0.76275549
0.13575013
0.12307148
0.20740192
-0.27736818
0.21188938
0.49894305
0.78195639
0.45886249
1.03686450
0.15889343
-0.11301753
0.09428132
-0.72773037
-0.50467758
0.19823336
-1.08619964
-0.05863816
-0.17506148
-0.85683508
0.98837657
-0.06877409
0.96216196
-0.36151635
-0.25382720
-1.06687077
-0.25429362
0.41077147
0.10971072
0.07435765
-0.26249474
0.21525458
0.20701077
0.64451440
1.06694096
-0.07216859
0.40481157
-0.91429830
-0.96024910
-0.33652349
0.31139712
0.35987573
0.10427643
0.57019896
-0.17806175
-0.50840166
0.30086038
0.03389697
-0.48623907
-0.96175579
-0.23998235
0.39990379
0.48311180
0.84759930
-0.47982500
0.44813602
0.00150163
-0.17928339
0.26370341
0.41883896
0.72652571
-0.18666206
0.58380639
0.84069274
0.07573561
0.42489320
0.62144470
0.01881514
0.27658500
-0.34144394
-0.19061210
-0.37291815
-0.70383376
0.49192416
0.39023685
-0.36780767
-0.13352413
-0.30579320
0.13206219
0.24152283
-0.06873943
-0.92992725
0.06706264
-1.14488938
-0.68094631
-0.06429916
1.39869192
-0.27579445
0.64617907
0.57688021
0.35973495
-0.48916493
1.71747661
0.47092949
-0.27800056
-1.16538537
1.04066115
-0.17627232
-0.02714268
0.03841272
0.16222549
-0.31533477
-0.22253401
-0.46824825
-0.09538401
-0.28720461
-1.90860259
-0.71205166
-0.09990425
0.68412753
-0.59592150
0.64205275
0.42745209
0.13800705
-0.53611789
-0.74475596
0.54494498
-0.98558627
0.37272820
-0.37277394
0.54311758
-0.77164476
-0.54654762
-0.40349878
0.37007828
1.13590760
1.00442532
0.13578439
0.09865680
0.70936009
1.55231357
1.74190002
0.44416625
-0.09796979
1.80625126
0.04881351
-0.18382169
0.85403621
0.49345037
0.81941977
-0.69872494
0.54239169
-0.07454017
0.43290123
-0.17538272
-0.68212545
-0.33989118
0.36669366
-0.49655704
-0.55487784
-0.03789788
0.77640401
-0.10050144
-0.09770809
-0.20478110
-0.04511029
-1.31206523
0.06242477
-0.10560174
-1.23765170
-0.40126309
0.16386399
-0.38788424
-0.53334335
-0.28849992
-0.25200366
-1.74454390
0.57119125
0.22402066
0.05850656
-0.00933540
0.93262100
-0.02515859
0.20053777
-0.41035553
-0.65156901
0.55409569
0.45938891
0.06655294
-1.05650697
0.18718852
0.25634246
-0.67313157
0.12338581
-0.33526502
0.60679628
-0.62648918
-1.34307710
-1.22009908
-0.25879576
0.18775437
0.12961044
0.63871064
-0.75607765
0.15922858
-0.59082406
0.59142883
0.37597553
-0.08682401
0.61298692
-0.85064357
0.73808904
0.39312407
0.30274088
0.35168793
0.32735490
0.11124730
0.50756662
-0.09327593
-0.04984127
0.48322568
-0.21694309
-0.69961247
0.28585254
-0.15976617
1.10907475
0.27288518
-0.19444083
0.36888896
0.18651834
-1.14375827
0.54273419
-0.38383351
0.20998567
0.61444161
0.46483206
-0.02646257
-0.80809471
-0.07856545
0.03836332
0.62994180
0.07117758
0.36905040
0.03800315
-0.26563152
0.79028066
0.73480872
0.12553674
-0.44751434
0.07151627
0.33065580
0.06426978
-0.03867502
0.25528629
-0.05977240
0.59350452
-0.86323681
-0.77610379
0.06303549
0.17122735
-0.21613266
-0.52123183
0.53031856
0.01276548
0.66266511
0.62966441
-0.56958715
0.78100819
0.38309807
0.32448508
-0.74209706
-0.21800099
-0.64307750
-1.09814061
-0.13163756
-0.35728788
-0.85958553
-0.22327101
0.03520676
0.24645970
-0.44630756
0.20424059
-0.17746027
-0.71374705
-0.81754372
0.47299263
0.05948250
-0.90981210
-1.20476254
0.18877031
-0.02365861
0.19327124
-0.29425807
-0.39188184
1.68089827
-0.52328910
-0.02175258
0.16757186
-1.14304894
0.17593257
0.51919756
-0.37267502
-0.16066931
0.21316546
0.68817002
0.66055811
-0.21727123
0.14684924
0.98598451
-0.77794959
0.82705107
-0.48839797
0.70105916
-0.46479876
-0.15510802
0.58813838
0.84703614
0.46715935
-0.06623453
-0.51369333
-0.28055108
-0.73326893
-0.53376411
0.76038892
-0.69755336
-0.90428660
-0.40612362
-0.80774280
-0.50143475
-0.06891775
-1.40396479
-0.30298624
-0.27941523
-0.64519851
0.75360959
-0.31074361
0.04770816
-1.06932404
0.00271655
0.10705288
-0.41097567
-0.09302549
-0.85620578
0.31414840
-0.20180728
-0.03404842
-1.22798476
-0.43551486
-0.39237390
0.72588026
-0.29206068
-0.38092719
0.42865498
-0.31298655
-0.11909825
0.63371195
0.47944970
0.11002505
-0.55033368
-0.50987434
0.79486235
0.04012304
-0.46731710
-0.05318168
0.09408556
0.66541607
-0.76081260
0.98123572
-0.49364341
-0.08433124
-0.49504009
-0.59386941
0.31201636
0.17746507
-0.61461313
-0.30490937
0.42448188
0.10060281
-0.38698013
-1.12301435
1.38492729
0.41943967
-0.02277373
0.70906870
0.19275059
-0.04782555
-0.99241656
-0.34699570
-0.02142151
-0.49982934
-0.83589966
-0.84021042
1.01815570
0.14290211
0.45984340
0.17789720
0.68540820
-0.05675117
-0.19701731
-0.48430755
0.56708868
-0.05202079
-0.02832889
1.11382111
1.04448669
0.08877021
0.14287347
0.85855053
0.13150779
0.89683313
-0.05693278
0.28479451
0.95471147
-0.25267225
0.29164720
1.04515541
0.28417094
0.19938016
0.37099953
0.08608985
0.28062206
-0.21388951
-0.41758701
-0.06074638
-0.12023019
-0.16504168
0.01273681
-0.24793507
-0.08628154
0.12059572
0.11085734
-0.14135069
0.05536686
-0.23875277
0.15018457
-0.85268073
-0.01015149
0.60326634
-0.38199177
0.22168513
-0.34685954
0.16056751
-0.90574095
-0.75872186
0.93001102
0.05332985
0.91633464
-0.52893290
-0.17616043
-0.34470524
0.18047460
0.63026435
0.21994318
-0.54323911
0.55085376
0.36411087
-0.61512859
0.33281019
0.44242802
-0.09473059
-0.36555223
0.47134384
0.24190091
-0.30504690
1.01707856
0.27721246
0.20146034
0.06394213
-0.38015729
0.35790414
-0.53253753
1.18168630
-0.20881114
-0.15712409
-0.51044094
-0.84814086
0.03185209
-0.16574611
-0.61222111
0.49039058
0.57463226
-0.08714572
0.72489520
-0.24114651
0.34321366
-0.81520384
-0.14943941
-0.03330664
-0.16833886
0.16350131
-0.00645453
-0.55030086
0.01584256
-0.48692292
-0.69039766
-0.32523324
0.13512178
-0.63723368
-0.79696389
0.23414246
-0.16318446
-0.40005635
-0.13013397
-0.40101945
0.30347859
-0.53813976
-0.29804313
0.04375745
0.47565908
-0.45369857
-0.49515988
-0.87724884
-0.26049391
-1.28360623
0.09925910
-0.46030785
-0.16945979
-0.64932182
0.13360197
0.64370485
0.85347523
-0.13838192
1.22917192
-0.25050591
1.02086398
0.24160062
0.66670721
0.37611772
-0.02662453
-0.03756571
0.25883907
1.16612090
-1.47337982
-1.22600941
-0.54997927
-0.18543480
0.28435651
0.37937488
-0.02049226
0.00702363
-0.55973539
0.40717965
-0.79594407
0.35496884
0.17135617
0.14034168
0.54813022
0.64695772
0.29721330
0.64696989
-0.70907433
-0.27611210
0.24233045
-1.00657244
1.03085109
0.10514209
0.54515815
-0.48272142
0.12925562
0.61341021
0.78413615
-0.69501280
0.91025989
-0.88369635
0.70675249
0.69904882
0.45099680
0.45709291
0.29183353
-0.36081514
0.26230084
-0.25749418
-0.57591196
0.61521206
0.53285330
1.12597527
1.05446162
0.18999211
0.19268688
0.23264020
0.66527701
0.42971202
-0.73576184
1.02020324
0.75105522
-0.54052451
-0.12916952
0.87363124
0.79008713
-0.46722905
0.41170043
-1.13385252
0.52107375
-0.04167865
-0.21569874
-0.63393041
0.29200705
-0.38607742
-0.25441939
-0.25127572
-0.41566466
0.80434789
0.52339292
-0.34953271
-0.15669489
0.79516410
0.18692327
-0.00697436
-0.66220038
0.15729366
0.25969765
0.36058342
0.45032892
-0.01294576
0.59302765
0.65115072
-0.02244133
0.60380686
0.58656176
0.08728046
-0.00057802
-0.18341075
-0.22088770
-0.24982633
0.36729495
-0.73975582
0.20270260
-0.01270068
0.10877276
-0.12998793
0.57215772
0.36295149
0.88497171
0.72673978
-1.29893074
-0.33131736
-0.43060399
0.29253066
-0.60666502
-1.10819823
0.18221905
0.30170443
-0.46200273
-0.31331712
-1.43378336
0.00852698
0.51316054
0.28303003
0.11644481
0.43474299
0.17992527
-0.05298977
-0.01848976
0.19393394
-0.86456189
-0.35664850
0.03314620
-0.74365453
-0.54940201
-0.79297614
-0.16081927
0.90141541
0.96597635
0.48971063
-0.23250554
0.09768555
-0.47145665
0.31171292
0.76701901
0.02607207
-1.25624300
0.07282921
-0.71632863
0.60870317
-0.10653350
0.19991882
-0.01968548
-0.65391897
-0.27251323
-0.25210746
0.03753557
0.14600353
-0.09565671
-0.69690727
1.12372461
0.20347420
0.31311697
-0.25529449
-0.34600787
-0.20570829
1.18583330
-0.33805633
-1.02078259
-1.37492898
-0.38106891
0.55793822
0.62310863
-0.23935905
-0.39442524
0.25090512
0.12213918
-0.11039688
0.34346325
0.02890162
0.65051249
-0.66440467
0.05470984
0.67698640
-0.33221007
-0.18947284
-0.67136815
0.40315406
-0.43068787
0.37691635
-0.38132895
1.15640045
0.79856826
1.27263265
0.85047768
-0.54053053
0.00696991
0.36852016
-1.01173461
-0.03639290
-0.63064456
-0.01635945
-0.35500623
0.28774292
-0.83234793
-0.07871649
-0.30824492
0.35354336
0.22556583
-1.68284642
-0.25458836
-0.38531516
-0.10565776
-0.27661963
-0.29077897
0.24418535
0.05816547
-0.36022660
-0.77909658
-0.13911774
0.05755981
-0.13955317
0.32655713
-0.12946164
-0.55703336
-0.12573358
-0.53548883
-0.07679519
0.08072983
-0.61862939
0.89742604
-0.53901738
-0.32179399
-0.31278851
0.03353200
-0.69986152
0.35743069
0.55695925
0.13561716
-0.51908364
-0.83040927
0.49297325
-0.07264304
-0.55990281
-0.41831827
-0.64462949
0.11872443
0.46003874
-0.14330908
0.89248817
-0.73851351
0.02316411
0.59911766
0.78604152
0.06672546
-0.58671112
0.24176911
0.47391954
0.53378905
0.03879282
0.70361033
0.06656715
0.00416632
-0.78454240
0.61700880
-0.93081560
-0.33913851
-0.14724768
0.24675453
0.02637561
-0.81517700
-0.57915208
-0.29763234
0.52931961
0.20257951
-0.15536011
-0.70019812
0.13883116
0.33873238
-0.07144503
0.25167357
-0.55887781
1.15904892
0.70907073
0.22911559
1.14340951
0.26506444
0.60924845
-0.64314783
0.04994441
-0.17137763
1.12923431
0.27012949
-0.72637514
-1.13778293
0.62391357
0.40192251
-0.13243101
0.52743767
-0.26974014
0.03678399
0.23700053
0.10720197
0.67238070
-0.17132725
-0.71710768
0.45029835
-0.82775815
0.18907554
0.80561921
-0.93622082
-0.13298500
-0.03307996
-0.05584436
0.30679744
-0.41571282
-0.27836150
-0.21479569
-0.19786835
-0.50750147
-0.63160421
-0.68790381
0.14977266
-0.61623661
-0.41195389
-0.17106340
-1.14520450
0.33793491
-0.21925941
-0.76778445
-0.02438945
-0.68979827
0.44114630
-0.45414702
-0.13428107
-0.52935459
-0.78870199
0.26056851
-0.60302433
-0.60805902
-0.02228537
0.46735020
0.50279888
-0.33452243
0.36549527
-0.49601759
0.93852425
-1.64035028
-1.24195745
-0.35192766
0.24567944
-0.14269846
0.12847317
-0.65419369
0.34919929
1.13941942
0.35044896
0.43627837
-0.09758835
-0.21311837
0.62435620
-0.75108247
-1.08442792
0.19207920
-0.55034641
0.16734189
-0.56340909
-0.57935432
-1.09323546
-0.13143622
0.28537090
0.21442909
0.16722619
-0.29039113
0.22217321
-0.39605502
0.34677790
0.76357525
0.65835756
-0.27970486
0.59389095
0.23207729
-0.54449354
-0.12469398
-0.50148561
0.46579155
-0.79949782
-0.37082580
0.02115553
-0.16128040
1.06558898
-0.43746570
-0.01848699
0.35982548
-0.42220941
-0.50680269
0.19842397
-0.29413451
0.80904561
0.73923101
-0.29781099
0.53369631
0.77830089
-0.25018150
-0.36133486
0.24995996
0.30550045
0.24275857
1.18365297
-0.75555522
-0.76853698
1.07970787
0.36587720
0.12688833
0.21847571
-0.47644172
-0.13528689
-0.13136162
-0.11010186
0.05026829
0.53213480
1.09835834
0.18255137
1.14382292
0.64626341
-0.07191701
-0.18669374
-0.29471253
0.85993097
-0.55437989
-0.71144164
-0.54810843
-0.02340754
1.95826621
-0.71531787
0.38089527
0.39862579
-0.69232262
-0.68356539
-0.23378393
-0.90062342
-0.72686681
-0.55841267
0.31503374
-1.39304799
-0.19196011
-0.62769770
-0.64782969
0.45744102
1.15558413
-0.24643476
-1.06068822
0.90689703
0.33446117
0.33274304
0.09642973
0.04389280
0.03761798
0.29533339
-0.14390301
-0.39766393
-0.51781224
0.46346413
-0.24403481
-1.05139702
-0.25486147
-0.11498393
-0.36928011
0.31179222
0.11558876
-0.07108146
-0.07343314
-0.07045423
-0.15787310
-0.99690763
-0.75687029
-0.05289643
-0.52983532
0.29630569
0.28446525
-0.86381826
0.69804486
