0.10203363
-0.41497945
-0.03525156
-0.82545671
0.18994646
0.32640739
-0.61306505
1.02532862
0.51598070
1.29067022
-0.87867252
-1.14698995
0.72091872
0.70579260
-0.08596469
-0.66657402
1.26644764
-0.78548094
-0.33614069
-0.62960526
-0.06270929
-0.10655803
1.04186485
-0.37550706
-0.66289229
0.37318434
0.00123246
-1.06519969
0.92584045
-0.28574366
0.07839902
-0.05140377
0.45666593
-0.00894933
0.11182880
-0.04043285
-1.07345877
1.14082290
-0.08330397
0.25710841
-0.71645585
0.82579294
-1.08102897
0.04707171
0.31242796
-0.81930378
-0.74475167
1.67542703
0.60150852
-0.34749413
-0.04952169
0.42938378
0.09725899
0.49057051
-0.62721992
0.10063444
0.61738446
0.70168079
-0.36113291
0.28005229
0.40980391
0.81563087
-0.32498524
1.09082900
-1.04754875
-0.59597053
-0.31821073
0.92681192
1.19801858
0.49979087
0.13759485
0.08718276
0.16180016
0.17702787
-0.18783535
0.42621378
0.30697419
-0.29399767
0.27737356
-0.58186230
0.08445786
0.37289853
0.53188623
0.98268386
-0.80683094
0.54249324
-1.35505830
-0.65976024
0.83977180
-1.46680192
-1.47934511
0.14850770
-0.52829952
-0.42764622
0.49544577
0.55618788
-0.38787644
-0.10645964
-1.07461211
-0.55974742
0.05418221
-0.87051547
1.06008399
-0.45450412
0.56949510
-0.63754097
-0.31318958
0.47971324
-0.93965910
-0.07694220
0.99743906
0.06138447
1.13529658
-0.60081430
0.01437790
1.21890967
-0.21407365
0.77997131
0.02692716
1.06803238
-0.76327833
0.25549287
-0.08896888
-0.99155803
-1.26609046
1.23133496
1.30709718
-0.12410578
0.48390577
-0.44637265
-0.48469050
1.78524247
-0.34129981
-0.72472872
-0.97575658
0.86967685
-0.01287278
1.51190928
0.15556277
-0.14468495
-0.05981377
0.22143671
-1.22481975
0.40992095
-0.04413598
1.04329726
-0.31669202
0.42788173
0.59576144
0.25021742
-0.85748412
0.36590096
0.49667297
0.11689578
-0.99881775
1.03722214
0.91493362
0.54508939
-0.63311221
0.09837415
-0.56111628
-0.57601423
-0.17768165
0.57200903
-0.81281042
-0.04782921
0.35240303
1.06038805
-0.49339891
-0.01541713
-0.29260411
0.50834934
0.46173715
-0.10244173
-0.64286845
1.34230403
-1.28576659
-0.01417738
-0.79366832
-1.18441999
-0.24423036
1.06425251
0.96175891
1.95694784
0.52846900
0.94839819
-0.55660460
0.13505388
-0.35254914
-0.32988963
-0.85412540
-0.88309057
0.00905443
0.29413663
-0.47773984
-0.63085703
-0.02570714
-0.50152695
0.49487749
0.95533829
1.16047776
0.46153572
0.42316332
-0.11508664
1.35117822
0.03215472
0.17884879
-1.03774151
-0.32282910
0.40274861
1.26234922
1.33840788
-1.81408423
0.09098426
-0.22077060
0.67006018
-0.04832166
-0.03227595
-0.43633407
-1.49879832
0.07745394
0.13028007
-1.16100605
-0.28655535
-0.25328447
-0.21055324
-0.24734542
0.22750529
-0.64731165
0.63866591
0.01567634
-0.63133440
0.11896650
0.93796939
0.30763318
-0.24071905
1.01919194
0.64198094
-0.51222581
0.26948341
0.38619193
-0.76850319
-0.00347923
-0.18565106
0.45266681
-0.71468011
-0.15764026
-0.34268867
0.42255098
0.17187661
0.08873247
-0.46436586
0.11155703
-0.36609185
0.04837008
-0.76511784
0.81550241
-0.01928749
0.36137766
0.00001745
1.09021640
-0.05910284
-0.48724803
0.44142146
0.27617645
0.17736153
1.48784675
0.62120704
-0.08914770
-0.04909526
-0.57902840
-0.57031104
-0.87844525
0.63261231
-1.70313167
1.48277201
0.27514990
-0.24750479
-0.21447259
-1.51270517
-0.84472739
-0.51458106
0.09526315
0.12755457
0.58228318
-0.47479843
1.26217571
1.13137797
-0.74714541
-0.91085075
0.52677519
0.06774542
-0.63240967
0.09239106
-0.81490095
0.39885380
0.86771352
0.57012496
1.06621698
0.16756447
1.62403892
-1.27987825
1.33849481
-0.98594939
-0.37170114
1.03194371
-1.07756449
1.14658826
0.09147722
0.75486962
1.26471259
1.15028915
0.12755570
1.39006778
-0.05607576
-0.51740121
1.36646968
-0.83119707
-0.79862401
-0.59359660
0.34108332
0.48351218
-0.08852009
-0.49122690
0.55632043
1.19515379
0.70644717
0.04571052
0.00308580
0.07307202
0.17161867
-0.97606558
0.46320801
-0.65749685
-0.05401945
0.75001243
0.53303199
-0.32561474
2.22743723
-0.53518608
-0.56762036
-0.51513102
-0.24691110
-0.37439065
-0.69217148
-1.92670844
0.61781714
-0.57015081
-0.57842487
0.03102852
-0.73130130
-0.33041494
0.67417902
-0.64608884
-0.31652630
0.74042441
0.09174760
0.30416821
0.58825099
-0.87040315
0.26917860
-0.79407614
-0.46341360
-1.06104465
1.98988741
0.13978128
-1.28863728
0.05991638
1.01584657
0.14929424
-0.17864021
-0.12042390
-1.15710904
0.58245227
-0.14011655
0.68135451
0.26361935
0.00390297
-0.30870300
-0.14459778
0.39359432
-0.07131124
0.92718816
0.34137453
-1.77018710
0.01828112
0.16219478
-1.18919876
0.29345021
-0.70715557
0.57860967
-0.10166288
-0.97218649
0.20708143
-0.66556947
-0.39987278
0.63902825
1.50961538
-0.21009345
-1.48570530
-2.15426288
-0.15832036
-0.58581091
0.03593815
-0.51086824
1.60296006
-0.03842427
0.10306754
-0.62893638
0.57024694
0.75651571
0.71934466
0.00196869
-0.60145181
-0.70996319
-0.37946044
1.42775266
-0.49230381
0.25624716
0.98058455
0.58887488
-0.08253426
-0.48617948
0.00248444
0.34103324
1.81544302
-0.96060958
0.26720049
-0.11206203
0.69244425
0.04414445
0.45747111
-0.29937641
-0.45964462
0.62155565
0.35747453
0.76195925
0.31437598
-0.00871026
1.51955911
-0.46641917
-0.32153582
-0.29568517
-0.26539119
0.48608364
0.54480387
0.13099964
-1.26582395
-0.05731099
-0.30737724
0.20661175
0.23807261
-1.49520385
-0.73228850
0.23659400
-1.17215504
-1.01741689
-0.31293507
-1.27961499
0.62736192
0.65533495
0.29347634
0.22218297
0.28924290
0.24603475
0.95126239
-0.00897493
0.57504105
-0.96632051
0.56139054
0.50939213
0.32347015
0.30683616
-0.11363285
0.84071734
0.92677499
-0.48452454
-0.44269381
-0.94984649
-0.15449187
-0.06017524
0.20757104
-1.31202054
-0.44744588
0.33849732
-1.80176871
-0.10712607
0.35589750
-0.91802290
-0.27829641
-0.90201257
0.31572792
-0.51306032
0.93324197
0.10446376
0.21528416
-0.13937694
-0.53080451
0.38562911
-0.77574724
0.33371079
0.57032909
-1.15290675
0.16811671
0.41042592
-0.88581052
-0.62807146
1.28393345
0.43090371
-0.11706365
-0.11485284
-0.66230503
0.68580043
-0.40262133
0.04939400
-0.53473734
-1.19920596
-0.40490561
-1.87616551
0.54208244
0.12340637
-0.71484869
0.02931729
0.64979957
0.05777231
-0.51837906
-0.54511760
-0.59685102
1.51131088
-0.32266481
-0.97419024
0.19045823
0.25085450
-0.83501279
-0.34773338
0.00157879
-0.65594239
0.77427094
0.40226939
1.25861547
-0.86431063
-0.06230483
0.11532745
0.21492616
0.94600819
-0.06782111
-0.01679090
-0.99453813
1.52084264
1.01563865
-0.06586574
-0.34710470
0.87709800
-0.10181351
-1.07257865
1.22807926
-1.53013511
-0.30168951
0.52789218
0.57603205
-0.28281240
-1.03804216
-0.15891704
0.02563074
0.01101386
-0.21657697
1.09543440
-0.11516940
-1.06644975
0.43910961
0.91910294
-0.84390854
0.00083566
0.67648439
0.09724336
-0.05902410
-0.13572431
0.49598849
-0.16559325
-0.73573874
0.30535123
0.42525133
-0.11531446
0.46900983
-1.28515585
0.08503897
1.47233787
0.71698266
-0.68115600
0.59225267
0.12235263
-0.31071908
0.26765840
-0.21858308
-0.83144876
0.04574081
0.80021314
0.17296684
-0.92196019
0.67827221
-1.58559535
0.29982187
-1.29732594
0.65902765
0.01548706
0.84222518
-0.41240357
1.07137696
1.06601856
0.87215038
-0.15581822
0.29685654
0.10455171
-0.57673701
-1.07180158
-0.54866061
-0.64358289
-0.68055086
0.23825459
-0.60799578
1.14263384
0.64099795
-1.45764648
0.91695906
0.89885028
-0.07696526
0.76200547
-0.54282312
-0.16253619
-0.71488919
0.97363032
0.05533262
-0.44126743
0.59180396
-0.12582931
-0.83471161
0.36211285
-0.10033244
-1.40637935
-0.43981802
1.80860091
1.24844847
-0.62287509
-1.30022148
-0.10033088
0.83110215
0.13692946
0.06335857
0.15310635
-0.23592788
-0.37821837
-0.61319648
0.32376206
0.37838464
0.82482443
-0.84952391
-0.94439029
0.29514807
0.51326670
0.61806186
-0.82185796
-0.23253482
-0.46586163
-0.72497486
0.44721092
-1.31179806
0.20535881
0.74341990
0.25305886
0.04754304
-1.56097599
0.18844569
0.36851243
0.41544018
0.85008037
-1.21255087
0.15846537
0.09737510
-0.36453888
-0.65423905
0.81335267
0.16664950
-0.02221088
-0.40235661
0.12911126
-0.02392156
0.82896482
-0.99777797
-0.32453565
0.11136025
0.28456151
-1.03375409
0.78429160
0.60659467
-0.16559825
-0.30461427
-0.84663785
-0.32526575
2.27062570
0.03984754
-0.21807744
-1.20194532
0.35957483
-0.24515289
1.13039585
0.28026325
-0.42596343
-1.10820691
0.47422509
-1.36508735
-0.07086264
0.66038255
-0.44577001
0.78121828
-1.34207903
-0.56141078
0.29052113
0.40161689
0.58793881
0.26714482
0.51328289
0.24119726
0.24904978
-0.31896203
-0.52133284
-1.70154359
-0.95105208
0.06994396
0.55345127
-0.60787764
0.23484905
0.06056707
0.30261060
-0.65550409
-1.12058858
-0.10466472
-0.48346935
-0.81009872
-0.24885693
-1.14307401
-0.07010478
-0.08511523
0.21802911
1.11775497
-0.56550609
-0.07487945
-1.17118109
0.63396416
1.17599083
-0.41472924
-0.87025256
-0.81479465
-0.66511626
-0.62654023
0.75726436
-0.45947430
0.42235638
0.64227442
1.22648428
-0.01894868
1.09095773
-0.82777063
0.18840089
0.90361260
0.56481754
-0.14780916
-0.88453559
-0.49192346
0.99909982
0.67347531
0.30970903
0.99585770
-0.63319684
0.70549070
0.03811737
0.06572743
-0.06516973
1.23035679
-0.05001999
-0.12856308
-0.10502309
-0.20590463
-0.15126816
-1.30490614
0.49445765
0.60803084
-0.91297624
1.00301917
-1.19103699
0.44613995
0.30652727
0.34300738
1.15801456
0.86674755
1.07419840
-2.05570132
-0.39689364
0.11246037
-0.18100883
-0.40608900
-1.12634319
-0.16682757
0.39632965
0.43914898
0.12897795
0.85017736
0.05001412
-1.37721373
0.10979903
0.44355004
0.10530769
1.61299149
1.28266321
-0.19756484
-1.49003509
0.38446120
-0.43975074
-0.44832525
-0.43646618
-0.33190978
0.58854377
-0.20504225
1.20089273
-0.26429002
-0.13396170
0.48067705
-1.31345055
1.26428036
-0.53447216
-1.20969644
-0.38277846
0.29743889
-1.01146596
0.52267871
0.91370513
0.68721927
-0.02029949
-0.34196511
0.24347025
0.24943348
-0.74826586
-0.23957146
-0.87818834
-0.87373427
-1.82665737
-0.18309952
0.17728624
0.36232660
-0.59020835
-0.47649044
-0.71447094
-1.25198423
-0.09733463
0.55010927
-0.12177317
-0.05089553
0.46307978
-0.27840868
-0.77891351
-0.17294760
0.47849682
-0.24097404
-1.92418521
-0.27423379
-0.32667626
-0.57640346
0.67552656
-1.08970217
1.31372310
-0.00909459
0.63039684
-0.83052090
1.06116483
0.24671769
0.05350945
-0.88718430
0.55303947
-1.21008096
-0.49550247
-0.55316272
-1.30418576
0.52929411
-0.51817312
-1.47910189
-0.37806426
-0.19288601
-0.65665186
-0.65912664
-0.23536101
0.08802312
0.70321980
-0.02924972
0.80302912
-0.28261452
-0.60159899
0.66995899
-0.49738528
0.44873719
0.43935984
0.08248978
-0.71125071
-0.58607876
0.58221379
-0.35299590
-0.61008373
-0.09545587
-0.31567186
0.07519145
-1.76502447
0.16494001
0.52676678
0.58609922
1.23540246
0.81053110
-0.31831694
0.31554965
-0.29247471
-0.11218884
1.24857540
0.10202841
0.45547037
-1.64245968
-0.39973847
0.22644430
0.51810150
0.40918107
0.10085508
1.32502509
-0.79719488
-0.80792314
0.31951667
1.07209852
-0.52912815
0.56997592
-0.60713160
-0.16513682
-0.14473720
-1.02378849
-1.52159781
-0.08749847
0.09400028
0.70235975
-0.68092940
-1.11593412
0.16525130
-0.23448653
0.00228107
0.24285677
-0.63633839
0.25126321
0.21439506
0.05247886
-1.36758851
-0.79935526
-1.20133943
0.27513055
0.04297643
0.97278423
0.33550080
-0.67843461
-0.56758671
-0.04203378
0.37446438
0.10910046
0.50137279
0.02721505
0.19396590
-0.01934053
1.19303434
0.52516408
-0.61133774
-0.10413548
0.67240386
-0.30211158
-0.20825388
0.83993478
0.29831040
-1.05883796
0.23949988
0.33427770
-0.02049293
0.15185811
-0.59251993
0.55346222
-0.39398641
-0.49248974
-0.19336208
-0.62517994
-0.46323677
-0.45271087
0.75088173
-0.09276921
0.54662595
1.36062419
-0.13175636
-0.82419024
-0.17947703
-0.38231700
1.08212515
0.08861153
-0.22924617
-0.88018863
0.65293701
-0.28340426
-0.32141250
-0.05237660
-2.02173811
-2.26949222
0.07343808
0.57402369
-0.31292109
-0.85902556
0.16568791
-1.34882160
-0.02826763
-0.09532670
-0.70373611
-2.01200279
-0.47580201
-0.02509444
-1.40445679
-0.81680627
0.17945469
-0.31155492
0.04701933
-1.01281958
0.08380968
0.48351252
0.46368287
-1.07486022
0.16512781
0.54981483
1.44644084
1.19108901
0.31211045
1.06880201
0.39119904
0.58456373
1.69609705
0.14213228
1.02657703
0.81209634
1.45305816
-0.14445636
1.08257755
0.96304789
0.10000439
0.82088180
0.01625350
0.80012140
-0.52773094
-0.30315859
1.25049173
-0.14660896
0.51302413
-0.60652253
-0.11004442
-0.67403627
-0.79712035
-0.72433370
-0.49554364
-0.63503975
-1.12653240
-0.63770740
1.09557395
0.22157892
-0.77498006
0.60664585
-0.87970229
-0.08582018
0.65693941
1.18297932
-0.48465130
-0.44009920
0.61726287
-0.12317300
1.08094189
0.17673413
-0.87565737
-0.48633190
-0.72793016
1.91845475
1.47230695
-0.06972512
-0.23994072
-0.53541200
0.40086106
-0.13027979
-0.53187431
-0.88429710
0.46619900
-0.34804039
-0.89565174
-0.30861977
1.14967326
1.22851774
-0.42644051
0.02175108
0.18392178
0.63765449
0.82514288
0.75808639
0.36828252
0.15320480
-0.18863099
-0.27478248
-0.18220711
-0.23598823
-0.52183680
-0.62850055
-0.81645025
-1.20570345
-0.25277302
-0.21011754
0.55326488
-0.64701454
-0.36355659
0.57775386
0.97795948
1.17620796
-0.52656477
0.01937716
-0.06344980
-0.51696021
0.77995557
-0.11687368
-0.44200925
-0.64092988
-0.66143693
0.71044049
0.69786095
0.17796876
-1.69144004
0.33918858
0.38458403
-0.72594196
-0.92203700
-0.43474878
-0.25632037
0.79585822
0.48952874
-0.73644711
-0.21650789
-0.90550685
-0.82869089
0.27931050
-0.29266674
-0.31746235
-0.07516342
-0.53205114
-0.11723979
0.23569741
0.50868114
-0.21822977
0.38680554
0.58029400
0.38628581
0.39581553
-1.17537443
-0.14189413
0.97849796
-0.53056880
-0.35654298
-0.23967003
0.22524289
1.06752381
0.50791650
-0.52956892
0.78482157
0.50525538
0.01197504
-0.00941750
-1.51703358
0.53464704
-1.28423218
0.36041068
-0.99802218
-1.26493039
0.79976764
0.54072193
0.95876241
-0.85375945
-0.42062166
-0.78337293
0.60436628
-0.09481716
0.37101974
-0.74399892
0.10891693
-0.34739744
-0.20932351
1.02218796
0.19417692
1.25642865
0.63093113
-0.07260803
-0.90243031
0.19896248
0.81260007
0.66342090
0.71166144
0.56039206
0.09375679
0.65464445
-0.67608001
-0.87519913
0.58151526
-0.39551740
-0.50416249
0.15762444
-0.30010120
-0.67561782
0.14880709
0.99004140
0.45799609
0.77761372
-1.23949519
0.29404780
1.05856340
-0.23133435
-1.00444161
-0.28200926
-0.57215632
0.73027936
0.71464482
1.09240379
0.19121628
-0.41631731
0.25245434
-0.34804808
0.25426615
0.19552629
1.07112965
-0.27234267
2.33097612
0.08382609
0.50120053
-1.11013708
-1.07959812
-0.99700005
-0.51596838
0.63838454
-0.23906056
0.77549383
-1.04460932
-0.27344647
0.53911796
-0.05118750
-0.36025919
-1.12182990
0.55809672
-0.53400942
-0.36472216
0.07248732
-1.11897649
-0.14922766
-0.09698763
0.23651220
-0.64189651
0.80883724
0.47091197
-0.20870002
0.44387785
0.49060973
-0.09127491
0.45312405
0.31612861
0.70293313
0.93205110
-0.32990656
0.76038657
0.15095022
0.36265722
-0.17137903
1.07847512
0.72431194
-1.66230359
0.48210634
1.50738363
0.97461967
1.36739104
0.23785692
0.21909542
-0.65635903
0.13649247
1.23022171
-0.12916365
-1.36529737
-0.66584444
0.60439528
0.77047055
-0.36852671
0.37918535
0.66898656
0.83507546
-0.25791496
0.88262080
-1.05724094
-0.76325300
-0.49248322
0.56074640
0.00748806
0.12090052
-0.26866247
0.82733969
0.00855993
0.53682100
-0.18066358
0.53528579
-0.76532211
-0.16116444
0.30434727
-0.02774966
1.28122090
-0.57485643
-0.39241720
-0.83529229
0.16996803
0.47039214
-0.54435947
0.17786780
0.61678628
-0.34582418
-0.31759867
-0.92751781
-1.05416977
-0.13333296
-0.58778676
0.40964703
1.36516868
1.64036109
-0.23734112
0.82617465
-0.31037893
0.46996760
-0.13343948
0.55951678
0.03409980
-0.37137141
-1.09446666
-0.76154147
0.43087000
1.22529607
-0.34005291
-0.23142560
0.63370928
1.93974537
1.37156808
-1.20027929
0.28051318
0.27445713
0.58330259
-0.27638222
-0.66430147
0.30135444
0.01331490
1.29496989
0.37232917
-0.03176771
0.16116259
0.33756098
-1.13814430
0.96745311
-1.17710179
-0.71201010
-0.14014940
-0.70710169
1.29469229
-1.55232605
0.36667357
0.43525133
-0.23926749
0.82489446
-0.20909230
0.25823017
-0.80755191
-0.54402383
-0.76983297
0.07634392
-0.23681216
0.37563740
0.16784994
0.34017572
0.00724913
0.18171147
-1.04105511
0.12690159
1.92560861
1.00895867
-0.77609898
0.84249261
-0.16849137
-1.16520664
-1.18869089
0.06820627
0.28154278
0.64194212
0.61911091
0.18824851
0.93066602
-0.54939107
0.33867901
0.27010911
0.13222176
-0.30540062
0.07286321
-0.33302575
0.10126463
0.30219602
-0.42381479
0.85683798
0.08384905
0.20281878
-1.73176652
1.12215459
0.99378594
-1.65353336
-1.18241342
1.37239257
-0.10139171
-0.19690075
0.49748504
0.95886859
-0.10683733
-0.71962294
0.10605311
-0.69487741
-1.46758353
-0.19851036
-0.89323114
1.61922557
-0.43810405
0.05958594
-0.05703090
0.06851476
0.69514724
-1.53291755
-0.12905741
0.09939786
0.79240611
-0.04223950
-0.77986652
0.32884771
0.51796076
-0.69122464
0.10227223
-0.31828546
-0.84216678
0.89986879
2.15945619
0.86536739
-0.58793699
0.68206691
-1.65957697
1.48472589
0.88514696
0.04619857
0.65281300
-0.23164754
0.64441731
0.22040416
0.56561129
-0.04651627
1.03066154
-1.54723301
0.45898251
-0.38334637
-1.31864234
-0.40300629
-0.43401689
-0.20657114
0.21350385
0.41883160
-0.33906945
-0.38228726
-0.82011640
-0.21693407
-0.81670257
0.35062603
-0.18849489
0.50911886
-0.35896498
-0.54504693
-1.52002698
-0.69940309
0.20250079
-0.43238352
-1.83361650
0.67780473
-1.15738689
-1.64339033
1.40396901
0.20427161
0.98779585
0.42192218
-0.46338296
-0.14417093
0.33557200
-0.51995896
0.72998304
1.20102383
0.63285412
0.09631461
0.88463312
0.24345892
0.10907435
0.02265240
-0.64138867
0.41349181
0.77101536
-0.53456449
0.06338330
-0.90393672
0.06008056
-0.54342048
0.71203721
0.01455156
0.00268808
-0.10598324
-1.46380492
-0.58921608
-0.73277426
0.39119994
-0.58086325
0.95259529
0.53907012
0.29857257
0.06957623
0.22047686
0.99982656
0.13952949
0.69844944
0.40635608
-0.54395886
1.49190442
-0.51205523
0.02293011
-0.70716495
0.40315315
-1.28084228
-0.23477229
-0.20484117
-0.10777763
0.07260683
-0.95308543
-1.11995540
-0.50045318
1.08932114
-0.27190380
-0.38293545
-0.39538468
0.90724215
0.52801099
0.10031974
-0.02915038
0.17944896
0.20654222
0.95769981
-0.56871454
-0.19753673
-0.97789606
-0.23966188
-0.04395598
-0.75715829
-0.13775739
0.92343240
-0.93315183
-0.00731611
-0.34781728
-0.34571813
-0.77090400
0.85267722
-0.96372735
0.41772111
0.23532462
-0.33793724
-0.38396265
-0.79086321
-0.18577395
-0.57443931
-0.29489451
-0.06919379
-0.33705975
-1.08157938
2.04488642
-0.25454268
-0.38479114
0.24298977
0.22552136
-0.39685220
-0.75062509
-0.62135685
-0.22025599
-0.10289844
-1.53665538
-0.04643928
0.25424670
0.62686042
0.42782625
-0.24782324
0.72642678
1.15164417
0.19191953
-0.78568567
-0.20622754
0.44096379
0.22456126
-0.46055048
-0.33796576
0.06859783
1.35428023
-1.38916006
-0.43212906
0.31504256
-0.07558392
0.57899261
1.85012935
-0.94933927
-0.91044444
0.69665164
0.33276805
0.65355877
0.02584978
-1.05711220
0.15022086
0.60640954
-0.69520389
0.45372262
-0.41544020
0.58021482
-0.59180596
-0.52752237
0.49640747
0.16444077
0.33178428
-0.23756183
0.25996035
-0.57927196
-0.24477343
-0.17533492
0.81180575
-0.26020265
-1.24930225
-0.32345068
-0.34763580
0.00410434
-0.44403301
-1.11654120
0.06546102
0.07308825
-0.60538511
0.22395648
-0.76820339
-0.59397890
0.56235270
-1.35684709
0.44905930
0.68087339
-0.15557259
-0.27219433
-0.95917329
0.09797589
0.07256254
-0.05151423
-0.23815329
-0.71930161
0.84066672
-0.27949024
0.74363656
0.12267944
0.20898323
-0.05892910
0.52138035
0.59158578
-0.45239893
0.13513261
-0.56956330
0.26075625
-0.28254640
0.20690772
-0.02782357
0.25965178
-0.90743901
-0.24520269
0.58014712
0.34837596
-0.13448047
-0.73806372
0.39143869
1.12609403
0.50014304
0.17454412
-0.32490407
0.27153171
-1.16070361
0.11330739
0.17967111
-1.41390498
0.65521727
0.45373666
0.58028300
1.80154658
-0.31780761
0.64090240
-1.04942962
-0.93377725
0.89116036
0.30826233
0.62550265
0.52567560
0.28740109
0.23566540
1.09785109
-0.49786804
-0.09875919
0.47857311
1.08098369
-0.69520161
-0.63802865
0.26631535
0.62989959
0.67271678
1.80296005
-0.09548760
0.86631319
-0.41873849
-0.24237886
-1.85978250
-0.72355778
-0.12912925
1.54466307
0.17224309
0.26976423
-0.02206421
-0.20873258
-0.45216607
-1.94171207
-0.62676728
-0.90608408
-0.27178003
-0.07108052
-0.67030458
-0.32457652
-0.70780845
0.58857834
0.82232801
-1.98529161
-0.23991919
0.25715252
-0.40187516
0.91053457
-0.14739770
-0.00334562
-0.59507743
-0.64556119
-0.94212864
-0.80365714
0.28003394
0.39829994
1.53067233
2.12276048
0.14291019
-0.18540785
-1.03066433
-0.67081589
-0.39967388
0.34637313
0.75808584
-0.56195894
0.12974788
0.41604583
0.66239037
0.14672021
0.53576235
0.79232492
-0.04366090
1.47375735
-1.38823975
0.70122512
0.58255435
-1.09400548
-0.15628093
-0.25636531
0.79223373
0.65238604
0.05680592
0.50315000
0.13212675
-1.01745627
1.01376292
-0.73891584
-0.37075657
0.25837504
-0.36987102
-0.70988541
-0.99076873
1.17819628
1.40050926
1.48965475
0.32658287
-1.16353531
0.90332064
0.81692325
0.37793065
0.25469825
-0.53939904
-0.11344717
0.22632650
-0.22195281
-0.29010855
0.28333847
0.99953873
-1.24579360
1.25603871
0.51627153
0.84859876
-0.63685487
0.47085424
-0.63963314
-1.16385839
-0.13054264
-0.12850926
-0.39104093
-0.58033334
0.62145293
0.12323709
0.10071043
-1.92916604
0.59678135
-1.26862271
-0.40290336
0.20179485
0.68943547
-0.47315668
-0.69874707
-0.20956189
-1.02762492
1.40094360
-1.00047718
0.00343575
0.69178601
-0.22119000
0.39769575
-0.46370256
-0.16921522
-0.32990649
-1.27494945
0.66359712
0.82657773
0.24933105
-0.36719798
-0.29532259
1.15137682
0.42387254
-0.30356835
-1.54880328
1.26337062
0.32296663
-0.45033650
0.24912090
0.47454448
-0.96393665
-0.19562065
-1.18616353
0.54701658
-0.90905678
-0.18215628
-0.35275715
-0.02317927
-1.01807305
-0.58061006
-0.64455909
0.22402783
-0.56380846
0.62753260
-1.09893455
0.97589136
0.17532239
-0.13319725
-0.15797446
0.20534817
-0.41875088
1.40413613
-0.15647295
-1.46812545
-0.88032899
-0.86610452
0.16807717
-0.59548285
-0.98834591
-1.24918435
-0.67169469
0.45400911
-0.94360649
0.92717467
-0.36103917
0.25619616
-0.54907177
-0.65417725
0.95010851
0.26415089
0.12169159
-0.67338039
-0.17886748
-0.41891900
1.10319559
-0.31927617
-0.84635024
0.02985838
0.61207668
-0.81489393
0.84348590
1.36453504
0.15007084
-0.12030589
1.29735354
0.46635030
-1.11945004
1.94092889
-0.51443690
-0.30892751
0.17635212
-0.52481898
0.69433158
-0.42757498
0.48366336
0.61156438
0.00405182
-0.83439050
0.51494506
0.59497680
0.94554237
-1.11888424
0.23765456
-1.38037604
0.40175664
-0.47715099
-1.19389296
0.54079765
-0.75801681
0.47740881
0.58882893
-0.99501054
-0.02365368
-0.16247221
-0.50333983
-0.89570676
-0.02070817
-0.16164403
-0.40797855
1.01102163
-0.46293678
-0.53653029
-0.16893687
0.56079556
-0.37836164
1.37908268
-0.09880381
-0.15188582
0.57116549
-0.19733782
0.39852793
-0.10279634
0.37974986
-0.47265296
0.56231803
0.34646730
0.86282742
-0.02170612
0.93595786
0.33573729
-0.19335469
-1.37553189
0.08496157
0.48388177
-0.51506659
0.96426018
0.11249147
-0.47401426
-0.73631175
0.74400925
0.83421910
-0.83932556
-0.05878455
-0.52988548
0.05380883
0.65817991
-0.03144626
-0.25710567
0.29839742
0.11386122
-0.50416787
0.45217457
-0.66760838
-0.22834374
-0.87750880
-0.00038887
-0.69788816
-1.76659927
-0.41852357
-0.57076728
