3.22327331
0.36435926
-0.18846764
2.72355514
-0.65891030
-3.15048689
0.36602249
-0.33540187
1.06545610
-2.76571623
-0.91118949
1.43532357
0.13250647
0.12241629
0.13910251
-0.41520789
2.05599126
1.85169526
-1.83227792
0.18280937
-2.52887726
0.37370091
1.49071418
-1.10112456
1.10747264
-0.36121902
1.09421655
0.91992518
-0.54371005
-1.43543682
1.75201450
0.96225389
-0.73265692
-1.08695320
0.64813469
0.43561826
2.69387235
1.28179261
0.39693802
-0.37491977
0.11442949
0.15744645
2.87628641
-3.28621145
1.26709166
-2.36286912
1.80265244
-1.20528960
-1.33344099
1.49812810
-0.00677915
-0.54524300
0.20803648
-1.05429553
-0.58412611
1.67017791
2.11156995
0.12969978
0.83211044
-0.75451137
0.55782488
1.84600845
-2.82367723
0.83034018
-0.91552156
1.43403360
-1.04866519
-0.77616641
-0.49536720
0.82429271
-0.50297677
-1.77975861
2.13654877
1.75459167
1.59993556
1.10920437
-0.43443446
-2.05304983
-2.27897004
-0.98984592
-0.41617715
-1.00411335
-3.82183244
-2.30982341
-0.06314830
0.96179591
-0.93429368
-3.40603127
0.19527116
-2.79820184
1.48643426
1.74100433
0.59774222
1.00021938
-1.59801131
0.96439153
-0.56506563
1.03356128
-0.56392190
-0.89276942
-1.99541007
2.66290902
1.17952819
1.63989128
-1.11622160
0.12018688
-1.18047383
-0.34586277
1.34805422
0.25035390
-1.60817545
0.68948974
0.45238558
0.71866686
0.78468933
0.00316746
3.36759121
0.80899933
-1.10746198
0.11255185
-0.66081658
1.34209237
-2.65652018
0.18826721
-0.21966541
2.55400934
0.26014908
-0.35523288
-0.83176475
-0.19062663
2.50824493
-1.73640134
1.93770364
-0.71740803
0.24489402
-0.25461594
-2.72342440
-0.33058542
0.88235889
0.23194447
-0.71245410
-0.03511747
0.70296965
0.91154222
-0.17337259
-3.88633015
-0.38367870
0.60466425
-0.19855401
-2.16259014
0.35565512
-1.28836271
1.40014186
-0.13267137
1.16985228
0.74016165
-0.30057849
-1.09913937
2.15225447
1.03423087
-0.95380357
-0.55171941
-1.62086660
0.88284205
0.52337508
-0.12999565
1.14656694
-1.00036586
-1.71777089
-2.03593934
-0.19639631
-1.45614309
-2.86841501
-0.40207503
1.25421516
0.24380134
-1.15657709
0.29119899
-2.23590568
0.78897223
-1.43198344
2.02718044
0.17941877
-0.51544634
-0.76624980
-1.58749743
1.06006502
-0.76570874
0.02486184
-0.02615278
-0.74838194
0.19854661
0.07611851
1.34011419
1.22782749
0.32684923
-0.18972499
-0.49215105
-2.32886414
0.99640469
1.51061959
-2.93807116
-3.91562839
-1.08962916
2.57931370
1.61026648
1.52369808
-1.07075505
-0.87853046
2.47722378
0.56961625
0.93059753
0.95454185
-0.35484314
0.89948285
0.05396012
0.03954960
1.52791129
0.18940001
1.26583021
-2.11846301
-1.45359950
-2.78215938
0.66261096
0.67762773
-1.20601775
-0.36672540
1.78415837
-1.08178893
0.93963347
0.57115306
-0.48585090
2.34815679
-3.54894728
-1.53463556
2.11852065
-0.04855140
-0.65107545
2.22321198
0.42227156
2.04962491
0.20649779
0.03990790
-0.78346535
2.08047868
0.01798133
-0.35605895
-0.16319877
0.27881603
2.74763753
0.41533329
-0.10630761
0.96003302
-0.17620126
0.29612697
0.74734856
-0.37930154
-1.85020957
0.69272227
-0.39712148
1.45650614
-2.27992575
-1.67994530
0.99403812
-1.05285815
0.99276388
0.23132787
-1.60186696
-0.34711494
1.59573752
-0.38507804
-0.71046893
1.29536328
-0.51217506
-0.84600578
1.54551337
-1.53252370
-1.01060239
-1.09920653
1.51129808
-0.61380656
1.03769819
-1.96948150
-1.23970481
-0.32071979
3.54328734
1.22282633
1.61446251
-1.38147712
-1.89814369
0.93604999
0.35254347
0.76295223
0.54628106
3.89074839
-0.84029800
1.37475122
2.53501030
2.01685065
-1.12379156
-1.49184658
-1.11669193
0.17298656
-0.59314155
-0.29903858
1.57152100
2.03857259
0.25635874
-0.21420725
-1.84056818
2.02070563
-0.41729707
3.03455142
0.02132412
-0.75954290
0.92879360
0.23579257
1.94670923
-1.40251742
1.25874069
0.51699229
-0.60924150
1.73086539
2.79379743
2.18258001
-0.73806406
1.04461349
0.45270557
-1.17893303
1.21703552
-1.55080525
1.33654144
0.26382018
1.95503611
-0.59747166
-1.89720685
0.11371794
-0.92722930
-1.27721066
0.92056534
-2.33963706
1.08375970
2.93380001
1.62159564
2.25484727
2.52188058
-0.84960065
1.26889454
0.12179932
-0.00283421
1.98982592
1.33723437
-0.96908285
-1.02364008
-0.51459471
0.68491411
1.59326767
-3.36521968
-0.65578876
0.56865581
2.52364230
0.92426709
2.32496304
-1.91188373
-0.42494911
1.21515841
0.50259808
1.40127687
1.40246445
-2.59917205
0.15748293
1.24051159
1.83300429
0.17585853
0.56243880
1.38537411
-0.55978524
-1.73521169
0.41600691
1.32439370
-1.60753458
-1.33279513
1.99051978
0.64504395
-0.32436578
0.25049016
-0.76344624
-2.22026793
0.93701198
0.58367703
-1.99632923
-0.30963051
1.10735289
0.44531691
0.39047854
1.21135879
-2.96053608
-0.33489598
1.40725392
-0.33575773
0.66686665
0.23376521
0.33592725
-0.65551053
-0.38279327
0.35498045
1.11553650
-1.87713634
1.75036494
0.81224863
-0.06004295
0.16133060
1.79412777
-1.50589380
2.83778072
0.08666897
1.04365560
0.98204025
-1.28144271
1.04590531
1.89769133
0.00972780
-0.12928641
-0.40038730
-2.59206941
2.30225367
-1.68382631
1.33302987
-0.78296337
-0.93813307
1.08732288
1.10952561
-0.37143950
1.85113066
-1.95781236
-1.38772046
-0.07270467
1.34736901
-0.72563044
-2.49177100
1.63792124
-0.11733753
0.97732894
-2.24802091
0.39770184
-0.69502365
1.61362357
-2.19946505
-1.19388154
-0.38525449
-0.78524945
-0.59809966
-1.12113515
0.86823735
0.47388610
-0.54199344
-0.37194470
0.87130204
-0.36898918
0.28681944
-1.22985371
-2.27610846
-0.13377253
-0.37355868
-0.02787300
-1.66298035
-1.51393662
-0.78025133
1.05231817
-0.61053354
-0.36092077
-1.07590500
0.08850316
-0.33790905
-0.13569342
-0.67018299
-1.21148043
-1.42611813
0.21989901
2.22415854
0.41552782
1.80573492
-1.16161787
-2.35170272
-1.30177135
1.15442128
0.04870920
1.83469224
-0.32742891
0.45651986
1.38794331
-1.49841448
1.70031450
-0.00846555
0.89987100
1.72950738
-1.77432173
0.40441591
0.90891909
-1.58198792
-0.78778910
-1.38720855
-2.62226596
1.07468539
2.14268814
1.70804226
-0.38211865
-0.04926144
1.14597336
-2.13802852
2.67349664
2.80512317
3.66419001
0.72123397
1.47194000
-0.98491143
-0.29985342
-0.80005251
-0.10853537
2.17150819
-1.09390367
0.31222108
-1.60401597
0.60410585
1.07618914
-0.64843556
1.27147314
-1.11874999
-2.29541311
0.77276789
0.41071327
1.40207323
0.49216949
0.26315928
-1.12813114
-0.27207090
0.07570677
-1.78927483
0.01978947
3.49040309
0.14117807
2.39011103
1.04167607
-0.51587634
0.00626548
-1.20572149
-0.33267804
0.36980325
0.43861172
-0.14958377
-0.41281952
0.86920215
1.51916037
0.56002177
2.58309839
1.61087121
1.35971675
-1.42594405
-1.52743815
0.35797710
-1.15644813
-1.30863882
1.46955486
1.80527738
0.74358189
-0.73320380
0.70469608
0.31313872
-0.88291389
-0.35710663
0.58496396
-2.19682345
0.74444133
0.75009166
-0.23974633
-1.10624111
1.37362333
-1.77394104
0.91727228
2.25001311
-0.74680607
1.25273448
0.55565574
-1.42501774
1.88276083
3.65810285
-1.75752163
1.02652708
-0.19051703
1.61787465
-0.41834259
1.15043397
0.03031334
0.41251880
-0.24247384
-0.33443609
-1.57259761
0.57164175
0.67140563
-0.00108826
-1.77688386
-0.74580634
1.14161869
-0.06891535
-2.06532766
-0.50045727
1.30402264
-0.45460882
0.20891500
-0.28244596
0.16391856
-2.38924885
-0.24325421
0.98164304
-2.26314777
-1.54432037
-0.03713344
0.18925978
-2.10154789
-0.11821846
-0.47137337
-0.04170258
0.33513590
-1.18034814
1.76779644
-0.58216035
-1.67335190
0.12149392
-0.55318337
-0.22598100
-0.46052501
0.08866460
1.32438416
0.52769098
-1.10262844
-1.96349395
1.26424490
-1.43257867
0.26687541
-1.53612920
0.39288945
1.95362682
-1.49237780
-1.24779103
0.36548473
1.14500692
-0.94201396
-1.21793220
-0.04318929
-1.58392901
-1.48932431
-0.43947098
0.24432389
0.43892902
0.94583659
-2.45134026
1.33610570
-1.03615391
0.73127649
-3.43277134
2.81421463
-1.29741454
0.64900282
0.13027033
-0.97835476
-2.35933370
0.58857882
0.01582129
-0.93337062
-0.22232693
-0.41041173
0.05750466
0.68134472
0.97681985
0.80851922
0.11697883
-1.85173658
-0.03598981
-0.42884301
-0.32971518
1.62475197
2.42508924
-1.34336160
0.40196537
0.15788213
1.23217847
1.47903079
2.07575604
0.71747084
2.20490656
-3.30113541
2.62919126
2.63662689
1.81330594
0.54604450
2.38684854
2.68711993
2.20740721
1.16614018
1.72702879
-4.27287054
0.84002467
-0.95167470
0.36456191
-1.87135769
-0.93513808
-2.54510931
-1.28171319
1.06909149
-0.22229849
1.20542587
0.86829555
-0.13898324
1.69920028
0.73119378
1.57092705
4.71056318
2.45974446
2.16664675
0.21533086
1.76921709
-0.96985213
-0.93256285
2.27001229
-0.98870541
-0.79541158
-0.04179912
0.47763564
-0.72768062
2.71153566
-0.08359307
0.05768718
-1.37735001
-1.96331684
0.16609249
1.92382161
-1.50181509
-1.31318461
-0.81179201
0.34585269
0.17230166
-1.72133526
-1.97880935
-0.17341859
0.66849522
1.61111527
0.18037047
-0.94873414
-2.06165278
-1.66657669
-1.04329238
-0.04856147
-2.04093926
1.13407806
-0.98405380
0.51338956
-0.24798577
0.17995652
0.95296667
0.59494625
-2.51129350
2.31908272
1.95990836
-0.62654571
-1.00094455
2.06408495
0.60493421
0.62757161
0.24402258
0.63128986
1.45988358
-1.16972805
-0.70798236
-1.08857122
0.80441349
-1.24189439
-0.36891331
1.09543429
0.11740981
-1.23158470
-0.66892562
-0.85611482
0.11448384
-0.73217456
-2.17576071
0.61232803
-0.56475136
0.18897260
0.30150072
-1.02327173
-1.75442303
-4.48494823
0.22776179
0.12837935
-1.39621069
-0.46757503
-0.81222154
1.36735468
1.38070450
1.33990703
1.06918531
2.89237148
-0.23134189
0.69523766
-0.30454388
-0.72450543
1.08570853
0.93650873
1.75985678
2.82020539
-0.41887943
1.21044528
0.75696920
-2.45065515
-3.29730300
2.37395688
0.68149109
0.68060289
2.08476423
1.02121338
-0.81606428
0.27205702
-0.48406766
0.29628536
-0.81836438
-2.70572860
1.31613134
-0.41714339
0.14285629
1.37844849
0.39595565
-0.30461096
1.12858930
0.05648506
0.57360621
0.90848832
1.33903010
0.26173886
-0.73591570
-0.12675304
-0.10712898
2.04604062
-0.51850649
0.07902249
-0.46439530
-1.54006020
-2.01398987
-0.95486654
-1.59299309
-1.47424528
-1.75728325
0.36574869
-2.54177677
-2.89065121
-0.19189703
-0.92928034
-1.01696323
-0.67785864
-0.67261361
-0.82692549
0.28630587
1.11964794
0.12254661
1.66231510
2.26482107
0.62260275
-1.76495863
0.27056301
0.45300434
2.00035498
1.48564781
2.60099180
0.76311573
4.11747781
2.15436873
1.73997228
2.12039144
2.92312926
0.70706978
2.26865032
-1.52764790
1.01929525
1.99529094
-1.47178831
0.92088818
-0.92477910
0.87172697
-0.25466182
0.59786139
-2.32974143
2.19271371
-1.26500809
0.94319651
-1.66689257
-1.60988365
-5.25439631
0.03238234
-0.66145179
-0.02332289
-1.15091031
-1.24766763
-0.91564443
-2.66835934
-2.69021623
0.61416560
0.84123395
-1.71847997
-0.20882298
-1.91988823
-1.64700469
-0.60081652
-1.32530566
-1.14516901
-0.53919103
1.28718254
-0.48968139
0.86350018
0.40071182
2.06351865
-0.19206797
-1.18436522
-0.71592959
-0.03089592
1.43102009
0.88247230
-0.52309288
0.13471333
0.08389594
-0.96617695
3.26344545
2.27947422
-0.76924571
-0.86940140
-0.13916524
1.42708991
-0.11354815
0.62313932
-1.53653156
-1.88010997
-0.66044513
0.80040444
-0.43818182
1.35988792
1.31354505
-0.20323467
0.10166083
2.24512330
-0.02125682
2.25622270
0.75609719
0.09752483
-0.78649470
-0.71355826
-0.72413677
0.93463581
-0.51086996
0.09142268
-3.00495797
0.67490943
1.53803698
-1.08718185
0.84587723
-2.58801913
-1.14059361
1.48168722
1.83433005
-1.58482690
3.71365568
-1.18761356
-0.79118324
-1.07702042
0.79469588
0.31804239
0.54461179
-0.21510022
-2.98877989
1.12060696
-0.97222425
1.78096037
-0.99674711
1.44593596
0.72989542
1.21796894
-1.80731864
-2.36938209
-2.29119917
2.96421623
0.48471057
0.86097898
0.14319045
1.57579534
1.04208508
-1.16594918
0.49291789
1.55531539
-2.05573796
-0.18871969
0.78625884
1.44072905
-1.46714476
0.22583462
0.11113606
-0.95596465
-1.97631591
-0.94955920
-0.03002249
3.63887933
-0.04334308
-0.01842152
-0.67302968
-0.64090587
0.02874888
1.03358276
-3.09762529
1.03527728
1.23228516
-0.03949363
-0.37692308
0.49862552
-0.12770576
-0.84867363
1.78839264
-2.91119762
-0.57665949
0.93109983
-1.78074543
-0.20786876
-0.48180825
0.14734337
0.01232333
-1.61985800
-1.57176302
-0.90316947
0.84822962
1.82849622
0.41757745
-0.95454190
-1.57587609
0.13097222
-1.05791779
2.73894262
1.24994614
3.48799267
1.02285622
-2.09210718
-1.55415510
1.49351065
0.81637558
0.76668826
1.57548861
0.47151557
1.97632774
-0.05586903
-1.21774343
0.64689675
-2.63416930
-0.70579975
-0.64942418
-0.92953957
0.04320189
0.98935872
-1.42677743
1.62393660
0.08883263
-1.32672648
0.45196662
-0.53881076
0.07912967
-0.04935215
1.67581092
-0.85312140
-1.04699344
-0.66179331
-0.10255689
-1.35450153
1.74403011
1.57727551
2.25530832
-0.91531840
-0.64253632
1.83589722
-1.57020667
0.02976739
0.22826289
0.65617728
2.04340763
-2.08130046
-0.31940874
0.08106080
2.28055055
-0.31773156
0.17898531
-0.21796216
0.58920195
-0.52524140
-0.96336845
-1.52059488
2.62538550
0.78818010
0.14237118
-0.61500899
0.29019147
0.90093718
-0.17824016
-1.24822880
0.05277517
-3.11269960
-2.95964782
-1.78077010
-0.54330051
1.29605524
2.64440544
-2.67459480
2.08471217
1.71641307
1.94541492
0.37157276
-2.17023066
-2.08138304
-1.02661748
-1.98426927
1.13525928
0.20613850
2.59175637
-0.66182321
-0.73849835
-1.94332517
2.23041262
1.25396182
1.41569005
1.60313727
0.61361070
0.53059576
0.63991046
-0.77778538
0.09380266
-0.86509913
2.57404490
-2.61685000
-0.76377353
0.58274243
-0.50363592
-0.36231827
-0.17124757
-1.05355480
-0.42245280
1.48589893
-0.98966391
-0.08952934
2.22652728
-0.03774320
1.95360313
0.11970180
-0.01317995
0.01460922
2.11991508
-0.40925640
-0.27101522
-0.14844057
-0.15464843
-1.72405544
-0.28245025
0.06048051
1.33103429
-0.44892962
0.41386886
-0.51610732
-0.62538490
-0.86308563
-2.58239867
1.04429234
-2.57042973
0.28437098
1.13992736
-0.15284330
0.22166696
-0.06544309
-0.81970961
0.42434251
-0.77510586
0.13717733
0.13396727
0.39014867
0.22043148
-0.33187309
0.59624627
0.33796418
-0.57969880
-1.68616459
-1.05937450
0.33256955
-1.06334450
-0.41831102
2.44862990
0.61046100
-1.82195484
-0.84295912
-1.40709978
1.70108635
-1.11614829
-0.18889302
1.56406870
-0.88860368
-2.64474710
0.07097473
-0.14357195
3.63097043
-3.51769139
0.66295494
1.05568514
0.00094651
1.05279208
1.83206268
-1.08805972
3.01335791
1.20480412
0.24914618
-1.20906545
-2.03728488
1.79900893
2.02871821
0.24368818
1.51479251
-0.01130056
1.19492966
1.32796231
-2.34127752
0.07079972
0.70705259
-1.41171344
1.85084135
0.75064018
0.01580057
-0.35625517
2.05133587
0.18152053
0.49524125
-0.04197850
-0.36692590
-0.58068110
-0.76376512
-0.73769870
0.45627806
0.90607527
-1.56226483
-0.66440122
-2.55737915
-0.80488838
-1.86178345
0.77782937
2.22705760
1.83450428
-3.24388392
0.84609096
-0.01932336
-0.52337317
-1.28228233
-0.94328733
-0.65663473
-3.24090675
2.99145390
-0.65078409
-0.28988753
0.00222908
-0.86761717
0.94664577
2.63056795
2.58749349
0.38519341
-1.65715918
0.15999394
-1.75163377
0.16711549
0.61887850
0.23989948
0.05411897
1.16410785
2.60584371
1.09174818
-1.10839495
0.81220314
-1.25704405
2.32655066
0.56207415
2.25416661
-0.24128805
0.72583359
-0.71062045
-1.92375040
-1.40318129
-0.24954311
-1.20866259
0.65482045
-1.12695048
1.43799642
0.01822597
3.53575839
-0.65340330
0.57315624
0.23197473
-0.81974517
0.77991076
-1.62553309
1.22942945
1.06187307
-0.59217485
1.71701251
-0.69389283
-0.18040919
-0.40829854
2.64101062
-2.31888798
-1.07960981
0.01039680
2.12677402
-2.34646202
2.24341645
-0.57074440
1.41790683
0.63767943
-0.70475263
-0.07708795
-0.28693668
0.86925283
-0.43648787
-3.35802762
-2.47081954
0.48988575
-0.61355811
-0.42742247
1.39906122
-0.54481007
-1.22525192
-1.51096474
-1.76884734
0.62918199
0.79421901
0.64527928
-0.79738468
-0.41615994
1.12577931
-0.91584999
-0.67712416
-0.86909129
-1.36849469
-2.10146879
1.58605383
-0.19407229
1.48741422
0.38150843
0.08176469
0.72934425
1.01639036
0.33786346
-1.34644409
1.89705448
-0.52390040
-3.90649124
1.83928975
-2.81182533
-0.52063851
-1.02257784
-0.41016523
0.46570475
1.90177338
0.85246458
-0.95977649
0.83480045
1.96396199
1.39194925
-0.54304220
0.09797580
-0.41160642
1.23354231
-0.66768742
-2.74537623
-0.20215298
-2.96093145
1.56157622
0.68472304
0.50578951
1.60613246
-3.15004286
2.13219056
0.54644103
0.05649554
-1.90765001
1.23740066
-2.27540143
0.22620866
0.08785664
1.67567069
0.79817001
-1.36004571
0.09584704
-0.01869987
1.58074739
0.14328963
-0.68608975
1.63693063
-3.02987891
1.29787496
-0.24010433
1.32796538
-0.11208330
-0.73635336
-0.80191106
-0.64459593
0.30198795
-3.81230415
-0.57408322
0.58994820
-0.16005107
-1.37131326
-0.47282377
3.20655381
0.36262247
-0.79063578
-0.06642493
0.45036181
0.21799136
2.14414942
-0.99128337
-2.54995161
0.81576497
1.05758689
-1.84116728
1.92479174
-0.59107355
-0.75281916
0.95273736
3.06482124
1.53068895
-0.79798558
1.04309313
-0.14047252
1.39280042
-0.34730843
-1.61484686
-2.19287293
3.51200325
1.15666404
-0.53389150
-0.01989459
-1.32807062
0.08296282
-1.50418912
-0.41416804
-3.16740218
0.86347305
-2.28148201
-1.17143402
1.01634617
1.51004619
-0.11410325
-0.23284344
0.94545845
1.22044995
0.68466554
0.65157199
0.36920940
1.15361181
0.49793872
-0.18578778
0.87343812
-1.55357396
-1.62960624
-0.05861105
0.93120338
-1.34058607
-0.63996357
-0.21234997
1.97304532
-0.25531412
1.12124150
-1.61940748
-1.40005024
-0.01643317
-0.54206907
2.81126130
1.93088942
0.45343526
-0.34979837
-0.58400963
-1.35246782
-0.41026464
-2.18117955
-2.36809318
1.59553058
-1.47415078
-1.27369657
-1.23834347
0.88259477
-0.75654508
-1.83652944
1.82254873
0.12987611
-1.18484278
-2.50201431
0.41946760
1.81901329
-2.20974478
1.22677005
0.60064357
-0.85859238
1.06939402
1.05236083
-1.24425715
1.20305366
1.69841128
-1.50570480
0.89249983
0.59958541
1.42099045
0.20806433
0.35884512
-1.08528143
-1.21760365
0.24231282
0.14589495
-0.20809384
1.53658698
1.28826722
1.72426045
-3.86751427
-0.80288299
-0.77600281
-0.60313622
-2.17959351
0.36650983
-1.69740052
1.50632363
2.05532871
2.07222028
-0.31906741
-0.55976451
-1.01878437
-0.80005770
-0.25271330
-1.52987140
-1.59468742
-0.89519852
0.66271823
0.99650048
-0.47587352
-0.93971924
0.93856235
0.04814653
-0.58132455
1.86715332
-1.03359833
-1.40629682
-4.20979449
-0.86308288
-0.89529265
-2.01479974
0.30397368
-0.16836800
0.32093960
0.18704626
0.50465044
-0.54407059
-0.03269482
1.32579974
2.70675397
-0.06117545
0.08565116
1.92807179
-0.91948492
-0.42633873
0.48631158
1.35454374
-2.68081140
0.67641377
-1.90647466
0.58978780
1.77192839
-3.99164558
2.52491438
2.56294064
0.46708939
0.03475199
-1.04476680
-0.05345377
0.11666809
0.83402868
-1.63631187
2.43817254
-1.06946582
-0.49905657
-0.72535357
0.75093222
0.63791587
-0.41335366
-0.02784982
1.19085729
-0.05612659
2.01922994
-2.12804088
0.75889029
0.80679669
1.08144606
-2.11480943
2.84499639
1.06741836
1.10766247
-0.08056668
3.23489600
-1.02621381
-1.39280679
0.74466049
-1.06967389
1.55344042
-0.58496117
-0.94201928
-0.02582513
1.07000233
-2.21512193
0.64847021
-3.63908166
-0.77120834
-0.42169227
-1.76205152
-0.29535371
0.42601545
1.33929438
2.01931259
-2.18304614
0.88372441
-1.59694079
-1.50784874
-0.18155713
0.62769081
0.33314026
-1.69795806
-2.10177913
1.81130084
-0.98163032
1.69936290
0.10648626
1.49062743
-1.64870152
-3.19398438
1.44640561
0.85926780
-1.07525431
0.94568645
2.44520557
-2.74444272
0.09972876
0.23462665
-1.38020391
-1.83668059
-2.15105324
-1.51281490
0.10589941
-0.69195805
-1.79297287
-0.44843575
-0.33374538
0.19551669
0.61526375
-2.48262424
0.06077601
0.80255413
1.96229427
0.46188794
-2.15239780
0.87344309
1.80847178
-1.96376702
2.05047445
2.40593969
-2.35572923
0.98063343
-2.74625084
2.37359141
0.56528858
-1.02654540
-0.50898140
2.41967297
0.24647067
-0.14334295
-0.08207612
-0.63404653
-2.87625169
0.05398920
-1.89603405
0.01493995
-1.14409841
0.26253189
1.21224034
0.85477166
-3.59676719
1.92457349
0.44796728
0.06751817
-0.85074962
0.71843960
1.00985824
-0.90000701
0.20207598
0.13903789
-0.73907238
-0.33014284
-0.62403334
0.67738155
-1.39414313
1.00927491
1.04931957
-0.97501383
-0.71847253
0.20835226
-2.40811063
-0.40343749
1.63196920
-1.54961509
-1.19552983
2.67508343
0.29499657
0.94948804
0.23541565
0.01832230
1.92106596
-1.72714352
-0.56515996
-1.22508424
-0.58041031
-1.38630265
-2.70425475
2.32021634
-0.16123354
-0.25920623
1.57392991
-0.22566406
-0.19737129
1.71378568
1.60413206
0.32975577
-0.13191097
-0.23343362
1.07625438
2.47295101
-0.12186072
-0.28818996
1.53451829
0.93449394
0.64615541
-0.85775099
0.82658685
-0.12615171
-1.01062584
1.94123757
-1.38755298
-0.24796677
2.34239021
-0.28267278
-0.22196539
-0.41150622
0.59541825
2.41863894
-0.33727834
-1.41067139
-1.96564925
-1.74817282
-2.17476409
1.28784922
0.04720130
0.19321341
-0.35876693
0.41645916
-2.33764599
1.79526894
-2.04184494
-0.09615748
0.84178962
2.32243950
1.00693333
1.15216309
1.51295438
-1.90103808
0.38952472
-1.07568206
1.04421356
-1.65881082
-0.36961673
2.21139944
-3.14691328
-0.24438515
-1.57622246
-0.76029890
-0.68412206
-1.39377319
0.40555350
1.53022599
0.45874054
-1.40661154
3.25034875
2.44865549
0.22946364
-1.89380200
-0.35933160
0.71594991
-0.55095226
0.56510496
-2.49555514
0.13393731
2.33432583
-0.70153011
-1.07336644
-1.06389106
-1.76918530
-0.01711525
-0.37298915
-2.94970980
1.24776099
-0.85242641
-0.39040324
-0.62520589
-1.02729605
-0.77848770
1.11225453
1.68651826
-1.57977411
0.76958347
1.51418259
-0.50106108
-1.59470316
1.38480932
-1.21763283
-1.19465416
1.47352459
1.29217271
-1.17777130
-1.95595870
-0.16706372
-0.91111099
1.08168090
0.95744772
0.71095133
-0.04969631
0.35378354
-0.35816360
1.22527859
0.59568915
-1.08517956
0.56194062
0.88896613
-0.62243620
-2.63511435
1.16864530
2.37962326
2.23838503
-0.94828196
0.80962011
-2.20017083
0.65865699
0.67784369
0.53433281
-0.58610558
-2.20735413
-0.10172708
0.34197973
-0.53513274
0.98337301
-0.08661342
0.06300856
-0.18460868
-1.14756115
0.64402044
0.41350575
-2.86217738
0.54178254
2.12884840
-0.39095536
0.18712893
-2.09177168
0.69424997
0.86852826
-0.51930142
-0.46438950
-1.53047013
-1.58120904
-0.42624005
1.13546074
-0.68777189
-0.95099503
-0.09307273
-1.39124990
-1.06447726
0.81108925
0.32424614
1.31113710
2.92260547
0.48616611
1.55527645
0.15777060
-1.51369691
3.18112853
-0.92546579
-0.66019826
-1.42828137
-0.51716564
-0.48894126
-1.57801692
-1.43182583
-1.04067682
-1.36357496
0.11379893
-1.36582222
-1.29966793
1.53734284
-2.02986312
0.97097979
3.02374863
-1.84218981
-0.76257508
-0.48439069
0.02370178
-1.52816498
-1.04390359
-0.59599307
3.19759655
-1.64281061
-2.90658641
-0.56367347
2.84807654
1.89825049
1.52290838
-0.88505301
0.40679112
1.38022905
1.45496440
0.76552259
0.96345839
-0.37350435
-0.95417194
3.28054027
-1.18464857
-0.15837231
1.84866989
-1.63289111
1.62125895
-0.18492366
-1.11503892
1.31160607
1.93097592
-1.46158903
-0.01113546
0.88885549
0.65293473
0.77872555
0.84388770
0.97611316
1.78795355
1.66160092
1.20517155
0.88917202
0.63388177
-1.14791546
0.27487371
0.62533313
-0.74336930
0.38070549
-1.38410737
0.21280017
0.41662945
0.17637949
-2.29586010
-0.89844344
0.08130753
-1.30441386
0.88495101
1.98639316
0.65686661
0.86525366
1.44721858
-0.04177343
1.45249505
0.67999585
-0.50388124
0.66049375
-0.47299966
2.65672369
0.60335480
1.66951811
2.30514935
0.03662692
-1.83243661
-1.76015427
-0.52817969
0.74694029
-1.04492517
-1.26917776
-2.02446877
-0.29877945
-0.13734255
-1.59281514
-0.04970590
1.82728865
2.04366602
