-1.97418696
0.65282109
0.22970574
-0.75840194
1.15833765
-0.56464538
1.42786943
0.98553485
-2.04531364
-0.71920983
-0.17705119
-0.34802123
-1.39902596
0.47655039
-1.58636388
0.08713139
-2.25650580
0.03553771
-0.36477916
0.92490157
0.53984853
0.26286918
-0.79149263
2.11335493
-0.02159688
-0.90672841
-1.54678458
0.72238818
0.24664203
-0.91736071
-2.48727121
0.90690454
0.84571682
-2.16204537
-1.62816519
2.16826072
-0.71504164
-1.78127653
3.76714107
-1.05887711
0.22528963
0.88024621
1.32719234
-0.73792466
0.64797528
-0.46182155
1.86667129
-0.97240975
-0.68780202
-0.98718063
-1.59705900
0.51730319
1.65581854
-0.18020728
0.42352668
-1.29825399
-1.87854641
-0.98825544
-1.63761244
1.07152482
0.86665142
-2.00043471
-0.01115981
0.10585847
-2.18406070
-0.07819341
-2.54551485
-1.10243819
2.32400170
-0.77387786
-2.88249061
2.21456379
-0.39096516
-0.00304109
-2.44716347
-0.90021045
-0.53348113
0.49527161
1.22242105
1.39108536
-1.13567327
0.80478268
2.70453179
-0.00190221
-1.31526457
2.40681223
2.89883632
-2.68316266
1.68029944
2.40755166
0.42854044
0.11802684
-1.32676046
-1.68793186
1.00377899
-0.83171811
-0.55996778
0.74820873
1.51486731
0.16204596
2.05696736
2.89776692
2.23273407
-2.10100568
0.86637581
-1.02510014
-0.78778893
-0.94273326
-0.85939150
0.78305982
-0.17945643
-2.07538882
0.05649684
-3.75840033
-0.78577762
0.81996916
2.42946005
-2.87174110
-1.57050577
0.27357304
-0.47305468
-2.21843315
-0.33644957
0.29851953
1.21656708
-1.09511588
0.60149593
-0.94384014
-1.12473092
0.38365937
0.24819154
-0.40213134
1.32361464
-0.85904761
-0.43487675
2.65948693
-0.18054166
0.44468291
1.58455550
-0.68919773
-0.03429775
-1.19406964
0.16772544
-0.68823918
2.54176778
-0.91364949
-1.50932985
1.27337590
1.78754864
-1.87067068
-0.73154142
-0.53741217
1.16721298
-0.49107336
-0.48454894
-0.24208066
1.17981321
-0.06176923
0.69378368
0.64681533
-0.85935099
-1.23882172
-0.21633851
0.37899940
0.01211361
1.38554401
-1.69675155
0.95579049
-0.95783805
-1.96424078
-0.40652953
1.39405975
-1.42356285
-0.66563453
1.90637782
-0.37388617
-0.41513144
-3.47507346
-0.14421297
1.79924860
-0.39611448
-1.67392604
1.39863734
1.36021258
2.40776406
-1.41073414
-2.03681295
0.95584913
1.55733805
0.05768809
-2.01544829
0.05362305
-2.16477236
0.18817747
-1.91308823
0.91011871
-0.47179888
1.04445221
-0.06644474
1.38819984
-1.60469013
1.49171768
-0.95536540
-0.09698865
0.86061228
-1.92043093
2.01595606
-0.99596075
-0.22484715
2.87324811
0.84564897
-0.22161929
2.80414339
-2.51889585
1.30915300
0.26260977
-1.67466840
-1.06447057
-1.97642118
0.90170468
0.94377957
-1.88078066
1.13483920
-1.22935219
0.01872255
0.28845108
-0.94413791
-0.72967192
1.70658198
2.88052268
-1.71540864
-1.74269441
-2.13786103
2.20445707
-0.37712711
0.20849828
0.57635122
0.72443329
0.06571962
1.33706995
-0.63519755
0.66639504
-0.68676501
0.54240642
-0.85835619
-0.92216293
0.54506963
0.36417662
-1.59987720
-1.11262497
-0.17975833
0.15885139
1.58516462
1.06506404
0.19514339
0.14832419
-0.48596946
0.47078601
-2.10701077
0.35135608
2.78757252
-0.09803688
-1.54094893
0.86570887
0.98273948
-1.89385159
-0.43357374
0.72698855
-0.38861838
0.63208346
-0.36789272
0.97722795
-1.55527402
-3.54407598
-0.79150518
-0.29835542
0.89648603
0.23959207
1.69782905
-0.89868924
-0.79493138
-0.14988530
1.24494470
-1.10172011
-0.91302277
-1.84169226
-0.67226922
0.30380596
-0.28433467
0.55969556
-0.28025260
0.67376426
-1.74504988
-1.91104587
2.01780576
0.13679625
0.44104628
0.25752311
1.09013204
0.43812731
-0.03145563
0.45728685
-1.20677723
-0.42325757
2.06553395
2.55289788
-1.67181472
-0.12219366
1.31812732
-1.65606454
0.33578098
-0.79940567
1.05078762
1.23448832
0.54654227
1.12364882
-1.27395632
-1.06971094
0.84549143
-1.69300469
-0.77647437
1.18949306
0.41431698
-1.64127630
-1.42538224
0.30519342
-0.77560596
-0.22293858
-1.68371279
-0.00336639
-0.75357570
-0.39857380
-0.53578994
1.83662224
-2.02012019
3.60073317
0.60473758
-2.77292772
1.32657972
0.69674789
-0.04808683
0.67849811
0.81346351
-2.53754685
1.95734503
0.77552767
-1.37884708
0.31576814
0.16492902
-0.26325858
0.22365433
2.42465764
-0.69169644
-2.14078498
1.01738117
-0.73632201
-0.88863300
-0.51232183
-2.56180717
-0.34432650
-1.72423826
0.00306194
-0.14478475
-0.49504505
-0.82569492
-1.27882698
-1.61000295
2.38206677
-1.04905408
1.70335714
0.78138507
1.10805720
0.68385696
1.64021186
-0.93863847
0.37223477
0.87008994
0.78561746
1.28798127
0.28385652
0.85456058
-1.17542643
-0.24110673
-0.14801347
3.10837250
0.67145329
-0.28333786
1.39497958
-2.08676923
1.13868399
-0.35040924
-0.17648337
0.44232681
-1.92462245
-0.65426662
-0.27159097
-0.24253007
-1.57421992
2.78039584
0.08557219
-1.07274876
-1.13781086
-2.57401110
-1.28613396
0.70890555
0.15734444
2.47092998
-1.06684342
0.29303414
-2.57698666
1.12314123
-1.06943716
3.48292911
2.17022418
-1.38681758
-0.77156641
0.09246343
0.53095968
0.87373500
-0.81739947
0.62774556
-0.96562046
-2.29938864
-0.72934516
-2.76857089
1.47012865
-1.13314951
1.24073820
1.95734121
-0.29696832
-0.26127319
1.06205920
-1.36722443
3.30299115
-0.06161253
1.61674090
-0.25383307
-0.91670166
1.37797565
-0.31526736
2.40201580
-2.23566866
2.00894109
-1.31679063
-0.48223342
0.41137642
0.96731719
0.74837432
0.98871192
-0.61165509
-0.02998700
0.16407630
-1.71857822
0.80747824
0.88818932
-0.70249852
-1.76806635
-1.77609102
0.05113571
-1.98556626
-0.63498880
-1.26774899
0.00930234
-0.07836984
2.40833598
-0.95214458
1.20464136
-1.42844349
0.49269159
-1.78962035
0.79802122
-0.23896215
2.85779063
-3.20151229
0.59545065
-0.49120473
-1.18764136
0.70064426
-0.58125740
-0.86819955
-0.26293129
0.51856142
0.29900126
2.26291300
0.83571393
2.05003946
-1.74752239
-0.32889437
0.26257948
0.69932991
1.42654147
-1.45589088
-1.65274997
2.76965446
-2.60272379
-1.00440479
0.50531149
-2.29324121
-1.81186759
-2.12089851
1.40481039
-2.10783668
-1.76077136
1.84914932
1.21768606
0.73699671
-1.63591162
0.11171093
0.50012089
-0.80414734
0.90946738
3.63925096
-1.27674462
-0.27390934
1.39382177
-2.19885159
0.91532074
0.15052304
1.41426450
0.42972158
1.17340739
0.79143117
-1.91909100
0.14925607
-0.92248868
0.26972036
0.31523702
-1.61056874
1.82305581
0.63189994
2.03288382
-1.13220308
-3.75446368
0.03722198
-3.17826579
-0.56990836
0.11269728
-0.10404521
0.34918111
1.31873145
1.58941620
-1.42653638
-2.66518000
0.20078994
1.95866022
0.76180860
-3.27400174
-0.26522647
-2.00267493
-2.24562316
0.43491290
-2.33414894
-1.17895450
0.52814429
-2.26538973
1.63447586
2.42643974
0.70858228
-0.08891277
-0.32404733
-0.50481975
2.38164423
0.42596456
-0.46281209
0.33190342
-0.19024656
0.06540729
0.10619399
0.69705284
-2.26889400
-1.61524119
-2.22564855
1.54109880
0.11536088
0.00523997
-3.09628853
-0.16365785
-1.51630512
-0.45959952
-2.31404011
0.62967360
0.67206200
2.13070042
0.22455449
1.46816339
-2.08634182
2.00075083
-1.17314798
-1.13570197
-1.47298726
1.12085175
-1.10808032
-1.49785918
0.35052881
-0.94748309
0.24054706
0.90399148
-0.43854074
3.54824464
-1.52682517
0.11717753
-1.90735622
-0.52723402
1.00399443
-0.62288486
1.59623484
-1.82973590
-0.70646329
2.21213829
-1.01683908
-1.66929199
1.51734865
-0.20765357
-1.07623581
0.28843070
0.97586095
-0.86095149
-0.58401811
0.22688157
-0.57171549
2.48944020
-0.69679234
1.06460543
-0.68902772
-0.96532669
2.46789725
-0.00600411
-3.05895713
1.57564460
-1.29724932
0.16331860
-1.72001013
-1.21718220
-1.45829196
0.95271360
0.44741420
0.31799073
2.36680463
-1.65160963
1.32319657
-0.36922237
-1.08464313
2.59760939
2.07124271
-0.22142891
-0.71213655
0.57767106
0.55534988
0.28406596
1.66366095
0.30685101
-0.43836568
-0.45287403
-0.86160473
0.69800678
2.17943230
0.62251697
2.34775723
-0.70837996
-0.86909939
-0.30519324
-0.05533479
-0.03190409
-2.22188798
1.41632271
-0.06800250
3.48662751
1.90160750
1.43178345
-0.09985507
-2.34076361
1.90624329
1.48193168
-0.66215492
-1.44711157
-1.20610916
-0.32034169
1.13786928
-0.80721170
-0.32851065
-0.53474535
-0.23172878
-0.52338194
-0.23576047
-1.34454897
1.85939806
0.06356404
0.75546349
0.77065623
0.57391505
-1.70889821
-0.86170738
-0.05013835
-1.40716844
-0.01103721
-0.78391744
2.36343614
-0.29153485
1.81995742
0.15418497
-1.42370864
1.78935825
1.37175474
0.44035736
1.04582822
-0.59564203
0.36778752
-0.17824814
0.96389618
-1.63863622
1.82825238
-1.42727516
1.75078919
1.73647708
-1.53636647
-2.74909394
-0.05643351
-1.37385346
-0.97357058
1.22792159
1.41059488
2.66862399
0.60936646
-1.48033513
1.40277225
3.56198306
-1.85508165
-0.52922281
2.02499438
-0.82527306
-1.12401795
-0.03624926
-0.32792360
0.75579284
0.34112495
1.98544408
-0.22423642
-1.77002882
-1.39533183
-1.20000644
-2.27042036
-0.79368227
-0.26126432
-0.62490806
0.00662209
0.65265029
-0.26186659
-0.19644095
-0.26742780
-0.83679386
-2.94933878
1.19657998
-1.97662079
1.19699466
0.20912422
0.79881728
-0.29176864
0.50046440
-0.07939865
-0.84568152
-1.18629215
0.14832025
-1.24036548
-1.81452299
0.19971418
1.59326037
-1.78658833
0.58750815
-0.14762672
-0.94485210
-1.71153641
-0.65582095
-1.35137989
1.38895405
0.78634994
-0.81474002
-0.92493626
-0.45282359
-0.10792256
2.35444080
-0.68757924
-0.73295854
1.06261147
-1.81688826
0.62310734
0.74747586
-0.04816540
-2.00789829
-2.06225981
0.37557453
-1.32019061
1.53078364
-0.65593662
0.24599645
0.22549403
-1.25864965
-3.64963560
-0.52023123
1.63969696
-1.67098851
0.28542338
-1.00251221
-0.04955611
-1.31912749
0.49546331
-1.20855755
0.12012626
0.42492190
0.55283302
-0.84447220
0.56027194
-0.12449861
2.66271378
0.30199682
-1.02806072
-1.41253213
-0.50572417
0.32367887
2.51815739
-0.52073985
0.68371777
1.23895726
0.46748363
2.96314725
-0.08936715
-2.23906719
0.11546997
-1.04767666
-1.09032427
0.51753335
-1.49547109
-1.87842101
-0.90333307
-2.77368186
1.13433530
0.91730725
-3.57823453
1.67491800
0.16409792
-0.92845264
-0.98011958
0.08556146
0.70426843
-0.73414503
-1.54764514
-1.51966468
-1.06171752
-2.51451164
-0.31178410
-2.83394061
-4.24179693
-3.14828834
-0.93839431
-1.26340698
-4.05838403
1.45012286
-0.49604922
-3.60613752
-0.93076174
-0.46586078
-1.04111851
0.35941139
0.20965213
1.77228799
2.36883151
2.49721310
0.72743193
-0.82952793
1.86709435
2.61389018
2.19427603
-1.50539897
2.45944863
1.92877954
0.15646107
3.62808954
-0.44321833
1.14449027
2.25720844
2.66669398
-1.18147824
-0.20613476
1.27807448
0.79191510
0.36671202
1.51943324
-2.24619435
-2.78829316
-0.46658583
-1.27531284
-3.42484903
-2.85308297
-0.44840253
0.61181941
-1.59974445
-1.37778039
-1.21915656
-2.68024184
-2.35580884
-3.67673193
0.42416540
-0.55073833
0.08874882
0.86771111
-0.56549248
1.56623068
-0.41859476
1.23967259
-0.23391479
0.98540655
0.19551126
-1.09138709
-1.07554632
-0.40848581
-1.56457157
-0.25538460
1.61744208
1.75757853
0.02977300
-0.89744218
-1.07438002
0.00937290
0.62587570
-1.88929686
1.29156096
1.62334114
-1.40760206
0.68600045
0.51793395
0.37955643
0.15106661
-1.75042480
0.41081291
1.90072595
-1.16316183
0.34797894
0.30937631
1.15620886
-0.01696356
0.93925794
0.77385843
1.84821007
-0.39801561
-1.28647281
2.89624372
-1.99926829
-2.82539615
-0.42652011
-0.59486559
-1.33647232
1.97970051
-0.58706077
2.10758248
-1.96926259
2.40381052
-1.08507216
2.91910509
0.94011307
0.48089679
0.78087756
-0.51470926
1.22601772
-1.85759245
0.00996454
-0.15620237
-0.62691527
-0.91714484
0.04029028
-0.25646905
-3.70199852
-1.51689101
0.28553143
0.65705735
-1.07285128
2.52495881
1.83543156
0.36123748
0.61209849
-0.12545152
-0.91581326
-1.18735137
2.18139346
-0.66103661
-2.09360251
-0.62287579
-0.87776054
-0.74299891
2.00168581
-2.87995266
1.74746262
-2.11684146
-0.52081877
1.47736094
1.53394005
1.59105869
2.36003517
2.67712238
0.58327415
-1.39157590
-0.21003768
-1.89215889
-0.24558851
-0.20877240
0.75408665
-0.49489673
1.22768426
0.30267379
-1.93991663
0.81143555
-1.95320223
-0.53215055
0.31287075
1.26317756
-3.68165992
1.99168957
-0.39815184
4.24501924
-2.23451013
0.31875981
-0.64945231
-0.46974059
0.08122657
-0.17024443
-1.52083712
-0.31923414
1.35256579
1.90849463
0.82108396
-0.74025899
0.02769443
0.98284687
-0.30746076
-2.39312426
0.15828114
0.40019920
2.50563610
0.65412583
-0.17388863
-0.79733470
0.85299035
-0.36667067
1.16692248
3.94522440
0.73775138
-0.66861595
-0.49370523
-0.51029978
-0.41539282
-1.64018084
-0.27169636
0.09818485
0.33831144
0.87560489
-0.00130514
-1.18342851
-0.72385414
0.92532452
0.65488784
-0.64468384
-1.12964388
-3.18353564
-4.00932212
-1.23822975
0.43551626
-1.88412223
-0.89684687
-0.18570509
2.63487685
0.24230500
0.46475709
0.40850551
-0.80925870
-0.29187113
1.74012090
-0.06959608
-2.06330581
-0.99466287
-0.82720990
-2.02877552
0.10799152
-1.00589542
-3.72034910
1.03307552
1.84559911
1.00871265
-2.88188898
-0.81306865
0.02524621
0.55627497
-1.85615953
0.35241217
-0.91511159
-0.57352401
3.17686224
2.92406256
-0.04120910
-2.67184528
0.93875482
-2.54785489
-0.11105445
-0.50703279
0.00529927
-2.20350125
0.31149611
-1.93009962
1.06670255
0.81844100
3.23111327
1.45393965
1.23258873
1.23089057
-0.64544741
-1.37915894
-1.90373910
-1.19531660
1.46032056
1.34559361
-0.24900784
2.09378197
-0.53598766
-1.03338166
-1.45139750
-1.83696135
1.51436311
-1.26681414
-0.54868210
-1.12983423
-1.04652512
2.62023716
-2.06098668
-0.79430663
0.71659711
-0.81523033
-0.87205818
-1.03150935
2.77104414
2.49644082
0.70946575
-1.07829288
1.40757593
1.73008234
-0.95536918
0.40259414
-0.57782130
1.35692443
0.38059801
0.84613928
-1.24448950
-1.47535876
-2.58278004
0.40408118
-0.18829483
2.44593468
-2.15795656
-1.68900172
1.41739328
-1.04778436
0.60419151
0.87149523
0.50153063
0.34562955
1.07917726
1.41485450
-2.09246685
-2.29789231
-1.70001399
0.18085152
-0.11684496
-1.73364956
-0.61964265
1.72991589
3.17501249
0.96458940
-0.03281426
0.17153925
-0.87855029
0.80490096
0.32174822
2.07985588
1.31368251
-2.27686846
0.92664901
-0.69206358
-1.09739280
0.92037952
0.63206583
-0.28203707
-2.46367990
1.89457041
0.93925928
-2.34730669
0.75693816
-0.98321760
-1.57154745
0.22948229
-2.60180028
-0.94214473
0.83187137
-0.21302667
0.06521579
-1.12269811
0.85692402
1.32968578
0.07877659
2.70768548
1.27351277
1.34578319
2.29253172
2.61290491
-0.77040592
1.13159574
2.29329269
1.13893922
-0.98079313
0.13110338
1.09493638
-2.29177006
-0.97252078
0.24768561
-1.75253246
-1.22977574
-1.23485801
-0.48200991
-0.57354046
-0.34713012
0.39888645
0.02277396
1.61135264
1.10499726
-0.47992812
-1.52635091
-0.16807560
0.50153566
1.40215682
-1.80975368
-0.19133151
-0.49612900
-0.63428247
0.29989328
-0.56402033
0.98847892
-0.27988808
-0.98818521
1.63044332
0.69538879
3.35526600
-0.55394615
-0.51769485
-1.25367065
0.99004479
-1.89125368
-1.80587492
-1.98662139
1.87033836
1.33886210
-0.25210631
-1.42374691
1.24968809
1.42399755
2.55637745
-0.43081562
-0.14101025
1.57244048
-0.63888450
0.22868132
-0.18881657
-0.11328073
0.99022543
0.10710127
1.58697855
-2.47152466
2.42354020
-1.07190592
-1.64460246
-1.09773918
-0.27300260
1.79465020
1.33540703
0.75684403
-1.08491851
0.03926352
-3.20072696
0.65003395
1.14000860
1.43847522
1.51839286
0.24729180
2.38504398
-0.12518605
-0.14422821
0.14275869
-0.60653848
0.94310306
-0.83661119
1.37718018
-0.32575630
-0.84408742
0.65988343
0.36643831
-1.91777855
0.14168139
-0.31782051
-0.33435855
0.69884459
2.26702932
0.73007910
1.39499931
1.10602730
-0.98401439
-0.48789762
-3.25316923
-0.20382745
-0.22041801
-2.15243637
0.66761296
-1.16377650
0.00707767
-0.70160006
0.15076248
0.94555715
1.21126032
1.26453186
0.14407581
-0.32803087
-0.77745898
2.08365325
0.52891850
1.15109144
-3.99729694
0.97861329
1.07301234
-0.42680899
1.58351851
-1.29664991
0.07623805
2.03266705
-2.45241413
-2.83883684
1.55227838
-0.37596326
-3.91642921
-1.43836654
-0.12638324
-1.10335336
-0.46747950
-2.37831605
0.40120941
0.64215497
0.56462458
-1.32175937
0.23930604
1.78119878
2.24842381
-1.96864980
-2.40720961
-0.41309176
0.21350600
-3.13564111
1.15104389
-0.51250210
-0.85945665
-1.14047450
-0.13751961
1.31960257
-1.41309652
-0.08446734
-2.01358739
0.71885301
-1.34582120
2.07129325
1.64061295
-0.76820782
0.27293706
-0.38999082
-0.54479370
-0.19443992
1.26710049
0.70117236
1.88218262
-1.02243123
0.75092865
-2.99034941
0.69312638
2.24142190
-3.47080031
1.46461872
-2.54719958
1.27211615
1.10187958
-1.52745149
-0.47808115
1.54344342
0.10119772
0.74667028
-1.09891969
-0.45705792
-0.69485774
-4.59447111
-0.78777968
0.28599311
-1.63101254
1.16112980
0.19442340
1.04113049
2.09071366
-0.51817981
-1.64136083
-1.00598229
0.74349447
0.73337915
2.60876775
0.24707846
-1.27795203
0.46890910
-1.54760060
-0.11651320
-0.43935978
0.60899540
0.61165964
2.08716273
0.28151049
2.78908304
-2.55740819
-0.04900955
-0.02287841
-1.13512068
0.38348528
0.97081857
0.23026174
-0.20431140
0.24421024
0.10711558
2.83144986
1.84947874
-0.15231796
-1.06914080
-1.39050581
-0.07163637
-1.10469576
1.30701621
-1.05748018
0.50771711
-2.05398484
-1.45508535
-0.48328404
-0.78933159
-0.73766145
-0.23285761
-0.25469264
0.27505221
-1.46098424
0.46539579
1.56038600
-0.29613390
-1.09419766
0.13776602
1.78588997
0.34633153
0.27908104
-0.40721459
-1.28042425
-0.91166671
2.07407850
-0.21391808
0.04675868
-0.69465603
1.60032873
0.85193502
-2.40960911
-0.34402435
-1.51515331
-2.09258320
-0.49749490
0.49425279
-1.76104111
1.47856920
-0.68614414
-0.22328194
-1.32482474
0.88473673
-0.77286622
-0.68648854
-1.92269213
-1.07485470
-0.02241327
-2.63727330
0.14592077
-2.95966623
-0.58534059
1.26375801
0.32329730
2.84704424
-1.13294953
0.74151549
0.79810184
-1.66022455
-1.02726036
-0.73484599
0.13338550
-0.12677548
1.14864921
-1.23155010
3.31470125
0.64549982
-1.37924655
0.08270720
-0.40325692
-0.86218224
1.48366480
0.94206615
0.51624775
-1.35765671
1.12232649
2.22830795
-0.99556664
3.42956673
0.99012287
2.61225349
0.06796755
-0.19545306
-0.39855680
-0.85100756
0.54201323
0.46815651
-0.44765193
1.36660200
0.93366808
0.44619713
-0.17667105
-0.84383850
-2.58306887
-0.17677812
-1.27122977
-0.88169552
1.84969965
0.93083378
-2.00765728
-1.65268792
-1.17765187
1.58777582
0.35249420
-0.23513853
-1.25164397
1.79405604
-1.10020744
1.23804271
-2.47572584
-1.97750120
-1.32499686
-1.10823440
-0.01078956
1.22751437
-1.08762577
-1.26927227
1.57875348
0.26279247
-0.45292020
0.03573504
-2.49903437
-2.06732929
0.53090798
0.74911258
0.85350293
3.37788156
-0.97095269
0.75584916
-0.00711111
-1.65243487
-0.83032792
-1.61791676
-4.49405734
0.06767223
-0.26492719
-0.26769563
0.23260559
-0.67516251
0.17784111
0.55746592
0.21302159
-1.44562615
-2.13927856
-0.26893858
-0.57249648
-0.80143047
1.87843437
-0.14352981
-1.65933286
-1.48803712
1.55745198
-2.03229898
-1.13185315
-1.75734904
-3.11396217
0.64432230
0.82099006
-0.80199347
-0.15271933
-0.64358728
-1.54791424
1.05110595
-0.44279208
-0.52076211
1.09038803
-1.61577943
-1.24818832
0.87677187
-0.21228210
-1.69435237
2.09315637
0.64069480
-1.20758860
1.34831142
-0.30682380
-0.85195318
1.48428925
1.72918605
1.17871892
-1.16998007
-1.59367187
-0.49453361
0.23756732
0.85936670
-0.34740849
-4.30815825
-0.62283675
1.36727363
-0.07613217
-0.55053485
-1.10307623
-1.17129928
-0.73727515
-1.09527163
1.35023093
-1.72249852
0.43609180
-1.84049394
1.55933356
-1.31788051
-0.26783552
0.79979494
-0.19221480
-0.36143321
0.77649845
3.04872675
0.82152111
1.47483675
0.67193990
1.37954632
-2.53989462
-0.45934268
-0.43939226
1.28000461
1.27487391
-0.80487122
-1.25710148
-3.96172920
0.03184733
-0.00409266
0.57583745
-1.60580568
-0.94345651
-1.39366025
1.63040172
2.06271273
0.41990747
0.24124930
-2.52583393
-2.06957913
1.85885282
-1.34091939
-1.18500247
1.34306174
-1.30098238
-0.13649327
-2.61545708
0.56099539
-0.50089990
1.01929194
-0.40045400
-0.74771478
1.18731489
2.58828409
1.67858696
-2.36654498
-0.02262093
-0.02322944
-2.46788896
1.07941119
-1.30545218
-0.49302713
1.94583927
-0.36741510
-0.44422901
0.98647121
-1.54138333
1.62648909
0.13078005
1.47821527
-1.00826521
-0.36031365
-0.30559257
0.95038706
0.12328683
-0.92311053
1.42447542
-1.21059907
0.88222669
-1.23148910
0.35447055
-0.85776713
0.87997160
2.54799086
0.25125931
-0.40719055
1.10523270
-0.33656422
-1.89380313
-1.30430480
-1.44480321
-1.46108980
0.81788074
0.29674671
-2.05173526
-1.45556189
4.29775300
-2.26960443
0.85679967
1.69157482
-0.02248363
-1.28551931
0.70794810
0.72714783
2.00324878
-0.30645226
-1.69387655
0.78557133
-0.66218142
0.56662249
0.70640154
0.38964924
-1.72722633
-1.37848339
-1.02019466
0.82813040
-0.43227043
-0.40438023
1.74444318
-2.88540889
1.23732289
1.43043859
0.49762480
-1.12779143
-0.90212338
-0.65366127
2.78306644
2.71108825
-2.63640940
-0.88378488
1.28936358
-2.65033986
-0.04654407
-0.39591887
2.98719678
-0.38667404
0.16967021
1.26736970
-2.14184578
1.34414007
-0.98710277
0.43081730
-1.50128762
-0.03401828
0.56345007
0.81869360
-0.84644913
-0.96964393
0.68501273
0.43011442
0.63571697
-0.17868212
0.19418896
-2.12400998
-0.80247187
-0.26461979
-0.39477763
-0.68507215
-0.18335122
0.85573326
1.37440571
-1.05537027
0.17095683
3.03966091
-1.57988710
1.52774981
1.12000188
0.75038949
-0.27793677
-0.34699514
-1.04593877
-0.39489405
-0.43048535
-0.10910355
-1.48899212
0.92469444
-0.61958433
0.41493100
-0.91841286
0.10082410
0.13160288
-0.93064743
1.52432646
0.39249080
-1.28205515
-1.67973563
-0.77974295
1.82024589
-3.08494569
1.94493106
-0.98584331
1.48033879
0.13843691
-0.32730212
-1.40401355
-1.79133921
-0.13134255
1.95549710
0.65761819
0.02310679
0.70651833
0.13553212
0.71716177
-0.11344576
3.11870743
-0.10121589
-0.60567274
0.36019613
-0.41815472
-2.77898864
1.53001565
0.42981454
0.83446916
-1.54242404
0.00776021
-0.84280622
-0.26949266
2.20310028
1.18844394
1.84745726
-2.39734875
0.90743997
0.66356227
-0.81822751
1.86398835
0.38393889
0.90623009
1.19766605
0.77102428
1.44918312
2.91002365
3.36079378
-1.25050324
1.98826849
-0.24192370
-0.00908382
0.26909496
2.19506643
0.73510361
1.74606578
1.23120723
0.53815093
0.97572291
1.46851410
0.89430552
0.10904596
-0.79666919
0.80020185
-0.77756722
-2.77482323
-0.00961109
-0.97586838
-0.77564662
1.21842029
0.88291681
-1.22233725
-0.67821027
0.54761981
-1.19385762
-1.31824259
1.26913629
0.55079347
0.96729400
1.05362962
1.98523150
0.54098840
-0.96907902
0.04061719
0.03031867
1.59856820
-0.97168808
-1.77252069
-0.30247678
-0.14324854
2.32916634
2.46628593
-3.47441116
1.04966528
-4.16676418
1.13386624
-0.63654469
1.02351356
1.16814661
-1.02758914
-0.09166277
-2.27585512
-2.15873796
-2.39994222
-0.87755838
0.71596009
0.02597010
-1.35272969
-1.79697345
1.28069010
2.55166780
-1.64615073
-2.02659299
-1.50798097
-1.66474729
-1.39243530
-0.07131101
-2.77403586
-2.11075405
1.01143599
0.82717607
-0.22961135
0.82831336
-3.15137220
0.11896821
-0.07783881
1.49268778
1.65884963
-1.44624692
-2.08353735
0.62785527
-1.23257030
-3.46020262
0.27861647
-0.53126419
-0.52414855
-1.40749393
2.47343456
0.10101248
0.57679894
-0.42592471
-0.79954238
1.32996660
-2.43943176
0.52860417
0.62255232
0.70710800
-0.07854927
0.19422120
-1.86737524
0.03739812
-0.80988179
-0.59233014
-2.39974917
0.57138633
-1.45981210
0.77930914
-0.74796111
-1.71040532
-1.99205507
1.51156043
-0.59211565
0.58077726
0.07578897
-1.88300446
0.44596859
1.60042536
1.18106618
-0.13739037
1.80339145
-2.84510816
0.64960442
0.07784067
-0.34907923
-0.34770135
0.24996490
-0.87147918
2.19483704
1.55006592
-0.56022973
0.39052296
0.18835920
0.13394594
0.31540367
1.11420369
0.21577160
0.26473406
1.68178572
1.57738527
