0.06921604
-0.02075559
0.11942064
0.01697558
-0.13595341
0.03716049
0.24017683
-0.27743381
0.11887797
-0.01304344
-0.02647097
0.16078432
0.02538324
-0.11636853
0.05529209
-0.13128893
-0.06882092
0.05782303
-0.05288692
-0.06117657
-0.02606951
0.07999914
0.03795552
0.01260383
0.04907003
-0.03391810
-0.03787202
-0.01720138
-0.00507892
-0.11426320
-0.00015797
-0.07933261
0.09864519
-0.07241173
0.02559487
-0.17792880
0.11458757
-0.12855238
0.17948840
-0.23536572
0.17276054
-0.06968571
-0.03594385
-0.00550242
-0.12129750
-0.09524100
-0.09059276
-0.05079121
0.17443600
-0.13211253
0.01433846
0.02434892
0.09603819
-0.09924726
-0.03801350
0.02785904
-0.19766837
-0.01301240
-0.20736125
0.08841586
0.08040768
-0.10159936
-0.06624777
-0.16387573
0.07924660
-0.11779970
0.24078564
-0.10361950
-0.05377662
0.07498241
-0.05244330
-0.01870435
0.08411510
0.14751602
0.03149466
0.05546868
-0.01915229
-0.19304359
-0.12105154
0.02786818
-0.14464259
0.15926944
-0.11161705
-0.04840199
-0.07504094
0.14979019
-0.12099805
-0.02288411
-0.03184485
-0.04769244
-0.10544773
-0.17545956
-0.00278658
-0.17081742
0.09317618
0.05027253
-0.02649206
0.03799501
-0.03898473
0.04136282
-0.12950991
0.15425650
-0.07560375
-0.07081141
-0.16083872
0.06559436
0.16697698
0.08735587
0.06251134
-0.07115668
0.02873560
0.10781797
-0.06482848
-0.03851492
-0.03101549
-0.00897468
0.02416093
-0.17618387
0.29193410
0.13269786
-0.10662186
0.15528378
0.07620556
0.01942673
-0.03016266
-0.09010417
-0.09052025
-0.14053033
0.05222061
0.04593428
0.03064629
-0.07165694
0.10124876
-0.03775621
-0.08244098
-0.08340768
0.11082964
-0.04071942
-0.04267213
0.10918772
0.09760912
0.16524470
-0.07311426
-0.04753844
0.02696708
-0.09941293
-0.09090991
0.09842105
-0.03213180
0.00777629
0.07093276
0.06572551
-0.00942218
0.05478454
0.11803532
-0.12878116
-0.03494919
0.08446547
0.03157480
-0.11019896
-0.01456330
0.03604211
-0.08577464
0.05818117
0.09190459
0.03224299
-0.10509048
-0.15882938
0.05626823
0.00951246
0.20116694
-0.06025492
-0.06710651
0.11684942
0.09588376
-0.14529051
0.17283775
0.14851545
-0.04008444
0.08941077
0.12508790
0.02316010
0.07165473
0.08726027
-0.03241823
0.11248087
0.12736344
-0.06845197
-0.04986790
0.06704983
0.10781477
0.00672679
-0.16603364
-0.01850362
-0.15276884
-0.06335895
0.02799444
-0.02746326
0.02840618
-0.01665121
-0.05875149
0.02415776
0.07801443
-0.07340520
0.02750387
0.00059402
-0.03959765
-0.02177655
0.02026772
-0.00551452
0.02203120
0.03220023
0.03403799
-0.23893786
-0.03511866
0.05425463
-0.11377794
0.08596202
-0.10211204
-0.05771322
-0.00920481
-0.06517596
-0.04162670
0.09094049
0.05994760
-0.00625916
-0.18549638
-0.09148648
0.08388967
-0.21745702
-0.06459765
-0.07559268
0.02256785
-0.14849917
-0.03076759
-0.02106710
-0.07308898
0.04633277
0.11215860
0.02335687
-0.15060324
-0.00894780
0.13431246
0.08279038
-0.02375055
-0.17974695
0.01165995
0.19103246
-0.01624369
-0.05267127
0.11550566
-0.05187689
-0.05112020
-0.04933011
-0.12483323
0.12790399
0.01486104
0.00728696
0.03682530
-0.11110832
0.08973738
0.00627408
0.02531597
0.17581713
0.00070131
0.13322051
-0.07090729
-0.10016487
-0.01356224
0.01295057
-0.06150536
-0.08388839
0.03166107
-0.04447211
-0.09531291
-0.02005085
-0.10158863
0.02005222
0.07662350
-0.01615418
-0.01802326
0.06640718
0.04723011
0.02668756
0.07219604
0.00035383
0.13754543
-0.09725914
-0.01791279
0.00383849
0.12885595
-0.03640605
0.22943562
0.13031957
-0.00601634
0.13627631
0.18433128
-0.04929834
0.11709924
-0.02232742
-0.19287562
0.10164010
-0.08191659
-0.19375062
-0.26519741
0.13680467
-0.01687969
0.08729702
0.03121677
0.00674808
-0.03980270
0.12362366
-0.06689620
0.09194347
0.01683591
-0.16412963
-0.03191980
-0.03621938
-0.00985479
-0.15768844
-0.20216051
-0.00595160
-0.01538773
-0.06252971
0.02951764
-0.03750234
-0.19657820
-0.18085922
-0.01024181
-0.15920567
0.08931598
0.07716416
-0.01005094
-0.06882466
-0.01515124
0.01568063
0.17810803
0.03735062
0.01270383
0.13749001
0.05968638
-0.20026946
0.00362242
-0.03389861
0.10531864
-0.02894501
-0.09662944
-0.10901862
0.00352768
0.13782134
-0.03553721
0.04745039
0.09707368
0.00752183
0.10373501
-0.00030464
0.06728954
-0.17349909
-0.02342730
0.01372200
-0.06275057
-0.06263268
0.12200079
-0.09585388
0.00165861
-0.05899971
0.04042795
-0.06718534
-0.11161661
0.13300852
-0.05494424
0.21466411
0.01193028
0.01807095
-0.00124355
0.00033198
0.08586758
0.01806558
-0.06573321
-0.09313065
0.11094768
0.01672003
0.22891039
0.00974087
-0.09984521
0.01533646
-0.16700574
-0.21057206
-0.01800682
0.17036080
0.01656372
-0.18882512
-0.06488162
-0.20670898
-0.01345973
0.03469683
0.02755895
-0.07422601
0.03773742
-0.03027457
0.05432377
-0.11525532
-0.01366473
-0.04377945
-0.00779414
0.00554501
-0.03340822
-0.07296550
0.12786398
-0.06996022
-0.07346644
0.05343172
-0.08257362
-0.13318726
0.07088168
-0.07156554
-0.21054637
-0.07802709
0.15323460
-0.16141059
0.21800096
0.11128100
-0.14881544
-0.05276944
0.12493772
0.12453111
0.11175488
-0.13260213
0.07139340
-0.04863329
0.05439122
-0.10348753
-0.03979768
0.10841541
0.08588991
-0.11284337
0.08500061
-0.00071849
0.09600552
-0.15069624
0.02732853
0.01674135
-0.10187894
-0.00847045
0.01231653
-0.15656701
-0.04794067
0.12119339
0.03191256
0.02220439
-0.06423437
0.12960468
0.06235230
-0.07067562
-0.10002251
-0.07028939
-0.03870669
-0.11301670
-0.02917358
0.01123772
0.04972984
0.04503232
0.11306547
-0.33836254
0.04297753
0.20851248
0.18512938
0.05729360
-0.04060459
-0.01214230
0.02624315
0.16379646
-0.23493342
0.00735037
-0.07915708
-0.06594051
0.00723698
-0.15581320
-0.05009399
0.01694470
-0.08382549
-0.02691169
0.03528027
-0.04037263
0.05797264
0.05445648
-0.00673711
0.12395412
0.00428088
0.09302715
-0.01276994
-0.13335814
0.10865611
0.13341351
0.20309642
0.00756896
0.05778283
-0.00667639
-0.05222322
0.01903596
0.02156066
0.14477658
-0.03111280
0.09336880
-0.03745176
-0.00000068
-0.08444423
-0.00028732
-0.16457592
0.03704391
0.05518321
0.12948597
0.03896940
-0.06766864
-0.07069768
-0.12041905
-0.03943261
0.08035279
-0.00928872
-0.03510006
0.15366512
0.17498507
-0.08309411
0.05856865
0.01473443
-0.01924232
-0.02387203
0.02068873
-0.04309637
-0.11651710
0.05145381
-0.17934063
0.03357568
0.08819312
-0.05228821
0.19593609
-0.00078552
0.06698955
-0.14492487
0.27869931
0.03186587
0.02355337
0.09426138
-0.01820231
0.07622745
-0.17798516
0.07331832
-0.07824032
-0.16982056
-0.01149946
0.06033690
0.03618779
0.00352548
-0.01835232
0.01658492
0.09113006
-0.01139578
0.06399763
-0.08579925
0.02721738
0.09079068
0.15763531
-0.06274416
-0.10938740
-0.13570061
-0.03858026
-0.17163566
0.12333539
-0.08836348
0.06514969
-0.01131592
-0.01388014
0.06011926
0.07538502
-0.14202027
-0.02837989
0.18785683
0.04474846
-0.09937288
0.07179025
-0.05018294
0.11597579
-0.10960921
-0.08229391
-0.02136573
0.11262208
-0.07028768
-0.09138486
0.08777968
-0.19022480
0.07270536
0.11971250
0.08931584
0.03333673
-0.09172224
0.01751064
-0.08389582
0.07618059
0.05936801
-0.10766608
0.02985538
0.05212283
0.03931253
-0.07105473
-0.00282823
-0.04912573
-0.07397943
-0.03709542
0.00793895
0.07087197
0.13109300
-0.08038693
0.00218149
0.01476920
0.08929050
-0.22464924
-0.23678326
-0.07600431
0.02462249
-0.03054188
0.05432014
-0.04091013
0.20012454
0.19113605
0.04829881
-0.00915046
-0.03707275
-0.07968743
-0.06138328
-0.05671343
0.06977459
-0.09713995
-0.01872202
0.11109171
-0.02637453
0.05984257
0.12782940
-0.16322684
-0.00705349
-0.16540234
0.07460265
0.09259886
-0.10302999
0.02185242
-0.04671076
-0.16893396
-0.04721609
0.12593423
-0.01955866
-0.01916219
-0.10291476
-0.06303931
-0.00471941
-0.08387149
-0.02496582
-0.02321515
-0.04714173
0.02553701
-0.06816443
-0.04291435
0.07788985
-0.10638916
-0.12925532
-0.04290331
-0.01369009
-0.15616063
0.06063491
0.01705467
-0.06376722
-0.03847794
-0.06719098
-0.06126665
-0.02832032
0.06429427
-0.01106834
-0.12014263
-0.04450097
-0.03747106
-0.02300641
-0.13582692
0.04115586
-0.14322737
0.11895876
-0.00037268
-0.18834686
-0.07959420
-0.04208506
0.10798062
-0.02727579
-0.21382329
-0.10750758
0.03569046
0.06432846
-0.03750058
-0.16694580
-0.01946834
-0.13640066
0.03476206
0.04774444
-0.18860697
0.04976859
0.00701485
-0.06302511
-0.00292344
-0.06797619
0.06400890
-0.07650293
-0.03225771
-0.01520688
0.05849286
-0.02342400
0.02705647
-0.08064078
0.01439950
0.11095561
0.01054528
-0.09993696
0.11833159
0.02022292
0.00441686
-0.08949267
0.11871492
0.08241672
0.03604145
-0.02097500
-0.08832441
0.34266325
0.17232774
0.02070716
-0.10805719
0.02513367
-0.15815241
0.08124181
-0.05759051
0.23389487
-0.07049486
-0.05252421
-0.18456064
-0.05612286
0.10212499
0.24836837
-0.14675838
-0.24262390
0.16134706
-0.06845167
0.07796779
0.02377147
0.06693639
-0.12820864
0.07619163
0.05269344
-0.14846317
0.17743239
-0.13823680
0.06054391
-0.09326519
0.04476393
0.17039808
-0.03619853
-0.14909112
-0.03531672
0.05677408
0.11063594
0.03995441
-0.01979106
-0.05972594
0.03785000
0.14406442
-0.07468872
0.11533397
-0.13647704
0.07235515
-0.17462928
-0.05140113
0.01101205
-0.09816028
-0.05429279
0.18071981
0.05402785
0.13878012
0.01793482
0.08184836
-0.01445583
-0.02489515
0.02509876
0.19575041
0.09687441
0.14877203
-0.20271816
0.17528108
0.15938633
0.14533716
0.05793595
0.00952083
0.06131216
0.05668848
0.05088648
0.10106495
0.03737156
0.06658399
-0.04174951
0.05219340
-0.07468704
-0.02646153
-0.04083280
-0.07353590
0.11525986
0.09188874
0.23599671
-0.06440431
-0.09518878
0.11168517
0.11311995
-0.08166614
-0.00209634
0.08560167
-0.09055670
0.01182642
0.06494306
0.10867243
-0.13595768
-0.07263911
-0.20293403
0.05533968
0.02508033
0.23169760
-0.03828846
0.00207100
-0.18763994
0.18062360
0.05445655
-0.10062869
-0.16085130
0.02025640
-0.01691299
0.05921167
-0.21714723
-0.01788933
0.08616273
-0.01932910
0.01155688
0.06364704
0.01502284
0.09946455
0.02678716
-0.00886145
-0.05507123
0.04327997
0.02425762
0.07633672
0.10905541
0.05603965
-0.04702691
0.09559554
-0.00886600
-0.08905231
0.19957589
0.10601622
0.09626313
-0.06511684
-0.08859124
-0.00415812
-0.09456875
-0.11269705
0.17065814
-0.01811052
0.06672191
0.00081853
-0.03693606
-0.01375142
0.05700595
-0.03550616
-0.06638393
-0.07870930
-0.05089363
0.02544296
-0.06743790
-0.07241608
0.07853831
0.07699187
0.04895186
0.08271835
-0.07506677
0.12775880
0.09673107
-0.04986766
-0.02541246
-0.01395132
-0.10922961
0.12055007
0.02952606
0.03001621
0.13917019
0.08403417
0.01803641
-0.13878147
0.03776310
0.13326267
0.09273930
0.01891249
-0.01921129
-0.07327921
0.02680759
0.01900089
-0.11160743
0.14456992
0.10553925
-0.07451918
0.04674531
-0.05302948
-0.09937362
0.07828009
0.04218063
0.03692331
-0.08506221
-0.04863932
-0.03839148
0.18436756
-0.12789951
-0.07376177
0.04256113
-0.00665307
-0.01461905
-0.06013271
0.07424138
0.04695849
-0.02001306
0.05069153
0.04740550
-0.09684779
0.06250212
0.05836765
-0.16639550
0.10873563
0.00242996
0.12652075
-0.05794007
-0.01296660
0.05152056
-0.00786566
0.09480927
-0.07511703
0.11734197
-0.32704071
0.12418618
-0.21740753
0.07135991
0.04045926
0.00481262
0.14631546
0.13033712
-0.02810522
-0.07729243
0.03030290
-0.03263703
-0.18352326
0.09657800
-0.25517181
0.00306677
-0.00766774
0.03396468
-0.10734401
-0.09025079
0.06769440
-0.02779135
-0.03871950
0.05996825
0.09053808
-0.10683204
-0.06620287
0.01715637
0.08467190
-0.09758188
0.00632545
0.00527167
0.04317452
-0.12150527
-0.15579853
0.07750753
-0.05034746
-0.13042260
-0.10733884
-0.08970301
0.04225336
0.03267598
0.10854869
-0.07802822
0.10110149
0.06004221
0.12511063
-0.07478409
-0.19821184
-0.05460433
0.09513724
-0.00397289
-0.13303305
0.13096408
-0.05700906
-0.01540681
-0.10309244
0.19101284
-0.09092989
-0.03753514
0.13092264
-0.12242391
-0.03500540
0.00716864
-0.06899706
0.00618952
-0.02355909
-0.00691570
0.16326772
0.11033392
0.06676401
0.03514645
-0.04148409
-0.12072596
-0.05084959
-0.09354056
0.05699298
0.07001686
0.21902850
0.11579530
-0.00575913
-0.09850212
-0.03964363
-0.18506033
-0.06933026
0.05379440
0.09161846
0.08743227
-0.22664661
0.04400810
0.17577746
0.12315949
-0.06798207
-0.05515159
-0.01525826
0.01477164
0.01707917
-0.03914668
0.06704362
0.03402605
0.07240168
0.03685900
0.13439126
0.08381159
0.02385269
0.17574717
0.02169552
0.04598567
-0.16224761
0.02480128
0.13805422
-0.12961580
-0.04252713
-0.01479787
-0.25408358
-0.03987524
-0.01705107
-0.04719713
0.02392027
0.12709303
-0.08515193
0.06494144
-0.06419087
-0.03529913
0.05456781
0.03090223
-0.06013250
0.04836457
0.13737620
-0.13416528
0.04685314
-0.08973563
-0.16030569
-0.04243076
0.09590371
0.06467594
0.28464060
0.00059827
0.04394689
0.09124360
-0.03564742
-0.01351831
0.13730724
0.11323416
0.18578317
0.03039456
0.12326401
0.05357306
0.14007502
0.12241688
0.06221972
0.10340595
-0.02744505
0.05664967
-0.10666397
0.01166769
0.15012478
0.13801605
-0.08719967
-0.32944470
-0.16355633
-0.13361406
-0.29422186
-0.31177613
-0.41091588
-0.40727696
-0.36501063
-0.37444857
-0.57348348
-0.33731049
-0.35738563
-0.54169063
-0.27422339
-0.27187834
-0.12294252
-0.28927816
-0.14678899
-0.18899698
0.00501111
-0.18055673
-0.11567382
0.25509411
0.19840213
0.18707158
0.39202747
0.46652596
0.47573190
0.70224270
0.58079929
0.78799129
0.80973743
0.76123851
0.80247296
0.65595413
0.48251142
0.54894802
0.52551081
0.52386111
0.32652055
0.21719626
0.25054193
0.28823970
0.00837863
-0.03644647
-0.10731765
-0.08613284
-0.18826245
-0.17590004
-0.30532474
-0.37028135
-0.44474016
-0.36384358
-0.32834813
-0.38204594
-0.57560523
-0.22650798
-0.41358800
-0.53179518
-0.47868090
-0.29102879
-0.22333136
-0.26104138
-0.15220368
-0.16620072
-0.11957707
-0.02761003
-0.12271566
-0.12563741
0.03229125
-0.04642237
0.09655179
-0.11716878
-0.02817357
0.11377087
0.03766462
0.07581414
-0.07882646
0.02821077
0.10002643
0.13242226
0.05979570
-0.04896437
0.31600791
0.07295550
-0.01137665
0.13169471
0.22623281
0.06421431
-0.05783953
0.04387074
-0.04794294
-0.07656065
-0.08900127
0.10419461
0.06801414
0.00754887
0.11058501
-0.05848807
-0.04023309
0.21191677
0.08002742
-0.06797479
0.00577096
-0.11783467
0.08614407
0.06451744
0.15306711
-0.02219231
0.06260822
-0.17443357
0.07320280
-0.00650249
-0.01138184
-0.08793936
0.05556152
-0.01912894
0.03170258
0.04511201
0.16778716
-0.03790579
0.08495232
0.04367630
0.07949606
0.11453605
0.08655856
0.13065363
-0.12255995
0.03427681
-0.19546008
0.20396822
0.13368921
0.20962756
0.22387550
0.12382357
-0.13375814
-0.05391624
-0.04544494
0.06358091
-0.12552817
-0.02108541
0.16156563
0.09377839
-0.10342366
0.04496262
-0.13638100
0.00874970
-0.09304950
0.03000212
0.11654219
0.15609710
0.05944823
0.00327992
-0.03533765
-0.08876599
0.12841631
-0.12885615
-0.01820000
0.20805707
-0.03710458
0.10885060
-0.01370608
-0.10112505
0.14046684
0.02786596
-0.04475716
0.06540844
-0.01071213
-0.04439167
-0.10979340
-0.12935075
-0.22867100
-0.11876125
0.17552044
0.10259255
0.00588988
-0.01164706
-0.00420179
-0.06840714
-0.06812993
0.00879715
0.03571024
-0.05022373
-0.13006517
-0.02932932
-0.11325248
-0.09537021
0.02086441
0.33322385
0.22991158
-0.04515973
0.06331535
-0.02577418
0.01559935
0.13356137
0.30497759
0.41046964
0.28912890
0.35651964
0.26478259
0.17535433
0.27099780
0.05303986
-0.02922990
0.19013809
0.09775572
0.00899104
0.05852788
0.02083416
-0.12313878
-0.31142637
-0.07555218
-0.16055270
-0.30748076
-0.31057088
-0.23980220
-0.38291761
-0.23518987
-0.33772404
-0.18237943
-0.38426286
-0.41567149
0.01299168
-0.42496175
-0.31138902
-0.15693310
-0.09338484
-0.15354510
0.05189564
-0.04590945
0.07448599
0.14798975
0.04235888
0.16221476
0.19254637
0.12787729
0.06283175
0.22175985
0.11901267
0.21409986
0.26038411
0.23710591
-0.05531775
0.08559922
0.19828791
0.20859580
0.07388571
0.10030026
0.01390644
0.20462762
0.03434774
0.05516189
0.23616053
0.03014441
0.09325211
-0.15656179
0.07540590
0.04970502
0.07252890
-0.06609025
-0.00781126
-0.08779522
-0.03828082
0.10713993
-0.05850322
-0.07702219
-0.04461473
-0.08418697
-0.10100375
0.00918171
-0.08473263
-0.07706717
-0.01024419
-0.08016772
-0.05501761
-0.04293183
-0.04687007
-0.03591361
0.10904426
-0.11909991
0.07031273
-0.03061273
-0.16429138
0.18345548
-0.02421049
-0.08122573
-0.13451967
0.01016391
-0.08598156
0.06938848
0.06493304
-0.11289776
0.09824810
-0.18681010
0.01008690
0.22221454
0.00231839
-0.00436929
-0.04420586
-0.02342417
0.15799393
-0.09666828
0.01853790
-0.09499513
-0.00024564
0.12965666
-0.05350037
0.00393726
0.08516209
0.01015222
0.19704527
-0.00559656
0.06203379
-0.06529661
-0.00513872
0.02642513
-0.03328140
0.05170729
0.00483362
-0.05091544
-0.04382820
0.04454881
-0.05898957
0.04881921
0.13808025
0.07882946
0.08597599
-0.07104181
-0.17056845
-0.00784545
-0.02506411
0.11704464
-0.08212276
0.19367043
0.11035503
-0.00092047
-0.10527301
0.26781351
0.01011027
0.12628256
0.01498052
0.20862541
-0.11003698
0.15990720
0.02497574
0.11542824
-0.10385508
0.10222261
0.11922805
-0.06823908
0.03593768
-0.07828110
0.19456214
0.20199802
-0.07734622
-0.03802903
0.04507771
0.00414976
0.10711449
-0.19591440
-0.07267827
-0.00887098
-0.03083906
-0.05684024
-0.19847881
0.02237483
-0.14924784
-0.06088580
0.07263760
0.02948769
0.22107168
0.04307413
-0.11310182
0.03850114
0.00242417
0.00047536
0.16401021
0.09228870
-0.06182733
-0.09944708
0.11518166
-0.07091998
-0.05408900
0.16899906
-0.03482504
0.18162569
0.07063242
0.16840805
-0.05004608
-0.20804960
0.14843064
0.00701556
-0.09739096
0.15993020
-0.08071457
-0.06773566
0.02357053
0.11943054
-0.01858496
-0.03101919
0.03864067
-0.13669034
-0.20298887
-0.12317523
-0.08170573
-0.09432171
0.02393388
-0.04481070
-0.01160106
-0.09997995
0.06508163
-0.06198706
0.07699888
0.03094789
0.01707269
-0.07290567
-0.11612557
0.18919078
-0.02478008
0.01809155
-0.09789360
-0.13384611
-0.01675406
0.07692180
-0.09338161
0.08910785
0.09284153
-0.05817733
-0.02007596
0.00687445
0.06071496
-0.12428141
0.10316279
-0.22934378
-0.22574533
-0.02322799
-0.08500985
0.12937581
-0.06111607
0.10627154
-0.09031381
-0.00378732
-0.01777899
0.03553699
0.07787202
-0.01616477
0.14447314
0.11806637
-0.03965902
0.00695408
0.20038894
-0.06941337
0.09453764
-0.02620347
-0.02245825
0.24933873
0.12277667
0.02786279
-0.05587672
0.02810681
0.09728552
0.09039836
0.03348484
-0.12610860
0.05804124
0.09296919
-0.00325253
0.07890812
0.05299143
-0.14483737
-0.14218008
0.08867418
0.03541942
-0.04557916
0.03229520
-0.23137108
-0.05311173
0.01625047
0.12606205
0.02215132
0.05521118
-0.06925762
0.16539394
-0.00524473
0.10569582
0.20733311
0.08415455
-0.12157998
0.15612434
-0.06374799
-0.11732397
-0.04092309
0.20082984
0.00455749
0.27655805
-0.13313857
-0.20900503
0.19282888
0.14153025
0.01171185
-0.03413183
0.17931771
-0.02269826
0.15248578
0.06606703
-0.05296221
-0.06726779
0.07575290
-0.02483208
0.07977667
-0.15401406
-0.04533985
-0.08215109
0.03749797
-0.13077516
-0.07656993
-0.00959826
0.02007993
0.10440425
0.02442969
0.22777358
0.15459713
-0.08512461
-0.12021097
-0.01400530
-0.02416434
-0.19548766
0.06314687
0.06801066
-0.00430653
-0.05299028
0.23318613
0.08641978
0.03847882
0.13419718
-0.00470910
-0.02953203
0.09970663
-0.06922697
0.02254326
0.06083830
0.07624453
-0.01892346
0.07102557
0.00486364
-0.11243176
-0.07858768
0.06296016
-0.03014961
-0.10070320
0.01411547
-0.09658645
0.05019674
-0.17869776
0.08051956
-0.02473108
0.07693379
0.08600576
0.07531406
-0.13736704
-0.19486373
-0.27481176
0.19579708
0.00397703
0.11646851
-0.00364827
-0.03399865
-0.04685313
-0.11214118
0.13147270
-0.19992985
-0.12641725
0.09839899
-0.09545144
0.20038853
0.03385488
-0.06888826
0.05492579
0.07326415
0.02327737
0.03073037
0.06852074
0.04578327
0.00015409
0.22396225
0.03289942
0.09673009
-0.15305072
-0.04345061
0.12255535
-0.11529759
0.00437814
0.13363322
0.00908753
-0.08412636
-0.09618812
-0.02195007
-0.03121428
-0.11302390
-0.11391735
0.28787597
-0.20702616
0.13357116
0.05277405
0.22158147
-0.04533885
0.08890405
-0.14787525
-0.06451890
-0.07672050
0.01873941
0.02622177
0.10465159
0.19546310
-0.00303791
0.08595648
-0.10680654
-0.13243017
-0.05762058
0.04093279
0.09455209
-0.13052270
-0.00109697
0.00791888
0.02466337
-0.06947153
0.08869780
-0.07258212
-0.09700041
0.18172401
-0.00356028
0.02980033
0.02817807
-0.03485688
-0.07959414
-0.10739105
-0.17247620
-0.05980734
0.08795183
-0.04880788
-0.02743817
-0.00202917
-0.14246903
0.16219793
-0.03790584
0.00371906
0.10371987
-0.12808075
-0.09904197
0.01764181
-0.06819728
0.17006388
0.02530922
0.10377775
0.06596280
-0.04292862
0.02281674
0.05515393
0.05112356
0.07372558
0.02876300
-0.03548954
0.06748513
0.18735951
-0.07448937
0.12299250
0.01531202
0.07053543
0.01007910
0.09991852
0.06872979
-0.01274954
-0.21387742
-0.01518592
-0.06181111
0.13382041
-0.18777365
-0.10685210
-0.02924298
0.12877035
0.07223802
-0.18369356
0.08849372
-0.00968810
-0.07888349
-0.13944439
-0.08106267
0.06059613
0.07295582
0.07750187
0.00778301
0.13700934
0.01384422
0.05451910
-0.08601979
0.00651747
0.09948134
-0.02923853
0.04800275
-0.13305659
0.08808966
-0.01481653
-0.03500155
0.01565426
0.06033335
0.07704380
-0.00583073
0.15906779
0.06199760
0.06221301
-0.11008310
-0.08625868
-0.01833017
0.03250733
0.00755792
0.18642003
0.03984753
-0.00966184
-0.01129663
-0.04206424
-0.09386087
0.11904280
-0.05616949
-0.07228253
-0.06255298
-0.00791381
-0.09334949
-0.00241235
0.03221622
0.06156390
-0.04493946
-0.05699751
-0.03810432
-0.08946070
0.06073941
0.00049191
0.04526643
-0.01067668
-0.07973531
-0.08327022
0.04390696
0.00431841
-0.02903406
0.15583380
0.00724989
-0.06444792
-0.02533071
-0.05332572
0.04930310
0.06495738
-0.04123021
0.02245413
-0.09534226
0.02469091
-0.16281791
0.29235183
0.06401777
-0.09364292
0.03061913
-0.07588431
0.10479806
0.05745940
0.03490159
-0.03378258
0.07541758
0.10380669
0.00998685
-0.00765003
0.11365073
-0.12228389
-0.10340706
-0.12943548
0.09796110
-0.07567196
0.13533036
0.02516544
0.06995426
0.01555584
0.14738014
0.04323334
-0.01326034
-0.08141463
-0.02446621
0.06565480
0.09281790
0.05665801
0.10005002
-0.07308610
-0.13831727
0.06157818
-0.05907047
0.04122426
0.01084100
-0.00938784
0.05525138
0.03539932
-0.27458736
0.06104725
-0.03591212
-0.15844378
0.06730173
-0.09405147
-0.02301093
0.26304814
0.01896786
0.06485780
-0.02455036
-0.05175116
0.12150782
-0.02532621
0.14082945
0.05477452
-0.21675529
0.03972480
0.04610297
0.10375482
-0.00941741
0.04500044
-0.11481512
0.02922775
-0.06943358
-0.06873222
0.04987212
0.04899470
0.04180795
-0.04445132
-0.00943914
0.01676745
-0.04404500
-0.06064640
-0.12478019
-0.03635453
-0.04822159
-0.00382464
-0.21867945
-0.03205670
0.06036148
-0.03064249
-0.03430866
0.00438397
-0.00262870
-0.09849323
0.03129287
-0.03201552
-0.00611452
-0.14345800
0.01574235
-0.11462740
0.04727579
-0.24821089
0.10314610
-0.19827016
-0.06450212
0.05998344
0.07326997
-0.07174562
0.02021865
0.08627779
0.02806281
-0.02434399
-0.09451268
-0.01934540
0.06568908
-0.00202264
-0.02131192
0.10601010
-0.15617567
0.29711728
-0.15162188
0.14640079
0.04474873
0.11413008
0.12184343
-0.04371759
0.16425837
0.14308660
-0.02547769
0.01445792
0.09627013
-0.01875750
0.14468895
0.21628384
-0.21206649
0.02083892
-0.15565895
-0.01955021
-0.20508167
-0.09102229
0.10990033
0.02996279
0.02083968
-0.09741742
-0.19398951
0.04039215
0.09209134
0.12868380
0.17314150
-0.13888888
-0.21310708
