-0.03723591
-0.04656858
0.02032840
-0.03248329
0.00421524
-0.14074633
-0.08786567
-0.16055863
0.00838053
-0.05856933
0.02114185
-0.02302308
0.02105193
-0.02388130
-0.04829208
-0.07278580
0.00525427
-0.01746895
-0.02573614
0.07355858
0.00850101
0.11452587
0.11149664
0.01507423
-0.06181722
-0.02302807
0.05843811
-0.00369450
0.04780844
0.05452812
0.02870518
0.26457545
0.00700220
-0.04234012
-0.07767063
0.00077296
-0.06388398
-0.05170410
-0.08926775
-0.00856947
0.03039529
0.12745822
-0.09300057
0.11718103
0.06006531
0.08884174
-0.07453918
-0.16848495
-0.04960861
0.11856785
-0.10354659
-0.09214333
0.09399791
0.04849321
0.01362438
-0.11237172
0.16226154
0.11143785
-0.05310122
0.04241217
-0.06805424
-0.01113137
0.01996477
0.19642383
0.06538271
0.08609975
0.01681474
-0.01138294
0.00940127
-0.13563371
0.19652046
0.00318036
-0.10889149
0.00620215
0.17418394
0.06966701
0.00906191
-0.09243094
-0.05174369
-0.15923064
-0.05414306
0.09442843
-0.03533420
0.09577030
0.04892288
-0.02332711
0.01533993
0.07220735
0.00508587
0.01157489
0.03836699
-0.00572000
0.00926461
0.08305891
0.04713606
0.10393554
0.08413086
0.10528455
-0.06129479
-0.01756952
-0.01150871
-0.02430440
-0.03897950
-0.07712982
-0.14275705
-0.15592469
0.07093984
0.08445880
-0.06006233
-0.08127723
-0.03250210
-0.02906103
0.02647227
0.12120785
0.03047418
0.05240678
-0.21962804
0.07697491
-0.00551563
-0.01720956
-0.09824973
-0.05371165
-0.08464948
0.07536216
-0.09214735
-0.06695088
-0.05797365
-0.07186337
-0.08192585
0.01076440
-0.07042572
-0.10198532
0.14418445
0.02309839
-0.03450080
0.04248655
-0.02247396
0.07121360
0.13618395
-0.04936392
-0.14378800
0.13409156
-0.18167515
-0.11191517
0.03677210
-0.07071934
-0.07449139
-0.10066140
0.10992964
-0.00910050
0.04976644
-0.19574808
-0.01301851
-0.01877183
-0.00143820
-0.00728437
-0.04560421
0.06228771
0.16236937
0.10201164
0.02266932
0.02782266
0.01940768
0.03341858
-0.00744793
-0.22177524
0.02623206
-0.13557926
-0.07580381
-0.01476937
0.14629164
-0.03064870
0.03048895
0.01717793
-0.09982673
-0.19347721
0.01107155
0.08227085
-0.03059978
0.02571156
0.13122825
-0.06194830
-0.01792123
-0.04688671
-0.11184613
-0.00165293
0.08862652
-0.00459934
0.14480919
-0.03262496
0.01532900
-0.02799256
-0.08627125
-0.00149648
-0.05297721
-0.07493982
-0.02493023
0.05584378
0.01162357
0.02648273
0.18088537
-0.07924355
-0.11340791
0.03520554
-0.07888622
0.13743086
-0.15268078
0.03815018
0.01397348
0.05287250
-0.00316978
0.03571333
0.04013793
-0.05853771
0.05010193
-0.04443284
0.11931456
0.04364691
-0.10302728
-0.03191997
0.01627082
0.03611815
-0.04062837
-0.09317101
-0.01160835
-0.05178025
0.04941161
0.17447765
0.06374611
-0.01282568
0.05194078
0.08826051
-0.05172015
0.02389642
0.04794561
-0.04990254
0.00244637
0.17115096
0.08107460
-0.16394507
0.15529610
0.03702934
0.07464132
-0.02841249
-0.11294809
-0.02389271
-0.09471350
0.02121384
-0.05053914
-0.12316908
0.08328952
-0.07179687
-0.00114640
-0.11289854
-0.01389378
-0.04349894
0.08692790
0.03704110
0.07461268
0.11583818
0.03283326
-0.20160952
-0.03055043
-0.01117781
0.04754410
-0.15014836
0.22646479
-0.01005625
-0.09666344
-0.16128906
0.03781538
-0.08260506
-0.10555043
-0.14510970
0.00819272
0.01731397
0.07807474
0.06751977
-0.02899778
-0.16867848
-0.17319946
-0.19284920
0.06600079
0.02469598
-0.01665791
0.11432326
0.09296814
-0.20100524
-0.07331202
0.03632904
0.03355567
0.01945083
0.13804388
0.05205313
0.00295094
0.07861673
-0.08088202
-0.00785068
0.07483412
0.06860605
0.05606565
-0.04439945
0.17724107
-0.04448069
-0.03518417
0.01864196
0.05055718
-0.00863551
-0.10570603
0.08569532
-0.07724180
-0.03601113
0.04759619
0.00107882
0.00002434
-0.19182131
-0.01801072
0.05111917
0.05505947
-0.01865132
0.01289310
0.04353989
0.07425789
0.09693748
-0.07994631
-0.06383819
0.07707087
0.01381341
0.03341852
-0.02842865
0.11745693
-0.10809798
0.10831136
-0.11484404
0.03624732
0.02408002
0.11976969
-0.08410924
-0.15421907
0.12802901
-0.09648599
0.00235014
0.00432876
-0.00640876
0.06656920
-0.08810502
-0.06876535
0.05887882
-0.03579125
0.06334821
0.08603035
0.09460827
-0.08584323
0.01623981
0.09810253
-0.02187244
-0.06751473
0.16646018
-0.01025228
0.01994382
-0.05375647
0.03108974
-0.17363621
-0.10173043
-0.15729151
0.04947060
0.06130010
0.17403449
-0.07689516
0.07515484
-0.02019757
0.08466821
0.17094072
0.07382139
-0.00379106
-0.15351065
-0.13900887
-0.08822137
0.12864398
-0.01268120
0.19197225
0.08819578
0.24105689
-0.05063420
-0.10798375
-0.04844841
-0.02742486
0.19206248
0.07280558
0.00094847
0.16680763
0.02272626
-0.01086672
0.11318416
-0.09367283
-0.12440857
0.03525353
-0.18150644
-0.08330365
0.06592896
0.17752090
0.07523044
0.07242639
-0.00537567
-0.00251936
-0.03008353
0.07376968
0.01796352
-0.01241303
0.15223605
0.09198633
0.28587772
0.09360716
-0.06504152
-0.07323668
0.13992089
-0.05840220
-0.06080785
-0.00963892
-0.03269889
0.04409937
-0.15328623
-0.04489886
-0.08382060
0.06432084
-0.10837215
0.17771854
-0.05946567
-0.02512883
-0.10111160
0.12062498
0.10966739
-0.00164148
-0.09030645
0.04473784
0.07672866
0.09276414
0.07575538
-0.08805070
-0.10500773
-0.03899573
-0.09700150
-0.01270458
-0.08978823
0.05647167
-0.00376396
-0.03186389
0.03964613
-0.06190355
0.03316558
0.02659358
0.06277625
-0.12364003
-0.06081366
-0.01024013
-0.01350086
0.08109080
0.02051406
-0.05380958
0.03879346
-0.18233248
-0.01342879
0.05995058
0.00274357
-0.20767192
0.02255621
0.05050921
-0.03111270
0.02328389
-0.11708899
-0.01825562
-0.03419697
0.03334928
0.00024482
-0.13620125
0.03646830
0.07817235
-0.05087151
-0.07307751
-0.03367050
-0.08481292
0.06309025
0.04075137
0.04313864
0.00556716
-0.07336970
-0.00260974
0.14926585
0.12814125
0.05798817
0.09736281
0.04757553
0.05618061
0.04492740
0.02969639
-0.07225141
-0.01864809
-0.00219603
0.04177022
-0.09177933
0.17916960
0.09937167
0.00211815
0.09793867
-0.13495046
0.02166161
0.09342733
-0.11244471
-0.03786568
0.17397127
0.04115675
0.03733299
-0.11955110
-0.03351468
0.00911938
-0.20806681
0.02104983
-0.01278793
0.01127540
0.11990076
0.06953233
0.04784942
-0.10671208
-0.02892680
0.09409369
0.08500267
-0.06405221
-0.10739078
-0.23854969
-0.11243433
0.07165762
-0.02298591
-0.10150415
0.08630170
-0.01231982
-0.16787347
0.06856957
0.02614212
-0.11384647
0.03039947
0.01884065
-0.09185161
-0.06275988
0.12761656
0.02431183
-0.03287411
-0.10907259
-0.03220290
0.02408936
0.01272817
0.05009066
-0.17069923
-0.14054523
0.15985798
0.09442741
-0.01197295
-0.07821908
0.06861167
-0.04208987
-0.00046096
-0.05357980
-0.10840402
-0.10431384
-0.05080776
0.17202530
0.01375530
-0.12929073
0.05033661
0.11971917
-0.03889637
0.02982282
0.16374053
-0.17617617
0.05261669
-0.06399322
0.04145668
0.02329845
0.11538618
0.01134644
0.02937021
-0.01955547
0.16020508
-0.12535682
-0.02091494
-0.05759951
-0.00932735
-0.12821237
0.08281957
-0.01349230
0.00227589
-0.08177861
-0.05667724
-0.01827558
-0.02676226
0.03042041
0.12590847
0.00569353
-0.03259877
-0.11749817
-0.27136757
-0.04974899
0.13365072
-0.02723054
0.13553770
-0.02965927
-0.05210680
-0.01399836
-0.19124527
-0.11255225
0.11723210
0.09405571
-0.01185150
-0.03630117
0.07888653
-0.10217898
-0.05391957
0.02077637
0.01519853
-0.12151148
-0.00433146
0.08065752
-0.00053010
0.06190472
-0.00863342
-0.11003843
-0.04359997
0.09861287
0.01335449
0.08712219
-0.00574750
0.00133806
0.01007958
-0.07818397
-0.07760822
0.13224136
0.09953560
-0.00620445
0.12356937
-0.09847142
0.10451195
0.03192276
-0.04929448
0.11869061
-0.05531461
0.17242555
-0.00660810
-0.12488816
-0.07512160
0.02946217
0.05171331
0.10708560
0.10774175
-0.05312973
-0.00165575
0.06265228
0.02306728
0.02672809
-0.06269358
-0.01964268
-0.04410844
0.06420060
0.05884348
-0.20128716
0.09634769
-0.08951513
0.03340200
0.08611905
0.03801245
0.02763577
-0.18006143
-0.11491195
-0.04700260
-0.00718690
-0.10201078
-0.06880636
-0.24053397
-0.06559322
0.01520693
0.03431033
-0.04041284
-0.08064937
0.14388918
0.01269959
-0.08000335
0.08058957
-0.02612653
0.17173570
0.07566788
-0.08174470
-0.05719234
0.08689905
0.00228539
-0.07277336
-0.19843825
-0.19011416
-0.08502385
0.03860471
0.05343681
-0.10159325
-0.15392037
0.06930061
-0.05433269
0.05213443
0.03193937
-0.05048168
-0.12957754
-0.01714991
-0.02144798
-0.14056716
-0.04294756
0.03001005
-0.04660678
0.06733647
-0.16484926
0.12468057
0.13070776
0.07695202
-0.09998353
0.06398647
0.12923799
-0.11963417
0.02521798
0.00982760
0.04461597
0.00687802
0.00714664
0.04686263
-0.06137769
0.17515336
-0.04860356
0.22108478
0.00271900
-0.05803626
0.01016576
-0.01913811
-0.06448684
0.13191037
-0.10440663
-0.01261566
0.05055646
-0.00417985
-0.10274319
0.04811538
-0.02568102
0.05005430
-0.09043901
-0.01487061
-0.06692165
-0.06889243
-0.08282629
0.01909767
0.00533064
0.02550967
0.02562600
0.12454032
-0.15507770
0.23402009
-0.10755796
0.02910075
-0.02551077
-0.01225492
-0.09899696
-0.06750413
-0.07707301
-0.09182668
-0.00055163
-0.00306912
0.07889189
-0.11327952
0.16020231
0.05501291
-0.11337563
-0.05451909
0.06110574
-0.07851568
0.02391130
0.06630283
0.03648472
-0.10943756
-0.02156705
0.17639087
-0.05416829
-0.21071866
-0.13285631
0.01897268
-0.00815728
0.10559456
0.05096646
0.04909644
-0.11328019
-0.14668431
0.01627576
-0.01829484
0.08590594
-0.13039035
-0.01585794
-0.02241748
0.06794049
0.10028337
0.06984554
0.05277742
-0.08048662
-0.23021137
0.08609179
0.09831637
-0.00750516
-0.03702796
0.03189477
0.08864797
0.05728706
-0.05579713
-0.08684596
0.14327394
-0.13296851
0.14808024
0.02435013
-0.13185674
0.06942038
-0.06515795
-0.05610855
-0.00151604
-0.04290339
0.11000617
0.08178827
0.15685306
-0.01571568
0.14604848
-0.06058500
0.09186278
-0.01659728
0.09289432
-0.08615651
-0.09410248
-0.10779569
-0.15336919
-0.05015289
-0.17815658
-0.02037040
0.02085660
-0.18824814
-0.01712039
0.00669098
-0.07929314
-0.02443001
0.02854698
0.09535213
-0.01350953
-0.00850653
0.04445226
-0.08432019
0.09631835
-0.10763707
0.00027257
-0.01200634
0.09121279
-0.02291950
-0.07297574
-0.05716998
-0.04579806
0.19919245
-0.08219832
-0.20392910
-0.09554541
-0.09471431
-0.05541881
0.04094886
0.11944422
-0.04540918
-0.01724218
-0.00966407
0.08150642
0.00536138
-0.02833457
-0.01401564
0.09853758
0.08944691
-0.01664833
0.02892137
-0.05043037
0.06505716
-0.06615024
-0.16393237
-0.13614432
0.08763621
0.07519050
-0.09007020
0.04370527
0.04935936
-0.03646165
-0.15437861
-0.04862961
-0.04778463
-0.04877112
0.03946577
0.03879163
-0.15375100
-0.04626825
-0.05195204
-0.06321550
-0.15709182
0.09023513
-0.03866210
0.07771155
0.11956855
-0.14363936
-0.08574027
-0.02350137
-0.07923378
0.07581160
0.07840766
0.01675088
-0.08378704
-0.18029654
-0.08805983
-0.05754796
-0.14063346
0.02173195
0.01755654
-0.14276679
-0.19209947
-0.08099302
-0.03226438
-0.00955759
0.08167628
0.02126104
-0.00591584
-0.04919748
0.00665031
-0.00989181
0.03397019
0.03598500
-0.04078756
-0.02471226
0.04788831
-0.06170277
0.17469614
0.15102807
-0.00575812
-0.11655280
0.17278918
0.01797277
-0.00715435
0.01539678
-0.12897904
-0.11186826
-0.14464646
0.02966719
-0.09059436
-0.03363258
-0.11361724
-0.08397628
0.02944606
0.10603235
0.04938491
-0.00605583
-0.06836158
-0.00570766
0.06746178
0.01038686
-0.06380882
-0.18721186
-0.03851318
0.08818422
-0.13149057
-0.01359718
0.02442640
0.05952102
0.07968840
-0.00703981
0.05106093
-0.01458052
-0.04858094
0.01246570
-0.17378950
-0.10099202
0.14095166
0.03083286
0.09385033
0.03430975
-0.09982831
-0.01923385
0.05335038
-0.03198150
0.00568668
0.09884817
0.09080234
0.13360513
-0.03602448
0.10135123
0.00074768
-0.09741183
-0.08327459
0.03641661
0.07367338
-0.04453423
0.06570392
0.01387289
0.15199819
-0.15259200
0.09362499
0.04355288
-0.04237082
0.09182279
-0.14393466
0.03811244
-0.06111472
0.07838893
0.14724240
0.01209784
-0.08117570
-0.11466191
-0.03715480
-0.13832734
-0.16917795
0.01137212
-0.10879834
0.12114119
0.11764750
-0.10786599
-0.04367411
0.02543561
-0.02918051
0.13668058
-0.08574421
-0.03426182
-0.01571623
0.22870097
-0.15052540
0.03340662
-0.00641774
0.12370378
-0.11775574
0.05591228
-0.00078251
0.07445680
0.10976557
-0.02067119
0.05682528
-0.09504038
-0.14573074
0.04053106
0.07193061
0.13286554
0.10646519
0.00266239
-0.04464470
0.00267607
-0.00116606
0.14026616
0.00993205
0.06528560
-0.04969500
0.03796038
-0.14003408
-0.14398007
-0.16305510
-0.05486789
0.04836068
0.05903224
0.16556484
-0.03184621
-0.11106972
0.03199842
0.10471434
0.05588882
-0.01201606
-0.04404001
0.00614973
0.11008578
-0.01528438
-0.09701136
0.03332676
-0.03983104
0.08729889
0.01451051
-0.00601878
-0.04164708
0.16610924
0.04334424
-0.08612905
0.02266022
-0.04578958
-0.07299207
0.03716136
-0.08505684
-0.04109487
-0.07518256
-0.01381573
0.01853163
0.02349043
0.00882367
-0.15264688
0.10736506
0.04965107
0.05215496
0.26014912
0.01171193
-0.09574062
-0.01720609
0.06764804
0.06227441
-0.00008294
-0.01930983
-0.06283160
0.00278737
0.04390064
0.11514689
-0.00063561
-0.06231367
0.06668365
0.06364709
-0.08158090
-0.13222798
-0.04884070
0.09361764
-0.01019195
-0.01273058
0.10911016
0.20781165
0.08259437
-0.21203742
-0.17730695
0.05403662
-0.00494751
-0.18103937
-0.04564105
0.03749533
-0.04034233
-0.14994982
-0.12896636
-0.05020915
0.06730036
0.08032852
0.04900103
-0.06067113
0.01717175
-0.02298797
-0.11597536
-0.14747526
0.07687333
0.06314110
-0.02137908
0.03650941
0.06162895
-0.04287791
-0.19159036
-0.07236465
0.29225085
0.02812716
-0.11159804
-0.04767340
0.05416791
0.02190121
-0.06286495
0.01582116
0.08308543
-0.07311977
0.06424413
0.01051378
-0.08998926
0.02269420
0.13455225
-0.17732532
-0.02053708
-0.11357233
-0.04586145
-0.04147198
-0.15155114
-0.09596155
-0.11294380
-0.05350360
0.09753064
0.11179328
0.07348493
0.09760743
-0.11843432
0.18785867
0.02195362
-0.09462340
0.21296766
-0.16155926
-0.09295014
0.01693706
0.07404056
0.00899012
-0.15328235
0.25557855
-0.03480442
-0.04403264
0.05367249
0.01672837
-0.09761393
0.03891328
0.08699911
0.11640839
-0.14898434
0.01318536
0.03812425
0.04830595
-0.04860649
-0.00648600
-0.04723557
0.01779797
-0.08051422
0.03357117
0.05707381
-0.14931796
0.01756489
0.07406533
-0.07568198
-0.06459331
-0.06923693
0.11154918
-0.11296270
-0.10228541
-0.20593659
0.05597952
-0.09811024
-0.00581609
0.13027402
-0.03099900
0.01779103
-0.13456190
0.00167323
-0.04313860
-0.08044695
-0.21676990
0.14082995
0.03113543
-0.08638410
-0.07629914
-0.00496730
0.02647359
0.01758806
0.02702854
0.11628808
0.01627078
-0.06686136
-0.15746407
0.16891473
0.03245649
-0.09498050
0.10225102
0.07306160
-0.03386512
-0.03616265
-0.04245922
0.01280312
-0.16683143
-0.05655532
-0.14362827
-0.05108880
-0.04277624
0.00058721
-0.18283192
-0.08730401
0.02802921
-0.14787677
0.22513678
0.00421821
0.12688275
0.02832938
0.09653831
0.04213477
-0.12612248
0.26355474
-0.07292881
-0.18657886
0.19740628
0.06631544
-0.12232157
-0.05711474
0.00774498
0.09831772
0.06318826
-0.12422257
-0.22197584
0.03602575
-0.00645782
-0.02244363
0.23203034
-0.07787152
0.20169302
0.13842010
0.08467056
0.00012035
0.03890455
0.06412024
-0.12607043
0.03223522
-0.00441390
-0.00017420
0.07558910
-0.09083209
-0.08207914
-0.26839621
-0.07982029
-0.20293721
-0.18879173
-0.23013399
-0.03597716
-0.15475486
-0.17783738
-0.02117116
-0.18347933
-0.22529167
-0.09436470
-0.30339718
-0.18300558
-0.18938994
-0.15179871
0.03810023
-0.21510093
-0.09042701
0.05613272
0.24006501
0.14319451
0.12116823
0.23773106
0.31597969
0.15222463
0.30004495
0.44790887
0.25200583
0.46365955
0.44404620
0.24785278
0.36672690
0.33414969
0.37117703
0.14476249
0.14870939
0.33673786
0.06476821
0.06198401
0.01098567
-0.08467881
0.01544567
-0.18225816
-0.14281118
-0.11742546
-0.28005048
-0.14725964
-0.19470552
-0.21739841
-0.23060990
-0.13220409
-0.22394726
-0.28050470
-0.36374646
-0.22942455
-0.15625125
-0.19695386
-0.19636671
-0.15668879
0.09847392
-0.32999399
-0.18050421
-0.06617713
-0.21224843
-0.14033776
-0.15204758
-0.16244766
-0.17062819
-0.00050805
0.07197819
-0.01217214
0.04980784
-0.09555699
0.03470273
0.04934265
-0.03000551
-0.00002694
0.13911569
0.08271279
0.05690841
0.09963352
-0.05499427
0.12123205
0.01252424
0.02061924
-0.05043770
0.03246660
0.17472415
-0.11406702
-0.06152414
0.12096438
0.03687605
-0.15828942
0.09357996
0.04914259
-0.06039068
0.10568073
0.00360149
0.06562067
-0.01969861
-0.10823139
0.13605946
0.09535782
0.07128796
0.02028825
0.08805688
0.04944863
-0.12698140
0.03445889
-0.02768113
-0.15233151
0.08284173
-0.12265366
-0.12738262
0.01741698
-0.14317591
-0.01938557
-0.00684684
-0.21149357
-0.01735616
-0.19445905
-0.07834782
-0.17869965
-0.17433385
0.05466201
0.08377365
-0.03182664
-0.09334727
-0.03007405
0.08233981
0.03111528
-0.09108761
-0.10485731
0.10530882
-0.03330269
-0.03855357
-0.09188215
0.13730089
-0.06146919
0.20865295
-0.03417285
-0.05464879
0.13089266
0.10962558
0.15082274
0.12843920
0.16500862
0.04494199
0.25135035
0.40464772
0.27361035
0.36407809
0.38010817
0.36900063
0.34128037
0.33500037
0.11954856
0.40595834
0.27030312
0.18331193
0.27852681
0.32895759
0.31292722
0.01365896
-0.04051860
0.05905663
-0.19411810
-0.33130673
-0.35554995
-0.23050597
-0.30398797
-0.42427577
-0.50967725
-0.50234653
-0.69960338
-0.67637665
-0.48423707
-0.44748012
-0.51461571
-0.50196510
-0.48818147
-0.59333704
-0.40286354
-0.29715929
-0.16784778
-0.14439944
-0.06145546
0.00275276
0.00067890
0.23879727
0.09626297
0.26175600
0.16513850
0.13601243
0.32074549
0.37815641
0.31991017
0.28279599
0.24818762
0.27926454
0.45063270
0.26559178
0.27610776
0.35693454
0.13280556
0.15577164
0.18913602
0.11327939
0.08262679
0.07468788
0.06582950
0.07146038
0.00382216
0.09874446
0.03755849
-0.16071904
-0.04012457
-0.12383372
-0.00564253
-0.21059058
-0.19385342
0.01903637
-0.14432400
-0.17123198
-0.15529086
-0.10251934
0.06000503
0.02610119
-0.14119649
-0.12824411
-0.20825569
0.05897355
-0.02262523
0.18390871
-0.10044439
-0.00200967
0.06272314
-0.10807860
0.11618571
0.05847656
0.07067807
-0.10277439
0.05833472
-0.03239977
0.05052429
0.14520088
-0.02592387
0.10105232
0.09664846
-0.00314049
0.07568536
-0.12876686
-0.05001344
0.09274368
-0.07789630
0.21773508
0.04392177
0.05316968
0.15175600
-0.02504877
-0.12244999
-0.07021967
-0.08015574
-0.00765986
-0.11365978
-0.02945416
0.01567715
0.06861028
-0.03827802
0.10817102
0.01823722
0.02670931
-0.09850225
-0.04519206
0.04203680
0.08918690
-0.09114501
0.02282338
0.06962182
-0.00444155
0.06166615
-0.09442453
-0.13810010
-0.20728135
0.08630676
-0.04448469
-0.06376949
-0.02493573
-0.01503359
-0.02221553
-0.01082304
-0.06057145
0.10137884
-0.07964296
-0.06008180
0.03407510
-0.10236142
-0.04396150
-0.10779997
-0.03512400
-0.05467236
0.03083783
0.16489197
0.11403670
0.04446688
-0.07064731
0.07884985
0.06591395
0.05365103
0.13702971
0.00983146
-0.08285179
-0.06366172
-0.09163059
0.14551656
-0.03727232
-0.04541209
-0.02888487
-0.00068888
0.00679345
-0.03062325
0.22104429
-0.00828629
-0.00443080
0.02052874
-0.07804300
0.00136833
0.04608577
0.02197169
-0.11043594
0.04348111
-0.12215907
-0.09555282
0.03713569
0.04064717
0.01046292
0.01980108
-0.10618682
-0.03459078
-0.08192382
-0.06493686
0.06822110
0.03264412
0.10905179
0.05173400
0.04877946
-0.01496491
0.07380577
-0.03048000
0.03910946
0.07809398
0.09405742
-0.12449103
0.08036447
0.02041092
-0.09630114
0.07029849
0.07955855
-0.17393043
0.06093253
-0.13431795
-0.03933332
0.08807624
-0.08356270
0.00315531
0.05535586
-0.14320781
0.01617923
0.06006115
0.05876894
-0.00317947
-0.07297081
-0.01261367
-0.00465045
0.05986231
0.04159913
-0.21590975
0.05613341
-0.06116362
-0.01507232
-0.07362147
-0.11488084
0.13039692
-0.00979421
0.13593317
-0.05367209
-0.33862322
0.02944733
-0.05617569
0.05491215
-0.04397276
0.02652524
0.00493039
0.06990247
-0.09082143
-0.07008331
-0.00780316
-0.01739157
-0.00842788
-0.04731678
0.14798926
0.11046078
-0.01056439
-0.14121768
0.00367843
-0.08541373
-0.02186646
-0.05016409
0.06365806
0.01122979
-0.20627155
0.05073145
0.01138107
0.00573302
0.02634116
0.20391806
0.06396576
-0.05544018
0.19900981
0.00253750
-0.01228114
-0.06081930
0.12726325
0.19159169
-0.01688179
-0.03003890
-0.09377366
-0.08434162
-0.16848782
0.04840764
0.12542916
0.03961423
0.12221215
-0.07685127
0.01077204
0.01399896
-0.03388075
0.06264356
-0.08047014
-0.01922268
-0.01323452
0.04442664
-0.14571366
0.08560774
-0.09043022
0.03665115
0.10511597
0.01088087
0.04598835
0.03866547
0.06135876
-0.10164161
-0.01071029
0.03778627
0.14542012
-0.14908491
-0.01698816
0.08116408
-0.10630370
0.04147300
-0.04332702
-0.02942680
0.00812690
0.03406509
0.10864219
0.02427441
0.02949035
0.00481986
-0.05154003
-0.05576730
0.10003592
0.04701613
0.11004144
0.04425340
-0.04269604
-0.14388397
-0.01605408
0.02432058
0.03462388
-0.06250611
0.00949010
0.03452502
-0.01065042
-0.00963933
-0.00948327
-0.03857901
-0.05331185
-0.10875471
-0.02444242
-0.00350842
-0.04580854
0.09748328
0.10153741
0.07716952
-0.04310839
-0.04123180
-0.06365126
0.01008924
0.08177867
-0.06304042
-0.17372361
0.08029985
-0.03356274
-0.12153599
-0.05812134
0.09099768
-0.06588584
0.02007568
-0.21037749
0.11276231
0.00503506
0.08313007
-0.00733115
-0.03449214
-0.16667346
0.04655095
0.09808085
-0.00979053
-0.13542770
0.02322255
0.03637482
0.03882876
-0.02021260
0.23259985
0.04503120
0.03073709
0.01204909
0.09626505
0.01456969
0.10073525
0.10674483
0.22582990
0.12674141
-0.19277094
0.14526104
0.02396884
-0.07062950
0.03121210
0.14520107
0.00654225
0.06636973
0.04488310
0.02492430
-0.03638896
-0.12962895
0.01096651
0.05157827
0.18370787
-0.07346035
-0.15612449
-0.11387452
0.14437316
0.01539995
-0.08867080
-0.17846195
-0.12746733
0.09842329
0.02923048
-0.07856657
0.01650952
0.03961264
-0.05875683
0.11659477
0.05891224
0.07601995
-0.08514737
0.04637858
-0.01013307
-0.05133031
0.03789602
-0.12793738
-0.09714157
0.03564785
-0.01444285
-0.00038265
0.06897826
0.01991801
-0.05372376
-0.03773325
-0.14614474
0.09716460
0.05417563
0.07103678
0.06176817
0.07138464
0.09819258
0.03183307
-0.02229674
0.18197586
-0.00377312
-0.08330377
0.09978632
0.17061736
0.08930718
-0.08578484
-0.05321592
0.03759542
0.09734594
0.06617082
-0.12361973
-0.08704695
0.01399728
-0.03361613
-0.00738315
0.02395356
0.08371293
0.09544866
-0.15234432
0.03280413
-0.04496137
-0.12070668
-0.05479599
0.15221155
0.03371438
-0.04815818
0.04273354
0.00629739
0.00396844
-0.00849306
0.05632858
0.08621603
0.05941778
0.06618135
-0.02065183
0.02938055
0.02921492
0.01178995
0.02797350
0.00521313
-0.02188903
0.05101777
-0.16151723
-0.03168484
-0.05095497
-0.11098595
0.01795623
0.11157722
-0.00151930
-0.09420426
0.09439191
-0.01055290
0.01766042
0.00131374
0.01784905
-0.06602444
0.00501571
0.05211114
-0.05035254
-0.03475518
-0.04092191
-0.03505234
-0.06615264
0.03310456
-0.08007994
0.07956953
0.08139787
0.03254835
-0.06503834
-0.00154732
0.14027622
0.02795865
-0.06453297
0.05907458
0.02824657
-0.16655156
0.04114021
0.04219501
0.19520755
0.03105652
-0.02023642
-0.05905434
0.04324664
0.04544760
0.14554994
-0.00941731
0.14385212
-0.09690178
-0.08237739
0.03862899
0.04427382
-0.00558729
0.04573531
-0.12164689
-0.09705082
0.09796890
-0.03090508
0.18121435
0.11481893
-0.09204155
0.02957483
0.07321065
0.15948997
0.00688373
0.02068681
0.14608611
0.17408444
-0.09760427
-0.08084969
-0.01134510
-0.02146280
-0.12904095
-0.08404018
-0.11413814
0.01939116
0.27922132
