-0.03638462
-0.25374494
0.09977836
-0.19639513
-0.01462941
0.13384349
0.03473418
-0.10962195
-0.01223112
-0.00828024
0.13489386
0.13619458
-0.05015333
-0.03162524
-0.00616350
0.05075545
-0.08876568
-0.17178896
0.06920257
-0.14339055
0.19441363
-0.01575140
-0.12243132
-0.00306826
-0.03353713
0.03431158
0.17770803
0.13813275
0.20738041
0.00427659
-0.03825107
-0.15692894
0.17274459
-0.08139619
-0.10590164
-0.16866662
-0.06813429
0.08635418
0.07186748
0.02330146
-0.13676735
0.19428037
0.14273173
-0.05650888
-0.03085181
0.01791449
-0.05924346
-0.05152643
0.05522413
-0.06637036
-0.03697216
0.10120101
0.11516482
0.01894852
-0.14766395
-0.10879702
0.16805166
0.19013826
0.11572576
-0.05968541
-0.07018039
-0.03068904
0.07734437
-0.15854893
-0.00961957
0.03636819
-0.02138161
0.07562279
0.04841971
-0.10692515
-0.03668039
0.00383541
-0.02433026
-0.06738384
0.00400678
-0.04979208
0.00998295
-0.10030826
-0.05911080
-0.00904580
0.06343461
0.05812172
-0.04479552
-0.03897931
0.08431349
0.16743984
-0.02971131
-0.00771123
0.17665898
-0.12197046
-0.16206065
0.01245973
0.02832948
0.00206895
0.13199163
-0.10750715
-0.06108686
-0.08880818
0.10249903
-0.04543654
-0.09547767
0.19060372
0.01953869
-0.17576478
0.12304703
-0.02381758
0.17695272
0.08854609
-0.04011951
-0.12503631
-0.11224890
-0.14480684
0.01476956
0.06002035
0.08919205
0.01111232
-0.06956609
-0.06539868
0.05910409
0.05956225
0.06272642
0.07572064
-0.00198880
0.01158501
-0.14401985
0.16327949
-0.04562378
0.00494193
0.04232512
-0.14537208
0.11327596
0.06904115
-0.18766786
-0.05362784
0.18489986
0.02528363
-0.16415873
-0.19348603
0.00184805
0.16621114
0.06106782
-0.13647493
-0.05276509
-0.03978670
-0.01103735
-0.00662476
0.03449366
0.16971558
0.06633171
0.09723682
-0.06470259
-0.02035482
0.01711012
-0.02822861
0.08553314
0.00336264
0.04274138
-0.03348360
-0.07629657
-0.05811780
0.00857831
-0.18165144
-0.05313718
-0.12966052
0.10002898
-0.07137705
0.24583970
-0.05980772
0.14325356
0.01886488
-0.17555541
0.06789483
-0.15271010
-0.09149937
0.12865444
0.07166829
0.17089723
-0.17894669
0.07754653
-0.06716775
-0.10310405
-0.11160536
-0.16527212
-0.04583802
-0.21662297
0.10524887
0.04516985
-0.12661645
-0.00399151
0.04050526
-0.20214044
-0.05714757
0.03217134
0.04086925
0.12696727
-0.11585738
-0.02820921
-0.09888409
0.02569550
-0.09088715
-0.05848278
-0.08757285
-0.02303736
0.04139594
-0.01774901
0.05049500
-0.08784028
0.00616238
-0.08147123
0.02063447
0.02780483
-0.00061113
-0.03112642
-0.12100128
-0.16265800
-0.16136052
-0.14647343
0.03057603
0.02993517
-0.03720969
0.14170412
0.00254414
-0.13657956
0.16734326
-0.13389824
-0.06638300
0.17476603
0.08577330
0.06105421
0.03746270
0.08470425
-0.05388635
0.05566435
0.09423534
0.08139976
0.00436947
0.02186719
0.11342362
0.03638168
0.16928409
0.18311734
-0.07600585
0.02939604
-0.00072560
-0.03259838
0.06409610
0.08671961
-0.20717832
0.19395049
0.21531285
0.29903379
-0.03449259
0.12630780
-0.02275258
0.14185943
-0.09449093
-0.04364867
-0.00116225
-0.01999092
-0.15819820
-0.10145916
-0.13048088
0.07720974
-0.09683841
0.10932968
0.04763404
-0.08550192
0.04239285
0.03499676
0.02546315
0.05744913
-0.17803545
0.03036914
-0.06274648
-0.15574627
0.07420413
0.04949851
-0.07766404
-0.16604644
-0.13057591
-0.15498301
0.10894306
0.00097178
0.28756758
-0.10334576
0.01301500
0.07260848
0.13110729
0.03995667
0.13849577
-0.14450653
0.02831511
0.08797032
-0.13566083
0.20595013
0.12563184
0.01235044
0.10504122
0.01276999
-0.04474251
0.07442307
0.20130357
-0.02064691
0.10933826
-0.15919820
0.06111878
0.11467937
0.14743080
0.21023057
-0.14374406
0.11485245
-0.03117786
-0.18928602
0.03191672
0.00562529
0.15636111
0.17599523
-0.06990142
0.12666828
-0.08107288
0.20062094
0.07365776
0.15062686
0.07322141
0.01343691
0.05582209
0.02069168
-0.12465420
-0.03235189
0.37138933
0.02318455
-0.00310690
0.00430551
0.04291798
0.16138454
0.14982414
-0.36089729
0.18310169
0.00138318
0.06240628
-0.06105403
0.07061385
-0.03577752
0.15341769
-0.00186506
0.01382157
-0.01380419
0.03598450
0.06283181
0.10252061
0.11735254
0.08117239
-0.09220676
0.00760221
-0.09175899
0.13702635
0.12742097
-0.10674409
-0.04671546
0.13707513
0.03276633
-0.15628815
0.07168273
-0.08969688
-0.01927883
0.00556340
0.05293813
0.04575849
0.00325724
-0.01385409
-0.08833588
-0.09248607
0.21522939
0.06059284
0.05323935
0.11612079
0.10498047
-0.08810771
0.08187780
0.01514464
0.03844041
-0.14381103
0.05137442
-0.02088016
-0.03027134
-0.08190924
-0.09073460
0.08297058
0.08263210
0.12747520
0.08364304
0.07770403
0.03063587
-0.12330217
-0.05041392
0.07957627
-0.08607667
0.03611384
-0.16009897
-0.02861014
0.11315035
-0.01925055
0.13687524
0.05677944
0.00124631
0.01110442
-0.04400188
-0.08757001
-0.14321755
0.14625125
-0.12742560
0.09554772
0.13206910
0.17665287
-0.04819620
0.08437958
-0.18276776
0.16397745
-0.11062371
-0.00331150
-0.12944443
-0.06146179
-0.09401829
-0.08764391
0.07877697
0.10646050
0.23763002
-0.00775237
-0.14363767
0.15227704
-0.02994449
0.02839581
-0.03639367
-0.05423409
-0.03033890
-0.04264266
0.04384673
0.06520126
-0.15989195
-0.02162446
0.08053223
-0.08991423
-0.20403855
0.24069372
0.19923642
0.18500273
-0.13133489
0.11417440
-0.06384817
0.02769138
0.14849789
-0.09550483
0.00369657
-0.27775944
0.06618836
0.00789938
0.08540477
0.08178570
-0.05815949
0.05823074
0.08615611
-0.04771647
-0.03137644
-0.00890041
0.04578413
0.11687113
-0.00151272
-0.00662026
0.04405572
-0.07219482
-0.06926626
0.14926058
0.07434887
-0.16433770
-0.18672785
-0.05070342
-0.18704590
0.26282995
-0.01153215
-0.12256182
-0.10013068
0.03431092
-0.23554801
-0.03487999
-0.02136704
0.03900521
0.04012053
0.02263144
-0.25634448
0.07607921
-0.19460675
-0.15589432
-0.04251281
-0.18760985
-0.12461402
0.05689764
-0.18134170
-0.03699674
-0.17760427
-0.06533875
0.16433651
-0.03645050
0.18682661
0.11758874
-0.17561672
0.05395545
-0.19094680
-0.09524606
0.08743511
-0.25387850
0.03287871
-0.08417037
-0.13242792
0.11200855
-0.15116679
0.16893681
0.08239789
-0.01333790
-0.18757839
0.08284999
0.07896320
-0.21043555
0.09032363
0.08005578
-0.10434195
-0.07743179
0.22353735
-0.23889713
0.11805175
-0.03138186
-0.03605705
0.04333301
0.17537834
-0.03840347
-0.01430259
0.07807895
-0.19042285
-0.05930638
-0.02479626
-0.04689864
0.20994554
0.04829490
-0.00356880
0.02595878
0.16172920
0.18522336
0.01494247
-0.01071458
0.18244940
-0.03689243
0.07832184
0.10929427
0.02375065
0.03543211
0.03885813
-0.26693308
0.02142865
-0.07253743
-0.09420459
0.06539636
0.10288592
-0.16919037
0.02481345
-0.14356261
0.06922651
-0.00334808
-0.03365941
0.26025112
0.00816810
-0.10160900
-0.23299051
-0.01945675
-0.08952227
-0.08084562
-0.10749534
0.00055181
-0.03481066
-0.15560739
0.12064246
0.02685822
-0.04377860
-0.01411630
-0.02649786
0.02491250
0.02504090
0.05810625
-0.07590605
-0.01583949
0.04261334
-0.13748927
0.04918559
0.14634643
0.12332637
0.06230276
0.05819612
0.08476515
0.05835507
-0.05130860
0.09931734
0.03486056
-0.15101448
-0.13812503
0.02142448
0.03110704
-0.16155339
0.05050611
-0.07775518
-0.10117269
0.05529281
0.07301608
0.00642085
0.02735659
0.12147514
0.18326328
-0.01527549
-0.00367453
-0.12770765
-0.06900170
-0.04277934
-0.03480979
0.04495568
-0.10216993
-0.06324276
0.08589211
0.01411044
-0.07092752
0.21373799
0.07173675
-0.04280625
-0.12329976
-0.13089047
0.06312081
-0.25199012
0.18280626
-0.07681396
0.03313222
0.07153109
-0.19094733
0.00542053
-0.08732884
0.13640083
0.03012965
-0.19761585
0.03318972
-0.03814128
-0.00373340
0.17102694
-0.17826325
-0.13434743
-0.01107609
-0.08781232
-0.11935733
0.03510199
-0.07991477
0.21282768
-0.25161594
-0.08913168
0.12981862
-0.07927264
-0.06758124
-0.02941816
0.05063838
-0.13895692
0.00719378
0.09751133
0.16542179
-0.06272271
-0.20936080
-0.06128886
-0.02993780
0.08292065
-0.04707999
-0.04051994
-0.01456436
0.00081742
-0.15396451
-0.06726709
0.22600248
0.06483769
-0.05203539
0.13096673
-0.17436119
-0.07284002
-0.02249651
-0.16475390
-0.22359357
-0.16961215
-0.00912385
0.00029091
0.12457155
0.11909101
-0.08001166
0.26803200
0.06370389
0.09713586
-0.07322110
-0.02097891
0.17216163
-0.01371216
-0.13584415
-0.21191433
0.16136516
-0.03453233
-0.03636714
-0.05133648
-0.06458137
-0.02218441
0.10766747
-0.06142091
-0.07893914
-0.05664799
-0.01781068
-0.10889977
0.02140204
0.00582753
-0.34367028
0.05427498
-0.07885897
-0.08160931
0.01212007
-0.08721217
0.06432810
0.09481044
-0.09769615
-0.01172001
0.12333201
-0.06702988
-0.03321186
-0.09351110
-0.10410865
0.14108100
0.01437306
0.21147127
0.12278956
0.06278034
-0.17491165
0.00704314
-0.01228927
-0.12007097
-0.01373225
-0.06150285
-0.02698659
0.06422605
-0.06563968
-0.08389899
0.03969912
0.00281638
0.02314990
-0.09685848
-0.02818592
0.00370082
-0.09409721
-0.10792110
-0.00792777
0.08486453
-0.24653557
0.00243552
-0.04045467
0.01334539
-0.20974760
0.01736989
0.20424236
0.04232967
-0.11144362
-0.00884743
0.16682123
-0.08233311
0.00818883
0.01043990
0.04114030
-0.08435267
0.11834019
0.06606484
-0.18664490
0.02421035
0.14397484
0.18847717
-0.11042198
0.01339476
-0.17214637
0.23722965
0.08397991
0.20047441
0.09681972
0.02681817
0.03659574
0.03892434
0.08432480
-0.03447462
0.05617029
0.05701629
-0.02516860
-0.04927423
0.02556567
-0.05367276
-0.05161554
0.01942959
-0.06783860
-0.05571819
-0.02724351
0.02695163
-0.09307528
0.00649784
0.18311154
0.03585219
-0.02623561
0.09303871
0.01796392
-0.00408814
-0.03634152
0.00166857
0.11892398
0.08795705
-0.03480690
-0.18858221
-0.11638951
0.01446270
-0.20226388
-0.02018752
0.04541843
0.03245726
0.04564701
-0.04577269
-0.24765166
-0.01652772
0.08612949
-0.05607025
-0.24467450
0.07288473
-0.06432894
0.20713995
0.05687912
-0.09332405
-0.17764699
0.15247995
-0.05389818
-0.21645602
0.09520813
-0.04565617
-0.04608235
0.10861548
-0.07134144
-0.04824794
-0.10691965
-0.21824972
0.14931545
0.06514167
-0.17464469
0.09189781
0.14635152
-0.10788830
-0.16900086
0.17484044
0.07121620
-0.03984923
-0.03364982
0.00614231
-0.07962772
-0.00361421
-0.04832284
-0.01050734
-0.01214496
0.04574807
-0.08607930
0.13529456
0.00875413
-0.17891430
0.09144250
0.02786748
0.00462834
0.07557364
-0.01282782
0.01245402
-0.03399469
0.03691275
0.03517389
-0.08901670
-0.00474820
-0.34392592
-0.01189953
-0.08418259
0.21117531
0.12561317
-0.12867885
-0.02732915
0.08276358
-0.14625556
0.06450711
-0.07958822
-0.12349545
0.04999842
-0.04125600
-0.09352706
-0.06058047
0.11379793
0.14510040
-0.07283897
0.06606706
-0.00237595
0.11967355
0.03960703
0.05919063
-0.06201926
0.07104668
-0.02050265
-0.03248216
-0.04294062
-0.03894680
-0.06787023
0.06787416
-0.08437152
-0.07286472
-0.33128069
0.14086739
0.12963442
-0.01770175
0.12842340
-0.11476754
-0.05175748
-0.16857402
-0.05171654
-0.02318191
-0.15866084
0.02197969
0.09451326
0.09825548
0.00777179
-0.10083930
-0.17393297
0.12736301
0.05813778
0.18403286
0.05183238
-0.00664191
-0.07346149
0.14370244
0.11788376
-0.08840282
-0.06272764
0.12282520
-0.13085493
-0.00029796
-0.14075687
-0.24534105
-0.02935928
0.00866129
0.02779426
0.05706762
-0.01891881
-0.02457954
-0.07794583
0.02938732
-0.00361612
-0.05534390
-0.12324195
-0.06766493
-0.06627964
-0.15809016
-0.26214556
0.02785893
-0.00951776
-0.21123195
0.08857203
-0.00594054
-0.07730754
0.01749059
0.07905972
0.03510202
0.18342954
-0.10010199
-0.06815066
0.08531931
0.04623510
-0.25164751
0.11617267
0.07461806
0.02432422
0.17526984
-0.09366461
-0.22079740
-0.30715803
-0.11575966
-0.01122618
-0.01964469
0.03837222
-0.13015462
-0.03951610
0.05179204
0.03046326
0.07781156
0.20269734
0.02297318
0.08338412
0.01941202
0.07818653
0.05474127
-0.12076306
-0.03620340
0.04366893
0.02148669
-0.00023321
-0.06703000
-0.09084194
0.04528177
0.16567512
0.02466291
0.15299584
-0.06727736
-0.01119918
-0.01060895
0.00616119
-0.09780428
-0.02827385
-0.00983407
0.15740425
0.05863761
0.27643574
0.11603525
0.09733260
-0.12205908
-0.05980145
-0.11059961
0.12065208
-0.00326708
0.12468575
0.13042072
-0.08867067
0.05601928
-0.01231685
-0.12622379
-0.03018005
-0.11968171
-0.30403451
-0.08401509
-0.00481144
-0.11265396
-0.16029599
-0.15767463
-0.01439510
0.03784164
-0.16695943
-0.07057102
-0.07585814
-0.02050076
0.07183201
0.13292107
-0.13436004
0.15055575
0.09070141
-0.02137235
-0.11231567
-0.05504387
0.21966283
0.06218060
0.05626099
0.17500919
-0.05857911
0.05503148
0.32670828
0.07050598
0.07247362
-0.08354331
0.10619316
0.09601322
0.07231659
-0.19344066
-0.27425353
-0.14636577
-0.29623091
-0.35153387
-0.29073586
-0.36325855
-0.39963191
-0.49348150
-0.48344779
-0.35100840
-0.38445377
-0.28639340
-0.37086900
-0.35134587
-0.43270093
-0.18332789
-0.03441182
-0.03329759
-0.11339039
0.03558852
0.29114490
0.13233335
0.33751695
0.57358536
0.55095611
0.53046276
0.54249381
0.71405122
0.81631849
0.65057223
1.01358456
0.80458819
0.79587893
0.82967079
0.68219379
0.75882446
0.69382868
0.74574309
0.32450776
0.29258718
0.42757381
0.07572357
-0.09149096
-0.05214094
-0.29512150
-0.31319315
-0.24292193
-0.24724300
-0.25610585
-0.46922418
-0.40651435
-0.53499509
-0.63489250
-0.50155244
-0.60349100
-0.23373291
-0.50456646
-0.32704231
-0.33376865
-0.25606687
-0.31021473
-0.24381771
-0.23557960
-0.04546149
-0.23607461
-0.09098094
-0.13911570
-0.12022001
-0.06566994
-0.03625958
0.19497949
-0.05154414
0.16642982
0.06203180
-0.03373427
0.33036502
-0.12547315
0.06029959
0.13937238
-0.02650078
0.15088658
0.09183367
0.14070447
0.05714128
0.06161979
-0.13807621
-0.00630979
0.10083571
0.11144759
0.07481915
0.19522595
0.03215055
0.06054798
-0.02319611
-0.00305544
0.04566010
-0.10256388
-0.04292572
-0.09166584
-0.01125969
0.04210667
-0.08459124
0.04207247
0.14665831
-0.00687725
0.03427592
0.15628613
0.04650925
-0.01555151
-0.02239072
-0.03134084
0.01146182
0.02304190
-0.14921120
0.00889613
0.14676078
-0.01290677
0.26243582
0.04892069
0.04563346
-0.06405337
0.06876911
0.07287497
-0.09369741
-0.06844102
-0.09013587
-0.05566101
-0.13396609
-0.04274533
0.17078110
-0.05937495
0.09904462
0.04485924
0.03358240
0.00950666
0.10756710
0.01753731
0.19814461
0.10555166
-0.02254285
-0.13247710
-0.06362897
0.02059506
-0.08084575
0.04534600
-0.21321420
0.27633680
0.04997057
-0.15863052
0.05294545
-0.18238731
0.14385137
0.02029696
-0.08147240
0.03651471
-0.06580193
0.06809239
-0.07268383
0.14166575
0.04830094
-0.03689851
-0.06163413
-0.00226950
0.07759333
0.01334272
0.13282474
-0.01948636
0.01369966
0.00137432
-0.02995794
0.13278953
-0.16259388
-0.09577828
-0.15714535
-0.07595847
0.03377585
-0.14575161
0.02983962
-0.01502881
0.08908788
0.02757802
0.11332317
-0.00886102
-0.05722726
-0.12296688
0.02085054
0.05840159
0.14051106
-0.03770198
-0.04731262
-0.01348365
-0.06040207
0.13679527
-0.06330089
0.03988101
0.01804908
-0.06474563
0.10633010
0.10456187
0.18721843
0.22270196
0.14315722
0.07179001
0.23030932
0.26516849
0.31953604
0.23254747
0.11071313
0.15619734
0.14744830
0.22813632
0.23995133
0.06930700
0.03272740
0.08478782
0.03087188
-0.09546632
-0.08100729
-0.07748055
-0.07411266
-0.07510789
-0.31356915
-0.23968339
-0.31893119
-0.10913741
-0.29203796
-0.33139237
-0.25350321
-0.19201797
-0.38849463
-0.49107815
-0.15437354
-0.23264940
-0.13384507
-0.07418459
-0.23531488
-0.14173123
-0.11612949
0.12154375
0.12379071
-0.10589830
0.01247583
0.26851235
0.10151724
0.17901619
0.00806889
0.19009431
0.24547314
-0.04156388
0.22084456
0.23894485
0.08389085
0.03043488
0.02177076
0.12491263
-0.04739755
0.19225733
0.17181103
0.23984419
0.08862047
0.01783031
-0.01430356
0.08599147
0.14822975
0.05068529
0.04465907
-0.05725198
0.07548133
0.04384455
-0.00522208
-0.09810141
0.13014628
-0.01078537
0.06151920
0.09173271
0.04067114
0.02208766
-0.03971501
0.20967175
0.06410105
-0.15435094
-0.18380455
-0.08801638
-0.15350256
0.06113285
0.10010068
-0.00970933
-0.06674640
0.00384650
0.05683228
-0.03954867
0.01051021
0.02100286
0.06420891
-0.14595519
0.12225093
0.11357514
-0.18121067
-0.03109906
0.18338864
-0.00821466
0.05758750
0.06302491
0.20388887
0.00582048
-0.13375254
0.08542599
0.01413215
-0.02520431
0.12510509
-0.10365894
-0.04615816
0.13095437
0.01735392
0.00133528
0.20967853
-0.03120241
0.01484124
-0.27048724
0.09988642
-0.05952210
0.03148041
0.15539441
-0.13480182
-0.01505391
0.00903092
-0.04110007
-0.02369298
0.02270415
-0.06740577
0.08346863
0.02629309
-0.04889687
-0.11687828
-0.23775323
-0.08549743
0.07016015
-0.04266661
0.00333687
-0.01210013
-0.02545569
0.05381988
-0.01824238
0.08707663
0.06266416
-0.16919105
-0.00556520
-0.04753472
-0.05930389
-0.13551828
0.04356893
0.05917492
0.04818725
-0.11787062
0.09901661
0.27366189
-0.19825523
-0.08569259
0.04317728
0.19899870
-0.02094773
-0.03723210
-0.03481226
-0.04431361
0.00917773
0.08278287
-0.15818235
-0.06497440
0.04888518
0.10819097
-0.03046231
-0.12720146
-0.15430533
-0.02607709
0.06105616
0.11124097
0.00199715
-0.17398383
-0.07319650
-0.10564434
0.06368473
0.00401663
0.03068317
-0.33193331
0.18662876
0.04770560
0.14136898
0.02575602
0.06096125
-0.14568620
0.15673111
-0.16959145
0.03118793
-0.19927299
0.05746764
-0.03304081
0.16796685
0.01842914
0.08160230
-0.00268378
-0.00950163
-0.14520395
0.01719908
0.00218299
0.00764827
-0.08091740
0.04947101
0.12860075
0.07246340
-0.15699032
-0.14933080
-0.06092984
0.09335051
-0.14518949
-0.06982162
-0.16352070
-0.01882205
-0.11481353
0.06144035
-0.00626613
-0.08552026
0.05534467
0.08525484
-0.09140660
-0.06673132
-0.03198831
-0.09375034
-0.10700936
-0.06572293
-0.01540471
-0.00481650
0.16220021
-0.26639277
0.02918838
-0.07148283
0.20695855
-0.04086942
-0.05231746
-0.00366941
-0.15555567
0.01536797
0.01374416
0.03434419
-0.04324324
-0.06283303
0.20126128
-0.10724722
0.05482359
-0.01456182
-0.08152561
-0.01858835
0.05586195
-0.00391500
-0.05334392
-0.13259903
-0.05359505
-0.01980131
-0.01833508
0.03079464
-0.09307772
0.12499447
-0.14257777
-0.02995426
0.04341816
0.19612226
-0.03019922
-0.04161954
0.07401983
-0.00925727
-0.08671698
0.02266010
0.07084179
0.03384806
-0.13413661
-0.32879409
0.11432532
0.12480491
0.03122716
0.12207000
0.04497021
0.01273337
-0.12423191
-0.03769286
0.11353238
-0.01494872
0.01630931
0.01524862
0.03639174
-0.07066898
0.04795445
-0.00063397
0.07355657
-0.02172686
-0.09369283
-0.00456992
0.13409889
0.02043686
-0.04867798
0.05416750
0.09598623
-0.14498378
0.22176253
0.06425018
-0.11306942
-0.03255042
-0.04623439
0.02131553
-0.09012780
0.00835937
-0.16137870
0.05382432
-0.00398671
-0.06371318
-0.05718497
-0.14906510
-0.35386229
0.17404255
-0.03629200
-0.09437771
-0.06277509
-0.08462196
-0.00301359
-0.09217443
0.04945798
-0.04411181
0.14299637
-0.00968130
0.03861586
-0.15793332
-0.15389668
0.00525203
-0.02829451
-0.06125360
-0.12306353
0.01509610
0.03524369
0.09897708
-0.03038430
-0.03608002
0.09322418
-0.24298078
0.16104476
0.00220469
0.10952264
-0.14604860
0.00146464
-0.06235365
-0.03031205
0.05217318
-0.09832226
0.07850307
-0.04745715
-0.05847079
0.20613396
-0.13347615
0.04983660
0.23864801
-0.04528959
-0.13853339
0.00130148
-0.09951443
-0.03576112
-0.13822150
-0.00814441
-0.01436177
0.12506092
-0.07156337
-0.11843769
0.02923262
0.14922638
0.02396335
0.00269421
0.04784833
-0.01116758
-0.08537037
-0.07185644
0.02626466
0.09907884
0.18069418
0.12873911
0.04938541
-0.00466986
0.01288248
0.08412616
0.07119735
0.10864208
-0.08868531
0.28487091
-0.01047080
0.01753631
0.00677717
0.03974809
0.02698481
-0.12940804
-0.10164508
0.13850713
0.08912859
-0.07423456
0.04590401
-0.21843037
0.08489868
0.02981058
-0.21318285
0.08909236
0.06394992
-0.06885065
0.11498485
-0.19475616
0.10943457
0.04311507
0.09149386
-0.05376838
0.06280211
0.04866824
0.27442159
-0.02233213
0.06972177
-0.12585305
0.05975469
-0.07761824
-0.22934517
-0.00072756
-0.24778468
-0.08785538
-0.09093121
0.10429666
0.18231050
-0.02823134
0.00940721
-0.08970708
-0.06472275
-0.05994107
-0.25452301
-0.20875072
-0.11457247
0.02933999
-0.02398642
-0.13076253
-0.01784856
0.08572092
0.07596566
0.00349509
0.10418713
0.20684558
0.00114261
0.14385205
0.17523920
-0.29319673
0.02390505
-0.02709664
0.01750543
-0.19692562
-0.07059648
0.04274184
-0.09816604
0.10046745
-0.00395858
-0.01392672
0.03905676
-0.18953295
0.16054264
0.11115485
0.06248361
0.15801696
0.01412331
0.06526757
-0.09519463
-0.02372721
0.00920514
-0.02173837
-0.06065740
-0.00579859
-0.08603485
0.11571860
0.01602408
-0.07823819
0.01369175
0.00235915
-0.07770351
-0.02638855
0.05855519
-0.05035822
-0.08223951
-0.13799092
0.05780357
-0.05823612
-0.05265070
-0.06530020
-0.13159544
0.18623807
0.07208656
0.07601071
-0.04019123
0.07884299
0.03434564
0.17982795
0.15864075
-0.06898811
-0.01452443
-0.03326395
0.08642952
-0.07638388
0.16931564
-0.00931864
0.01015920
0.14737551
0.13449349
0.04602767
0.09198200
0.08844167
-0.02820272
0.09533288
0.06623965
-0.19924402
-0.21776309
-0.11566686
0.06656838
0.03720375
-0.10276029
0.12202588
-0.00685507
-0.09405780
-0.11175245
0.08319587
-0.16820077
0.06865092
-0.07077097
0.22960761
-0.00143947
-0.03508525
-0.09053541
0.11961637
-0.10350708
0.13892485
-0.13783728
0.04148918
-0.02689004
0.03714752
0.08857652
0.02505098
-0.19792839
0.05483555
-0.10655445
0.06081969
-0.01416183
-0.11141668
0.05979094
-0.07497437
-0.04608928
-0.09614587
0.00451684
0.09366716
-0.02995258
-0.15873992
0.11867764
0.14793231
0.01159809
-0.27148947
0.32537371
-0.06755628
0.08002760
-0.06317679
0.05000449
-0.08569303
-0.06088951
0.11611116
0.14578241
0.10170190
-0.03916951
0.17569529
-0.08628854
-0.04677456
0.07659972
0.04208004
-0.06190716
-0.18433739
-0.06602738
-0.00837552
-0.06350469
0.10489343
-0.03562417
0.29685166
-0.04258582
0.11256342
-0.06814856
0.01988328
0.14436912
-0.03519273
-0.17618122
-0.15608406
-0.15787162
0.29654268
-0.03892000
0.09614392
-0.11723821
-0.13065302
-0.00457405
-0.00053462
0.07132229
0.03499889
-0.45955121
-0.00653402
-0.04041068
-0.24461063
0.02671197
-0.06236109
0.01516308
0.08677668
0.13899424
-0.09024880
-0.07935364
0.10892124
-0.03612938
-0.12026712
0.13328828
-0.10603560
-0.08606585
-0.06801201
0.09083954
0.05403764
-0.04708031
-0.04801900
0.01545083
0.00954289
0.05769004
0.00949700
0.12165310
-0.10887214
-0.01113779
0.10083758
-0.00839334
-0.15122355
0.10377095
-0.09684289
0.19139956
0.19123726
-0.13305278
-0.09842826
-0.14281711
0.05158575
0.15358279
-0.03042235
0.26217570
-0.05513921
-0.08078326
0.07465397
-0.16520305
0.08969586
0.25675789
-0.21591988
0.04363626
0.08790285
-0.17310504
0.05882856
0.06399320
-0.08859018
-0.01557766
0.05706011
0.06910604
0.13486759
-0.13277578
0.08533393
0.04024384
0.09801994
-0.02425978
0.00662726
-0.24047276
0.02895824
0.09772739
0.10028241
0.19237605
0.00746447
0.02497097
0.14554545
0.14675613
-0.01339697
-0.00129189
0.12540295
-0.04000005
-0.07285931
-0.00733705
-0.20630832
-0.14505134
0.07979530
0.08916855
0.04068770
0.05518188
-0.04860106
0.04061093
0.00329831
-0.03128751
0.06986851
-0.03641892
0.09217945
-0.02337183
-0.04953901
-0.17282223
-0.02647049
0.18420481
0.17065974
-0.00764757
-0.08357246
-0.04173805
0.02607473
0.23161646
-0.08312547
0.34383454
-0.06122079
-0.06558164
-0.12729549
0.08739072
0.11036827
0.05345139
-0.07668289
-0.11111506
0.08559231
0.02435213
0.07170415
0.05498389
0.13622078
-0.00196116
-0.20557901
0.05178603
0.09952624
-0.17249738
-0.15435822
-0.14092147
-0.03799056
-0.02306687
0.09372777
0.03949444
0.13629971
-0.08129639
0.06148774
-0.08751006
