-0.14766832
-0.01182540
-0.15327481
-0.00229706
-0.04449916
0.04127777
0.14441797
-0.08031314
0.10217034
0.03091607
0.05580099
0.05436224
-0.14619624
0.00879898
-0.06863626
0.03400842
0.16181565
0.10217274
0.07416230
0.06206795
0.04332719
0.01022382
-0.02816316
-0.01727623
-0.05173130
0.04114438
0.16256995
-0.08323392
-0.16621722
-0.03032662
-0.17256849
-0.16921321
0.08383976
-0.05025445
0.00486994
-0.09788479
0.04414272
-0.11017042
0.08861156
0.12619020
-0.07570810
-0.00143703
-0.09062055
-0.01434476
-0.03935655
-0.00835818
-0.09718192
0.04107582
0.06127584
0.04913847
-0.13674775
0.02132831
0.03608087
-0.08066227
-0.12928349
-0.02708618
0.02578454
-0.09619071
-0.06984950
-0.01436772
0.00909027
0.00019142
-0.05723884
0.05543851
-0.15000549
0.01876783
-0.12500617
-0.03759051
-0.05095423
-0.01950255
0.11040329
-0.10976091
0.02139198
0.09687038
-0.01012872
-0.04069335
0.08487686
0.14549308
-0.02019294
0.03250970
-0.06124823
0.09228433
0.14033239
0.01787048
0.01201332
0.05602897
-0.01474360
-0.13875319
0.07544906
-0.12378156
-0.06829476
0.02748075
0.05562373
0.07238110
0.01895535
0.07635693
0.13408015
0.04355638
-0.04129058
0.03054564
0.00622398
0.05260381
0.04726061
0.08212623
-0.10768405
0.10370439
-0.02737873
0.10129433
0.01648319
-0.16094318
-0.09726930
-0.08661762
0.16691782
0.05895491
-0.02789346
0.09337552
-0.06010560
0.12132307
0.04816868
0.08245106
-0.13197435
-0.05300125
0.09616321
0.03733232
0.02873297
0.04591007
-0.07915472
-0.10232955
-0.08391390
-0.05792972
-0.09891154
-0.05527455
-0.13324188
0.19615172
0.06351544
-0.12809461
0.12135112
0.01254218
0.03516381
-0.08833087
0.12944096
-0.05497613
-0.05704299
0.02403208
-0.08391239
0.02300960
-0.04623572
-0.03153399
-0.14479300
0.05211159
0.21714943
0.03592356
-0.09847214
0.01137525
0.01765983
0.04061113
-0.07254329
-0.09644797
-0.03148691
0.03679049
0.01668645
-0.15222084
0.02857835
-0.16313685
0.00257974
-0.13884987
-0.01124462
-0.02404398
-0.09490063
0.05942611
-0.00697629
-0.05610338
-0.08463132
-0.07171069
-0.09111873
-0.03587657
-0.06010989
0.08396040
0.09511594
-0.18823106
-0.06842293
-0.12696531
-0.07187042
0.08905937
-0.02012863
0.00573650
-0.01264723
0.14173128
0.09563281
0.03483830
0.03147215
0.06953513
-0.04449718
-0.20065023
-0.20443706
-0.01286505
-0.04794996
0.02352506
0.04335499
0.10734751
0.10119187
0.00211502
-0.07183446
-0.20460798
-0.05880991
0.04852156
0.11228584
-0.07841906
0.14651328
0.09771627
0.04969733
0.06513429
-0.16368843
-0.16106283
0.01825367
0.02752093
-0.03002370
0.05117098
0.12792393
-0.00993913
0.05883682
-0.03233804
-0.15185609
0.02145986
-0.08772574
-0.10710347
-0.00360811
0.06608448
-0.08549275
-0.15325856
-0.04563182
0.05436969
0.03584719
0.16730409
-0.08556178
-0.02191421
-0.12304151
-0.11100709
0.03864836
0.06923329
0.16673278
-0.10400904
-0.01168925
-0.13593125
-0.05028872
0.18330380
-0.12393187
-0.15434225
0.10134100
0.13405603
0.05258517
0.08492727
-0.05517460
-0.14345295
0.06169734
-0.08490430
-0.01587144
0.05392973
0.20001416
0.08589279
-0.08739190
0.16799818
-0.03730466
0.03203578
-0.07085797
0.02962828
0.11613489
-0.02058957
-0.16815219
-0.08786404
-0.12054160
0.09965220
0.06132275
-0.23600673
-0.00338094
-0.00610928
0.04765367
0.03147553
0.12002213
-0.03009764
0.20093126
-0.09155545
0.06688678
0.00496498
-0.05716551
-0.26648298
0.11140798
-0.00736888
0.05882306
-0.01176006
-0.19667560
-0.04956325
-0.06340178
0.04729961
-0.09401148
0.06147624
0.00162747
0.03942118
0.03263012
0.08099019
0.06914038
-0.06551774
0.05276072
0.04861952
0.07811914
-0.03551684
-0.13671446
0.01670160
0.21400911
0.04002342
-0.00636090
-0.15666528
0.00939477
-0.01825858
-0.01139777
-0.00713939
0.11370573
-0.13190303
0.02711613
0.10162767
-0.07502721
0.06223702
-0.03477972
-0.07508527
0.13579547
-0.17812694
0.13672059
-0.02449949
0.13361275
-0.03284916
-0.00626242
-0.00254208
0.10836401
-0.06983399
0.10963822
0.18049202
0.04668702
0.02154128
-0.02790562
-0.04933909
-0.33442500
0.08263864
0.08789934
-0.01261309
-0.08911096
0.10076795
-0.16841774
0.16748578
-0.08473256
-0.07473808
0.05827801
0.17515792
0.06475559
0.05579326
0.06283726
-0.04292436
0.00732559
-0.19724155
-0.04027399
-0.01450998
-0.05797077
0.08134733
0.05412501
-0.14233885
0.07466784
-0.02773564
0.12148814
0.06018878
0.02210068
0.04290607
-0.15696214
0.13387438
-0.10321505
0.04970963
-0.07783554
0.14528908
-0.02844830
-0.18762980
0.14166319
0.00080409
-0.03672586
-0.08445852
-0.08094251
-0.01180614
-0.04169655
0.17765626
0.05053782
-0.09909808
0.02389248
0.18985922
0.06463800
0.10488436
0.09528022
0.03951745
-0.16231051
-0.01269371
0.08486545
0.02183728
-0.02531986
0.10149819
0.00128910
-0.02749837
0.12279951
-0.03291907
0.05325638
0.04580345
0.00301516
-0.19088270
-0.02844010
0.02246600
0.05779105
0.01743130
0.10114569
-0.05259518
0.13620807
-0.13289915
0.08446596
-0.03169206
-0.08288879
-0.04691928
-0.00683411
0.05823800
-0.09094202
0.10436437
0.09875486
-0.10155399
-0.01831161
0.18307136
0.13718923
-0.07820458
0.00851670
0.02300879
-0.04429458
0.05952573
0.06254456
-0.03892870
-0.06213587
0.04166405
-0.01478098
0.07006920
-0.00810701
0.20540549
-0.01863007
-0.08508262
0.07398126
-0.04546548
0.00504039
0.08353444
-0.17446955
-0.01724790
0.02373079
0.06395688
0.07449993
-0.13573809
-0.03961600
-0.22479734
-0.00467230
0.01907241
0.00523595
0.01940280
-0.03785999
0.12834964
0.10051565
-0.19500546
-0.16113061
-0.05692942
-0.00519940
-0.13198112
-0.02079338
-0.05592166
-0.12320438
-0.05040294
-0.12088794
0.10915188
-0.02676593
-0.09766199
0.00747473
-0.01760323
-0.09355971
-0.04089753
0.00098214
0.21601627
-0.27586469
-0.01463453
0.00226562
0.23605412
0.08124613
-0.05758114
-0.03133836
-0.01402043
-0.10400411
0.03035722
0.12228413
-0.00174621
0.11001087
0.04624436
-0.12289173
0.11886621
0.01246169
-0.07981151
-0.11931986
-0.02202341
0.08392037
0.11182788
0.00411010
0.06679098
0.02071377
-0.19495948
0.02277345
0.14145792
-0.01686155
0.10350167
0.12001121
0.01322547
0.06670834
-0.12981330
-0.03737211
0.14273855
0.13759672
-0.05034982
0.07529597
0.19539412
0.02322374
0.06027572
0.12268657
0.08294980
0.00769288
-0.15203209
0.10335870
-0.14553107
-0.00605719
0.09959730
-0.17808002
0.00042488
0.01394889
-0.02090157
-0.10868912
0.09921387
-0.01242193
-0.18460814
-0.11261444
0.02622556
-0.06983452
-0.03332842
0.06302198
-0.00293172
0.05924598
-0.07527042
-0.01224985
0.00323708
0.08578494
-0.14984662
0.03009871
0.01201910
-0.02480674
-0.02435388
0.04072619
-0.05130134
0.07439119
0.03389490
0.12548836
-0.00277177
-0.01923390
0.04805735
-0.05735827
0.09100193
0.04406283
0.09545854
0.06651593
0.26165973
-0.14454481
0.02325016
0.00349607
-0.03340587
0.02123463
-0.01397647
0.03798819
0.21121498
-0.08552689
0.03897831
-0.03640940
0.00168556
-0.24136355
-0.01794549
0.09901097
0.12126575
-0.00881504
-0.05648219
-0.03244930
0.03133842
-0.09181348
0.01002648
0.24970556
-0.03937734
0.02664959
0.24313266
-0.10220067
0.08639073
0.15440597
-0.06369263
-0.08867879
0.10901336
-0.10628315
-0.05321391
0.19609394
-0.06922982
0.12379661
0.17244437
-0.03600099
-0.02651888
-0.03212819
0.05676401
-0.04758177
0.01562842
0.03184786
-0.07857074
-0.19907747
-0.24882836
0.05980950
-0.17687424
-0.04100257
-0.03478202
0.07624493
0.14310796
-0.03958556
0.00976797
0.05805342
-0.01102702
-0.02174842
0.10922343
-0.02456429
0.09123248
-0.07571243
0.02948208
0.03540310
0.05698243
0.16337494
0.06480286
0.00065512
-0.02665898
-0.10365007
0.10150029
0.08879914
-0.03725755
0.09879433
0.04592601
-0.09907921
-0.00051856
-0.06101767
-0.15739697
-0.11535145
0.03726131
0.03515463
0.15216649
0.12743085
-0.21402396
0.12302096
0.17696711
0.10413171
0.10939134
0.00739806
-0.01353625
-0.07353133
-0.06787309
0.04783072
0.01243373
-0.07608749
-0.10547717
0.15366359
0.05195742
-0.03338450
-0.09210420
0.08883431
-0.06894389
0.02756516
0.01842486
-0.01435929
0.09484020
-0.02379631
0.06986522
0.11979549
-0.22570072
-0.01612606
-0.10377492
-0.11277050
0.09747388
0.00663320
0.04634772
0.10208156
-0.04241618
0.00238854
-0.12852121
0.08112216
-0.17171775
-0.03966999
-0.02440604
0.13248034
0.05997779
0.03210770
0.06029645
-0.04585891
-0.09913368
0.11208699
0.15352456
0.03837090
0.05751399
0.03532585
-0.05982659
0.09889246
-0.16133351
0.26022824
-0.08452575
0.14208094
-0.05977703
0.06371706
-0.10084791
-0.07481930
-0.02931550
0.12607121
-0.01987175
0.05111708
-0.17199355
-0.06643079
-0.05441920
-0.10038150
0.09559143
-0.05725340
-0.02962355
0.05876065
0.00201570
0.00024577
0.03034344
0.08049013
0.08177372
-0.04925219
-0.08626900
0.13994531
-0.10197724
-0.14822911
0.04584604
0.14829286
0.02257532
0.11737577
0.05399662
-0.07322559
-0.06318943
0.10901309
0.15925487
0.10891093
0.00569459
-0.01590775
0.14977338
0.10598009
-0.04175237
0.00063933
0.01515534
-0.02712502
0.00515379
0.03144639
0.10975941
0.02174003
-0.06534829
-0.03354325
0.14711084
0.00261476
0.04558097
-0.01179799
-0.03584123
-0.17145713
0.08527513
0.04195864
-0.01093967
-0.04472379
-0.18236355
0.13682312
-0.00692906
0.04279673
-0.05944435
-0.12623101
-0.11918213
0.00862015
-0.01066910
-0.11069009
-0.04582891
0.04584931
0.06535938
0.04295410
-0.11198117
-0.06936516
0.01120179
-0.21995650
-0.04260474
-0.14664365
0.00916334
0.25210064
0.15843928
-0.02832535
-0.00850060
-0.05697547
-0.01798343
0.11283251
-0.15216182
0.12599266
0.11995552
-0.00810452
0.18159807
-0.06605039
0.11159936
0.03881713
-0.08287040
0.04856987
-0.19555269
-0.02481900
0.08905453
0.01931454
0.21932423
0.07892718
-0.07309617
0.23394983
-0.12178852
0.00704867
0.05928212
0.10647844
0.12889344
-0.09105846
-0.20234204
0.00057665
0.10278107
0.15515399
-0.02542490
0.01838388
0.25543254
-0.01070547
-0.02203993
-0.00053338
-0.04481337
0.15233861
0.02308975
0.01689487
-0.04853790
-0.10340561
-0.08356442
0.03719885
-0.03865353
0.19607712
0.03800007
0.07529883
0.07350131
0.20615204
-0.03840596
-0.01874331
-0.01634094
-0.00268145
0.13652934
-0.05957194
-0.03122347
-0.10203784
-0.02190974
0.03324625
-0.16474240
-0.00589440
0.00413732
-0.05518333
0.08363171
-0.01507998
-0.07602820
0.07513401
-0.03847836
0.19516161
-0.09039455
-0.03030177
0.27769647
-0.10373019
0.06266702
0.20485625
-0.03308493
-0.02076378
-0.11934266
-0.09524866
-0.02412179
-0.06115231
0.05300501
-0.14073740
0.00152807
-0.07160649
-0.07865823
-0.04939189
-0.07009132
0.05381967
-0.06889763
0.01696988
0.00886568
-0.17586101
-0.05353125
0.23462031
0.09126897
-0.09278561
-0.18683327
0.06791124
0.04073779
0.09208129
0.06167248
-0.01837769
-0.08924435
0.04689031
0.09369937
0.00951416
-0.12286549
-0.10579721
-0.06495163
0.07147219
-0.03024095
-0.09233423
0.10498483
0.04649032
-0.05986655
-0.03848499
-0.06066430
0.00399703
0.04447187
-0.05720552
-0.14983514
0.04226096
0.01749865
0.04164396
-0.02734370
-0.15021639
-0.15081669
0.04306110
0.12058213
-0.00331170
0.18554344
0.10217317
0.01861095
-0.02878641
0.07436318
0.17995588
0.13605488
0.12853497
-0.01484593
0.17018766
-0.18596309
-0.05742701
-0.01335182
-0.04542600
0.05053748
0.05620655
0.00419512
-0.06465224
-0.00863414
0.09578006
-0.13278629
-0.19634457
0.06656289
-0.11307405
-0.08114791
0.05066100
0.01333590
0.09012759
0.16691747
0.07624039
-0.00560801
-0.06676653
0.01568663
0.14564175
-0.00562982
0.01531955
0.05100166
0.12568063
0.13407622
0.03498981
0.09205212
-0.00045181
-0.05081995
-0.08059031
0.10095935
0.21736686
0.01901488
-0.05993409
-0.10927956
-0.19602991
0.04890604
-0.00138731
0.00399646
-0.11676632
-0.18574694
-0.20174308
-0.15703715
-0.17807481
-0.16784250
-0.20250138
-0.17885751
-0.19199172
-0.41752116
-0.66269843
-0.38626295
-0.60934223
-0.47978449
-0.65937502
-0.34473695
-0.60758575
-0.40036188
-0.67480243
-0.44740807
-0.39160386
-0.44589592
-0.47997397
-0.39899024
-0.25696837
-0.03976797
-0.12700930
-0.01045839
0.18115266
0.24615583
0.51369411
0.50214420
0.52562418
0.95949046
0.97891334
1.00658942
1.10973381
1.08364772
0.95553677
1.13677707
1.05975110
0.76895490
1.04586828
0.81457685
0.71185378
0.78957093
0.56189920
0.42739781
0.35197239
0.04208887
0.23500010
-0.14771366
-0.21307566
-0.51995492
-0.43338170
-0.54874949
-0.43377112
-0.65972119
-0.53710252
-0.68451639
-0.70197055
-0.65471485
-0.71959918
-0.61127813
-0.68554186
-0.59784949
-0.42028052
-0.62478533
-0.25696140
-0.40560253
-0.39641636
-0.37082578
-0.26441287
-0.06903658
-0.08804756
0.06317355
-0.03536044
-0.00315042
0.25309616
0.07809055
0.07136016
0.17818934
0.07735730
0.03075602
0.14880569
0.03887342
0.01796154
0.10094178
0.16500347
0.06500668
0.02331447
0.17410992
0.09437228
-0.00738589
-0.18031024
-0.05710181
0.14204713
0.01938112
0.05152602
0.24481227
0.12457415
0.07690950
0.09824222
0.02128974
0.18107193
0.05508097
0.11232661
-0.08745561
-0.02178095
-0.06377023
-0.07024505
0.03986957
-0.09845217
0.10825859
0.09021914
-0.08342486
0.06294296
0.01051816
0.05297026
0.02807542
0.00760259
0.06103281
0.22421289
-0.08682128
-0.10780927
-0.10539065
-0.03883387
-0.00923637
-0.12053182
-0.03487038
0.03274236
-0.12691260
-0.01564981
-0.05054348
0.03200763
-0.02019796
-0.01517627
0.05598047
0.00155850
0.02338673
0.15970558
-0.05816051
0.12261237
-0.00574333
0.02683343
-0.13703621
-0.02343073
0.02347552
-0.04104116
-0.04426429
-0.01065591
-0.00213675
-0.05108852
-0.02296646
-0.01957654
-0.06969482
0.04081496
-0.04714466
-0.02120091
-0.02271488
-0.00070164
-0.14125651
-0.04087107
0.13466406
0.13560067
-0.12646829
0.04385178
0.01379434
0.04530270
0.19086492
-0.10797159
-0.02333276
-0.03509485
0.07291331
0.09244256
-0.11666021
0.10377818
0.10276173
-0.06259879
-0.02206809
0.12253530
0.05377416
0.17830455
0.26824387
0.08236789
0.00564321
-0.02569762
-0.17410681
0.08420312
-0.02918671
0.03826865
-0.03565073
-0.18477907
-0.07589606
0.02760479
-0.07246220
0.01622241
0.09579427
-0.02414612
-0.05264399
-0.21461816
0.14881448
0.07436031
-0.14726464
-0.06116447
-0.13474393
-0.14699528
0.04127500
-0.01395603
0.08717539
0.10297064
0.08629121
-0.20509893
-0.19465414
0.04585218
-0.03932037
0.03863452
-0.10469352
0.12653951
0.04946079
0.02084076
0.01869109
0.07256059
0.13095150
0.12412948
0.02684407
-0.04028678
0.17789838
0.14256473
0.19038311
0.08713223
0.14669916
0.15155963
0.10077354
0.08348275
0.28364998
0.09334080
-0.11580626
0.00421101
-0.01990179
0.06775432
-0.00851946
-0.01552562
-0.00548671
-0.18432321
-0.00474913
-0.09311431
-0.14805184
-0.10680141
-0.25471953
-0.24958444
-0.12674441
-0.28558412
-0.12994031
-0.29242229
-0.14662617
-0.16338830
-0.22510676
-0.20169883
-0.19843477
0.02631624
-0.21938304
-0.05234821
-0.08011647
-0.08146602
-0.01925910
-0.03526759
0.15440325
0.00048502
0.20744554
0.03014812
0.12434112
0.08883157
0.02650253
-0.02715941
0.06245264
0.15146104
0.13097677
0.02230560
-0.07216431
-0.00093944
0.14195768
0.00244117
0.16539005
0.25570387
0.14938007
0.01254470
-0.11469928
-0.02884048
-0.10450961
0.08213977
-0.24248706
0.04656570
0.03942563
0.00640165
-0.27722289
0.06308679
0.29749593
-0.09658458
0.11680851
0.06538486
-0.09263646
-0.06717999
0.09229631
0.13722731
-0.05064752
-0.14757763
0.04588844
-0.03095131
0.03143109
-0.02104776
-0.04566962
0.14457845
-0.06339038
-0.08202316
0.11969119
-0.01395372
-0.04940103
0.05541798
-0.02028963
0.10117089
0.10738821
0.09333313
0.11240815
-0.03721786
0.02309122
0.05771710
0.05463643
-0.02463323
0.07530401
0.00515625
-0.06890506
-0.11741158
-0.02907293
0.10690760
-0.19127727
0.08391286
0.07101856
-0.03749303
0.21670436
-0.01514631
0.08077981
0.10541037
-0.19021751
-0.14114865
-0.03631572
-0.05276965
0.02638030
-0.05661263
0.10477635
-0.04843181
-0.02823538
-0.00852383
0.02697189
-0.07551281
0.09926485
0.03113426
0.01306528
-0.05042598
-0.05257215
0.05753952
0.13951835
0.04205725
0.03273901
-0.15001967
0.08794462
-0.02427388
0.18149660
-0.05947335
-0.00699260
-0.02405351
-0.14321378
0.11376946
0.07575404
-0.06748658
-0.00059769
0.00820007
0.14721815
-0.03998987
0.08453318
-0.12423507
0.05455123
0.09566884
0.03451588
-0.05285299
-0.02177387
-0.07086037
-0.07301907
0.03772365
-0.05197611
-0.02214379
-0.03771841
-0.00083757
-0.07861784
-0.07532176
-0.12943922
-0.12358936
0.12584263
0.01734382
0.02650034
0.06439120
-0.01593016
0.05586382
-0.02348337
-0.12976788
0.19009362
-0.22358597
-0.15974362
0.04775994
-0.01518833
-0.07090831
0.03943815
0.05218533
-0.01712001
-0.13049378
0.06470745
-0.04666867
-0.06035340
0.06503188
-0.00706589
0.12979081
-0.01061200
-0.17709892
-0.12350484
-0.03631697
-0.14155249
-0.03321563
-0.15011542
-0.02459906
0.11352013
-0.04902815
0.17071895
0.06097745
-0.11977877
0.05791987
0.02897399
0.21539097
-0.28324150
-0.14779735
-0.05539766
-0.02308935
-0.00880537
0.17451205
-0.00617966
0.14352327
0.12482408
0.04597463
-0.01717070
0.17250592
-0.03116772
0.02178607
-0.09263552
0.09866320
0.05883290
0.05522418
-0.11066796
0.04970454
-0.01494670
-0.11679683
0.02981655
0.03439909
0.10805621
-0.13695763
-0.17697222
0.10868955
-0.07398698
0.00052905
-0.13403850
-0.07770480
-0.06784262
-0.18192720
0.08219002
-0.22658998
0.12812394
-0.06496319
-0.03403236
0.08704609
0.13141064
0.16142965
0.01881045
-0.07507090
-0.10554867
0.05797679
-0.11045940
0.02271923
0.22221074
-0.14887985
0.01097646
-0.09144154
-0.07867043
-0.22240782
-0.08313556
0.12786669
-0.05887523
0.16212418
0.05809348
0.00635271
-0.04716501
-0.03087639
0.01906892
0.05166576
-0.00827974
-0.03018922
-0.06948506
-0.08582601
0.11964239
-0.02974847
0.06628535
-0.08103632
-0.13400561
-0.14142677
-0.09437437
0.00682318
0.02654150
0.03892662
0.03585211
-0.01388577
-0.13396288
0.01614444
0.04251426
-0.02426596
-0.10458314
-0.04196441
0.17558779
0.17532283
0.07589515
0.00498904
0.00396026
-0.07599240
0.02514568
-0.07177599
-0.03417599
0.10946683
0.11935452
-0.03238558
0.05351251
0.00862271
0.10037818
-0.01027618
0.04432422
-0.13847254
0.08084624
-0.11264372
-0.09775393
-0.04586413
0.07275219
0.15136080
0.16323194
-0.04233261
0.07238551
0.03474809
-0.06250048
-0.00351130
0.06808867
-0.13518146
0.07527313
0.17149548
-0.08591083
-0.03236541
0.09285482
-0.18513576
-0.16890689
-0.02321852
0.05053723
0.01963950
-0.08283295
-0.00063471
-0.14702399
0.08173214
-0.05411779
0.08357251
0.01568797
-0.12514471
0.17564987
0.18706737
0.14710120
0.00802408
0.00681339
-0.00546569
-0.04520785
0.18707749
0.09566412
-0.10233911
0.15529637
-0.11976838
0.09051209
-0.08412178
-0.15837230
-0.07855916
-0.06339400
0.05955028
-0.04072637
-0.07679202
0.08373964
0.03537437
0.10058906
0.02352837
0.07055024
0.03195415
0.21642382
-0.11951715
-0.15579326
0.10351199
-0.02803002
0.01202421
0.04203626
0.22305371
-0.17754108
-0.07343028
-0.02062452
0.07173722
0.05860509
-0.09401570
0.04454211
-0.19790658
-0.16692303
0.11778347
0.03056159
-0.12555895
0.24739107
-0.01356643
-0.09770199
-0.11773262
-0.11221318
-0.04400271
0.00814422
0.18787463
0.12348094
-0.14312293
-0.06716947
-0.06151466
-0.07989704
-0.03070093
-0.17462839
0.03547707
0.08158462
0.04315110
0.10221901
0.02831490
-0.12848584
0.11788492
0.01650915
0.05216177
0.00780017
0.11645428
-0.20350189
0.06108301
-0.01305536
-0.02474315
0.29707605
-0.22181861
0.11415203
-0.03815179
-0.01635421
-0.07364260
-0.05555699
0.05164749
-0.14156224
-0.12395127
-0.16373812
0.03269543
-0.16272670
0.29378531
0.17370347
0.02690584
0.10626774
0.15909456
0.00254898
0.12176666
-0.08167735
-0.03634576
0.15059705
0.09043018
-0.06295039
0.00352081
-0.01156891
-0.04177557
0.11162000
-0.05053238
0.22949882
-0.03623992
-0.08826119
0.09875235
-0.14580564
-0.02141104
0.17082831
-0.10376439
0.09788630
0.29201704
-0.10681795
0.10870893
0.07292627
0.01947239
0.12177507
-0.09909294
0.18385068
-0.11956847
0.00284141
0.00525451
0.16813635
0.21029077
0.10887386
-0.10095996
-0.04131544
-0.02418005
-0.06311695
0.03001088
0.06639143
0.01438240
0.01367936
0.13161205
-0.01466007
-0.00546582
-0.06959144
-0.04307556
0.06958602
-0.02180045
-0.07633952
-0.08861470
-0.06977996
-0.00077068
-0.23974780
-0.06941145
-0.02608350
-0.19066101
-0.00390106
0.02833582
0.02852239
-0.03463276
0.17391759
0.07975765
-0.11425241
0.00171609
-0.06210964
0.19480416
-0.09458000
0.06667700
-0.11398248
-0.09598106
-0.05304036
-0.13208726
0.12713690
0.04126480
-0.11053181
-0.18597563
0.01949950
-0.04469618
-0.04092224
0.09243683
0.09190197
0.03676403
-0.03487166
-0.03880812
-0.08013273
0.02047293
-0.05369511
0.00170959
0.09913111
0.07369616
-0.04470405
0.01048100
0.01763413
-0.09833170
-0.06648844
-0.26532475
0.08493641
0.12378086
0.02624267
-0.03929335
-0.01235369
-0.12582899
0.00587174
0.01028012
0.12830306
0.02187436
0.01888401
0.15026340
-0.03187194
-0.03786936
0.08014706
-0.11815842
0.08976780
0.02394361
0.07323957
0.16836418
-0.07332078
0.04584193
0.02434729
-0.06888966
0.12141240
-0.01803897
-0.09382350
-0.00004070
-0.13955642
0.07060072
-0.02530237
-0.12946931
-0.05959897
0.19161453
-0.16494869
-0.02304065
0.06616935
-0.01212927
0.08708477
-0.06725345
-0.09038976
0.05825512
-0.05559767
0.04052911
-0.07330707
-0.07882648
-0.07092540
-0.00100253
-0.13094711
-0.02898381
0.10024239
-0.07619404
0.03266302
0.05658764
0.08257778
-0.14698928
0.06942543
0.08590275
0.21862573
0.23675573
0.00437190
0.11692221
0.09751156
0.07987929
-0.16866137
-0.15928537
-0.02940612
0.05498933
0.01822988
-0.04929893
-0.10456054
-0.21761275
-0.03725212
0.16624659
-0.04551917
-0.13603610
0.06788556
-0.08414380
-0.07729673
-0.10485310
-0.04632071
-0.02150074
-0.01882278
-0.02036644
-0.04391261
-0.00795733
-0.18340091
-0.01831205
0.12281401
0.29462254
-0.08532088
-0.09395356
0.01108819
-0.00127150
-0.01384936
0.11679176
0.10757951
-0.03333694
-0.18768616
0.08647970
0.09132744
0.11961535
0.09893688
-0.03384116
-0.00167337
-0.04792373
-0.03355029
-0.18309855
-0.05523528
0.14909417
0.02615290
0.03735781
0.11715536
0.02385091
-0.08024454
-0.02243785
0.09843292
-0.03888633
0.01118601
0.03367864
-0.05019122
-0.02302150
0.09632118
-0.05083169
0.04973043
-0.11597031
-0.06757201
0.00758603
-0.06794496
-0.08077729
0.01903634
0.02127784
0.19024464
0.16842697
-0.08012497
-0.05068086
0.01604398
0.09061884
0.10544884
0.01341625
-0.03141839
-0.07983687
0.01842144
-0.09617567
0.16437650
-0.04734802
0.06486416
0.03535198
0.15070113
-0.02105321
0.09602479
-0.02036946
-0.04163035
-0.07561718
0.01285259
-0.04225851
-0.03582610
0.16955807
0.09234871
0.13233132
-0.09124246
-0.02898475
0.01661579
0.16356066
0.01422674
-0.03337332
-0.00348351
-0.07997713
0.04657997
0.05102577
0.05739455
0.06854603
-0.05041520
0.06780085
0.01250861
-0.14394083
0.08680042
0.04610051
-0.19173973
-0.03438860
-0.00912360
-0.03720387
0.17925832
-0.07217589
-0.10640628
-0.02991919
0.10278352
0.08334417
-0.12067428
-0.25543152
0.05237333
0.00197369
0.00613370
-0.02434264
-0.05800540
0.01398559
0.01475810
0.06253374
0.07083368
0.09022148
0.03453100
-0.04444444
-0.07326287
-0.10679985
-0.07677646
0.09580173
0.01048587
-0.34775487
0.10080949
0.04518557
0.10849075
0.11368895
-0.06976670
0.05974140
0.04655716
-0.07171426
0.07202810
0.02889615
0.00576926
-0.12325502
0.03407079
0.03084291
-0.12879938
-0.03413503
-0.20899597
0.07258057
-0.07409044
-0.08456129
-0.01282570
-0.05267904
0.04266984
0.06692880
0.07102645
0.04921389
0.07664713
0.01352843
0.06721400
0.03437596
0.04976405
-0.10716099
-0.08055113
0.11020426
0.03193474
0.03538766
-0.12452445
-0.11404470
0.01339843
0.04094149
0.00996983
0.00404386
-0.01068479
-0.12332011
