-0.07061883
0.02201825
-0.05785633
-0.05664652
0.01496073
0.09874576
0.07062302
-0.01060132
-0.00893231
-0.00979983
0.02639090
-0.08462938
0.01741419
0.13561089
-0.02312200
-0.07276491
-0.04905572
0.02867344
-0.00389758
0.01408774
0.09934110
0.04062396
0.01796687
0.04261477
-0.07429850
-0.07103882
0.02287170
0.12845117
0.03807814
0.01731941
0.02467299
0.02844682
0.02496439
0.02043757
-0.04872396
0.11749262
-0.04923790
-0.05645924
-0.03634503
0.04892723
-0.08979790
-0.02845134
-0.11300169
0.04367004
0.04552473
0.11203896
-0.05991874
0.03409697
0.06702692
-0.09551146
0.08030802
-0.13183685
0.04039519
0.02811903
0.06022326
0.05097063
0.19347596
0.02547104
0.04344110
0.06548121
0.05165797
-0.07831615
-0.00855746
0.03299682
-0.08655151
-0.02839055
-0.12067930
-0.04060825
0.05881199
-0.01682424
0.00198464
0.13741374
0.05975591
-0.00777362
-0.13086220
-0.11990860
0.01556647
0.02033654
0.01278429
0.03554232
-0.01475199
0.04708530
0.08358136
0.02674159
-0.08956645
-0.02475941
-0.08193123
-0.03604701
0.12508793
-0.05831650
0.11381937
0.04206256
-0.02438960
0.03441133
-0.08935423
0.04979859
0.23327413
-0.10197463
0.08923775
-0.03037563
-0.10498130
-0.07495428
0.00009069
0.01793024
0.03709497
0.10218514
-0.11192714
-0.00524205
-0.04792267
0.15003998
-0.02454273
-0.06202516
0.04815561
-0.07173670
-0.09696135
-0.02343399
-0.07427932
0.00981378
-0.00707425
0.02108243
-0.08343413
0.03382169
-0.10290733
-0.00180525
0.05358719
0.08706481
0.04692425
0.09938712
-0.01370893
0.04270634
0.03813935
-0.00706465
-0.02408597
-0.02639793
-0.06683338
-0.09615485
-0.05111459
-0.08905064
0.07263316
-0.15501045
0.00627717
-0.07365855
-0.08871132
-0.06531259
0.07238272
0.08131760
0.07481827
0.05666654
0.08564853
0.05201300
-0.03836294
-0.01409869
-0.07766159
0.03324843
0.02609502
-0.06584250
0.00606079
-0.01080435
0.05322577
-0.10024234
-0.04970373
-0.19145810
-0.02094509
0.00424630
-0.00865182
-0.02131396
-0.00668881
-0.11138898
0.07782579
-0.03509436
-0.11125718
-0.01061763
0.05703793
0.07972419
0.07427359
-0.13156084
-0.01976452
0.06981284
0.02777969
-0.06583605
-0.05873872
-0.02644534
0.00882210
0.09023157
0.04161980
-0.11105470
-0.06489811
0.05561974
-0.00634714
-0.02073033
-0.06773125
0.08610177
-0.13803473
0.02639845
-0.09281962
0.04557166
0.07192959
0.02230418
0.00246709
0.01217740
0.02215110
0.07083173
-0.03329798
-0.06429983
-0.01778542
-0.02861171
-0.01584966
0.10415234
0.06918681
-0.01576811
0.04356090
-0.13054265
0.04270736
-0.00523599
-0.07016327
-0.10271869
-0.05383256
-0.04612616
0.01570480
0.01514503
0.00651621
-0.03824109
-0.00948665
-0.01421055
0.02999875
0.04468625
0.10325399
-0.04532338
-0.09031739
-0.01534766
0.08376590
0.04089814
0.08520229
-0.01730353
0.02887655
0.10439442
0.04927954
0.01942082
0.00002907
0.03610747
0.03161948
0.09098166
0.04030031
-0.03782831
0.06614953
0.04042718
0.02582436
-0.01350611
-0.03024264
0.04451034
-0.06030253
0.00693049
-0.06053351
-0.05115333
-0.02317092
0.16418260
-0.06688265
0.00172207
0.06338675
-0.02473591
-0.03760428
-0.17110718
0.15831537
-0.07185182
0.12021716
-0.04781204
-0.09777422
-0.12084234
0.00696902
-0.05273670
-0.09659301
-0.09628575
0.01583103
-0.06112842
0.04791468
0.03373243
0.06221211
0.00464494
0.08996233
0.09538879
0.09454201
0.08341126
0.06075812
0.04351614
-0.05815402
0.09954745
0.03696007
-0.05186810
0.00110340
0.01483115
0.01451212
-0.02486198
0.05777093
-0.02716971
-0.06724136
0.07238620
-0.08798682
-0.04379933
0.03233583
-0.03747822
0.06893561
-0.13943674
0.01128008
0.02593880
-0.01840200
-0.07781406
-0.05159325
-0.12918244
0.08262000
-0.13040872
0.06886773
-0.02315944
0.12087644
0.03785632
-0.08661147
0.06152754
0.11387843
0.07935428
-0.00162330
0.04907399
-0.03756914
0.06219398
-0.10423579
0.05515717
0.02337366
0.10573418
0.03488141
0.04851488
0.00998804
0.22154802
0.01985805
0.01669174
0.04495119
-0.00273598
-0.01488861
0.08458077
-0.02217965
0.00957615
-0.05450792
-0.06099544
0.05713941
-0.06170716
-0.07455446
-0.04673281
0.03590541
0.02387881
0.07598641
0.04750325
0.00986448
0.00334314
-0.05210406
0.01270608
0.10211183
-0.00822863
0.00381566
0.00731807
-0.05004943
-0.01473574
-0.00828838
-0.03686281
-0.11735504
-0.07898809
0.00368361
-0.01773163
0.05661020
0.00753736
-0.06848690
0.10831290
-0.07545527
0.07543104
-0.03145832
-0.05152648
0.01662858
-0.04820920
-0.02398831
-0.05250132
0.04601611
0.00793873
-0.05249535
-0.02864659
-0.02059671
0.00860960
-0.10153903
0.05498677
-0.03202353
-0.02898019
0.00450130
-0.02442988
-0.07632722
-0.07808637
-0.07472811
-0.04963238
-0.03451985
-0.05593480
0.04635747
0.06118391
-0.02904990
-0.01551056
-0.08147545
-0.09777471
0.03970581
0.02811778
-0.01486676
0.05896202
0.10205063
-0.03100956
0.09381921
-0.06405144
0.11930487
-0.00221613
-0.05475488
0.04228025
0.06711347
-0.00489304
-0.15971501
0.05121491
-0.06345354
0.01094846
-0.05044337
-0.00522623
-0.07799472
-0.07076664
0.00767203
-0.05951734
-0.05480805
-0.10834017
0.10873660
-0.07752425
-0.02463138
-0.04952496
-0.04305427
-0.00754700
0.00649393
0.10029127
0.04441773
-0.08000557
0.01282214
-0.08635993
0.11226118
0.03766240
0.01909558
-0.03447282
0.01485234
0.03462052
0.01666839
0.04341517
-0.10163121
0.03000155
-0.06567158
0.01960868
-0.02804797
-0.14520398
0.02891095
-0.04228998
0.05638599
0.04563186
-0.05037179
0.05118733
0.01318214
-0.07715585
-0.05287626
-0.13276393
0.08636225
-0.02583183
0.16911685
0.00264793
-0.01752298
-0.11521148
-0.05926354
0.02332588
-0.07752288
0.00620938
-0.00449187
-0.02759191
-0.05363514
0.02172778
0.00398178
-0.01761980
0.01303975
-0.04882355
0.01695516
-0.00193731
0.03199825
-0.00882239
-0.02132036
-0.02152965
0.03756388
0.08033373
-0.01558222
0.03442943
0.06962204
-0.01420771
0.01528845
-0.07034262
0.04239221
0.09578222
-0.04037261
0.10005175
-0.07915354
0.01127141
0.15975317
-0.05017514
0.08785580
0.06759379
-0.05486431
0.09574571
0.03491583
0.01004406
-0.05456283
-0.10600156
-0.05395843
0.11240238
0.14163382
0.03119575
-0.03356066
0.00034586
-0.03845972
0.01694665
-0.11422858
-0.07867252
-0.01601355
0.02010932
-0.05255211
-0.02221653
0.15683759
0.07320963
0.04702143
0.05497282
0.09785708
0.04514547
-0.01525397
0.00500375
-0.00017193
-0.03059997
-0.12380202
-0.12874562
-0.02707217
-0.02375563
-0.00437490
0.09395398
-0.16019267
-0.00375125
0.07763768
0.13920797
-0.09876112
-0.00440475
0.20989485
-0.09739489
0.01532609
0.02417050
0.03347623
-0.02826865
0.08316681
-0.01468623
0.07826164
-0.07431298
0.03717996
0.00858061
0.03644756
-0.14280166
-0.02451790
-0.08612593
0.01698882
-0.00993842
-0.04434782
0.07180196
0.01193389
-0.01858133
-0.13849222
0.01456116
0.11652549
-0.07980874
0.02384549
0.02041754
0.02405848
-0.03303830
0.02166197
-0.11890664
0.09687012
-0.08600071
-0.02192444
0.00405552
-0.12385980
0.03551544
0.01049172
-0.12379963
-0.14862872
-0.04008867
0.03157551
-0.08456961
0.02917855
0.09165636
0.07530713
-0.01284678
0.11844305
0.05311347
-0.10817566
-0.01304036
0.06419972
-0.01947404
0.06284350
0.03228429
0.03654910
0.03230190
-0.05010937
-0.02859367
0.07623434
-0.01175116
-0.12982967
-0.03293317
0.03553185
-0.05801666
0.11091311
0.00553601
-0.02761814
0.02001258
0.01505887
0.04381045
0.04032380
0.03346154
-0.06906573
0.02039151
-0.01785005
-0.05181380
-0.00665898
-0.03791548
-0.08402189
-0.19713240
0.00290268
-0.01352761
-0.05815847
-0.01039262
0.05049329
-0.11506972
0.06575204
-0.01077496
-0.08324356
-0.02628911
0.10824138
-0.01535846
-0.06047735
0.18782957
0.11147223
-0.06960543
0.08845210
0.11690645
0.03196125
-0.02866165
-0.12970795
0.07708706
-0.02545724
0.01944395
0.05974790
-0.00891876
0.09213915
0.08584884
0.11712984
0.02941976
0.04163345
0.12664811
-0.06049759
0.08719349
-0.07568347
0.04714865
-0.11260417
0.02564228
-0.06627249
0.03693305
-0.04007647
0.11015114
-0.01707490
-0.01748534
0.06541691
-0.03742518
0.07433233
-0.14545964
0.01690090
0.01550700
0.03471545
-0.00183117
-0.07097481
0.10406043
-0.08499143
0.07872638
-0.10864798
-0.13943401
0.04707643
-0.00277534
0.04222537
-0.02616058
-0.03935759
-0.04445748
-0.16294421
-0.00768049
-0.00343626
0.00251104
0.17649142
-0.04165050
-0.11326570
0.02579603
-0.15912194
0.10370938
0.02679533
0.02765143
0.04319962
-0.03250790
0.04137109
0.03117384
0.02673086
-0.00279605
0.00870989
-0.08500737
-0.11056350
0.04678072
-0.04613619
-0.03288150
0.21913919
-0.06182495
0.09448015
0.04416710
0.08344360
-0.02532883
0.03459133
0.00646629
0.07740057
0.00126870
-0.14627841
-0.01576108
0.04450721
-0.01053762
-0.07197510
-0.07014604
0.08742724
-0.24439581
-0.01377557
-0.06723991
-0.08631968
-0.00413132
-0.17257844
0.05756944
-0.08399104
0.08302822
0.01894904
-0.02932562
0.00479679
-0.11109445
0.01095137
0.01235192
0.11900041
-0.01181917
0.08020979
0.02549497
0.02117223
0.04198219
-0.10684087
-0.10484830
0.01477602
0.01418174
0.04011076
-0.04878009
0.06117501
0.08649415
-0.03352867
-0.05735752
-0.08321536
0.06052281
0.07130069
-0.13854434
0.02955817
0.10755664
-0.04984716
0.00117915
0.05808553
0.03145237
-0.07504940
0.03634023
-0.05767898
0.04746505
-0.01908319
0.10825244
0.16438262
-0.00464070
-0.03431609
0.06229073
-0.07365099
-0.06941786
-0.04586177
0.04039957
-0.03861691
0.00382141
-0.07969290
-0.02242289
0.09069249
0.08579390
0.05996784
0.00271674
-0.00984109
0.02482081
0.04549841
0.03933306
-0.01311475
-0.09929351
-0.02620223
-0.05981190
-0.07570803
0.10242645
0.03439838
-0.10648028
0.00953918
0.09674183
-0.01736726
0.10102680
-0.02690650
0.01102828
-0.00550430
-0.01562368
0.07864788
0.01023762
-0.02053285
0.16902028
-0.04578760
-0.01706196
0.06870404
0.04725519
-0.00464101
0.05015442
0.00367970
0.03447377
0.03861591
0.10542149
0.03632368
0.04407456
-0.02261465
-0.12104484
-0.00916908
0.09408535
0.14090569
-0.10671956
-0.07865679
0.00945699
0.02448431
0.01357298
-0.04129719
-0.02749245
-0.06388987
-0.03528175
-0.03081158
-0.13211814
0.10042998
-0.11171252
0.03501041
0.00014238
0.01230324
-0.06908396
-0.10313887
-0.05750471
-0.00400941
-0.15916720
-0.06793326
0.03010104
-0.01854740
0.12089311
-0.01483197
0.00610455
-0.09088908
-0.02750984
-0.05028393
-0.03335343
0.05717407
-0.01174137
-0.02762050
0.01020876
-0.06413475
-0.13556852
0.09464874
-0.01707690
-0.01074759
0.01144845
0.14056792
-0.05940017
0.03681851
0.08931729
-0.05829183
0.01776709
-0.04159270
0.05865566
0.10735633
0.05175833
-0.03222452
0.04166106
-0.03741972
-0.02071321
-0.18938240
-0.05343898
-0.04972443
0.08947651
-0.06103505
-0.12449846
-0.10306140
-0.05973582
0.07316132
0.02902923
0.03981164
0.05823240
0.01426141
0.03963107
-0.01531688
-0.00077572
0.19932126
-0.02959696
0.00232115
-0.04751344
-0.05659435
-0.03733517
-0.03217421
-0.04859689
-0.08336838
-0.00284520
-0.02222394
0.00868158
-0.12174696
0.08368182
0.00579412
0.05991524
0.03774154
-0.03351260
-0.03944238
0.00576105
0.03747132
0.01999666
0.02369373
-0.15942240
0.05776907
0.14429534
-0.08925929
-0.03082123
0.00489855
0.03789118
0.00470484
0.03411256
0.05837891
-0.02662095
-0.02194316
0.02763578
0.06386462
0.00332041
0.03983272
0.07973139
0.09484919
-0.02678673
-0.01012256
-0.07523792
-0.08763261
-0.05159253
-0.04925150
-0.05927382
0.08990996
-0.04800336
-0.05637685
0.04224989
0.04907882
0.01957268
-0.02442775
0.04434818
0.03102465
0.01268078
0.06213027
-0.06637996
-0.13337418
-0.08558601
-0.07572127
-0.00092256
0.00047845
-0.03036314
-0.00443428
0.04924154
-0.13254945
0.07026142
-0.08133095
-0.12031541
-0.01980802
-0.03295536
0.03632041
0.01510082
-0.09213686
-0.05883424
0.01557428
-0.04912345
-0.02765591
0.06863776
0.02766001
0.10530593
0.05615292
0.03014399
-0.03798690
0.06174148
-0.11447074
0.00796763
-0.03671521
0.02790810
0.05655615
0.05614504
-0.13903249
-0.02456630
0.04169957
-0.04691934
-0.02856066
0.09094974
-0.10141943
0.05375643
0.11384146
0.09020430
-0.00438816
-0.14393354
0.01464725
0.06968376
0.14967734
-0.04917563
0.00394629
0.02954007
0.02808876
0.09764832
-0.00814023
0.12050861
0.01685618
-0.06527016
-0.05681758
0.04899339
-0.05173635
-0.10622400
-0.01133850
0.01896960
-0.02799115
0.09850458
0.20164448
0.02723381
0.16938048
-0.02967296
-0.04105190
-0.02663258
0.06431180
0.15502648
-0.11326199
0.06122246
0.09418787
-0.14387979
0.08111535
0.15321639
0.11592295
-0.04100221
-0.02152947
0.01495501
0.01121659
-0.03289396
-0.04908445
-0.05450281
0.03515274
0.00022571
0.06973174
-0.05053793
-0.07069504
-0.12961093
-0.14373435
-0.07096259
-0.13360567
-0.06106636
-0.15549833
-0.02648570
-0.05514517
-0.04368162
-0.04247715
-0.04739060
-0.10507182
-0.17860561
-0.02158315
0.00347030
0.00312497
-0.06277366
0.04474625
-0.11937153
0.04772756
0.01812809
-0.07195752
0.05661617
0.03809163
0.15676746
0.06551290
-0.08263611
0.08942918
0.01788478
0.12769459
0.15265476
0.10538674
0.15396579
0.15083646
0.08832076
0.12250830
0.17023325
0.12475143
0.04860434
-0.02715722
0.09825413
0.03094789
-0.04469479
0.02011105
-0.21664814
-0.11004576
-0.24789887
-0.26853146
-0.23398051
-0.40706241
-0.28307279
-0.30874590
-0.37516847
-0.46411308
-0.22712344
-0.29660880
-0.36883538
-0.40178790
-0.44554321
-0.38142933
-0.30531735
-0.41948769
-0.17652203
-0.05630881
-0.05922468
0.03470631
0.11378011
0.09256059
0.31418954
0.43077980
0.38336479
0.51515702
0.53011502
0.61278808
0.61747711
0.72969004
0.71360731
0.80447335
0.70920874
0.72138304
0.74621801
0.59860675
0.50275202
0.52215545
0.40476328
0.37361168
0.20590956
0.26565076
0.11325895
-0.09330532
-0.08370076
-0.10688615
-0.22091619
-0.27329492
-0.35642338
-0.32775211
-0.43216835
-0.50678275
-0.45227468
-0.44766369
-0.27263460
-0.40236105
-0.34151742
-0.41551687
-0.24515853
-0.27292770
-0.30220644
-0.24465655
-0.17440771
-0.21745526
-0.19759336
-0.14930641
-0.01845425
0.05818538
-0.12907187
-0.02676568
0.04509447
-0.04373539
0.05484914
-0.00929755
0.08646747
0.07348884
0.11604678
0.07797182
-0.03924837
0.09982597
-0.06129653
-0.10622074
0.08896214
0.05585650
-0.04522454
-0.17534555
-0.05411923
-0.02374463
0.03474920
-0.00020990
0.09792356
0.07982493
0.03322552
0.04870015
-0.01866621
0.02137981
0.00934484
0.06948826
-0.08346931
-0.03246134
-0.01663775
-0.05905842
-0.01797720
0.13421356
0.02498993
-0.06577833
-0.14015300
0.03438193
0.14726345
0.08716523
0.16466820
-0.01285398
0.04404977
0.05677725
-0.03103246
0.04444934
-0.03458627
0.04052066
-0.04483723
0.01134334
0.02489269
0.03306352
-0.02599836
-0.01799568
-0.03994233
0.06562768
-0.05653688
-0.04467719
-0.06271646
-0.03487599
-0.05550007
-0.08649213
-0.03305519
-0.00657898
-0.01747929
-0.02848676
-0.12853581
0.06776139
-0.11192122
-0.00190389
-0.05033164
0.12848216
0.11370511
-0.03288312
-0.01851388
0.14370255
0.06903557
-0.06900043
-0.07226149
-0.01347060
-0.03899666
0.07650430
-0.04424275
-0.03187122
0.02073125
-0.09425207
0.02456912
0.02514062
0.02718927
-0.01719676
0.02306566
-0.02255877
0.07009508
0.00134880
-0.01212213
0.08500551
0.03402453
-0.06754636
-0.09961959
-0.04175315
-0.06308382
-0.01202056
-0.03313938
-0.08291700
-0.15950100
-0.07019794
-0.01497711
-0.09436089
-0.11098529
-0.08460969
-0.03251599
-0.15423555
0.15083949
0.05562266
-0.02916860
0.13625281
0.15888375
0.03357143
0.15984998
0.19555830
0.13214530
0.11075732
0.16803789
0.20735842
0.27130874
0.16073395
0.29455929
0.19658549
0.31588931
0.25471081
0.19098254
0.22285859
0.18021583
0.14973802
0.04129196
0.16795525
-0.05241477
-0.19857166
-0.12632937
0.00722846
-0.25627408
-0.14198654
-0.31318057
-0.12590082
-0.39093634
-0.24369416
-0.35700336
-0.20647213
-0.41404775
-0.29604508
-0.22065503
-0.33745126
-0.24478088
-0.25106408
-0.25519381
-0.26700320
-0.08731881
-0.07593633
-0.02549239
0.12224397
0.14701975
0.05301486
0.09332533
0.08741863
0.08954466
0.13717097
0.07719052
0.16355872
0.18530611
0.27225879
0.18781327
0.18122857
0.27630335
0.10507181
0.11908251
0.03389503
0.10497271
0.05006750
0.12472270
0.09058863
0.19269129
0.01669632
-0.04788487
-0.02301808
0.02554459
-0.00581660
0.00609130
-0.07936902
0.01461942
0.05264748
0.00948057
-0.02730954
-0.00968650
-0.09048608
-0.08897512
-0.00612682
-0.09775088
0.05961922
-0.06139825
-0.05261060
-0.02148953
0.00911467
0.05999057
0.04686798
-0.04002706
-0.06870156
-0.00615297
0.03583220
-0.09575729
-0.09660372
-0.07805586
0.14426070
0.10017365
-0.03624648
0.00423066
0.01943629
0.05808659
-0.02037536
0.10836976
0.03585488
-0.06102781
-0.19771455
0.00359650
-0.03517235
0.05838826
-0.08825534
-0.02740414
0.11605014
-0.05426312
-0.06355577
0.00030351
0.07689506
-0.09252320
-0.10333373
-0.03288816
-0.13918450
0.11913943
0.00649925
0.03824099
0.04457740
0.05467545
-0.05536821
0.04012340
0.01012902
0.03395380
-0.03538428
-0.10195934
0.00928726
-0.02712038
0.04274568
0.05393765
-0.03998922
0.07434615
-0.09233511
-0.02440558
0.06371374
0.04157641
0.03378841
-0.02224262
-0.14139202
0.06513013
-0.01606477
-0.15328053
-0.02197968
-0.07647826
-0.02500936
0.03939764
-0.01640305
0.01661669
0.01293770
-0.08405175
-0.09606030
-0.02844319
0.00772850
-0.00231078
0.08365494
-0.05804438
0.03550828
-0.04153219
-0.01868324
0.09985123
-0.06262775
0.05709718
0.07702505
-0.03950654
-0.02559590
0.04312071
0.00814150
-0.05984311
0.04309633
-0.01617461
-0.02855514
-0.03990449
-0.07408063
-0.06746196
0.13417305
0.01319411
0.04623838
-0.04995367
-0.01822151
0.05133986
0.08875353
-0.09885760
0.02382676
0.06982156
0.17783999
0.00138166
0.02126373
0.09919450
0.03968518
-0.06150887
-0.05152200
0.09343947
0.00606352
0.01381853
0.00119310
-0.04234827
-0.10005160
-0.18548590
-0.05908980
0.13491206
0.10420165
-0.00348891
0.00324702
0.04262621
-0.03383452
0.02821128
0.03870157
0.03425304
0.06528721
-0.01150595
0.03711807
-0.04670718
-0.01070822
-0.02276515
-0.03312540
0.04143961
0.03772301
0.04344178
-0.04853117
0.07273816
-0.03674498
-0.03605372
-0.11745339
-0.04839999
-0.07375913
0.09500484
-0.06042454
-0.06213268
0.02654844
-0.14844311
-0.11669058
-0.06904571
-0.01832631
0.08781398
0.00378724
0.03199382
0.05010280
-0.00920256
-0.03552767
-0.01760134
-0.00948453
0.01088690
0.00313279
0.08794507
0.03561508
0.03324326
-0.05691535
0.16965340
-0.03622293
0.08348549
0.05274210
0.13497700
-0.04155318
0.00332010
-0.06893292
0.03932442
-0.11138693
0.00871852
-0.05881024
0.04877615
0.00726935
-0.01542562
-0.07613799
0.03650937
-0.11539682
-0.07640189
-0.09775432
0.04405834
0.17941835
-0.06831328
0.08527254
0.07754548
-0.00563943
-0.03987364
-0.04815156
-0.06761966
0.02475431
-0.01928286
0.05141682
0.05901274
0.07214356
-0.05128489
-0.11205551
0.05850028
-0.04785510
-0.04593998
0.08608962
0.06735761
0.05912768
0.05713887
-0.00505887
-0.04689016
0.02812142
-0.06127626
0.07960349
0.05645263
0.00660858
0.14464341
0.09481624
-0.02242574
-0.00770220
-0.14710340
-0.01297404
0.07683654
-0.04735847
0.10916630
0.03351977
-0.04311336
-0.06656832
0.02003676
0.04769303
0.00905081
0.00108715
0.00295892
-0.10850395
-0.02376886
0.02861106
-0.01057928
0.00143049
0.02339184
0.00592455
-0.09238668
0.01691948
-0.08345381
0.02840327
-0.06442246
0.02156777
0.01355704
0.12703649
-0.12771312
-0.09603145
0.01878630
-0.02544198
0.00917574
0.05501237
-0.02453745
0.01592252
0.10738259
0.02913000
-0.00466339
0.00398124
0.05348177
0.01631377
-0.04533500
-0.04393400
-0.04675369
0.02076959
-0.05332452
0.06576151
-0.07657915
-0.06630138
-0.04023327
-0.06907607
0.03262976
0.05479665
0.15272911
-0.07816132
-0.09937154
-0.17014384
-0.05461246
-0.03579425
-0.05258372
0.05655133
-0.02862059
-0.01218061
0.11793761
-0.02343201
0.06971808
-0.11051522
0.07573901
-0.00099173
0.09279194
-0.04401031
-0.02547809
0.02943533
0.07522959
-0.10458931
0.02422996
0.03779299
-0.01246216
0.00702662
0.10413541
0.09015668
0.07629232
0.04695835
-0.00550578
0.06567004
-0.00285826
0.04650090
0.08331002
0.08157916
-0.00780480
-0.12124267
0.14804287
0.03740321
-0.08547684
-0.01385569
0.01793149
0.00367140
-0.05278700
-0.00415872
0.07372491
-0.04973788
-0.01954726
-0.00225744
-0.02232220
-0.00961337
-0.06848895
0.04524845
-0.09630994
-0.06613923
-0.04957514
-0.06976681
-0.01080524
-0.11614371
0.00520920
0.08633581
0.00892405
0.04356350
-0.02643794
-0.02688622
0.19520677
0.08429307
-0.06350606
-0.09948162
-0.06711384
-0.00427913
0.02965879
-0.02820406
-0.00201893
0.13052144
0.12659545
0.12224601
-0.11635688
0.13135363
0.05133210
0.04866420
0.00566699
0.05610862
-0.05201560
0.01783751
0.02674367
-0.01027481
-0.04054695
0.06331988
0.09597942
0.10542430
0.01807425
0.05543718
-0.05615727
0.08886954
0.04001643
-0.00944880
-0.10526387
-0.04817075
-0.15260367
-0.11530180
-0.04504288
-0.03581365
0.12737157
-0.01683831
-0.09456141
-0.11308229
0.02461227
-0.04619707
-0.00129195
-0.04813612
-0.10378756
-0.04717124
0.01785452
-0.11449527
-0.03247131
-0.05687385
0.06754005
-0.03294804
-0.06818821
-0.08550077
-0.10133114
0.06786964
0.15996441
0.02293358
-0.13423401
0.06268299
0.02494525
0.20326593
0.12792324
-0.08058840
-0.02181638
-0.06041853
0.01106921
0.02518900
0.23581523
-0.05309583
-0.03196604
-0.00834751
-0.03499287
-0.00416237
0.05877304
0.01509739
-0.09859539
0.08280692
-0.01636326
-0.02012247
-0.01019769
-0.02939000
-0.09772149
0.02011700
0.10996195
0.07077995
0.04800098
0.02846663
0.07820777
-0.04946474
0.02415533
0.13628335
-0.02864245
-0.06034974
-0.07306268
0.02405337
0.00998331
-0.10656220
-0.03398345
0.09687489
0.12420958
-0.07668529
-0.13941293
0.15257372
0.01218122
0.04573390
0.00375272
-0.16170949
0.08299358
0.02537970
0.04315340
-0.07963379
0.05024898
0.02906845
0.04555201
-0.00671005
-0.07946574
-0.02421609
-0.03208831
0.22880228
0.01423965
0.07680390
0.12828223
0.04296695
0.00709324
0.11702181
-0.02475929
-0.05678907
-0.03425434
-0.03325450
-0.00559701
0.06392141
0.04144646
0.06316019
0.07468464
0.03567657
0.07663288
-0.06609954
-0.00270667
0.04225689
0.05208254
-0.09736660
-0.06679135
-0.08575925
0.19688613
0.01050771
-0.07179598
-0.05939465
0.05527778
-0.05157118
0.02222598
-0.01403871
0.10551486
-0.09640227
0.07618100
-0.03909240
0.03143262
0.06406634
-0.00495996
-0.01991446
-0.02775196
0.03804620
-0.01128762
0.01068794
-0.08777838
-0.06982706
0.09576828
0.06344225
0.11592170
-0.01198676
0.03513819
-0.05734040
0.06872783
0.06327303
0.01767566
-0.11169775
-0.08048614
0.09200732
-0.07068645
-0.03496086
0.03454641
0.04535633
0.11481025
0.07452088
-0.13570116
-0.01506573
0.16776652
0.08998688
-0.00744703
-0.00561858
0.07482582
0.02464975
-0.03349928
0.03650190
0.10499744
0.06098455
-0.00258608
-0.05871018
0.03816106
0.01842701
-0.07653108
0.02184632
0.02282929
0.00425437
-0.02972549
0.07027512
-0.08263297
-0.07867178
0.03441280
-0.03760143
-0.04888819
-0.01509249
0.02429484
0.09084688
-0.05734494
0.09908794
-0.03025955
0.03411820
0.07631834
0.00813256
-0.01972488
0.11137498
0.02167401
-0.02624104
-0.04286064
-0.05627516
0.03101084
-0.05599467
-0.14521400
0.04282454
0.01532784
0.14096118
-0.25705275
0.09553148
-0.00172923
0.10322009
-0.03189417
0.08303810
0.03119831
0.02122513
0.10919584
0.07827031
0.06499351
0.09252359
0.04612562
-0.08489210
-0.08773845
0.02328257
-0.02861230
-0.06497703
-0.11460120
0.09883178
0.03812911
-0.16957788
0.11518484
-0.10213278
-0.03624439
-0.00149231
-0.04713338
-0.00076680
0.05963547
-0.02290131
-0.04485764
-0.01332906
0.04891865
-0.02985931
-0.09491110
0.03952682
-0.06092453
-0.06024357
0.08843880
-0.13049338
-0.04225281
-0.10578142
0.04359123
-0.13453151
0.07668049
-0.02305718
-0.10140435
-0.06579454
