-0.06859387
0.07449484
-0.05591979
0.04347491
-0.17496145
-0.06334130
0.09971827
-0.05527667
-0.03970648
-0.10460207
0.06651319
-0.11605821
0.03611029
0.07402582
0.02177932
0.02516235
0.08429988
-0.01757653
0.04831955
-0.20503415
-0.03682013
-0.18151230
0.15419437
-0.00974922
0.00084869
0.02331912
-0.02702290
-0.02826966
-0.13808195
0.03019659
-0.13782637
-0.04778314
0.18675892
0.09926681
-0.14037487
0.07380625
0.08786631
-0.08237983
-0.09026929
-0.07959962
-0.04493125
0.03726963
0.14343202
-0.02488288
0.09886030
0.11273332
0.01717832
0.10902427
-0.03901525
-0.00186224
-0.18328368
0.18060839
0.15613284
-0.05188901
-0.10420958
0.05110929
0.07254353
-0.05500943
0.09518852
0.04667089
0.03283604
0.14996155
-0.05269350
0.03809741
0.13506872
0.01749533
-0.05399633
-0.00633786
0.15665462
0.17091907
-0.01811270
-0.09577229
0.00329902
-0.12027271
-0.10586107
-0.03224902
0.05050240
-0.04198466
0.05889362
-0.03527672
0.10965151
-0.02481870
0.00594470
-0.04357096
0.08715117
0.05628689
0.02687168
0.04718085
0.02124182
-0.08076497
0.00748565
0.01715048
-0.02696983
0.07094598
0.04043568
-0.08665778
0.00130827
0.05227228
0.13810241
-0.21013974
0.03014578
0.19417993
-0.09678546
0.03911976
0.03558237
-0.03247565
-0.00949589
0.02028247
0.06962195
0.12322403
0.15883635
0.03638674
0.02040442
0.01756017
-0.01478366
-0.25031291
-0.07510377
0.11828338
0.04310073
-0.04696039
-0.05865603
-0.03854070
-0.00484918
0.07703968
0.00952842
-0.08040108
0.17070770
0.06987172
0.04640368
-0.07998839
0.07987928
-0.03725677
0.04289815
-0.05265863
0.01195874
0.03891032
0.08698577
-0.01774304
0.00652891
-0.03512080
-0.01085483
-0.00263895
-0.10470086
0.03879806
-0.00040162
-0.08404989
0.05336346
0.07379052
-0.00307905
0.02987524
-0.11510757
0.04119090
0.00468921
-0.09987387
-0.04612560
0.14413517
-0.12321554
0.04893656
-0.05236057
-0.10511590
0.09065707
-0.02664787
0.15676625
-0.02184597
-0.05193979
-0.10415202
-0.07932676
-0.04379607
0.02743837
-0.02583065
-0.05196094
0.04317552
-0.18614770
0.04191442
-0.05074550
-0.18231421
-0.01673953
-0.08258376
-0.02200807
-0.03094179
0.03718859
0.01456323
0.11645670
0.00431196
-0.04094478
0.06601540
0.06265674
-0.03611757
-0.05654012
-0.09816318
-0.02414670
-0.10480454
0.07022199
-0.04696818
-0.03049219
-0.09634325
-0.09747140
0.14620488
-0.01144786
-0.06193042
0.04404049
0.08278288
0.01418664
0.01107947
-0.01502120
0.04274912
0.03682048
-0.03831908
-0.08078088
0.07747084
0.05917681
-0.07649664
-0.01878251
-0.00281564
-0.01847384
0.05485704
0.09560904
0.05437232
0.03462328
0.00008547
-0.04065421
-0.01006314
0.03421778
0.07253690
-0.06087053
0.22080747
0.00939304
-0.10691468
0.04131549
-0.06261372
-0.00294204
0.11701222
0.04635454
0.07256312
0.07624842
-0.23571077
-0.02694861
-0.02786764
0.07737127
0.12010015
0.13043966
-0.08713474
-0.08596775
-0.05008211
0.00749103
0.05710861
-0.20392991
-0.10088122
-0.05785624
-0.09271926
-0.07024945
-0.03377632
-0.05564921
0.04238432
0.11104455
-0.00431153
-0.09901822
-0.00946785
-0.02448041
0.09691021
-0.05409434
0.09397815
-0.02293178
0.14940426
-0.00689922
0.06856244
-0.05145840
-0.00479797
-0.03612135
0.02173346
0.04521694
-0.08531775
-0.13638399
0.00212575
-0.16167171
-0.10182367
-0.00383294
-0.08440886
0.02707457
-0.02208919
-0.12943378
0.04938239
0.05443133
0.09604328
0.00269286
0.01711228
-0.07664450
0.03353888
0.12121457
0.09148407
0.01948540
-0.11428174
-0.15825940
0.04681913
0.02517759
-0.11524069
0.01618687
-0.08595083
-0.12274571
-0.09489854
0.00859836
-0.02851533
0.07561312
0.03458309
0.02836286
0.01288725
-0.05579638
-0.10983554
-0.01200032
-0.01781336
-0.06467081
-0.01594824
-0.06055575
0.07748402
-0.13277192
-0.06349354
-0.08497625
0.02701465
0.01601601
0.00448553
-0.05272128
0.04558716
-0.05631833
-0.03517757
-0.08749772
-0.02824567
0.15264844
-0.03211483
-0.01794123
0.08102431
0.08572252
0.01112661
0.03662144
0.07280983
0.06875015
0.08275058
-0.04379565
-0.07482410
0.09760744
-0.19008182
0.04289774
0.06979698
0.11091901
-0.12720211
0.10197995
0.00222477
0.02161903
-0.04786184
-0.05202648
-0.01799199
-0.00951424
-0.09258730
-0.11236175
-0.15035844
0.07224248
-0.15421607
0.05390801
-0.10928618
-0.03276892
0.11888519
-0.00251814
0.01273057
-0.09213264
-0.10216770
-0.01168021
0.03461401
-0.02829929
-0.10538546
0.13319982
-0.12058458
-0.16222191
0.07752544
-0.04127756
-0.06354518
-0.02682516
0.02767624
-0.01936594
-0.01038810
0.06175708
0.05899430
-0.05079363
-0.02377836
-0.01209116
0.06187955
-0.10201630
0.13291358
0.08820975
-0.06042197
0.13913185
0.07972106
-0.01346492
-0.12588185
-0.01837210
-0.03209135
0.01017153
0.00039554
0.05977341
0.11613378
-0.00083556
-0.06370667
-0.09424972
0.01242849
-0.03851966
0.13385480
0.07403863
-0.05120319
0.01951464
-0.00650245
0.08212113
0.07266869
0.06923052
0.05526589
0.08787196
-0.16521016
0.00751623
0.00176423
0.05217634
0.01421098
-0.04328889
0.13547867
-0.03341778
0.10071627
0.10651547
0.04320906
0.07530680
0.10255089
-0.01840672
0.00382623
0.09779562
0.15552553
0.01604397
-0.02513343
0.03235895
0.15110525
0.01984732
-0.10946934
-0.04690390
0.00598384
0.02550350
-0.06248235
0.02178158
-0.07531002
0.04833722
0.08253867
0.04185759
-0.00302272
0.07321898
-0.13769358
-0.02598385
-0.04942548
0.24655054
0.01816986
0.05698970
-0.02603210
0.04204954
0.12850648
0.00303806
-0.11270425
-0.02237774
0.10114273
-0.05909901
0.01443496
0.04052310
0.07093711
0.02669592
0.07337867
0.00488930
-0.13225775
-0.08585286
-0.00859232
0.12152650
0.19135767
0.07299596
0.04512634
0.01534428
-0.04523430
-0.01159042
0.04125690
0.00458827
-0.06035646
0.14662273
0.01439342
0.01212190
0.00908034
-0.01626153
0.00276002
-0.02822663
0.02133977
-0.04660075
-0.14583350
0.00882964
0.03559443
0.10572352
-0.05820818
0.16551869
-0.07797347
-0.05723558
-0.00123202
0.04750372
0.01653570
0.00487777
0.18048648
0.01125263
-0.05889137
-0.13602374
0.14268912
0.04031701
-0.07806292
-0.12438003
0.03207964
0.05200019
-0.01486252
-0.14706086
0.01715150
0.00945403
0.11429525
-0.09898747
0.03464012
0.12879889
-0.11806414
-0.06189147
-0.03294508
-0.13327718
-0.00015765
0.01639778
-0.00009406
-0.12252403
-0.04895425
0.08550152
0.01586339
0.05402286
0.05803366
0.00946319
0.07887563
-0.08606944
-0.05182570
0.04234188
0.07113886
-0.05209181
-0.20354940
-0.02288488
-0.01382273
-0.14606001
-0.26933808
0.02048880
0.04733208
-0.01783780
0.09969169
-0.03738277
-0.07085814
0.05038668
0.00833740
-0.11822525
-0.13083497
0.00023684
-0.01282316
-0.00895001
-0.04975427
0.04090998
0.00826679
-0.08461726
-0.05697498
-0.15172243
-0.04040378
-0.02870883
0.08086511
-0.04829833
0.09705304
0.08270330
-0.14191031
0.04709722
-0.06228945
-0.09752709
-0.09311709
-0.15585262
0.05166345
-0.05016453
0.08912625
-0.02341258
-0.11384628
0.14161440
0.03481805
0.11809562
-0.12181486
0.13511049
0.02235782
0.18804798
0.06559223
0.00431990
-0.02235354
0.08991529
0.06194961
0.09189964
-0.15578255
-0.02445494
0.02457557
-0.02188720
-0.03226617
0.19065108
-0.13860934
0.02700753
-0.04817020
0.00487861
0.08241924
-0.04005045
0.03494817
-0.08346711
-0.03492810
-0.06859445
0.03143600
-0.08717746
-0.15416433
0.04439351
-0.01341167
-0.02458127
0.04698582
-0.03342399
0.12151691
0.03507450
0.00225528
-0.09415010
0.04042189
-0.07514370
-0.12060046
-0.05827272
-0.04738204
-0.10604687
-0.04482998
0.00621701
-0.01410120
0.06867427
0.10553163
0.06965997
-0.09087229
-0.16356756
-0.06055362
-0.12482387
-0.08757934
-0.07363438
-0.00574658
-0.09256338
0.06068138
-0.05980472
-0.14690294
0.12715006
0.00157712
0.07784913
-0.01283564
0.01153521
0.04017362
0.06816212
-0.00013005
0.10224558
0.09897207
-0.00064988
-0.06123725
-0.00644626
-0.07332102
-0.10876739
-0.03137130
0.07862389
-0.01008100
-0.00334882
-0.08411170
-0.10489872
-0.10950044
-0.11115011
0.16578907
0.03643700
-0.03338320
0.10531979
-0.00283531
0.01364999
0.05959599
-0.00657134
-0.13197060
0.05539141
0.06742871
0.00114189
0.04979873
0.05236371
-0.11237854
0.04430850
0.01847175
0.15539682
-0.08247522
0.00112792
0.03968143
-0.05712960
-0.02706698
0.03698018
-0.00494246
-0.02604883
0.21035592
-0.03516038
0.01238684
-0.03614289
0.09950410
-0.03056283
0.04687192
-0.00375011
-0.06792121
0.01176285
-0.19293338
0.10649463
0.02391006
0.01724256
0.18599455
-0.00049727
0.00996943
0.12751229
0.07291456
-0.03664793
0.09432976
-0.15594417
0.00759098
0.09379649
0.14489161
0.08374176
0.09572613
-0.07559347
-0.01898985
-0.00779561
0.02393303
0.01328163
0.02298149
-0.19860590
0.02341967
-0.09578216
0.03029410
-0.19333738
0.09264953
-0.04819327
0.03304723
-0.05880935
0.09888886
0.16058701
-0.00741205
-0.04077191
0.04785378
-0.03241357
0.07639416
-0.08366762
-0.12134585
0.01299648
0.14284498
0.00110018
-0.00526602
-0.15456889
0.04565553
0.00587542
0.07803126
0.09552842
0.05606244
-0.01710850
0.01058497
-0.06017044
-0.12151226
0.12347109
-0.04592581
0.04066246
-0.02510314
0.07993457
-0.03912897
0.09191983
0.04619231
-0.11212075
-0.16502074
0.03316940
-0.06167399
0.08959116
-0.16589052
-0.05471284
-0.16807557
0.04020630
-0.03386692
0.00829936
0.15469450
-0.06805820
-0.06532480
0.05452765
-0.01109496
-0.03021732
-0.01951364
0.02858692
-0.06471000
0.14092502
-0.13507459
-0.04606122
-0.02487903
0.03317491
0.04637551
-0.01846041
-0.01097474
-0.10992275
0.09375753
0.05902327
0.01195858
-0.12385525
0.04048192
-0.01405599
-0.14572517
-0.04288807
-0.01852784
-0.15125474
0.05770985
0.06531465
0.02356739
0.03174129
-0.01880803
-0.08346534
0.00850540
-0.05432437
0.05214050
-0.04067469
-0.03181916
0.14920037
-0.02459040
-0.00429745
0.01954363
-0.11604841
-0.05984255
0.11058312
-0.13873108
0.06490143
0.03465193
0.01975608
0.01365311
-0.15568408
0.13636406
0.15181253
0.01699900
-0.05889625
0.16922314
0.15350178
-0.07105739
-0.03579503
-0.01328983
0.02502361
0.07846548
-0.04042225
-0.06573843
-0.00164347
-0.16222711
-0.06046076
0.04615633
0.13777326
0.00520155
0.03040718
0.14308539
-0.00983963
0.14781673
-0.07275927
0.01229206
-0.07657320
0.01069335
0.04701238
-0.03664932
0.00692353
0.17231971
-0.00586959
-0.02372972
-0.00804477
-0.07462954
0.03074743
-0.03359064
0.02750666
-0.05649726
0.02368664
0.06162074
0.08765712
0.04103433
-0.07430388
0.08290822
-0.04729479
-0.00813077
-0.13962532
0.04772564
-0.03856848
-0.00417886
-0.12930218
0.11770500
0.05083406
-0.01546922
-0.05425516
-0.02957795
-0.07558863
0.04259527
-0.09040717
0.00921866
0.03043674
-0.04361384
0.10735945
-0.02249731
-0.03296802
-0.07990182
-0.05441448
-0.11790835
0.13707818
-0.00225996
0.16160948
-0.03665384
-0.04063503
0.00636404
0.06460625
0.04547286
-0.06079233
0.03000585
-0.06718745
-0.03627810
-0.02445721
-0.01111140
0.01287857
0.07057682
0.14069576
-0.02085456
0.10653498
0.00473685
-0.13309051
-0.03474427
0.12958954
-0.04985434
-0.00748586
0.06150784
-0.03413783
0.09221773
0.07889347
0.01202615
-0.09517424
0.06446691
-0.13970185
-0.05881252
0.01018406
-0.01160807
0.04623376
-0.07178470
-0.08093198
-0.01106654
-0.00400099
0.05411543
0.02918244
-0.02153484
0.10951079
0.13991716
0.07464022
0.05162506
0.09507692
0.10332702
-0.07382858
0.01655033
0.14941801
0.08311002
0.02461448
0.08456815
0.03862116
0.09704199
-0.01837064
-0.13069449
-0.03230104
-0.11458103
-0.00221626
0.12258522
-0.01720325
0.06348101
0.04269367
-0.10850605
0.11397590
0.13286860
0.02380109
-0.01260488
0.12389082
0.09597433
-0.00109167
0.05937474
0.08487219
-0.00498970
0.09457153
-0.02015225
0.03678258
0.09536502
0.09535103
-0.08969775
0.13136891
-0.06393214
0.07128453
0.09625263
0.02518697
0.06142528
-0.05634939
0.03006105
0.08584823
-0.02782864
0.22676774
0.08706810
0.14386624
-0.11321613
0.23619244
0.04484266
-0.07777695
-0.05671002
0.05234213
-0.04201069
0.01376863
-0.25087745
-0.05795482
0.02210943
-0.11709852
0.01455673
-0.11481648
-0.09480630
0.01789640
-0.04466843
0.02536082
-0.11569336
0.00763763
0.00838160
-0.07639707
-0.04443486
0.02702901
-0.08669736
0.07546325
0.11023488
0.04153288
0.00683736
0.04567162
-0.04997716
0.03067398
-0.12731125
0.09360735
-0.03410133
-0.01268219
-0.05902123
-0.17519491
-0.12029246
-0.21249740
-0.13196183
-0.28429954
-0.43213256
-0.46809305
-0.50003789
-0.46371368
-0.43559477
-0.39900816
-0.54008093
-0.42259610
-0.47594720
-0.52053295
-0.41878338
-0.17827078
-0.27589459
-0.13601787
0.16100435
-0.01500435
0.32085653
0.32150177
0.29622864
0.42669158
0.58995481
0.64781084
0.69528654
0.91422916
0.81410893
0.79250729
0.90367757
0.91468617
0.90730156
0.77953858
0.70416682
0.66132712
0.78018558
0.63083945
0.41458928
0.28213448
0.23026122
0.22364699
0.14517235
-0.19025788
-0.11687550
-0.28625790
-0.36243215
-0.43860455
-0.38572641
-0.57064079
-0.53430423
-0.56988849
-0.48556235
-0.62852855
-0.57235987
-0.39803337
-0.42176263
-0.43882497
-0.43182970
-0.37381593
-0.40452688
-0.44252122
-0.31157046
-0.16267481
-0.24784183
-0.07374987
0.03354474
0.00274201
-0.06373622
-0.03875162
0.00387276
-0.10861762
0.09344765
0.13735075
-0.08033985
0.09894075
0.08983282
0.06504457
-0.09294317
0.05807587
0.10906920
0.10539403
0.12611779
0.13762428
0.07804476
0.01681135
0.17083646
0.06588042
-0.00626402
0.06692997
0.08545593
-0.12155281
-0.01983033
0.03055416
0.06906812
0.03086454
0.02339273
0.01249449
0.24047922
0.07089733
-0.05919330
0.00505416
-0.03668213
-0.03688664
0.03956777
0.09254939
0.01367589
-0.03759661
-0.11198722
0.02253772
0.07022711
0.06803292
0.02477947
-0.03189009
0.12723954
0.10844580
-0.00612578
0.07750655
0.07939124
-0.11227666
0.14202066
0.03384032
0.13637283
0.09425870
0.07781344
0.09497294
0.07063175
0.00236157
0.08191879
-0.01514363
0.24314315
0.06926854
-0.03400698
0.06227356
-0.02750155
0.04086341
0.13870242
0.03991795
-0.08610659
-0.05519453
-0.12521659
-0.16003696
0.12942100
0.01135917
0.04315221
-0.08506407
0.00878393
-0.05139282
-0.00890757
-0.00241890
0.10921446
0.19428440
-0.07920512
-0.03867657
0.05629272
-0.11679729
-0.02318666
-0.05884231
0.00866617
0.02351299
0.04081012
0.11970484
0.07352684
0.06155596
-0.00631794
-0.06770195
0.13543589
-0.02065150
-0.00458080
-0.08504967
-0.01607471
-0.01119492
0.00883562
-0.10111678
-0.07884315
-0.14449427
0.17036753
-0.18612240
0.04491314
0.02337407
-0.02375961
0.04892370
-0.16021132
-0.08034261
0.00133969
-0.17079629
-0.12862932
-0.14701194
-0.12060933
0.00318200
-0.18898284
-0.09411174
-0.18570899
0.07501187
0.06388794
-0.05017635
-0.11745812
0.07807982
-0.10640056
-0.09468764
0.04334327
-0.22030783
0.03438012
-0.04402116
-0.11527908
0.06915451
0.03762257
0.03707601
0.22836920
0.10372204
0.01766951
0.21325680
0.22401069
0.18907297
0.13179058
0.03970353
0.19752122
0.00664633
0.13057680
0.22510472
0.06459008
0.06080063
-0.11649620
0.03269501
-0.13675678
-0.00976650
-0.16196051
-0.14219622
-0.16062845
-0.23823786
-0.34104910
-0.15797593
-0.36103358
-0.34210285
-0.27603362
-0.16603211
-0.34682210
-0.23630062
-0.30736611
-0.20076055
-0.20884462
-0.10324364
-0.26817902
-0.16475630
-0.02205511
-0.10468106
0.08121870
-0.03305702
-0.05200581
-0.00497696
0.12027240
0.13019399
-0.02499646
0.15283014
-0.10110270
0.30949103
0.05467505
0.23202625
0.01105010
0.24688209
0.28605744
0.02720036
-0.01390002
0.05022421
0.17995038
0.09669746
-0.00677107
-0.04104170
0.12288005
-0.03566735
0.05626834
-0.03652731
-0.06596584
-0.06588027
0.03341378
-0.14910056
-0.00576909
-0.03954331
0.04462791
0.04706783
-0.03066510
-0.07221553
0.03859024
-0.15022212
-0.03263543
-0.01175332
0.01578276
-0.01949804
-0.10797223
-0.09465137
0.04049845
-0.15587627
0.00879393
-0.13116317
-0.03663862
-0.07535848
0.05562882
0.15721995
-0.00358303
0.15636468
-0.01771484
-0.07358337
-0.00706631
-0.06896314
-0.11628091
-0.10625050
0.13674578
0.18412072
-0.20198230
-0.18160812
-0.01267289
0.10199796
0.16859394
-0.00853336
0.08610088
0.11113869
0.02305759
0.07909353
-0.04876512
-0.03601189
-0.03431445
0.02982978
-0.09265871
-0.04562614
-0.05358939
-0.04618964
0.02132712
0.05287121
-0.05249443
-0.00905669
-0.04466562
0.00774472
-0.15304390
-0.08920075
-0.07940307
0.00178569
-0.08526577
-0.01729778
0.02186815
0.00244376
-0.14817217
0.12498073
-0.05865578
-0.00081010
-0.09435634
0.00914735
-0.09577658
0.08864777
0.04799494
0.09222783
0.03031701
0.09195035
-0.04837026
0.06162401
0.00492476
0.08175407
0.01127078
-0.02513153
0.02529680
0.06045981
0.03275264
-0.02498052
0.05934717
-0.03446709
0.11775622
0.01228645
0.06814363
-0.05528129
0.09023332
0.08374529
0.08029964
-0.00378693
-0.02515020
0.13810527
0.01200716
0.11721969
0.02992947
0.04907772
0.10608496
-0.01992994
0.12268934
0.05664713
0.09624612
-0.11732211
0.03807171
-0.10290788
0.00224749
-0.04640369
0.07943779
-0.07556967
-0.00787237
0.10030860
0.01062873
0.03667889
-0.00668272
-0.11204434
-0.02979044
0.00147671
0.07311960
-0.00639156
-0.08315501
0.07927601
-0.10632795
-0.12742632
-0.16119153
0.06258389
-0.01049470
0.03976653
0.20827039
-0.00912664
-0.07359431
-0.08846864
-0.11085986
-0.08040693
0.15233007
-0.01014197
-0.11893896
0.02693981
-0.00964034
-0.03790325
-0.06487189
-0.06545262
-0.09495009
-0.02129384
0.08919791
-0.04915867
-0.01160542
0.16636584
0.02324729
0.03897264
0.06336612
0.02259637
-0.01718919
0.08829317
-0.01864167
-0.01011961
0.06026071
0.18732735
0.04312400
0.07809111
0.06081378
-0.03864537
0.01789234
0.02207689
0.10587817
-0.13270922
-0.10576455
0.05049999
-0.01435392
0.01851786
-0.20396629
0.06333710
-0.03895529
0.04027689
-0.05006763
-0.18729150
-0.06444126
-0.01742996
0.02360979
-0.00113132
0.04610317
0.02165492
0.01611045
0.03836528
-0.10178860
0.14618093
-0.02138914
0.01167483
0.04034702
-0.10834937
0.12278900
0.02998541
-0.10131214
-0.11089239
-0.13774587
0.08090319
0.01921685
-0.06499666
-0.06862205
0.03333427
0.15248567
0.08313813
-0.04748058
0.06180537
-0.09732491
0.15044426
0.01532941
0.09452730
-0.08577486
0.07018400
-0.03541475
-0.04378238
-0.07304278
0.08688259
-0.05911519
-0.08819012
0.01432062
-0.16288523
0.26015853
-0.17049375
-0.12834324
-0.24867565
0.08898636
-0.16001215
-0.04863802
0.13612188
0.00769339
-0.14296310
0.03855397
-0.16035713
0.01275962
-0.04095715
-0.04167831
0.05544462
0.00512467
0.03022111
-0.10717820
-0.08492550
-0.02060821
0.01410253
-0.11703682
0.01674804
-0.00799663
-0.04154750
-0.11355625
-0.03485945
-0.04715176
0.06234158
0.07258015
0.00651353
-0.01480086
0.15354510
0.02261670
0.06057413
0.10563702
-0.03709686
-0.15566982
0.01329735
-0.12258211
0.04234370
0.04230216
-0.05861798
-0.03269461
0.04568688
0.10940808
0.01424813
0.03770250
0.06331590
-0.11599259
-0.07216067
-0.13942560
0.05407156
0.07720856
-0.02653766
0.01626007
-0.21559814
0.08373146
-0.06254404
-0.05145917
0.03985984
0.06159123
0.08950629
-0.04359230
-0.03125807
-0.09846769
-0.16324059
0.02074341
0.08928331
-0.04216059
-0.14297101
0.00363046
-0.06013095
-0.00439264
-0.00649009
-0.05511262
0.09357694
0.12479354
-0.11404157
-0.03546088
-0.11576254
0.07356421
-0.06693581
-0.04943448
-0.08527696
-0.09363178
0.17569751
-0.00504747
-0.14461317
-0.02698258
0.01137952
0.04180850
0.08755244
0.05600052
0.06517836
-0.05166401
0.06558702
0.06419154
-0.22178348
0.00873769
0.08422000
-0.08952143
-0.05908104
0.11130140
0.11495754
0.12153276
-0.00137067
-0.00266223
-0.00180768
-0.01287476
-0.02710049
-0.11660719
-0.06903430
0.03147391
-0.10136812
-0.04423864
-0.04723229
-0.04331032
-0.08126138
0.08876659
0.06794079
-0.04359895
0.03862917
-0.03578984
0.07827111
-0.01847155
0.12972226
-0.11839537
0.06942932
-0.05401566
-0.00495631
-0.14542652
0.00019798
0.04809987
-0.04031928
0.01777097
-0.06291727
-0.11577436
-0.02649278
0.02997556
0.04332549
0.11070385
0.07463479
-0.07828556
0.05566492
-0.02572441
0.07278729
-0.03177758
-0.03277187
0.09790100
0.05742175
-0.08676701
0.13205945
0.02143265
0.02151172
-0.05150806
0.08284160
-0.02675661
0.16836561
-0.09795142
0.12104697
0.09679417
0.05414491
-0.01967328
0.03436762
0.03485980
0.01064031
0.08925079
0.07649168
-0.06075573
-0.14651043
-0.01148477
-0.01879278
-0.05095662
0.20462288
0.09245826
0.05700531
0.03904942
0.22571738
0.03533119
0.12965355
0.00889939
-0.06314966
0.03383221
-0.10375284
0.08995615
0.04752392
-0.01860513
0.02968429
-0.11672416
0.09736723
-0.01588130
0.00914285
0.02777719
0.02468886
-0.13821809
0.03613090
0.09192188
0.08592097
0.12606089
-0.08985994
0.03624560
-0.04242231
0.11950496
0.03594645
0.12318162
0.07117404
0.00443174
-0.12100071
0.05677873
-0.10213682
0.03262596
-0.01855118
-0.20976550
-0.12275706
-0.11583566
-0.10295218
-0.06724762
0.04929656
-0.06396823
0.02442656
-0.05697016
-0.07114127
0.01765125
0.09549753
0.07600871
-0.00999404
0.11159443
-0.04841321
-0.06960311
0.08191274
0.09962461
-0.05466180
0.03766816
-0.09924676
0.07987537
-0.03099548
-0.05970582
0.07501975
-0.07092299
0.10476594
0.03941867
-0.11884395
0.09734103
0.07621471
-0.08283535
0.09436914
-0.13089749
-0.03918813
0.00875386
-0.05888535
-0.03543223
-0.15033101
-0.00973679
-0.08609407
0.11916871
0.05041860
0.12844318
-0.00599233
-0.06575029
-0.05318094
0.11761876
-0.11821487
0.02756037
0.16013033
0.10431854
-0.03782356
0.09226364
0.07469986
-0.03889698
0.10481861
-0.03447493
0.02653334
-0.07414793
0.09341427
0.04853084
-0.00247647
-0.03161617
-0.03924412
0.00182703
0.10392468
0.14766193
-0.09945178
0.02701704
0.00913125
-0.00830778
0.09558041
-0.04396733
-0.10471605
0.00965813
-0.02047940
0.18466199
-0.00689611
0.05488438
-0.12007008
0.02091138
0.01136591
-0.04343220
-0.21893241
-0.14083554
-0.01292672
-0.00276987
0.02980730
-0.07468693
-0.03938247
-0.10259952
-0.02820581
0.04865502
0.00746698
-0.08830287
-0.06779904
0.03249925
-0.15309550
0.05091494
0.01344050
-0.04357289
0.00019878
-0.12691577
0.03738299
-0.00533750
0.06336168
-0.08605826
0.04877839
0.06120860
0.05740037
0.09079815
-0.11358361
0.01152094
-0.00424473
0.09435596
0.08611086
0.09843798
0.12354597
0.01032158
0.17018814
-0.02727303
-0.11360100
-0.04235049
0.00633081
0.00288223
0.08746011
-0.20901818
0.01788941
0.00456937
0.02190498
-0.00292731
0.01650663
0.07133030
0.02127176
0.00420010
0.05932628
0.04419392
-0.01400649
-0.09832974
0.02977292
0.07067379
-0.09976428
-0.04138827
0.00862139
-0.09192665
0.00050753
-0.00701386
-0.04850743
0.10808785
0.08125214
0.09495017
0.02339651
0.00143518
-0.02620980
-0.02120062
0.02562375
-0.02130054
0.18321707
-0.00859108
-0.05659979
-0.02699200
0.08248418
0.00171628
-0.10168219
0.08278430
-0.01429980
0.12842141
0.02946699
-0.01775715
0.03023242
0.04109700
0.09820759
-0.03119681
0.03797233
-0.12469282
0.00016817
0.03339583
0.09962017
-0.04635290
0.05182757
-0.07306774
0.17019644
-0.02009922
-0.10438976
0.16476961
0.05793722
-0.02163198
0.09036189
0.12355214
0.02318892
-0.11907905
0.11227550
0.11749055
0.14242606
-0.08995692
0.11508607
0.03788723
-0.12513712
0.02963760
-0.06927106
-0.02239626
0.03773394
-0.08409313
-0.12999785
0.00931890
-0.08786041
-0.07303169
0.16737628
0.06256432
0.01108650
0.09352097
0.04598572
-0.11496988
-0.00915557
-0.15285022
0.13288792
0.06479815
0.11161706
0.02202714
0.06710892
-0.10801226
0.02516287
0.03556045
-0.03891140
0.03769145
0.03354307
0.03023843
-0.03137797
-0.14541477
0.15475115
0.01433019
0.16209969
0.00013079
-0.03894404
0.18397369
0.05921912
0.03186169
0.02358226
0.13818829
-0.08593763
-0.02607633
0.09032290
-0.05178333
-0.07912678
-0.20236646
0.00635064
0.03474933
0.01757976
0.06724978
0.15709748
0.04109027
-0.08004290
-0.01930644
0.15807714
