0.55480501
0.92544923
-2.90691903
0.32715610
-3.32521125
-1.20424131
3.30517259
-1.13267241
-1.93398416
2.94301740
-0.32862103
1.49663885
1.20303234
-2.17732990
0.94924511
0.50731389
-0.37361759
-0.21315702
-1.91923422
-0.61624126
1.70817407
0.02676654
1.07966455
0.62644427
-2.84013006
1.15721753
1.49844861
2.89265720
1.70205807
-1.75790544
0.30956104
2.10701084
-0.08113229
1.14524802
0.26394666
-1.67227703
1.68408508
-0.29308164
-4.09572750
0.76312873
-0.24431102
2.26235728
4.01867664
1.31299527
0.09688972
-1.25459406
3.32149594
-0.67177985
-1.45559636
-0.53214910
-0.31656564
0.88784121
1.77046740
0.22431769
1.30363804
0.31381925
0.49686140
1.10102621
1.58590433
-3.72294001
-2.81452607
2.45299252
0.15165716
1.66662462
0.13262753
-2.23892973
-0.03553516
-0.85430924
-0.18587459
-4.55333660
0.91806183
-0.32537328
-1.42717200
1.84388542
0.84331181
1.29809179
1.54455808
3.46425876
1.41687745
2.73106326
0.76775382
-2.02827791
-0.70055893
0.49620175
1.45302032
0.40024231
-1.45575475
0.44085657
0.44919841
0.08900501
-2.34548632
-5.30256826
0.46304389
0.18742874
3.05941305
-1.18818033
2.76833647
2.86538515
0.08226484
0.96903711
3.13455166
0.79195897
-0.90233673
-0.48745203
-1.74870216
-1.73256526
0.13742393
1.28173668
1.23164708
2.08495288
0.24083226
2.53590202
0.66204149
1.71230228
1.14064220
0.80668091
-0.13412610
0.60421320
-1.24081499
-0.07691876
-1.64089634
1.18332488
1.07448562
-0.21457930
1.50506765
-0.15504131
1.58930767
-1.83744007
-0.65549921
2.01656113
-0.17226808
-2.20021899
0.01367245
0.49424617
-2.87591329
0.50857628
0.51288888
-2.17956841
-2.21936771
1.63418822
0.00401880
0.61263757
-2.15826839
-1.45686459
2.17825197
1.45565239
1.62981151
0.09673040
0.51304169
1.45311928
1.68650315
-0.74394762
0.16955843
-2.11951161
0.71576679
1.19276796
0.86088363
0.90010673
-2.24073641
-2.12098282
2.34782956
-1.05785209
-2.12936233
0.52786012
-1.33498275
-0.08037099
-0.43838820
0.13824609
1.34946902
0.21370845
-0.52662652
-0.52801296
-0.65441714
-2.53837906
-0.77305684
2.46740917
2.43238435
1.58507115
0.41505308
-1.56873152
0.97236997
0.42466963
-0.74136332
0.12583594
5.13278420
-1.59796775
1.34879857
-1.93528836
-1.29999623
-1.85023710
-0.32679136
-3.26518118
-0.22698348
-4.65086566
1.37541461
-0.80799844
0.31306529
0.61063644
1.93431375
-0.90892154
-0.42196357
0.96818450
-0.29910960
1.95104233
1.58233534
-1.24626542
-1.68066431
-1.81247095
1.65768173
-1.96038889
1.48916529
-2.91172534
-2.15896404
0.04147531
-1.47608652
1.38105319
0.13259658
-0.86916138
-0.94175785
2.62422363
-2.85842283
2.02885363
-1.11969866
0.20578827
-1.08952212
-3.83781125
1.85292494
-1.98437405
0.48611929
1.89946737
0.30467762
-0.03795362
-0.78341346
-1.47786893
-1.01542057
0.43478616
-1.01217376
-0.42020937
-1.37216734
2.40750897
-0.39660586
-0.76041395
0.17342259
-0.01812511
-2.70168490
-1.37103028
1.22716153
-1.46147970
-2.66718295
0.18011894
0.81023731
-1.90735955
1.55879810
4.97866622
-0.78746919
-0.18849771
0.96389376
0.12771783
3.21926069
-1.38446098
5.99124999
-1.87784922
1.26217845
0.33510577
-3.30806138
-0.90109888
0.48032168
-0.52785220
1.12808400
-2.51725067
-1.12818709
-1.50563181
5.52056257
-1.82357728
0.79812007
-0.61673687
-3.53195267
-0.37507444
-0.95922678
-0.47160543
-0.27467386
-1.06609322
2.33426627
-4.85912836
-1.37524005
1.24534733
-1.40368893
-1.88667078
-2.06180948
-1.88067346
-0.95045177
-0.21708342
2.74335599
-3.68407913
-2.13010072
-1.67682460
1.52879751
-0.49719265
0.13354079
-1.36227344
1.63952871
-3.00503374
0.71948272
-0.22968643
-0.00725965
-2.03609807
0.84100836
-0.18259941
1.33270405
-0.24069319
3.68714134
-1.72112734
2.67003749
0.07734626
1.16788131
1.12818715
2.47197448
-0.73188769
0.68444599
-0.67583618
0.71224293
-0.49607823
-1.13056794
1.97368220
-1.61095404
-2.29138200
-1.59940036
1.09929548
1.31637932
3.20830869
0.07469381
1.46776591
-1.60923060
-1.49846440
-0.77641472
-0.60582746
0.33116727
-3.25612189
0.91892954
0.01936626
1.95375770
1.27464780
0.41543176
-0.03604952
0.44773435
-0.47058484
2.94859393
-1.24814270
-0.46211704
2.84404794
-0.85298288
0.74004057
1.43918290
0.26501677
-1.90362269
-2.53057462
4.31189849
1.65301633
1.65442993
1.35499160
2.56045336
1.33394195
0.41926025
-2.17908877
-0.58169751
1.65114326
-0.32198796
-1.82057715
-1.01294884
-1.67578505
2.55845889
-1.20294427
-1.12394445
1.58902219
-0.92798720
-0.64636055
-0.84674391
-0.19888518
0.00322039
-4.02053112
-0.32159866
-0.72390013
2.60496175
2.15830471
-2.40822328
-0.93352776
3.03816153
-0.68199206
-2.36557627
0.78154402
2.59396940
-1.90098458
0.53576783
-2.08307883
-3.25890467
-0.54837773
-0.60926965
-1.18599331
-2.65438465
-2.35861433
-5.24998968
-1.38549824
-2.36731197
1.67271676
-0.58329474
2.43856590
-1.77265692
0.13022968
0.34860361
-0.90177723
-0.01004950
0.53624051
-0.27509175
0.22326707
-0.47586563
1.28201909
0.61134986
-1.24717380
0.12588526
0.47064414
2.92248000
1.00079246
0.69402340
0.79451283
1.78383042
-2.30928110
3.18360074
0.79951294
0.35665949
-1.63411150
-1.31012005
-2.12796876
0.54059768
0.80310998
-1.10856073
-2.44703494
1.46576303
0.52428200
-0.96290008
-0.36638646
2.66231292
-1.30677546
-1.15661114
-1.17000538
1.17686709
2.80830704
0.23826115
2.52060788
-0.33014808
-0.19812055
0.42941027
0.39847669
-2.46049748
-2.81961914
1.69465417
2.44663099
0.58366933
0.97203275
-0.25931183
3.90457737
3.17847312
1.48141861
-1.72440900
-2.03697598
0.22877826
1.34347917
-0.51333620
3.50827464
-1.95266669
0.92480902
-1.05235620
-2.41718911
-1.34989463
-1.35439719
1.80900980
1.13046180
2.75458228
3.55102337
-0.88744806
0.40617609
0.30927499
-2.51667270
-1.99672329
0.43949736
-2.85346120
1.92266285
1.40838575
4.46938964
-0.77719407
-0.02878947
-1.44603541
1.47290173
-0.60667279
0.19077746
0.37814165
-1.08851122
-2.11983264
-0.45822172
1.14949522
1.35332023
0.52094548
-0.10131678
-0.11905296
1.18532010
-1.10840553
-2.75757532
2.72913976
0.21358411
2.42174745
1.23079458
2.55785944
-0.30550450
-0.41206701
-1.65956034
-0.61171642
-1.08563910
1.33924624
-2.66364644
1.51594004
1.31317617
0.43005111
-0.18898998
-1.21592270
-0.65939610
-0.26075532
1.40845791
-1.50151807
1.60536027
0.54314945
2.43983756
0.20956633
-0.31024944
-2.00843223
0.55832901
0.85914352
-2.19164544
0.25244100
1.37366992
-1.85632796
0.91897507
2.32584515
-0.32027533
-5.09934550
1.09658304
-1.66829380
2.07288614
0.86571626
1.12733265
0.60656809
-0.12771806
1.61910910
-1.08643046
0.78808400
0.99990744
-2.92223469
1.15129957
4.33375254
0.31801360
1.81533007
-0.82371453
-1.03949635
2.34874853
-1.22429964
-1.36452084
-0.40940110
-1.56763442
0.30007698
-0.16062351
-1.43816674
1.42541972
0.17213196
0.78465274
1.21060009
-1.67013489
-0.23613238
-0.40977247
1.57250588
2.32276133
3.09334218
-1.44177586
1.68805735
-2.34628468
0.05833363
-2.63617371
0.43839290
-0.16731790
-0.19408313
1.25676782
1.17143766
0.57156855
0.67059675
-3.20523494
-1.06960091
-2.41063924
1.80078778
-0.13631370
-1.35143556
-2.58661595
1.85859727
-0.81079089
0.34078063
-1.63279123
-0.37482234
2.34378963
0.84788939
-0.38281584
2.73307161
0.62936107
-0.11620010
-1.73099491
1.81730474
0.44555532
2.29532444
-0.36723519
1.38489586
-3.20929691
-1.33860997
0.23565767
-1.12404143
0.64505395
-0.47287472
1.40413963
1.48564480
-2.56596331
-0.57399418
0.45556899
2.27223392
0.45849819
0.62979382
0.00873128
-0.14250170
-1.93351289
0.44381656
0.55398276
-2.13487509
0.84899970
0.79798653
0.91548156
0.05243712
1.26383553
0.57942465
2.07771692
1.00813761
2.67023150
-0.60792727
0.49566974
1.60467462
0.81169735
-0.45147680
2.83182469
1.55086113
2.43915506
1.32305778
2.79760789
1.95828344
2.58983356
-0.54069493
2.35292008
-2.71082534
-2.26856881
0.24370323
1.50897506
-3.47496315
1.65104734
2.12254162
0.92285529
-3.63596864
-1.69247413
-1.43172469
-0.92485648
-3.96585669
0.71277538
1.17220442
-3.97335061
-2.88306772
1.96774300
-0.59128119
-1.33638530
0.57350914
-1.28785882
0.11780801
-2.47433095
1.36947450
0.11747243
-2.18742615
-0.55713477
3.31733722
-1.66074004
-1.43354392
0.63543470
-1.63560997
4.13680758
-1.21043900
3.18685327
1.00766906
-0.96859611
2.05349767
-0.38282422
2.80978559
0.33910435
-3.54207673
0.46852926
-1.53060019
-1.06723552
-0.16477513
0.33443438
-1.32865665
-1.10580263
3.20225896
-2.00246901
0.54526720
2.51109881
-2.24803052
-0.09014999
-1.47011540
0.82059274
0.83471596
1.37792349
-1.32398810
-1.49573343
-3.60914273
-2.60856782
0.44899978
-3.14062840
1.17329309
1.24704212
2.47899637
0.57758197
-1.08154408
2.46938166
-0.23024322
-1.22918718
-0.11089896
1.26072836
1.57862125
1.15271121
0.65677776
-0.68960953
-0.27909907
-1.84522414
0.14815004
-1.24848514
1.71637906
0.42127579
-0.99972753
2.32672893
2.13806654
-0.04408270
-0.14231828
2.64279008
1.41458312
1.24418623
1.69815355
-1.55506179
2.43147156
-2.10940556
-2.31039637
-1.13256998
3.51176046
-1.40381575
3.04592721
-0.58945856
0.78972637
-1.13479405
-0.35011291
0.54286659
-0.23578652
0.47819991
2.93611714
1.22162436
-3.84346975
-2.06157064
-0.20702822
-2.21689135
3.26733233
-1.57811846
3.71094713
1.17085065
1.53430824
2.45732608
0.59151040
-0.97395010
1.17563016
-0.36691664
0.29952708
-0.93426521
0.17670579
0.78164795
1.59312094
1.86164183
1.35480714
-3.27980693
-1.73663567
3.44028686
-0.66342170
0.35069501
-2.01401574
-1.40706762
1.93784915
1.15068111
-0.88554468
3.67578779
0.08163245
3.11325942
-0.84743082
0.38800012
0.35820922
1.94175304
1.56249430
0.48366803
2.29437161
5.89780774
-0.17106191
1.53603340
-1.31969248
0.68575681
0.80439892
-1.57672107
0.73408910
-2.98803727
-0.53272053
-0.80026027
-0.74850118
1.82642497
2.63320670
1.16527417
2.85396094
-1.47346073
-0.24313682
-0.01787035
4.02384761
0.78234619
1.35794757
0.44558273
-1.76286836
1.14106177
-0.83236595
3.43191091
-0.91438993
-0.13918587
0.67759677
1.65188548
2.17949981
-0.38540884
-2.50573132
1.16883245
1.93723949
2.06818329
0.65385162
-0.59901449
-3.96052349
-0.58284419
1.83256098
2.75735551
1.09664940
0.52233821
1.27895176
-1.06995714
-0.17921863
0.05478329
0.81758284
-0.20247632
-0.33080057
-0.75556272
-3.46651315
-0.08441567
-2.78171351
-4.11473896
-1.12837827
-0.76173676
-0.34133097
0.06525995
-1.15653348
-0.90868196
-0.85546259
-0.00448529
1.38540506
-0.85332288
1.31570251
-0.82710548
-1.04473337
-1.21942833
1.14572408
0.21039668
-0.15731852
2.31692729
0.01412360
-2.37661879
-0.56053971
-3.06432551
-0.41183351
-2.01385559
-1.31830765
2.14548525
-0.85258365
-2.82385459
-0.40223012
-0.96709267
-0.40374651
0.75354524
-0.96040366
1.60635866
-0.61657227
-1.97551272
-1.34007624
0.64451123
1.26055275
-0.45877794
-0.48745937
1.41827884
1.61642528
0.44298378
3.88156236
-0.18859780
-0.25213920
-0.61230175
-1.55854517
0.50744890
-0.31630842
0.58116947
-1.58153248
1.33171022
1.54451810
-1.54620567
-1.14951709
1.20017425
-2.13564339
0.13395961
1.34757658
3.29599877
-2.05985794
0.66654876
1.26669790
-1.67011219
0.46200934
-0.11640045
-2.81890776
-0.02827351
0.20405659
3.12836344
1.20582859
-0.41968252
1.85016115
-1.11109908
-1.41939452
0.14224883
-1.52096263
-2.11594423
2.85921861
-1.55323831
2.49119306
-0.81823394
-1.40676848
-0.66830248
-1.05136336
-3.54565189
0.19755781
-3.97841624
0.24634788
-0.25345938
1.49713006
0.79229531
1.13934967
5.16171938
-1.62935439
-0.18941933
0.97838366
2.71432130
1.37932323
1.99670923
-3.35733494
-1.21146212
-0.95933123
0.85677310
-2.14680496
2.23289037
0.33224656
-0.92158145
1.57707485
0.56144860
-1.26428764
-1.73744667
-2.34368631
-1.17782992
-0.76811883
2.45878529
0.54393968
-0.61081287
-2.27580204
-1.83431888
0.23598551
1.98568300
-0.78029260
1.05226761
-2.35427995
-2.23267529
-2.62795446
1.35547551
-0.30863305
-3.04071811
-3.08695375
-1.36524598
1.93345992
1.00375297
-1.88281615
-2.56873235
-1.81479063
0.79801085
-2.06860283
1.50610294
-1.98990435
1.81283913
0.46602532
-2.35104096
-0.48841699
-2.55493687
-1.13832556
0.17412972
3.26767974
-0.33413139
-1.58882701
1.50318511
-1.32053445
-0.59117536
0.72905483
3.44803418
-3.63418840
-0.34069649
-1.76631829
-1.39583468
0.47670399
3.07132741
2.75845628
-1.12583746
1.20379332
0.64440327
-1.13712163
-3.33546522
-1.04451746
-0.11286987
0.19998468
3.33700627
0.42859940
-0.25790381
-0.71408346
0.04840400
0.85112544
-1.38978926
0.21807788
1.84379592
1.64662842
-1.57654491
2.03869164
1.07536504
0.86029802
1.18858841
-0.24341987
-3.37203947
-0.36202143
-2.32518860
-0.26985774
2.54293999
2.16459672
-0.07947405
0.33489888
-1.61424046
-2.92140218
-1.26912119
2.26471840
-2.80256964
0.18531481
-1.84508462
-2.62234660
-0.08379109
-1.50405142
1.68808139
2.75527398
-2.62057684
-1.84948776
0.28625933
0.10848903
2.73338858
0.40193921
2.24780986
-2.05301981
1.50333778
-1.61738158
0.07306262
-0.22179083
-2.81918496
1.74933469
-1.40586062
-0.59434659
2.59697423
0.90727556
0.26128229
-0.86124839
4.02833243
-1.52387201
-1.33814485
-1.12634413
1.78802501
-0.78813577
1.39207556
2.37352087
-0.37309491
-1.98174637
0.26985586
-0.67113443
0.69711733
0.42745763
0.46081462
1.00619657
-2.24720545
-3.19782487
-0.75995463
-0.32735369
-0.56006965
-0.61135753
0.17266336
2.16239848
0.52300538
1.20913713
0.29280976
1.79679872
-2.24044401
-1.04112787
-1.88315366
-3.97705627
0.52665413
-0.31753045
3.74032138
0.36748513
-3.67948333
1.18983898
-0.77820428
-0.33607592
0.08475381
0.66361487
4.12564156
1.25034143
-1.93298473
0.92148683
1.33603041
-2.75452609
-1.37930852
-0.78569380
-0.61448033
-3.52842954
-0.75343078
-0.78632441
-0.81414541
-2.45467844
-0.05960877
1.35286520
0.99081551
-1.37218973
0.55789931
-0.37393235
0.20782134
0.79796846
-1.36397949
-0.80760740
-4.01423654
-1.41133043
-1.28128679
1.97835460
3.24002118
1.01446737
2.82579573
2.67176729
-3.13749532
0.66928768
-0.15255386
-1.10409698
2.60280256
-1.79896352
-0.21991311
-0.89690656
-2.47145789
-0.82209366
-0.61225823
-2.30245575
-0.23566850
-1.03323163
0.93051986
-0.60697565
0.25423657
-2.24267221
0.34227086
0.58803936
-0.28128095
2.67473264
-1.87444440
-2.59020868
0.12471321
4.41081486
1.12181922
-2.28539107
-0.55389476
1.52896249
-4.30352746
-0.63638240
0.49450446
-2.33501823
2.58133659
1.75344796
0.55688788
2.93121038
-3.07838758
-0.18810306
-0.97687716
2.78811652
0.16018332
-1.04579447
-0.88728215
-1.61350401
3.16057866
0.13689365
0.60140090
0.30647640
-0.74761532
-1.41862178
1.36920041
3.29736329
-2.46817613
3.21255929
0.80038706
-2.30592316
2.31564435
-2.36676967
-0.58264988
0.38813923
0.64130328
-2.19175465
0.44708239
-1.43722250
0.51818420
2.59931724
0.54776343
3.50450937
-0.64777505
-3.53659607
-2.54134279
0.36065549
0.36232092
-0.70452115
-0.59135159
-1.05601718
2.61797106
0.39455136
-4.23174415
-0.29881836
-1.05282280
-3.93958626
2.23081199
1.38297451
-0.38651794
-1.59223389
3.55068564
1.06520831
1.46460331
-2.42461076
-1.30525846
1.12645260
0.55790579
1.45494156
1.40332059
-0.61962588
1.32467850
1.14562045
0.63564437
2.72051462
-1.19124600
2.07067705
-0.19204882
0.91385998
-1.34318189
-0.01016068
-1.68016332
-1.91768782
1.78188081
1.62142241
-0.91007908
-2.63201760
3.86738775
-0.06925630
0.97132664
0.53704315
-0.54245124
0.63425133
1.07596148
-0.90768063
-0.74009505
0.18860169
-1.44923833
1.68825441
-3.01025855
0.53776694
1.17364244
-1.58639283
-2.80987244
-0.51103488
-0.61198480
-0.25638234
0.59397550
2.01087939
1.26641410
2.52405137
-0.85508966
3.39986507
1.09748913
0.43488491
-0.25916670
2.90174962
0.03206153
0.12058030
-0.21155501
2.58094692
0.36086466
-0.84775957
1.08572388
1.69659390
2.97744194
-0.72499386
-1.32950521
-3.25037354
-1.18921910
1.74239900
0.96180470
0.11368271
1.25987925
2.05479926
-1.94592649
1.38740277
-3.04487116
0.91659159
0.26934661
0.30638749
-1.90714206
0.72155965
-1.53922934
1.91545023
-1.17266427
0.07002362
3.21720767
0.28799471
0.90228462
0.16974866
-0.62801955
-1.73648651
1.22144846
-0.81553526
0.89491460
1.31912519
0.00028336
0.07976979
1.83031306
0.08799650
0.59039788
-0.21598326
0.44282359
0.98093402
2.15235081
0.75681057
2.45705170
-0.92237416
-0.45705442
2.01139079
-2.47486859
-1.45586573
2.79022910
-4.06865881
0.52459322
-1.63179718
-3.93699690
-0.33948805
2.90052286
2.76092012
-1.55571020
0.06056080
-1.74714256
2.30552991
0.35449689
-1.86264736
1.89269741
-0.69624742
-1.21920599
-1.66471071
0.91135665
4.17773645
-1.29934484
-0.54951227
-1.42626567
3.08499764
1.03418922
-0.94533946
-3.60671473
-0.17953181
1.18805592
1.99771113
0.35405304
-3.77509331
0.64981571
1.79592935
-1.98023020
0.88089172
-1.31751181
-0.15803395
3.18199866
1.75035786
2.20251082
-1.59543142
1.51515256
-0.33042049
0.03055560
2.54302769
-0.85087177
-0.00026253
1.28353341
-1.13950223
1.75114524
1.36742392
0.97865577
-0.89217443
0.89496543
-1.45136243
-0.53442002
0.02420488
-1.54394181
-0.04274819
0.27807176
-2.14858875
1.91368965
1.61760506
-1.39545107
4.00250345
0.50351407
2.36726897
1.00384653
-0.23059673
3.65694836
-2.79785381
-2.43116254
-2.73957994
1.04564738
-0.11904975
0.95323381
-0.03026511
1.27586356
2.13066580
-2.56611461
-0.82435069
-0.91206054
1.85407823
-1.43026944
-1.32205015
-0.55857825
1.36124198
0.91195221
-0.24600424
1.16987958
0.23269314
-0.81865628
0.18207464
1.55027487
0.86453775
2.68864455
1.26325193
-0.12626670
-1.01016880
-1.25356085
0.29122037
3.18965849
-0.06588205
1.24618461
0.28737230
0.40050351
2.29147188
1.57774547
3.05082026
1.15715257
-0.71501487
-0.03644827
-0.84556522
0.72978401
-2.18190768
-0.08372986
-0.21822452
0.41050433
0.59827693
-0.38568975
-2.23742993
-1.33127240
0.38637155
-0.65784277
0.76513806
4.16604002
1.38961458
0.03761275
-1.45002423
-1.27755187
1.68040743
1.40193950
0.89378399
-0.92174823
-3.21303084
0.32463910
1.30267656
-1.34303331
-0.15822795
-0.14103703
1.33986620
-0.75757219
0.22257037
-0.34044006
-1.09392457
1.18052526
0.92209914
-0.22322498
1.85477941
2.11336854
1.68351072
-0.92513555
1.65923238
-5.86711485
-2.53836940
0.26558470
-0.11820543
1.72888695
-0.48246611
1.34834132
0.89010605
1.86848608
-2.99302843
-1.89246063
0.37803559
2.91245654
0.98651404
-1.85796931
-0.05735269
-1.56714764
-2.60875097
0.28340996
-1.97749609
-1.00636530
0.40606771
-0.48349895
-0.70402086
-0.76402134
-2.37569199
0.80397986
-2.57458048
3.56311976
1.41921105
-1.06527886
3.54063593
-0.65365127
0.16577721
3.53586038
-1.22032238
-0.15254665
3.02597229
0.00494288
3.28858633
0.60340347
-1.33326103
-0.47195415
-0.39156726
-2.35967803
-1.35569024
1.36188676
0.92774169
-2.36722118
-0.69202099
1.44441120
-3.42585060
-2.51252994
-0.99478265
-2.18373894
-0.65047056
0.20207761
2.21371685
-5.18897117
-0.20769897
-1.37170242
-0.28653605
-0.07132389
4.80807455
1.16934401
-0.31378592
-4.17371726
-2.91295290
0.41549979
-0.27886014
-0.14272740
-3.19463207
-3.34331037
0.92848086
-2.50233816
-0.47242104
-2.03665349
-1.39657423
-0.81707586
0.24511221
-1.56304205
2.32891086
-0.49694302
0.83935149
-0.13442881
0.84332159
2.16495721
-1.81135751
0.33189149
0.45701501
-0.32204208
-1.78451036
-0.21019377
-1.31796234
-1.13814825
-0.53767341
-2.38417354
1.02198157
0.53199211
0.90053784
0.51095669
-1.70602455
-0.08763914
-3.64849782
-2.14248846
-0.51205669
-0.66487141
-0.51592233
-0.61984446
-0.31027392
-2.74926659
-0.23896987
0.77887499
2.40122888
5.22091731
-1.68252424
-3.68410108
-1.05189059
0.99690327
-0.38698987
-0.53534515
1.78889549
-1.45485768
-0.51356670
1.47341406
-0.37848485
-0.14518150
-1.70499004
1.71810159
0.11265130
-0.70110740
-2.35117093
0.68027374
1.52599820
-1.40615281
0.06040435
1.05417607
-0.45942279
-1.18355366
1.63025472
0.06290744
-1.26157761
1.60365808
-0.36224835
-0.34947276
-2.22392169
0.26390134
0.32975548
-1.41305137
0.84267852
-2.33996873
-0.43168909
-1.66905339
-0.25979524
0.51768417
1.65664207
2.21228536
-0.43326246
2.91417216
-1.75550142
-1.05215806
-0.38717853
-1.79627261
0.30489568
2.02676869
-2.38629181
1.23422167
1.70897470
0.17945364
0.18880557
1.66346378
0.60619600
-0.60761604
-1.25479337
-0.31522202
-1.86393929
1.07217116
3.15589952
0.79721981
0.19932030
0.83086152
-1.58101370
0.50220848
1.09641975
-0.49726034
1.63086804
0.96681591
2.10913880
2.41315002
1.67282187
-2.13899400
1.04372771
-0.06432841
1.09902503
1.18265888
-2.63333393
-1.11518262
0.07942853
0.42172114
1.24643235
-3.51495718
-1.22109020
-1.43357209
-1.33528583
-1.66624005
1.26176852
-0.79428326
-3.52363278
1.86821814
0.65121875
1.25267865
2.23458636
1.48931457
-0.81492051
0.25907328
-1.30561164
2.65194004
-0.05705320
-0.31439539
1.02063304
-2.73928506
-0.44499709
1.61744833
2.20871823
-1.18807269
1.37763770
-0.12393500
0.79064237
0.32588689
-1.25520194
0.34888797
2.39404624
-0.43310321
0.13947493
0.82987876
1.57342353
2.20106793
1.71975736
-3.02657886
-0.38214110
0.61827193
1.18653199
2.19025560
1.49748642
0.94115764
1.14711872
2.26378530
0.35204195
1.54586771
1.83833150
5.05681879
-2.13151845
0.23933897
2.01540098
-0.40182052
-1.33572785
-1.35182391
-0.66234775
-1.75683956
1.20041671
0.68332737
1.85405053
-0.26814468
-1.94318813
-2.01554857
-0.65688725
1.74568854
-1.09063657
-0.60240181
-0.93448834
0.58038755
-1.61433229
0.15608537
-0.39912851
1.98851707
-2.13524704
-2.75639868
-0.28932135
2.95137970
-0.57149132
-1.38959594
-1.43577318
-1.42695237
0.61498736
0.66625853
1.97325553
-2.51075906
3.34065768
1.60826780
-1.29255678
-0.40214603
-2.33256051
-1.74190565
-0.08875305
-0.81182650
2.30776471
1.72938306
-0.88617652
1.68174656
-2.24194312
-1.26376208
-2.38836427
2.88785983
0.04768891
1.53376686
0.57718490
2.39811206
-0.41274509
-4.78938809
-1.16275283
1.07195853
-1.47924489
-1.98775970
0.99097045
0.19526384
-0.15563209
2.04140901
1.96327395
-0.05382372
1.79266060
1.82311578
2.28866425
-3.22488941
-0.84857721
-2.42512140
2.26531694
-0.05390832
0.46533245
-2.92174615
0.05789976
-0.20580061
0.88360766
-1.51613229
2.38316703
1.62675313
-0.82687417
3.37301912
1.17286756
-1.68071745
-1.28202472
2.68418613
1.37087515
-3.15137158
-0.74372608
0.09881208
-0.22627241
0.30296832
3.65764307
0.60951539
1.09475386
1.96047165
2.13988250
0.48085579
-1.93527219
2.25360629
0.82326218
-0.68440821
0.68095342
-0.08599012
0.09647706
1.23039001
0.77284193
0.22465230
1.49801806
4.08007744
1.11751445
-3.50877433
-1.47687319
-1.57058974
-2.68734507
2.14147498
1.87724838
-2.65842824
-2.52000141
3.30632455
1.53160440
1.35827420
1.32595338
-2.53311434
-1.30034269
-2.63760725
-1.07265125
-4.38912772
2.27913949
-2.44672107
2.71462105
-0.36231661
-0.93580686
0.72876156
-0.43706242
-0.83565520
0.32593215
-2.17074382
2.39004710
1.89037841
2.10145989
-0.44489694
1.69169868
-1.55464249
-1.85561961
-1.18641161
-0.06887979
1.34889582
0.29769963
-0.92261391
-1.32597223
2.18518626
-3.01921019
-3.97136203
-3.09039502
-0.54351229
0.45645939
-1.20733391
-0.20899349
-0.06607950
3.62580011
-0.01493066
-2.59410814
0.73936369
-2.83632022
1.88285048
-1.94862023
1.03050310
0.17636203
0.28086962
-0.53095991
-2.17017568
-0.50909660
-3.20496388
1.24669787
1.01110808
-0.33802837
0.39631640
-0.86375345
-0.97763142
-0.78713763
0.00735428
-2.11680677
1.25194874
-0.13248020
-1.68701293
2.78044882
0.32489501
-0.32882122
0.15303282
-1.15592150
1.20411905
-0.94583756
0.93962267
-1.90243912
-0.26531089
0.33581444
-0.61214384
-0.24665635
1.63409555
-4.89231375
-0.75596385
-0.61815747
0.67299665
0.24978896
1.61197054
0.11246986
-0.88691562
0.99986877
1.07644430
0.07869867
-3.78574203
1.60526924
0.58644743
-1.78655496
0.51155006
-1.72032207
0.79530230
0.78459518
-1.98279537
-0.85929612
