-1.01782576
-3.94739141
-1.23326725
1.91874228
1.57755425
0.64742697
-0.13389338
-1.25332391
1.86732899
-1.67007668
-0.04466740
-0.40827021
-2.02983122
0.13909521
0.71187049
-1.66239478
0.34277072
0.33766050
-1.13046724
-3.00753087
0.23377874
-0.08066210
-1.53771056
0.72883295
-0.38505942
-0.21740970
0.25754288
-2.98146106
-0.00531382
-2.10679029
-0.42061664
-2.03026012
0.96821866
-0.66893553
2.32622741
0.22121771
1.82487610
-0.51892391
-1.66144680
-1.40986145
2.57864636
-0.22365740
-2.03863554
-0.75048040
1.00157480
-1.23048253
-1.23259608
-0.56210311
-4.65266131
1.36423220
3.08249739
1.31194971
1.58016968
-2.35766746
-0.78017559
-1.10233312
-0.52546969
0.87101296
-0.72334622
0.77751404
-0.02814147
3.26949119
-1.02513576
-1.37400588
-3.99892944
-0.77727042
-0.84164319
2.09033812
0.97227745
-1.34592426
1.02432736
-0.24168631
-1.14997734
-3.05664423
-0.99246606
-2.10312152
0.73247581
-1.13055726
0.74575137
-1.50780455
0.51449299
-0.58203836
1.70239005
-1.88650491
-0.87724324
3.61976970
-2.64670666
0.09813616
-0.59527791
0.61741298
-0.40520370
-1.75500465
0.99194677
2.05969574
1.85200456
0.85723533
0.50606686
-0.82355162
-0.03445774
0.01964619
-0.72351615
-0.75919610
-0.18866393
-1.53376357
-0.14762681
-1.97048022
-2.29702560
1.61186933
-1.32781907
-0.01830883
0.32605004
2.53683581
0.35266460
-0.34964451
-1.31240057
0.62097544
1.83799513
-1.88308054
-0.35160974
-0.75667815
-1.61000063
-4.05675991
-1.48335120
-0.88620941
-2.12828752
2.31050474
3.55465409
-0.95156478
3.38558301
-0.60521701
1.97921400
-0.47012587
-0.44647215
2.33328275
2.39686471
0.28760745
1.65345374
0.07035395
1.30653915
-2.77380981
-1.63275426
-0.95486804
-2.50731331
0.80329190
-3.16857522
0.32410824
0.24145754
-0.53389048
-1.54933208
1.08248722
-0.35787462
0.13748054
1.08584911
2.11014534
0.59333595
-3.73822031
-0.39301783
-1.29537591
1.16263382
1.79168602
0.01247862
-0.07383774
-3.76114566
1.12708524
-0.87907637
0.70083254
-1.99583229
-0.99405252
-0.30155551
-4.26644944
-0.58970133
0.76430915
-1.85254765
-0.12728779
-1.38189634
-0.60810406
0.57713248
2.56271353
2.79830849
0.57141774
-0.99535575
3.22553422
-1.50623272
0.36742126
1.94508857
1.86158473
-1.14758177
-1.41303924
1.04597713
0.10900028
2.28300288
2.17754037
1.83282572
0.79068260
1.70031696
2.16835595
-0.20275507
-1.41562318
-0.82339136
0.18101315
1.00403040
-1.22459137
0.31450265
-0.11931564
-1.28783457
0.62161452
-0.38679143
0.93420538
0.58093341
-3.05479753
0.64091107
-0.66961317
0.66076582
-0.32551535
-2.20192346
-0.91442321
-4.55795142
-0.10944171
-0.30140379
-0.53902268
-1.54919017
1.00280048
-0.00451163
-2.85442720
-0.33424611
-1.13409349
0.30853847
-0.15630680
-2.23220388
-1.42463676
3.89509183
0.39621671
-2.43690413
-0.87848506
-0.88234285
-4.60211987
1.48865926
1.22447819
-0.09754407
2.49802080
-2.02199291
-0.27930056
0.76496727
-0.29028736
0.28288069
-2.77990226
1.24052708
1.25293440
-0.56060522
0.42422316
1.50734865
2.12983276
-2.97262798
0.63738338
1.86476081
1.81410739
-2.81875018
0.48315172
0.44555395
0.43333751
-0.74755794
-0.84319643
-2.87174424
0.79619744
-0.76654864
-0.50940367
-2.10294017
-2.06014451
-0.36642233
-1.60076773
0.08746216
1.01489186
-1.15166858
-1.32439914
0.03629888
0.55223728
3.02213017
2.22123002
-1.01069581
-0.54196173
0.71772538
2.89249311
-0.97472314
-0.00264989
0.40414745
1.07606220
-1.69724070
2.38119538
-0.91787999
1.11243746
-1.24215542
1.80111197
-1.41498194
-0.48751420
-1.85318283
-2.22032786
-0.35211099
0.13038513
1.13145183
1.27992545
-0.22604563
-0.99207390
-0.51626951
0.97002397
-3.11885047
-0.82332800
1.00258647
-1.07784581
-1.73502681
-1.52674019
2.99438379
-0.25817118
-4.21523968
0.65279127
1.22435562
-1.91493124
-1.67826988
2.38126706
-0.03774407
0.58927843
2.16142259
-0.94595358
0.75646602
-1.76382470
-1.24109649
1.92874697
0.29420375
0.49326506
-0.70779150
-0.77209190
-1.34387804
2.44632240
2.74062896
-1.76780205
0.76164567
-0.29832325
1.77501216
-1.54432698
1.03234268
0.39761458
1.67940412
0.70313659
0.42291222
1.02517612
2.15037507
3.77439976
-2.83197804
-2.23697998
0.24825241
-1.16896625
-1.95394476
-2.03817783
-0.70596892
-0.78882595
0.45341591
-0.63201903
-0.06052141
1.40203147
1.08415333
-1.27459965
0.93682810
-1.71228762
1.37690801
-0.19334083
0.83181310
0.90894888
-1.10990294
-0.65086176
1.52299267
-0.55025454
-0.07245524
-0.45142429
0.06157315
-4.78041985
1.00558965
-0.22973083
-1.71575355
-2.90872587
0.66153843
1.26081089
-0.95450517
2.16804668
-2.82166911
-2.20220271
-0.96536799
1.76812783
-2.40284075
1.59838672
-1.32155526
1.36151672
0.82227226
0.36821773
-1.13723038
0.16727345
2.90799502
-0.68507995
-1.81736132
-1.68287660
-2.41957367
0.86419541
-1.54681910
0.44920139
-0.93124581
1.47757087
-1.07183410
-0.49708551
1.12306232
1.19937917
-0.30694522
-0.25353102
-2.30274448
-0.53452572
-2.21475154
-0.33825872
-1.68169467
0.73431446
0.99990319
-1.23298424
0.67368362
-1.29261196
-1.55011113
4.15023522
-0.15130164
0.36217787
-1.37473745
1.97669934
0.33280860
-0.33911704
1.82572179
1.07906132
0.74298765
-1.06888413
-0.59441244
-0.08116645
2.21971103
0.48327895
0.06538819
1.36494752
2.78166384
0.27174947
-1.31802060
-0.48623940
-2.51006018
-0.83415923
0.19708488
-1.60109506
-1.82670422
1.60528445
-1.26843727
-1.43677877
0.31297963
0.60146808
1.20899718
0.05142136
-1.73061348
0.17604484
0.69342413
2.04805431
1.82855927
1.71175641
-1.19749496
1.71396569
0.44610532
-0.47858868
-2.49191053
-3.73133079
1.75708840
3.55796833
0.97454515
-0.99398040
-1.46197516
-0.12378703
-1.64875258
-2.78210261
1.67418064
0.41666508
-1.31601075
-0.31453742
-3.14434054
-4.12115793
-0.90168153
2.36972915
-1.37641232
2.02390959
3.08667665
-0.15694837
-0.75605514
0.39973177
-0.38047204
0.80334817
3.20483229
-1.75314513
-0.92152400
0.01428670
-0.30270371
0.44937388
-1.99230197
1.46802369
1.64050222
-0.24926031
-0.15408282
-1.75342585
-2.60781700
1.74231707
-2.70656907
0.95515761
-2.10732858
-0.88248926
-0.74131015
1.07040114
1.61947066
-1.79333331
1.77941521
-0.51072134
0.82681247
0.42351569
0.69048390
1.17484026
1.46967489
4.55529679
1.56926005
-0.06610511
-0.87837930
-0.34344951
1.69522217
0.97462164
-2.29935550
-0.94150287
2.16129378
0.39563196
0.22053835
-0.29162881
-0.33458118
0.75969029
1.12636754
1.14162122
-2.47422648
-2.95813156
2.22051191
1.98905844
-3.10655857
-0.21335273
-0.24643505
0.73197333
1.52451417
-1.57695993
0.65955782
-1.62704221
3.03113191
-1.25653597
-0.11448052
-0.30291283
-0.32073216
-1.52806070
-2.45240170
-0.42020687
0.66972716
-0.71355884
1.54602054
-2.07151415
-0.88872584
1.00054694
2.92164368
-1.06350944
-0.76186610
0.97300326
-2.24276908
-0.53438690
1.17427325
-2.34915293
-2.53424988
-3.52798396
-0.19202754
-0.57317837
0.57857278
2.44305350
-0.74668106
-0.31243925
-1.38607945
0.00223595
1.65157785
-0.15358518
-0.06815512
0.80185629
-1.18323043
0.37468239
2.17111929
1.25230209
0.14107390
1.92615710
0.41790375
-0.86436020
-4.87470780
0.77835521
-0.31515327
-2.55568215
-0.37454596
2.94088527
-1.02110367
-0.07973545
-1.55149950
1.48006901
0.30130182
2.55533516
2.28613544
-0.90686701
-0.05492654
-3.44349968
2.41690197
-1.53933091
0.54409956
0.08528677
-3.50096677
-1.39989628
2.03945342
-4.59606830
-2.65667246
0.15399849
-2.58539197
0.48061918
2.41745314
-1.15821097
2.69025957
-0.94552545
-2.05282207
1.38622548
-0.77335274
-4.29952430
-2.82583385
1.33526245
-0.47752068
-0.51449497
1.43637500
-1.10055664
4.41362555
0.43310221
-0.98737315
1.89065249
0.59925969
2.22975468
-0.91703940
5.32351117
0.03442523
-0.48504151
1.35606648
2.21374517
5.29397397
0.17433250
2.73927395
2.19823727
-0.42087983
-0.11881545
1.63296553
0.01780489
0.75622259
-0.38331326
2.05657768
-0.23536337
-2.44495549
-1.07625267
2.73208371
0.65890151
-2.93034200
-1.16206050
-0.45416764
-3.41500193
-1.15348196
-0.45342303
-2.17104575
-2.37243985
-3.18382413
2.11957957
1.91699868
-0.97763663
1.78465664
3.40577791
0.38821672
2.64301767
-0.62212227
1.86721462
-0.92626154
-0.98379650
-0.33561439
-2.68143912
2.25876167
0.78195281
-0.36248770
-0.43615621
-0.78614259
-0.80606994
0.52827698
-1.32674144
1.97497309
-4.77050858
-1.72113098
1.95900623
-1.26712828
0.61688088
2.21198234
-1.49049774
0.02197947
1.92129433
-0.24977264
-1.29797729
-1.57510642
0.02870334
0.30735355
-0.28823971
2.29258821
-1.05474147
3.22234541
0.67969823
-1.20966568
1.38344665
0.63221700
-0.97052230
3.33256696
0.49679205
-0.33886485
0.49234690
0.84224734
-2.43467235
2.89810851
-1.17786395
1.10661077
0.58094222
0.90134119
1.10386381
1.37459849
2.11945263
2.03928493
0.03094732
2.45029113
-1.15240075
-0.01298058
-0.08004057
-0.21153641
0.03425596
-2.49352384
1.47054265
2.23788940
-0.20825774
0.45622140
-1.23442857
-0.89309360
3.14861778
3.40074869
-1.47503041
-0.52864989
0.05105935
-0.31923617
0.52677803
0.67095107
-0.76638332
2.81933706
2.05585914
-0.32551126
-0.48794849
-1.16290630
0.75606656
-4.20598519
-1.92243118
-0.67561383
1.99689221
-2.96752382
2.62080521
1.06273628
-1.02158657
0.00284058
-1.29779332
0.23711871
0.68940437
-1.65715756
1.29912925
0.41708606
-0.20898348
1.56042922
0.30106871
0.07261085
3.45172616
-1.24814701
1.26625234
0.22407431
-2.82883304
1.60575348
0.15750054
-0.80298082
-5.46846283
2.96794152
0.23671226
0.57356404
-0.58379069
1.63094366
-2.85415360
0.72173505
1.02338469
1.28130237
3.37089906
-1.82299521
-2.13684555
-1.13846957
-0.31995991
-1.70783693
-2.50434307
0.74682302
3.21545239
-0.75421961
-1.13232818
1.33705950
1.80920842
0.17391682
2.76395461
4.40420749
0.94967977
-1.78844828
2.92665012
0.89003250
-0.39601686
0.19986150
0.41733373
1.22275935
0.70306374
0.81477113
-0.81801813
1.86449018
-1.01958550
2.63742653
0.12005184
1.43647471
0.77336329
-0.43155101
-1.42489328
-0.48346065
-1.10613664
-1.22396846
0.47102748
-0.78999158
-0.75647414
1.16900078
2.13711273
0.74340602
-2.80474177
0.05788861
2.98433083
2.07272276
-0.94396469
-0.64372512
-2.37168483
-0.49476974
-0.54447387
-1.03776632
-1.06167870
0.09583007
-0.17047384
-1.46682154
1.39124951
-0.78507607
1.09503630
-1.02741201
0.40154552
1.06633147
0.53955849
-0.15941778
0.21170396
0.34050193
-0.34504049
-1.66401887
-2.00412953
-2.25004746
-1.03349873
0.23343326
2.09957579
2.05561361
3.15066300
2.60996490
2.28779601
-0.94733550
-1.47807431
-1.18872378
-4.11485642
-3.70858625
0.52837628
2.02865176
0.60095047
-2.09452122
0.17161393
3.43427063
1.21873603
0.74425226
-0.47224389
-0.20348004
0.44313807
2.73000827
-0.78004348
2.66643609
1.36631874
-0.01670323
-0.30421132
0.42898128
2.72963232
-0.25704252
-1.07809971
-2.28471740
0.84218639
0.68491636
2.57065694
-0.86227837
-0.60660579
-0.22940043
0.89957003
1.87380744
-1.01927938
0.31196355
1.52864607
1.44061742
-2.01723487
-0.98890587
-0.87742139
-2.88000469
-0.63132503
-4.60426484
-0.17156679
3.09414662
-3.27548132
2.79400007
0.80966458
0.60538308
2.60324519
0.63491234
0.49310384
2.23526585
-2.88913669
1.84890011
2.23075496
-3.71819138
-3.69898829
-4.67703648
-0.32316812
-0.23457270
-3.83845472
-0.83342949
0.64220122
1.11247061
-1.19722301
2.46616863
-2.23444616
-1.18347825
0.28348126
0.89376053
-2.09682056
0.17923188
1.25104709
-2.66116536
-0.60567407
1.93191101
2.00556863
-1.78177343
-0.28967853
-2.46155467
0.60020068
1.09398404
-2.83372624
1.39850542
1.22484980
3.29531749
2.57785944
-1.44382720
2.20796121
-1.44008546
-1.62732089
-1.05620008
1.15046069
-0.40715823
-3.35142696
-2.15486370
0.56344581
-0.96048556
-0.87416654
-0.83746528
-2.04772887
-1.92041595
1.60533146
-1.15837852
-2.04243178
2.64232352
0.65775869
-1.66071658
-2.25080244
-1.73654274
-0.04996897
-0.31440166
1.39316052
3.07840923
-1.33718148
-0.66174084
2.04174599
0.07981600
-0.56307933
-1.83603567
0.77868836
0.57384649
-1.78413529
-0.13647599
1.53737806
1.37313698
-0.29194704
-0.11885067
-1.16821180
-2.89240510
-1.08946920
0.51571312
0.39798997
-0.36172335
-1.93763071
-3.96535892
1.07190562
0.60280785
-0.39215910
1.79050481
-0.06050224
1.69734799
0.45380606
-0.92993687
-0.96074981
-0.41494421
-1.20111662
-0.82972682
0.58337410
-1.12875284
1.05294611
-1.22530332
1.40334543
-0.54459553
1.62079932
1.14840393
-1.47386602
1.71762950
3.14280695
-2.56343470
0.73499031
0.38377866
-0.71275717
1.76038212
-3.20388170
2.15058113
-1.99906694
2.29213595
0.10965763
-0.15321781
-1.11482865
-3.21036119
-2.08041399
2.13894496
-1.93572211
1.60452709
-1.69526930
-0.64910520
1.77748354
4.27401277
1.51792576
-1.38918654
0.36449415
-0.25689807
-1.68563445
-1.98973448
-5.14306724
-0.78879083
-0.77428452
-0.81887150
0.98338679
-1.42203871
1.38628496
0.13290682
-0.45297851
-2.05678413
-1.42090113
3.78583870
-6.27139619
1.93879301
-1.25802197
1.60538393
1.01847309
0.92057319
1.41614295
-0.47017525
0.13276708
-1.08732873
0.15040265
-0.72561955
0.20067977
0.74043210
-1.12449594
-3.44617685
0.36804347
-1.54625226
-0.35467946
0.29646010
-0.42208230
1.86240718
1.16265282
-0.78206223
-1.41947845
-3.43612991
3.42382695
-0.12340469
0.90867258
0.65923076
-2.54782291
-5.87829433
2.67871344
-3.33157669
-0.26913280
-0.62774588
0.10237464
0.57953885
0.32864072
1.18183598
-0.88332538
1.35355492
0.85209686
2.81548796
-0.80797476
0.60350170
-2.35449070
-0.67930793
3.70477810
2.90534580
-2.44453384
-0.78734620
-0.48240781
-1.56059926
3.78713208
-0.60294963
-1.25479428
-1.37270914
-3.25342493
0.62957354
0.47875887
-0.56191640
-0.20023417
1.82164100
-0.83064737
-1.42011406
2.79167908
-1.83368146
-0.05214557
1.12692896
-1.22271936
0.10842978
3.55824626
0.48694150
0.25694579
-1.65949340
0.90479466
2.77920845
1.61988179
-3.51057561
-3.28995397
1.88243728
0.15861881
0.56959631
-0.62072283
-1.70836898
-0.19377229
-1.58550977
1.31549445
-2.18213659
1.30639460
0.95759361
1.67478727
1.49931024
-0.85620887
0.61066403
1.26707925
-0.05955994
2.36593379
-0.33657279
0.98635162
-0.26049192
0.98164619
-1.39579166
-0.86751132
-0.11249279
-0.73083957
0.02533013
-0.04928300
-1.44398664
0.07438376
-0.28573654
0.08039098
-1.00568767
0.07287112
0.51989980
1.93806709
1.59897834
-2.76222972
3.04407325
0.16403306
0.35485230
1.35660765
1.27398980
-1.30313548
-2.78018801
1.08883505
-1.06548264
0.29328767
0.50771840
-3.74269417
-0.67280784
0.37456219
-0.96539050
1.61374985
-3.18966140
3.48319237
2.94146660
2.09336446
1.58804397
-2.83316042
1.62854961
-0.53244149
-0.52156134
1.11054902
1.13724740
0.20594743
0.11158245
0.00857768
-3.66438839
1.55267182
-0.99639827
0.69786442
-2.36784014
-3.33151497
-0.08439212
1.18576422
3.52222258
1.25558196
2.00373369
1.33961384
-3.77099597
0.45002082
1.43991421
2.71575612
4.27215000
0.70032722
1.00163530
-0.12102513
-0.84222501
-3.07897379
-1.54556182
1.15197157
1.12885552
-3.15032007
-4.43079527
1.01608515
-0.49452733
-1.56801695
-1.50046116
0.19471100
0.56329799
1.10289144
0.16735294
2.55158984
0.11248140
-0.56077503
-0.72461953
-2.23428753
-0.49949733
0.14205498
-1.35867564
1.95322506
-0.37617382
-0.20126381
-0.21426420
-2.42067353
-1.80477233
-2.00666285
0.64202700
1.21601898
0.02516674
-0.63229271
-0.47652789
2.33902981
-2.13775822
1.04223441
-2.30826504
-2.38099336
-2.53323592
2.00125446
2.61647839
1.37375996
2.64693944
0.98781890
3.06286003
-1.27846041
0.27008126
-1.51248259
-2.23569122
1.96958038
-2.32811979
0.91562009
-3.00293760
-1.80469284
-0.94737811
1.01070702
2.80021773
-1.94167643
0.69574590
0.07230473
2.12093589
2.63297953
-3.06867852
0.60825951
-2.66396870
-1.63026321
1.89095331
-2.04056850
-1.39289935
-0.74017578
-2.87946157
-2.68389552
-0.08949638
-1.40259269
-0.02922019
-0.33890687
0.42962997
-3.66932952
2.15621467
0.18063061
0.32240382
0.51456156
-0.69739149
0.94967457
2.86546738
-2.22945304
-0.85243129
-0.58749669
-0.14367372
0.64341364
-0.47482049
0.83383912
-0.37945254
-3.40687499
0.92166760
2.73460909
-0.27333916
-0.02647074
0.74804612
0.30996569
-4.98542811
1.43370288
0.96768687
0.94670301
-0.99071199
1.44919443
1.43603993
3.63496303
-0.63481876
1.10583730
0.37656405
0.21414365
-0.99666696
2.52382133
-1.88551553
0.14029348
-1.03050213
-2.36867536
-1.14164074
-0.79942253
-1.00823122
-3.15847437
0.84293546
1.83535088
2.53739859
1.16067524
-1.73741213
-3.49907228
0.18031387
3.46934971
1.17031556
-0.35759869
0.21006527
0.34371535
0.18425797
0.70748427
-1.49713363
0.33265153
2.21694871
-0.18594354
2.13052647
-2.53235187
0.32528958
-0.69478716
1.83524657
1.49226033
-0.44855108
-0.02940494
-0.36748376
-0.36806976
-3.44066781
-0.20913269
-1.31281094
0.65538489
-1.84814554
-0.87884360
-1.52319696
0.03651949
-0.37795560
-3.47996412
1.78953261
-0.27041343
0.76196491
0.23982674
-1.15377759
0.48189459
0.25874435
0.72141260
0.55400657
-1.30367621
0.44492230
1.60595787
0.74726573
-1.86608222
-0.25752490
3.98436445
2.81583529
-1.35799480
0.16096894
-4.44482814
0.39288992
-0.68753825
0.55046954
-1.54166137
-1.25537144
-0.68029923
0.32484748
0.16100271
-1.95342694
3.21784768
2.52645365
-1.67212883
1.85075608
1.54185795
-0.79322941
0.62407198
3.66246653
0.43092784
-0.19164873
-1.61551968
-1.58101834
0.81713154
-2.01800246
-0.64497811
0.41572101
-2.95746302
1.83927023
1.96564403
0.51257143
0.38377311
0.01772116
3.56840103
-3.69966515
0.86109491
1.70924530
-2.12271389
1.55150480
1.16210026
0.06321432
0.12162027
-1.65495579
1.45338762
-2.42560515
-1.26863340
0.62909009
0.78385544
0.67392206
0.50148790
-1.33720500
1.85063163
-0.43954258
0.72562908
1.55727995
0.72196444
0.24068876
0.45637363
0.09700954
1.25321126
1.43729760
-0.32910179
0.21567015
-1.26704228
-0.89581861
-0.99869339
2.85787895
0.33658960
1.50761964
-0.26371508
2.41791825
-0.06264192
-1.06135196
-2.58507227
0.18624131
-0.01175274
-1.92026003
-1.64086101
0.63366998
-1.52000996
1.16636080
0.32226382
1.94921106
-1.09889046
-1.95357090
-0.66736326
1.86585820
0.30035677
-3.31901115
-0.39523281
2.29500143
-1.47811458
-1.63777689
-2.31958054
3.09199542
1.58412565
1.91754635
-0.31344726
-2.92215929
-1.82981136
-0.83044946
-1.78088322
-1.61641021
0.35561467
0.31810635
0.34000559
1.26550042
1.56139080
-1.84421293
-0.14833553
0.78301568
2.60179084
0.92110356
-0.57312540
1.16105894
-0.74963971
0.56373191
1.27481735
-1.21830358
1.51383414
-2.12020279
-1.20993441
0.84230208
2.17977880
2.07939415
2.76151819
0.95380870
1.44385977
0.63468506
-0.43087565
-1.63798669
-1.38803957
3.45897768
1.64455253
-3.62308865
-0.01986502
-1.31448609
0.00614416
-1.02561594
-0.37558393
-1.18756231
-1.24586886
1.02092955
0.77692699
-0.76854424
0.85913871
4.23259315
2.72921986
1.37542863
1.65233674
-0.42056316
1.22475771
1.67259798
1.05833511
-0.75096766
-3.75251455
2.58592715
0.79773670
-1.60841433
-2.22533177
0.08664142
4.12221727
2.04959007
-2.17902631
0.76646488
-1.47477736
-0.45215216
3.33629012
-0.84947251
-1.10685757
0.24878143
1.82268751
0.74790960
1.05972475
-2.02261669
0.23701900
0.83903817
2.48040423
0.20420259
-2.58538120
-4.40908438
3.82429031
-3.13054903
1.27322004
2.34225197
0.20866845
-1.30428130
-0.34459396
0.30339979
-1.19807989
0.96145345
0.76623930
2.01260627
0.84565720
1.41136716
-1.10254793
-1.99101022
1.12566514
4.02510316
-1.94798900
-1.07196743
-1.23029964
0.13570730
5.50713857
-2.09086302
-0.63058117
0.59804533
2.48124888
0.43640223
0.84887742
-1.29869169
0.64796100
-1.98547766
-0.06985072
-0.15910344
0.00168609
-0.21155476
0.12849878
0.25271244
0.10279683
-0.68602692
0.31783156
0.04964175
0.04307912
-1.75129004
-0.24501077
-1.59357779
-1.85137999
1.42462877
4.60966052
-0.34260750
2.53951940
-0.33659267
0.57553770
-1.81912743
0.25562783
-0.59641252
0.57218779
-1.86412771
-2.68884014
1.65411054
0.30407114
-1.02018103
1.00402766
2.15104321
3.05900275
-1.54947214
-4.14376811
2.51841850
-3.78546140
-3.14390573
-0.17468176
0.47887728
0.48320162
-0.27944264
-0.84174661
0.52347940
0.90903642
0.63286701
0.53439551
-1.60197473
-1.13845869
1.22839345
1.04499619
0.52069036
0.23434768
2.15679832
1.29535618
0.78455326
5.44245763
-0.12962644
0.91527198
-2.26576672
-4.04130631
0.20074795
-1.18808200
0.38940236
-0.78311776
-2.91526275
-0.77786641
-0.67388197
-0.44081534
-3.39451264
-1.20447102
-0.34452673
-0.53635655
-1.27495706
-0.88697883
0.21199327
-0.83140971
2.55721875
-1.96049675
-3.35981690
-3.60164359
-1.80010907
-1.66649859
3.32021712
1.26756155
1.02235027
-1.07726542
-0.42531226
-0.70189485
2.32852969
-1.16487965
-2.35610579
-0.34465075
1.60097643
-1.87411717
0.67769767
-0.82292873
-0.78113573
2.23241443
1.96965797
2.38940237
-0.23690977
1.24137117
-1.70882384
2.11632141
0.37431494
2.70196551
-1.97780071
-1.07850637
-0.85292624
-2.82395886
-0.52913644
-3.11940480
-0.20219741
3.18645927
0.49174971
-1.38872916
-0.14616617
2.19845326
0.72085604
1.66739707
-1.41852579
-0.27458833
-1.14854765
-0.63563334
0.20759942
-1.85842736
0.80508329
-3.12556066
-0.42272426
-0.87799690
-0.31406386
-4.72890316
-0.18133030
0.38595118
-3.70199158
1.56004018
-1.90878584
0.24621848
2.61804857
1.44078858
-3.22844794
1.88886758
-1.43141802
-0.21264171
-1.24919650
-1.12927454
-1.89736392
-2.77229903
-2.53782885
1.97865900
-1.42395081
0.17296644
-0.82645179
-2.04053682
0.28572713
-0.30559783
-0.86115327
-2.08779934
0.74359601
-0.82726681
0.59017833
-1.76075092
-0.77112203
-0.15818062
1.74373803
0.57070870
1.81626111
2.39602127
3.05359394
-0.20856276
0.16841022
2.90439114
-0.60192451
-0.24057749
-1.43258280
1.33427948
-0.67390659
0.80194712
-3.93294487
0.50191355
4.30213613
2.48715954
0.72319533
-0.50158590
-2.10412578
0.62419977
3.59056489
-1.62878825
3.70332342
0.07341221
1.68932820
1.19128711
-1.67862451
-2.65017837
1.84113943
-1.08648173
0.20160620
-1.95831862
-0.30618935
-3.34795707
-0.94720490
-2.18654909
1.00548454
2.35907251
-2.92779133
-1.12533337
-0.26575429
-2.03440632
0.37368915
0.88128119
-5.72705320
2.31552498
0.89697648
-0.21157039
-1.08946421
1.08451074
3.08316737
0.18045801
-0.67870390
1.15317443
-0.24960859
1.33386397
5.50763123
-3.82796157
0.41827352
-0.12506979
0.10449777
-1.24645136
-0.87269707
-1.79853188
0.40990258
-0.57420477
0.40097375
2.13215411
0.14687190
1.10571027
3.74974572
-1.67416906
3.52851056
0.37876416
-1.21729974
-0.08559575
-2.38372361
0.66288160
-3.37457940
-0.88482490
-0.52316688
-1.27047814
0.74526293
1.89181581
2.96969837
0.53957633
1.44986962
-0.09103842
1.40455587
1.91899735
0.71318700
0.46394782
2.09337522
2.67707956
1.98693726
0.39121051
-1.89908322
-2.33499192
-1.18251569
0.83666876
-2.03689869
2.07391552
-0.70763350
-2.84004442
-2.75923753
0.33031097
2.35267389
0.04371787
2.48982149
1.75973930
-0.04771698
-1.60710983
-1.33455299
1.77910722
0.82761342
-2.16760642
-1.60730878
1.59645119
-1.96065159
-1.43707008
-0.99776134
0.15924658
-1.59008779
1.51517287
-1.58962383
-1.63527035
1.09166974
0.00810416
-1.54385366
0.15334090
-0.26136113
-0.98038896
-0.35308009
3.23519879
-0.13702613
0.05550096
4.26083990
0.21564270
-0.99429294
-0.29429713
1.31130311
1.39160583
-1.81666965
0.29154463
-1.59640392
-0.65486461
-0.46661521
-2.06606832
0.91285886
-0.01916002
-0.88435916
2.34754462
-1.74498384
0.73989445
-2.81454885
-2.05563227
2.17453909
-1.62668497
0.53162923
-1.35729468
-1.43314525
0.94865204
3.23640271
0.35169626
0.85348634
-0.72944370
0.97047162
1.69185215
1.39964951
4.73075927
-1.07272255
0.83170855
-0.54500273
-3.72065803
-1.13251680
1.61447425
-0.80897025
-0.85560002
-3.62223167
-1.89117599
2.16592926
-2.91806833
3.47826427
-2.25400685
-0.70949396
2.89114911
1.85433075
-0.91131085
-0.06766068
2.13347032
0.96871717
3.14948447
-2.50450387
-2.66692688
-0.23835687
