0.11612914
-1.48147144
-1.10875936
-0.83659165
1.22454542
-0.28786412
1.58527651
2.76361230
1.72217817
0.03840754
0.34373508
2.31582041
1.93909001
2.02937711
2.74779355
0.50097414
0.19318877
0.76877181
-1.66720860
1.62871882
0.04883224
4.84475110
-0.64184572
-0.49887634
1.92197359
0.16038337
-0.46564465
0.43954219
3.36487683
4.06862149
0.67769010
0.83206857
-1.92621709
-0.67903307
-1.63996763
-0.95224312
3.00849222
-2.87057921
1.82247259
-1.16633644
0.46609703
-3.04803350
1.86738298
2.42825038
1.97206964
-0.05839911
3.11728675
-0.23995827
-0.18766337
0.23442064
-2.63759977
-0.33726971
0.40222882
-1.63663434
-0.49591854
-0.32955563
-1.51018196
-0.76270986
-0.95068391
1.69135250
-2.88221067
1.90448257
1.18201456
-0.55498069
-2.37427048
-2.76693154
-0.07119085
-2.35924029
-0.86035095
-2.06675058
1.19674316
-2.28775941
-0.15116967
2.39549381
-0.81340178
-0.56720530
2.80752900
0.73262648
0.38593319
-0.30297589
-1.68170343
1.25143359
-1.56260457
0.59788600
-1.16636496
1.10090742
-2.02410149
-2.39343236
-1.90757345
-1.48196872
-2.95228930
-1.96184961
2.94107676
0.29757184
-2.22293802
0.75232206
-0.32660723
-0.16781400
1.15506823
1.76619779
-4.20544598
-1.96253924
1.02319858
-0.07789115
0.69315510
0.12443400
-1.21329443
0.73290141
1.26643406
0.80063813
-0.87906330
1.34769284
1.47483961
-0.68238222
-1.04626510
0.74603754
-3.49265463
1.59905604
0.90012951
-0.47212073
-1.29966136
1.87074810
-0.22134352
-1.51323783
-1.73239607
1.60523303
3.28051370
5.02649574
0.03700872
1.52415662
-2.07211849
0.79573732
-0.26200139
-3.84798132
2.61992824
0.87225507
1.59418761
0.97175050
-0.36693422
4.42270303
-1.04173672
-0.57919765
1.70202600
-2.73142152
-0.54494998
0.49336827
-2.42190663
-1.44204137
-1.21127315
1.49656334
-0.75659015
-3.30081252
0.61524548
0.05620785
-0.51664211
3.05181464
1.92317797
1.56767184
-0.53932267
1.43077458
0.39690657
-0.84986161
1.44692007
0.52565785
1.10849840
2.04491934
-0.21034609
-1.00678002
-3.45733580
1.27986541
0.82212779
-0.72488667
-0.50479105
-2.28059319
3.42775774
-2.51885375
-0.27932781
0.47487811
3.32431380
-2.46602297
-0.10964571
-2.92717840
2.63887846
0.99697950
0.10645599
-2.12299014
-1.07535426
-1.79442145
-0.93246548
0.94174887
-1.45800381
-3.40451113
-2.41349847
0.60774109
1.01031801
2.26445888
-2.54358506
-0.16230475
-0.07589397
-0.03946778
1.77377313
-1.06164993
0.26082379
-1.89736204
2.51831519
0.97533073
-1.54465443
1.79782682
-0.16190393
1.34241436
-3.72113810
-0.82521660
0.18761775
-2.58593975
3.71396489
-0.24199873
-0.95300530
0.48903118
0.64146269
0.51936474
1.12251178
-1.72018126
1.32457460
-1.24272186
-2.37770811
-1.21269277
1.17082501
-2.23450741
1.97890666
-0.42735263
-1.86100520
-3.27016539
-1.15641682
2.54570559
-2.07645178
-0.50130051
0.04753810
0.52461390
2.71091335
-0.67883019
-1.27738591
1.21409524
-1.07256533
2.28559833
0.93087765
2.70557646
-2.38089144
0.47880484
3.22516464
-0.39308093
1.89827226
1.42134585
-2.36817990
-0.76027264
-0.67951760
-0.60365359
-0.29694866
0.81219428
0.89532323
1.31834978
-0.91953718
0.97088323
-0.97765954
-0.24397505
-2.91549952
2.62940413
1.50580679
-1.04197404
0.28643558
-0.17358047
-0.22931408
-0.71061947
-1.17607073
1.43698139
1.05917232
1.03782606
-1.38756966
2.60855046
0.21449751
-2.92970877
1.70639655
0.72094311
-1.58852699
-2.16131773
2.07526157
-3.40972284
-1.19581461
-0.36771161
-0.11790034
-0.22984721
1.46156297
1.58029707
2.04925733
0.29403905
3.59347960
1.12779160
0.67191676
1.63222981
3.32465230
-0.48045384
-1.34467406
0.53210281
2.79080857
2.16269094
0.16023638
-2.90241701
-1.25565001
0.30002880
0.26558302
0.26767883
0.09033732
-0.55885254
-0.09135940
-1.34047909
1.42200504
-1.34478454
-0.18189521
0.32154562
0.51016451
0.85625713
-2.81141430
-0.20866738
3.91138285
-0.66234270
1.64924231
-0.07096182
3.50491666
-0.33542916
-2.25152510
-1.50271847
3.40846825
-1.24551372
1.87297132
3.05085803
-1.63522770
0.02825130
-1.29677113
-0.28009020
1.81967720
-0.86249677
1.17860818
4.59187882
-1.65430706
-2.46020962
0.39776316
0.32551741
-3.56998803
0.92779758
1.44167788
-1.55874724
-0.97306062
0.31805225
-0.16727773
1.92935957
-1.41716916
1.51672598
1.04170940
-0.32613375
-1.73829439
-2.58349728
3.59647372
-0.65983255
0.14104362
2.39706502
2.54599759
-0.83367262
1.70655772
1.35047559
-2.93395826
1.70656767
-0.44512548
2.57660610
-1.78397532
1.25619952
-1.38586758
1.33594012
-1.33692820
2.35085581
2.15037783
-0.18986133
1.21028241
-2.28936659
-0.02296575
2.13940560
-0.70326772
-0.35648283
-0.09732875
3.60081346
0.62668310
-0.82117871
2.15157893
-3.17017085
0.27303027
0.12130737
-3.86811520
0.38768723
-0.28070006
0.23661596
1.40439418
0.84981855
-2.31060024
-1.10283770
-2.58993097
-0.21531986
-0.50167844
0.47151281
2.04575022
1.34962803
-2.26611106
-0.49164591
1.69654849
-1.13300213
-2.52224862
-1.60991171
-2.02915075
-2.82163011
-0.15103602
0.87491984
2.81610856
0.56338488
-0.69009890
-2.88995086
-1.70714407
-2.14788573
-0.24256858
1.32819693
0.26123390
1.18860485
-0.32748220
-3.75235902
2.52907947
-1.48012164
-0.43275128
0.22168915
-1.40112619
1.97120232
-0.81129148
-1.90801368
-0.40919455
1.63590917
-1.44164822
1.37416934
0.61437927
-0.80241160
-0.63465557
2.15382085
0.29749177
0.72185707
0.63981333
0.64510610
0.36051516
-0.03410619
2.48078602
3.77073923
2.11347444
1.17977852
-1.01375560
2.23047142
1.60612368
-1.36784645
0.39924080
0.34758443
-3.23041558
-0.73521929
2.88538109
0.08588567
2.00114849
0.12355111
-2.77811201
0.43390936
1.71574071
-4.16434430
0.86657742
-2.99321157
1.58116006
-0.32657986
-0.34241096
-1.26043439
-1.14748800
-0.80121220
2.34528065
0.55098369
1.27811910
1.33690899
0.21024665
0.74892820
4.38292842
-1.02065216
1.18661168
1.42104365
1.59107722
-2.25688065
-3.19536004
-2.74446660
0.67804686
-0.58758218
-2.89682014
-0.67787524
1.66068462
2.12604179
3.60178980
2.15790958
2.59697289
-0.32424782
3.14222916
2.23983261
2.07980156
-2.66998552
1.11221975
1.22197839
-1.67181191
0.29174497
0.18407444
-3.22929915
0.99615549
1.94576781
3.76587893
-0.74741401
1.32294412
-2.55273808
-0.14060845
0.04114202
-1.87262759
2.15221365
0.39168684
1.19601543
-1.27433566
-0.88837806
-1.82268399
2.71161283
0.16043806
2.50056049
-0.82416716
1.66651395
0.80655562
0.13998084
-1.04901476
0.73916526
1.88800449
-3.65311797
0.61584822
0.03696627
0.60278349
0.12134946
0.35953357
-1.98230120
0.85324153
0.02251863
-0.90118603
-1.40766977
0.81901267
-1.76956263
-0.78179148
-0.52813302
-0.17389760
1.49323814
1.37801839
1.25169565
1.82343967
0.50153210
-0.62676777
-0.49606319
0.88165010
1.85873290
1.92226166
1.63363831
0.69101324
0.33050683
1.89097480
-3.03937310
4.11646618
-0.73102720
-1.18861844
1.22885294
-2.76770862
3.00725813
3.77772092
1.12902574
-1.62871187
0.00686090
0.44986943
-1.94920641
-2.98653804
-0.15111881
-0.98885573
1.10405971
1.63454754
-0.29053613
2.76843330
-0.14384993
-1.26520089
-5.31131876
-1.00267771
-2.07642315
1.88187966
-3.62131193
3.92406328
-0.73043246
-0.16711334
0.91446451
1.00889400
1.00140044
1.75479055
0.84867978
-1.44050089
-1.31242569
-1.57581154
-1.09112445
-0.59847697
2.52195699
1.47733858
-0.50474047
-2.49812401
0.31691682
-2.99960155
-2.28760483
1.16561156
-3.10190024
-0.16415345
-1.72338626
0.96492317
0.75639086
-4.46949683
0.34180852
-0.53222231
1.66487250
1.66033853
0.57359887
-0.41391000
1.89502524
-3.42837400
2.51023334
2.33014812
1.77042278
0.25225090
1.07718275
0.15811390
1.40131823
-1.32166999
-2.00131910
3.59893911
0.20932233
0.09583340
0.07923661
3.18891157
3.21787924
5.22282727
-0.45056950
1.04166394
0.57469343
1.26237798
1.22809967
0.82120858
0.03562189
0.58769747
0.90756788
0.90273447
-3.42617349
-1.20649366
-0.51304508
0.33679007
-1.19234751
3.35540946
-0.14165045
-3.85874111
0.07395954
0.39814798
-0.61075292
-1.43787913
1.23876381
-0.67794475
-0.77978141
-0.03854774
-2.50244166
-2.49235730
1.32481816
-1.19704189
-2.25361893
-2.13926852
0.31949232
-0.91796512
0.52000702
2.35865276
-0.27640542
0.57554607
-0.82461916
-1.63850418
0.43065918
-0.06955753
-3.24163428
1.38365483
4.18028627
1.24788192
1.14974538
-0.20269705
1.30055435
0.88992070
-1.98314620
1.96115838
0.02904096
1.43094372
-0.55420392
1.24064389
0.15724988
1.16626011
1.01203970
-0.14664098
0.85664186
2.38598011
-1.20184705
-0.11587673
1.56692569
0.75837379
-1.67762936
-1.99797342
0.81856223
2.05877983
-0.08011815
1.06017900
1.08660661
2.91552782
-0.88327236
-2.73971554
2.30192534
-0.34229880
1.13976949
-3.32329796
0.09930696
1.96437314
-3.28335749
-0.29835960
0.83782586
-0.52118205
0.41634054
1.85827338
-1.41424936
0.58555683
-0.64100662
1.62717582
0.04435412
2.85322951
0.71219213
2.11695062
-0.53668329
-0.49367687
-0.73938934
0.98290366
-1.11883090
0.17755101
-4.16316285
2.54487548
-0.41819157
-0.54203827
3.17193084
-0.25089913
0.02850260
2.23682111
-0.75977263
1.24187814
-1.80212959
-2.42277344
1.56973088
1.71947549
1.55753267
-1.05636248
1.73086429
-0.89618168
-1.57645189
4.36769663
-1.91497740
-0.85098832
-0.68658410
0.40827134
-1.10796699
1.30183238
0.56873143
1.26816461
0.43289846
-1.61556862
3.77450410
-3.28968486
2.75359814
1.82536066
2.73159328
1.11172257
1.75759302
0.81164255
-0.38694832
-0.11455644
-1.42701961
3.25893574
-1.83657969
2.35069992
-2.00688186
-1.57971145
-0.29415741
-2.30483030
-1.31451436
-1.08742175
2.05992971
-0.38538811
0.99572853
-0.11120986
2.59662446
1.88473377
-2.14224740
1.82305113
0.40179550
-1.48738933
2.40705385
-0.89329213
-0.27900143
2.87252306
-0.98395440
-1.54763405
1.63548785
-0.16370536
0.55575591
-1.27931345
-0.28363835
2.79848532
1.75021155
-5.40400440
-2.41528747
-0.80780992
-0.34278105
-2.47727669
0.86944168
-2.28993806
0.06153333
1.45124923
-3.28799521
-2.07769438
-0.22935645
-0.74099309
0.39874952
-0.86068563
-0.22815385
2.63944703
-0.59867915
0.46253017
1.10146561
-0.81183006
-1.37070112
0.38011341
0.39207017
-2.92727383
-3.51443996
2.32059727
-0.55521426
1.31455775
2.71195165
0.83998622
0.80870744
-0.64455421
-0.85603651
-1.57632805
-2.96179782
-0.29638429
2.68713953
-1.21701108
0.51483893
0.95157363
-1.36030324
-0.54943572
0.37692224
-2.00637813
0.65879215
0.44985628
-1.91691606
-0.10025803
-1.93023503
-3.13403119
-1.56811147
-1.69707249
0.42247690
-2.17451708
0.25299721
-0.67754758
1.14272256
2.00069421
-0.88520198
0.81588205
0.00719833
0.66955683
-0.34512136
1.68956279
-0.50064296
-1.99010689
1.12318323
1.00309266
-0.27523417
0.23106366
0.47198908
-1.39440275
-0.91501864
1.45373974
3.52217218
0.96683225
-0.37803306
0.91857160
-0.74463543
-0.34426597
0.51959901
2.15268783
-2.06650629
0.45789403
-0.72065034
0.22130514
3.22956861
-3.33747547
0.10701548
-0.15426810
-1.40732490
0.49248668
3.08454545
0.44819466
1.08767885
2.33717545
1.77577318
2.21284219
0.03105651
-1.29322839
1.36180172
0.48010087
4.52239496
1.33017137
-2.58024264
0.14744033
-0.03545519
-2.45113061
0.64179840
-1.18869772
-1.04923879
-0.47306437
1.30268330
-0.34559096
0.76754870
1.30220889
-0.13700399
2.29146718
-0.37177820
2.74783520
-4.93006603
-0.29673469
-0.96079904
4.10145701
-1.07788824
-1.56237506
-0.95024173
1.15304048
-1.15746439
2.01802789
2.44882188
-2.38577648
0.32202905
1.59102587
0.25551078
-1.01826670
-0.44950165
1.04838349
0.20128276
-3.35068198
2.11890780
0.14188148
-1.40129566
-0.48476961
-1.41187251
2.78820250
0.62500452
-1.11459604
1.29179558
0.08829959
2.41522764
1.39063524
0.23271644
0.87041891
-0.34259691
0.86750612
2.82005925
0.89908939
-1.83823255
-0.09526489
1.91688098
2.14950157
-1.41989679
0.46961907
0.38504524
2.02581096
0.49599415
2.30048213
1.02973307
-1.40703623
0.71570897
0.64335669
1.79525152
-1.07843489
0.53225835
-2.62979908
1.76375867
2.20312655
-0.72267601
2.32267763
2.35275356
-0.10910389
-3.21095965
-0.81699721
-1.46871402
-0.32283614
0.40231188
0.53241217
-1.53715654
-0.23180321
-0.09575831
-0.77625336
0.77291259
-0.35704352
-4.53484612
-0.56720511
4.10923789
-2.02187692
4.00318687
1.49248843
1.78359397
0.19463490
-2.92575049
2.98346086
3.49916261
-0.86888429
-0.30446394
1.52176119
-1.63494878
0.88904254
1.74175478
1.12893586
-1.28891657
-3.40843744
1.24905628
0.09903926
0.02135051
-3.39926146
-1.05284091
-2.25090825
-2.60084821
1.88268499
1.80482827
2.38796808
0.51000723
0.42733625
-1.10659687
-1.09089196
1.02464920
1.62270891
-1.70189329
-1.91082666
-1.41990855
2.41095780
1.35789622
-0.11262768
-1.61830533
1.69527252
-1.77838981
0.16828503
0.56326342
-2.44115598
-2.03186858
-2.68324679
1.09139467
1.01247228
1.34248153
-0.96213263
0.72090617
0.71251600
1.81578303
2.21735425
0.17230783
1.48021706
-1.43663542
-1.59258578
0.52994427
0.54272498
2.88874254
-0.11805780
0.56082183
-3.36551401
-2.30251211
-1.49855061
0.51946231
0.29471543
1.89114167
0.50460866
0.05869924
0.86534795
-3.65139892
-4.04514647
-0.50315888
2.32754271
2.14446269
0.34125145
-0.37988143
1.93181737
-1.00493284
2.08009564
-3.81215876
-1.55397012
1.26584666
-1.24270416
-1.17272485
-1.34316915
-1.54513225
-1.96586412
-1.30599643
-0.81005397
-4.13099326
4.88422064
-0.62572116
-2.54384970
-1.92745486
-1.00040844
2.23377860
2.05890943
-1.29729826
-1.46560641
-0.98297643
1.08590501
3.06876078
1.11558548
1.49613468
-0.95548333
-0.13493274
-1.43069733
1.47704298
2.41696062
-4.40828719
-1.02802356
2.18692628
2.70442342
-3.49109482
-0.10799411
0.36494434
1.12705193
1.44621278
-1.93458701
-0.24093646
0.29505119
0.52501529
3.19023204
3.66654150
-0.82028302
1.38315826
-1.60778561
2.48910580
1.15404040
-0.41932989
1.71865728
-0.59430710
0.08953621
-0.68947446
-4.87708981
1.18432703
0.47776712
-0.70333762
2.29265939
-0.97225577
-0.07345803
-2.20231425
0.43683200
2.51672762
-0.46781150
3.41309120
-1.17910696
0.67824450
-1.57362624
1.39588195
-0.41466141
0.21315328
0.07730577
0.89117370
0.46535849
-2.16703151
-2.58539571
-0.22604513
2.27779948
0.14931332
-1.20390568
-1.59320292
0.34730214
4.97523858
2.15095481
0.78538704
-0.11382169
-0.44961972
1.27711429
1.52957080
0.88249089
0.27745235
-1.25394938
-0.62582340
0.67725129
1.18495759
-1.00300296
2.61713065
-2.53062680
-1.37339784
1.13747344
-0.67330561
-1.67412156
-0.24387888
3.08292783
2.30743801
-1.38539433
-0.02847989
-1.84920469
-0.62697254
-2.45270842
3.56406739
1.63568488
-0.21912706
-2.91607425
0.78271207
-0.99657233
-1.31476945
3.14198275
2.38962022
-0.13040772
0.08266965
0.93666164
-0.20173819
0.58926977
0.97529818
-1.69015038
3.93914891
-2.36930013
-1.73081314
-0.90045136
-2.31107160
3.69491311
-1.59516602
0.73085001
-3.57804490
-1.51327829
-0.88087377
-3.72165525
-1.36437705
0.17020181
0.80573264
1.09391821
2.70978750
0.51160255
-0.15501996
2.43890264
0.29241987
0.82451570
0.47435592
0.41306584
-1.14903282
0.49722401
2.44317736
0.57737364
-1.78595875
0.66688278
2.97550619
1.25432767
0.03471525
0.05087520
0.49616543
0.09069655
-0.16527761
-0.28062559
0.82253506
3.48707436
-0.92987531
-0.73715763
4.04046519
-3.22514073
0.05304293
-2.12860377
-1.77408994
-0.31048191
0.46758848
-1.46000515
-1.35884168
0.89722468
-1.39921623
-0.62437046
-2.51764728
0.13006771
0.85835521
2.11717667
0.79809846
0.93616463
2.51169241
-2.51073050
0.75758012
-0.38222539
0.22156548
-2.83529550
-0.80674825
-0.64154862
-2.94500548
-0.58056760
-2.22011147
-0.10013051
-0.46528873
-0.13151536
0.16847847
1.33876847
1.00194536
3.03606217
-1.79337764
-1.32572513
-0.40468991
0.30666449
1.34599583
-0.69215477
-2.28860560
1.13617473
1.27292361
-3.91660986
1.68114246
-0.04181715
-1.93649473
1.54228709
1.94910871
1.33914097
-0.39447269
-0.75300865
0.24166819
1.32776463
1.15282789
1.62790863
0.04324433
2.33921734
-1.69472110
0.40427590
1.02219529
2.28054649
2.92077405
0.35265566
-1.55865011
-0.14978092
-0.44894116
0.95770058
-1.03571680
0.43759407
0.38957884
3.08348057
3.63706534
-2.88416843
2.45313827
-1.10104341
0.67767553
0.19266510
-1.70694470
-0.07099390
1.23281256
2.10413238
0.06650041
1.43306621
0.87726254
-0.66520995
-1.10625037
-1.84389093
1.01538306
0.00072483
3.72480426
1.43475159
0.73239073
-2.00399810
-0.96996193
3.86743965
0.94831617
0.22523730
-0.68742676
-0.69512855
-1.65242530
-1.23038448
2.81890237
1.70019249
0.16348377
1.62314883
-0.81350814
3.61465292
-1.23401003
-1.08065061
0.24015718
2.21310932
1.41705263
-1.31419718
-0.08372134
0.93777215
-0.12808680
0.45153830
1.10627286
-1.35208823
-3.09424841
-0.59868637
-0.00036150
-0.25802940
0.83475870
-0.04910784
0.58313403
-2.46148915
-0.70182557
-0.90363585
-2.38257112
0.79333979
-1.03339799
0.18456729
-1.90232750
0.20721416
1.60975001
-2.16450603
0.12315572
0.02159613
0.45968578
-2.56193065
-2.53147168
-2.54015803
-2.29893535
0.06929564
-1.54887086
0.56632393
0.24859939
-0.15338333
-2.97961362
-1.30741616
-0.73862608
3.28163076
-3.40711606
1.07369579
-1.61937101
1.51057313
-1.31747344
0.71113322
-0.16375748
0.17133459
0.23033108
0.25899138
-0.12729078
0.34291993
0.18650091
3.80869465
-0.11231705
0.07298307
0.03126473
-0.48879275
-0.81675308
0.45314381
1.15504740
-1.52213985
0.09120042
-0.00658365
1.51409686
2.51252993
-1.46737027
-0.99103469
-1.46492859
3.68120869
-2.13969441
0.10681777
-3.29476668
0.65287753
-2.20499264
-1.19162876
-2.07902639
0.74678889
-2.27735962
0.42802381
1.97988356
1.05049881
3.17624597
-3.46432101
0.71735171
-0.08070828
-2.22016343
2.58325405
-2.97677086
0.35036449
2.59210368
-1.03410221
1.02289564
4.02496449
-2.81427439
-1.58714711
1.49801195
-1.06908218
-3.07089337
1.39801894
-1.29015100
1.28501791
-3.82219619
0.78904557
-2.99223167
-1.55754964
-1.98966640
-1.76882235
5.05410965
1.14930657
-1.49350054
0.09812800
-0.43046788
0.57736606
-1.76346328
-0.89065677
-1.33004767
-1.98264115
-2.79792713
0.33636538
0.52565534
-0.57755333
-2.16083099
1.12119868
-3.57046375
2.21694768
0.95796336
0.83728218
1.28043161
1.24363271
-0.81123498
-1.26108549
3.54199164
0.93184348
0.13512290
0.55000937
0.71124333
3.74455511
-1.81875451
2.94100289
-0.04389150
-0.35601280
-3.82738213
-2.17283016
-0.23299183
1.67982726
0.73305861
0.39511986
-0.30189523
-4.70862894
-2.26453101
1.49563406
0.78969124
1.13268989
-2.01618215
-0.08007353
0.66348176
0.83701130
0.96830523
-0.93935534
-2.00289800
1.81920969
0.59774037
0.32870138
2.09383615
2.80835706
0.32144003
-1.56230114
-1.60328262
-1.14944139
-1.77483839
-2.08143963
-0.58533631
-1.68543823
1.11677046
-1.77562661
1.14042228
1.29915734
2.92519147
-0.78423207
2.92212523
1.34029904
1.27124807
-0.03417661
1.43139364
1.01996014
-0.38012016
2.58263752
0.65877504
-2.02537943
-0.14363717
0.27117884
0.77919965
-0.57156562
-0.53675693
2.49454745
3.67035899
1.68673249
0.04464571
-1.37932090
0.19969784
0.39263800
-0.42179017
-0.70057800
0.17803169
3.80919499
0.41845355
0.04426181
-1.86988886
1.91367259
-1.19264879
-0.59578822
-0.76449905
2.32046774
3.03002017
2.46122860
1.32008150
-0.34067884
0.63189691
-1.05399436
-0.86300280
0.41584332
-1.12603081
3.66163907
-0.24937558
-0.65201273
-1.49544102
0.88775011
-0.73678504
0.56039039
0.17788205
2.07765121
-1.50831539
0.99390034
2.81378610
1.51638249
-1.50842918
-0.20712804
0.17886485
1.56028024
-1.27563462
-1.49032642
0.14032272
-1.72366173
-2.08099538
0.66563423
1.51629402
-1.05978499
0.68010040
-2.03778636
-1.48429947
-0.35693775
1.79079814
2.19918736
2.72656640
2.52737700
0.39058801
-1.30220723
-0.03548294
-2.99533604
-0.38802414
-0.42368621
1.94218312
-1.01617483
2.96115414
-0.76036556
0.82945083
-0.57569205
-1.41310612
-3.18967445
0.31134893
-0.40757171
-0.86907720
-0.05432873
-4.26130745
-0.30216941
-0.86190661
0.47034080
0.70161500
1.18823461
-1.43887604
1.24161251
0.05600329
0.51167101
0.99554508
1.64419342
-0.06240049
-0.20456799
-3.40663167
1.41310805
1.93700326
1.76583995
1.83822689
0.03645151
-2.67717146
-0.34826768
3.27213289
0.22263072
3.93231353
-2.10792292
-0.73856663
-1.15188697
-1.10798842
-1.07538145
-0.22709059
0.58371219
-3.84064682
-1.32383274
3.08456694
2.21311509
-3.22367130
-0.27790124
2.11348723
-3.40913234
-0.72624706
0.01686146
3.06055424
-1.78567017
-0.09444338
-0.07271718
2.36532662
4.67331967
-0.06339080
-1.41890626
-1.71299288
-3.70629788
4.64623365
0.84807236
-1.77406733
-1.63460602
0.51010283
2.63338894
1.01077559
2.41242500
0.96268883
2.54973879
1.23438769
0.11701273
-0.93400960
0.41833410
0.84352625
0.24408846
0.33364384
0.26230902
0.27921106
-0.57893201
1.28328593
2.08179543
0.31846111
-0.49733710
-1.16529286
-0.82790082
0.73942311
-1.82932313
-2.75328338
-2.33618843
-2.40940644
-0.58667662
-0.28991649
-2.33213952
0.23520118
0.07409620
1.16793809
1.46744216
2.18380782
-1.51029282
0.67087504
-0.80176317
2.74042589
0.38675402
-0.26707268
-0.60598215
0.78822138
0.89525426
1.21953183
-0.24461620
-0.02214003
0.48373509
-4.73851104
3.65402404
1.26112718
3.64188906
0.56003915
1.01909646
1.17412444
-0.30505439
1.74587885
1.31008851
0.44286713
0.97686719
-0.71297824
2.51475352
0.33093505
-1.48012255
0.82071091
1.66865283
3.02914080
-1.01803975
-0.46004264
-2.43473626
-1.47616720
1.89628915
1.43013733
1.43463328
0.11960936
-3.37943897
-0.10177632
2.13062658
0.51132689
2.23648252
2.36755951
-3.67691446
0.95279083
-1.16255952
-2.03768417
-0.24547508
-0.45948939
3.41787365
-1.32384713
-1.10885193
-0.23934629
-0.39988267
-0.72276173
-2.28159561
-0.21882305
0.17540389
0.32091704
1.57441912
1.51049347
-2.23397261
3.04058465
3.04995366
0.47054779
-1.35209761
0.74224238
1.87286268
0.58503093
-1.33050761
-0.01670604
-1.27534140
1.15272172
-1.47018414
-0.43269822
-1.00632026
1.28942244
-0.01715568
-1.79779427
-3.10256728
-4.39419712
1.84471479
0.26292374
-1.56716799
0.81647439
2.12803358
0.49267143
0.23735869
2.61680221
-0.09472551
-1.07670603
0.47983472
-0.96966719
-0.34517110
-2.22067794
2.27359739
3.78022809
-2.32689004
1.30294152
-1.66196427
0.30804388
-1.84347676
2.77737330
-0.89829777
0.98714284
-0.37194072
1.09666670
-2.33752205
-0.79343168
0.44404516
1.50350640
-2.20516787
0.36444593
0.92412899
1.38718654
-1.62755842
0.83076033
-0.18052796
0.70918108
-0.33612374
-0.24040317
2.48189300
-1.70343188
-1.07794251
-1.79410150
1.10363721
1.22772619
-0.04055125
3.26379768
1.22453454
-0.76109770
0.23971898
-2.52355004
-0.77271825
0.26507666
-0.05360374
-1.72842141
0.12599230
0.95727253
1.50305165
0.34406875
-0.55539321
2.29658809
-2.86827585
0.53285890
-0.65288939
1.56087445
-0.84919427
3.27875789
1.64400760
-0.78859119
1.03933152
-1.61450675
-0.61640986
-2.28868963
-2.16007979
-1.52819185
-0.15662797
-1.17385467
-2.61710752
-0.24690575
-1.19614115
0.06020975
0.83748096
-0.11974236
0.00322495
1.62045899
-0.16487014
0.64912604
0.18804888
0.46259914
3.52085873
0.53595953
1.45519264
0.65595493
-1.67980160
1.92831660
-0.77218763
0.06427936
-0.99589222
-0.66247096
1.49199050
1.28721148
-4.26843411
-1.37252266
-0.43170972
-1.70846457
-0.92669934
0.41083721
-1.79002169
-1.68382386
0.38586259
1.84910322
-0.75976432
0.74405222
-0.22234118
-2.50334993
-1.32176680
-1.11633756
1.42209345
0.83381359
0.48424020
1.33677039
-0.79716616
0.08289577
0.79630380
1.28042206
1.47766419
3.09467602
2.80991674
2.60463994
-1.02319090
-0.50620445
-0.95777197
-3.08881848
-0.54081425
-2.44996162
-2.91603565
0.03192053
-0.76350506
-3.57346432
-1.06007271
1.04851097
0.68094606
1.68421701
0.29198626
-1.28682809
-2.00414480
-2.65540624
0.20097461
-2.68117592
0.84929753
-1.41055938
0.33015995
-0.66487086
1.10489348
-1.21312390
-0.29186225
-0.22283111
0.65908733
0.16462120
1.34406431
-2.19318586
-3.19790430
