-0.32509788
0.43976485
0.83461856
-2.09914051
-0.27437350
-0.08854660
-1.79427530
-1.91096041
-0.76294210
2.26517652
-1.46150414
-0.12206453
-1.40912337
1.22137386
0.01750379
-0.23458410
-0.35690127
0.44545347
0.92263601
-0.89194847
-0.47859474
-1.78848684
2.44292006
0.40370572
0.13057513
1.89756717
0.52618405
2.99855091
0.53303474
0.02239317
-0.95447184
-2.05280657
0.73458686
1.27816686
1.64670687
0.47352460
-1.43837929
-1.81984385
-0.91830450
-0.84279786
1.25259676
-0.58313476
-1.22493673
0.44371500
1.02302004
-0.63601964
0.32032293
0.04396596
-0.20265722
-0.52301516
-0.33363100
0.89299124
1.44898281
2.82578281
0.91119409
0.64041406
-0.74530521
0.35284275
-0.06856012
-2.10429527
2.51210134
1.07846370
-0.07519195
1.28993933
1.65210546
-0.06114528
0.30162772
0.88145488
1.05046464
-0.44648756
2.34865570
1.15215821
0.04896976
-0.65946209
0.60426737
-1.55317267
-1.85736525
-0.87657238
-0.80082622
-0.59602045
0.41728748
0.14679762
-0.11036706
-0.28170679
0.62452509
-0.37937301
-0.45797492
0.86471151
0.53375344
1.10629685
-0.13436112
-0.11872411
-0.43952298
-0.01490077
0.04553509
2.25821714
0.70096215
0.83261280
-2.36980315
-0.95172793
0.55658591
1.37965851
-1.71060183
1.28981106
-2.64205032
-0.22638177
0.39085629
-1.70196401
-1.32840753
1.45230145
-0.23726184
-0.70020864
-0.27913475
0.89385622
2.18726792
-1.19189376
0.60223039
-0.99966677
2.58038595
0.86026723
-0.34453943
0.64226384
0.11504492
2.00253431
-0.21110601
1.91193590
0.40274759
0.08219102
-2.16113396
-0.15256985
-1.61206952
1.58076575
1.25576789
0.22840399
1.15858231
-1.02709979
-0.23210576
0.61077574
-1.21150386
0.00574398
0.51638122
1.80696190
0.26264857
-0.05184688
-0.97308734
0.06289010
-0.15569416
-0.88184056
-0.37327665
1.84593746
1.34810318
-0.34136689
-2.99692139
1.92738828
-0.23742756
1.80209034
-0.26473032
1.37827771
0.14903274
-2.28004993
-1.32706271
-0.48104827
0.46855172
-1.87319448
-0.65759773
-1.06092404
-0.19346756
-1.61937392
-0.73534509
-4.00204990
-3.52331167
0.21580440
1.01504349
3.51661310
-0.28321821
-1.47608419
-2.51913638
-0.55627143
-1.17293313
1.48484670
-1.54726030
-0.43948423
-1.11617018
-0.50527814
1.85777124
-0.50954788
1.28445432
-0.02663427
1.60528136
1.72052783
-1.35304421
0.68202678
1.32200363
-0.02714984
0.72548735
1.99941922
1.49079080
-0.26261301
0.55849225
0.48798890
0.24247971
2.83586389
-1.76783665
0.51276338
1.27628457
2.31770784
0.74443404
-0.24670317
0.05049285
-0.82396109
-1.54951019
-0.68947718
-1.13686450
-1.68813066
-0.85154984
-0.28072698
2.98093343
0.80740742
-2.08529949
-3.10660568
-1.65114472
2.12923086
1.81223461
0.20273253
-0.14753595
2.32387854
1.52578283
1.12479520
-2.33341687
-0.33393044
-1.37139076
1.89629275
-0.03877005
1.81219394
-1.22355253
-0.92360018
2.03506274
-1.38579184
-0.40155569
0.27839236
1.79389567
-0.28532641
0.19706156
-0.73763249
2.88474175
2.16339491
0.89500511
1.07291297
-3.05268462
-0.93110445
-0.57503760
0.92704317
1.05258716
1.89684729
-0.16191966
1.18391769
-2.94883556
0.84738769
-2.07623296
0.58372754
-0.41670417
-0.87249151
-0.71691336
-1.90270609
-1.85727262
0.91583498
2.75795082
0.47593607
-0.92251271
-0.91572564
0.73202735
0.48681507
-1.00532480
-0.59445777
-0.44493278
0.50612493
0.03022867
-1.23073319
-0.60403669
1.56881440
-1.11296566
-0.76638343
1.30728610
0.31053037
1.50099251
2.92696071
-2.08039600
-0.65257236
-1.29139093
-1.94704561
-2.55313308
-3.77087778
0.15173357
-1.05976003
-0.73555129
-0.35897569
1.10640549
-1.46647275
1.30496516
-0.11650441
-0.33726600
3.07109713
0.64166954
-0.43321591
-0.24116443
2.81755709
0.19109384
2.14486554
-0.33116181
-0.06298238
0.56690508
-1.73692440
0.26416021
0.43507831
0.48671574
1.55609005
-1.96939850
0.24592520
2.30703564
0.71000298
-0.31998013
-1.36188062
1.83147437
-1.28521133
-0.63770144
-0.41201426
-0.69643933
-0.59135813
-0.29458130
-1.40935124
1.06634473
2.26973701
-0.34679086
2.36757457
0.54481474
0.95137562
1.66648817
0.18083321
-0.78357146
1.04151120
0.18562963
-1.31695716
-1.34949303
2.37954768
-0.04866105
-1.30420283
-0.15150130
-0.41783102
-0.44712306
0.40455658
0.44069915
1.44685610
-0.46302899
-0.83024673
-1.65615110
0.54992326
0.62177204
0.28301515
-1.52288276
0.31962165
0.40751016
-0.74522836
-1.82109836
0.13950142
-0.90382085
-0.02795975
-0.17245190
1.15501791
0.61561776
-0.81588593
-0.07148018
0.25757899
-0.21631393
2.52293286
0.66986803
1.54528705
1.56521948
-0.84717801
-1.57988273
0.54975053
1.01818609
-0.88515734
-0.97067737
0.96460711
0.45218358
-0.31391736
0.23232463
1.37245039
3.56774429
-2.36286861
0.84641629
0.63745407
-1.93025030
-0.90193501
-1.85691522
1.36001552
1.92433739
-0.47061851
-0.04723361
-2.04805755
0.24789592
2.55773084
0.14302395
-1.70835144
-0.01975820
-1.58091077
-1.82344560
-2.76334782
-0.05509362
-0.41703869
-1.54423803
0.75223789
-0.99040734
-1.92754522
-0.43720681
-0.41138277
0.33501843
-0.45011899
2.20411480
-1.48926658
1.19878320
0.70632705
-1.33112314
0.51516315
-1.07942930
-0.66434647
0.23169587
-1.40035935
0.42566336
1.73242692
-1.94446909
2.08526037
-0.32747316
1.27328532
-0.52769226
-1.18570381
-0.67621832
1.45475894
1.90409735
1.48459091
-0.71481658
0.41399225
-1.15203657
-1.64598142
-0.47431499
1.55957066
0.38119665
1.07161860
-0.81245017
-0.40050662
-0.20226563
-0.99395047
-0.80214723
-0.66270523
-1.51714900
-0.02834577
1.19150717
-0.95128314
2.32986079
-2.84710586
-2.25860028
1.63744756
1.24806196
1.86657061
0.82182904
-0.30870063
1.98420367
2.13306121
2.33743366
1.15053424
0.37857706
-0.20104832
0.52602049
0.51177721
0.89373260
1.71238308
0.74510014
2.78021062
-1.17684432
-0.70639504
1.81855334
-0.46535714
0.11652718
2.16415212
-0.96630925
-1.07258789
-0.97090935
0.57448286
1.11393388
1.24634012
0.05706082
-0.43079135
-1.18527614
-0.50236782
0.04983376
-1.47510295
-0.84897567
0.84635095
-0.12917749
-0.11273604
0.53718526
3.33136098
1.89958761
1.63528314
-0.55335096
-0.00973222
-0.13740063
2.26361915
-1.06998783
-0.04177710
1.02013289
-0.10151457
0.80577195
2.11585956
-0.53965015
-0.84116613
2.07642496
-0.24789381
-0.81495481
1.36791220
-0.07558768
-0.64399356
-0.80517568
-1.12063914
-3.39251325
0.43605227
-1.29524763
1.38782329
-1.24196222
1.77184654
-0.25964289
0.53829859
-0.46787132
-0.53631234
-0.51794495
0.62152450
1.08539504
-2.95610709
-1.54862188
0.23249470
-1.29700719
0.47447685
1.36015350
0.40227847
0.52654687
1.58163820
0.84956586
0.25621543
1.93447142
0.45915146
0.78626303
1.33613992
-1.49195305
2.19924096
-1.27417118
0.42858123
0.20126774
-1.67730210
-0.64542354
0.94932484
-0.71664388
-1.18707536
-0.52403428
-0.60832718
0.25349181
-0.47029073
-2.04916585
-1.79815877
-0.87644650
-0.13212101
2.14752067
0.59233274
-0.34133195
-1.42199887
-1.26296409
0.17588056
-0.04835802
-1.11189782
2.24082422
-0.27198971
0.89153053
1.76155192
-1.81056781
1.53451617
-0.93005295
2.47213119
1.09573406
2.68943507
-1.13793403
-3.08345108
0.41103099
0.67482487
-0.48751030
-0.10980319
0.50582591
0.35864575
-0.96056009
-1.47023794
-0.81972921
0.73497313
-1.48318687
0.39102978
-0.56466159
0.11509075
-0.43800509
-0.36089691
0.63937402
-1.94057275
0.13349619
-0.92508684
0.21767940
-0.17717013
0.25981459
-1.54718485
0.38776457
-1.46286932
-0.32493909
-1.36331366
3.64381146
1.40057857
1.55118814
-0.73950997
-1.21019399
-1.99349922
0.12719855
-1.94240511
0.24806598
-1.21061766
2.47484110
-0.59899829
1.51067961
0.83092586
-1.09121628
0.94888081
-2.67507056
1.17893405
0.70302990
-0.87596161
1.32103118
-0.66005676
-1.01328743
-0.23477973
0.07096009
-0.99585019
-1.32157349
0.07808797
0.97902545
-3.54172738
-1.21185400
-0.88688693
-1.63098815
0.43406187
-1.21563541
0.73010822
0.41705081
0.15930775
1.93718394
0.03500460
0.62604071
-3.16124731
0.49536324
0.26886965
0.67182903
0.56087302
-0.78718876
0.68320870
1.41749620
-1.32085365
-1.97940705
-2.66865798
0.29868501
-1.08618896
1.42555554
0.36372538
0.41745225
-0.32781179
-0.94110112
1.20106403
0.70890995
-1.75759830
-0.94860359
-0.74936203
1.55788384
1.22149360
-1.94224443
0.41984868
0.84327801
-2.57349642
2.63165281
0.84610522
0.14840801
-0.40091891
1.37066748
-0.68507737
-1.20007808
-0.30683089
1.09799601
0.76604983
-0.32859701
-0.53457604
-0.35563218
-1.90458174
1.92576657
-0.26786505
1.98386280
-1.97402859
-1.64712668
1.42988605
0.53004688
2.62162344
-1.93501874
1.51137122
-1.64566318
-2.48770215
-1.16702036
-2.42052973
-1.13800291
-1.06096236
0.03896295
0.09591124
0.69273943
-0.80922771
0.50001017
-0.05487537
0.34475895
0.97334129
-0.07451093
1.09794862
1.36110831
0.21880711
0.75634484
-0.56528365
-0.21772249
0.76052782
1.69723993
1.85804537
-2.94616876
-0.21109946
-1.84909952
-3.48915713
-0.53555420
0.11350461
-0.25570993
-1.05626156
1.23813399
-1.32825573
0.07782805
1.84024524
1.79552697
-1.82187987
1.06057389
-1.35533679
-0.12889488
1.57819862
-2.72025487
0.61767713
0.75585323
-0.57529903
-0.13498928
0.84329827
-1.04794531
3.16304919
1.09748993
1.58119450
-0.02433467
-1.74670916
0.84284239
0.83816382
1.43573000
-1.16864537
-0.42503936
-2.56954919
0.04115256
1.63871031
2.17709666
-0.01165172
-0.42056302
-1.39808649
-0.64383253
-0.21234757
-2.67072191
-0.36500448
-2.45174432
0.85425316
0.26345797
0.83008382
-0.26146678
-1.57599672
-0.34148542
-1.60488383
-1.02337742
-0.00906590
1.14192391
-1.80327395
-1.25342400
1.34600470
-0.56372212
-1.59717977
0.14460728
2.00894486
1.07667802
-0.28192107
1.72195465
1.68475906
4.96624932
-0.40265471
-0.50641122
1.07087653
-1.14713368
0.61080875
-0.67950794
1.34390618
-0.19630429
-0.89764462
-0.36158336
1.25047161
-1.09808852
-0.58352774
-0.63568753
1.13786542
0.18134676
-1.45214292
0.04960593
-2.00321421
0.12555123
-0.15200860
1.45205288
-0.71223460
-0.05469177
0.02945443
1.76256020
-0.71250546
-0.45649721
1.51615140
0.36454255
2.06546281
0.58783875
1.90676557
-1.39976574
1.99051906
-1.77379244
0.17841738
-0.18929916
-0.60209180
2.22642812
-0.00650760
-1.14118200
-1.86553939
0.62780093
1.52397151
-1.06050925
-0.38926446
-0.37264212
-0.00178361
-0.37714706
-0.85378708
1.32083628
0.52138195
-0.46390570
-0.77027713
1.34538255
0.06124873
0.08580782
-0.90458940
-0.51637624
-0.39294851
-0.30948507
1.83913847
2.31736197
1.37961771
-0.31752266
0.89247105
1.79393226
0.94687751
0.22083558
0.23998196
-1.55245014
2.07307654
0.43580560
-0.17162253
-1.78941694
2.54339511
-0.78683202
0.06477149
-0.29952133
1.12086688
-0.33475437
-0.98378312
0.81903045
1.06930632
-2.29734531
-1.27026395
1.40768023
2.60599638
3.29189080
0.09389905
-0.70677374
-0.88127887
-0.62979075
2.39884916
-0.19578337
1.70735375
-0.07270484
-0.42045281
1.10492870
1.86116078
-1.06474829
1.63667505
-0.73710692
0.61519084
-2.01390011
-0.35199229
0.71683280
0.99212152
0.81871272
-0.09239475
0.32397880
1.66335297
-0.59114134
2.19032844
-1.47763731
-0.08062599
-0.38869627
1.42791610
-1.48351350
-0.48389257
1.02861492
1.02795587
-0.87076765
0.17622198
0.12146285
0.19047202
-0.57787585
-1.39789810
-0.08611325
-1.02869597
0.89982283
0.84220129
-2.02770041
0.86834029
0.44309905
-0.74850431
-2.73330770
-1.25223259
-0.74804062
0.50879895
-0.08761910
0.86573462
-1.22659311
2.99778525
-0.94042046
1.01994292
2.16594207
0.20496184
-0.39312764
0.91950223
-1.65514968
-0.40182455
0.46356270
-3.12584925
-0.09441521
0.12638110
-1.70672029
0.48855749
1.94195680
-2.07080087
-2.46815618
-0.89359986
0.07916258
0.41397410
-1.00475358
-1.24227193
-0.28296065
-1.84724099
-0.96779934
-0.18448628
-2.35786335
0.93426159
-2.48511952
-0.12663197
0.53006087
1.22447998
1.78572041
1.83544528
0.32891155
1.52720023
-0.28738954
-0.66509724
1.45546430
2.60039805
1.29833539
0.20518943
1.93195260
1.79267436
0.84188418
1.94813832
1.08168625
0.34334727
-0.30246823
2.07470290
1.16219784
0.53365048
-0.66813675
-2.46375786
0.42407390
0.37798215
-0.03472714
0.03840212
-0.45695697
-0.17142244
-0.76203841
-4.10412360
-1.27581644
-0.10015438
0.84062181
-1.22939168
-0.70771015
-0.54567218
-0.28143715
-0.21846832
-0.40797484
-0.73944049
1.41605578
1.37889094
0.72755052
-1.50811511
-0.39995964
-0.38445870
0.07299403
1.70614812
-2.63688854
0.64035322
1.19145307
-2.29752954
-0.56853988
2.36293616
-0.61450310
2.11266256
-0.57270370
-1.27158135
0.18400745
-0.45282863
-0.15833623
2.12022300
0.47689461
-0.08303128
-0.80527884
0.77620652
0.22375221
2.24235007
-0.82865823
-0.63956768
0.31538745
2.22684035
-1.62794086
-1.40754611
2.54543576
0.29482154
-0.97891428
0.17871224
0.13700013
-3.41460602
2.38382593
1.05332798
0.25126999
1.03992965
-2.43420855
-1.69421102
0.36027064
0.76001092
0.65895031
0.96182979
0.88682689
-1.94932745
-0.28152424
-0.69260294
-0.17830887
1.67165948
-0.41384140
1.02935454
0.46013806
2.74989070
0.07292860
1.69417342
1.66795057
2.77539617
2.62197282
0.50957432
1.71773220
1.05588276
1.15163116
-1.35378171
-1.10519054
0.21357552
0.80304092
-0.29368888
-2.03725920
-1.77212169
0.22280742
0.71411532
0.70866320
-0.98251006
1.55548640
0.57937088
0.19074253
0.18541188
-0.51814323
0.73821485
-2.17184309
0.37793954
-0.08727830
-0.66301686
-1.24231840
0.08607741
-1.36811066
0.34320108
-1.91111982
0.48387169
0.77701822
-0.14480908
-1.06875115
0.74372682
0.46351987
0.04635687
-0.22369210
-1.21115126
-1.28972472
0.67024505
-1.17807350
-1.11952816
-0.43048386
2.85573601
-1.08709994
2.19000365
1.47003665
0.33988620
-0.31448883
-0.97301285
1.02880358
0.68420312
1.42243783
-0.19718324
-1.82679451
0.87288598
0.82749745
-1.45910231
2.33073908
-1.98958201
-0.18800837
-0.42477445
1.35394236
-0.93414701
0.22175502
0.26245358
1.44271531
-0.17357806
-1.39690814
-1.61722968
-1.06842344
0.35621109
-1.26614065
-1.40984818
0.63830562
0.60900658
1.77402192
0.49601053
-1.52702486
-1.33290021
1.41896854
-0.65353823
-1.05249232
-0.12545063
2.07950647
1.18792452
0.56136723
2.42518038
-0.89464200
1.67913569
-0.57728094
-0.30899298
-1.37340455
0.02523199
-1.32114714
-0.96598184
0.05922619
-0.28739606
-2.13201520
-0.04686150
-0.37613723
-0.13439283
0.75579684
0.30771569
-1.98854135
-0.52011174
-0.51181289
-1.98973491
1.57332424
-0.28111863
-1.08312660
-1.61040201
1.99359065
-0.64566471
0.39407351
0.13548590
-2.33203577
1.31874327
-0.00682281
-1.01445618
0.34014182
0.61926258
0.23891813
0.45024440
1.10666078
0.89480458
1.56733192
-0.83084667
1.45891979
1.58827059
-0.04128246
-0.31392514
-0.65002847
0.47785896
1.84784170
-0.94324721
-0.94143064
-0.32972045
1.85539927
-0.48761459
-2.10723979
1.19416890
1.34544532
0.77511020
-0.76696670
0.69018630
-0.18983045
-1.64060301
1.32928156
1.17156780
-3.38480194
-0.29580267
-0.76205933
-1.00771246
-0.42342303
0.49264536
-1.41425677
-1.37777106
0.93282251
2.19147472
-0.74059526
1.52039847
-0.12961263
-1.51184172
-0.47398298
0.41148513
-1.26326510
0.89160109
-2.44510899
0.83842875
-0.18684805
0.73788295
0.52833161
-0.07452118
-0.38652290
-0.22551675
0.55302091
-0.93850228
-0.70184655
0.66239926
1.61233186
-1.67153137
1.10980629
-0.20182016
0.87050247
-0.31966535
-1.36447773
-0.69521855
-2.34075674
0.41891987
-3.04561618
2.13992428
0.06951494
-1.30333041
-0.98255051
-1.79025723
-1.22665637
1.30579903
1.23246383
-0.64224402
1.54698774
0.93473524
1.52945133
-1.14699008
-0.05991030
0.16661072
0.17858758
-0.33950187
1.56187657
-0.01793605
1.65743333
-0.68730212
0.62490479
0.99358863
2.16508076
0.47332045
-0.09004452
0.47035743
-0.13706766
0.62750678
-0.21580178
-1.07448378
0.35702641
1.31466676
2.36728490
-0.98572093
1.28110867
-0.29460030
-1.89989991
0.20595154
-2.66020003
-0.25569593
-0.15811673
-1.81457262
0.89333516
-1.83299209
0.10560650
-1.30933688
1.81846630
-0.62545599
2.11245197
-3.25144376
0.90384819
-1.55149863
0.05010639
-0.72193466
0.09788919
0.14726202
-0.33882628
0.80419637
1.76429383
-0.87825963
-0.33768778
1.61014550
1.10519779
-1.51148470
2.45342369
0.71503462
0.47890242
0.49656689
1.02815425
-0.59447213
1.57833325
1.14484198
-1.18637511
0.22810583
-0.44981397
0.84782689
-0.66256223
0.75938465
0.72124842
0.60163871
0.83301269
-1.28875812
-0.54482900
-1.88902819
2.30964659
0.96980802
0.80071386
-0.11419977
0.29582347
-1.95410630
1.28577117
0.01044039
0.33381961
1.18094213
2.26521401
2.33229638
-0.20606301
4.35521253
1.54476830
-1.43852850
-0.57865852
0.08014025
-1.14639258
-0.81127466
-0.36049475
0.82232599
-0.89648341
0.17954666
0.47392763
1.57687950
-0.82967275
1.24302994
1.82775722
-0.67307038
1.26902879
0.29574988
0.58186723
-0.90031981
-2.00842906
0.44967657
-0.50230382
1.88010751
1.88071884
-0.48750942
-1.89709647
-0.35276210
-1.53970737
1.07584241
0.60926428
-0.93179164
-2.08354525
2.25830605
-1.95231256
-1.62854238
1.36290031
-2.10770164
-1.96961592
0.42349961
-0.26171603
0.54306735
-2.62842902
-0.82604770
-0.29214674
2.36574049
-1.62737771
-0.53476525
3.33214779
1.43675685
-1.46007433
-1.10613150
-2.09310458
2.93766920
0.93355103
-2.63881820
-0.67234558
1.42174592
-1.63461478
0.08144085
-0.33511436
-3.25676912
-0.47405035
1.29588058
1.61368495
0.18587903
1.44336733
-0.22765044
-0.32002651
2.66571038
0.88582776
1.33451825
-1.45179636
-0.00998280
0.22005369
-0.18802243
-0.24425717
-0.93546265
1.58238965
-3.85520409
-0.13229081
0.97680025
-0.90161695
0.09574223
-1.62928542
0.46925219
-0.22239217
-0.67128794
-0.31965622
-1.26159834
2.12569815
-1.64124709
1.58304265
0.82944009
-0.36623684
1.46618962
-1.46973212
0.94061950
2.10040918
-1.73385721
0.96331269
1.58690116
-0.34698608
2.01110050
-0.18447315
-2.57858887
0.03484772
2.14424624
0.48282220
-1.57250091
0.41538322
-0.15626406
-1.12907337
1.06859603
-2.45877235
-0.44337071
-0.82223086
0.01863438
0.33961352
-1.25087223
-0.33670097
1.36573031
-0.46247963
0.59608748
0.11566183
0.73738647
-0.49193417
-0.49106268
0.90915743
0.60416512
-1.12171830
0.49181817
-0.17899269
0.65288917
0.25620296
-0.94193856
-2.56551444
0.60639657
0.48893770
-0.84117591
-3.54366128
0.22793679
-1.69321928
-0.75534105
1.09270028
1.23646783
0.56009279
-0.76617511
1.63484223
-0.22626310
0.35930295
-0.82061996
0.08308664
0.38847621
1.56324899
0.03130005
0.70649564
-0.25589353
2.53106295
-0.86359877
-0.27661494
0.84984130
0.43392636
-1.19044059
-0.27213808
-0.32043188
2.37306271
-1.95834086
-0.47114953
-0.13112257
-0.12859643
0.41285147
0.60581953
-2.51668029
-1.54001680
0.69894455
1.96601950
-0.33566518
-1.39415384
-0.83262828
0.46172949
1.00322781
-1.95997735
-1.08286922
1.51467122
0.04950647
-2.04813488
1.54905826
0.27929018
2.21668118
1.92770720
-0.14021294
-0.53166982
-1.14061627
1.12719301
1.81896329
-2.28379240
0.36123344
-1.44915487
-0.43776513
0.14974082
-1.53618005
-0.34618372
-0.17904603
0.56560535
-0.56282080
0.19027224
-2.70153153
1.83464135
-0.26697669
0.66452486
-1.11991207
-2.40765832
-1.86070695
0.41803672
-1.87829727
1.81604147
0.34627266
-1.62616182
1.25428460
0.46005757
-0.08933247
0.76057217
0.29662790
1.39367977
-0.72678162
-0.61744547
0.22123369
-0.61543592
-0.87322270
0.32034863
0.18842358
0.70196896
-1.21534855
0.02485514
1.18371827
1.46994743
1.76474983
0.18700955
0.92322547
1.41488428
-0.63620565
0.35651340
-1.23905963
-1.82126888
1.08197672
-0.02587116
-1.75627712
-2.23026274
-3.75789684
-1.97413088
-1.16626066
0.45401480
-0.90808632
1.31086836
0.30517469
-1.23567589
3.13206877
-1.01797373
-0.96436271
1.59733758
-2.07937223
-0.00836653
0.89137789
0.00109772
1.58704559
1.07034082
-0.26030986
0.53087209
2.27302408
-0.87668060
0.36939843
-0.78732229
-3.01578485
1.71859491
-1.81323145
-0.06694433
0.57526658
-0.49947527
-0.35671590
-0.26827292
-0.47551204
0.86530161
-1.78823252
0.62661725
0.04268220
-0.15114812
0.52185246
0.59849913
1.74814133
-0.70199925
0.25895090
-0.32028643
-0.68793685
0.89260137
0.83638103
1.31463305
0.07357476
1.53476582
0.44864140
-0.15092046
1.68158993
-1.84297602
0.11423739
2.33852226
1.12604343
-0.57861387
-0.33312885
0.92638289
-2.11631046
0.50799032
-0.89777943
-0.10866191
-0.69219006
0.42026079
-0.00387304
-1.00488184
-2.35626420
-1.83619779
0.47902027
-0.94400817
1.10536444
-0.29592651
-0.09204170
0.68053290
-0.29630154
1.86905147
-0.04986374
0.43368824
0.71849774
-1.03390936
-2.11166287
-0.31825001
0.67336333
-1.20752801
0.06384286
0.13651632
0.49893808
-1.62073145
0.68149853
1.73074745
0.07026870
1.18060513
-2.41454820
-0.62598022
0.64638032
-1.13716361
-0.72236048
-1.26729298
1.90265007
-0.44919641
-1.01310458
0.14739961
-1.25894303
2.30594856
0.07245428
-0.62552864
-0.01168268
1.09547523
0.33609420
0.76050956
1.85216464
2.91255077
-0.59145427
3.32507588
-0.31368829
-0.51542798
-2.52040469
0.50897191
0.07639148
0.92319585
-0.04584256
-0.85968991
1.95506499
-2.48593125
-0.62644813
0.32739780
0.26085349
-0.35067535
-0.02209925
0.38384048
0.73991590
-0.05788176
-0.75620439
0.29048320
-3.17091620
-0.19910265
-0.13814802
1.03409017
-0.94202025
1.13653324
0.45581232
-0.75962275
1.74127933
0.51203123
0.57494528
-0.78260442
-0.24659097
2.31346355
1.18614882
-0.60886325
-2.14030869
2.68991206
-1.97810111
0.38626912
0.63078262
0.92809506
1.91855497
-1.84828648
0.29022359
0.81622630
-1.53473087
1.47477884
0.61942662
0.29539104
-0.73294144
-0.88884073
0.30963088
-0.82650885
0.72907904
0.54245330
0.41475551
-2.50927247
-0.61974047
-0.57128640
0.64287176
0.33511048
2.05037681
1.55512834
1.59467473
-2.92811040
-0.84126306
-0.82874840
-1.37427730
-0.59299823
0.45959526
0.49290251
-0.97231520
-0.11647598
0.82320881
0.97794382
-0.28050442
1.72855754
0.38056064
-0.10815036
1.19280618
2.88966607
0.95498869
-1.62773608
-1.44007691
0.48595682
-0.03531755
0.63580682
0.03869673
0.89871060
-0.42968102
1.28760082
-1.07054560
2.48888953
-1.47932058
-1.06956391
1.26829131
-1.11571906
0.75676822
-0.41915952
1.24570219
-0.49563856
0.91123809
1.10465081
0.64032880
-0.73441160
-0.67524095
0.72967608
0.61449109
-1.04603624
0.93107665
-1.57565603
-0.71476439
-0.23173293
1.11543978
2.26810713
0.97791871
-0.59049820
0.09263857
1.53698013
3.01341798
0.08113848
2.04099898
-1.19906211
0.99021463
2.42497350
-0.20790383
-1.04739460
-0.12171153
-0.87224101
-0.70482581
0.11580420
0.28709848
-0.00395228
0.87688161
-0.83907983
-0.87988196
-1.13758041
-0.83419889
-0.25932176
2.25309356
-1.17664829
0.65913044
-0.33533628
-0.14172869
-1.16646043
-3.49707660
0.00776584
-1.24979993
1.76256569
0.65585678
-1.45370564
0.04671158
-0.08433135
1.03577993
-0.94222984
-0.16078678
0.29502592
-1.18510208
-3.00872304
-0.09820927
1.18963802
-0.11961922
-0.18343123
-0.82590806
-0.63136881
0.48918724
-0.23618910
2.02466163
-1.16502610
-0.19466914
-0.27592909
-2.96619191
-2.71251202
0.17104509
-0.64005824
-1.07335632
0.11621693
-0.54202787
0.85648650
1.50630579
0.54379798
-0.71305516
1.52493224
0.85369080
-0.24781165
-0.55703706
-2.65232102
-0.91262201
0.18591308
0.13176895
-0.05222630
-1.50327647
-0.41415696
0.28631974
0.43597107
-0.54877764
3.49964835
2.03400282
-1.05317635
-0.69268011
-0.35596876
-1.11532675
1.41313812
1.84354660
0.27554501
-0.20988706
0.46923661
0.83847318
-2.13383427
1.11258129
-0.94063213
-1.78442830
-1.01363915
0.58255679
0.31333987
-0.06840599
1.32635642
-2.52690043
0.28948650
1.51004354
1.11479108
0.23277115
-1.58763454
0.88998579
1.18325741
-1.62065441
0.30006258
-0.71598408
0.22143875
-1.26142057
-0.31138290
2.13082988
-1.65517849
2.08223954
-3.58703433
0.33187446
3.58632152
0.99819362
-1.03975764
3.01307254
1.72397827
-0.41215281
0.36600835
-0.56069977
-1.11068229
-0.15519496
-1.48261782
-0.06403838
-1.28509694
-0.32245719
1.37505136
-0.68917504
-0.93707436
-0.14892592
0.10793420
0.93425512
0.40705644
