2.22719509
-0.49013632
1.11793747
0.81057462
-2.16918263
-0.14879124
1.49249603
0.45487427
-1.88482468
0.44212597
-1.54515949
-1.20159552
-0.72977436
-0.77769622
1.13466188
-1.03316401
0.49722141
-1.56190171
0.67693758
-1.12295584
0.41130325
0.70793968
0.47747383
-1.05803576
0.14774551
1.17201002
-0.60827629
0.01730208
-2.05472207
-0.21764559
1.53672247
0.08434755
-0.12368056
-0.41114226
-1.62541903
0.24973202
-1.09455757
1.09219530
1.53981870
-0.98070397
-1.08026415
-1.11127869
0.42100448
-0.39167374
1.54692310
-2.21260215
-0.81429177
0.88834743
-1.34949969
0.64033153
-0.79405001
1.31556544
-0.48706933
-2.32924668
-1.34811029
1.11181230
0.81411749
1.39041681
2.14372984
0.21930983
-0.15726500
-2.01524995
1.29905361
-0.53573593
2.89325769
-1.47749283
-0.30723416
0.24582067
-0.60160226
0.64159937
1.27110799
-0.00421959
-0.07936971
1.50185271
-1.14870823
1.10879443
1.46224524
-1.99166779
0.02501958
-1.42204008
0.65543555
1.49591376
-0.10503467
0.94382972
0.26431513
-1.20004331
0.65245059
-0.45218289
1.43491843
0.72707906
0.93232475
0.00237229
1.61015362
-2.31732808
-1.02978249
0.69723624
0.81953361
0.82710540
1.79776180
-0.68964962
0.82440456
0.56161292
-1.04250568
-0.94715562
0.47889670
-1.86359372
0.28777992
-0.07596578
0.80368223
-0.53896187
-0.60675315
0.45461669
0.04920624
0.31628405
-0.52097941
-0.02362469
-1.42376176
-1.06490985
1.52511254
-1.71423164
0.53994961
0.52497347
-0.74935621
1.46210279
-1.04463924
-1.16083055
-0.41006905
-1.43113046
-1.07924842
0.70294433
1.22573419
0.32407044
-3.19655966
-0.74833119
-0.69751440
-1.12728772
-0.16256659
-0.08160485
1.41103471
0.07085965
0.47938519
0.66149757
-1.73415313
0.73035315
2.01066778
-1.02229810
0.14406342
2.34241100
-1.00385162
-0.72472070
0.34602301
-0.35488721
0.39742247
1.50122273
-0.12943820
0.90780660
0.79758562
-0.92922042
-0.60328784
0.41905704
0.58741113
-0.47797519
0.23533735
-0.62659078
0.62681259
-1.32418907
-1.82973260
0.45363194
-0.52361889
1.00121584
-1.17473841
0.90447710
-0.51391732
0.85752172
0.59601029
-0.35284574
0.02394263
-0.09352261
3.27774637
-0.88447198
-0.95900926
0.51016924
-0.81595017
1.48535023
-0.29252621
-2.20734185
-0.67634672
1.23132341
0.44084952
-1.77976133
-0.26434997
-1.70647223
0.50745236
0.62652288
-1.24613096
0.02972283
-0.85624060
-0.95691653
0.69974064
-1.90050771
0.92169545
-1.81282744
-1.73902211
-0.96761609
-0.50251651
0.70064660
-1.00071298
-1.38954897
-0.32708386
0.97390928
-0.02043545
-0.51049267
0.31269780
0.99132959
0.58027247
-0.19985639
0.80142450
0.05162095
-0.56178465
-2.40126981
-0.72145862
0.86544441
-0.46668910
1.35828509
0.53428449
1.64235492
-0.86225246
-0.13492502
2.42180016
-1.09035844
2.17027089
-2.09975527
1.11385626
0.46374468
0.84359920
1.61178410
-2.00744227
0.88289832
-1.73257815
1.17854732
0.00310658
-0.07741230
0.74536264
-1.59833560
0.23803641
-0.02257701
0.73703047
1.67754549
-0.18427396
1.92847384
0.04849006
-1.74937312
1.18141935
-0.18109570
1.08024142
-0.62238946
-1.01826681
-1.41305702
0.93169573
-0.87336385
-1.48691411
-0.28614427
0.90190454
0.37317378
-0.32294571
-1.53611066
0.15137191
-0.22801872
-1.84596136
-0.24176467
-0.43216049
-0.35713589
1.87129093
-0.97696845
-0.91623786
1.01105281
-1.42915415
-0.62954097
0.79046153
0.36713142
-2.08136067
-0.08094053
1.20194269
-0.64410607
0.58081910
-0.13720129
0.49203449
-3.00552200
-0.88755736
-0.45598633
-0.71420087
-2.90846349
0.17844946
-0.05286435
-0.20810831
-1.89739076
1.45392345
0.60604835
-0.48100008
0.38579721
-0.59641620
-0.18784270
-0.00437964
0.84315484
-1.03712187
1.38248718
0.88783249
0.48001996
0.27378575
2.13906433
-1.52736496
0.88711147
0.00125452
-0.94776838
-0.58760466
0.06572045
-0.08770987
0.51375138
0.54474930
-1.17232284
-1.07420881
0.10149881
-0.96702237
0.39630412
3.42377445
0.36632395
-0.00068887
0.98094265
0.93349898
-2.62907160
0.14960102
1.20117725
0.56571797
1.36342211
-0.96938687
1.05283957
0.08541317
-1.29803283
-0.04481747
-0.54051849
-1.26403862
-0.99541027
0.69161003
0.49224583
-1.72377411
0.81905009
-1.48397199
-0.35635710
1.42855667
-1.25871102
0.27426647
-0.91267515
-0.68867136
-1.56581812
0.13328776
-1.26171102
-0.93732871
4.14474347
-0.00216638
1.39207974
0.25594354
-2.04110096
-0.24088005
0.09367179
-1.64538280
1.05933015
-0.92753756
0.82645179
-1.41644311
-0.19108132
-0.42711960
0.54481839
-0.60728660
1.09201879
-0.33390171
-2.28965357
-0.63696557
0.36651974
0.97646418
1.72817468
1.64226624
2.11791835
-0.31007078
0.08772741
-0.20275850
1.77952048
-0.74795774
2.38857238
-0.32411724
-0.76538525
-0.67253334
1.04338789
0.09082112
-0.89034298
-2.30587052
-0.62349457
1.18642204
-1.02039862
0.18630579
0.28007384
-1.67387923
1.77608912
-0.96169940
0.71523440
-1.19233317
-0.33037795
0.00066426
0.99160260
-0.47553204
-1.69886483
0.67440458
1.06521274
0.41033642
1.22886739
0.63100814
0.81546082
0.33343045
-0.36897194
-0.22167169
-0.49748787
2.04320445
3.66683675
0.22566517
-1.36235460
-0.30451923
0.08774472
-1.58903265
-1.22492772
-0.34157631
0.51115661
0.38153779
-1.12228361
0.95741334
-1.12135630
-1.11755398
0.41373724
-0.67446321
0.95856105
-0.84078964
0.42541634
1.38581548
-0.67702679
-0.67189518
0.08214756
1.39931577
2.01498569
-0.45305364
-1.09439936
0.41453857
-1.64591763
-0.06269730
0.05809026
2.38967554
0.89030249
1.06149836
-1.16870174
-0.30348402
1.02135330
-0.09975964
-0.21042856
0.82383055
-0.41735974
1.56216880
-2.06543232
0.20503977
0.09287335
-0.68690042
1.53606703
0.75253736
0.20236884
2.28765774
-1.35402602
-1.08527910
-0.12590639
0.02688219
1.06559209
-1.32568236
-0.24040638
-0.59890518
-0.66393187
0.81741407
0.65083679
0.56236904
0.41514058
-0.99242614
-1.75209277
-0.79025067
1.29142571
-0.56382385
1.24131767
-0.44787993
0.05153893
-0.95519847
0.56162765
0.03974691
-0.01484623
1.07780800
-2.12822970
-0.62679563
1.43413282
-1.92825207
-1.36373917
0.06136040
1.33268446
1.35610894
0.09021732
-0.69536607
-0.73656405
0.22330304
-0.18158360
0.90204345
-1.28974296
-0.55920393
0.58639483
-1.66400353
-2.10948870
0.06220212
0.01384293
0.28714437
-0.15926487
0.85382460
0.26260794
1.13527557
-1.00209274
0.11109024
0.20096323
0.05487877
0.40730627
-0.54253535
0.25524535
-0.86003975
1.01642373
-2.58909369
-0.24836866
1.27773389
-0.27246679
0.78708992
-0.26656140
1.13243387
0.36106058
-0.87685223
-0.26277096
0.04654651
0.38945025
-1.50891464
-0.87002779
0.21604773
0.04422081
-0.07112320
-1.78225429
1.68776440
-1.38819458
-0.78108125
0.35296003
-1.76007372
0.32226618
-0.48817739
1.06679412
-0.83974813
-1.81133730
-0.38981192
1.98192695
1.58288630
0.25745044
0.88827585
1.58602380
-0.11893335
2.37694423
-0.69580088
-0.64324520
-1.80298917
-0.29151187
-0.26445034
1.07956388
2.57280585
-1.43888338
-0.33565822
0.17326882
0.79703142
-1.74287533
-0.77006799
-0.33156419
0.72333143
0.72597278
-0.04144245
-0.51834196
-0.78375168
-0.56291521
0.98483529
0.66844619
1.17154798
-0.02804293
1.15064288
-1.70419314
0.99448055
-2.02659879
-0.48491560
-0.25654298
-0.51502165
0.01896285
-1.39316818
0.21932979
-2.18885954
-0.18784811
-0.83601866
0.36361257
-0.46504951
-0.86459564
-0.30289656
2.26143692
0.12158615
-1.28681997
-0.70039624
-2.78646900
-2.29368561
-1.04607569
0.02486501
-0.09319427
-0.63028692
1.27344145
-0.38384980
-0.50422321
0.07014484
-0.44400163
-0.05053269
1.27064561
0.77288589
-0.34055475
0.46015688
-1.17671301
-0.91244753
0.96690160
-1.06229470
0.10609350
-1.62120417
0.94551779
-2.20207056
0.69677602
0.77601336
0.30414601
-1.39354572
-1.39889207
-0.21846559
-0.03675641
0.14151948
-0.20868356
0.55796732
-0.35238473
-1.74447492
0.47814260
1.52797466
0.19647566
1.67892795
0.14732261
1.41324651
-0.02395796
1.59376369
0.42702658
-0.65878173
-0.44643624
-0.03132667
0.47140170
-1.29813390
-1.76674182
0.84755609
0.08716603
-0.69001217
-0.26704322
0.80691013
0.33883296
1.58629416
-0.81282063
-0.05148616
1.73629440
-1.05043196
0.48312613
1.64298191
-1.34577578
-0.02700201
1.71708825
0.19689311
0.44643104
-2.20180997
1.56104930
-1.34018341
0.77086988
-0.24686983
-1.35852420
0.12478411
-0.88478972
-0.66060224
0.24389745
1.79230516
0.45661118
1.24457931
-1.76759179
-2.50963709
0.29155284
-1.73839345
1.61570159
-1.75594026
2.17039649
-0.37316677
2.40582676
1.00047095
0.50634348
-0.45507072
-0.89974098
0.34875220
-1.11445135
-0.35038014
-1.60805662
0.44639871
1.13528245
0.14509413
1.38942416
-0.18556747
-0.06463258
0.61272898
1.70007264
0.96946561
1.84505318
0.74019918
1.43024069
-0.31948213
1.34569355
-0.44268623
0.87828688
-0.58466183
0.92780419
0.58976538
1.19175954
0.79851884
1.41668542
-1.86849685
-1.31876138
-0.63742601
-0.72556991
-1.23700417
1.63769777
-2.10507209
-0.23878376
1.24718055
0.10869135
1.20575570
-1.49575494
0.85468270
-2.28098737
1.13139534
-0.82307122
-0.64657776
-0.71123231
1.49378419
-1.13258259
-0.24631172
-2.10587123
-1.69139470
0.90449488
0.84004212
-0.99556651
-0.62788773
0.61847882
1.48782015
0.73208158
-0.25436134
-0.25708659
1.59888044
1.10247015
-1.20532504
-3.03093322
-0.29248710
0.36303547
1.04418764
0.64624214
1.03899558
1.48200855
0.91778944
-0.01807814
-0.05974390
-1.10134392
-1.22331505
0.10719855
0.27339769
1.11697978
0.20652509
0.60208688
-0.49583999
-0.16589193
0.85363253
0.77094718
1.53265750
0.84432737
-1.31355114
1.72976819
-0.87083960
0.52455838
-0.75077267
0.70398916
-1.11880482
-0.44160581
-1.29429375
-0.11510180
0.36209074
-0.23034786
1.27958656
-1.48291519
-2.16088381
-0.56018623
0.22251897
0.01493272
-0.64117269
0.02492894
0.03821446
-0.19095936
0.45300916
0.86091918
0.51046123
-1.30748375
-0.73524754
0.12894730
-1.64947846
-0.88122928
0.79311470
2.22090352
0.30453725
-1.80067055
0.50998214
0.44819360
-1.68341996
-0.28207862
-0.24877082
1.34500868
-0.52840650
-0.62125403
-1.50130507
-0.86346218
2.36001752
-0.67378125
0.59163427
1.08223093
0.43626473
-0.46308667
0.78571366
-0.99056959
-0.40947149
-1.43996549
-0.46035909
-0.48539785
-1.71108102
0.57582830
1.09634074
0.51217551
0.96047036
-0.74048199
0.72626568
0.16585430
0.26961848
-1.83243518
0.61243464
-0.53183287
1.85699842
1.81442890
-1.27665157
0.34341321
0.22314838
0.62895975
-0.48034571
-0.43663095
0.61801655
0.21217237
1.63304161
1.40525931
-0.55392281
-0.41579235
-0.70758302
-0.73096835
-0.24579413
-1.19648850
-0.18298306
-1.61024487
-1.40935315
-1.78935873
0.34468456
-0.46184387
0.29965909
0.25308287
0.82146389
1.97597227
-0.50592990
-1.00409891
0.48346087
0.02845526
0.02124558
-1.14053708
-2.39261283
0.52959869
-1.45856826
-2.22131234
0.40476330
0.79535217
-0.70426970
0.60097077
-1.06652446
0.51340440
-0.23092080
0.39619505
-0.31000324
-0.82365509
0.41154395
0.99311779
0.43062386
-1.48655890
0.51445787
-1.04780870
0.17432173
0.36670192
-0.27854313
0.04567273
0.70611597
0.13498245
0.86891266
0.33987717
0.27552246
0.60811819
-1.35618457
0.38021393
-0.56212161
-0.00872334
-0.46215995
1.80017561
-0.04969342
-1.70790248
-0.06266635
0.62306283
-2.52310662
0.70357721
0.31941069
-1.24327125
-1.04409404
-1.55711312
-0.66409207
0.15464318
-0.57052023
1.81148067
1.46854983
-0.36869705
-0.98658689
-0.16964411
0.07256359
0.20787345
0.51597504
0.15845467
2.03155053
-1.61000770
2.07239413
-1.74163293
1.44594167
0.58590496
0.63445340
0.77189944
-1.09730057
-0.63894412
1.54516211
0.18015016
-0.70052383
0.51552680
0.68801970
-0.85144540
-0.34783124
-1.19579331
1.40655642
0.04194735
0.23465411
1.44657130
-0.71941892
-0.47151053
-0.58339343
-1.76688116
1.53524122
2.20239295
2.25371948
-0.64697973
0.96016072
-1.33596117
0.49739710
0.29830743
-1.76964522
-0.27257728
-0.65921585
-0.74446958
0.03542255
0.19244839
0.72793933
0.49739390
-0.97291345
-1.11961179
0.13275081
0.34841346
-0.85158562
-2.12262328
-2.25379928
0.75203458
0.41299436
1.00987705
0.87086723
-2.17913146
-1.00987619
-0.47864427
-0.22796853
-0.10882564
-0.35151632
0.17994888
-1.06275739
-0.02892140
1.08329406
1.54186416
2.76535593
2.32128440
-0.26607779
1.52658381
-0.09940695
1.38914108
2.24692221
3.09804396
1.16015641
-0.32036808
1.62389791
1.71467387
-0.54669224
0.98147038
0.32219174
1.45806698
0.62856506
-0.57887261
0.52520795
0.37058937
1.38142161
-1.13503200
1.71908267
-1.06339533
0.57444742
0.28073834
-0.59142787
-2.22358670
-0.14993087
-0.48539597
1.16608918
-1.77927383
-1.51722605
-1.15418454
0.20016669
0.15690624
-1.15282581
-0.73910026
-0.24654880
-0.68896164
0.08882430
-0.44196303
-0.15049816
-1.01159576
1.49638241
-2.47875660
-1.18516245
1.11759324
1.08685661
1.69023395
2.72768068
1.05970811
0.33215759
-0.07692348
1.12714864
0.20413744
-0.39118096
-0.10502046
0.67513886
-1.33005365
0.84915349
-0.19505668
-1.22830954
-1.55561576
1.29767048
-0.37343762
0.68125498
1.27510327
-0.54226237
-2.13060348
-1.66526731
0.04977073
-0.05097917
-0.62377749
1.93489467
-0.37048428
-0.14207160
-0.88526586
1.54978461
-0.63769873
0.69221107
0.74131659
0.27885648
-0.77166781
2.61896110
-0.39388028
0.16420700
-0.06006549
-1.75825957
1.21373369
0.54045822
-0.53257588
1.43836860
0.85354964
-0.45432215
-0.84786760
-1.37554318
-0.02088540
-0.06348034
-2.00866760
-1.04775988
-1.03897732
-1.10970632
-0.26693964
0.32083521
0.40201837
-0.34895108
0.02817962
-0.85050025
1.45046805
-0.47659778
2.37836838
-1.12734301
-1.45893716
-1.02706014
-0.37064313
-0.68407863
-0.41470842
-0.93449669
-0.52992095
-1.43842692
0.93036461
-1.03540493
0.61610200
-1.38422385
1.73878043
0.44725455
-0.13723139
0.71474057
0.10816680
0.75914632
1.73119079
-0.59285924
-0.02159558
0.36807502
0.93693707
0.17725552
0.96999285
-1.01231646
-0.58721863
0.24175395
0.38767160
-1.38618569
-0.72249714
0.28001130
0.54441941
1.34131132
1.20095219
0.23383762
0.35040627
-0.55642807
2.24948338
1.25372332
-2.26651841
0.19811724
-0.87985807
0.80117573
-0.38817301
1.13330365
-0.42758943
1.42081200
-1.32546368
-1.91837046
0.81926739
-0.53840146
-0.31225063
-0.39507735
-0.00121349
0.34861749
0.53332552
-0.15217922
-0.65167995
-0.06071212
0.48631708
1.29501442
1.27553159
0.57093154
-0.63494685
-0.71563962
-1.67914698
-0.82658896
-1.63850207
-0.24365734
0.82145866
0.46716843
-0.11684762
-1.34190010
0.89300217
0.18991006
1.02753466
-0.08237838
0.69089231
-0.34936793
-0.93396268
0.17133429
-1.09485763
-0.06466999
1.80839323
1.30929088
0.20881814
1.06107789
2.00102849
1.12964198
2.95266252
-0.43135873
0.93393304
0.13988938
2.99828228
-0.28038485
-0.90139274
-0.93287829
-1.14059593
1.07216975
-0.49228462
0.23872552
-0.32854349
1.74427871
1.80325412
-1.00590562
-0.30079375
0.71899345
-0.28537093
1.81487950
-0.56492009
-1.38201559
-1.94588332
-0.70133287
-0.10358350
1.43583713
0.12360174
-0.63813187
-0.36268247
-0.45418514
-1.59184552
0.24570949
-0.48213697
-0.76143076
0.71278998
0.33168820
0.45825397
-0.22787263
0.44977325
0.12789630
-1.04019967
-0.63499234
0.06563394
0.17478623
-0.53753865
0.60854769
0.01961457
-0.31053967
0.83977957
0.88862963
0.85477247
-0.12150288
1.34235829
1.22769534
-0.96499129
-0.69009995
0.19445695
0.90714228
-0.42415324
0.45280450
1.27422423
0.25062702
1.26799188
-2.62022612
-0.18647215
-0.81764864
-1.07426127
1.37493250
-0.20349787
0.65972383
0.88991578
-0.67564160
0.05425813
-0.88560290
-0.08130872
-1.19106411
-0.44958084
0.00634762
-0.20622677
-0.89978442
-1.42643698
0.50814853
-1.38450839
-0.20899408
-1.39065977
0.44444827
-0.20094257
-1.47883169
0.21111435
-1.70932394
0.35670699
0.39113922
0.23868992
0.23863774
-1.21059180
-0.90134839
-0.06382024
-0.11770178
0.97997653
0.85402442
0.41847016
-1.24935480
1.53815060
-0.37476647
0.68757068
-1.18368131
-0.80787349
-1.22945565
-0.53270683
-0.26886457
-0.39832905
0.72883226
0.44769418
0.34248082
-0.17384870
-0.02943686
-0.07233331
-0.63366612
1.06768303
-2.04596650
-1.22760738
3.04643452
1.00428538
-0.23288856
2.81442234
-1.28090583
1.05894431
-0.15003085
-0.60255330
1.03252211
-0.24326031
-0.50066381
-0.66330215
-0.97255028
-0.04021475
0.68787471
-0.42426676
1.40375055
-1.04681041
0.65555525
0.79356161
0.48856892
0.91680885
3.61741517
-0.10618100
-0.47280997
0.50074059
0.32824398
-1.29242504
-0.08019084
1.00428960
0.29469466
1.76314154
0.48406660
0.57612355
-0.42680522
-0.66779508
-1.92894064
-0.33428401
0.86360536
-0.47099817
-1.87782949
0.53756127
-1.22826835
-0.49520502
-0.92564660
2.88745444
-0.71988924
0.33876425
0.83564339
0.48900135
-0.40908389
-0.15806845
-0.86069646
-0.86388520
0.10668199
0.75280743
-1.26701102
-1.18866642
0.08519153
-0.13033592
0.78776199
-0.84570138
0.84229081
0.98773136
1.64842798
-0.16102344
-1.94675042
-1.29384570
-0.71435925
-1.29838319
-1.25966869
0.98948184
-0.28818155
-1.97968485
1.85865222
0.90246321
1.73442583
1.87449158
0.43886290
1.70481563
-1.19896657
1.93376087
0.16213327
-0.16673429
-1.26595937
-0.23262227
-0.38412827
-1.71240911
2.34532253
-1.54340678
3.12279573
0.39485875
1.05855313
0.69406714
-1.42788182
1.49177611
0.93556217
-0.53051809
-1.56451650
2.89987265
-1.02244397
-0.21584117
-1.02423880
2.75519216
-1.33627290
-1.26506374
-0.98639124
0.58584688
-1.59704464
-1.01923189
0.88946519
-1.08275115
2.09948060
0.09330522
0.87577769
1.64872203
-0.30879248
0.86046765
0.55243683
1.86680614
0.37403545
-0.10678048
-0.81911407
-1.89023882
0.49894941
-0.35348160
-0.99617926
0.66937511
0.12822801
0.67259013
1.14692797
0.07701793
0.64867358
-1.57477211
0.23699236
-1.09549271
0.86155711
0.74939108
0.46060848
0.79232767
-1.97358039
-0.22971044
0.75858960
1.09589207
0.39659383
-0.48565781
-1.23102711
-1.54128448
1.45853189
1.23800761
-0.88993477
0.42274856
-0.76614241
-2.07397783
1.93004851
0.84637308
1.35120030
-0.79748941
1.30248283
0.48315076
-1.12683505
-0.24721330
-1.28692571
-2.69974271
1.14395960
-1.44226750
-0.47915104
-1.43132185
-0.61791079
0.54421295
-0.04071582
1.48543963
0.68024445
0.11557979
0.06531986
-1.18478859
-0.25371910
-0.89624913
-1.14263071
-0.26019726
1.38186137
-2.04949586
-0.52003655
0.10620094
-0.20503928
-0.80939960
0.33270374
1.65694411
0.16571374
0.50603175
-0.26889715
-1.69550018
-0.40436926
-0.59078408
-0.48287781
1.05900519
-0.05637145
-1.55339986
-0.70041865
0.47356394
0.29432884
0.10646610
0.64761765
1.14698493
-1.12903627
0.26686132
-0.67395809
0.23189804
1.42262528
-0.02805901
-2.25413834
0.42344316
-1.00034389
-1.38934293
-0.01050729
-0.72775169
-2.15047658
0.95500900
1.01223373
-2.00630854
0.59692034
0.89673427
0.12458175
-0.06143732
0.17898725
2.07043826
-1.05508986
-0.38398993
1.00729477
-1.96606401
0.03168541
1.18548202
-1.57525900
-2.90397982
-0.11461645
0.54790998
-0.34640664
0.60637193
0.78408203
-0.52639893
0.97126764
1.19574789
-1.14982817
0.62580601
-1.36781102
0.23410604
1.94632797
-0.39860307
0.22212342
0.37204376
0.06439989
0.56726124
0.99031535
0.12694308
1.21537283
1.14070363
-0.00533002
0.57154576
0.61989085
3.11512588
0.78751175
1.86274833
1.29643874
0.41225236
-0.14139471
-0.81247036
-0.69792836
-0.56400157
1.56390158
0.57549252
-0.09439964
-0.77397011
-0.07510136
0.38656732
1.11161137
0.16552705
-0.91292551
1.63721720
-0.23705576
-0.16178453
-0.44755714
-1.30739329
-0.26935967
-1.03407824
-0.96979938
0.49620202
0.74554931
-0.57538464
1.79495670
0.08996265
-0.37461476
-0.46904194
-1.22581769
0.39260107
-0.34900464
-0.48571583
-1.42340070
-0.37704336
-0.16073476
-1.26074452
0.55174232
0.88749507
1.57454238
-1.49401975
-0.93003667
-0.38408120
0.96086022
0.69063046
1.85962106
1.25901230
0.30772150
1.41418885
-0.53186688
1.94464964
-1.01069388
0.91980322
1.96466485
1.47288906
-0.54860421
2.11863585
0.08373811
-1.33589732
-0.44511395
1.42058977
1.06949283
-1.26975138
1.13376538
0.76723394
0.02925070
-0.24837814
-1.15682843
-1.06011080
-1.85436822
0.42280681
-0.85319211
0.73835594
0.19334983
0.84271726
0.45622153
0.86354921
0.18390795
0.28374441
0.39447322
0.48406785
-1.19631749
0.57360990
2.45720324
0.14947910
-0.68072156
0.17615740
0.30784463
-0.19655044
1.38648433
-0.53244442
1.27343759
1.00605992
0.63998341
0.18348273
-1.00124252
-0.11365205
1.18796541
-0.65887738
-0.39492957
-0.96021664
-1.76226451
-1.37225333
0.87427007
-0.10612948
1.60723180
0.25861501
-0.20319423
-0.70314152
-0.47484483
0.90874539
0.13196193
0.32797862
1.14276846
1.86277268
-0.85590495
0.97330839
1.35678783
2.00332311
-0.91224697
-0.26448278
-1.28319921
0.33941840
-0.33629670
0.78057811
0.56596205
1.28093998
-0.80818610
-0.73912910
-0.50227758
-0.67499297
0.70546506
0.02120409
0.56541250
-0.72201599
1.03033064
-1.84912850
-0.67375158
0.94001755
1.64944049
-1.04769106
-0.24800774
-2.20136608
-1.70261212
-1.42401832
1.57591366
-0.11850035
0.54941323
0.07446325
-0.26080783
-0.39267427
-0.44607619
-0.27989030
1.46728165
1.46703975
0.42917795
-0.44438512
0.75812521
1.50637979
-1.58348357
0.55704905
-1.58932786
0.03592670
2.48798050
0.16570571
0.30217428
2.53802381
-0.11322996
-1.14143683
0.59134628
1.37812769
-1.88049738
-0.77086760
-0.32598311
-0.26118856
0.56538174
-0.15624772
-1.67105666
-1.81736666
-0.61724694
2.71286144
-0.36341290
1.80259107
0.14381723
-0.22495286
-0.97404155
1.17807773
0.29543021
-2.22174544
0.13994262
-1.35140312
0.00443979
0.28004979
1.85751610
0.91779196
-0.10080900
0.18871069
-1.38087723
-1.45070276
0.45376582
0.68490098
0.95980770
-1.06467312
0.90064009
0.95977869
0.52137081
-0.24702395
-0.19489506
0.86717222
-1.81519965
0.49500967
0.40479279
0.41929831
0.92292220
-0.77224019
-0.13700763
0.83890250
-0.86486982
-1.96166035
0.90317889
0.11380638
0.29036424
0.92831734
0.04145615
-0.15157097
-0.51643588
0.67600277
1.29730502
-0.40977278
-0.27090423
-1.04784791
1.18306824
-0.62300262
-0.86134212
1.20760744
1.73465682
0.77584076
0.45905485
0.85207285
2.55532068
-0.44415973
0.63233967
-0.23770659
0.33589815
-0.81053897
1.85924995
0.52758888
-0.19953887
-0.18373921
-0.93591027
-0.71439336
-1.71312494
2.56219077
-1.19542940
0.87999138
-1.80194825
0.07455173
-0.32654527
2.44843741
1.28664072
1.28451294
0.51805731
0.45658160
-0.35076513
0.02885016
0.17049819
-0.02621828
0.55845294
1.64685071
0.26076503
-2.99196262
-1.46076071
0.56362856
1.36208386
-0.40431882
1.11779829
0.86364011
0.54731486
-0.59012978
-0.67307834
0.87541334
1.56713637
0.46993976
1.79026320
-1.80360637
0.10032266
-0.95452783
1.14676023
-0.36174333
0.88401104
0.60293841
-0.31489798
-0.44897334
-0.15135691
0.86899479
-1.15202247
-0.66731908
-0.50652035
1.13352365
0.48239776
1.07086209
2.07556914
-1.32526043
-0.30467161
-1.61368211
0.85335739
-1.30456840
1.98844472
-2.80513851
-1.06309078
0.02624701
-0.59911234
-0.48402941
0.74742722
-1.71157731
0.12815686
-0.28651825
-1.25036421
-2.09407086
0.90591917
0.97033762
2.20221865
1.67738421
0.59682086
-3.19683895
0.05635929
-0.14572937
-0.83952399
2.68154630
0.69959588
0.16861426
-1.84728890
-1.34606126
-0.13426142
-1.85507521
0.82941508
0.13401365
0.44049706
2.67536760
-1.39335312
-0.94418710
0.42105592
0.30173255
1.34107902
-2.02940439
0.89163461
-1.01840236
0.76226421
0.88524529
1.86850347
-0.63265777
0.74333367
0.81657569
1.21636825
-0.05639066
0.52384855
1.66099039
0.37670298
-2.14713766
0.00419553
0.57731467
0.50307712
0.11289607
-1.36586059
-0.60517675
0.21358963
-0.52826756
-0.35202887
0.56954241
0.28196799
0.65151736
1.45603939
-0.08943284
-1.38668655
-1.00343605
0.62965243
0.25280525
0.20047242
-0.23158473
1.83151727
1.09978862
-0.78910322
-0.35878732
-1.87173118
1.02275352
-0.52819242
-2.25302145
1.44372937
0.46361974
2.02706434
1.89199553
0.18330438
0.62556690
0.99722856
-1.11198693
-1.25079751
1.01884568
0.65890695
