-0.14224087
-0.81748504
-0.23126379
0.19672272
0.21208775
-0.03218538
-0.17070019
0.44606062
-0.66303852
0.79932518
-0.04396347
-0.55472949
0.01434783
0.18013378
-0.83694063
-0.00150468
1.04741861
-0.51247970
-0.56658170
0.42072637
0.08894689
0.80477708
-0.12765316
-0.14103706
0.24676936
0.22124319
-0.91022217
0.61381002
0.49884992
-0.24262984
0.54744865
0.50913223
-0.70207264
-0.46388662
-0.89809300
0.06100535
-0.25922390
0.12129225
-0.51598504
0.32657270
-0.12527762
-0.39937282
-0.03430933
-0.45196593
0.30866499
-0.26325530
0.86509660
-0.61492522
0.38529899
0.20403809
0.50133619
0.11143855
0.69509223
-0.45552915
-0.45225297
-0.31087940
-0.60732366
-0.61241436
0.23587692
0.11565060
0.28869842
-0.42205538
-0.81276578
-0.39478755
-0.23886996
-0.22113293
-0.36561962
0.32743878
0.31326636
-0.15743541
0.41286476
-0.08195749
0.62161689
0.37197776
0.13822199
-0.35139346
0.51874475
0.01112419
-0.05872804
0.54378812
0.30036000
-0.27877375
-0.10533693
-0.11222210
0.36498991
-0.52424270
-0.00647304
1.04855951
-0.34149835
-0.54653078
-0.13479548
-0.88944158
0.16724354
-0.13369814
-0.68063814
0.74837445
0.47227260
0.41075517
0.33071729
0.35251193
0.04000179
0.39301885
-0.28943312
0.10260170
0.45627301
0.30186613
0.01583316
-0.22984186
-0.69502978
0.73392613
0.60955307
0.34678022
-0.71321803
0.38509884
0.51038313
0.49731278
0.03059838
0.07274777
0.02387949
-0.32266120
0.05264366
-0.02426831
-0.03450885
0.37509093
-0.23709560
-0.00923972
0.25736996
0.86654540
1.29609882
0.38042433
-0.00047745
0.01681393
0.61202720
0.29978717
-0.19440685
-1.37976401
-0.47623493
0.44098165
0.46872251
-0.51550482
-0.40749722
-0.63756660
-0.22784237
0.05570314
-0.30325652
-0.34820262
0.36782985
-0.22208529
0.21857855
-0.01645573
1.26952555
-0.56782734
0.22665131
0.07924227
-1.10027371
-0.22684809
0.48464522
-0.07374704
-0.29498842
0.96135870
-0.57676442
1.08411965
-1.05975818
-0.31711887
-0.20162804
-0.16131562
0.14951783
0.67132138
0.20824768
-0.71266514
-0.16597812
-0.25648517
0.01539609
-0.04781772
-0.92131164
-0.70665384
0.72671265
-0.21431808
-0.01357351
-1.15481282
-0.64737622
-0.01204687
0.38557753
-0.91636403
0.62442702
-0.34507818
-0.67317749
0.66729542
0.19860473
0.67571126
0.85871921
0.12886814
-0.36843747
0.98458776
0.48602827
0.22650922
0.64828098
0.00735559
-0.62425599
-0.01667503
-0.00687372
0.05273663
0.85049391
0.16334221
-0.67395436
0.97291943
0.24972138
0.30935648
0.12047299
-0.09369808
0.34428594
-0.24153244
-0.50235283
0.47651892
-0.18666200
-0.58294470
-0.78772618
0.61185217
-0.26876012
-0.63566508
0.62336018
0.19328755
0.13951661
0.44173660
-0.54904934
0.40486063
0.02593381
0.32481893
0.74608839
0.06434245
-0.70411770
0.60887516
-0.32810694
-0.12762539
0.39337150
-0.58363356
0.32348789
0.57225360
-0.56918479
-0.28918060
-0.72235140
0.67822307
-0.33324580
-0.40707368
0.08070890
-0.69405893
0.74127715
0.50498092
-0.15716723
0.34268607
0.81864478
-0.18361060
-0.45112667
0.16088659
-0.23063350
0.05372478
-0.73908133
-0.46314979
-0.67367440
-0.51921610
-0.02823719
0.80679464
-0.34330428
0.39157344
-0.61098881
-0.27121606
0.05875392
0.02400348
0.08522305
-0.30437612
0.04458436
0.34056006
0.29564514
-0.49117642
-0.27542699
0.07649927
0.32028863
0.34412769
0.73695724
-0.33255089
-0.66435570
-0.99140134
0.18778424
0.16104109
0.86667529
-0.19638346
-0.12216247
-0.32998475
-0.04084852
0.23118035
-0.03107527
0.08715245
-0.15532208
0.39375224
-0.21420785
0.67627185
1.07157800
-0.13248313
-0.40125019
-0.22905877
-0.14164732
-1.18787826
-1.04321931
-0.36047153
0.01616869
-0.03847319
0.15607372
0.29206571
0.65141467
0.31382174
-0.45141886
0.49546673
0.15763465
0.01370548
0.46660655
-0.10774752
0.22502812
0.06166044
-0.32201216
0.63261333
-0.03618255
-0.20848764
-0.06999312
-0.06128608
0.52868613
0.50563201
-0.04295285
-0.42534890
-0.24402829
0.01646642
-0.13361994
-0.02600973
-0.19281541
-0.78266630
-0.63695581
-0.18187061
0.32952233
0.28892478
-0.47827410
-0.07456670
-0.24537686
-0.58857925
0.92343117
-0.47658228
0.31370776
-0.16241535
0.35915014
0.61805124
0.90164120
-0.98086601
0.19338807
-0.96814361
0.13834404
-0.11172586
0.52660186
-0.15056365
0.57242210
0.59954080
0.10273993
-0.25532240
0.17757303
0.16318969
0.74552477
-0.01341198
0.45256903
0.47834699
-0.23076392
0.16584498
0.32113387
-0.74451935
0.72871610
0.34065194
-0.38532598
0.27979803
0.35258235
0.30038755
-0.56983074
-0.03294428
0.53346605
0.06825594
-0.29838877
-0.13131858
-0.21020589
0.68016110
-0.72008942
0.32631110
0.96744691
0.15691466
-0.72044201
0.37651582
0.50118424
0.39761837
0.23247528
0.26762549
-0.29332755
0.07627642
-1.11272925
-0.45663668
-0.26961138
0.15660818
-0.22689830
0.29308625
0.24779106
-0.31319547
0.52402312
-0.39444209
-0.71033730
-0.05656590
-0.27522549
-0.30224982
-0.37660292
0.75763266
0.28649157
0.58480220
-0.80745582
-0.54774318
-0.01686592
-0.62824309
0.27044478
-0.83270229
1.51329844
-0.04961080
-0.03972275
-0.71573154
0.01988933
0.25239375
0.39860357
-0.88125621
1.25136189
-0.21933851
0.25824145
-0.08257594
0.70592239
0.41797418
-0.77663537
-0.20085753
0.40639881
-0.32472545
-0.24637907
0.17660422
0.09818754
-0.52173042
-0.09329671
0.42365065
-0.49173200
-0.14885430
-0.24791210
-0.19220797
-0.33768008
0.01061622
0.74862516
-0.45739666
0.37759376
0.41525432
-1.07370148
-0.77266226
-0.61406056
-0.30862821
-0.45914515
-0.69421616
-0.08803409
-0.39379039
-0.14320326
-0.34350945
-0.07714082
-0.34114449
0.15123503
-0.52203687
-0.59426036
-0.77706823
-0.05485428
-0.02915761
-0.16377433
-0.04028271
0.23645816
-1.47777626
0.52830392
-0.38942604
-0.08905737
0.64552304
0.01218208
-0.75973326
0.25906160
0.21865566
-0.33493389
-0.02861101
0.47872631
-0.65716669
-0.31737645
-0.36887852
-0.57653268
0.48818602
0.75818967
-0.04729997
-0.39690150
0.45826313
0.23506137
0.79522626
-0.51374332
-0.24894901
-0.38669911
-0.12334098
-0.29023301
-0.06483615
0.41250571
0.01192330
0.31589646
0.13455475
0.16378901
-0.59680575
-0.43195583
-0.20349615
-0.80292258
0.29264279
0.56073266
-0.25846487
-0.37804129
0.32165114
-0.17487991
-0.12596223
-0.25855697
-0.28991585
0.42429976
0.56519844
0.27946425
0.65624686
-1.20240528
-0.25228999
-0.82962921
0.29886608
-0.39551670
0.16772454
-1.12068739
-0.70852894
0.06111215
1.09829680
0.06951717
-0.30048370
0.13338764
0.46406722
0.04446320
0.45305523
-0.07452597
0.34253121
-0.16307716
0.34171159
0.46949106
0.77617445
0.67570154
-0.01966502
0.10200820
0.17195328
0.43804985
0.79658498
-0.60368474
-0.30632989
0.25079783
0.43382212
-0.12336620
0.88447969
-0.35862045
-0.11052572
-0.72705657
0.49539508
0.52660379
0.28684691
-0.41947802
-0.27661613
0.04530040
0.31475479
0.83399244
-0.02641364
-0.18080342
0.63948301
-0.48910469
0.73896326
-0.10457943
0.24221721
0.09743751
0.35933435
-0.45270166
-0.35848337
0.39877178
0.30179529
-1.03396243
1.25337841
0.31116383
0.00387603
-0.38888181
-0.53833399
-0.38038867
-0.24228360
0.32162952
-0.78504839
0.26626684
0.20838919
0.65321126
0.11543568
0.21604171
-0.25679823
-0.24164352
0.18989327
-0.49944429
0.06577418
-1.04218709
-0.52458641
0.16781624
0.48085272
1.05771338
-0.75263505
0.71173903
-0.94745604
0.09073566
1.39182986
-0.12157622
0.50715652
0.42033858
1.57465943
-0.20391442
-0.71603032
-0.62287964
-0.35924204
-0.44305442
-0.06162873
0.51116186
0.17898996
-0.44739750
-0.05315298
-0.57646591
-0.06777189
-1.20290184
0.00743503
0.69076635
-0.81413596
0.96448292
0.19210713
-0.14897462
-0.86280125
0.48977765
0.40746038
0.11268465
0.10498680
-0.48063158
-0.85474848
0.32000626
0.19563822
-0.43254060
0.52814253
-0.32335752
-0.03263802
-0.20096352
0.81248281
0.03445319
-0.07596731
-0.12568738
-0.66553101
0.10597530
0.81860183
0.42365252
0.12609836
0.04499873
0.35719207
-0.28940255
-0.52054142
-0.29518542
0.55684095
-0.67141034
-0.14617187
0.02994478
0.36159249
0.98602138
0.60196720
0.49438078
-0.08231787
0.22568293
-0.73374885
0.25057027
-0.58722038
-0.35607514
0.28247473
0.39115728
0.39148876
0.33242342
0.16568702
-0.09267906
0.17145778
0.32371300
0.34347778
0.91348863
-0.40539551
0.13188844
-0.12474892
-0.03247863
0.52236415
-0.86790752
0.90118581
0.58462333
-0.29657152
0.24569750
0.04233360
-0.81166753
-0.33968698
-0.80265656
0.18280701
-0.16730528
0.89752826
0.34310265
0.14299063
-0.14341327
0.28473342
0.53028527
-0.74947040
0.34682686
0.10178901
0.57959760
-0.69743429
0.48501075
0.19608527
-0.67756373
-0.01638922
-0.23468711
-0.28798596
0.27488604
-0.04218514
0.03536967
-0.19891003
0.21122101
-0.12864577
-0.20635344
-0.23300259
-0.44292010
0.17804278
-0.05074956
0.16878782
-0.15045474
-0.05711874
-0.12011932
0.37590607
-0.11219705
-0.38001611
0.07675945
0.10791653
-0.20127828
-0.94719387
0.03547547
1.29382194
-0.21217416
-0.11659145
-0.07003907
0.32157953
0.74977262
0.61785500
0.02818367
0.44154511
-0.51912852
-0.93872164
0.86743032
-0.57029580
-0.20703975
0.98259603
0.45824655
0.66145389
-0.48571266
0.31754479
-0.04168057
-0.78269632
-0.25230216
-1.08645798
0.99716183
-0.21257306
0.12199845
0.69831300
-0.16157391
0.86709066
-0.19370356
-0.00632796
0.08955237
-0.16522117
0.02778978
-0.72230810
-0.75302806
0.33131753
-0.35581802
0.60693643
0.17322932
0.60337673
-0.07152609
-0.65300486
-0.02314993
0.02510516
0.00664687
0.15528987
-0.63895026
0.44463180
0.48622308
-0.34345593
0.73745387
0.07026530
-0.28429388
0.34151389
-0.70969351
0.32695307
0.07857687
-0.63021334
0.49931109
-0.09549045
-1.61821217
0.27990573
0.67585071
0.00697004
0.87264663
-0.34001765
0.15244578
-0.50192540
-0.42601045
-0.07114100
-0.34429707
0.03828688
-0.47561676
-0.33662703
0.06547549
0.32656916
-0.26675995
-0.69747397
0.82804301
-0.79307856
-0.08436849
-0.07392479
-0.17883858
-0.26866810
1.18878359
-0.36219839
0.85586548
-0.06138528
-0.22749707
0.04219360
-0.85464821
0.17931864
0.21340622
-0.51501416
0.43487235
0.48386388
1.57185920
0.25185704
0.44504927
0.14782564
0.08442853
0.06699412
0.41226505
-0.38186058
0.17850798
0.14772088
0.06026851
-0.02983910
-0.17405525
-0.04749643
-0.53453199
-0.36955910
-0.30677783
-0.33422503
-0.33024005
0.19023608
-0.17582824
0.52342429
0.18802180
-0.09961484
-0.42271630
0.39373331
0.06077874
0.39149374
0.00609598
-0.03780906
0.24583738
-0.02992056
-0.31578455
-0.16507344
0.04324177
-0.85442841
0.40860399
0.20359480
-0.26752908
-0.10281752
-0.32471708
0.28683089
0.98816153
0.17324532
-0.20736271
0.61302748
-0.25726115
-1.09680359
-0.01078250
0.48949012
-0.38394839
-0.06283685
-0.65465783
-0.00540343
0.92280317
0.49537204
-0.74618107
-1.18297898
-0.16323978
0.96620806
-0.48641344
0.16966901
0.20210899
0.44547101
-0.24702166
-0.48493097
-0.21436967
-0.10855886
-0.32902379
-0.54825639
-0.62312857
-1.34820407
0.52623341
0.41984728
-0.28445827
-0.65547865
0.06461332
-0.20109337
0.17244062
0.35859501
0.54252346
-0.22503585
0.38846691
0.59696092
0.35626458
-0.42806616
-0.13658674
0.13714831
-0.34786172
-0.05858080
-0.59511994
0.30015548
0.60133709
0.18971265
0.93612144
0.27500456
0.06288099
-0.56747207
0.00502871
0.47462100
0.96659071
0.24222170
-0.31931591
0.43277314
-0.32217483
0.03900274
-1.00142105
-0.34978747
0.61893551
0.22081000
-0.11905272
0.29765010
-0.53646665
1.47901925
0.24484781
-0.10265215
-0.15389562
-0.57999135
0.01349082
0.66372908
0.20090798
-0.54601772
-0.31009947
0.76818645
-0.43922661
0.12500402
0.01561575
-0.47943303
0.81331463
-0.11136238
-0.18134045
0.01673771
0.06128169
0.64254296
-0.15503162
-0.46051746
-0.05140443
-0.24964792
-0.12619458
0.64254134
-0.39138951
0.00004714
0.19448947
0.16815049
0.74228899
0.16831091
0.21606864
-0.38890429
0.67601200
0.09656809
-0.41519088
0.50203583
0.42159918
1.49919769
0.17788077
-0.24881597
-0.58309839
-0.00782336
0.88857243
-0.21097206
0.16790720
-0.14739374
0.10020044
0.63819235
-0.42330787
-0.19884533
0.52643715
0.03754094
0.24178173
0.24041922
0.53702474
0.07133565
-0.37399531
0.09302132
0.64561065
-0.26329416
0.01914122
-0.51405440
-0.40759791
-0.53398329
-0.05975630
-0.27799384
0.02117247
-0.00383090
0.07472401
-0.62729778
-0.16485365
0.63934085
0.27759044
0.65302211
-0.34924064
0.00161589
0.26302169
0.51377903
-0.53290641
-0.71168677
0.73096140
0.22050699
-0.66899246
0.48375506
0.26476679
1.10183550
0.19852107
-0.59963168
0.22514015
-0.31807184
-0.33453496
0.17707215
0.11700425
-0.32487443
-0.13682330
-0.01455926
0.38294339
0.53223062
-0.72022574
0.33412028
0.18982662
0.20992936
-0.34723127
0.21948755
-0.42500299
-0.49289064
0.10109320
0.03849701
0.18678003
0.06532450
-0.60139232
-0.48585113
-0.68195966
-0.13914228
-0.07179733
0.34201219
0.03177890
-0.31247156
0.25408299
0.28699210
-1.31567688
0.15063520
-1.01528154
0.04197402
0.16832546
0.07013005
-0.77971098
-0.43517799
-0.17426445
0.45326734
-0.16361808
0.34322174
0.80026074
-0.21495962
-0.05747693
0.51362836
0.27245010
1.34731458
-0.50974034
-0.46952871
0.21857663
0.16102230
-0.07763333
-0.32726759
0.17054961
0.00951509
0.25242445
-0.01563450
0.18209922
-0.32077353
-0.54648528
-0.03187457
0.26453764
0.73858017
-0.11047599
-0.60999657
-0.65726001
-0.94248011
0.00714757
-0.58586240
0.60429712
0.43809124
0.14717603
-0.12080720
-0.48135777
-0.14685200
-0.28508703
0.14417652
-0.43733461
0.39336076
-0.07362501
0.28502229
-1.21328703
0.06787129
-1.03306446
-0.43378274
-0.55058307
-0.19815378
0.01727022
0.31638990
-0.45531287
-0.23052862
-0.41942554
-0.01722757
-0.79809999
-0.12030044
-0.38797294
-0.75608505
0.73359294
-0.35332303
-0.08814298
-0.06607098
-0.70125431
-0.15991822
1.08831964
-0.17456670
0.09620173
0.88080162
-0.80012567
-0.48029078
-0.44169202
-0.53987321
0.12738578
0.49985331
-0.45198288
-0.95810619
-0.01323709
-0.03093969
-0.65955485
0.77575135
-0.72102961
-0.39251686
-0.05533824
-0.01228673
-0.37288821
-0.67767083
-0.64624256
0.19388750
0.43213016
0.47853064
0.09377378
-0.53859037
-0.13414968
0.47654301
0.56779378
-0.44238209
-0.17523891
-0.67638183
-0.23685220
-0.46468841
-0.45585669
-0.30835952
0.11480757
0.13147177
0.15524918
-0.30502280
0.51775583
0.25227234
0.26105221
-0.32560346
0.55174945
-0.14871746
0.01888267
0.39617932
-0.64306002
0.72313637
-0.74126072
-0.10857689
0.43485829
0.38481457
0.92283164
-0.64356349
0.03640064
0.15435464
0.07056866
-0.44993558
-0.88394035
-0.13912357
1.14905932
-0.60775704
0.30197820
0.73733694
0.47672659
0.12834669
0.21720677
0.40313841
-0.25221432
0.10135431
-0.31712475
0.18438612
-0.61358531
0.31942693
0.03972396
0.42634028
0.58725905
0.03435805
0.08072539
-0.51696581
0.04597579
-0.28501548
-0.01674657
-1.17308134
-0.38122920
-0.18220625
-0.30550199
0.11034175
-0.43530903
-0.16001544
-0.22469108
1.34056507
0.02116587
0.47623328
0.35033850
-0.14996314
-0.51661834
0.05435045
0.37797759
0.32565174
-0.61920792
0.31564519
-0.21369323
0.03128210
-0.37286047
-0.38262861
0.77078715
-0.34701881
0.87298115
0.49512514
1.07753914
0.50925103
0.00680376
-0.46977141
0.10749192
1.34184195
-0.07685652
-0.42700206
0.67796925
0.36702869
-0.26491941
-0.48797810
-0.13753586
0.80326149
0.37127346
0.75817258
0.40929105
-0.10554049
0.32652574
-0.73578230
0.48495356
-0.37173863
1.02962807
-0.39014712
0.03511365
-0.02586375
0.13977622
-0.61452671
-0.08137406
-0.27585025
0.22074993
0.28834453
-0.73023461
0.15865601
-0.34736458
0.54901853
0.24104743
0.27830298
0.11754232
-0.19714582
-0.58052156
0.40696242
-0.70404536
0.45356133
-0.70167326
-0.72587350
0.41676696
-0.63703209
0.28203147
-0.04660264
0.15271923
-0.42744356
-0.42851295
-0.02191197
0.69703160
-0.26316539
-0.08372555
-0.19811826
-0.25429177
-0.24199681
-0.80084679
-1.33377806
-0.06689104
-0.05919425
-0.98697595
-0.88205667
-0.46797203
0.14942225
-0.13185785
0.05593001
0.31975377
-0.08399773
-0.56175378
-0.80612944
0.43148193
0.47865532
-0.19090600
-0.35645258
0.47744432
-0.26179575
-0.13103264
0.15669672
0.55472719
0.39279756
0.54969885
0.15144683
0.12856607
-0.10620434
0.59635328
0.85979463
-0.51609135
0.04923920
-0.04519777
0.76645306
-0.05382122
-0.17552694
-0.55293947
0.23242620
0.01279893
0.69647572
0.03465948
-0.09125713
-0.63319965
-0.26048781
-0.40524539
-0.76565180
-0.73338898
-0.65101417
-0.59389533
0.31262858
0.17917183
-0.65636031
-0.34465810
-0.06983322
-0.02007824
-0.16989215
0.44065885
-0.37899935
-1.53890986
0.24497617
-0.36807341
0.08161079
-0.80212397
0.49449258
0.36011277
-0.39360566
0.53057580
-0.11944493
0.20506904
-0.13730289
-0.11316012
0.21273438
0.73504407
0.60003984
-0.51482713
0.71512029
-0.13091189
-0.66140591
-0.39773088
0.45893467
0.46377874
0.42623118
-0.04868292
0.80498782
0.49209703
-0.40879050
-0.75814163
-0.60717298
-0.07889649
0.56573447
0.42334715
0.02810870
0.73112542
0.11465602
0.29417172
0.22246041
0.17413387
-0.18990287
0.64119510
0.31720318
-0.04228572
-1.16273394
-0.27697080
0.09043437
-0.23885010
0.04169096
-0.15492658
-0.73707359
0.28875849
0.02749595
-0.09258666
-0.94098390
-0.29854068
-0.23761864
0.33170746
0.23712811
0.57382852
-0.22826301
-0.07657898
-0.65987770
-0.16389263
0.46246175
0.18189602
-0.28162256
0.37967105
-0.38518755
0.73796536
0.76303457
-0.08966201
-0.20817573
-0.20632030
0.04679119
0.43682444
-0.04166997
0.36122610
-0.22764684
0.28779663
-0.82088847
0.21408937
0.38362493
0.73056828
-0.20033345
0.44710994
-0.37351741
0.52666396
0.52740768
-0.11672629
0.36455102
-0.42535188
0.30736485
0.02409468
0.41701556
0.16860428
-0.58543936
0.38488431
-0.08881157
0.62075496
-1.09703534
0.21092390
-0.23549465
-0.42811401
-0.13580062
0.58519134
-0.30301628
0.41570900
-0.00240339
0.85344993
-0.46325592
-0.26125221
-0.58784200
0.53042413
-0.33361491
-0.99151224
-0.03722297
0.76033523
-0.10754444
-0.08244333
-0.47923797
-0.45978532
0.14546318
0.70672754
-0.89114708
-0.13052045
-0.65142483
0.95289064
-0.33938334
0.89399561
-0.42699146
-0.76606447
0.32322848
0.69815070
-0.04309938
-0.63613078
-0.19636158
1.14421090
0.12635589
0.96895933
0.20970202
0.21562583
0.25375255
-0.71950574
-0.64074812
-0.21254035
0.09985076
-0.31284745
0.00189781
-0.11469196
0.77504542
-0.23921750
0.43396969
-0.87965819
0.15319207
0.54757401
-0.18055578
-0.14631141
0.02497422
-0.26526537
0.87175800
0.07103073
0.19633205
0.09003779
-0.51407950
-0.26188750
-0.17948019
0.66108540
-0.70601282
0.43122800
0.25567085
-0.11894012
-0.02797201
0.88022766
-0.05665796
0.57606754
0.45949064
0.40774838
0.50782482
0.63661386
-0.26715878
-0.68475811
-0.55281611
-0.01404046
0.56564986
-0.16705956
0.53025615
-1.59726532
-0.10828116
0.91648916
-0.07690461
-0.44237766
0.36890093
-0.71804754
-0.64217274
0.10900781
-0.35081612
-0.67914005
0.17378034
0.83952294
-0.32267541
-0.72416550
0.63635992
-0.21728341
0.39677425
0.47006498
-0.75075983
0.64145594
0.38849924
-0.40496043
0.23543954
-0.09867411
-0.20752649
0.04160141
-0.21931153
0.71402198
-0.06733587
0.72024787
0.03390014
0.20266894
0.35870304
-0.72197085
-0.29157712
-0.38015974
0.00947981
-0.43679857
-0.16150769
-0.33303345
-0.90510279
-0.81585360
-0.97417579
0.35179943
-0.10602546
0.25115376
0.07514759
0.16177799
-0.50526924
-0.48427776
-0.30141019
-0.13245114
0.76437814
0.01645222
-0.02989942
0.27180987
-0.14435977
-0.02045288
0.29693107
0.40562685
0.55934883
-0.39091533
-0.72509444
0.32216591
0.65984698
-0.37180201
0.62868739
0.35993307
-0.27972189
-0.05439182
0.12543556
0.06978484
0.56760559
0.01105869
-0.21363089
-0.42560178
-0.39431911
-0.49201982
0.44173392
-0.18147093
0.04212266
-0.84857649
0.45971569
-0.14132374
0.26474856
0.25993891
-0.98166274
-0.61231135
-0.19024874
0.69163534
0.76941148
-0.35525995
-0.33683580
-0.29000560
-0.20577064
-0.91429444
0.76799995
-0.76313988
-0.38738730
-0.16805739
-0.42139458
-0.09724448
0.27529330
-0.06715525
0.13746556
-0.05070500
0.21818168
0.42220121
-0.12205607
0.03002703
0.08672666
0.19465510
0.26808055
0.21798533
-0.10297005
-0.28002081
-0.22823468
0.34442765
0.28660697
0.64657998
0.50297472
0.33288823
1.08117973
-0.39417876
-0.17167127
0.35999800
0.77186770
0.03611828
0.27795229
0.25618823
0.60338735
-0.10737059
0.06882385
-0.20047132
-0.76340287
0.04146308
0.12642547
-0.30721470
-0.41963811
0.64783556
0.56656067
0.19800418
-0.04656151
0.05094688
0.01128901
0.73945012
0.41848866
0.01110465
0.53079274
-0.10226343
-0.08080017
-0.19570906
-0.38267804
0.34434566
0.15253577
-0.09170840
-0.41076026
0.19880212
-0.41977530
-0.34414132
-1.11483383
-0.73115681
-0.21085436
-0.37032394
-0.38355279
-0.14687493
-0.71351703
-0.80502995
-0.63707874
-0.20583897
-0.09493540
-0.07937004
0.17266490
-0.20573783
0.07702709
-0.11883591
-1.23455591
-0.59836697
-0.34473111
-0.21003700
-0.07427059
-0.21651927
0.26403634
-0.47534229
0.75251054
0.62600362
-0.05412586
-0.59966773
0.01093041
0.92595909
-0.23821228
0.68127888
0.38054156
0.43060082
0.89845093
0.42584378
0.11339494
0.43549213
-0.06638176
0.61131652
0.08570249
-0.70754006
0.13983535
-0.37193137
0.40289592
0.35464675
0.28030673
-0.38476131
0.50419340
0.56712065
-0.84900111
-0.61933207
-0.40381569
-0.18548295
0.22810159
-1.04094513
-0.89224021
0.11429374
-0.03100975
0.09021349
0.27915972
-0.12691309
0.06823225
0.13597369
-0.00694832
-0.19034881
-1.05895163
-0.03421419
0.01449820
-0.41080878
0.79416552
0.90724913
-0.94206721
-0.26950886
-0.25200839
0.32712944
0.13137561
0.08464415
0.64581112
-0.18403487
0.25762368
-0.23094332
0.44714210
0.03025198
-0.23419957
-0.03589050
-0.05078439
-0.52497272
-0.13446948
-0.19675535
-0.39452747
-0.16307497
0.46896422
-0.22001233
-1.21144373
0.35159675
-0.10780145
-0.76631111
0.44488179
-0.47073041
-0.36793246
0.27070701
-0.28363047
-0.88331011
-0.23508292
-0.58455828
0.23167829
0.00695611
0.18040971
0.31784027
-0.44961440
-0.09032675
0.51258353
0.70192957
0.41914494
0.70291509
0.58358405
0.02258435
-0.20979438
0.82440259
-0.36274555
-0.25966040
0.22826363
0.11175547
0.18118452
-0.67116380
-0.46215318
-0.38381569
0.24699627
-0.65162199
0.82696277
-0.82142542
-0.25738829
0.01758379
-0.14535361
-0.12082681
0.25552780
0.22908010
0.50433804
-0.38217508
-0.74169914
-0.49308868
0.91249481
-0.32194874
-0.54118769
-0.01714810
-0.24229316
0.62148077
-0.44580284
1.16138332
-1.52095836
0.87910640
0.06384826
0.14479776
0.04029790
-0.01654577
-0.65987532
-0.21427062
0.08326097
-0.13961813
-0.15255551
0.10634087
0.05871594
0.25313785
-0.54839362
-0.02872316
-0.23575319
0.52682185
0.00179654
0.19373625
0.56978558
-0.01922561
0.63964448
1.24883105
0.15257812
-0.12373084
0.83728696
-0.99728907
-0.11757836
0.11154259
-0.14904557
-0.21939771
0.06119411
-0.43100807
-0.44088200
0.42853569
0.41849567
-0.86570254
0.24913639
0.45172683
0.48787638
0.56399049
0.13604737
0.25196895
-0.44099129
0.12705037
-0.79108909
0.08583391
-0.86693904
-0.40546369
-0.26669690
0.99526942
-0.13169682
0.34067308
0.47748350
-0.13113852
0.00914010
-0.06542042
0.05745705
-0.74572477
-0.15711957
-0.38653497
-0.29591938
0.23117584
0.49640983
0.04058714
-0.72645642
-0.11166891
0.17041152
-0.20819925
-0.94320014
0.03762076
0.21004728
0.47171256
0.30594188
-0.40147039
0.01045253
0.17577689
0.06936538
0.15627165
-0.45352175
-0.32954957
0.89045200
0.61248103
-0.39277126
0.74473526
-0.54023323
0.10282451
-0.16683895
0.32201658
0.46129074
0.24785634
0.10503047
-0.29305140
0.62180161
0.50992632
0.38815870
-0.82612217
-0.14376822
0.33910193
0.22316349
0.12437940
0.53069641
0.11718381
-0.62390361
1.10901589
0.02007265
0.01749936
0.36396950
1.40049740
0.94684935
-0.47221896
-0.45500452
0.72826745
-0.05337676
-0.05406316
-0.13008323
-0.15456953
-1.03347026
-0.05978795
