-1.75351712
0.18055997
-1.16569896
-0.06541278
0.00084695
0.12092527
-0.02274824
1.31021660
-1.56742519
-0.92853879
1.77788504
-0.79542844
-0.12620463
-0.83413888
-1.73480391
1.17480638
-0.52859159
-0.71450155
-0.76363403
-0.50950736
0.72018027
0.37813189
2.05346076
-0.80609601
1.84142686
1.73625739
0.14042766
-0.89557175
0.91929379
1.31737143
-0.22323056
-2.01053384
0.72858498
-1.93191077
2.35979661
0.38759153
-0.87659307
0.03524519
2.51922851
-2.84212841
1.14782586
-2.75264925
0.09074200
-0.48665596
-0.22343460
-0.09961012
1.55589308
1.27765669
0.20820071
0.38487956
1.22846446
-0.34511801
0.76698082
-0.51488516
0.51776336
-2.02978695
-2.99945384
1.35422836
0.38379059
1.31296175
-0.08311096
1.88426183
-1.21194653
1.44750187
1.38810398
-1.85386115
-1.06727785
0.77538259
-0.55332915
1.97939032
-2.34166504
-0.41620526
1.30625635
-0.19248862
-0.11573943
0.77167931
0.28699604
-1.00934984
-0.49968786
0.86139607
4.22087291
-0.20593229
-1.47201029
-0.66388989
1.55842267
1.55659402
0.61005029
2.79114093
-2.35325193
-0.74138269
0.05751958
-0.75448617
1.46812049
-0.46180484
-0.18733528
1.55031345
-1.36125391
0.50045873
1.03971454
2.25115948
0.11386675
-1.32890255
0.80615326
0.25696821
2.64127239
2.90937324
0.03603434
-0.89483509
-1.35874489
0.29260955
0.75735141
-0.46052455
0.17003688
2.52955185
-0.57497004
-1.49397428
1.98163971
-0.29168541
-0.98294762
-0.01474647
0.56212162
-1.84789423
0.87686601
-0.24138258
1.85577931
2.67162884
-0.24231213
-0.23807488
0.48180655
-1.59602453
0.44169137
0.73139499
-2.18816668
-1.25045922
-1.07911118
-1.63755256
1.15905797
0.73689596
-0.16672393
-0.80171470
0.81013241
0.88929311
0.96991745
2.78573320
1.11191672
-0.58443984
0.84149454
0.79604623
0.29434158
-0.75704958
2.50417963
0.04339324
-0.62201587
0.77469566
-0.45357971
-1.12644635
2.15506310
-0.14977398
0.39021200
0.18973846
0.27891542
1.67211319
-1.26776638
-1.96310443
-0.48522050
1.51141696
1.45545564
-1.68214697
0.44057282
-0.62814177
-1.41107160
0.90316446
-0.30389514
1.51290505
2.11899891
-1.62927414
1.08971084
-0.14166152
0.85290899
1.02924475
0.02777443
1.12529279
-0.22350097
1.36096334
-0.93821546
-0.74350381
0.73807319
1.30850125
1.25987558
1.51872622
0.53379141
2.16752892
0.50265293
1.37820532
-0.06721554
-0.65030531
-1.41985230
0.98157191
1.18880076
0.29698414
-0.52419040
-0.19532792
0.50541920
0.32130359
0.14874690
-0.23627325
3.98478463
-2.33854747
-0.18739260
-0.54170522
-0.46629382
-0.41732805
1.26799578
-0.03008017
0.01460229
-0.27524089
-0.84632546
0.02141677
0.37142072
-0.49434013
-0.31894061
2.16319297
-0.09599268
1.03351692
1.11712386
-0.41736972
0.62550113
-1.47026336
2.05058144
1.78139338
1.15556392
0.46735045
-1.13249560
3.49001365
1.87903377
0.45361622
-1.30773459
0.11287010
-0.01261877
-1.83501794
1.27994541
0.92174285
-0.17548882
-1.59696406
-0.96549196
-0.81782744
1.63545095
1.80022032
0.22431049
1.66920072
-0.67971457
-0.72669262
-0.64381719
-1.60357513
1.51081314
-0.53956625
-0.69410135
-0.30880496
1.26171224
0.91607877
0.11713103
-1.08121358
-0.61512970
-0.62740701
-1.43369329
-0.08563811
0.84065574
-1.21995820
-1.32855804
0.20467468
1.22649403
-1.24077830
-1.07397887
-0.79635586
0.99875852
1.16474904
1.39887772
-1.27981213
-0.59359574
1.65835624
-0.94144936
-3.25760421
-0.31874925
-0.40799787
1.53799081
0.91893467
-0.35330498
-1.82686053
-1.10082918
1.39088365
-0.78727777
2.36327923
-0.92551777
-0.65633004
0.18728666
0.32115481
0.14363355
-0.21556291
-0.44301741
-1.81181895
1.71274579
1.99179725
-0.94561587
-2.49665673
-2.20652954
-0.84867840
0.06976245
-0.47779253
1.29713912
1.27733338
-0.03898420
2.38426994
1.88945890
1.51506965
0.60368250
-0.04969884
-0.04337523
-0.76757975
-0.83394688
1.04902832
-1.59737999
-0.72885925
-0.68942521
0.68443331
0.53005735
1.40356164
0.44148179
1.14574047
1.11807660
-0.65322725
-2.56776178
-1.70303639
-0.32971801
-0.71223494
-0.82461817
0.42248962
-1.07710930
0.34315446
-1.56392423
-2.55150652
2.44848504
-1.77599808
1.76534099
1.61655644
-0.07029744
-1.11958483
-0.29229133
0.15755014
-0.46326944
0.90648209
-0.50129892
-0.30209723
-0.91731194
-1.04148248
1.18822054
1.43731422
1.46044315
-0.34983759
-0.84380367
0.69787446
2.64674368
-1.58376196
-0.86867962
0.71387199
1.52804699
-0.13162654
2.19509015
-1.07573031
0.46615605
-1.23622715
1.62209176
-1.11540450
0.78187477
0.85433311
0.63091264
-0.74381376
0.46947997
0.19415256
-0.17291371
0.71911871
-0.22583523
1.18687834
-0.10041951
-0.26274369
-0.99345399
1.30801009
-1.52670223
0.62078691
0.61735965
2.10011118
0.06731292
0.62059569
-0.68556616
0.68045511
0.07652454
2.07856782
-1.05596498
-0.28978480
1.55248207
-0.09346086
-0.57058667
1.34497345
-1.59597616
1.61023931
0.51962381
1.69797091
-1.35288274
1.07733766
-1.86911893
-0.27683556
0.89441479
-0.09981880
-0.42511671
0.06881397
-1.02761236
-0.75615693
-0.20833845
-1.13099887
-0.71507523
0.11747403
0.61486197
-2.67497310
-1.15682456
0.05305855
-0.76780975
-0.19321793
-0.54303874
-0.44052515
0.57278613
-0.85596862
-1.79885413
-0.08096626
0.52519819
0.90807232
0.41253421
-0.06605705
0.71137205
-0.42093641
-0.55409316
2.41194359
-0.34721975
2.03224244
0.54909988
0.69405464
0.71586187
-1.03061284
0.75145824
-0.95718109
1.02269394
-2.18759076
-1.28550537
1.13321396
-0.14133143
0.35470209
0.77465267
1.70827543
1.57860654
-0.69451935
-1.04267819
0.70564971
2.79828603
0.67206326
-2.26655973
-0.94800388
2.06879995
1.42022748
-0.74901175
-0.01870578
0.40770086
0.80918165
0.40818898
0.08913803
1.76319439
1.08217686
0.43096346
1.20695881
-1.72468190
3.00788762
1.24010161
-1.59170156
-1.02989979
1.60121750
0.61755867
1.37788637
1.05131144
-1.81615479
0.06415199
2.20860092
-0.52503564
-0.36625664
0.28496256
0.58274453
-0.16810976
-0.56101214
-0.25547542
-0.66089418
-0.68153639
0.19946348
-2.34510235
-0.35638474
1.26815644
0.94143479
-0.17679694
0.03298654
-0.08420163
-0.08622801
-2.52674214
-2.10372525
-0.47616287
-0.34591046
-0.54199848
-0.94786580
1.05596907
1.12472772
1.14252318
-1.09173613
0.50353530
-0.83749243
-1.33603507
0.30794745
-3.04452445
2.09972728
-0.39319689
0.36954445
-0.15382982
-0.75345228
-0.41017349
-0.42535055
0.74452460
1.25363243
-0.50979394
-0.25393911
0.52826551
0.08509058
-0.37877858
-0.85394102
0.22366669
1.28988564
-0.09765939
0.38603080
2.18028942
0.32211580
0.57167271
0.37752279
0.40042477
0.15262637
0.40563081
0.31874731
1.01518662
1.24240384
0.66358252
-0.57978150
-0.82242370
-0.75686277
0.01364243
-0.35899110
-1.81257725
2.33347607
0.96769066
-0.32087050
-1.33211511
2.20488567
0.42273666
2.22801465
0.56478487
-0.75659185
-1.53897321
1.14427670
1.53117796
-0.52724792
-3.40309836
0.74342794
1.28594510
-1.07773257
1.74425348
-0.74388136
0.33262994
1.05880110
0.41832107
1.28681366
0.04900039
0.42674394
-0.69296639
1.46269175
0.86226115
-0.13315121
0.07801971
0.30368930
1.61483529
0.74089277
0.20393943
2.16561981
1.35316515
-0.12745793
1.24740135
-1.74354178
0.71877648
0.68600401
-1.57136412
-0.30496880
-1.10286332
-2.94094467
-0.15636103
0.93577326
0.38906758
-1.42486934
-1.16605659
-0.47815047
0.01826170
-1.43372722
1.25353623
-0.29343312
-0.00459234
-1.50926565
-0.27441164
-1.35817940
0.64765134
1.19413024
0.16263546
1.24715053
0.74086210
-0.42973608
0.85698975
-0.58047316
-0.33122983
0.04424816
0.90264021
0.86181599
-0.73167107
-2.73968786
0.44042933
1.69337653
-1.39209410
-0.82969697
0.35001768
-0.69188107
-0.47551196
1.90927819
0.32954217
0.84386723
0.55729516
0.56212641
-0.47985738
-0.57836865
0.31486701
1.11156232
2.12436565
-0.86726749
1.47049309
-1.27405470
-0.28384370
-0.20584015
-0.95860408
0.74060989
0.56561840
0.93226410
0.36517688
0.22958521
0.35351350
0.20116741
0.11002594
0.94538169
-2.57967143
-3.10409921
-0.19812204
-0.39496847
-0.63104845
-2.78979165
0.49195827
-0.48246264
0.14727699
1.89130305
-0.41661821
-1.10589433
0.79141852
0.35042834
-0.69947164
1.94584753
1.31626855
0.34647534
-0.65437920
1.49646273
-2.05104581
1.20983355
-0.52160262
0.43423816
-0.30015783
-0.33118281
0.29830320
0.51824916
-0.58763421
0.00497075
0.73617116
1.85965180
-2.45972530
-0.78955525
0.68105884
-0.77191117
-1.35328140
-1.60866257
0.10753211
0.56668592
-1.23550039
-1.60370705
-0.51702919
-0.28235092
-0.26534682
-2.28894799
1.12350503
1.64559435
-0.43958016
-2.36725482
1.05482364
-2.74147952
-1.50891993
-0.59238831
0.00500369
-1.16031670
-0.03404210
-0.98153392
-1.70255527
0.40241597
0.72788712
0.54732697
0.03335090
-2.05668303
-1.03516984
-0.76947855
-0.48988088
0.43613899
-0.47316177
-0.46849094
0.45305682
-0.79376908
0.41531204
-0.48270207
0.56824373
-1.60468201
0.87178782
-0.19346446
2.18276669
0.26381787
0.71315727
1.59973064
-0.65888278
-1.97095904
0.16361049
-0.91427497
-0.43805986
0.60995657
2.58543693
-1.15430342
1.11420814
-0.89728846
0.75902114
0.04538366
0.87225325
1.67996730
1.42522306
0.54091915
2.17866803
1.52708204
0.12562559
-0.14341088
0.21158785
-0.73181368
-0.43103753
0.19339996
-0.36778446
0.03217112
0.40183603
1.74765953
-0.71920163
1.07546100
1.27716823
0.85267815
-1.13042242
-0.35786622
-2.30172720
1.08625198
-2.66469599
0.66459212
1.93224927
-0.88238539
0.05977181
-0.06064829
1.70450645
0.46545449
-0.75606548
1.33970735
2.42974307
0.36181988
0.83392470
-0.88800194
-0.42479063
1.18841024
1.96610809
-1.96833110
-0.57015437
0.29010798
-0.17363493
0.59605695
-0.54804662
-0.14386151
0.40943677
-0.41155376
2.65572943
-0.77239306
0.29508464
-0.11572801
-0.06074661
-0.54962929
-0.00085822
-0.04356147
0.57712826
0.06305170
1.10203896
1.30083307
-1.04286233
-0.42747304
-2.20312017
-0.87712040
-0.19155859
0.09377197
0.48786817
-0.62854959
0.19374131
-1.57405528
-1.37959118
-1.41618735
-0.58584509
1.03936055
0.64091969
-2.24797494
1.40491770
0.37287856
0.27161956
0.10192538
-0.92770058
-0.64236346
-0.39065459
-0.02402709
0.71120914
0.54886219
0.31674942
1.47915338
-0.83882342
0.36861346
0.60963926
2.80777206
0.72319576
-1.14109932
0.70320268
-2.57307788
0.37541176
0.35611063
0.39975652
-0.07685491
1.63325309
1.30207992
0.83287957
-0.29965688
-0.42895254
1.51448724
0.45562882
0.49905849
-1.54317216
1.75622204
-0.38129630
1.07062031
1.00754114
-1.61071008
0.47904257
-1.34756308
-0.74082450
0.52667281
-0.07769879
-0.54185333
0.74842016
1.56029506
1.35841633
1.12523900
-0.34894409
-0.12514241
0.27563124
-1.01010466
0.81601731
0.39954755
1.13167986
1.08747899
-1.10876951
-0.94927790
2.11247156
2.00135385
-0.40179041
-2.64987278
-1.56882623
-2.15631537
0.34550229
0.62665323
-0.83539139
0.06479267
0.08886623
-0.46484432
-0.94534091
-0.37946026
0.09382855
-1.40919135
1.64192283
0.08429700
-1.32175716
1.93164193
0.30151915
-1.70055068
0.10625870
-0.88927039
-0.45793558
-0.55832393
0.91079175
-1.65780671
3.14182384
-1.23085602
0.18123027
-1.60385032
2.14063025
-0.03304591
-0.27506254
-0.56935512
-1.20008847
-1.75968093
-1.34373194
-1.25800598
2.17199167
-0.17830575
-2.03953152
-1.29097847
0.66452959
0.87427893
-0.60317665
-1.61090833
-0.05762483
0.94183838
0.19172701
-1.18488495
-0.39928285
-0.77238988
0.51665594
2.23538054
-2.06778862
-1.22787155
-2.15218353
0.19901205
-1.37566346
-0.31223499
1.22737661
0.39012069
-0.16810649
-0.88582179
1.95000465
1.69422611
1.48307124
-1.42763726
0.99374168
2.96664105
1.87533797
2.17502177
-0.43749917
0.77097251
1.24308738
0.42756906
-0.56433852
-0.29627775
0.55939515
-0.58658069
-0.18489730
-2.19758994
0.96428675
1.70510734
-0.11505445
-1.71495256
-2.13577948
-2.74013941
-3.27220062
0.57748484
-0.04607524
-0.77057943
0.25894263
-2.75200434
-3.10077324
-0.87661898
-1.91314466
0.96921415
-0.02419439
-1.62826825
-0.94888141
0.42216823
1.47362680
-0.01107309
-1.27017010
1.49783629
0.72885749
-1.61293280
1.07798418
-1.91802313
0.24478826
2.10476686
1.88544551
1.20098627
-0.36192511
0.14936174
0.28915511
0.48022068
-0.97026709
0.85130256
-1.26011200
0.21007849
3.65935813
-1.58029455
-1.06735997
-0.91173204
-2.42661116
-0.34688071
0.20413096
2.33086643
1.69810244
1.70284243
1.31516628
-1.85085009
1.77678400
-0.27913682
0.01718161
0.46333371
-0.11232839
-0.16867632
-0.12909194
-0.72145571
-0.53322946
-0.15677053
-0.57037331
-0.22358704
2.43095110
-1.66190425
-0.64245237
-0.91493841
0.59924342
-0.11903891
0.35298743
1.64821506
1.45243180
-0.08145979
-1.37327213
0.62503345
1.01520716
1.15369082
0.09097963
-0.65497647
-0.40097960
-1.83030995
2.44312831
0.43674579
0.26611918
1.12447211
1.19200453
-0.95879609
1.83646450
-0.88447188
1.04251739
0.67541840
-1.18426971
-2.23066243
-0.50185201
0.90087495
0.63524525
1.21610729
-2.30855750
1.81360447
-2.42003562
1.05803958
-1.12778055
0.54739609
0.28607929
0.45707689
1.07942340
-0.52358535
0.09588379
0.05102276
-0.23149922
-1.38560861
-2.28613390
-1.38262135
-0.57428216
-0.05764882
0.09024354
-0.50443123
-0.50271788
-0.44813238
-1.02445129
1.26628761
0.40096816
-1.37013333
1.20581927
-1.02612859
-0.84864960
-0.92039359
-0.84494986
1.79672772
-0.01988562
0.53446405
0.08535476
-0.00321253
1.44796616
-0.68465264
2.03695091
1.14455355
-0.56151154
-0.75292904
-1.89262346
-0.41077328
1.27712373
-0.01580554
1.45006368
0.18774174
-0.39856149
1.38699537
0.43541050
-2.42764155
0.49528265
-0.83732165
-0.01257031
-2.62696329
1.23945770
0.34108094
-0.36563192
0.75428787
-1.04472802
-1.43684661
-0.61658078
0.31711293
1.15070636
-1.45127372
0.57223781
-0.90834509
-0.12644505
-0.23742087
-0.21381822
0.73270494
-2.10596044
-0.90546081
0.19363193
1.35762500
-2.53083174
-0.67581747
0.35089131
-2.83201283
-0.56296542
-1.17677580
-0.95897536
-0.37354251
-1.65604810
-1.03692406
1.57794384
-0.40253047
1.96866164
0.79385274
0.82162875
-0.64089355
-0.66349430
-1.79980133
-0.09971659
-1.23508564
-1.37979459
1.04067054
-0.35308065
-0.37942334
1.75518714
0.66153850
-1.26676797
-1.59222764
1.51509706
0.79652360
0.05130189
1.22195087
0.67928984
0.81246174
-0.19648882
-1.00982066
0.02617415
0.04731445
1.01725343
1.84118226
-1.44666914
1.70542621
-3.02369673
0.14279550
1.02361900
2.95090450
2.03212426
-0.84134992
0.42436800
-0.32731554
-2.14522445
0.19333869
1.59271546
1.92406153
-0.15050038
0.45158634
2.65390729
-0.31503553
0.38920677
-1.17537355
0.62983434
1.47054289
0.58123515
0.03116824
-1.32664139
-0.79003133
-0.35978528
-0.99099396
0.09947769
-1.04452505
-0.85034614
0.77026574
-1.94462835
0.53718458
1.06586574
1.38400380
1.85547844
-1.47892395
1.37750362
-0.30064756
-0.06511530
1.82223275
-0.70934346
0.01828740
0.38282099
-0.60890681
-0.10074074
0.17571214
-1.08509086
-0.50723649
-1.14086136
0.74126345
1.10557053
-1.22274158
-0.90866868
0.06964879
1.46714836
1.63168625
-0.06716107
0.47492420
0.10310565
-0.53817713
-1.12535568
-0.93202181
0.13329545
1.14340992
1.47496913
1.10051495
-0.17761030
0.50596673
-0.42634848
-3.19426761
-0.42843066
1.23526010
-1.68805606
1.04635824
1.33654746
-2.02052993
-0.77018161
0.10684788
0.70883137
-0.93302054
-0.03124644
-0.66389130
-1.87966654
0.15006285
-0.11408758
-1.19420077
0.50966065
-0.58787773
1.02232114
-1.11882124
0.22794126
-0.23412411
-3.38160145
0.31834302
0.07759043
-0.66251895
-0.21597180
-2.20151495
-0.21712268
-0.33467204
0.89246676
1.72873916
-0.90216088
0.60993260
-0.97099779
0.48819833
-0.16124559
-0.11880715
-1.19422173
-0.19355309
0.76118370
-1.33021872
-0.58424244
0.20201420
1.92945108
-2.53481075
-1.79107537
-1.00544856
2.01269295
0.75304746
-1.16317799
-1.54574871
3.02736545
-1.04385262
1.01505282
1.43613607
0.68180795
-1.82067994
-0.87745652
0.44424805
-0.32256335
2.06089749
0.29741446
1.51444416
-0.31715829
1.15579134
-0.63134858
-0.02646291
-1.98408578
-1.53253959
-0.24057601
0.08826113
-0.28754240
0.30194499
0.01091621
-1.61070414
-0.84561435
-1.84809528
-1.65683374
-0.77593569
-2.46245483
0.79792890
-1.07145499
-1.38730505
-2.05166798
-0.85878012
-0.92040830
-1.28015511
-0.32250439
-0.35686115
2.41854546
-1.51806181
2.61806302
-0.33547704
-1.34120870
0.55900642
0.25170091
1.28548099
-1.00550486
-0.26020019
0.11117447
-3.03432082
0.13701958
-0.45383965
1.10865075
0.27662574
-1.39708065
2.09186572
-0.55679415
-0.31966973
2.57918927
0.88771039
0.46281194
0.56545060
1.18248122
-0.54241403
0.68301675
-1.21587956
1.09431702
-0.10569815
-0.46749414
1.25092514
-0.04730392
0.77283502
1.63004298
-0.78472961
1.32607999
-0.72545199
0.28382496
4.19898034
0.20698744
0.29015185
0.69871324
0.20704516
1.05216089
0.28020778
-0.86668607
0.25845827
1.40915979
-0.99391504
0.12885643
-0.01096251
1.05126976
0.57780778
-1.11625070
-0.49491147
-0.73143278
1.78635487
-2.13672277
-0.25199168
2.47612562
1.52936060
-1.24440536
-0.62544139
0.08657742
0.64435585
0.19131730
-0.29854352
-0.05453711
-2.32267910
-0.25512335
-1.00058529
-0.59540434
-1.04307791
-0.94839217
-0.40883624
-0.01711474
-0.07543597
-0.98830610
-0.49406367
-1.55768882
0.99951617
-0.72843997
0.44981113
-0.09472756
1.27724623
-1.06753861
0.77102504
-0.78027806
-0.50583551
-1.13616925
1.10027513
1.96684635
-2.59904731
-0.04069017
0.76077560
-1.54639099
2.32430724
-0.03241140
0.59190279
-1.34916878
-0.51210376
0.10606293
1.07916596
-1.21920393
-0.76023765
0.98378748
-2.33342779
1.12226946
-0.59668936
-0.84597773
1.44894492
1.12040576
-0.88347811
-0.86040576
-0.05158965
-0.47613771
0.58818791
0.56629744
-0.47811360
2.59852675
0.01184983
2.94844645
-0.47806554
0.67886204
0.28006579
0.42322250
-0.34793874
0.84972313
0.26319319
0.43071435
2.31836775
-2.69232064
1.32057914
1.34968015
0.57500950
0.07219631
-1.40983142
0.22309340
-0.61648942
-0.89054462
-1.50731244
0.59198114
-1.10911117
1.31575632
0.25506825
0.71698340
0.23954695
-0.25695989
-2.20297599
0.40829216
0.22269464
0.74242583
-2.73841517
-2.16429798
-1.58911614
0.22449904
-0.89695622
0.20615401
1.74571422
1.51148217
2.77574474
-1.02381406
0.18344245
0.55054901
-0.08933912
0.13954642
-0.55024414
-0.63535236
2.67956869
1.18298767
-0.66015413
0.17793370
1.52406851
-0.76959457
2.75558579
0.40106787
-1.28184988
-0.19915155
0.52827689
0.01999553
2.16985857
1.19301430
-0.40576507
0.84834716
-0.82824232
-0.71866569
-0.01209669
0.67854458
0.27616681
-0.07516475
0.05309717
-0.12636278
2.94664668
-1.04316759
1.21435071
0.99110505
-1.17207036
-0.48767252
-0.51915039
3.01164932
-1.28511044
-1.22311150
0.32662323
-1.17483231
-0.37922353
-0.48335068
-0.96937766
-2.31692497
-2.26839213
-0.62582831
0.32214084
-0.51755466
0.18013942
0.49226623
-1.70463921
-1.44790958
-0.90618574
-1.75411907
-3.09669794
0.30552324
0.02954681
-0.79256726
1.10438350
-1.59855506
1.02079284
-0.51938456
-1.28290799
0.98687985
-2.10674027
0.27136547
1.31480520
0.43388537
-0.64441419
-0.04920250
0.09558903
-0.29071353
-0.07804687
0.07353785
-1.07634381
2.40786059
2.16220934
0.97389906
-1.95934212
-1.35861321
0.11801538
0.81800652
0.32632005
1.12464809
-0.98147995
0.59302635
1.48031984
-0.33387970
0.23316326
-0.11765946
0.23122677
0.05540256
2.62103860
0.80297597
-0.26282268
1.72563054
0.31521479
-0.00336189
-2.21969749
-0.64397449
-0.69909910
-0.64966422
0.65536603
-0.85565716
1.69064430
1.24297353
-1.58567503
1.59841802
0.18063636
0.91371890
0.33081071
-1.69205557
-0.19181932
-3.09451060
1.93493769
-1.93508442
1.09164507
-1.12715946
-1.05009633
-0.34034779
-1.18964963
-1.19254290
-1.76789119
-1.22823464
-1.33125252
0.32751797
-0.29578985
-1.94945589
0.72761166
-0.89095611
0.62933398
-1.09507789
0.01958181
-0.73121422
0.08417653
1.28714913
0.15416044
1.19755784
0.83693985
0.70396973
-1.21961013
0.02079748
1.93910410
1.41954668
0.96266200
1.81844911
0.39322107
0.65315728
1.31805017
1.53528919
0.80839369
3.68417213
3.36008843
2.73360614
-0.87807241
2.33806110
-0.56706763
1.27314818
0.92077427
-0.51993637
-2.08658691
-0.75296799
-1.67042489
2.56156091
0.88257906
-0.26450758
-0.76894347
-0.17223584
-1.03786821
-1.00901901
-0.21711756
0.23048023
1.19123133
0.91473622
-1.33422791
-0.10807812
0.42419209
1.18385147
1.16351847
0.92695004
1.32218388
-0.01977199
0.98225667
-0.19941560
1.17302040
0.56550634
0.80223954
0.66451501
-1.34115746
-0.39842296
-0.46719907
-0.35015477
-1.38305778
-0.89559679
-0.42251704
0.13882290
-0.37892335
-0.83854042
-2.10536175
-0.50342531
0.06553522
-0.46242384
1.02278737
-0.87142853
-2.23508035
-0.02261716
2.34617548
-0.83676448
2.53306204
-1.14396832
0.27343641
-1.54062009
-0.03119741
-1.72862074
-2.16800173
-0.92818101
1.05886007
0.98353842
-0.92022793
0.14114337
0.62000622
0.86802397
0.25885317
1.33784248
-3.54077697
-0.71302186
1.81815435
-1.06916824
-0.48155897
2.04626097
-0.66599914
2.02135284
2.04805897
1.00116007
-0.83949977
0.81436274
-0.07663348
0.63254274
1.59843101
1.37075954
0.38163190
0.10123068
0.03558014
1.29033849
0.21492383
-0.83067443
-1.24618028
0.45466327
0.47242092
1.80739642
-0.55787832
1.75308610
0.74873592
0.58443224
-1.46942978
-0.01219024
0.89204516
-0.90233160
-1.35710630
0.18841616
0.93996945
-0.89583447
1.00316832
-0.25303012
-1.23304306
0.50958633
-0.25603884
-1.36268232
-1.70844263
-0.34116740
-1.14820098
0.97367047
-2.78217145
-0.32170447
-1.09775897
-0.11880124
1.13057274
-0.26210094
1.78589591
-0.58703283
-0.42771510
1.69065665
-1.74811583
0.62378062
-0.31152637
0.89471533
-0.53147528
-1.26676889
-0.02396089
-1.69164970
0.46301142
1.02774391
1.14041952
1.37950781
0.87876675
-1.01768369
-0.37588377
0.49834319
-1.23114415
0.11903147
0.18678752
1.85186319
-0.14400991
0.04717924
0.53481574
-1.32944261
1.78256184
0.74810697
-1.41515252
-0.14036648
1.43710624
-0.52667905
0.22280833
1.45360429
1.11105587
-1.06219922
-0.37119377
-0.84425462
-1.19601113
1.81583821
1.26514550
-0.54504865
0.20169791
0.37505770
0.68327630
0.71832397
0.02069117
0.13335448
0.33875119
0.46406053
-0.30143216
1.52723840
-0.51127001
-0.04264216
0.22152966
-1.86642310
-1.42972151
-2.13387629
0.58393371
-0.64304726
0.46401248
-0.78479579
0.77752874
-1.59943525
0.91713387
-0.49596707
0.09708244
-0.50904288
-1.60142156
-0.87654763
1.93580313
1.86365952
-1.75836470
-0.87843813
0.17008026
-1.42181190
-0.24624944
0.91446772
-0.63020765
-0.27735197
-1.51810531
1.11130546
-1.03741377
0.49026833
1.21813485
-1.04539706
-0.14506702
1.22503623
0.00232862
0.85850069
0.85052718
-0.27242807
-0.91973039
-0.21444389
2.56632823
-1.03292356
1.73041793
1.05586597
2.13797663
0.41574616
-1.06607053
0.90900171
0.96246734
-0.49552999
0.02612624
-0.47897390
2.35757110
2.14166633
0.06441109
1.66650540
2.51032268
1.36657030
1.00211872
2.21729938
1.89919165
1.03833133
-1.06410268
-0.91972676
-2.07154996
-1.34093559
0.92644787
0.79589446
0.19517852
-0.77522089
-0.75002929
0.88436565
0.59966024
-1.24312684
-0.12611676
0.19715822
-0.95940997
-1.41647819
0.28512276
-1.12717116
-0.69925901
-1.13303615
0.06022686
0.09486702
1.53328979
1.34508654
0.19687821
-1.76471388
0.76953526
0.82376717
0.49446853
-1.11602692
0.23996184
0.91600090
-0.52984358
-0.33318256
-1.36624115
0.46102688
0.66093734
-0.41195249
0.17967184
-1.11639877
1.02638226
2.41308218
-0.33877375
-1.00917946
0.41457214
0.16567708
2.32036253
-0.80180299
0.91677919
0.44795884
0.47617491
0.45746143
0.11256012
0.45714822
2.28054693
1.75001656
1.96522779
0.74166246
1.12857538
1.59061527
-0.23406775
0.40719441
2.70999861
0.05032762
1.87144461
1.84615784
1.59175015
0.19947476
-0.12113163
0.49983225
0.81451057
-0.02938932
1.00096576
0.34790828
-1.36440576
-1.69893846
-0.19624582
0.01687158
1.18247693
-1.86012610
-1.35010126
0.32126467
0.04587339
-1.00782273
-1.16317506
0.16423939
-0.77654741
0.58519431
