0.23272350
1.80900228
0.45564110
-1.61277726
2.66818518
-1.63654295
-1.66489274
-0.23380733
0.02388260
-0.56984748
-0.95832876
2.58645920
-0.99325900
-1.42690362
-1.83206940
1.19878787
0.72970261
3.78611111
-0.21857842
-3.54744778
-1.15707146
0.02150546
1.22452942
0.70041343
0.94110779
0.44625384
0.36038024
3.15217620
-0.03247966
0.80981303
-3.41283450
-2.98887028
-1.09384254
1.49689833
-0.73640773
-3.04997196
-3.57058987
-1.03016024
1.24351957
3.16392835
0.38794190
0.14848143
0.36343173
-1.37691607
-0.40693699
1.54925988
-0.25386258
-1.00994659
-0.66518475
0.29007644
-0.13344793
-2.05482610
0.52945171
2.69722676
2.85212210
1.68016641
3.08627991
0.09661405
-0.36669152
-0.40055844
-0.66079695
0.46276357
1.09393154
-0.55347717
2.08804011
-0.19982654
-1.68500670
-3.64995231
0.78958026
0.86374407
1.53324811
-1.89530128
1.07342335
2.56188674
0.48141506
-0.47494597
-0.54132410
-0.45039389
-1.76010437
0.15250238
-1.73675792
-0.82136896
1.68590559
-2.31871783
-3.60310599
-0.28714400
1.92228460
1.59754904
0.61894075
0.95679148
-1.62506252
-0.74988286
-1.11422903
-0.15069150
-2.62668353
1.85688055
-1.16470285
-1.32368206
1.69027773
0.26084071
-0.17822816
-2.30752811
-1.93231935
-1.33436663
0.86854077
3.97087244
1.11844640
4.01599715
0.74134202
2.23987031
-2.50843442
0.36975856
-1.37969125
-3.31273157
0.77525516
1.63634461
-1.99552695
1.46843359
0.18061467
2.53483044
-0.42901539
0.10264525
-2.35894437
-3.05665566
1.37579859
2.69371441
-2.88194708
-1.88782210
-0.38795306
1.38014866
-0.87091811
1.54901372
0.48916453
-2.88487736
-1.19972246
0.71339153
-2.40792899
-1.57145809
-2.06674765
0.17694840
-1.02634349
-0.55015733
-0.21205839
-1.80343485
0.40417577
1.30803519
-2.46079246
3.29428363
0.88812478
0.60509856
-1.04393026
1.80465206
-2.75148857
3.53584449
1.30418496
2.24260172
0.13139058
2.41964447
3.10481789
-0.54240662
1.95618910
0.03138415
-1.52249987
-2.23975836
-2.36769601
0.29649348
-0.08072160
-0.59623000
1.45733053
2.58596030
-1.14750265
2.08575613
-2.08447552
-1.25457598
-2.37477053
1.02523010
4.21947790
-0.00033711
-2.06104640
5.23197697
1.11977492
0.37376044
0.68768994
0.46702054
2.79731602
-1.86504743
1.71445052
0.28091812
2.00617123
-3.38037715
-0.43013375
1.75006128
3.35811109
-0.31030961
1.89555783
-3.88446873
1.49646706
4.82332371
0.31283530
4.15530861
1.31324845
-2.89562704
-0.51692851
-1.47065084
-1.42126968
-0.15781535
1.43635533
0.58331300
-0.11844905
2.34270925
-1.01570989
1.56338954
-0.82181875
-0.27634517
1.52985765
-0.03698481
1.98130435
-0.12709835
-0.15845369
1.91196977
3.35712095
1.98659270
0.53192819
1.49936754
-0.63313105
-0.78030983
-0.27109841
2.25662607
1.74426940
-2.61350408
0.31276733
1.26266695
1.52357229
0.39791830
-1.91585970
0.15837730
-2.53259587
-3.27419268
0.50272064
2.16737660
2.58098632
0.47018205
-2.65390879
-1.93970326
0.50357913
0.45741542
1.30805088
-1.17217229
2.12002152
0.84060321
-4.45989936
-1.33920114
-3.13899018
-2.08992252
-1.92400434
3.58593577
0.14295267
0.27989206
0.44175428
0.37782933
-0.48108327
-0.49259525
0.92656277
-0.15854497
-1.44698485
0.97968024
-0.95386965
-0.57218246
-0.09789899
0.96122980
0.37219131
3.35204790
1.60011057
-4.40626483
-2.41000750
1.93328502
-1.45550006
1.69363881
-1.92955443
1.04260133
2.99041112
0.62023950
-0.74702731
-1.81141604
-0.64696645
2.47212471
-0.24587573
1.20303434
2.28288721
-1.68860983
1.75445800
-2.95379280
0.80461806
-1.25667524
-1.76544996
1.65073589
1.96645356
-1.57022116
-0.52246209
-0.54210134
-0.32726493
0.39783375
2.19296437
1.02994563
-1.39818625
-2.26570687
0.20585880
0.43354795
-0.14659204
1.97326362
1.10716200
-0.10218623
-0.45245987
-1.35007375
1.96957915
-0.26534246
0.38436823
4.01528570
-1.29893026
0.42413608
2.85358374
-0.74995093
-1.84147227
0.41203428
0.49936810
1.23495546
-2.43383559
1.72054183
1.23589835
-0.92710929
0.78504613
-1.46038382
0.83695999
2.12552141
2.22608807
-1.01099351
1.67293487
2.37119247
1.96417553
-2.99571898
2.29509425
-1.89068741
-3.97874323
1.45475204
2.52526644
-2.42641789
-0.97783080
-1.48589063
-3.61833355
-0.19784366
-2.03264142
-2.08105333
1.72635573
3.44171978
-2.12187809
-2.05867133
1.17524896
0.42182651
1.30493323
0.05817068
2.47456276
-0.74945315
-0.06174169
0.31316272
1.35358487
-2.56231019
1.13665647
-1.70364262
4.35797169
2.45467017
-0.06953464
-0.92639451
2.81543601
-2.68176507
0.04941935
-0.06329210
1.57695509
-2.64315075
-1.58527151
-0.15299030
-0.96850250
-4.20864666
1.09181216
0.33169905
0.32479199
1.64409931
-0.18128377
-3.53212736
1.14213770
-1.81493059
0.35388479
0.57898339
0.88138872
-0.14985661
1.99381583
-4.12501695
4.19229895
-1.97980419
0.41433836
-1.93459008
0.05920448
0.80189512
0.98386558
1.67982762
-0.86277745
-0.55542620
1.41511765
-0.45181874
-1.35781214
-1.11795378
-1.16662383
0.84366080
-1.11328342
1.45259794
1.15347756
-3.40519648
1.22810615
1.60321096
1.16765191
1.59677308
-2.47502090
-0.99784942
-0.64764206
3.60831093
-1.99307199
-2.59134669
-5.81770034
-3.57371330
-2.76825854
-0.01253373
1.69520613
-0.96291698
-2.91994369
4.47227433
3.75936980
-2.67398374
1.58945218
-2.37851841
0.48770818
0.66293554
2.88524597
1.87276387
-2.22142193
6.03286959
-0.05510466
-0.98641103
0.24270989
-0.76111578
-1.69355358
0.93581298
-1.20802296
-1.16040407
1.74806342
-1.76887626
-0.57364175
-0.96842737
3.34269492
-0.26480643
-2.53351497
-0.43291017
4.32139797
-0.32719046
1.45535341
0.30202800
-3.77036812
-1.64056342
0.40795272
2.16359637
0.72751291
-1.18982042
0.09509441
3.00878030
-2.95172532
-0.78111951
1.97015123
1.35778148
-0.72864899
2.35987118
-2.66111256
-3.97063409
1.07464591
-0.97243218
1.45491565
2.91247318
0.53197007
-1.59360199
1.02455884
-2.34774705
-2.02151565
-0.89195542
-0.10853619
-0.29031725
4.36083571
-0.40581038
1.00739740
-1.41565145
3.19343171
1.34669729
-1.82174068
1.79411129
0.21888662
-0.89036478
-1.35914269
0.22358519
2.46709483
0.14966103
-3.30397774
0.68448645
0.28042851
0.41984055
1.81136050
0.12023261
-0.92936065
0.55737191
2.18141522
-1.39502050
-3.76488849
0.71556160
-0.83804099
-0.96556134
-1.01496735
2.76140186
0.48484946
0.87755515
-1.29135321
0.33673773
-3.34891432
-0.43646314
0.00511430
1.28734763
-1.06812196
1.18164699
-1.82316162
-0.05147697
3.16818719
0.38703408
-3.14499343
-1.34736954
-1.05031801
-1.00165476
1.68230885
1.75851742
-1.85644694
0.36945703
-0.68319859
0.56334407
-1.01036703
0.75866706
-1.36825322
2.43895163
3.02093643
2.91577350
1.89572692
-0.34254086
2.91999488
-1.32190786
-2.36337937
3.44456250
0.41002008
-1.85011982
-0.56348699
1.88563121
-1.59467953
2.36423815
-1.73803065
1.16742044
1.62569100
1.74450846
-1.40388074
1.26738201
3.17513289
1.75348513
-3.27113259
0.37078872
1.28058639
-0.32609270
1.11879747
-0.93606514
3.23698412
-2.83681346
-2.64322124
0.69294381
-0.38232405
-0.29326258
0.28749296
1.68977516
-1.86522537
-0.59559698
-0.79022588
0.28414611
-0.28486837
1.96843408
-0.10403389
1.81605446
-0.37139195
-0.55254869
1.83133670
-2.05449262
-0.61465408
0.12399084
-0.66220124
-0.13266862
2.29900342
2.49071420
2.18839906
-1.21297830
-0.05109488
1.25718630
0.37825757
-0.38829169
-0.88359904
-0.00321030
-3.08968380
1.16478800
-3.19015840
2.69159801
-0.68527069
2.91839269
2.04763592
0.25399145
-1.38756012
0.03412601
-3.48759138
-1.31334721
2.53378120
2.24315775
-0.92214436
-4.57434216
0.91468100
2.90311811
0.74760324
-2.81865243
-4.04709169
-1.03935897
-2.69530338
2.81727067
-2.40527755
1.76834352
-0.58157186
-0.86261344
-2.58422541
-0.03612086
-0.59203546
1.09035299
-4.92399535
-2.29668494
-0.58279581
0.40875780
0.34919262
-3.30269399
1.02730068
-2.78259161
-0.17895556
1.45311167
-0.60496318
-0.90886887
-0.05511802
-0.82435107
-0.82063281
-1.42842063
-0.32301582
0.15299674
-0.73687040
-0.67314462
-0.14908104
-4.47491897
3.27407723
-1.42585816
0.24943086
-0.32602154
-0.33598585
-2.17391222
-1.88840215
-2.06103698
1.27629528
3.44759786
-0.20118880
2.25647488
-3.79200137
-2.08600508
1.08795160
-3.00355802
0.73004872
-2.31685340
-0.49859893
-2.80507986
-0.89637691
-2.82538971
-2.04626187
2.34749449
1.45859922
-0.34937548
1.47652442
-2.53668735
-2.37980336
-1.50813437
4.15806301
5.87488870
-1.52361333
-1.21575364
1.28551802
-1.26627511
0.16374115
-2.25930357
-1.69081046
-1.98175465
-0.45984449
-1.70609565
-2.36915378
4.79667399
-3.60092128
0.13350159
-3.34026124
-1.86331403
2.22276027
-1.34184747
0.66856900
-1.44148682
-2.98376354
0.12729631
1.50861506
1.26730877
-1.01219514
-1.15646969
-4.37146787
1.33499172
2.40097343
1.64419848
0.49384610
-0.72865165
-0.51352191
1.92495161
-1.57904981
-0.24377650
2.55798026
1.46634193
-1.83538272
-1.48773078
0.42300248
-0.50097708
-0.12730427
1.35812556
-0.68845977
0.75477563
3.77565846
-1.01760489
-1.17927489
-0.95967450
2.31148513
3.84878789
-0.46485644
1.85931408
-1.55883424
-0.91785499
1.17945701
-0.49498654
0.27098944
3.06042223
0.10334651
-0.97548790
-0.00233074
-0.71804673
0.10573639
0.61692847
1.33812291
0.67046207
-0.33356906
0.11920190
-2.09273378
0.24737418
-2.23224514
-0.95629731
-1.67849018
-0.01072198
-0.37587884
-2.05443459
0.65789622
0.16347461
2.35602746
-1.58066420
-1.52657241
2.02381436
2.80380895
-1.75946248
-0.48371033
3.49097358
-2.35217072
-1.19499208
-0.94772948
0.73257607
-1.79419865
-1.74693980
-0.03312551
-3.77013381
-1.86258944
2.06656451
0.91413849
-0.65550619
-0.53509067
-0.20284359
-0.81235297
0.96672569
-1.76376458
-2.09154861
0.12893846
-0.97874697
-1.46465959
2.39211588
0.95388114
2.00177197
-1.15797371
-0.14208232
-1.83398800
2.02783804
1.15327858
-1.33059731
0.10166248
-1.31887205
-0.72740671
-2.18115153
1.36449237
-0.57242712
-1.72036205
-1.46789190
-1.47172108
-0.96439131
-0.54839953
-0.11501905
0.22185788
-1.81116169
-3.13575391
1.88570931
-1.13038965
-1.83486611
-2.29085961
2.56877762
-0.55635354
-0.67817660
-0.81405288
0.68199470
0.70213635
2.47497581
-2.48695939
-1.55592098
0.12980963
2.39796735
1.27299746
-0.72752849
2.05907555
-0.73844946
-0.81694479
1.83847400
-0.18722010
0.33366207
-4.32260068
1.18012095
-0.47489646
1.32530070
2.01155146
-2.78631198
0.52965612
0.35379910
-0.75918337
1.78999684
-0.44463420
1.61468016
0.13594901
0.10230319
2.95449350
3.40871573
2.08836951
-1.31997217
-1.99079670
-1.26382172
-1.21491280
0.81551214
-2.02703210
1.26679450
0.49915105
0.52445348
0.60759773
-2.23033795
0.13266250
0.72217976
0.99021429
0.84401730
0.34757199
-1.83645577
0.36813538
0.21555344
0.30099053
-2.45215517
0.13571183
-0.28364580
-4.56343434
-2.82654149
0.16614752
1.99027356
0.98864130
-2.15357110
-3.28092700
-0.31433736
2.28430032
2.32931934
-1.03326902
5.08605082
-0.09876524
2.70380410
0.72787585
1.91949038
-0.57434375
2.07374688
-0.31480520
-0.94155527
0.49526700
5.01217537
0.59463502
1.11590224
0.32254265
1.78923035
1.46880357
2.72722243
1.08273157
-1.03047048
1.64358401
0.60889195
-0.57914362
-0.04984476
2.03196004
-0.94681934
-0.50801379
1.95181594
1.65335187
-0.61271159
-3.97124444
-2.94584669
0.55829276
0.99284816
0.08941086
-1.99517204
-0.12645070
-1.30500594
0.48569308
-0.41824027
1.79764131
-0.20045276
0.74261364
-0.87743570
0.31717319
1.32681210
-3.91607008
-4.11039003
-0.40730414
-1.67505610
2.32339624
-0.76570826
-0.46148666
2.44315202
0.86280184
-0.61321100
-1.40573209
-1.04796948
1.24378067
3.38339114
0.60033557
0.61440469
2.05972770
-0.76048180
0.22780300
-0.21491154
0.99831903
-1.08999042
-1.38067758
-3.32139872
0.78513723
-4.75062660
0.34760632
-0.04934273
0.96484093
1.14528524
3.46246152
-1.04447359
-0.20115902
2.11552082
0.43002229
0.91209536
0.86273383
1.35422201
3.97019420
2.35772617
-2.49676740
-1.04264486
-2.23178184
-0.00092255
-1.28839676
-0.08190313
1.99706302
4.72407359
2.79042467
4.27934461
3.39014350
1.59292352
2.12542352
-0.20875473
4.99960035
1.53110995
2.72193424
-3.40454712
-1.58158680
1.78091270
-0.47083773
-0.73354977
1.97816630
0.89682603
2.36988268
-3.79205415
0.42239597
2.77796154
-1.67341359
0.46624785
-0.43498150
0.71633267
1.12046169
0.00444932
-5.28611897
2.20772561
-0.35062130
1.87151753
4.20923115
1.00516448
-2.42374956
3.75364341
3.73748558
2.78506069
-1.97966665
0.32948711
1.83851387
0.58016713
1.96880822
-3.02008042
-0.27454078
1.46224488
-0.18820682
1.12666374
-2.45223403
1.37338191
3.46401788
1.29546878
-0.20779951
1.05944780
-0.33831843
-1.48741808
2.36481939
1.82444838
-1.42378277
-0.70945051
-1.08853772
2.04545893
2.46155259
-1.77646908
1.67346839
-0.85968015
0.65950839
-1.68388286
0.83406387
0.07519943
-1.84637009
0.52290017
2.13901290
-1.55346769
0.12309165
-0.79978961
0.58051018
0.07805938
-0.33625492
1.12817966
0.29434310
-1.95266234
-1.76978916
-0.13259799
1.09798189
-2.45465639
2.80384933
1.89755359
-0.71075793
2.09816271
0.53525886
0.30497348
1.77097957
3.25975089
-0.42329824
-0.39631190
1.99449907
-3.27836629
-0.59420103
0.84026150
-1.11888795
2.66898541
1.24744949
1.34989601
0.23313854
-1.93642864
-0.83207768
1.17500749
0.92397532
0.50375857
-1.82135261
-4.66264279
0.30483529
2.57424362
1.65934391
-1.82584020
-0.56942782
-2.34223627
-3.58352198
1.21441186
-1.82014326
1.60848094
0.86613639
-0.15131978
-1.96152173
0.69129839
-3.09020125
3.01571016
0.36639846
-2.56678835
0.49150924
-0.91150204
2.83228567
2.60650192
1.42380093
2.73853559
-2.03099861
1.34580016
-0.84265988
3.19490957
-0.14322824
-1.14087097
-0.84252696
0.36018838
0.99685899
1.51581261
0.83605468
0.65198564
1.33168393
-0.49832155
2.17526565
0.98732467
-1.06096046
-1.30220609
0.25527634
-0.99531863
-2.82776727
-0.62263742
-2.29888134
1.41692844
1.21805979
4.32213471
0.18005063
-2.37260148
-2.42317665
-0.20436169
2.60546720
-0.60881395
1.94256670
-0.68489720
3.41567267
-2.34844947
1.99715853
-3.58274787
-1.25901896
2.53078300
-0.02048161
0.47601047
-1.07896182
-1.05667006
-2.03277483
1.46563525
1.61626525
0.77914304
-0.15314592
0.71033443
4.05111520
0.19008640
-0.26576599
-0.03612769
-0.41869136
-0.46520970
-4.10238499
3.18496677
0.18110958
1.12867287
0.08266096
-2.60098379
0.11834777
-0.37429040
-2.95725646
-0.91076626
-0.65816696
-2.43730555
-2.57214819
-1.95030362
0.60100308
-0.12196387
-0.68509687
-1.36919043
0.50787307
-1.44817032
0.48574664
-2.58998079
0.22349623
1.30179526
-1.02802082
0.39075241
1.66210319
4.23561177
-1.18674188
-2.14801750
0.89966755
-0.14000244
-0.22208498
-0.49220505
-2.21491811
0.34826356
-1.69760075
1.57501547
0.04583168
2.58443846
-2.43762726
2.09821424
-1.08663054
2.32522289
-1.90278837
-1.97735638
-1.61235608
0.07040618
1.39186920
-2.54632759
2.68444578
-1.06150006
1.29075006
-2.81838891
-2.98560426
-0.98606650
1.33406801
-0.17597072
-0.99408532
0.06421150
0.02723492
-2.25324337
0.46669068
-1.54108130
-2.10045949
-2.35181128
-0.80393283
1.70305471
-2.07828438
2.02065429
0.27195464
0.45043550
-1.26826567
1.03971282
-5.52006579
1.46644343
-0.44565350
-1.75386317
-0.17713947
3.94962068
2.16792401
1.96920981
1.82054031
-2.15188549
2.35288806
-0.69077069
1.16513304
-0.73222567
0.69168842
1.65711118
-1.66206306
-1.74912792
2.06806379
-2.19747996
0.65243946
-0.91855427
1.29389243
0.35470055
-1.59233218
-0.56610152
0.39645877
-2.01377142
-0.41222658
1.03027715
-0.39859824
-0.66889252
0.56198924
0.99043497
1.52531423
0.11691715
-3.71189241
-1.62549012
0.03401142
1.22317776
-2.46455048
0.50021713
2.54726443
1.37286406
-1.85702170
3.73604431
-0.02331866
0.32783853
2.89188426
1.90341352
1.86215424
0.01948542
-1.65465466
-4.02296954
2.14400926
-0.65084740
0.40347806
-1.34795617
2.28884828
-0.24108512
0.84350319
-0.16432660
0.00770144
-0.00995365
-2.37444912
-1.27778062
2.78625123
-4.49811261
0.35872658
2.37277965
-0.65726840
0.20049538
-0.67731787
1.42476907
-3.40654146
0.31263957
0.22388541
0.33759844
-0.69641777
0.83005753
2.63117474
-1.54066098
-0.28101746
-2.00051657
-1.35082452
0.41042081
0.09981100
2.59578010
0.52303517
2.20716046
-2.33846670
-2.79013928
-2.79599442
-0.96488422
-0.85775852
-1.66444009
-0.15471368
-0.57880304
0.87355548
1.12249217
-0.19753321
-1.44033240
1.22539956
1.23185798
-1.25049809
-1.11564009
1.17478054
1.02205589
1.39627184
0.54370101
-1.41879226
-1.89912274
-1.68515672
3.02911408
1.72265182
2.57024260
-1.50379584
-1.27500121
-0.84803446
0.56835930
-1.43237941
0.75966869
0.47149016
-0.33752084
-1.56985249
-0.38261226
0.28455948
0.91442243
1.83425463
2.44069511
1.29964320
1.23608151
-1.54865217
-0.39933954
-1.15660245
-1.19013627
1.10885072
-1.06527194
-4.12722372
-0.65552783
-1.28943936
-2.99298786
0.95200733
0.48499135
-2.83169090
2.32770378
-0.27433596
2.40283420
-1.49183715
0.59725785
1.47980069
-0.10752825
0.96160519
-0.11480105
-0.83950498
-0.61779545
0.51019670
-2.70859899
0.82340173
-3.77950523
-0.63571173
0.19510094
-0.69167485
-0.89346890
-1.62474808
1.23976146
0.21898961
1.74792243
-5.34354227
-1.81475176
-0.45491965
-0.48232717
0.22760110
1.08354630
-2.95426020
1.51246425
3.01181307
-1.04124514
-0.99768952
-1.39910259
1.87597859
0.16996149
-0.96112445
-2.90885446
-0.45807474
0.31970194
1.98705535
-2.93447405
1.37989158
-0.60627811
2.17671419
-1.53774615
-1.36252442
-0.80771551
1.06816317
-3.41006992
-1.99123176
-0.70216015
-3.76023494
0.31542046
-1.14581378
-0.18737184
-1.39653482
-5.09240260
-1.60234932
1.39905505
2.27203711
-0.67818119
-1.87527285
0.74815915
-0.12201432
-2.62755986
2.19464942
-0.62784757
-2.66789433
-0.51051344
0.77496795
4.73494813
-1.04544786
-0.38922130
-2.02887060
-0.88426944
-1.36490659
-0.44968254
-1.05814315
2.67286905
0.45668339
0.92691091
1.14467113
0.48750461
-1.28013167
-1.03860789
-0.22205508
2.33994841
-0.15458284
1.16563757
-0.11244060
-1.09020716
-1.45832788
1.47970248
0.78858579
1.75908885
0.63913065
-0.73413863
-2.79032126
-0.02183922
-1.22667370
-0.47579008
1.16368050
-2.37172948
-0.70665816
-1.45839212
0.27865998
-0.44544776
0.78690597
0.92922934
2.43973301
-2.84448968
-0.05775529
1.75259128
2.12242226
5.42332959
-0.31882951
1.00038585
0.47382984
0.66697983
0.54969345
1.80462087
1.56975954
-0.26130485
0.84299178
0.06534531
0.53563658
-3.11271820
-2.35338967
2.61812130
-0.87422036
-1.16963757
1.12551393
0.04060861
-1.51815261
0.81085452
2.84698002
2.22396373
3.30330759
0.12988209
3.60728682
-0.26636502
-1.82492533
-1.85583873
-0.32388643
2.80879738
-0.68857813
-1.01756584
1.06296771
-0.49471590
-0.16162844
-0.35237793
2.89894855
-1.93098413
0.51558267
-0.41387237
0.06936242
1.55062253
4.69074026
0.51496840
-2.07674917
-1.16214674
-3.67066257
-0.25733510
-0.50542305
1.67941861
-0.39213059
-1.28865597
1.19949732
-1.43299740
0.30562854
-0.59308590
1.88610623
2.45551674
-1.11673786
0.46643591
5.04245969
0.68251722
-0.39280510
-0.69088443
-3.93252896
0.21008464
0.31207570
1.82831308
1.22165247
-0.19229805
2.27882577
-0.84368041
-0.18951461
1.23678971
-1.36533351
-1.36615139
-3.08145553
1.67264185
0.95727868
1.14853862
1.18549763
0.51839282
-3.12146207
-0.88341843
1.61543897
-1.62074484
-2.36052564
-0.51946385
1.47012454
-1.43724790
-0.99260928
-1.43019740
-0.43992835
1.13996218
0.60724227
1.03117220
-0.73779971
-2.20870022
1.21404618
0.10985270
-4.53674590
-0.57222177
1.85022353
-0.82073884
1.95899859
-0.09561496
2.24322034
-2.60603791
-3.61800853
-1.91989347
-0.15543596
-2.33434860
0.00632333
-0.97714163
-2.07033112
-1.27643762
2.83752199
-2.05346498
-2.02438534
1.20418810
-1.29312678
1.36963654
3.67359392
1.96919071
2.69397303
-1.56920715
-0.43476042
0.98145135
-0.26697287
3.83918492
-1.65134073
-1.24205014
-0.59398184
-0.94642148
0.46095169
2.64113564
2.58069089
-0.82311821
2.21214953
0.38383341
0.28540283
-2.92376295
-0.45886802
1.67364901
2.23266214
0.00919312
1.13872018
0.76140432
3.94761403
0.10227097
0.47724363
2.43991399
-3.13697399
2.11693310
-1.29976709
2.30766653
0.55640857
-0.54234305
-0.33941298
-0.23304561
0.11097340
0.38554567
-0.69410652
-1.56347640
-1.14158492
-3.12261260
1.81650131
-1.35685095
-0.34580930
2.71176869
-1.29682136
-0.77929520
0.26036403
-1.03673524
1.13551515
-1.54914711
-2.34725953
2.92885069
-3.18170344
-1.99670629
2.34859332
0.07802829
3.79249723
-0.13041797
1.67292116
-0.71130950
-0.72611118
-0.61064837
-1.38754107
0.30620941
-2.34612500
1.77645269
2.39624480
0.23086259
-2.00962233
-0.65609531
0.42055311
0.26829546
1.11897526
-0.12187005
1.37650251
0.13003478
0.07597742
0.68047341
-1.30196856
0.03769195
2.53978810
-0.28705066
0.08063634
1.84214304
0.28998323
-1.18174323
3.19278522
2.60942771
-1.57647793
0.93664987
-3.74054510
0.00117452
-0.72119946
-0.85724729
-2.17767804
-0.30877968
-1.06578155
1.37793383
1.86460045
3.13448974
0.69007934
-0.32096863
-0.69325382
-1.06189739
1.27515472
-0.01000618
-0.57739398
-4.95277582
0.47251598
0.10170041
-1.38420000
2.97729825
-0.90613074
0.32936951
3.01665266
-2.03756090
-1.57978638
2.04489947
-0.98069218
-0.11709355
0.06162109
-0.90834461
1.99825391
0.62250168
-0.65784594
2.69424852
-2.35409145
3.10799311
-0.38590920
2.38137535
0.70064661
1.34584451
-1.52971445
1.02895821
-0.19296738
1.31656151
-1.51455661
-2.75401089
2.85511924
-2.86476996
-0.37038756
1.73758051
-1.35263709
2.35000232
1.39612575
2.62356367
1.31892876
1.40874156
0.93706754
-0.15054176
-1.99811306
0.67779434
1.03867740
-0.00134339
0.46900971
1.04206444
-2.34574512
2.46661740
1.66278474
-1.87071353
-0.71327355
0.30003243
-0.22220561
-0.15142441
0.29934972
-2.16036263
-1.01880719
-2.89564741
-3.14012793
1.64919895
-0.72091052
-1.93715197
1.73970165
2.79325870
-1.08440324
1.05767596
1.96818556
1.59892805
4.16039418
1.99135735
-2.89647166
-1.47519270
-0.15663769
-2.55133346
-0.98245844
0.31064952
-2.77590810
2.67174582
2.04971661
-0.62883885
1.95621747
-0.75843872
1.08294246
0.15762941
-3.16748571
2.09514586
0.52042974
-0.22820225
-1.72315381
-1.05018592
2.22900497
-0.39065728
-4.44219344
2.52677087
-0.77679171
-0.30094294
1.73707959
1.11047919
0.64092826
1.06772609
-2.28679505
-2.00913155
-0.32739302
-2.29047470
-0.51414925
2.58625828
-0.35423666
-1.50037908
-0.39537891
0.39414921
-0.36227329
-0.96492300
-0.93447765
-0.14708509
-0.64964502
2.78176410
-3.46340502
-1.74634502
2.24246859
0.02627157
-0.74982614
-0.74747793
0.51336518
5.90136175
1.11345315
1.77349586
1.65342330
1.90224181
1.51616672
1.84691684
-1.11322480
-0.86441826
-1.75485748
1.20495151
1.64294184
1.14767349
-0.41389149
-1.38180809
-2.35667152
-3.12973990
0.30072882
-2.67796531
-2.50077432
0.18758561
-0.34551513
-2.86709205
-2.53392119
2.00296679
2.41211427
0.91364488
2.87337228
0.42559094
-0.71015812
0.01275208
0.30466509
0.90314081
-0.01302342
0.01496837
-0.34789594
0.38408055
-2.05174484
-2.19117385
-1.97655409
0.09570161
-0.23221994
1.36034229
0.86299161
-0.88236695
-0.71269852
-0.69637485
0.46938851
-1.46870519
3.07614198
-0.22052292
-1.72770666
1.25846545
-2.12176389
0.17324185
1.69293030
-2.46603986
2.70709911
-2.69115485
-0.43582051
-0.37122268
0.46063452
0.34798861
-1.25282186
-0.24770577
0.04398965
-1.40157406
0.55363978
2.07661229
-2.42537549
0.57736868
3.70527270
-1.17730822
-1.87596429
-0.29571258
-0.50567551
-0.82012318
-1.17565038
-1.43189318
1.06400029
0.14848648
0.09974309
0.66430341
0.45493537
0.31446969
-1.15731727
1.59014230
-0.11173284
1.49938028
2.93411935
3.26784127
-1.69378829
0.67142186
-1.18760285
-0.94634243
1.57372719
-1.29399994
-0.24286546
1.52510701
3.90097411
0.38303522
0.18090600
-0.25971828
-0.35511154
0.59023441
-0.03703371
0.23137588
1.04006281
-1.40665979
-1.40563687
1.88335648
1.74678834
1.78384387
0.36713425
-3.63836622
-0.41058243
-0.91961628
-0.16816325
